3.375,-1.15,0.0,0.0,0.0,-1.0
5.125,-1.25,0.0,0.0,0.0,-1.0
3.375,-1.25,0.0,0.0,0.0,-1.0
5.125,-1.26904,-0.09560491,0.0,0.9807408,-0.1953136
3.375,-1.25,0.0,0.0,0.9807408,-0.1953136
5.125,-1.25,0.0,0.0,0.9807408,-0.1953136
3.375,-1.171109,-0.1196234,1.0,0.0,0.0
3.375,-1.15,0.0,1.0,0.0,0.0
3.375,-1.25,0.0,1.0,0.0,0.0
3.375,-1.269055,-0.09566038,-2.648078e-06,0.9807316,-0.1953602
3.375,-1.25,0.0,-2.648078e-06,0.9807316,-0.1953602
5.125,-1.26904,-0.09560491,-2.648078e-06,0.9807316,-0.1953602
3.375,-1.231958,-0.2250159,1.0,0.0,0.0
3.375,-1.25,0.0,1.0,0.0,0.0
3.375,-1.269055,-0.09566038,1.0,0.0,0.0
3.375,-1.231958,-0.2250159,1.0,0.0,0.0
3.375,-1.171109,-0.1196234,1.0,0.0,0.0
3.375,-1.25,0.0,1.0,0.0,0.0
0.0,0.0,0.0,0.0,0.0,-1.0
5.125,0.0,0.0,0.0,0.0,-1.0
5.125,-1.25,0.0,0.0,0.0,-1.0
5.125,-5.70607,0.1,1.0,0.0,0.0
5.125,-1.25,0.0,1.0,0.0,0.0
5.125,0.0,0.0,1.0,0.0,0.0
2.92829,-0.875,0.0,0.0,0.0,-1.0
0.0,0.0,0.0,0.0,0.0,-1.0
5.125,-1.25,0.0,0.0,0.0,-1.0
3.225,-1.125,0.0,0.0,0.0,-1.0
2.92829,-0.875,0.0,0.0,0.0,-1.0
5.125,-1.25,0.0,0.0,0.0,-1.0
3.375,-1.15,0.0,0.0,0.0,-1.0
3.225,-1.125,0.0,0.0,0.0,-1.0
5.125,-1.25,0.0,0.0,0.0,-1.0
5.125,-5.70607,0.1,1.0,0.0,0.0
5.125,-1.75,0.0,1.0,0.0,0.0
5.125,-1.25,0.0,1.0,0.0,0.0
5.125,-1.26904,-0.09560491,1.0,0.0,0.0
5.125,-1.25,0.0,1.0,0.0,0.0
5.125,-1.75,0.0,1.0,0.0,0.0
5.125,0.0,0.1,0.0,1.0,0.0
5.125,0.0,0.0,0.0,1.0,0.0
0.0,0.0,0.0,0.0,1.0,0.0
5.125,-5.70607,0.1,1.0,0.0,0.0
5.125,0.0,0.0,1.0,0.0,0.0
5.125,0.0,0.1,1.0,0.0,0.0
1.875,-1.25,0.0,0.0,0.0,-1.0
0.0,-1.25,0.0,0.0,0.0,-1.0
0.0,0.0,0.0,0.0,0.0,-1.0
0.0,0.0,0.1,-1.0,0.0,0.0
0.0,0.0,0.0,-1.0,0.0,0.0
0.0,-1.25,0.0,-1.0,0.0,0.0
1.875,-1.15,0.0,0.0,0.0,-1.0
1.875,-1.25,0.0,0.0,0.0,-1.0
0.0,0.0,0.0,0.0,0.0,-1.0
2.025,-1.15,0.0,0.0,0.0,-1.0
1.875,-1.15,0.0,0.0,0.0,-1.0
0.0,0.0,0.0,0.0,0.0,-1.0
2.025,-1.125,0.0,0.0,0.0,-1.0
2.025,-1.15,0.0,0.0,0.0,-1.0
0.0,0.0,0.0,0.0,0.0,-1.0
2.32171,-0.875,0.0,0.0,0.0,-1.0
2.025,-1.125,0.0,0.0,0.0,-1.0
0.0,0.0,0.0,0.0,0.0,-1.0
2.92829,-0.875,0.0,0.0,0.0,-1.0
2.32171,-0.875,0.0,0.0,0.0,-1.0
0.0,0.0,0.0,0.0,0.0,-1.0
5.125,0.0,0.1,0.0,1.0,0.0
0.0,0.0,0.0,0.0,1.0,0.0
0.0,0.0,0.1,0.0,1.0,0.0
1.875,-1.269055,-0.09566038,0.0,0.9807316,-0.1953602
0.0,-1.25,0.0,0.0,0.9807316,-0.1953602
1.875,-1.25,0.0,0.0,0.9807316,-0.1953602
0.0,0.0,0.1,-1.0,0.0,0.0
0.0,-1.25,0.0,-1.0,0.0,0.0
0.0,-1.75,0.0,-1.0,0.0,0.0
0.0,-1.73096,-0.09560491,-1.0,0.0,0.0
0.0,-1.75,0.0,-1.0,0.0,0.0
0.0,-1.25,0.0,-1.0,0.0,0.0
0.0,-1.676697,-0.176826,-1.0,0.0,0.0
0.0,-1.73096,-0.09560491,-1.0,0.0,0.0
0.0,-1.25,0.0,-1.0,0.0,0.0
0.0,-1.595742,-0.2309325,-1.0,0.0,0.0
0.0,-1.676697,-0.176826,-1.0,0.0,0.0
0.0,-1.25,0.0,-1.0,0.0,0.0
0.0,-1.5,-0.2499613,-1.0,0.0,0.0
0.0,-1.595742,-0.2309325,-1.0,0.0,0.0
0.0,-1.25,0.0,-1.0,0.0,0.0
0.0,-1.404258,-0.2309325,-1.0,0.0,0.0
0.0,-1.5,-0.2499613,-1.0,0.0,0.0
0.0,-1.25,0.0,-1.0,0.0,0.0
0.0,-1.323303,-0.176826,-1.0,0.0,0.0
0.0,-1.404258,-0.2309325,-1.0,0.0,0.0
0.0,-1.25,0.0,-1.0,0.0,0.0
0.0,-1.26904,-0.09560491,-1.0,0.0,0.0
0.0,-1.323303,-0.176826,-1.0,0.0,0.0
0.0,-1.25,0.0,-1.0,0.0,0.0
1.875,-1.269055,-0.09566038,2.472997e-06,0.9807408,-0.1953136
0.0,-1.26904,-0.09560491,2.472997e-06,0.9807408,-0.1953136
0.0,-1.25,0.0,2.472997e-06,0.9807408,-0.1953136
1.875,-1.231958,-0.2250159,-1.0,0.0,0.0
1.875,-1.25,0.0,-1.0,0.0,0.0
1.875,-1.15,0.0,-1.0,0.0,0.0
1.875,-1.231958,-0.2250159,-1.0,0.0,0.0
1.875,-1.269055,-0.09566038,-1.0,0.0,0.0
1.875,-1.25,0.0,-1.0,0.0,0.0
2.035147,-1.167719,-0.1098808,0.0,0.9872463,-0.1592006
1.875,-1.15,0.0,0.0,0.9872463,-0.1592006
2.025,-1.15,0.0,0.0,0.9872463,-0.1592006
1.875,-1.171109,-0.1196234,-0.01027515,0.9847325,-0.1737709
1.875,-1.15,0.0,-0.01027515,0.9847325,-0.1737709
2.035147,-1.167719,-0.1098808,-0.01027515,0.9847325,-0.1737709
1.875,-1.171109,-0.1196234,-1.0,0.0,0.0
1.875,-1.231958,-0.2250159,-1.0,0.0,0.0
1.875,-1.15,0.0,-1.0,0.0,0.0
2.034115,-1.125,-0.1041889,-0.9961947,0.0,-0.08715574
2.025,-1.15,0.0,-0.9961947,0.0,-0.08715574
2.025,-1.125,0.0,-0.9961947,0.0,-0.08715574
2.035147,-1.167719,-0.1098808,-0.9958668,-0.01206238,-0.09002141
2.025,-1.15,0.0,-0.9958668,-0.01206238,-0.09002141
2.034115,-1.125,-0.1041889,-0.9958668,-0.01206238,-0.09002141
2.327537,-0.875,-0.05916902,-0.6430521,0.7631989,-0.06333511
2.025,-1.125,0.0,-0.6430521,0.7631989,-0.06333511
2.32171,-0.875,0.0,-0.6430521,0.7631989,-0.06333511
2.034115,-1.125,-0.1041889,-0.6425022,0.7642193,-0.05621166
2.025,-1.125,0.0,-0.6425022,0.7642193,-0.05621166
2.327537,-0.875,-0.05916902,-0.6425022,0.7642193,-0.05621166
2.327537,-0.875,-0.05916902,0.0,1.0,0.0
2.32171,-0.875,0.0,0.0,1.0,0.0
2.92829,-0.875,0.0,0.0,1.0,0.0
3.215885,-1.125,-0.1041889,0.6433244,0.763522,-0.05628359
2.92829,-0.875,0.0,0.6433244,0.763522,-0.05628359
3.225,-1.125,0.0,0.6433244,0.763522,-0.05628359
2.344827,-0.875,-0.1160515,0.0,1.0,0.0
2.327537,-0.875,-0.05916902,0.0,1.0,0.0
2.92829,-0.875,0.0,0.0,1.0,0.0
2.372823,-0.875,-0.1684991,0.0,1.0,0.0
2.344827,-0.875,-0.1160515,0.0,1.0,0.0
2.92829,-0.875,0.0,0.0,1.0,0.0
2.410541,-0.875,-0.2144587,0.0,1.0,0.0
2.372823,-0.875,-0.1684991,0.0,1.0,0.0
2.92829,-0.875,0.0,0.0,1.0,0.0
2.456501,-0.875,-0.2521768,0.0,1.0,0.0
2.410541,-0.875,-0.2144587,0.0,1.0,0.0
2.92829,-0.875,0.0,0.0,1.0,0.0
2.508948,-0.875,-0.2801731,0.0,1.0,0.0
2.456501,-0.875,-0.2521768,0.0,1.0,0.0
2.92829,-0.875,0.0,0.0,1.0,0.0
2.565831,-0.875,-0.2974628,0.0,1.0,0.0
2.508948,-0.875,-0.2801731,0.0,1.0,0.0
2.92829,-0.875,0.0,0.0,1.0,0.0
2.625,-0.875,-0.3032904,0.0,1.0,0.0
2.565831,-0.875,-0.2974628,0.0,1.0,0.0
2.92829,-0.875,0.0,0.0,1.0,0.0
2.684169,-0.875,-0.2974628,0.0,1.0,0.0
2.625,-0.875,-0.3032904,0.0,1.0,0.0
2.92829,-0.875,0.0,0.0,1.0,0.0
2.741052,-0.875,-0.2801731,0.0,1.0,0.0
2.684169,-0.875,-0.2974628,0.0,1.0,0.0
2.92829,-0.875,0.0,0.0,1.0,0.0
2.793499,-0.875,-0.2521768,0.0,1.0,0.0
2.741052,-0.875,-0.2801731,0.0,1.0,0.0
2.92829,-0.875,0.0,0.0,1.0,0.0
2.839459,-0.875,-0.2144587,0.0,1.0,0.0
2.793499,-0.875,-0.2521768,0.0,1.0,0.0
2.92829,-0.875,0.0,0.0,1.0,0.0
2.877177,-0.875,-0.1684991,0.0,1.0,0.0
2.839459,-0.875,-0.2144587,0.0,1.0,0.0
2.92829,-0.875,0.0,0.0,1.0,0.0
2.905173,-0.875,-0.1160515,0.0,1.0,0.0
2.877177,-0.875,-0.1684991,0.0,1.0,0.0
2.92829,-0.875,0.0,0.0,1.0,0.0
2.922463,-0.875,-0.05916902,0.0,1.0,0.0
2.905173,-0.875,-0.1160515,0.0,1.0,0.0
2.92829,-0.875,0.0,0.0,1.0,0.0
3.215885,-1.125,-0.1041889,0.6416071,0.7644259,-0.06319278
2.922463,-0.875,-0.05916902,0.6416071,0.7644259,-0.06319278
2.92829,-0.875,0.0,0.6416071,0.7644259,-0.06319278
3.375,-1.15,0.0,0.0,0.0,-1.0
3.225,-1.15,0.0,0.0,0.0,-1.0
3.225,-1.125,0.0,0.0,0.0,-1.0
3.214836,-1.167749,-0.1099701,0.995756,0.0,-0.09203237
3.225,-1.125,0.0,0.995756,0.0,-0.09203237
3.225,-1.15,0.0,0.995756,0.0,-0.09203237
3.214836,-1.167749,-0.1099701,0.996115,-0.01264832,-0.08714877
3.215885,-1.125,-0.1041889,0.996115,-0.01264832,-0.08714877
3.225,-1.125,0.0,0.996115,-0.01264832,-0.08714877
3.375,-1.171109,-0.1196234,0.0,0.9847845,-0.17378
3.225,-1.15,0.0,0.0,0.9847845,-0.17378
3.375,-1.15,0.0,0.0,0.9847845,-0.17378
3.375,-1.171109,-0.1196234,0.01104761,0.9870035,-0.1603186
3.214836,-1.167749,-0.1099701,0.01104761,0.9870035,-0.1603186
3.225,-1.15,0.0,0.01104761,0.9870035,-0.1603186
5.125,-5.70607,0.0,0.0,0.0,-1.0
2.923514,-2.423061,0.0,0.0,0.0,-1.0
2.924354,-2.125,0.0,0.0,0.0,-1.0
2.923654,-2.125,-0.02047093,0.9994106,-0.002818622,-0.03421169
2.924354,-2.125,0.0,0.9994106,-0.002818622,-0.03421169
2.923514,-2.423061,0.0,0.9994106,-0.002818622,-0.03421169
2.92829,-2.125,0.0,0.0,0.0,-1.0
5.125,-5.70607,0.0,0.0,0.0,-1.0
2.924354,-2.125,0.0,0.0,0.0,-1.0
2.923654,-2.125,-0.02047093,0.0,-1.0,0.0
2.92829,-2.125,0.0,0.0,-1.0,0.0
2.924354,-2.125,0.0,0.0,-1.0,0.0
5.125,-5.70607,0.0,0.0,0.0,-1.0
2.921249,-2.699161,0.0,0.0,0.0,-1.0
2.923514,-2.423061,0.0,0.0,0.0,-1.0
2.921552,-2.125,-0.04086594,0.994204,-0.008153867,-0.1072007
2.923514,-2.423061,0.0,0.994204,-0.008153867,-0.1072007
2.921249,-2.699161,0.0,0.994204,-0.008153867,-0.1072007
2.923654,-2.125,-0.02047093,0.9947041,-0.007506875,-0.1025058
2.923514,-2.423061,0.0,0.9947041,-0.007506875,-0.1025058
2.921552,-2.125,-0.04086594,0.9947041,-0.007506875,-0.1025058
5.125,-5.70607,0.0,0.0,0.0,-1.0
2.917836,-2.955033,0.0,0.0,0.0,-1.0
2.921249,-2.699161,0.0,0.0,0.0,-1.0
2.918055,-2.125,-0.06108894,0.9844941,-0.01313409,-0.1749251
2.921249,-2.699161,0.0,0.9844941,-0.01313409,-0.1749251
2.917836,-2.955033,0.0,0.9844941,-0.01313409,-0.1749251
2.921552,-2.125,-0.04086594,0.9852977,-0.0126458,-0.1703778
2.921249,-2.699161,0.0,0.9852977,-0.0126458,-0.1703778
2.918055,-2.125,-0.06108894,0.9852977,-0.0126458,-0.1703778
5.125,-5.70607,0.0,0.0,0.0,-1.0
2.913501,-3.192292,0.0,0.0,0.0,-1.0
2.917836,-2.955033,0.0,0.0,0.0,-1.0
2.918055,-2.125,-0.06108894,0.9712044,-0.01774232,-0.2375861
2.917836,-2.955033,0.0,0.9712044,-0.01774232,-0.2375861
2.913501,-3.192292,0.0,0.9712044,-0.01774232,-0.2375861
5.125,-5.70607,0.0,0.0,0.0,-1.0
2.908428,-3.412388,0.0,0.0,0.0,-1.0
2.913501,-3.192292,0.0,0.0,0.0,-1.0
2.913174,-2.125,-0.08104696,0.9555787,-0.02202589,-0.2939118
2.913501,-3.192292,0.0,0.9555787,-0.02202589,-0.2939118
2.908428,-3.412388,0.0,0.9555787,-0.02202589,-0.2939118
2.918055,-2.125,-0.06108894,0.971224,-0.01773785,-0.2375066
2.913501,-3.192292,0.0,0.971224,-0.01773785,-0.2375066
2.913174,-2.125,-0.08104696,0.971224,-0.01773785,-0.2375066
5.125,-5.70607,0.0,0.0,0.0,-1.0
2.902764,-3.616639,0.0,0.0,0.0,-1.0
2.908428,-3.412388,0.0,0.0,0.0,-1.0
2.906909,-2.125,-0.1006699,0.9376328,-0.02600055,-0.3466535
2.908428,-3.412388,0.0,0.9376328,-0.02600055,-0.3466535
2.902764,-3.616639,0.0,0.9376328,-0.02600055,-0.3466535
2.913174,-2.125,-0.08104696,0.9523733,-0.02265496,-0.3040919
2.908428,-3.412388,0.0,0.9523733,-0.02265496,-0.3040919
2.906909,-2.125,-0.1006699,0.9523733,-0.02265496,-0.3040919
5.125,-5.70607,0.0,0.0,0.0,-1.0
2.896631,-3.806247,0.0,0.0,0.0,-1.0
2.902764,-3.616639,0.0,0.0,0.0,-1.0
2.899349,-2.125,-0.1197727,0.9178152,-0.02968758,-0.3958962
2.902764,-3.616639,0.0,0.9178152,-0.02968758,-0.3958962
2.896631,-3.806247,0.0,0.9178152,-0.02968758,-0.3958962
2.906909,-2.125,-0.1006699,0.9294925,-0.02740655,-0.3678215
2.902764,-3.616639,0.0,0.9294925,-0.02740655,-0.3678215
2.899349,-2.125,-0.1197727,0.9294925,-0.02740655,-0.3678215
5.125,-5.70607,0.0,0.0,0.0,-1.0
2.89013,-3.98231,0.0,0.0,0.0,-1.0
2.896631,-3.806247,0.0,0.0,0.0,-1.0
2.890464,-2.125,-0.1383536,0.8963167,-0.03309999,-0.4421773
2.896631,-3.806247,0.0,0.8963167,-0.03309999,-0.4421773
2.89013,-3.98231,0.0,0.8963167,-0.03309999,-0.4421773
2.899349,-2.125,-0.1197727,0.9016968,-0.03217445,-0.4311702
2.896631,-3.806247,0.0,0.9016968,-0.03217445,-0.4311702
2.890464,-2.125,-0.1383536,0.9016968,-0.03217445,-0.4311702
5.125,-5.70607,0.0,0.0,0.0,-1.0
2.883342,-4.145835,0.0,0.0,0.0,-1.0
2.89013,-3.98231,0.0,0.0,0.0,-1.0
2.890464,-2.125,-0.1383536,0.8738716,-0.0362711,-0.4848018
2.89013,-3.98231,0.0,0.8738716,-0.0362711,-0.4848018
2.883342,-4.145835,0.0,0.8738716,-0.0362711,-0.4848018
5.125,-5.70607,0.0,0.0,0.0,-1.0
2.876339,-4.297759,0.0,0.0,0.0,-1.0
2.883342,-4.145835,0.0,0.0,0.0,-1.0
2.880317,-2.125,-0.1562892,0.8510124,-0.03922672,-0.5236786
2.883342,-4.145835,0.0,0.8510124,-0.03922672,-0.5236786
2.876339,-4.297759,0.0,0.8510124,-0.03922672,-0.5236786
2.890464,-2.125,-0.1383536,0.8697684,-0.03675557,-0.4920893
2.883342,-4.145835,0.0,0.8697684,-0.03675557,-0.4920893
2.880317,-2.125,-0.1562892,0.8697684,-0.03675557,-0.4920893
5.125,-5.70607,0.0,0.0,0.0,-1.0
2.869179,-4.438944,0.0,0.0,0.0,-1.0
2.876339,-4.297759,0.0,0.0,0.0,-1.0
2.880317,-2.125,-0.1562892,0.8263585,-0.04190809,-0.5615828
2.876339,-4.297759,0.0,0.8263585,-0.04190809,-0.5615828
2.869179,-4.438944,0.0,0.8263585,-0.04190809,-0.5615828
5.125,-5.70607,0.0,0.0,0.0,-1.0
2.86191,-4.570166,0.0,0.0,0.0,-1.0
2.869179,-4.438944,0.0,0.0,0.0,-1.0
2.86897,-2.125,-0.1734694,0.8029668,-0.04448488,-0.5943614
2.869179,-4.438944,0.0,0.8029668,-0.04448488,-0.5943614
2.86191,-4.570166,0.0,0.8029668,-0.04448488,-0.5943614
2.880317,-2.125,-0.1562892,0.8337246,-0.0412045,-0.5506409
2.869179,-4.438944,0.0,0.8337246,-0.0412045,-0.5506409
2.86897,-2.125,-0.1734694,0.8337246,-0.0412045,-0.5506409
5.125,-5.70607,0.0,0.0,0.0,-1.0
2.85457,-4.692142,0.0,0.0,0.0,-1.0
2.86191,-4.570166,0.0,0.0,0.0,-1.0
2.856518,-2.125,-0.1897665,0.7785835,-0.04684989,-0.6257897
2.86191,-4.570166,0.0,0.7785835,-0.04684989,-0.6257897
2.85457,-4.692142,0.0,0.7785835,-0.04684989,-0.6257897
2.86897,-2.125,-0.1734694,0.7937735,-0.04532109,-0.6065226
2.86191,-4.570166,0.0,0.7937735,-0.04532109,-0.6065226
2.856518,-2.125,-0.1897665,0.7937735,-0.04532109,-0.6065226
5.125,-5.70607,0.0,0.0,0.0,-1.0
2.847193,-4.805536,0.0,0.0,0.0,-1.0
2.85457,-4.692142,0.0,0.0,0.0,-1.0
2.856518,-2.125,-0.1897665,0.7536301,-0.04902481,-0.655468
2.85457,-4.692142,0.0,0.7536301,-0.04902481,-0.655468
2.847193,-4.805536,0.0,0.7536301,-0.04902481,-0.655468
5.125,-5.70607,0.0,0.0,0.0,-1.0
2.839808,-4.910958,0.0,0.0,0.0,-1.0
2.847193,-4.805536,0.0,0.0,0.0,-1.0
2.84295,-2.125,-0.2052092,0.7292108,-0.05108541,-0.6823796
2.847193,-4.805536,0.0,0.7292108,-0.05108541,-0.6823796
2.839808,-4.910958,0.0,0.7292108,-0.05108541,-0.6823796
2.856518,-2.125,-0.1897665,0.7503349,-0.04927887,-0.6592186
2.847193,-4.805536,0.0,0.7503349,-0.04927887,-0.6592186
2.84295,-2.125,-0.2052092,0.7503349,-0.04927887,-0.6592186
5.125,-5.70607,0.0,0.0,0.0,-1.0
2.832436,-5.008979,0.0,0.0,0.0,-1.0
2.839808,-4.910958,0.0,0.0,0.0,-1.0
2.84295,-2.125,-0.2052092,0.704102,-0.05295322,-0.7081217
2.839808,-4.910958,0.0,0.704102,-0.05295322,-0.7081217
2.832436,-5.008979,0.0,0.704102,-0.05295322,-0.7081217
5.125,-5.70607,0.0,0.0,0.0,-1.0
2.825097,-5.100123,0.0,0.0,0.0,-1.0
2.832436,-5.008979,0.0,0.0,0.0,-1.0
2.828348,-2.125,-0.2196874,0.6798336,-0.05474476,-0.7313203
2.832436,-5.008979,0.0,0.6798336,-0.05474476,-0.7313203
2.825097,-5.100123,0.0,0.6798336,-0.05474476,-0.7313203
2.84295,-2.125,-0.2052092,0.7031032,-0.05301978,-0.7091084
2.832436,-5.008979,0.0,0.7031032,-0.05301978,-0.7091084
2.828348,-2.125,-0.2196874,0.7031032,-0.05301978,-0.7091084
5.125,-5.70607,0.0,0.0,0.0,-1.0
2.817804,-5.184879,0.0,0.0,0.0,-1.0
2.825097,-5.100123,0.0,0.0,0.0,-1.0
2.828348,-2.125,-0.2196874,0.655009,-0.05635663,-0.7535165
2.825097,-5.100123,0.0,0.655009,-0.05635663,-0.7535165
2.817804,-5.184879,0.0,0.655009,-0.05635663,-0.7535165
5.125,-5.70607,0.0,0.0,0.0,-1.0
2.810571,-5.263702,0.0,0.0,0.0,-1.0
2.817804,-5.184879,0.0,0.0,0.0,-1.0
2.812736,-2.125,-0.2331701,0.631018,-0.05790526,-0.7736041
2.817804,-5.184879,0.0,0.631018,-0.05790526,-0.7736041
2.810571,-5.263702,0.0,0.631018,-0.05790526,-0.7736041
2.828348,-2.125,-0.2196874,0.6525566,-0.05649996,-0.7556306
2.817804,-5.184879,0.0,0.6525566,-0.05649996,-0.7556306
2.812736,-2.125,-0.2331701,0.6525566,-0.05649996,-0.7556306
5.125,-5.70607,0.0,0.0,0.0,-1.0
2.803406,-5.337017,0.0,0.0,0.0,-1.0
2.810571,-5.263702,0.0,0.0,0.0,-1.0
2.812736,-2.125,-0.2331701,0.6068163,-0.05930174,-0.7926268
2.810571,-5.263702,0.0,0.6068163,-0.05930174,-0.7926268
2.803406,-5.337017,0.0,0.6068163,-0.05930174,-0.7926268
5.125,-5.70607,0.0,0.0,0.0,-1.0
2.796317,-5.405208,0.0,0.0,0.0,-1.0
2.803406,-5.337017,0.0,0.0,0.0,-1.0
2.812736,-2.125,-0.2331701,0.5823168,-0.0605429,-0.8107044
2.803406,-5.337017,0.0,0.5823168,-0.0605429,-0.8107044
2.796317,-5.405208,0.0,0.5823168,-0.0605429,-0.8107044
5.125,-5.70607,0.0,0.0,0.0,-1.0
2.789306,-5.468633,0.0,0.0,0.0,-1.0
2.796317,-5.405208,0.0,0.0,0.0,-1.0
2.7962,-2.125,-0.2455678,0.5595911,-0.06185165,-0.8264576
2.796317,-5.405208,0.0,0.5595911,-0.06185165,-0.8264576
2.789306,-5.468633,0.0,0.5595911,-0.06185165,-0.8264576
2.812736,-2.125,-0.2331701,0.598802,-0.05976951,-0.7986638
2.796317,-5.405208,0.0,0.598802,-0.05976951,-0.7986638
2.7962,-2.125,-0.2455678,0.598802,-0.05976951,-0.7986638
5.125,-5.70607,0.0,0.0,0.0,-1.0
2.782378,-5.527621,0.0,0.0,0.0,-1.0
2.789306,-5.468633,0.0,0.0,0.0,-1.0
2.7962,-2.125,-0.2455678,0.5358858,-0.06293994,-0.8419412
2.789306,-5.468633,0.0,0.5358858,-0.06293994,-0.8419412
2.782378,-5.527621,0.0,0.5358858,-0.06293994,-0.8419412
5.125,-5.70607,0.0,0.0,0.0,-1.0
2.775533,-5.582479,0.0,0.0,0.0,-1.0
2.782378,-5.527621,0.0,0.0,0.0,-1.0
2.778836,-2.125,-0.2568027,0.5133452,-0.06405367,-0.8557884
2.782378,-5.527621,0.0,0.5133452,-0.06405367,-0.8557884
2.775533,-5.582479,0.0,0.5133452,-0.06405367,-0.8557884
2.7962,-2.125,-0.2455678,0.5421511,-0.06267664,-0.8379403
2.782378,-5.527621,0.0,0.5421511,-0.06267664,-0.8379403
2.778836,-2.125,-0.2568027,0.5421511,-0.06267664,-0.8379403
5.125,-5.70607,0.0,0.0,0.0,-1.0
2.768771,-5.633492,0.0,0.0,0.0,-1.0
2.775533,-5.582479,0.0,0.0,0.0,-1.0
2.778836,-2.125,-0.2568027,0.4904467,-0.06501624,-0.8690425
2.775533,-5.582479,0.0,0.4904467,-0.06501624,-0.8690425
2.768771,-5.633492,0.0,0.4904467,-0.06501624,-0.8690425
5.125,-5.70607,0.0,0.0,0.0,-1.0
2.762088,-5.680923,0.0,0.0,0.0,-1.0
2.768771,-5.633492,0.0,0.0,0.0,-1.0
2.778836,-2.125,-0.2568027,0.4675185,-0.06586419,-0.8815261
2.768771,-5.633492,0.0,0.4675185,-0.06586419,-0.8815261
2.762088,-5.680923,0.0,0.4675185,-0.06586419,-0.8815261
4.625,-5.70607,0.0,0.0,0.0,-1.0
2.755483,-5.725018,0.0,0.0,0.0,-1.0
2.762088,-5.680923,0.0,0.0,0.0,-1.0
2.760753,-2.125,-0.2668035,0.4459453,-0.06680229,-0.8925638
2.762088,-5.680923,0.0,0.4459453,-0.06680229,-0.8925638
2.755483,-5.725018,0.0,0.4459453,-0.06680229,-0.8925638
5.125,-5.70607,0.0,0.0,0.0,-1.0
4.625,-5.70607,0.0,0.0,0.0,-1.0
2.762088,-5.680923,0.0,0.0,0.0,-1.0
2.778836,-2.125,-0.2568027,0.4829437,-0.0653363,-0.8732105
2.762088,-5.680923,0.0,0.4829437,-0.0653363,-0.8732105
2.760753,-2.125,-0.2668035,0.4829437,-0.0653363,-0.8732105
4.625,-8.125,0.0,0.0,0.0,-1.0
2.74895,-5.766003,0.0,0.0,0.0,-1.0
2.755483,-5.725018,0.0,0.0,0.0,-1.0
2.760753,-2.125,-0.2668035,0.4238139,-0.06756008,-0.9032261
2.755483,-5.725018,0.0,0.4238139,-0.06756008,-0.9032261
2.74895,-5.766003,0.0,0.4238139,-0.06756008,-0.9032261
4.625,-5.70607,0.0,0.0,0.0,-1.0
4.625,-8.125,0.0,0.0,0.0,-1.0
2.755483,-5.725018,0.0,0.0,0.0,-1.0
4.625,-8.125,0.0,0.0,0.0,-1.0
2.742482,-5.804088,0.0,0.0,0.0,-1.0
2.74895,-5.766003,0.0,0.0,0.0,-1.0
2.760753,-2.125,-0.2668035,0.4017293,-0.06822037,-0.9132138
2.74895,-5.766003,0.0,0.4017293,-0.06822037,-0.9132138
2.742482,-5.804088,0.0,0.4017293,-0.06822037,-0.9132138
4.625,-8.125,0.0,0.0,0.0,-1.0
2.736074,-5.83946,0.0,0.0,0.0,-1.0
2.742482,-5.804088,0.0,0.0,0.0,-1.0
2.74201,-2.125,-0.2755388,0.3808799,-0.06900617,-0.9220459
2.742482,-5.804088,0.0,0.3808799,-0.06900617,-0.9220459
2.736074,-5.83946,0.0,0.3808799,-0.06900617,-0.9220459
2.760753,-2.125,-0.2668035,0.4214653,-0.06767311,-0.904316
2.742482,-5.804088,0.0,0.4214653,-0.06767311,-0.904316
2.74201,-2.125,-0.2755388,0.4214653,-0.06767311,-0.904316
4.625,-8.125,0.0,0.0,0.0,-1.0
2.729715,-5.872292,0.0,0.0,0.0,-1.0
2.736074,-5.83946,0.0,0.0,0.0,-1.0
2.74201,-2.125,-0.2755388,0.3594151,-0.06960479,-0.9305783
2.736074,-5.83946,0.0,0.3594151,-0.06960479,-0.9305783
2.729715,-5.872292,0.0,0.3594151,-0.06960479,-0.9305783
4.625,-8.125,0.0,0.0,0.0,-1.0
2.723397,-5.902744,0.0,0.0,0.0,-1.0
2.729715,-5.872292,0.0,0.0,0.0,-1.0
2.74201,-2.125,-0.2755388,0.3379402,-0.07012063,-0.9385518
2.729715,-5.872292,0.0,0.3379402,-0.07012063,-0.9385518
2.723397,-5.902744,0.0,0.3379402,-0.07012063,-0.9385518
4.625,-8.125,0.0,0.0,0.0,-1.0
2.717105,-5.930964,0.0,0.0,0.0,-1.0
2.723397,-5.902744,0.0,0.0,0.0,-1.0
2.722623,-2.125,-0.282989,0.3174231,-0.07077241,-0.9456394
2.723397,-5.902744,0.0,0.3174231,-0.07077241,-0.9456394
2.717105,-5.930964,0.0,0.3174231,-0.07077241,-0.9456394
2.74201,-2.125,-0.2755388,0.3578381,-0.069681,-0.9311801
2.723397,-5.902744,0.0,0.3578381,-0.069681,-0.9311801
2.722623,-2.125,-0.282989,0.3578381,-0.069681,-0.9311801
4.625,-8.125,0.0,0.0,0.0,-1.0
2.710824,-5.957086,0.0,0.0,0.0,-1.0
2.717105,-5.930964,0.0,0.0,0.0,-1.0
2.722623,-2.125,-0.282989,0.296327,-0.0712464,-0.9524255
2.717105,-5.930964,0.0,0.296327,-0.0712464,-0.9524255
2.710824,-5.957086,0.0,0.296327,-0.0712464,-0.9524255
4.625,-8.125,0.0,0.0,0.0,-1.0
2.704536,-5.981234,0.0,0.0,0.0,-1.0
2.710824,-5.957086,0.0,0.0,0.0,-1.0
2.722623,-2.125,-0.282989,0.2751243,-0.07164707,-0.9587353
2.710824,-5.957086,0.0,0.2751243,-0.07164707,-0.9587353
2.704536,-5.981234,0.0,0.2751243,-0.07164707,-0.9587353
4.625,-8.125,0.0,0.0,0.0,-1.0
2.698216,-6.003518,0.0,0.0,0.0,-1.0
2.704536,-5.981234,0.0,0.0,0.0,-1.0
2.702627,-2.125,-0.2891143,0.2544897,-0.07217661,-0.9643783
2.704536,-5.981234,0.0,0.2544897,-0.07217661,-0.9643783
2.698216,-6.003518,0.0,0.2544897,-0.07217661,-0.9643783
2.722623,-2.125,-0.282989,0.2921462,-0.07135798,-0.9537078
2.704536,-5.981234,0.0,0.2921462,-0.07135798,-0.9537078
2.702627,-2.125,-0.2891143,0.2921462,-0.07135798,-0.9537078
4.625,-8.125,0.0,0.0,0.0,-1.0
2.691835,-6.024032,0.0,0.0,0.0,-1.0
2.698216,-6.003518,0.0,0.0,0.0,-1.0
2.702627,-2.125,-0.2891143,0.2332648,-0.07254939,-0.9697031
2.698216,-6.003518,0.0,0.2332648,-0.07254939,-0.9697031
2.691835,-6.024032,0.0,0.2332648,-0.07254939,-0.9697031
4.625,-8.125,0.0,0.0,0.0,-1.0
2.685356,-6.042858,0.0,0.0,0.0,-1.0
2.691835,-6.024032,0.0,0.0,0.0,-1.0
2.702627,-2.125,-0.2891143,0.211682,-0.0728542,-0.9746194
2.691835,-6.024032,0.0,0.211682,-0.0728542,-0.9746194
2.685356,-6.042858,0.0,0.211682,-0.0728542,-0.9746194
4.625,-8.125,0.0,0.0,0.0,-1.0
2.678727,-6.060055,0.0,0.0,0.0,-1.0
2.685356,-6.042858,0.0,0.0,0.0,-1.0
2.682124,-2.125,-0.2938341,0.1900788,-0.07326919,-0.979031
2.685356,-6.042858,0.0,0.1900788,-0.07326919,-0.979031
2.678727,-6.060055,0.0,0.1900788,-0.07326919,-0.979031
2.702627,-2.125,-0.2891143,0.2237344,-0.07270918,-0.9719343
2.685356,-6.042858,0.0,0.2237344,-0.07270918,-0.9719343
2.682124,-2.125,-0.2938341,0.2237344,-0.07270918,-0.9719343
4.625,-8.125,0.0,0.0,0.0,-1.0
2.671882,-6.075651,0.0,0.0,0.0,-1.0
2.678727,-6.060055,0.0,0.0,0.0,-1.0
2.682124,-2.125,-0.2938341,0.1675791,-0.07355442,-0.9831109
2.678727,-6.060055,0.0,0.1675791,-0.07355442,-0.9831109
2.671882,-6.075651,0.0,0.1675791,-0.07355442,-0.9831109
4.625,-8.125,0.0,0.0,0.0,-1.0
2.664725,-6.089633,0.0,0.0,0.0,-1.0
2.671882,-6.075651,0.0,0.0,0.0,-1.0
2.682124,-2.125,-0.2938341,0.1441144,-0.07376854,-0.9868076
2.671882,-6.075651,0.0,0.1441144,-0.07376854,-0.9868076
2.664725,-6.089633,0.0,0.1441144,-0.07376854,-0.9868076
4.625,-8.125,0.0,0.0,0.0,-1.0
2.657122,-6.101909,0.0,0.0,0.0,-1.0
2.664725,-6.089633,0.0,0.0,0.0,-1.0
2.661407,-2.125,-0.2971323,0.1196515,-0.07409965,-0.9900468
2.664725,-6.089633,0.0,0.1196515,-0.07409965,-0.9900468
2.657122,-6.101909,0.0,0.1196515,-0.07409965,-0.9900468
2.682124,-2.125,-0.2938341,0.1567977,-0.07368122,-0.9848785
2.664725,-6.089633,0.0,0.1567977,-0.07368122,-0.9848785
2.661407,-2.125,-0.2971323,0.1567977,-0.07368122,-0.9848785
4.625,-8.125,0.0,0.0,0.0,-1.0
2.648874,-6.112241,0.0,0.0,0.0,-1.0
2.657122,-6.101909,0.0,0.0,0.0,-1.0
2.661407,-2.125,-0.2971323,0.09304504,-0.07428318,-0.992887
2.657122,-6.101909,0.0,0.09304504,-0.07428318,-0.992887
2.648874,-6.112241,0.0,0.09304504,-0.07428318,-0.992887
4.625,-8.125,0.0,0.0,0.0,-1.0
2.639796,-6.120084,0.0,0.0,0.0,-1.0
2.648874,-6.112241,0.0,0.0,0.0,-1.0
2.640504,-2.125,-0.2989527,0.06435036,-0.07447817,-0.9951442
2.648874,-6.112241,0.0,0.06435036,-0.07447817,-0.9951442
2.639796,-6.120084,0.0,0.06435036,-0.07447817,-0.9951442
2.661407,-2.125,-0.2971323,0.08651868,-0.0743065,-0.9934752
2.648874,-6.112241,0.0,0.08651868,-0.0743065,-0.9934752
2.640504,-2.125,-0.2989527,0.08651868,-0.0743065,-0.9934752
4.625,-8.125,0.0,0.0,0.0,-1.0
2.629986,-6.124441,0.0,0.0,0.0,-1.0
2.639796,-6.120084,0.0,0.0,0.0,-1.0
2.640504,-2.125,-0.2989527,0.03312554,-0.07458639,-0.9966642
2.639796,-6.120084,0.0,0.03312554,-0.07458639,-0.9966642
2.629986,-6.124441,0.0,0.03312554,-0.07458639,-0.9966642
4.625,-8.125,0.0,0.0,0.0,-1.0
2.619958,-6.124428,0.0,0.0,0.0,-1.0
2.629986,-6.124441,0.0,0.0,0.0,-1.0
2.640504,-2.125,-0.2989527,-9.452906e-05,-0.07454041,-0.997218
2.629986,-6.124441,0.0,-9.452906e-05,-0.07454041,-0.997218
2.619958,-6.124428,0.0,-9.452906e-05,-0.07454041,-0.997218
0.5,-5.70607,0.0,0.0,0.0,-1.0
2.610159,-6.120055,0.0,0.0,0.0,-1.0
2.619958,-6.124428,0.0,0.0,0.0,-1.0
2.619514,-2.125,-0.2993041,-0.03329191,-0.07459036,-0.9966584
2.619958,-6.124428,0.0,-0.03329191,-0.07459036,-0.9966584
2.610159,-6.120055,0.0,-0.03329191,-0.07459036,-0.9966584
4.625,-8.125,0.0,0.0,0.0,-1.0
0.5,-5.70607,0.0,0.0,0.0,-1.0
2.619958,-6.124428,0.0,0.0,0.0,-1.0
2.640504,-2.125,-0.2989527,0.01669569,-0.0746158,-0.9970726
2.619958,-6.124428,0.0,0.01669569,-0.0746158,-0.9970726
2.619514,-2.125,-0.2993041,0.01669569,-0.0746158,-0.9970726
0.5,-5.70607,0.0,0.0,0.0,-1.0
2.601093,-6.112205,0.0,0.0,0.0,-1.0
2.610159,-6.120055,0.0,0.0,0.0,-1.0
2.619514,-2.125,-0.2993041,-0.06441984,-0.07440411,-0.9951453
2.610159,-6.120055,0.0,-0.06441984,-0.07440411,-0.9951453
2.601093,-6.112205,0.0,-0.06441984,-0.07440411,-0.9951453
0.5,-5.70607,0.0,0.0,0.0,-1.0
2.592858,-6.101881,0.0,0.0,0.0,-1.0
2.601093,-6.112205,0.0,0.0,0.0,-1.0
2.598489,-2.125,-0.2981782,-0.09316524,-0.07431167,-0.9928736
2.601093,-6.112205,0.0,-0.09316524,-0.07431167,-0.9928736
2.592858,-6.101881,0.0,-0.09316524,-0.07431167,-0.9928736
2.619514,-2.125,-0.2993041,-0.05332769,-0.07450404,-0.9957938
2.601093,-6.112205,0.0,-0.05332769,-0.07450404,-0.9957938
2.598489,-2.125,-0.2981782,-0.05332769,-0.07450404,-0.9957938
0.5,-5.70607,0.0,0.0,0.0,-1.0
2.585269,-6.089622,0.0,0.0,0.0,-1.0
2.592858,-6.101881,0.0,0.0,0.0,-1.0
2.598489,-2.125,-0.2981782,-0.1196385,-0.07406256,-0.9900512
2.592858,-6.101881,0.0,-0.1196385,-0.07406256,-0.9900512
2.585269,-6.089622,0.0,-0.1196385,-0.07406256,-0.9900512
0.5,-5.70607,0.0,0.0,0.0,-1.0
2.578122,-6.075659,0.0,0.0,0.0,-1.0
2.585269,-6.089622,0.0,0.0,0.0,-1.0
2.598489,-2.125,-0.2981782,-0.1440591,-0.07373796,-0.986818
2.585269,-6.089622,0.0,-0.1440591,-0.07373796,-0.986818
2.578122,-6.075659,0.0,-0.1440591,-0.07373796,-0.986818
0.5,-5.70607,0.0,0.0,0.0,-1.0
2.571284,-6.060082,0.0,0.0,0.0,-1.0
2.578122,-6.075659,0.0,0.0,0.0,-1.0
2.577527,-2.125,-0.2955395,-0.1675874,-0.07356926,-0.9831083
2.578122,-6.075659,0.0,-0.1675874,-0.07356926,-0.9831083
2.571284,-6.060082,0.0,-0.1675874,-0.07356926,-0.9831083
2.598489,-2.125,-0.2981782,-0.1245522,-0.07403695,-0.989447
2.578122,-6.075659,0.0,-0.1245522,-0.07403695,-0.989447
2.577527,-2.125,-0.2955395,-0.1245522,-0.07403695,-0.989447
0.5,-5.70607,0.0,0.0,0.0,-1.0
2.56466,-6.042903,0.0,0.0,0.0,-1.0
2.571284,-6.060082,0.0,0.0,0.0,-1.0
2.577527,-2.125,-0.2955395,-0.1899293,-0.07322999,-0.9790629
2.571284,-6.060082,0.0,-0.1899293,-0.07322999,-0.9790629
2.56466,-6.042903,0.0,-0.1899293,-0.07322999,-0.9790629
0.5,-5.70607,0.0,0.0,0.0,-1.0
2.558184,-6.024093,0.0,0.0,0.0,-1.0
2.56466,-6.042903,0.0,0.0,0.0,-1.0
2.577527,-2.125,-0.2955395,-0.2115377,-0.07282636,-0.9746528
2.56466,-6.042903,0.0,-0.2115377,-0.07282636,-0.9746528
2.558184,-6.024093,0.0,-0.2115377,-0.07282636,-0.9746528
0.5,-5.70607,0.0,0.0,0.0,-1.0
2.551806,-6.003592,0.0,0.0,0.0,-1.0
2.558184,-6.024093,0.0,0.0,0.0,-1.0
2.556666,-2.125,-0.2914506,-0.2332707,-0.07257431,-0.9696998
2.558184,-6.024093,0.0,-0.2332707,-0.07257431,-0.9696998
2.551806,-6.003592,0.0,-0.2332707,-0.07257431,-0.9696998
2.577527,-2.125,-0.2955395,-0.1918241,-0.07323042,-0.9786934
2.558184,-6.024093,0.0,-0.1918241,-0.07323042,-0.9786934
2.556666,-2.125,-0.2914506,-0.1918241,-0.07323042,-0.9786934
0.5,-5.70607,0.0,0.0,0.0,-1.0
2.545488,-5.981321,0.0,0.0,0.0,-1.0
2.551806,-6.003592,0.0,0.0,0.0,-1.0
2.556666,-2.125,-0.2914506,-0.25432,-0.07215156,-0.964425
2.551806,-6.003592,0.0,-0.25432,-0.07215156,-0.964425
2.545488,-5.981321,0.0,-0.25432,-0.07215156,-0.964425
0.5,-5.70607,0.0,0.0,0.0,-1.0
2.5392,-5.957184,0.0,0.0,0.0,-1.0
2.545488,-5.981321,0.0,0.0,0.0,-1.0
2.556666,-2.125,-0.2914506,-0.2750949,-0.07166189,-0.9587426
2.545488,-5.981321,0.0,-0.2750949,-0.07166189,-0.9587426
2.5392,-5.957184,0.0,-0.2750949,-0.07166189,-0.9587426
0.5,-5.70607,0.0,0.0,0.0,-1.0
2.53292,-5.931072,0.0,0.0,0.0,-1.0
2.5392,-5.957184,0.0,0.0,0.0,-1.0
2.536218,-2.125,-0.2858859,-0.2963822,-0.07128139,-0.9524057
2.5392,-5.957184,0.0,-0.2963822,-0.07128139,-0.9524057
2.53292,-5.931072,0.0,-0.2963822,-0.07128139,-0.9524057
2.556666,-2.125,-0.2914506,-0.2619093,-0.07200037,-0.962403
2.5392,-5.957184,0.0,-0.2619093,-0.07200037,-0.962403
2.536218,-2.125,-0.2858859,-0.2619093,-0.07200037,-0.962403
0.5,-5.70607,0.0,0.0,0.0,-1.0
2.526629,-5.902862,0.0,0.0,0.0,-1.0
2.53292,-5.931072,0.0,0.0,0.0,-1.0
2.536218,-2.125,-0.2858859,-0.3172697,-0.070759,-0.9456919
2.53292,-5.931072,0.0,-0.3172697,-0.070759,-0.9456919
2.526629,-5.902862,0.0,-0.3172697,-0.070759,-0.9456919
0.5,-5.70607,0.0,0.0,0.0,-1.0
2.52031,-5.87242,0.0,0.0,0.0,-1.0
2.526629,-5.902862,0.0,0.0,0.0,-1.0
2.536218,-2.125,-0.2858859,-0.3380474,-0.07016278,-0.9385101
2.526629,-5.902862,0.0,-0.3380474,-0.07016278,-0.9385101
2.52031,-5.87242,0.0,-0.3380474,-0.07016278,-0.9385101
0.5,-5.70607,0.0,0.0,0.0,-1.0
2.513952,-5.839598,0.0,0.0,0.0,-1.0
2.52031,-5.87242,0.0,0.0,0.0,-1.0
2.516292,-2.125,-0.2789189,-0.3595225,-0.06964471,-0.9305338
2.52031,-5.87242,0.0,-0.3595225,-0.06964471,-0.9305338
2.513952,-5.839598,0.0,-0.3595225,-0.06964471,-0.9305338
2.536218,-2.125,-0.2858859,-0.3292452,-0.07043691,-0.9416136
2.52031,-5.87242,0.0,-0.3292452,-0.07043691,-0.9416136
2.516292,-2.125,-0.2789189,-0.3292452,-0.07043691,-0.9416136
0.5,-5.70607,0.0,0.0,0.0,-1.0
2.507544,-5.804237,0.0,0.0,0.0,-1.0
2.513952,-5.839598,0.0,0.0,0.0,-1.0
2.516292,-2.125,-0.2789189,-0.380736,-0.06899852,-0.9221059
2.513952,-5.839598,0.0,-0.380736,-0.06899852,-0.9221059
2.507544,-5.804237,0.0,-0.380736,-0.06899852,-0.9221059
0.5,-5.70607,0.0,0.0,0.0,-1.0
2.501077,-5.766164,0.0,0.0,0.0,-1.0
2.507544,-5.804237,0.0,0.0,0.0,-1.0
2.516292,-2.125,-0.2789189,-0.4019048,-0.06826796,-0.9131331
2.507544,-5.804237,0.0,-0.4019048,-0.06826796,-0.9131331
2.501077,-5.766164,0.0,-0.4019048,-0.06826796,-0.9131331
0.5,-5.70607,0.0,0.0,0.0,-1.0
2.494544,-5.725192,0.0,0.0,0.0,-1.0
2.501077,-5.766164,0.0,0.0,0.0,-1.0
2.496938,-2.125,-0.2705792,-0.4239381,-0.06759719,-0.903165
2.501077,-5.766164,0.0,-0.4239381,-0.06759719,-0.903165
2.494544,-5.725192,0.0,-0.4239381,-0.06759719,-0.903165
2.516292,-2.125,-0.2789189,-0.3947824,-0.06853381,-0.916215
2.501077,-5.766164,0.0,-0.3947824,-0.06853381,-0.916215
2.496938,-2.125,-0.2705792,-0.3947824,-0.06853381,-0.916215
0.5,-5.70607,0.0,0.0,0.0,-1.0
2.487939,-5.681112,0.0,0.0,0.0,-1.0
2.494544,-5.725192,0.0,0.0,0.0,-1.0
2.496938,-2.125,-0.2705792,-0.4457677,-0.06679265,-0.8926533
2.494544,-5.725192,0.0,-0.4457677,-0.06679265,-0.8926533
2.487939,-5.681112,0.0,-0.4457677,-0.06679265,-0.8926533
0.0,-1.75,0.0,0.0,0.0,-1.0
2.481258,-5.633698,0.0,0.0,0.0,-1.0
2.487939,-5.681112,0.0,0.0,0.0,-1.0
2.496938,-2.125,-0.2705792,-0.4675722,-0.06588852,-0.8814958
2.487939,-5.681112,0.0,-0.4675722,-0.06588852,-0.8814958
2.481258,-5.633698,0.0,-0.4675722,-0.06588852,-0.8814958
0.5,-5.70607,0.0,0.0,0.0,-1.0
0.0,-1.75,0.0,0.0,0.0,-1.0
2.487939,-5.681112,0.0,0.0,0.0,-1.0
0.0,-1.75,0.0,0.0,0.0,-1.0
2.474496,-5.582705,0.0,0.0,0.0,-1.0
2.481258,-5.633698,0.0,0.0,0.0,-1.0
2.478196,-2.125,-0.2608861,-0.4905147,-0.06504195,-0.8690022
2.481258,-5.633698,0.0,-0.4905147,-0.06504195,-0.8690022
2.474496,-5.582705,0.0,-0.4905147,-0.06504195,-0.8690022
2.496938,-2.125,-0.2705792,-0.4583737,-0.06629882,-0.8862832
2.481258,-5.633698,0.0,-0.4583737,-0.06629882,-0.8862832
2.478196,-2.125,-0.2608861,-0.4583737,-0.06629882,-0.8862832
0.0,-1.75,0.0,0.0,0.0,-1.0
2.467652,-5.527869,0.0,0.0,0.0,-1.0
2.474496,-5.582705,0.0,0.0,0.0,-1.0
2.478196,-2.125,-0.2608861,-0.5130544,-0.06403411,-0.8559642
2.474496,-5.582705,0.0,-0.5130544,-0.06403411,-0.8559642
2.467652,-5.527869,0.0,-0.5130544,-0.06403411,-0.8559642
0.0,-1.75,0.0,0.0,0.0,-1.0
2.460725,-5.468906,0.0,0.0,0.0,-1.0
2.467652,-5.527869,0.0,0.0,0.0,-1.0
2.478196,-2.125,-0.2608861,-0.5354822,-0.06290938,-0.8422002
2.467652,-5.527869,0.0,-0.5354822,-0.06290938,-0.8422002
2.460725,-5.468906,0.0,-0.5354822,-0.06290938,-0.8422002
0.0,-1.75,0.0,0.0,0.0,-1.0
2.453716,-5.405509,0.0,0.0,0.0,-1.0
2.460725,-5.468906,0.0,0.0,0.0,-1.0
2.460132,-2.125,-0.2498629,-0.559498,-0.0618584,-0.8265201
2.460725,-5.468906,0.0,-0.559498,-0.0618584,-0.8265201
2.453716,-5.405509,0.0,-0.559498,-0.0618584,-0.8265201
2.478196,-2.125,-0.2608861,-0.5198409,-0.0637464,-0.8518813
2.460725,-5.468906,0.0,-0.5198409,-0.0637464,-0.8518813
2.460132,-2.125,-0.2498629,-0.5198409,-0.0637464,-0.8518813
0.0,-1.75,0.0,0.0,0.0,-1.0
2.446627,-5.337347,0.0,0.0,0.0,-1.0
2.453716,-5.405509,0.0,0.0,0.0,-1.0
2.460132,-2.125,-0.2498629,-0.5826201,-0.06059169,-0.8104828
2.453716,-5.405509,0.0,-0.5826201,-0.06059169,-0.8104828
2.446627,-5.337347,0.0,-0.5826201,-0.06059169,-0.8104828
0.0,-1.75,0.0,0.0,0.0,-1.0
2.439463,-5.264064,0.0,0.0,0.0,-1.0
2.446627,-5.337347,0.0,0.0,0.0,-1.0
2.442871,-2.125,-0.2375757,-0.6068843,-0.05932588,-0.792573
2.446627,-5.337347,0.0,-0.6068843,-0.05932588,-0.792573
2.439463,-5.264064,0.0,-0.6068843,-0.05932588,-0.792573
2.460132,-2.125,-0.2498629,-0.5788655,-0.06081509,-0.8131521
2.446627,-5.337347,0.0,-0.5788655,-0.06081509,-0.8131521
2.442871,-2.125,-0.2375757,-0.5788655,-0.06081509,-0.8131521
0.0,-1.75,0.0,0.0,0.0,-1.0
2.432231,-5.185273,0.0,0.0,0.0,-1.0
2.439463,-5.264064,0.0,0.0,0.0,-1.0
2.442871,-2.125,-0.2375757,-0.6306375,-0.05788803,-0.7739155
2.439463,-5.264064,0.0,-0.6306375,-0.05788803,-0.7739155
2.432231,-5.185273,0.0,-0.6306375,-0.05788803,-0.7739155
0.0,-1.75,0.0,0.0,0.0,-1.0
2.424939,-5.100549,0.0,0.0,0.0,-1.0
2.432231,-5.185273,0.0,0.0,0.0,-1.0
2.426544,-2.125,-0.2241166,-0.6551832,-0.0563894,-0.7533626
2.432231,-5.185273,0.0,-0.6551832,-0.0563894,-0.7533626
2.424939,-5.100549,0.0,-0.6551832,-0.0563894,-0.7533626
2.442871,-2.125,-0.2375757,-0.6350173,-0.05759583,-0.7703478
2.432231,-5.185273,0.0,-0.6350173,-0.05759583,-0.7703478
2.426544,-2.125,-0.2241166,-0.6350173,-0.05759583,-0.7703478
0.0,-1.75,0.0,0.0,0.0,-1.0
2.417599,-5.009434,0.0,0.0,0.0,-1.0
2.424939,-5.100549,0.0,0.0,0.0,-1.0
2.426544,-2.125,-0.2241166,-0.6795251,-0.05473769,-0.7316074
2.424939,-5.100549,0.0,-0.6795251,-0.05473769,-0.7316074
2.417599,-5.009434,0.0,-0.6795251,-0.05473769,-0.7316074
0.0,-1.75,0.0,0.0,0.0,-1.0
2.410227,-4.911441,0.0,0.0,0.0,-1.0
2.417599,-5.009434,0.0,0.0,0.0,-1.0
2.411251,-2.125,-0.2095811,-0.7043112,-0.05298657,-0.7079111
2.417599,-5.009434,0.0,-0.7043112,-0.05298657,-0.7079111
2.410227,-4.911441,0.0,-0.7043112,-0.05298657,-0.7079111
2.426544,-2.125,-0.2241166,-0.6879097,-0.05410327,-0.723777
2.417599,-5.009434,0.0,-0.6879097,-0.05410327,-0.723777
2.411251,-2.125,-0.2095811,-0.6879097,-0.05410327,-0.723777
0.0,-1.75,0.0,0.0,0.0,-1.0
2.402841,-4.806041,0.0,0.0,0.0,-1.0
2.410227,-4.911441,0.0,0.0,0.0,-1.0
2.411251,-2.125,-0.2095811,-0.7289082,-0.05108152,-0.6827031
2.410227,-4.911441,0.0,-0.7289082,-0.05108152,-0.6827031
2.402841,-4.806041,0.0,-0.7289082,-0.05108152,-0.6827031
0.0,-1.75,0.0,0.0,0.0,-1.0
2.395463,-4.692666,0.0,0.0,0.0,-1.0
2.402841,-4.806041,0.0,0.0,0.0,-1.0
2.397017,-2.125,-0.1939961,-0.7537933,-0.04905231,-0.6552782
2.402841,-4.806041,0.0,-0.7537933,-0.04905231,-0.6552782
2.395463,-4.692666,0.0,-0.7537933,-0.04905231,-0.6552782
2.411251,-2.125,-0.2095811,-0.7374604,-0.05033621,-0.673512
2.402841,-4.806041,0.0,-0.7374604,-0.05033621,-0.673512
2.397017,-2.125,-0.1939961,-0.7374604,-0.05033621,-0.673512
0.0,-1.75,0.0,0.0,0.0,-1.0
2.388121,-4.570703,0.0,0.0,0.0,-1.0
2.395463,-4.692666,0.0,0.0,0.0,-1.0
2.397017,-2.125,-0.1939961,-0.7782163,-0.04684411,-0.6262467
2.395463,-4.692666,0.0,-0.7782163,-0.04684411,-0.6262467
2.388121,-4.570703,0.0,-0.7782163,-0.04684411,-0.6262467
0.0,-1.75,0.0,0.0,0.0,-1.0
2.38085,-4.439489,0.0,0.0,0.0,-1.0
2.388121,-4.570703,0.0,0.0,0.0,-1.0
2.38394,-2.125,-0.1774907,-0.8030104,-0.04450295,-0.5943012
2.388121,-4.570703,0.0,-0.8030104,-0.04450295,-0.5943012
2.38085,-4.439489,0.0,-0.8030104,-0.04450295,-0.5943012
2.397017,-2.125,-0.1939961,-0.7829577,-0.04635874,-0.6203451
2.388121,-4.570703,0.0,-0.7829577,-0.04635874,-0.6203451
2.38394,-2.125,-0.1774907,-0.7829577,-0.04635874,-0.6203451
0.0,-1.75,0.0,0.0,0.0,-1.0
2.373687,-4.298306,0.0,0.0,0.0,-1.0
2.38085,-4.439489,0.0,0.0,0.0,-1.0
2.38394,-2.125,-0.1774907,-0.8265985,-0.04193515,-0.5612275
2.38085,-4.439489,0.0,-0.8265985,-0.04193515,-0.5612275
2.373687,-4.298306,0.0,-0.8265985,-0.04193515,-0.5612275
0.0,-1.75,0.0,0.0,0.0,-1.0
2.366681,-4.146377,0.0,0.0,0.0,-1.0
2.373687,-4.298306,0.0,0.0,0.0,-1.0
2.372013,-2.125,-0.1600331,-0.8508682,-0.03923413,-0.5239122
2.373687,-4.298306,0.0,-0.8508682,-0.03923413,-0.5239122
2.366681,-4.146377,0.0,-0.8508682,-0.03923413,-0.5239122
2.38394,-2.125,-0.1774907,-0.82497,-0.04213689,-0.5636036
2.373687,-4.298306,0.0,-0.82497,-0.04213689,-0.5636036
2.372013,-2.125,-0.1600331,-0.82497,-0.04213689,-0.5636036
0.0,-1.75,0.0,0.0,0.0,-1.0
2.359891,-3.982838,0.0,0.0,0.0,-1.0
2.366681,-4.146377,0.0,0.0,0.0,-1.0
2.361338,-2.125,-0.1417582,-0.8740211,-0.0362904,-0.4845308
2.366681,-4.146377,0.0,-0.8740211,-0.0362904,-0.4845308
2.359891,-3.982838,0.0,-0.8740211,-0.0362904,-0.4845308
2.372013,-2.125,-0.1600331,-0.8628671,-0.03762825,-0.5040282
2.366681,-4.146377,0.0,-0.8628671,-0.03762825,-0.5040282
2.361338,-2.125,-0.1417582,-0.8628671,-0.03762825,-0.5040282
0.0,-1.75,0.0,0.0,0.0,-1.0
2.353386,-3.806753,0.0,0.0,0.0,-1.0
2.359891,-3.982838,0.0,0.0,0.0,-1.0
2.361338,-2.125,-0.1417582,-0.895949,-0.03309845,-0.4429219
2.359891,-3.982838,0.0,-0.895949,-0.03309845,-0.4429219
2.353386,-3.806753,0.0,-0.895949,-0.03309845,-0.4429219
0.0,-1.75,0.0,0.0,0.0,-1.0
2.34725,-3.617113,0.0,0.0,0.0,-1.0
2.353386,-3.806753,0.0,0.0,0.0,-1.0
2.351986,-2.125,-0.1227868,-0.9176673,-0.02969368,-0.3962385
2.353386,-3.806753,0.0,-0.9176673,-0.02969368,-0.3962385
2.34725,-3.617113,0.0,-0.9176673,-0.02969368,-0.3962385
2.361338,-2.125,-0.1417582,-0.8964596,-0.03300941,-0.4418943
2.353386,-3.806753,0.0,-0.8964596,-0.03300941,-0.4418943
2.351986,-2.125,-0.1227868,-0.8964596,-0.03300941,-0.4418943
0.0,-1.75,0.0,0.0,0.0,-1.0
2.341583,-3.412819,0.0,0.0,0.0,-1.0
2.34725,-3.617113,0.0,0.0,0.0,-1.0
2.344028,-2.125,-0.1032537,-0.9376448,-0.02601052,-0.3466202
2.34725,-3.617113,0.0,-0.9376448,-0.02601052,-0.3466202
2.341583,-3.412819,0.0,-0.9376448,-0.02601052,-0.3466202
2.351986,-2.125,-0.1227868,-0.9257223,-0.02809803,-0.3771588
2.34725,-3.617113,0.0,-0.9257223,-0.02809803,-0.3771588
2.344028,-2.125,-0.1032537,-0.9257223,-0.02809803,-0.3771588
0.0,-1.75,0.0,0.0,0.0,-1.0
2.336506,-3.192667,0.0,0.0,0.0,-1.0
2.341583,-3.412819,0.0,0.0,0.0,-1.0
2.337428,-2.125,-0.08315929,-0.9556984,-0.02203692,-0.2935217
2.341583,-3.412819,0.0,-0.9556984,-0.02203692,-0.2935217
2.336506,-3.192667,0.0,-0.9556984,-0.02203692,-0.2935217
2.344028,-2.125,-0.1032537,-0.9498097,-0.02320894,-0.311966
2.341583,-3.412819,0.0,-0.9498097,-0.02320894,-0.311966
2.337428,-2.125,-0.08315929,-0.9498097,-0.02320894,-0.311966
0.0,-1.75,0.0,0.0,0.0,-1.0
2.332169,-2.955339,0.0,0.0,0.0,-1.0
2.336506,-3.192667,0.0,0.0,0.0,-1.0
2.332286,-2.125,-0.06270092,-0.9713727,-0.01775215,-0.2368963
2.336506,-3.192667,0.0,-0.9713727,-0.01775215,-0.2368963
2.332169,-2.955339,0.0,-0.9713727,-0.01775215,-0.2368963
2.337428,-2.125,-0.08315929,-0.9696719,-0.01814709,-0.2437358
2.336506,-3.192667,0.0,-0.9696719,-0.01814709,-0.2437358
2.332286,-2.125,-0.06270092,-0.9696719,-0.01814709,-0.2437358
0.0,-1.75,0.0,0.0,0.0,-1.0
2.328753,-2.699383,0.0,0.0,0.0,-1.0
2.332169,-2.955339,0.0,0.0,0.0,-1.0
2.332286,-2.125,-0.06270092,-0.9843375,-0.01313709,-0.175804
2.332169,-2.955339,0.0,-0.9843375,-0.01313709,-0.175804
2.328753,-2.699383,0.0,-0.9843375,-0.01313709,-0.175804
0.0,-1.75,0.0,0.0,0.0,-1.0
2.326487,-2.423182,0.0,0.0,0.0,-1.0
2.328753,-2.699383,0.0,0.0,0.0,-1.0
2.3286,-2.125,-0.04195359,-0.9941129,-0.008156348,-0.1080419
2.328753,-2.699383,0.0,-0.9941129,-0.008156348,-0.1080419
2.326487,-2.423182,0.0,-0.9941129,-0.008156348,-0.1080419
2.332286,-2.125,-0.06270092,-0.984501,-0.01303673,-0.1748938
2.328753,-2.699383,0.0,-0.984501,-0.01303673,-0.1748938
2.3286,-2.125,-0.04195359,-0.984501,-0.01303673,-0.1748938
2.32171,-2.125,0.0,0.0,0.0,-1.0
2.325646,-2.125,0.0,0.0,0.0,-1.0
2.326487,-2.423182,0.0,0.0,0.0,-1.0
2.326384,-2.125,-0.02101862,-0.9993788,-0.002819692,-0.03512812
2.326487,-2.423182,0.0,-0.9993788,-0.002819692,-0.03512812
2.325646,-2.125,0.0,-0.9993788,-0.002819692,-0.03512812
0.0,-1.75,0.0,0.0,0.0,-1.0
2.32171,-2.125,0.0,0.0,0.0,-1.0
2.326487,-2.423182,0.0,0.0,0.0,-1.0
2.3286,-2.125,-0.04195359,-0.9944164,-0.007760253,-0.1052419
2.326487,-2.423182,0.0,-0.9944164,-0.007760253,-0.1052419
2.326384,-2.125,-0.02101862,-0.9944164,-0.007760253,-0.1052419
2.327537,-2.125,-0.05916902,0.0,-1.0,0.0
2.325646,-2.125,0.0,0.0,-1.0,0.0
2.32171,-2.125,0.0,0.0,-1.0,0.0
2.326384,-2.125,-0.02101862,0.0,-1.0,0.0
2.325646,-2.125,0.0,0.0,-1.0,0.0
2.327537,-2.125,-0.05916902,0.0,-1.0,0.0
0.0,-1.75,0.0,0.0,0.0,-1.0
2.025,-1.875,0.0,0.0,0.0,-1.0
2.32171,-2.125,0.0,0.0,0.0,-1.0
2.034115,-1.875,-0.1041889,-0.6433244,-0.763522,-0.05628359
2.32171,-2.125,0.0,-0.6433244,-0.763522,-0.05628359
2.025,-1.875,0.0,-0.6433244,-0.763522,-0.05628359
2.327537,-2.125,-0.05916902,-0.6416071,-0.7644259,-0.06319278
2.32171,-2.125,0.0,-0.6416071,-0.7644259,-0.06319278
2.034115,-1.875,-0.1041889,-0.6416071,-0.7644259,-0.06319278
1.875,-1.85,0.0,0.0,0.0,-1.0
2.025,-1.85,0.0,0.0,0.0,-1.0
2.025,-1.875,0.0,0.0,0.0,-1.0
2.034883,-1.832752,-0.108455,-0.9958734,0.0,-0.09075367
2.025,-1.875,0.0,-0.9958734,0.0,-0.09075367
2.025,-1.85,0.0,-0.9958734,0.0,-0.09075367
0.0,-1.75,0.0,0.0,0.0,-1.0
1.875,-1.85,0.0,0.0,0.0,-1.0
2.025,-1.875,0.0,0.0,0.0,-1.0
2.034115,-1.875,-0.1041889,-0.9961515,0.009310991,-0.08715196
2.025,-1.875,0.0,-0.9961515,0.009310991,-0.08715196
2.034883,-1.832752,-0.108455,-0.9961515,0.009310991,-0.08715196
1.875,-1.828891,-0.1196234,0.0,-0.9847845,-0.17378
2.025,-1.85,0.0,0.0,-0.9847845,-0.17378
1.875,-1.85,0.0,0.0,-0.9847845,-0.17378
1.875,-1.828891,-0.1196234,-0.0127941,-0.9873265,-0.1581856
2.034883,-1.832752,-0.108455,-0.0127941,-0.9873265,-0.1581856
2.025,-1.85,0.0,-0.0127941,-0.9873265,-0.1581856
0.0,-1.75,0.0,0.0,0.0,-1.0
1.875,-1.75,0.0,0.0,0.0,-1.0
1.875,-1.85,0.0,0.0,0.0,-1.0
1.875,-1.828891,-0.1196234,-1.0,0.0,0.0
1.875,-1.85,0.0,-1.0,0.0,0.0
1.875,-1.75,0.0,-1.0,0.0,0.0
0.0,-1.73096,-0.09560491,0.0,-0.9807408,-0.1953136
1.875,-1.75,0.0,0.0,-0.9807408,-0.1953136
0.0,-1.75,0.0,0.0,-0.9807408,-0.1953136
1.875,-1.730945,-0.09566038,2.47154e-06,-0.9807316,-0.1953602
1.875,-1.75,0.0,2.47154e-06,-0.9807316,-0.1953602
0.0,-1.73096,-0.09560491,2.47154e-06,-0.9807316,-0.1953602
1.875,-1.768042,-0.2250159,-1.0,0.0,0.0
1.875,-1.75,0.0,-1.0,0.0,0.0
1.875,-1.730945,-0.09566038,-1.0,0.0,0.0
1.875,-1.768042,-0.2250159,-1.0,0.0,0.0
1.875,-1.828891,-0.1196234,-1.0,0.0,0.0
1.875,-1.75,0.0,-1.0,0.0,0.0
0.5,-5.70607,0.0,0.0,0.0,-1.0
0.0,-5.70607,0.0,0.0,0.0,-1.0
0.0,-1.75,0.0,0.0,0.0,-1.0
0.0,0.0,0.1,-1.0,0.0,0.0
0.0,-1.75,0.0,-1.0,0.0,0.0
0.0,-5.70607,0.0,-1.0,0.0,0.0
0.0,-5.70607,0.1,0.0,-1.0,0.0
0.0,-5.70607,0.0,0.0,-1.0,0.0
0.5,-5.70607,0.0,0.0,-1.0,0.0
0.0,-5.70607,0.1,-1.0,0.0,0.0
0.0,0.0,0.1,-1.0,0.0,0.0
0.0,-5.70607,0.0,-1.0,0.0,0.0
4.625,-8.125,0.0,0.0,0.0,-1.0
0.5,-8.125,0.0,0.0,0.0,-1.0
0.5,-5.70607,0.0,0.0,0.0,-1.0
0.5,-5.70607,0.1,-1.0,0.0,0.0
0.5,-5.70607,0.0,-1.0,0.0,0.0
0.5,-8.125,0.0,-1.0,0.0,0.0
0.0,-5.70607,0.1,0.0,-1.0,0.0
0.5,-5.70607,0.0,0.0,-1.0,0.0
0.5,-5.70607,0.1,0.0,-1.0,0.0
0.5,-8.125,0.1,0.0,-1.0,0.0
0.5,-8.125,0.0,0.0,-1.0,0.0
4.625,-8.125,0.0,0.0,-1.0,0.0
0.5,-5.70607,0.1,-1.0,0.0,0.0
0.5,-8.125,0.0,-1.0,0.0,0.0
0.5,-8.125,0.1,-1.0,0.0,0.0
4.625,-8.125,0.1,1.0,0.0,0.0
4.625,-8.125,0.0,1.0,0.0,0.0
4.625,-5.70607,0.0,1.0,0.0,0.0
0.5,-8.125,0.1,0.0,-1.0,0.0
4.625,-8.125,0.0,0.0,-1.0,0.0
4.625,-8.125,0.1,0.0,-1.0,0.0
4.625,-5.70607,0.1,0.0,-1.0,0.0
4.625,-5.70607,0.0,0.0,-1.0,0.0
5.125,-5.70607,0.0,0.0,-1.0,0.0
4.625,-8.125,0.1,1.0,0.0,0.0
4.625,-5.70607,0.0,1.0,0.0,0.0
4.625,-5.70607,0.1,1.0,0.0,0.0
3.375,-1.75,0.0,0.0,0.0,-1.0
5.125,-1.75,0.0,0.0,0.0,-1.0
5.125,-5.70607,0.0,0.0,0.0,-1.0
5.125,-5.70607,0.1,1.0,0.0,0.0
5.125,-5.70607,0.0,1.0,0.0,0.0
5.125,-1.75,0.0,1.0,0.0,0.0
3.375,-1.85,0.0,0.0,0.0,-1.0
3.375,-1.75,0.0,0.0,0.0,-1.0
5.125,-5.70607,0.0,0.0,0.0,-1.0
3.225,-1.85,0.0,0.0,0.0,-1.0
3.375,-1.85,0.0,0.0,0.0,-1.0
5.125,-5.70607,0.0,0.0,0.0,-1.0
3.225,-1.875,0.0,0.0,0.0,-1.0
3.225,-1.85,0.0,0.0,0.0,-1.0
5.125,-5.70607,0.0,0.0,0.0,-1.0
2.92829,-2.125,0.0,0.0,0.0,-1.0
3.225,-1.875,0.0,0.0,0.0,-1.0
5.125,-5.70607,0.0,0.0,0.0,-1.0
4.625,-5.70607,0.1,0.0,-1.0,0.0
5.125,-5.70607,0.0,0.0,-1.0,0.0
5.125,-5.70607,0.1,0.0,-1.0,0.0
3.375,-1.730945,-0.09566038,0.0,-0.9807316,-0.1953602
5.125,-1.75,0.0,0.0,-0.9807316,-0.1953602
3.375,-1.75,0.0,0.0,-0.9807316,-0.1953602
5.125,-1.323303,-0.176826,1.0,0.0,0.0
5.125,-1.26904,-0.09560491,1.0,0.0,0.0
5.125,-1.75,0.0,1.0,0.0,0.0
5.125,-1.404258,-0.2309325,1.0,0.0,0.0
5.125,-1.323303,-0.176826,1.0,0.0,0.0
5.125,-1.75,0.0,1.0,0.0,0.0
5.125,-1.5,-0.2499613,1.0,0.0,0.0
5.125,-1.404258,-0.2309325,1.0,0.0,0.0
5.125,-1.75,0.0,1.0,0.0,0.0
5.125,-1.595742,-0.2309325,1.0,0.0,0.0
5.125,-1.5,-0.2499613,1.0,0.0,0.0
5.125,-1.75,0.0,1.0,0.0,0.0
5.125,-1.676697,-0.176826,1.0,0.0,0.0
5.125,-1.595742,-0.2309325,1.0,0.0,0.0
5.125,-1.75,0.0,1.0,0.0,0.0
5.125,-1.73096,-0.09560491,1.0,0.0,0.0
5.125,-1.676697,-0.176826,1.0,0.0,0.0
5.125,-1.75,0.0,1.0,0.0,0.0
3.375,-1.730945,-0.09566038,-2.64964e-06,-0.9807408,-0.1953136
5.125,-1.73096,-0.09560491,-2.64964e-06,-0.9807408,-0.1953136
5.125,-1.75,0.0,-2.64964e-06,-0.9807408,-0.1953136
3.375,-1.768042,-0.2250159,1.0,0.0,0.0
3.375,-1.75,0.0,1.0,0.0,0.0
3.375,-1.85,0.0,1.0,0.0,0.0
3.375,-1.768042,-0.2250159,1.0,0.0,0.0
3.375,-1.730945,-0.09566038,1.0,0.0,0.0
3.375,-1.75,0.0,1.0,0.0,0.0
3.21514,-1.832794,-0.1083254,0.0,-0.9876191,-0.1568711
3.375,-1.85,0.0,0.0,-0.9876191,-0.1568711
3.225,-1.85,0.0,0.0,-0.9876191,-0.1568711
3.375,-1.828891,-0.1196234,0.01176223,-0.9847164,-0.173768
3.375,-1.85,0.0,0.01176223,-0.9847164,-0.173768
3.21514,-1.832794,-0.1083254,0.01176223,-0.9847164,-0.173768
3.375,-1.828891,-0.1196234,1.0,0.0,0.0
3.375,-1.768042,-0.2250159,1.0,0.0,0.0
3.375,-1.85,0.0,1.0,0.0,0.0
3.215885,-1.875,-0.1041889,0.9961947,0.0,-0.08715574
3.225,-1.85,0.0,0.9961947,0.0,-0.08715574
3.225,-1.875,0.0,0.9961947,0.0,-0.08715574
3.21514,-1.832794,-0.1083254,0.9959701,0.008817024,-0.08925172
3.225,-1.85,0.0,0.9959701,0.008817024,-0.08925172
3.215885,-1.875,-0.1041889,0.9959701,0.008817024,-0.08925172
2.922463,-2.125,-0.05916902,0.6430521,-0.7631989,-0.06333511
3.225,-1.875,0.0,0.6430521,-0.7631989,-0.06333511
2.92829,-2.125,0.0,0.6430521,-0.7631989,-0.06333511
2.922463,-2.125,-0.05916902,0.6425022,-0.7642193,-0.05621166
3.215885,-1.875,-0.1041889,0.6425022,-0.7642193,-0.05621166
3.225,-1.875,0.0,0.6425022,-0.7642193,-0.05621166
2.923654,-2.125,-0.02047093,0.0,-1.0,0.0
2.922463,-2.125,-0.05916902,0.0,-1.0,0.0
2.92829,-2.125,0.0,0.0,-1.0,0.0
0.0,-5.70607,0.1,0.0,0.0,1.0
5.125,0.0,0.1,0.0,0.0,1.0
0.0,0.0,0.1,0.0,0.0,1.0
4.625,-5.70607,0.1,0.0,0.0,1.0
5.125,-5.70607,0.1,0.0,0.0,1.0
5.125,0.0,0.1,0.0,0.0,1.0
0.5,-5.70607,0.1,0.0,0.0,1.0
4.625,-5.70607,0.1,0.0,0.0,1.0
5.125,0.0,0.1,0.0,0.0,1.0
0.0,-5.70607,0.1,0.0,0.0,1.0
0.5,-5.70607,0.1,0.0,0.0,1.0
5.125,0.0,0.1,0.0,0.0,1.0
0.5,-8.125,0.1,0.0,0.0,1.0
4.625,-8.125,0.1,0.0,0.0,1.0
4.625,-5.70607,0.1,0.0,0.0,1.0
0.5,-5.70607,0.1,0.0,0.0,1.0
0.5,-8.125,0.1,0.0,0.0,1.0
4.625,-5.70607,0.1,0.0,0.0,1.0
1.875,-1.730945,-0.09566038,-9.440125e-06,-0.8315001,-0.5555246
0.0,-1.73096,-0.09560491,-9.440125e-06,-0.8315001,-0.5555246
0.0,-1.676697,-0.176826,-9.440125e-06,-0.8315001,-0.5555246
1.875,-1.676777,-0.1767767,-1.872149e-06,-0.555671,-0.8314023
0.0,-1.676697,-0.176826,-1.872149e-06,-0.555671,-0.8314023
0.0,-1.595742,-0.2309325,-1.872149e-06,-0.555671,-0.8314023
1.875,-1.676777,-0.1767767,-2.09102e-05,-0.8316225,-0.5553414
1.875,-1.730945,-0.09566038,-2.09102e-05,-0.8316225,-0.5553414
0.0,-1.676697,-0.176826,-2.09102e-05,-0.8316225,-0.5553414
1.875,-1.59566,-0.2309446,2.145755e-06,-0.1949379,-0.9808156
0.0,-1.595742,-0.2309325,2.145755e-06,-0.1949379,-0.9808156
0.0,-1.5,-0.2499613,2.145755e-06,-0.1949379,-0.9808156
1.875,-1.59566,-0.2309446,1.873141e-05,-0.5553414,-0.8316225
1.875,-1.676777,-0.1767767,1.873141e-05,-0.5553414,-0.8316225
0.0,-1.595742,-0.2309325,1.873141e-05,-0.5553414,-0.8316225
1.875,-1.5,-0.25,-2.025414e-05,0.1949379,-0.9808156
0.0,-1.5,-0.2499613,-2.025414e-05,0.1949379,-0.9808156
0.0,-1.404258,-0.2309325,-2.025414e-05,0.1949379,-0.9808156
1.875,-1.5,-0.25,-2.025241e-05,-0.1953602,-0.9807316
1.875,-1.59566,-0.2309446,-2.025241e-05,-0.1953602,-0.9807316
0.0,-1.5,-0.2499613,-2.025241e-05,-0.1953602,-0.9807316
1.875,-1.40434,-0.2309446,1.874712e-05,0.555671,-0.8314023
0.0,-1.404258,-0.2309325,1.874712e-05,0.555671,-0.8314023
0.0,-1.323303,-0.176826,1.874712e-05,0.555671,-0.8314023
1.875,-1.40434,-0.2309446,2.164606e-06,0.1953602,-0.9807316
1.875,-1.5,-0.25,2.164606e-06,0.1953602,-0.9807316
0.0,-1.404258,-0.2309325,2.164606e-06,0.1953602,-0.9807316
1.875,-1.323223,-0.1767767,-2.090016e-05,0.8315001,-0.5555246
0.0,-1.323303,-0.176826,-2.090016e-05,0.8315001,-0.5555246
0.0,-1.26904,-0.09560491,-2.090016e-05,0.8315001,-0.5555246
1.875,-1.323223,-0.1767767,-1.85229e-06,0.5553414,-0.8316225
1.875,-1.40434,-0.2309446,-1.85229e-06,0.5553414,-0.8316225
0.0,-1.323303,-0.176826,-1.85229e-06,0.5553414,-0.8316225
1.875,-1.269055,-0.09566038,-9.433676e-06,0.8316225,-0.5553414
1.875,-1.323223,-0.1767767,-9.433676e-06,0.8316225,-0.5553414
0.0,-1.26904,-0.09560491,-9.433676e-06,0.8316225,-0.5553414
3.375,-1.269055,-0.09566038,1.011442e-05,0.8315001,-0.5555246
5.125,-1.26904,-0.09560491,1.011442e-05,0.8315001,-0.5555246
5.125,-1.323303,-0.176826,1.011442e-05,0.8315001,-0.5555246
3.375,-1.323223,-0.1767767,2.005874e-06,0.555671,-0.8314023
5.125,-1.323303,-0.176826,2.005874e-06,0.555671,-0.8314023
5.125,-1.404258,-0.2309325,2.005874e-06,0.555671,-0.8314023
3.375,-1.323223,-0.1767767,2.240379e-05,0.8316225,-0.5553414
3.375,-1.269055,-0.09566038,2.240379e-05,0.8316225,-0.5553414
5.125,-1.323303,-0.176826,2.240379e-05,0.8316225,-0.5553414
3.375,-1.40434,-0.2309446,-2.299023e-06,0.1949379,-0.9808156
5.125,-1.404258,-0.2309325,-2.299023e-06,0.1949379,-0.9808156
5.125,-1.5,-0.2499613,-2.299023e-06,0.1949379,-0.9808156
3.375,-1.40434,-0.2309446,-2.006937e-05,0.5553414,-0.8316225
3.375,-1.323223,-0.1767767,-2.006937e-05,0.5553414,-0.8316225
5.125,-1.404258,-0.2309325,-2.006937e-05,0.5553414,-0.8316225
3.375,-1.5,-0.25,2.170087e-05,-0.1949379,-0.9808156
5.125,-1.5,-0.2499613,2.170087e-05,-0.1949379,-0.9808156
5.125,-1.595742,-0.2309325,2.170087e-05,-0.1949379,-0.9808156
3.375,-1.5,-0.25,2.169901e-05,0.1953602,-0.9807316
3.375,-1.40434,-0.2309446,2.169901e-05,0.1953602,-0.9807316
5.125,-1.5,-0.2499613,2.169901e-05,0.1953602,-0.9807316
3.375,-1.59566,-0.2309446,-2.00862e-05,-0.555671,-0.8314023
5.125,-1.595742,-0.2309325,-2.00862e-05,-0.555671,-0.8314023
5.125,-1.676697,-0.176826,-2.00862e-05,-0.555671,-0.8314023
3.375,-1.59566,-0.2309446,-2.31922e-06,-0.1953602,-0.9807316
3.375,-1.5,-0.25,-2.31922e-06,-0.1953602,-0.9807316
5.125,-1.595742,-0.2309325,-2.31922e-06,-0.1953602,-0.9807316
3.375,-1.676777,-0.1767767,2.239303e-05,-0.8315001,-0.5555246
5.125,-1.676697,-0.176826,2.239303e-05,-0.8315001,-0.5555246
5.125,-1.73096,-0.09560491,2.239303e-05,-0.8315001,-0.5555246
3.375,-1.676777,-0.1767767,1.984596e-06,-0.5553414,-0.8316225
3.375,-1.59566,-0.2309446,1.984596e-06,-0.5553414,-0.8316225
5.125,-1.676697,-0.176826,1.984596e-06,-0.5553414,-0.8316225
3.375,-1.730945,-0.09566038,1.010751e-05,-0.8316225,-0.5553414
3.375,-1.676777,-0.1767767,1.010751e-05,-0.8316225,-0.5553414
5.125,-1.73096,-0.09560491,1.010751e-05,-0.8316225,-0.5553414
3.375,-1.231958,-0.2250159,1.0,0.0,0.0
3.375,-1.269055,-0.09566038,1.0,0.0,0.0
3.375,-1.323223,-0.1767767,1.0,0.0,0.0
3.375,-1.325,-0.3031089,1.0,0.0,0.0
3.375,-1.323223,-0.1767767,1.0,0.0,0.0
3.375,-1.40434,-0.2309446,1.0,0.0,0.0
3.375,-1.325,-0.3031089,1.0,0.0,0.0
3.375,-1.231958,-0.2250159,1.0,0.0,0.0
3.375,-1.323223,-0.1767767,1.0,0.0,0.0
3.375,-1.439152,-0.3446394,1.0,0.0,0.0
3.375,-1.40434,-0.2309446,1.0,0.0,0.0
3.375,-1.5,-0.25,1.0,0.0,0.0
3.375,-1.439152,-0.3446394,1.0,0.0,0.0
3.375,-1.325,-0.3031089,1.0,0.0,0.0
3.375,-1.40434,-0.2309446,1.0,0.0,0.0
3.375,-1.560848,-0.3446394,1.0,0.0,0.0
3.375,-1.5,-0.25,1.0,0.0,0.0
3.375,-1.59566,-0.2309446,1.0,0.0,0.0
3.375,-1.560848,-0.3446394,1.0,0.0,0.0
3.375,-1.439152,-0.3446394,1.0,0.0,0.0
3.375,-1.5,-0.25,1.0,0.0,0.0
3.375,-1.675,-0.3031089,1.0,0.0,0.0
3.375,-1.59566,-0.2309446,1.0,0.0,0.0
3.375,-1.676777,-0.1767767,1.0,0.0,0.0
3.375,-1.675,-0.3031089,1.0,0.0,0.0
3.375,-1.560848,-0.3446394,1.0,0.0,0.0
3.375,-1.59566,-0.2309446,1.0,0.0,0.0
3.375,-1.675,-0.3031089,1.0,0.0,0.0
3.375,-1.676777,-0.1767767,1.0,0.0,0.0
3.375,-1.730945,-0.09566038,1.0,0.0,0.0
3.375,-1.768042,-0.2250159,1.0,0.0,0.0
3.375,-1.675,-0.3031089,1.0,0.0,0.0
3.375,-1.730945,-0.09566038,1.0,0.0,0.0
1.875,-1.768042,-0.2250159,-1.0,0.0,0.0
1.875,-1.730945,-0.09566038,-1.0,0.0,0.0
1.875,-1.676777,-0.1767767,-1.0,0.0,0.0
1.875,-1.675,-0.3031089,-1.0,0.0,0.0
1.875,-1.676777,-0.1767767,-1.0,0.0,0.0
1.875,-1.59566,-0.2309446,-1.0,0.0,0.0
1.875,-1.675,-0.3031089,-1.0,0.0,0.0
1.875,-1.768042,-0.2250159,-1.0,0.0,0.0
1.875,-1.676777,-0.1767767,-1.0,0.0,0.0
1.875,-1.560848,-0.3446394,-1.0,0.0,0.0
1.875,-1.59566,-0.2309446,-1.0,0.0,0.0
1.875,-1.5,-0.25,-1.0,0.0,0.0
1.875,-1.560848,-0.3446394,-1.0,0.0,0.0
1.875,-1.675,-0.3031089,-1.0,0.0,0.0
1.875,-1.59566,-0.2309446,-1.0,0.0,0.0
1.875,-1.439152,-0.3446394,-1.0,0.0,0.0
1.875,-1.5,-0.25,-1.0,0.0,0.0
1.875,-1.40434,-0.2309446,-1.0,0.0,0.0
1.875,-1.439152,-0.3446394,-1.0,0.0,0.0
1.875,-1.560848,-0.3446394,-1.0,0.0,0.0
1.875,-1.5,-0.25,-1.0,0.0,0.0
1.875,-1.325,-0.3031089,-1.0,0.0,0.0
1.875,-1.40434,-0.2309446,-1.0,0.0,0.0
1.875,-1.323223,-0.1767767,-1.0,0.0,0.0
1.875,-1.325,-0.3031089,-1.0,0.0,0.0
1.875,-1.439152,-0.3446394,-1.0,0.0,0.0
1.875,-1.40434,-0.2309446,-1.0,0.0,0.0
1.875,-1.325,-0.3031089,-1.0,0.0,0.0
1.875,-1.323223,-0.1767767,-1.0,0.0,0.0
1.875,-1.269055,-0.09566038,-1.0,0.0,0.0
1.875,-1.231958,-0.2250159,-1.0,0.0,0.0
1.875,-1.325,-0.3031089,-1.0,0.0,0.0
1.875,-1.269055,-0.09566038,-1.0,0.0,0.0
2.061184,-1.125,-0.2052121,-0.6157644,0.7653782,-0.1871639
2.327537,-0.875,-0.05916902,-0.6157644,0.7653782,-0.1871639
2.344827,-0.875,-0.1160515,-0.6157644,0.7653782,-0.1871639
2.061184,-1.125,-0.2052121,-0.6243987,0.7629775,-0.1673071
2.034115,-1.125,-0.1041889,-0.6243987,0.7629775,-0.1673071
2.327537,-0.875,-0.05916902,-0.6243987,0.7629775,-0.1673071
2.105385,-1.125,-0.3,-0.5671503,0.7659551,-0.302743
2.344827,-0.875,-0.1160515,-0.5671503,0.7659551,-0.302743
2.372823,-0.875,-0.1684991,-0.5671503,0.7659551,-0.302743
2.105385,-1.125,-0.3,-0.5862388,0.7626233,-0.2733676
2.061184,-1.125,-0.2052121,-0.5862388,0.7626233,-0.2733676
2.344827,-0.875,-0.1160515,-0.5862388,0.7626233,-0.2733676
2.165373,-1.125,-0.3856726,-0.4966899,0.7662525,-0.4076228
2.372823,-0.875,-0.1684991,-0.4966899,0.7662525,-0.4076228
2.410541,-0.875,-0.2144587,-0.4966899,0.7662525,-0.4076228
2.165373,-1.125,-0.3856726,-0.5301238,0.7623528,-0.3711967
2.105385,-1.125,-0.3,-0.5301238,0.7623528,-0.3711967
2.372823,-0.875,-0.1684991,-0.5301238,0.7623528,-0.3711967
2.239327,-1.125,-0.4596267,-0.4076228,0.7662525,-0.4966899
2.410541,-0.875,-0.2144587,-0.4076228,0.7662525,-0.4966899
2.456501,-0.875,-0.2521768,-0.4076228,0.7662525,-0.4966899
2.239327,-1.125,-0.4596267,-0.4576776,0.7622745,-0.4576776
2.165373,-1.125,-0.3856726,-0.4576776,0.7622745,-0.4576776
2.410541,-0.875,-0.2144587,-0.4576776,0.7622745,-0.4576776
2.325,-1.125,-0.5196152,-0.302743,0.7659551,-0.5671503
2.456501,-0.875,-0.2521768,-0.302743,0.7659551,-0.5671503
2.508948,-0.875,-0.2801731,-0.302743,0.7659551,-0.5671503
2.325,-1.125,-0.5196152,-0.3711967,0.7623528,-0.5301238
2.239327,-1.125,-0.4596267,-0.3711967,0.7623528,-0.5301238
2.456501,-0.875,-0.2521768,-0.3711967,0.7623528,-0.5301238
2.419788,-1.125,-0.5638156,-0.1871639,0.7653782,-0.6157644
2.508948,-0.875,-0.2801731,-0.1871639,0.7653782,-0.6157644
2.565831,-0.875,-0.2974628,-0.1871639,0.7653782,-0.6157644
2.419788,-1.125,-0.5638156,-0.2733676,0.7626233,-0.5862388
2.325,-1.125,-0.5196152,-0.2733676,0.7626233,-0.5862388
2.508948,-0.875,-0.2801731,-0.2733676,0.7626233,-0.5862388
2.520811,-1.125,-0.5908847,-0.06319278,0.7644259,-0.6416071
2.565831,-0.875,-0.2974628,-0.06319278,0.7644259,-0.6416071
2.625,-0.875,-0.3032904,-0.06319278,0.7644259,-0.6416071
2.520811,-1.125,-0.5908847,-0.1673071,0.7629775,-0.6243987
2.419788,-1.125,-0.5638156,-0.1673071,0.7629775,-0.6243987
2.565831,-0.875,-0.2974628,-0.1673071,0.7629775,-0.6243987
2.625,-1.125,-0.6,0.06333511,0.7631989,-0.6430521
2.625,-0.875,-0.3032904,0.06333511,0.7631989,-0.6430521
2.684169,-0.875,-0.2974628,0.06333511,0.7631989,-0.6430521
2.625,-1.125,-0.6,-0.05628359,0.763522,-0.6433244
2.520811,-1.125,-0.5908847,-0.05628359,0.763522,-0.6433244
2.625,-0.875,-0.3032904,-0.05628359,0.763522,-0.6433244
2.830212,-1.125,-0.5638156,0.1871639,0.7653782,-0.6157644
2.684169,-0.875,-0.2974628,0.1871639,0.7653782,-0.6157644
2.741052,-0.875,-0.2801731,0.1871639,0.7653782,-0.6157644
2.729189,-1.125,-0.5908847,0.05621166,0.7642193,-0.6425022
2.625,-1.125,-0.6,0.05621166,0.7642193,-0.6425022
2.684169,-0.875,-0.2974628,0.05621166,0.7642193,-0.6425022
2.830212,-1.125,-0.5638156,0.1673071,0.7629775,-0.6243987
2.729189,-1.125,-0.5908847,0.1673071,0.7629775,-0.6243987
2.684169,-0.875,-0.2974628,0.1673071,0.7629775,-0.6243987
2.925,-1.125,-0.5196152,0.302743,0.7659551,-0.5671503
2.741052,-0.875,-0.2801731,0.302743,0.7659551,-0.5671503
2.793499,-0.875,-0.2521768,0.302743,0.7659551,-0.5671503
2.925,-1.125,-0.5196152,0.2733676,0.7626233,-0.5862388
2.830212,-1.125,-0.5638156,0.2733676,0.7626233,-0.5862388
2.741052,-0.875,-0.2801731,0.2733676,0.7626233,-0.5862388
3.010673,-1.125,-0.4596267,0.4076228,0.7662525,-0.4966899
2.793499,-0.875,-0.2521768,0.4076228,0.7662525,-0.4966899
2.839459,-0.875,-0.2144587,0.4076228,0.7662525,-0.4966899
3.010673,-1.125,-0.4596267,0.3711967,0.7623528,-0.5301238
2.925,-1.125,-0.5196152,0.3711967,0.7623528,-0.5301238
2.793499,-0.875,-0.2521768,0.3711967,0.7623528,-0.5301238
3.084627,-1.125,-0.3856726,0.4966899,0.7662525,-0.4076228
2.839459,-0.875,-0.2144587,0.4966899,0.7662525,-0.4076228
2.877177,-0.875,-0.1684991,0.4966899,0.7662525,-0.4076228
3.084627,-1.125,-0.3856726,0.4576776,0.7622745,-0.4576776
3.010673,-1.125,-0.4596267,0.4576776,0.7622745,-0.4576776
2.839459,-0.875,-0.2144587,0.4576776,0.7622745,-0.4576776
3.144615,-1.125,-0.3,0.5671503,0.7659551,-0.302743
2.877177,-0.875,-0.1684991,0.5671503,0.7659551,-0.302743
2.905173,-0.875,-0.1160515,0.5671503,0.7659551,-0.302743
3.144615,-1.125,-0.3,0.5301238,0.7623528,-0.3711967
3.084627,-1.125,-0.3856726,0.5301238,0.7623528,-0.3711967
2.877177,-0.875,-0.1684991,0.5301238,0.7623528,-0.3711967
3.188816,-1.125,-0.2052121,0.6157644,0.7653782,-0.1871639
2.905173,-0.875,-0.1160515,0.6157644,0.7653782,-0.1871639
2.922463,-0.875,-0.05916902,0.6157644,0.7653782,-0.1871639
3.188816,-1.125,-0.2052121,0.5862388,0.7626233,-0.2733676
3.144615,-1.125,-0.3,0.5862388,0.7626233,-0.2733676
2.905173,-0.875,-0.1160515,0.5862388,0.7626233,-0.2733676
3.215885,-1.125,-0.1041889,0.6243987,0.7629775,-0.1673071
3.188816,-1.125,-0.2052121,0.6243987,0.7629775,-0.1673071
2.922463,-0.875,-0.05916902,0.6243987,0.7629775,-0.1673071
2.035147,-1.167719,-0.1098808,-0.9658658,0.01115087,-0.258803
2.034115,-1.125,-0.1041889,-0.9658658,0.01115087,-0.258803
2.061184,-1.125,-0.2052121,-0.9658658,0.01115087,-0.258803
2.061596,-1.217283,-0.2063382,-0.9063072,0.001119319,-0.422618
2.061184,-1.125,-0.2052121,-0.9063072,0.001119319,-0.422618
2.105385,-1.125,-0.3,-0.9063072,0.001119319,-0.422618
2.061596,-1.217283,-0.2063382,-0.9645436,-0.001076758,-0.2639212
2.035147,-1.167719,-0.1098808,-0.9645436,-0.001076758,-0.2639212
2.061184,-1.125,-0.2052121,-0.9645436,-0.001076758,-0.2639212
2.125454,-1.390357,-0.3323459,-0.8191261,0.007962917,-0.5735583
2.105385,-1.125,-0.3,-0.8191261,0.007962917,-0.5735583
2.165373,-1.125,-0.3856726,-0.8191261,0.007962917,-0.5735583
2.095601,-1.293171,-0.2823774,-0.9093349,0.009312801,-0.4159607
2.061596,-1.217283,-0.2063382,-0.9093349,0.009312801,-0.4159607
2.105385,-1.125,-0.3,-0.9093349,0.009312801,-0.4159607
2.125454,-1.390357,-0.3323459,-0.8611611,-0.003168243,-0.5083222
2.095601,-1.293171,-0.2823774,-0.8611611,-0.003168243,-0.5083222
2.105385,-1.125,-0.3,-0.8611611,-0.003168243,-0.5083222
2.165373,-1.875,-0.3856726,-0.7071068,0.0,-0.7071068
2.165373,-1.125,-0.3856726,-0.7071068,0.0,-0.7071068
2.239327,-1.125,-0.4596267,-0.7071068,0.0,-0.7071068
2.137656,-1.50198,-0.3499944,-0.8102174,0.004099269,-0.5861152
2.125454,-1.390357,-0.3323459,-0.8102174,0.004099269,-0.5861152
2.165373,-1.125,-0.3856726,-0.8102174,0.004099269,-0.5861152
2.165373,-1.875,-0.3856726,-0.7897019,0.0,-0.6134908
2.137656,-1.50198,-0.3499944,-0.7897019,0.0,-0.6134908
2.165373,-1.125,-0.3856726,-0.7897019,0.0,-0.6134908
2.239327,-1.875,-0.4596267,-0.5735764,-2.183666e-16,-0.819152
2.239327,-1.125,-0.4596267,-0.5735764,-2.183666e-16,-0.819152
2.325,-1.125,-0.5196152,-0.5735764,-2.183666e-16,-0.819152
2.239327,-1.875,-0.4596267,-0.7071068,-3.140185e-16,-0.7071068
2.165373,-1.875,-0.3856726,-0.7071068,-3.140185e-16,-0.7071068
2.239327,-1.125,-0.4596267,-0.7071068,-3.140185e-16,-0.7071068
2.325,-1.875,-0.5196152,-0.4226183,0.0,-0.9063078
2.325,-1.125,-0.5196152,-0.4226183,0.0,-0.9063078
2.419788,-1.125,-0.5638156,-0.4226183,0.0,-0.9063078
2.325,-1.875,-0.5196152,-0.5735764,0.0,-0.819152
2.239327,-1.875,-0.4596267,-0.5735764,0.0,-0.819152
2.325,-1.125,-0.5196152,-0.5735764,0.0,-0.819152
2.419788,-1.875,-0.5638156,-0.258819,-1.429857e-16,-0.9659258
2.419788,-1.125,-0.5638156,-0.258819,-1.429857e-16,-0.9659258
2.520811,-1.125,-0.5908847,-0.258819,-1.429857e-16,-0.9659258
2.419788,-1.875,-0.5638156,-0.4226183,-1.341605e-16,-0.9063078
2.325,-1.875,-0.5196152,-0.4226183,-1.341605e-16,-0.9063078
2.419788,-1.125,-0.5638156,-0.4226183,-1.341605e-16,-0.9063078
2.520811,-1.875,-0.5908847,-0.08715574,0.0,-0.9961947
2.520811,-1.125,-0.5908847,-0.08715574,0.0,-0.9961947
2.625,-1.125,-0.6,-0.08715574,0.0,-0.9961947
2.520811,-1.875,-0.5908847,-0.258819,0.0,-0.9659258
2.419788,-1.875,-0.5638156,-0.258819,0.0,-0.9659258
2.520811,-1.125,-0.5908847,-0.258819,0.0,-0.9659258
2.625,-1.875,-0.6,0.08715574,-1.474664e-16,-0.9961947
2.625,-1.125,-0.6,0.08715574,-1.474664e-16,-0.9961947
2.729189,-1.125,-0.5908847,0.08715574,-1.474664e-16,-0.9961947
2.625,-1.875,-0.6,-0.08715574,-1.474664e-16,-0.9961947
2.520811,-1.875,-0.5908847,-0.08715574,-1.474664e-16,-0.9961947
2.625,-1.125,-0.6,-0.08715574,-1.474664e-16,-0.9961947
2.729189,-1.875,-0.5908847,0.258819,0.0,-0.9659258
2.729189,-1.125,-0.5908847,0.258819,0.0,-0.9659258
2.830212,-1.125,-0.5638156,0.258819,0.0,-0.9659258
2.729189,-1.875,-0.5908847,0.08715574,0.0,-0.9961947
2.625,-1.875,-0.6,0.08715574,0.0,-0.9961947
2.729189,-1.125,-0.5908847,0.08715574,0.0,-0.9961947
2.830212,-1.875,-0.5638156,0.4226183,-1.341605e-16,-0.9063078
2.830212,-1.125,-0.5638156,0.4226183,-1.341605e-16,-0.9063078
2.925,-1.125,-0.5196152,0.4226183,-1.341605e-16,-0.9063078
2.830212,-1.875,-0.5638156,0.258819,-1.429857e-16,-0.9659258
2.729189,-1.875,-0.5908847,0.258819,-1.429857e-16,-0.9659258
2.830212,-1.125,-0.5638156,0.258819,-1.429857e-16,-0.9659258
2.925,-1.875,-0.5196152,0.5735764,0.0,-0.819152
2.925,-1.125,-0.5196152,0.5735764,0.0,-0.819152
3.010673,-1.125,-0.4596267,0.5735764,0.0,-0.819152
2.925,-1.875,-0.5196152,0.4226183,0.0,-0.9063078
2.830212,-1.875,-0.5638156,0.4226183,0.0,-0.9063078
2.925,-1.125,-0.5196152,0.4226183,0.0,-0.9063078
3.010673,-1.875,-0.4596267,0.7071068,-1.046728e-16,-0.7071068
3.010673,-1.125,-0.4596267,0.7071068,-1.046728e-16,-0.7071068
3.084627,-1.125,-0.3856726,0.7071068,-1.046728e-16,-0.7071068
3.010673,-1.875,-0.4596267,0.5735764,-1.212589e-16,-0.819152
2.925,-1.875,-0.5196152,0.5735764,-1.212589e-16,-0.819152
3.010673,-1.125,-0.4596267,0.5735764,-1.212589e-16,-0.819152
3.112346,-1.502461,-0.3499913,0.8191376,0.005935308,-0.5735663
3.084627,-1.125,-0.3856726,0.8191376,0.005935308,-0.5735663
3.144615,-1.125,-0.3,0.8191376,0.005935308,-0.5735663
3.084627,-1.875,-0.3856726,0.7071068,0.0,-0.7071068
3.010673,-1.875,-0.4596267,0.7071068,0.0,-0.7071068
3.084627,-1.125,-0.3856726,0.7071068,0.0,-0.7071068
3.112346,-1.502461,-0.3499913,0.7897038,0.0,-0.6134883
3.084627,-1.875,-0.3856726,0.7897038,0.0,-0.6134883
3.084627,-1.125,-0.3856726,0.7897038,0.0,-0.6134883
3.154311,-1.293395,-0.2825409,0.9062761,0.00836839,-0.4226035
3.144615,-1.125,-0.3,0.9062761,0.00836839,-0.4226035
3.188816,-1.125,-0.2052121,0.9062761,0.00836839,-0.4226035
3.124468,-1.390712,-0.332463,0.7277753,0.02853368,-0.6852218
3.112346,-1.502461,-0.3499913,0.7277753,0.02853368,-0.6852218
3.144615,-1.125,-0.3,0.7277753,0.02853368,-0.6852218
3.154311,-1.293395,-0.2825409,0.8610141,-0.003150958,-0.5085713
3.124468,-1.390712,-0.332463,0.8610141,-0.003150958,-0.5085713
3.144615,-1.125,-0.3,0.8610141,-0.003150958,-0.5085713
3.214836,-1.167749,-0.1099701,0.9658641,0.01130779,-0.2588025
3.188816,-1.125,-0.2052121,0.9658641,0.01130779,-0.2588025
3.215885,-1.125,-0.1041889,0.9658641,0.01130779,-0.2588025
3.188351,-1.21739,-0.2064853,0.9123629,0.001049316,-0.4093811
3.154311,-1.293395,-0.2825409,0.9123629,0.001049316,-0.4093811
3.188816,-1.125,-0.2052121,0.9123629,0.001049316,-0.4093811
3.214836,-1.167749,-0.1099701,0.9645074,-0.00121597,-0.264053
3.188351,-1.21739,-0.2064853,0.9645074,-0.00121597,-0.264053
3.188816,-1.125,-0.2052121,0.9645074,-0.00121597,-0.264053
1.875,-1.171109,-0.1196234,0.008836675,0.8903965,-0.4551
2.035147,-1.167719,-0.1098808,0.008836675,0.8903965,-0.4551
2.061596,-1.217283,-0.2063382,0.008836675,0.8903965,-0.4551
1.875,-1.231958,-0.2250159,0.0144632,0.7109603,-0.7030834
2.061596,-1.217283,-0.2063382,0.0144632,0.7109603,-0.7030834
2.095601,-1.293171,-0.2823774,0.0144632,0.7109603,-0.7030834
1.875,-1.171109,-0.1196234,-0.01805704,0.8658842,-0.4999185
2.061596,-1.217283,-0.2063382,-0.01805704,0.8658842,-0.4999185
1.875,-1.231958,-0.2250159,-0.01805704,0.8658842,-0.4999185
1.875,-1.325,-0.3031089,0.01681429,0.4612718,-0.8870995
2.095601,-1.293171,-0.2823774,0.01681429,0.4612718,-0.8870995
2.125454,-1.390357,-0.3323459,0.01681429,0.4612718,-0.8870995
1.875,-1.231958,-0.2250159,-0.02076978,0.6427515,-0.7657931
2.095601,-1.293171,-0.2823774,-0.02076978,0.6427515,-0.7657931
1.875,-1.325,-0.3031089,-0.02076978,0.6427515,-0.7657931
1.875,-1.439152,-0.3446394,0.01767228,0.1580287,-0.9872764
2.125454,-1.390357,-0.3323459,0.01767228,0.1580287,-0.9872764
2.137656,-1.50198,-0.3499944,0.01767228,0.1580287,-0.9872764
1.875,-1.325,-0.3031089,-0.02047834,0.3418226,-0.9395413
2.125454,-1.390357,-0.3323459,-0.02047834,0.3418226,-0.9395413
1.875,-1.439152,-0.3446394,-0.02047834,0.3418226,-0.9395413
2.105385,-1.875,-0.3,-0.7615254,-0.0209389,-0.6477967
2.12452,-1.613789,-0.3309384,-0.7615254,-0.0209389,-0.6477967
2.137656,-1.50198,-0.3499944,-0.7615254,-0.0209389,-0.6477967
1.875,-1.560848,-0.3446394,0.01802319,-0.1700404,-0.9852723
2.137656,-1.50198,-0.3499944,0.01802319,-0.1700404,-0.9852723
2.12452,-1.613789,-0.3309384,0.01802319,-0.1700404,-0.9852723
2.165373,-1.875,-0.3856726,-0.8191373,-0.006005842,-0.5735661
2.105385,-1.875,-0.3,-0.8191373,-0.006005842,-0.5735661
2.137656,-1.50198,-0.3499944,-0.8191373,-0.006005842,-0.5735661
1.875,-1.439152,-0.3446394,-0.02038375,0.0,-0.9997922
2.137656,-1.50198,-0.3499944,-0.02038375,0.0,-0.9997922
1.875,-1.560848,-0.3446394,-0.02038375,0.0,-0.9997922
2.105385,-1.875,-0.3,-0.8631785,0.003434469,-0.5048871
2.094317,-1.7101,-0.2799561,-0.8631785,0.003434469,-0.5048871
2.12452,-1.613789,-0.3309384,-0.8631785,0.003434469,-0.5048871
1.875,-1.675,-0.3031089,0.01749834,-0.4720557,-0.881395
2.12452,-1.613789,-0.3309384,0.01749834,-0.4720557,-0.881395
2.094317,-1.7101,-0.2799561,0.01749834,-0.4720557,-0.881395
1.875,-1.560848,-0.3446394,-0.02093466,-0.3418194,-0.9395325
2.12452,-1.613789,-0.3309384,-0.02093466,-0.3418194,-0.9395325
1.875,-1.675,-0.3031089,-0.02093466,-0.3418194,-0.9395325
2.061184,-1.875,-0.2052121,-0.9149933,0.0009652349,-0.4034678
2.060741,-1.784416,-0.2039902,-0.9149933,0.0009652349,-0.4034678
2.094317,-1.7101,-0.2799561,-0.9149933,0.0009652349,-0.4034678
1.875,-1.768042,-0.2250159,0.01544694,-0.718143,-0.6957241
2.094317,-1.7101,-0.2799561,0.01544694,-0.718143,-0.6957241
2.060741,-1.784416,-0.2039902,0.01544694,-0.718143,-0.6957241
2.105385,-1.875,-0.3,-0.9062672,-0.009459789,-0.4225994
2.061184,-1.875,-0.2052121,-0.9062672,-0.009459789,-0.4225994
2.094317,-1.7101,-0.2799561,-0.9062672,-0.009459789,-0.4225994
1.875,-1.675,-0.3031089,-0.02202328,-0.6427342,-0.7657726
2.094317,-1.7101,-0.2799561,-0.02202328,-0.6427342,-0.7657726
1.875,-1.768042,-0.2250159,-0.02202328,-0.6427342,-0.7657726
2.034115,-1.875,-0.1041889,-0.9640305,-0.009295083,-0.265629
2.034883,-1.832752,-0.108455,-0.9640305,-0.009295083,-0.265629
2.060741,-1.784416,-0.2039902,-0.9640305,-0.009295083,-0.265629
1.875,-1.828891,-0.1196234,0.009812506,-0.89332,-0.4493139
2.060741,-1.784416,-0.2039902,0.009812506,-0.89332,-0.4493139
2.034883,-1.832752,-0.108455,0.009812506,-0.89332,-0.4493139
2.061184,-1.875,-0.2052121,-0.9659251,-0.00123508,-0.2588188
2.034115,-1.875,-0.1041889,-0.9659251,-0.00123508,-0.2588188
2.060741,-1.784416,-0.2039902,-0.9659251,-0.00123508,-0.2588188
1.875,-1.768042,-0.2250159,-0.0197416,-0.8658566,-0.4999026
2.060741,-1.784416,-0.2039902,-0.0197416,-0.8658566,-0.4999026
1.875,-1.828891,-0.1196234,-0.0197416,-0.8658566,-0.4999026
2.327537,-2.125,-0.05916902,-0.6243987,-0.7629775,-0.1673071
2.034115,-1.875,-0.1041889,-0.6243987,-0.7629775,-0.1673071
2.061184,-1.875,-0.2052121,-0.6243987,-0.7629775,-0.1673071
2.344827,-2.125,-0.1160515,-0.5862388,-0.7626233,-0.2733676
2.061184,-1.875,-0.2052121,-0.5862388,-0.7626233,-0.2733676
2.105385,-1.875,-0.3,-0.5862388,-0.7626233,-0.2733676
2.344827,-2.125,-0.1160515,-0.6157644,-0.7653782,-0.1871639
2.327537,-2.125,-0.05916902,-0.6157644,-0.7653782,-0.1871639
2.061184,-1.875,-0.2052121,-0.6157644,-0.7653782,-0.1871639
2.372823,-2.125,-0.1684991,-0.5301238,-0.7623528,-0.3711967
2.105385,-1.875,-0.3,-0.5301238,-0.7623528,-0.3711967
2.165373,-1.875,-0.3856726,-0.5301238,-0.7623528,-0.3711967
2.372823,-2.125,-0.1684991,-0.5671503,-0.7659551,-0.302743
2.344827,-2.125,-0.1160515,-0.5671503,-0.7659551,-0.302743
2.105385,-1.875,-0.3,-0.5671503,-0.7659551,-0.302743
2.410541,-2.125,-0.2144587,-0.4576776,-0.7622745,-0.4576776
2.165373,-1.875,-0.3856726,-0.4576776,-0.7622745,-0.4576776
2.239327,-1.875,-0.4596267,-0.4576776,-0.7622745,-0.4576776
2.410541,-2.125,-0.2144587,-0.4966899,-0.7662525,-0.4076228
2.372823,-2.125,-0.1684991,-0.4966899,-0.7662525,-0.4076228
2.165373,-1.875,-0.3856726,-0.4966899,-0.7662525,-0.4076228
2.456501,-2.125,-0.2521768,-0.3711967,-0.7623528,-0.5301238
2.239327,-1.875,-0.4596267,-0.3711967,-0.7623528,-0.5301238
2.325,-1.875,-0.5196152,-0.3711967,-0.7623528,-0.5301238
2.456501,-2.125,-0.2521768,-0.4076228,-0.7662525,-0.4966899
2.410541,-2.125,-0.2144587,-0.4076228,-0.7662525,-0.4966899
2.239327,-1.875,-0.4596267,-0.4076228,-0.7662525,-0.4966899
2.508948,-2.125,-0.2801731,-0.2733676,-0.7626233,-0.5862388
2.325,-1.875,-0.5196152,-0.2733676,-0.7626233,-0.5862388
2.419788,-1.875,-0.5638156,-0.2733676,-0.7626233,-0.5862388
2.508948,-2.125,-0.2801731,-0.302743,-0.7659551,-0.5671503
2.456501,-2.125,-0.2521768,-0.302743,-0.7659551,-0.5671503
2.325,-1.875,-0.5196152,-0.302743,-0.7659551,-0.5671503
2.565831,-2.125,-0.2974628,-0.1673071,-0.7629775,-0.6243987
2.419788,-1.875,-0.5638156,-0.1673071,-0.7629775,-0.6243987
2.520811,-1.875,-0.5908847,-0.1673071,-0.7629775,-0.6243987
2.565831,-2.125,-0.2974628,-0.1871639,-0.7653782,-0.6157644
2.508948,-2.125,-0.2801731,-0.1871639,-0.7653782,-0.6157644
2.419788,-1.875,-0.5638156,-0.1871639,-0.7653782,-0.6157644
2.565831,-2.125,-0.2974628,-0.05621166,-0.7642193,-0.6425022
2.520811,-1.875,-0.5908847,-0.05621166,-0.7642193,-0.6425022
2.625,-1.875,-0.6,-0.05621166,-0.7642193,-0.6425022
2.625,-2.125,-0.3032904,0.05628359,-0.763522,-0.6433244
2.625,-1.875,-0.6,0.05628359,-0.763522,-0.6433244
2.729189,-1.875,-0.5908847,0.05628359,-0.763522,-0.6433244
2.625,-2.125,-0.3032904,-0.06333511,-0.7631989,-0.6430521
2.565831,-2.125,-0.2974628,-0.06333511,-0.7631989,-0.6430521
2.625,-1.875,-0.6,-0.06333511,-0.7631989,-0.6430521
2.684169,-2.125,-0.2974628,0.1673071,-0.7629775,-0.6243987
2.729189,-1.875,-0.5908847,0.1673071,-0.7629775,-0.6243987
2.830212,-1.875,-0.5638156,0.1673071,-0.7629775,-0.6243987
2.684169,-2.125,-0.2974628,0.06319278,-0.7644259,-0.6416071
2.625,-2.125,-0.3032904,0.06319278,-0.7644259,-0.6416071
2.729189,-1.875,-0.5908847,0.06319278,-0.7644259,-0.6416071
2.741052,-2.125,-0.2801731,0.2733676,-0.7626233,-0.5862388
2.830212,-1.875,-0.5638156,0.2733676,-0.7626233,-0.5862388
2.925,-1.875,-0.5196152,0.2733676,-0.7626233,-0.5862388
2.741052,-2.125,-0.2801731,0.1871639,-0.7653782,-0.6157644
2.684169,-2.125,-0.2974628,0.1871639,-0.7653782,-0.6157644
2.830212,-1.875,-0.5638156,0.1871639,-0.7653782,-0.6157644
2.793499,-2.125,-0.2521768,0.3711967,-0.7623528,-0.5301238
2.925,-1.875,-0.5196152,0.3711967,-0.7623528,-0.5301238
3.010673,-1.875,-0.4596267,0.3711967,-0.7623528,-0.5301238
2.793499,-2.125,-0.2521768,0.302743,-0.7659551,-0.5671503
2.741052,-2.125,-0.2801731,0.302743,-0.7659551,-0.5671503
2.925,-1.875,-0.5196152,0.302743,-0.7659551,-0.5671503
2.839459,-2.125,-0.2144587,0.4576776,-0.7622745,-0.4576776
3.010673,-1.875,-0.4596267,0.4576776,-0.7622745,-0.4576776
3.084627,-1.875,-0.3856726,0.4576776,-0.7622745,-0.4576776
2.839459,-2.125,-0.2144587,0.4076228,-0.7662525,-0.4966899
2.793499,-2.125,-0.2521768,0.4076228,-0.7662525,-0.4966899
3.010673,-1.875,-0.4596267,0.4076228,-0.7662525,-0.4966899
3.125608,-1.614347,-0.3307446,0.8191264,-0.007919341,-0.5735584
3.144615,-1.875,-0.3,0.8191264,-0.007919341,-0.5735584
3.084627,-1.875,-0.3856726,0.8191264,-0.007919341,-0.5735584
2.877177,-2.125,-0.1684991,0.5301238,-0.7623528,-0.3711967
3.084627,-1.875,-0.3856726,0.5301238,-0.7623528,-0.3711967
3.144615,-1.875,-0.3,0.5301238,-0.7623528,-0.3711967
3.112346,-1.502461,-0.3499913,0.8113549,-0.004383846,-0.5845374
3.125608,-1.614347,-0.3307446,0.8113549,-0.004383846,-0.5845374
3.084627,-1.875,-0.3856726,0.8113549,-0.004383846,-0.5845374
2.877177,-2.125,-0.1684991,0.4966899,-0.7662525,-0.4076228
2.839459,-2.125,-0.2144587,0.4966899,-0.7662525,-0.4076228
3.084627,-1.875,-0.3856726,0.4966899,-0.7662525,-0.4076228
3.155831,-1.710474,-0.2796753,0.9062662,-0.009575519,-0.4225989
3.188816,-1.875,-0.2052121,0.9062662,-0.009575519,-0.4225989
3.144615,-1.875,-0.3,0.9062662,-0.009575519,-0.4225989
2.905173,-2.125,-0.1160515,0.5862388,-0.7626233,-0.2733676
3.144615,-1.875,-0.3,0.5862388,-0.7626233,-0.2733676
3.188816,-1.875,-0.2052121,0.5862388,-0.7626233,-0.2733676
3.125608,-1.614347,-0.3307446,0.8634208,0.003459596,-0.5044725
3.155831,-1.710474,-0.2796753,0.8634208,0.003459596,-0.5044725
3.144615,-1.875,-0.3,0.8634208,0.003459596,-0.5044725
2.905173,-2.125,-0.1160515,0.5671503,-0.7659551,-0.302743
2.877177,-2.125,-0.1684991,0.5671503,-0.7659551,-0.302743
3.144615,-1.875,-0.3,0.5671503,-0.7659551,-0.302743
3.21514,-1.832794,-0.1083254,0.9658923,-0.008331224,-0.2588101
3.215885,-1.875,-0.1041889,0.9658923,-0.008331224,-0.2588101
3.188816,-1.875,-0.2052121,0.9658923,-0.008331224,-0.2588101
2.922463,-2.125,-0.05916902,0.6243987,-0.7629775,-0.1673071
3.188816,-1.875,-0.2052121,0.6243987,-0.7629775,-0.1673071
3.215885,-1.875,-0.1041889,0.6243987,-0.7629775,-0.1673071
3.189336,-1.78457,-0.2037765,0.9651668,-0.001401318,-0.2616318
3.21514,-1.832794,-0.1083254,0.9651668,-0.001401318,-0.2616318
3.188816,-1.875,-0.2052121,0.9651668,-0.001401318,-0.2616318
3.155831,-1.710474,-0.2796753,0.9152346,0.001129057,-0.4029199
3.189336,-1.78457,-0.2037765,0.9152346,0.001129057,-0.4029199
3.188816,-1.875,-0.2052121,0.9152346,0.001129057,-0.4029199
2.922463,-2.125,-0.05916902,0.6157644,-0.7653782,-0.1871639
2.905173,-2.125,-0.1160515,0.6157644,-0.7653782,-0.1871639
3.188816,-1.875,-0.2052121,0.6157644,-0.7653782,-0.1871639
3.375,-1.828891,-0.1196234,-0.009899315,-0.8935869,-0.4487811
3.21514,-1.832794,-0.1083254,-0.009899315,-0.8935869,-0.4487811
3.189336,-1.78457,-0.2037765,-0.009899315,-0.8935869,-0.4487811
3.375,-1.768042,-0.2250159,-0.0155065,-0.7188814,-0.6949598
3.189336,-1.78457,-0.2037765,-0.0155065,-0.7188814,-0.6949598
3.155831,-1.710474,-0.2796753,-0.0155065,-0.7188814,-0.6949598
3.375,-1.828891,-0.1196234,0.01989126,-0.8658541,-0.4999011
3.189336,-1.78457,-0.2037765,0.01989126,-0.8658541,-0.4999011
3.375,-1.768042,-0.2250159,0.01989126,-0.8658541,-0.4999011
3.375,-1.675,-0.3031089,-0.01754005,-0.4733922,-0.8806771
3.155831,-1.710474,-0.2796753,-0.01754005,-0.4733922,-0.8806771
3.125608,-1.614347,-0.3307446,-0.01754005,-0.4733922,-0.8806771
3.375,-1.768042,-0.2250159,0.0221549,-0.6427324,-0.7657704
3.155831,-1.710474,-0.2796753,0.0221549,-0.6427324,-0.7657704
3.375,-1.675,-0.3031089,0.0221549,-0.6427324,-0.7657704
3.375,-1.560848,-0.3446394,-0.01807152,-0.171583,-0.9850039
3.125608,-1.614347,-0.3307446,-0.01807152,-0.171583,-0.9850039
3.112346,-1.502461,-0.3499913,-0.01807152,-0.171583,-0.9850039
3.375,-1.675,-0.3031089,0.02098053,-0.3418191,-0.9395316
3.125608,-1.614347,-0.3307446,0.02098053,-0.3418191,-0.9395316
3.375,-1.560848,-0.3446394,0.02098053,-0.3418191,-0.9395316
3.375,-1.439152,-0.3446394,-0.01767502,0.1568066,-0.9874712
3.112346,-1.502461,-0.3499913,-0.01767502,0.1568066,-0.9874712
3.124468,-1.390712,-0.332463,-0.01767502,0.1568066,-0.9874712
3.375,-1.560848,-0.3446394,0.0203723,0.0,-0.9997925
3.112346,-1.502461,-0.3499913,0.0203723,0.0,-0.9997925
3.375,-1.439152,-0.3446394,0.0203723,0.0,-0.9997925
3.375,-1.325,-0.3031089,-0.01677744,0.4604357,-0.8875345
3.124468,-1.390712,-0.332463,-0.01677744,0.4604357,-0.8875345
3.154311,-1.293395,-0.2825409,-0.01677744,0.4604357,-0.8875345
3.375,-1.439152,-0.3446394,0.02042697,0.341823,-0.9395423
3.124468,-1.390712,-0.332463,0.02042697,0.341823,-0.9395423
3.375,-1.325,-0.3031089,0.02042697,0.341823,-0.9395423
3.375,-1.231958,-0.2250159,-0.01439887,0.7104868,-0.7035632
3.154311,-1.293395,-0.2825409,-0.01439887,0.7104868,-0.7035632
3.188351,-1.21739,-0.2064853,-0.01439887,0.7104868,-0.7035632
3.375,-1.325,-0.3031089,0.02067876,0.6427527,-0.7657946
3.154311,-1.293395,-0.2825409,0.02067876,0.6427527,-0.7657946
3.375,-1.231958,-0.2250159,0.02067876,0.6427527,-0.7657946
3.375,-1.171109,-0.1196234,-0.00877224,0.8902105,-0.4554649
3.188351,-1.21739,-0.2064853,-0.00877224,0.8902105,-0.4554649
3.214836,-1.167749,-0.1099701,-0.00877224,0.8902105,-0.4554649
3.375,-1.231958,-0.2250159,0.01794726,0.8658859,-0.4999195
3.188351,-1.21739,-0.2064853,0.01794726,0.8658859,-0.4999195
3.375,-1.171109,-0.1196234,0.01794726,0.8658859,-0.4999195
2.332286,-2.125,-0.06270092,0.0,-1.0,0.0
2.327537,-2.125,-0.05916902,0.0,-1.0,0.0
2.344827,-2.125,-0.1160515,0.0,-1.0,0.0
2.3286,-2.125,-0.04195359,0.0,-1.0,0.0
2.326384,-2.125,-0.02101862,0.0,-1.0,0.0
2.327537,-2.125,-0.05916902,0.0,-1.0,0.0
2.332286,-2.125,-0.06270092,0.0,-1.0,0.0
2.3286,-2.125,-0.04195359,0.0,-1.0,0.0
2.327537,-2.125,-0.05916902,0.0,-1.0,0.0
2.351986,-2.125,-0.1227868,0.0,-1.0,0.0
2.344827,-2.125,-0.1160515,0.0,-1.0,0.0
2.372823,-2.125,-0.1684991,0.0,-1.0,0.0
2.337428,-2.125,-0.08315929,0.0,-1.0,0.0
2.332286,-2.125,-0.06270092,0.0,-1.0,0.0
2.344827,-2.125,-0.1160515,0.0,-1.0,0.0
2.344028,-2.125,-0.1032537,0.0,-1.0,0.0
2.337428,-2.125,-0.08315929,0.0,-1.0,0.0
2.344827,-2.125,-0.1160515,0.0,-1.0,0.0
2.351986,-2.125,-0.1227868,0.0,-1.0,0.0
2.344028,-2.125,-0.1032537,0.0,-1.0,0.0
2.344827,-2.125,-0.1160515,0.0,-1.0,0.0
2.38394,-2.125,-0.1774907,0.0,-1.0,0.0
2.372823,-2.125,-0.1684991,0.0,-1.0,0.0
2.410541,-2.125,-0.2144587,0.0,-1.0,0.0
2.361338,-2.125,-0.1417582,-6.308613e-13,-1.0,-2.875637e-13
2.351986,-2.125,-0.1227868,-6.308613e-13,-1.0,-2.875637e-13
2.372823,-2.125,-0.1684991,-6.308613e-13,-1.0,-2.875637e-13
2.372013,-2.125,-0.1600331,-1.073994e-13,-1.0,-6.273543e-14
2.361338,-2.125,-0.1417582,-1.073994e-13,-1.0,-6.273543e-14
2.372823,-2.125,-0.1684991,-1.073994e-13,-1.0,-6.273543e-14
2.38394,-2.125,-0.1774907,-4.598966e-14,-1.0,-5.685739e-14
2.372013,-2.125,-0.1600331,-4.598966e-14,-1.0,-5.685739e-14
2.372823,-2.125,-0.1684991,-4.598966e-14,-1.0,-5.685739e-14
2.426544,-2.125,-0.2241166,0.0,-1.0,0.0
2.410541,-2.125,-0.2144587,0.0,-1.0,0.0
2.456501,-2.125,-0.2521768,0.0,-1.0,0.0
2.397017,-2.125,-0.1939961,0.0,-1.0,0.0
2.38394,-2.125,-0.1774907,0.0,-1.0,0.0
2.410541,-2.125,-0.2144587,0.0,-1.0,0.0
2.411251,-2.125,-0.2095811,0.0,-1.0,0.0
2.397017,-2.125,-0.1939961,0.0,-1.0,0.0
2.410541,-2.125,-0.2144587,0.0,-1.0,0.0
2.426544,-2.125,-0.2241166,0.0,-1.0,0.0
2.411251,-2.125,-0.2095811,0.0,-1.0,0.0
2.410541,-2.125,-0.2144587,0.0,-1.0,0.0
2.460132,-2.125,-0.2498629,0.0,-1.0,0.0
2.456501,-2.125,-0.2521768,0.0,-1.0,0.0
2.508948,-2.125,-0.2801731,0.0,-1.0,0.0
2.442871,-2.125,-0.2375757,0.0,-1.0,0.0
2.426544,-2.125,-0.2241166,0.0,-1.0,0.0
2.456501,-2.125,-0.2521768,0.0,-1.0,0.0
2.460132,-2.125,-0.2498629,0.0,-1.0,0.0
2.442871,-2.125,-0.2375757,0.0,-1.0,0.0
2.456501,-2.125,-0.2521768,0.0,-1.0,0.0
2.516292,-2.125,-0.2789189,0.0,-1.0,0.0
2.508948,-2.125,-0.2801731,0.0,-1.0,0.0
2.565831,-2.125,-0.2974628,0.0,-1.0,0.0
2.478196,-2.125,-0.2608861,0.0,-1.0,0.0
2.460132,-2.125,-0.2498629,0.0,-1.0,0.0
2.508948,-2.125,-0.2801731,0.0,-1.0,0.0
2.496938,-2.125,-0.2705792,0.0,-1.0,0.0
2.478196,-2.125,-0.2608861,0.0,-1.0,0.0
2.508948,-2.125,-0.2801731,0.0,-1.0,0.0
2.516292,-2.125,-0.2789189,0.0,-1.0,0.0
2.496938,-2.125,-0.2705792,0.0,-1.0,0.0
2.508948,-2.125,-0.2801731,0.0,-1.0,0.0
2.577527,-2.125,-0.2955395,0.0,-1.0,0.0
2.565831,-2.125,-0.2974628,0.0,-1.0,0.0
2.625,-2.125,-0.3032904,0.0,-1.0,0.0
2.536218,-2.125,-0.2858859,0.0,-1.0,0.0
2.516292,-2.125,-0.2789189,0.0,-1.0,0.0
2.565831,-2.125,-0.2974628,0.0,-1.0,0.0
2.556666,-2.125,-0.2914506,0.0,-1.0,0.0
2.536218,-2.125,-0.2858859,0.0,-1.0,0.0
2.565831,-2.125,-0.2974628,0.0,-1.0,0.0
2.577527,-2.125,-0.2955395,0.0,-1.0,0.0
2.556666,-2.125,-0.2914506,0.0,-1.0,0.0
2.565831,-2.125,-0.2974628,0.0,-1.0,0.0
2.640504,-2.125,-0.2989527,0.0,-1.0,0.0
2.625,-2.125,-0.3032904,0.0,-1.0,0.0
2.684169,-2.125,-0.2974628,0.0,-1.0,0.0
2.598489,-2.125,-0.2981782,0.0,-1.0,0.0
2.577527,-2.125,-0.2955395,0.0,-1.0,0.0
2.625,-2.125,-0.3032904,0.0,-1.0,0.0
2.619514,-2.125,-0.2993041,0.0,-1.0,0.0
2.598489,-2.125,-0.2981782,0.0,-1.0,0.0
2.625,-2.125,-0.3032904,0.0,-1.0,0.0
2.640504,-2.125,-0.2989527,0.0,-1.0,0.0
2.619514,-2.125,-0.2993041,0.0,-1.0,0.0
2.625,-2.125,-0.3032904,0.0,-1.0,0.0
2.702627,-2.125,-0.2891143,0.0,-1.0,0.0
2.684169,-2.125,-0.2974628,0.0,-1.0,0.0
2.741052,-2.125,-0.2801731,0.0,-1.0,0.0
2.661407,-2.125,-0.2971323,0.0,-1.0,0.0
2.640504,-2.125,-0.2989527,0.0,-1.0,0.0
2.684169,-2.125,-0.2974628,0.0,-1.0,0.0
2.682124,-2.125,-0.2938341,0.0,-1.0,0.0
2.661407,-2.125,-0.2971323,0.0,-1.0,0.0
2.684169,-2.125,-0.2974628,0.0,-1.0,0.0
2.702627,-2.125,-0.2891143,0.0,-1.0,0.0
2.682124,-2.125,-0.2938341,0.0,-1.0,0.0
2.684169,-2.125,-0.2974628,0.0,-1.0,0.0
2.74201,-2.125,-0.2755388,0.0,-1.0,0.0
2.741052,-2.125,-0.2801731,0.0,-1.0,0.0
2.793499,-2.125,-0.2521768,0.0,-1.0,0.0
2.722623,-2.125,-0.282989,0.0,-1.0,0.0
2.702627,-2.125,-0.2891143,0.0,-1.0,0.0
2.741052,-2.125,-0.2801731,0.0,-1.0,0.0
2.74201,-2.125,-0.2755388,0.0,-1.0,0.0
2.722623,-2.125,-0.282989,0.0,-1.0,0.0
2.741052,-2.125,-0.2801731,0.0,-1.0,0.0
2.7962,-2.125,-0.2455678,0.0,-1.0,0.0
2.793499,-2.125,-0.2521768,0.0,-1.0,0.0
2.839459,-2.125,-0.2144587,0.0,-1.0,0.0
2.760753,-2.125,-0.2668035,0.0,-1.0,0.0
2.74201,-2.125,-0.2755388,0.0,-1.0,0.0
2.793499,-2.125,-0.2521768,0.0,-1.0,0.0
2.778836,-2.125,-0.2568027,0.0,-1.0,0.0
2.760753,-2.125,-0.2668035,0.0,-1.0,0.0
2.793499,-2.125,-0.2521768,0.0,-1.0,0.0
2.7962,-2.125,-0.2455678,0.0,-1.0,0.0
2.778836,-2.125,-0.2568027,0.0,-1.0,0.0
2.793499,-2.125,-0.2521768,0.0,-1.0,0.0
2.84295,-2.125,-0.2052092,0.0,-1.0,0.0
2.839459,-2.125,-0.2144587,0.0,-1.0,0.0
2.877177,-2.125,-0.1684991,0.0,-1.0,0.0
2.812736,-2.125,-0.2331701,0.0,-1.0,0.0
2.7962,-2.125,-0.2455678,0.0,-1.0,0.0
2.839459,-2.125,-0.2144587,0.0,-1.0,0.0
2.828348,-2.125,-0.2196874,0.0,-1.0,0.0
2.812736,-2.125,-0.2331701,0.0,-1.0,0.0
2.839459,-2.125,-0.2144587,0.0,-1.0,0.0
2.84295,-2.125,-0.2052092,0.0,-1.0,0.0
2.828348,-2.125,-0.2196874,0.0,-1.0,0.0
2.839459,-2.125,-0.2144587,0.0,-1.0,0.0
2.880317,-2.125,-0.1562892,0.0,-1.0,0.0
2.877177,-2.125,-0.1684991,0.0,-1.0,0.0
2.905173,-2.125,-0.1160515,0.0,-1.0,0.0
2.856518,-2.125,-0.1897665,0.0,-1.0,0.0
2.84295,-2.125,-0.2052092,0.0,-1.0,0.0
2.877177,-2.125,-0.1684991,0.0,-1.0,0.0
2.86897,-2.125,-0.1734694,0.0,-1.0,0.0
2.856518,-2.125,-0.1897665,0.0,-1.0,0.0
2.877177,-2.125,-0.1684991,0.0,-1.0,0.0
2.880317,-2.125,-0.1562892,0.0,-1.0,0.0
2.86897,-2.125,-0.1734694,0.0,-1.0,0.0
2.877177,-2.125,-0.1684991,0.0,-1.0,0.0
2.906909,-2.125,-0.1006699,0.0,-1.0,0.0
2.905173,-2.125,-0.1160515,0.0,-1.0,0.0
2.922463,-2.125,-0.05916902,0.0,-1.0,0.0
2.890464,-2.125,-0.1383536,0.0,-1.0,0.0
2.880317,-2.125,-0.1562892,0.0,-1.0,0.0
2.905173,-2.125,-0.1160515,0.0,-1.0,0.0
2.899349,-2.125,-0.1197727,0.0,-1.0,0.0
2.890464,-2.125,-0.1383536,0.0,-1.0,0.0
2.905173,-2.125,-0.1160515,0.0,-1.0,0.0
2.906909,-2.125,-0.1006699,0.0,-1.0,0.0
2.899349,-2.125,-0.1197727,0.0,-1.0,0.0
2.905173,-2.125,-0.1160515,0.0,-1.0,0.0
2.913174,-2.125,-0.08104696,0.0,-1.0,0.0
2.906909,-2.125,-0.1006699,0.0,-1.0,0.0
2.922463,-2.125,-0.05916902,0.0,-1.0,0.0
2.918055,-2.125,-0.06108894,0.0,-1.0,0.0
2.913174,-2.125,-0.08104696,0.0,-1.0,0.0
2.922463,-2.125,-0.05916902,0.0,-1.0,0.0
2.921552,-2.125,-0.04086594,0.0,-1.0,0.0
2.918055,-2.125,-0.06108894,0.0,-1.0,0.0
2.922463,-2.125,-0.05916902,0.0,-1.0,0.0
2.923654,-2.125,-0.02047093,0.0,-1.0,0.0
2.921552,-2.125,-0.04086594,0.0,-1.0,0.0
2.922463,-2.125,-0.05916902,0.0,-1.0,0.0
