-0.1471316,-0.1847638,0.0,0.0,0.0,-1.0
-0.04100705,0.009514373,0.0,0.0,0.0,-1.0
0.0,-9.874751e-17,0.0,0.0,0.0,-1.0
0.0,-9.874751e-17,0.01,0.2260143,0.974124,-1.200701e-30
0.0,-9.874751e-17,0.0,0.2260143,0.974124,-1.200701e-30
-0.04100705,0.009514373,0.0,0.2260143,0.974124,-1.200701e-30
-0.1471316,-0.1847638,0.0,0.0,0.0,-1.0
0.0,-9.874751e-17,0.0,0.0,0.0,-1.0
0.0,-0.34375,0.0,0.0,0.0,-1.0
0.0,-0.34375,0.01,1.0,0.0,0.0
0.0,-0.34375,0.0,1.0,0.0,0.0
0.0,-9.874751e-17,0.0,1.0,0.0,0.0
0.0,-0.34375,0.01,1.0,0.0,0.0
0.0,-9.874751e-17,0.0,1.0,0.0,0.0
0.0,-9.874751e-17,0.01,1.0,0.0,0.0
-0.1331218,-0.158069,0.0,0.0,0.0,-1.0
-0.08237022,0.01732048,0.0,0.0,0.0,-1.0
-0.04100705,0.009514373,0.0,0.0,0.0,-1.0
-0.04100705,0.009514373,0.01,0.1854476,0.9826542,0.0
-0.04100705,0.009514373,0.0,0.1854476,0.9826542,0.0
-0.08237022,0.01732048,0.0,0.1854476,0.9826542,0.0
-0.1471316,-0.1847638,0.0,0.0,0.0,-1.0
-0.1331218,-0.158069,0.0,0.0,0.0,-1.0
-0.04100705,0.009514373,0.0,0.0,0.0,-1.0
-0.04100705,0.009514373,0.01,0.2260143,0.974124,0.0
0.0,-9.874751e-17,0.01,0.2260143,0.974124,0.0
-0.04100705,0.009514373,0.0,0.2260143,0.974124,0.0
-0.1259132,-0.1288246,0.0,0.0,0.0,-1.0
-0.1240272,0.02340722,0.0,0.0,0.0,-1.0
-0.08237022,0.01732048,0.0,0.0,0.0,-1.0
-0.08237022,0.01732048,0.01,0.1445805,0.989493,0.0
-0.08237022,0.01732048,0.0,0.1445805,0.989493,0.0
-0.1240272,0.02340722,0.0,0.1445805,0.989493,0.0
-0.1331218,-0.158069,0.0,0.0,0.0,-1.0
-0.1259132,-0.1288246,0.0,0.0,0.0,-1.0
-0.08237022,0.01732048,0.0,0.0,0.0,-1.0
-0.04100705,0.009514373,0.01,0.1854476,0.9826542,0.0
-0.08237022,0.01732048,0.0,0.1854476,0.9826542,0.0
-0.08237022,0.01732048,0.01,0.1854476,0.9826542,0.0
-0.1471316,-0.04273619,0.0,0.0,0.0,-1.0
-0.1659007,0.02776179,0.0,0.0,0.0,-1.0
-0.1240272,0.02340722,0.0,0.0,0.0,-1.0
-0.1240272,0.02340722,0.01,0.1034357,0.9946361,0.0
-0.1240272,0.02340722,0.0,0.1034357,0.9946361,0.0
-0.1659007,0.02776179,0.0,0.1034357,0.9946361,0.0
-0.1331218,-0.06943104,0.0,0.0,0.0,-1.0
-0.1471316,-0.04273619,0.0,0.0,0.0,-1.0
-0.1240272,0.02340722,0.0,0.0,0.0,-1.0
-0.1259132,-0.09867535,0.0,0.0,0.0,-1.0
-0.1331218,-0.06943104,0.0,0.0,0.0,-1.0
-0.1240272,0.02340722,0.0,0.0,0.0,-1.0
-0.1259132,-0.1288246,0.0,0.0,0.0,-1.0
-0.1259132,-0.09867535,0.0,0.0,0.0,-1.0
-0.1240272,0.02340722,0.0,0.0,0.0,-1.0
-0.08237022,0.01732048,0.01,0.1445805,0.989493,0.0
-0.1240272,0.02340722,0.0,0.1445805,0.989493,0.0
-0.1240272,0.02340722,0.01,0.1445805,0.989493,0.0
-0.191914,-0.00306587,0.0,0.0,0.0,-1.0
-0.2079127,0.03037758,0.0,0.0,0.0,-1.0
-0.1659007,0.02776179,0.0,0.0,0.0,-1.0
-0.1659007,0.02776179,0.01,0.06214262,0.9980673,0.0
-0.1659007,0.02776179,0.0,0.06214262,0.9980673,0.0
-0.2079127,0.03037758,0.0,0.06214262,0.9980673,0.0
-0.1671074,-0.02019028,0.0,0.0,0.0,-1.0
-0.191914,-0.00306587,0.0,0.0,0.0,-1.0
-0.1659007,0.02776179,0.0,0.0,0.0,-1.0
-0.1471316,-0.04273619,0.0,0.0,0.0,-1.0
-0.1671074,-0.02019028,0.0,0.0,0.0,-1.0
-0.1659007,0.02776179,0.0,0.0,0.0,-1.0
-0.1240272,0.02340722,0.01,0.1034357,0.9946361,0.0
-0.1659007,0.02776179,0.0,0.1034357,0.9946361,0.0
-0.1659007,0.02776179,0.01,0.1034357,0.9946361,0.0
-0.25,0.01125,0.0,0.0,0.0,-1.0
-0.25,0.03125,0.0,0.0,0.0,-1.0
-0.2079127,0.03037758,0.0,0.0,0.0,-1.0
-0.2079127,0.03037758,0.01,0.02072435,0.9997852,0.0
-0.2079127,0.03037758,0.0,0.02072435,0.9997852,0.0
-0.25,0.03125,0.0,0.02072435,0.9997852,0.0
-0.2200845,0.007615649,0.0,0.0,0.0,-1.0
-0.25,0.01125,0.0,0.0,0.0,-1.0
-0.2079127,0.03037758,0.0,0.0,0.0,-1.0
-0.191914,-0.00306587,0.0,0.0,0.0,-1.0
-0.2200845,0.007615649,0.0,0.0,0.0,-1.0
-0.2079127,0.03037758,0.0,0.0,0.0,-1.0
-0.1659007,0.02776179,0.01,0.06214262,0.9980673,0.0
-0.2079127,0.03037758,0.0,0.06214262,0.9980673,0.0
-0.2079127,0.03037758,0.01,0.06214262,0.9980673,0.0
-0.2799155,0.007615649,0.0,0.0,0.0,-1.0
-0.2920873,0.03037758,0.0,0.0,0.0,-1.0
-0.25,0.03125,0.0,0.0,0.0,-1.0
-0.25,0.03125,0.01,-0.02072435,0.9997852,0.0
-0.25,0.03125,0.0,-0.02072435,0.9997852,0.0
-0.2920873,0.03037758,0.0,-0.02072435,0.9997852,0.0
-0.25,0.01125,0.0,0.0,0.0,-1.0
-0.2799155,0.007615649,0.0,0.0,0.0,-1.0
-0.25,0.03125,0.0,0.0,0.0,-1.0
-0.2079127,0.03037758,0.01,0.02072435,0.9997852,0.0
-0.25,0.03125,0.0,0.02072435,0.9997852,0.0
-0.25,0.03125,0.01,0.02072435,0.9997852,0.0
-0.3328926,-0.02019028,0.0,0.0,0.0,-1.0
-0.3340993,0.02776179,0.0,0.0,0.0,-1.0
-0.2920873,0.03037758,0.0,0.0,0.0,-1.0
-0.2920873,0.03037758,0.01,-0.06214262,0.9980673,0.0
-0.2920873,0.03037758,0.0,-0.06214262,0.9980673,0.0
-0.3340993,0.02776179,0.0,-0.06214262,0.9980673,0.0
-0.308086,-0.00306587,0.0,0.0,0.0,-1.0
-0.3328926,-0.02019028,0.0,0.0,0.0,-1.0
-0.2920873,0.03037758,0.0,0.0,0.0,-1.0
-0.2799155,0.007615649,0.0,0.0,0.0,-1.0
-0.308086,-0.00306587,0.0,0.0,0.0,-1.0
-0.2920873,0.03037758,0.0,0.0,0.0,-1.0
-0.25,0.03125,0.01,-0.02072435,0.9997852,0.0
-0.2920873,0.03037758,0.0,-0.02072435,0.9997852,0.0
-0.2920873,0.03037758,0.01,-0.02072435,0.9997852,0.0
-0.3668782,-0.06943104,0.0,0.0,0.0,-1.0
-0.3759728,0.02340722,0.0,0.0,0.0,-1.0
-0.3340993,0.02776179,0.0,0.0,0.0,-1.0
-0.3340993,0.02776179,0.01,-0.1034357,0.9946361,0.0
-0.3340993,0.02776179,0.0,-0.1034357,0.9946361,0.0
-0.3759728,0.02340722,0.0,-0.1034357,0.9946361,0.0
-0.3528684,-0.04273619,0.0,0.0,0.0,-1.0
-0.3668782,-0.06943104,0.0,0.0,0.0,-1.0
-0.3340993,0.02776179,0.0,0.0,0.0,-1.0
-0.3328926,-0.02019028,0.0,0.0,0.0,-1.0
-0.3528684,-0.04273619,0.0,0.0,0.0,-1.0
-0.3340993,0.02776179,0.0,0.0,0.0,-1.0
-0.2920873,0.03037758,0.01,-0.06214262,0.9980673,0.0
-0.3340993,0.02776179,0.0,-0.06214262,0.9980673,0.0
-0.3340993,0.02776179,0.01,-0.06214262,0.9980673,0.0
-0.5,-0.34375,0.0,0.0,0.0,-1.0
-0.4176298,0.01732048,0.0,0.0,0.0,-1.0
-0.3759728,0.02340722,0.0,0.0,0.0,-1.0
-0.3759728,0.02340722,0.01,-0.1445805,0.989493,0.0
-0.3759728,0.02340722,0.0,-0.1445805,0.989493,0.0
-0.4176298,0.01732048,0.0,-0.1445805,0.989493,0.0
-0.3740868,-0.09867535,0.0,0.0,0.0,-1.0
-0.5,-0.34375,0.0,0.0,0.0,-1.0
-0.3759728,0.02340722,0.0,0.0,0.0,-1.0
-0.3668782,-0.06943104,0.0,0.0,0.0,-1.0
-0.3740868,-0.09867535,0.0,0.0,0.0,-1.0
-0.3759728,0.02340722,0.0,0.0,0.0,-1.0
-0.3340993,0.02776179,0.01,-0.1034357,0.9946361,0.0
-0.3759728,0.02340722,0.0,-0.1034357,0.9946361,0.0
-0.3759728,0.02340722,0.01,-0.1034357,0.9946361,0.0
-0.5,-0.34375,0.0,0.0,0.0,-1.0
-0.458993,0.009514373,0.0,0.0,0.0,-1.0
-0.4176298,0.01732048,0.0,0.0,0.0,-1.0
-0.4176298,0.01732048,0.01,-0.1854476,0.9826542,0.0
-0.4176298,0.01732048,0.0,-0.1854476,0.9826542,0.0
-0.458993,0.009514373,0.0,-0.1854476,0.9826542,0.0
-0.3759728,0.02340722,0.01,-0.1445805,0.989493,0.0
-0.4176298,0.01732048,0.0,-0.1445805,0.989493,0.0
-0.4176298,0.01732048,0.01,-0.1445805,0.989493,0.0
-0.5,-0.34375,0.0,0.0,0.0,-1.0
-0.5,0.0,0.0,0.0,0.0,-1.0
-0.458993,0.009514373,0.0,0.0,0.0,-1.0
-0.458993,0.009514373,0.01,-0.2260143,0.974124,0.0
-0.458993,0.009514373,0.0,-0.2260143,0.974124,0.0
-0.5,0.0,0.0,-0.2260143,0.974124,0.0
-0.4176298,0.01732048,0.01,-0.1854476,0.9826542,0.0
-0.458993,0.009514373,0.0,-0.1854476,0.9826542,0.0
-0.458993,0.009514373,0.01,-0.1854476,0.9826542,0.0
-0.5,0.0,0.01,-1.0,0.0,0.0
-0.5,0.0,0.0,-1.0,0.0,0.0
-0.5,-0.34375,0.0,-1.0,0.0,0.0
-0.458993,0.009514373,0.01,-0.2260143,0.974124,0.0
-0.5,0.0,0.0,-0.2260143,0.974124,0.0
-0.5,0.0,0.01,-0.2260143,0.974124,0.0
-0.191914,-0.2244341,0.0,0.0,0.0,-1.0
0.0,-0.34375,0.0,0.0,0.0,-1.0
-0.5,-0.34375,0.0,0.0,0.0,-1.0
-0.5,-0.34375,0.01,0.0,-1.0,0.0
-0.5,-0.34375,0.0,0.0,-1.0,0.0
0.0,-0.34375,0.0,0.0,-1.0,0.0
-0.2799155,-0.2351156,0.0,0.0,0.0,-1.0
-0.25,-0.23875,0.0,0.0,0.0,-1.0
-0.5,-0.34375,0.0,0.0,0.0,-1.0
-0.2200845,-0.2351156,0.0,0.0,0.0,-1.0
-0.5,-0.34375,0.0,0.0,0.0,-1.0
-0.25,-0.23875,0.0,0.0,0.0,-1.0
-0.308086,-0.2244341,0.0,0.0,0.0,-1.0
-0.2799155,-0.2351156,0.0,0.0,0.0,-1.0
-0.5,-0.34375,0.0,0.0,0.0,-1.0
-0.3328926,-0.2073097,0.0,0.0,0.0,-1.0
-0.308086,-0.2244341,0.0,0.0,0.0,-1.0
-0.5,-0.34375,0.0,0.0,0.0,-1.0
-0.3528684,-0.1847638,0.0,0.0,0.0,-1.0
-0.3328926,-0.2073097,0.0,0.0,0.0,-1.0
-0.5,-0.34375,0.0,0.0,0.0,-1.0
-0.3668782,-0.158069,0.0,0.0,0.0,-1.0
-0.3528684,-0.1847638,0.0,0.0,0.0,-1.0
-0.5,-0.34375,0.0,0.0,0.0,-1.0
-0.3740868,-0.1288246,0.0,0.0,0.0,-1.0
-0.3668782,-0.158069,0.0,0.0,0.0,-1.0
-0.5,-0.34375,0.0,0.0,0.0,-1.0
-0.3740868,-0.09867535,0.0,0.0,0.0,-1.0
-0.3740868,-0.1288246,0.0,0.0,0.0,-1.0
-0.5,-0.34375,0.0,0.0,0.0,-1.0
-0.2200845,-0.2351156,0.0,0.0,0.0,-1.0
-0.191914,-0.2244341,0.0,0.0,0.0,-1.0
-0.5,-0.34375,0.0,0.0,0.0,-1.0
-0.5,0.0,0.01,-1.0,0.0,0.0
-0.5,-0.34375,0.0,-1.0,0.0,0.0
-0.5,-0.34375,0.01,-1.0,0.0,0.0
-0.1671074,-0.2073097,0.0,0.0,0.0,-1.0
-0.1471316,-0.1847638,0.0,0.0,0.0,-1.0
0.0,-0.34375,0.0,0.0,0.0,-1.0
-0.191914,-0.2244341,0.0,0.0,0.0,-1.0
-0.1671074,-0.2073097,0.0,0.0,0.0,-1.0
0.0,-0.34375,0.0,0.0,0.0,-1.0
-0.5,-0.34375,0.01,0.0,-1.0,0.0
0.0,-0.34375,0.0,0.0,-1.0,0.0
0.0,-0.34375,0.01,0.0,-1.0,0.0
-0.25,-0.1829506,0.0525,0.08296157,0.682884,-0.7258008
-0.25,-0.23875,0.0,0.08296157,0.682884,-0.7258008
-0.2799155,-0.2351156,0.0,0.08296157,0.682884,-0.7258008
-0.2391746,-0.1820986,0.0525,-0.0833252,0.6858772,-0.7229311
-0.2200845,-0.2351156,0.0,-0.0833252,0.6858772,-0.7229311
-0.25,-0.23875,0.0,-0.0833252,0.6858772,-0.7229311
-0.2391746,-0.1820986,0.0525,-0.05385179,0.6842519,-0.7272546
-0.25,-0.23875,0.0,-0.05385179,0.6842519,-0.7272546
-0.25,-0.1829506,0.0525,-0.05385179,0.6842519,-0.7272546
-0.2713896,-0.1795605,0.0525,0.2448751,0.6458121,-0.7231618
-0.2799155,-0.2351156,0.0,0.2448751,0.6458121,-0.7231618
-0.308086,-0.2244341,0.0,0.2448751,0.6458121,-0.7231618
-0.2608254,-0.1820986,0.0525,0.05450949,0.6926087,-0.7192509
-0.25,-0.1829506,0.0525,0.05450949,0.6926087,-0.7192509
-0.2799155,-0.2351156,0.0,0.05450949,0.6926087,-0.7192509
-0.2713896,-0.1795605,0.0525,0.1597587,0.6649557,-0.7295965
-0.2608254,-0.1820986,0.0525,0.1597587,0.6649557,-0.7295965
-0.2799155,-0.2351156,0.0,0.1597587,0.6649557,-0.7295965
-0.2906712,-0.1697351,0.0525,0.3926031,0.5687277,-0.7227805
-0.308086,-0.2244341,0.0,0.3926031,0.5687277,-0.7227805
-0.3328926,-0.2073097,0.0,0.3926031,0.5687277,-0.7227805
-0.2814164,-0.1754082,0.0525,0.2629314,0.6349124,-0.7264663
-0.2713896,-0.1795605,0.0525,0.2629314,0.6349124,-0.7264663
-0.308086,-0.2244341,0.0,0.2629314,0.6349124,-0.7264663
-0.2906712,-0.1697351,0.0525,0.3583347,0.5845729,-0.7279222
-0.2814164,-0.1754082,0.0525,0.3583347,0.5845729,-0.7279222
-0.308086,-0.2244341,0.0,0.3583347,0.5845729,-0.7279222
-0.2989322,-0.1626822,0.0525,0.5167388,0.457835,-0.7234419
-0.3328926,-0.2073097,0.0,0.5167388,0.457835,-0.7234419
-0.3528684,-0.1847638,0.0,0.5167388,0.457835,-0.7234419
-0.2989322,-0.1626822,0.0525,0.4441255,0.5201988,-0.7294832
-0.2906712,-0.1697351,0.0525,0.4441255,0.5201988,-0.7294832
-0.3328926,-0.2073097,0.0,0.4441255,0.5201988,-0.7294832
-0.3116582,-0.1451664,0.0525,0.6120259,0.3211972,-0.7226733
-0.3528684,-0.1847638,0.0,0.6120259,0.3211972,-0.7226733
-0.3668782,-0.158069,0.0,0.6120259,0.3211972,-0.7226733
-0.3059812,-0.1544292,0.0525,0.5232698,0.4469286,-0.7255643
-0.2989322,-0.1626822,0.0525,0.5232698,0.4469286,-0.7255643
-0.3528684,-0.1847638,0.0,0.5232698,0.4469286,-0.7255643
-0.3116582,-0.1451664,0.0525,0.5840889,0.3579786,-0.7284857
-0.3059812,-0.1544292,0.0525,0.5840889,0.3579786,-0.7284857
-0.3528684,-0.1847638,0.0,0.5840889,0.3579786,-0.7284857
-0.3158151,-0.1351273,0.0525,0.669964,0.1651437,-0.7237926
-0.3668782,-0.158069,0.0,0.669964,0.1651437,-0.7237926
-0.3740868,-0.1288246,0.0,0.669964,0.1651437,-0.7237926
-0.3158151,-0.1351273,0.0525,0.6321792,0.2617673,-0.729265
-0.3116582,-0.1451664,0.0525,0.6321792,0.2617673,-0.729265
-0.3668782,-0.158069,0.0,0.6321792,0.2617673,-0.729265
-0.3191987,-0.11375,0.0525,0.6912112,0.0,-0.7226528
-0.3740868,-0.1288246,0.0,0.6912112,0.0,-0.7226528
-0.3740868,-0.09867535,0.0,0.6912112,0.0,-0.7226528
-0.3183486,-0.1245754,0.0525,0.6701825,0.160911,-0.7245433
-0.3158151,-0.1351273,0.0525,0.6701825,0.160911,-0.7245433
-0.3740868,-0.1288246,0.0,0.6701825,0.160911,-0.7245433
-0.3191987,-0.11375,0.0525,0.6824918,0.05359435,-0.7289257
-0.3183486,-0.1245754,0.0525,0.6824918,0.05359435,-0.7289257
-0.3740868,-0.1288246,0.0,0.6824918,0.05359435,-0.7289257
-0.3183486,-0.1029246,0.0525,0.6695465,-0.1650408,-0.7242023
-0.3740868,-0.09867535,0.0,0.6695465,-0.1650408,-0.7242023
-0.3668782,-0.06943104,0.0,0.6695465,-0.1650408,-0.7242023
-0.3183486,-0.1029246,0.0525,0.6824918,-0.05359435,-0.7289257
-0.3191987,-0.11375,0.0525,0.6824918,-0.05359435,-0.7289257
-0.3740868,-0.09867535,0.0,0.6824918,-0.05359435,-0.7289257
-0.3116582,-0.0823336,0.0525,0.6120259,-0.3211972,-0.7226733
-0.3668782,-0.06943104,0.0,0.6120259,-0.3211972,-0.7226733
-0.3528684,-0.04273619,0.0,0.6120259,-0.3211972,-0.7226733
-0.3158151,-0.09237274,0.0525,0.6713431,-0.1611897,-0.7234061
-0.3183486,-0.1029246,0.0525,0.6713431,-0.1611897,-0.7234061
-0.3668782,-0.06943104,0.0,0.6713431,-0.1611897,-0.7234061
-0.3116582,-0.0823336,0.0525,0.6321792,-0.2617673,-0.729265
-0.3158151,-0.09237274,0.0525,0.6321792,-0.2617673,-0.729265
-0.3668782,-0.06943104,0.0,0.6321792,-0.2617673,-0.729265
-0.3059812,-0.07307083,0.0525,0.515771,-0.4569776,-0.7246735
-0.3528684,-0.04273619,0.0,0.515771,-0.4569776,-0.7246735
-0.3328926,-0.02019028,0.0,0.515771,-0.4569776,-0.7246735
-0.3059812,-0.07307083,0.0525,0.5840889,-0.3579786,-0.7284857
-0.3116582,-0.0823336,0.0525,0.5840889,-0.3579786,-0.7284857
-0.3528684,-0.04273619,0.0,0.5840889,-0.3579786,-0.7284857
-0.2906712,-0.05776491,0.0525,0.3926031,-0.5687277,-0.7227805
-0.3328926,-0.02019028,0.0,0.3926031,-0.5687277,-0.7227805
-0.308086,-0.00306587,0.0,0.3926031,-0.5687277,-0.7227805
-0.2989322,-0.06481781,0.0525,0.5259993,-0.4492599,-0.7221429
-0.3059812,-0.07307083,0.0525,0.5259993,-0.4492599,-0.7221429
-0.3328926,-0.02019028,0.0,0.5259993,-0.4492599,-0.7221429
-0.2906712,-0.05776491,0.0525,0.4441255,-0.5201988,-0.7294832
-0.2989322,-0.06481781,0.0525,0.4441255,-0.5201988,-0.7294832
-0.3328926,-0.02019028,0.0,0.4441255,-0.5201988,-0.7294832
-0.2814164,-0.05209184,0.0525,0.2441131,-0.6438023,-0.7252085
-0.308086,-0.00306587,0.0,0.2441131,-0.6438023,-0.7252085
-0.2799155,0.007615649,0.0,0.2441131,-0.6438023,-0.7252085
-0.2814164,-0.05209184,0.0525,0.3583347,-0.5845729,-0.7279222
-0.2906712,-0.05776491,0.0525,0.3583347,-0.5845729,-0.7279222
-0.308086,-0.00306587,0.0,0.3583347,-0.5845729,-0.7279222
-0.2608254,-0.04540141,0.0525,0.0833252,-0.6858772,-0.7229311
-0.2799155,0.007615649,0.0,0.0833252,-0.6858772,-0.7229311
-0.25,0.01125,0.0,0.0833252,-0.6858772,-0.7229311
-0.2713896,-0.04793951,0.0525,0.2652164,-0.6404302,-0.72077
-0.2814164,-0.05209184,0.0525,0.2652164,-0.6404302,-0.72077
-0.2799155,0.007615649,0.0,0.2652164,-0.6404302,-0.72077
-0.2608254,-0.04540141,0.0525,0.1597587,-0.6649557,-0.7295965
-0.2713896,-0.04793951,0.0525,0.1597587,-0.6649557,-0.7295965
-0.2799155,0.007615649,0.0,0.1597587,-0.6649557,-0.7295965
-0.25,-0.04454943,0.0525,-0.08296157,-0.682884,-0.7258008
-0.25,0.01125,0.0,-0.08296157,-0.682884,-0.7258008
-0.2200845,0.007615649,0.0,-0.08296157,-0.682884,-0.7258008
-0.25,-0.04454943,0.0525,0.05385179,-0.6842519,-0.7272546
-0.2608254,-0.04540141,0.0525,0.05385179,-0.6842519,-0.7272546
-0.25,0.01125,0.0,0.05385179,-0.6842519,-0.7272546
-0.2286104,-0.04793951,0.0525,-0.2448751,-0.6458121,-0.7231618
-0.2200845,0.007615649,0.0,-0.2448751,-0.6458121,-0.7231618
-0.191914,-0.00306587,0.0,-0.2448751,-0.6458121,-0.7231618
-0.2391746,-0.04540141,0.0525,-0.05450949,-0.6926087,-0.7192509
-0.25,-0.04454943,0.0525,-0.05450949,-0.6926087,-0.7192509
-0.2200845,0.007615649,0.0,-0.05450949,-0.6926087,-0.7192509
-0.2391746,-0.04540141,0.0525,-0.1597587,-0.6649557,-0.7295965
-0.2200845,0.007615649,0.0,-0.1597587,-0.6649557,-0.7295965
-0.2286104,-0.04793951,0.0525,-0.1597587,-0.6649557,-0.7295965
-0.2093288,-0.05776491,0.0525,-0.3926031,-0.5687277,-0.7227805
-0.191914,-0.00306587,0.0,-0.3926031,-0.5687277,-0.7227805
-0.1671074,-0.02019028,0.0,-0.3926031,-0.5687277,-0.7227805
-0.2185836,-0.05209184,0.0525,-0.3583347,-0.5845729,-0.7279222
-0.191914,-0.00306587,0.0,-0.3583347,-0.5845729,-0.7279222
-0.2093288,-0.05776491,0.0525,-0.3583347,-0.5845729,-0.7279222
-0.2286104,-0.04793951,0.0525,-0.2629314,-0.6349124,-0.7264663
-0.191914,-0.00306587,0.0,-0.2629314,-0.6349124,-0.7264663
-0.2185836,-0.05209184,0.0525,-0.2629314,-0.6349124,-0.7264663
-0.2010678,-0.06481781,0.0525,-0.5167388,-0.457835,-0.7234419
-0.1671074,-0.02019028,0.0,-0.5167388,-0.457835,-0.7234419
-0.1471316,-0.04273619,0.0,-0.5167388,-0.457835,-0.7234419
-0.2093288,-0.05776491,0.0525,-0.4441255,-0.5201988,-0.7294832
-0.1671074,-0.02019028,0.0,-0.4441255,-0.5201988,-0.7294832
-0.2010678,-0.06481781,0.0525,-0.4441255,-0.5201988,-0.7294832
-0.1883418,-0.0823336,0.0525,-0.6120259,-0.3211972,-0.7226733
-0.1471316,-0.04273619,0.0,-0.6120259,-0.3211972,-0.7226733
-0.1331218,-0.06943104,0.0,-0.6120259,-0.3211972,-0.7226733
-0.1940188,-0.07307083,0.0525,-0.5840889,-0.3579786,-0.7284857
-0.1471316,-0.04273619,0.0,-0.5840889,-0.3579786,-0.7284857
-0.1883418,-0.0823336,0.0525,-0.5840889,-0.3579786,-0.7284857
-0.2010678,-0.06481781,0.0525,-0.5232698,-0.4469286,-0.7255643
-0.1471316,-0.04273619,0.0,-0.5232698,-0.4469286,-0.7255643
-0.1940188,-0.07307083,0.0525,-0.5232698,-0.4469286,-0.7255643
-0.1841849,-0.09237274,0.0525,-0.669964,-0.1651437,-0.7237926
-0.1331218,-0.06943104,0.0,-0.669964,-0.1651437,-0.7237926
-0.1259132,-0.09867535,0.0,-0.669964,-0.1651437,-0.7237926
-0.1883418,-0.0823336,0.0525,-0.6321792,-0.2617673,-0.729265
-0.1331218,-0.06943104,0.0,-0.6321792,-0.2617673,-0.729265
-0.1841849,-0.09237274,0.0525,-0.6321792,-0.2617673,-0.729265
-0.1808013,-0.11375,0.0525,-0.6912112,7.575381e-16,-0.7226528
-0.1259132,-0.09867535,0.0,-0.6912112,7.575381e-16,-0.7226528
-0.1259132,-0.1288246,0.0,-0.6912112,7.575381e-16,-0.7226528
-0.1816514,-0.1029246,0.0525,-0.6824918,-0.05359435,-0.7289257
-0.1259132,-0.09867535,0.0,-0.6824918,-0.05359435,-0.7289257
-0.1808013,-0.11375,0.0525,-0.6824918,-0.05359435,-0.7289257
-0.1841849,-0.09237274,0.0525,-0.6701825,-0.160911,-0.7245433
-0.1259132,-0.09867535,0.0,-0.6701825,-0.160911,-0.7245433
-0.1816514,-0.1029246,0.0525,-0.6701825,-0.160911,-0.7245433
-0.1816514,-0.1245754,0.0525,-0.6695465,0.1650408,-0.7242023
-0.1259132,-0.1288246,0.0,-0.6695465,0.1650408,-0.7242023
-0.1331218,-0.158069,0.0,-0.6695465,0.1650408,-0.7242023
-0.1808013,-0.11375,0.0525,-0.6824918,0.05359435,-0.7289257
-0.1259132,-0.1288246,0.0,-0.6824918,0.05359435,-0.7289257
-0.1816514,-0.1245754,0.0525,-0.6824918,0.05359435,-0.7289257
-0.1883418,-0.1451664,0.0525,-0.6120259,0.3211972,-0.7226733
-0.1331218,-0.158069,0.0,-0.6120259,0.3211972,-0.7226733
-0.1471316,-0.1847638,0.0,-0.6120259,0.3211972,-0.7226733
-0.1841849,-0.1351273,0.0525,-0.6321792,0.2617673,-0.729265
-0.1331218,-0.158069,0.0,-0.6321792,0.2617673,-0.729265
-0.1883418,-0.1451664,0.0525,-0.6321792,0.2617673,-0.729265
-0.1816514,-0.1245754,0.0525,-0.6713431,0.1611897,-0.7234061
-0.1331218,-0.158069,0.0,-0.6713431,0.1611897,-0.7234061
-0.1841849,-0.1351273,0.0525,-0.6713431,0.1611897,-0.7234061
-0.1940188,-0.1544292,0.0525,-0.515771,0.4569776,-0.7246735
-0.1471316,-0.1847638,0.0,-0.515771,0.4569776,-0.7246735
-0.1671074,-0.2073097,0.0,-0.515771,0.4569776,-0.7246735
-0.1883418,-0.1451664,0.0525,-0.5840889,0.3579786,-0.7284857
-0.1471316,-0.1847638,0.0,-0.5840889,0.3579786,-0.7284857
-0.1940188,-0.1544292,0.0525,-0.5840889,0.3579786,-0.7284857
-0.2093288,-0.1697351,0.0525,-0.3926031,0.5687277,-0.7227805
-0.1671074,-0.2073097,0.0,-0.3926031,0.5687277,-0.7227805
-0.191914,-0.2244341,0.0,-0.3926031,0.5687277,-0.7227805
-0.2010678,-0.1626822,0.0525,-0.4441255,0.5201988,-0.7294832
-0.1671074,-0.2073097,0.0,-0.4441255,0.5201988,-0.7294832
-0.2093288,-0.1697351,0.0525,-0.4441255,0.5201988,-0.7294832
-0.1940188,-0.1544292,0.0525,-0.5259993,0.4492599,-0.7221429
-0.1671074,-0.2073097,0.0,-0.5259993,0.4492599,-0.7221429
-0.2010678,-0.1626822,0.0525,-0.5259993,0.4492599,-0.7221429
-0.2185836,-0.1754082,0.0525,-0.2441131,0.6438023,-0.7252085
-0.191914,-0.2244341,0.0,-0.2441131,0.6438023,-0.7252085
-0.2200845,-0.2351156,0.0,-0.2441131,0.6438023,-0.7252085
-0.2093288,-0.1697351,0.0525,-0.3583347,0.5845729,-0.7279222
-0.191914,-0.2244341,0.0,-0.3583347,0.5845729,-0.7279222
-0.2185836,-0.1754082,0.0525,-0.3583347,0.5845729,-0.7279222
-0.2286104,-0.1795605,0.0525,-0.1597587,0.6649557,-0.7295965
-0.2200845,-0.2351156,0.0,-0.1597587,0.6649557,-0.7295965
-0.2391746,-0.1820986,0.0525,-0.1597587,0.6649557,-0.7295965
-0.2185836,-0.1754082,0.0525,-0.2652164,0.6404302,-0.72077
-0.2200845,-0.2351156,0.0,-0.2652164,0.6404302,-0.72077
-0.2286104,-0.1795605,0.0525,-0.2652164,0.6404302,-0.72077
-0.04100705,0.009514373,0.01,0.0,0.0,1.0
0.0,-0.34375,0.01,0.0,0.0,1.0
0.0,-9.874751e-17,0.01,0.0,0.0,1.0
-0.308086,-0.2244341,0.01,0.0,0.0,1.0
-0.5,-0.34375,0.01,0.0,0.0,1.0
0.0,-0.34375,0.01,0.0,0.0,1.0
-0.08237022,0.01732048,0.01,0.0,0.0,1.0
-0.1240272,0.02340722,0.01,0.0,0.0,1.0
0.0,-0.34375,0.01,0.0,0.0,1.0
-0.1259132,-0.09867535,0.01,0.0,0.0,1.0
0.0,-0.34375,0.01,0.0,0.0,1.0
-0.1240272,0.02340722,0.01,0.0,0.0,1.0
-0.04100705,0.009514373,0.01,0.0,0.0,1.0
-0.08237022,0.01732048,0.01,0.0,0.0,1.0
0.0,-0.34375,0.01,0.0,0.0,1.0
-0.2799155,-0.2351156,0.01,0.0,0.0,1.0
-0.308086,-0.2244341,0.01,0.0,0.0,1.0
0.0,-0.34375,0.01,0.0,0.0,1.0
-0.25,-0.23875,0.01,0.0,0.0,1.0
-0.2799155,-0.2351156,0.01,0.0,0.0,1.0
0.0,-0.34375,0.01,0.0,0.0,1.0
-0.2200845,-0.2351156,0.01,0.0,0.0,1.0
-0.25,-0.23875,0.01,0.0,0.0,1.0
0.0,-0.34375,0.01,0.0,0.0,1.0
-0.191914,-0.2244341,0.01,0.0,0.0,1.0
-0.2200845,-0.2351156,0.01,0.0,0.0,1.0
0.0,-0.34375,0.01,0.0,0.0,1.0
-0.1671074,-0.2073097,0.01,0.0,0.0,1.0
-0.191914,-0.2244341,0.01,0.0,0.0,1.0
0.0,-0.34375,0.01,0.0,0.0,1.0
-0.1471316,-0.1847638,0.01,0.0,0.0,1.0
-0.1671074,-0.2073097,0.01,0.0,0.0,1.0
0.0,-0.34375,0.01,0.0,0.0,1.0
-0.1331218,-0.158069,0.01,0.0,0.0,1.0
-0.1471316,-0.1847638,0.01,0.0,0.0,1.0
0.0,-0.34375,0.01,0.0,0.0,1.0
-0.1259132,-0.1288246,0.01,0.0,0.0,1.0
-0.1331218,-0.158069,0.01,0.0,0.0,1.0
0.0,-0.34375,0.01,0.0,0.0,1.0
-0.1259132,-0.09867535,0.01,0.0,0.0,1.0
-0.1259132,-0.1288246,0.01,0.0,0.0,1.0
0.0,-0.34375,0.01,0.0,0.0,1.0
-0.3528684,-0.1847638,0.01,0.0,0.0,1.0
-0.5,0.0,0.01,0.0,0.0,1.0
-0.5,-0.34375,0.01,0.0,0.0,1.0
-0.3328926,-0.2073097,0.01,0.0,0.0,1.0
-0.3528684,-0.1847638,0.01,0.0,0.0,1.0
-0.5,-0.34375,0.01,0.0,0.0,1.0
-0.308086,-0.2244341,0.01,0.0,0.0,1.0
-0.3328926,-0.2073097,0.01,0.0,0.0,1.0
-0.5,-0.34375,0.01,0.0,0.0,1.0
-0.3528684,-0.1847638,0.01,0.0,0.0,1.0
-0.458993,0.009514373,0.01,0.0,0.0,1.0
-0.5,0.0,0.01,0.0,0.0,1.0
-0.3668782,-0.158069,0.01,0.0,0.0,1.0
-0.4176298,0.01732048,0.01,0.0,0.0,1.0
-0.458993,0.009514373,0.01,0.0,0.0,1.0
-0.3528684,-0.1847638,0.01,0.0,0.0,1.0
-0.3668782,-0.158069,0.01,0.0,0.0,1.0
-0.458993,0.009514373,0.01,0.0,0.0,1.0
-0.3740868,-0.1288246,0.01,0.0,0.0,1.0
-0.3759728,0.02340722,0.01,0.0,0.0,1.0
-0.4176298,0.01732048,0.01,0.0,0.0,1.0
-0.3668782,-0.158069,0.01,0.0,0.0,1.0
-0.3740868,-0.1288246,0.01,0.0,0.0,1.0
-0.4176298,0.01732048,0.01,0.0,0.0,1.0
-0.3528684,-0.04273619,0.01,0.0,0.0,1.0
-0.3340993,0.02776179,0.01,0.0,0.0,1.0
-0.3759728,0.02340722,0.01,0.0,0.0,1.0
-0.3668782,-0.06943104,0.01,0.0,0.0,1.0
-0.3528684,-0.04273619,0.01,0.0,0.0,1.0
-0.3759728,0.02340722,0.01,0.0,0.0,1.0
-0.3740868,-0.09867535,0.01,0.0,0.0,1.0
-0.3668782,-0.06943104,0.01,0.0,0.0,1.0
-0.3759728,0.02340722,0.01,0.0,0.0,1.0
-0.3740868,-0.1288246,0.01,0.0,0.0,1.0
-0.3740868,-0.09867535,0.01,0.0,0.0,1.0
-0.3759728,0.02340722,0.01,0.0,0.0,1.0
-0.308086,-0.00306587,0.01,0.0,0.0,1.0
-0.2920873,0.03037758,0.01,0.0,0.0,1.0
-0.3340993,0.02776179,0.01,0.0,0.0,1.0
-0.3328926,-0.02019028,0.01,0.0,0.0,1.0
-0.308086,-0.00306587,0.01,0.0,0.0,1.0
-0.3340993,0.02776179,0.01,0.0,0.0,1.0
-0.3528684,-0.04273619,0.01,0.0,0.0,1.0
-0.3328926,-0.02019028,0.01,0.0,0.0,1.0
-0.3340993,0.02776179,0.01,0.0,0.0,1.0
-0.25,0.01125,0.01,0.0,0.0,1.0
-0.25,0.03125,0.01,0.0,0.0,1.0
-0.2920873,0.03037758,0.01,0.0,0.0,1.0
-0.2799155,0.007615649,0.01,0.0,0.0,1.0
-0.25,0.01125,0.01,0.0,0.0,1.0
-0.2920873,0.03037758,0.01,0.0,0.0,1.0
-0.308086,-0.00306587,0.01,0.0,0.0,1.0
-0.2799155,0.007615649,0.01,0.0,0.0,1.0
-0.2920873,0.03037758,0.01,0.0,0.0,1.0
-0.2200845,0.007615649,0.01,0.0,0.0,1.0
-0.2079127,0.03037758,0.01,0.0,0.0,1.0
-0.25,0.03125,0.01,0.0,0.0,1.0
-0.2200845,0.007615649,0.01,0.0,0.0,1.0
-0.25,0.03125,0.01,0.0,0.0,1.0
-0.25,0.01125,0.01,0.0,0.0,1.0
-0.1671074,-0.02019028,0.01,0.0,0.0,1.0
-0.1659007,0.02776179,0.01,0.0,0.0,1.0
-0.2079127,0.03037758,0.01,0.0,0.0,1.0
-0.191914,-0.00306587,0.01,0.0,0.0,1.0
-0.1671074,-0.02019028,0.01,0.0,0.0,1.0
-0.2079127,0.03037758,0.01,0.0,0.0,1.0
-0.2200845,0.007615649,0.01,0.0,0.0,1.0
-0.191914,-0.00306587,0.01,0.0,0.0,1.0
-0.2079127,0.03037758,0.01,0.0,0.0,1.0
-0.1331218,-0.06943104,0.01,0.0,0.0,1.0
-0.1240272,0.02340722,0.01,0.0,0.0,1.0
-0.1659007,0.02776179,0.01,0.0,0.0,1.0
-0.1471316,-0.04273619,0.01,0.0,0.0,1.0
-0.1331218,-0.06943104,0.01,0.0,0.0,1.0
-0.1659007,0.02776179,0.01,0.0,0.0,1.0
-0.1671074,-0.02019028,0.01,0.0,0.0,1.0
-0.1471316,-0.04273619,0.01,0.0,0.0,1.0
-0.1659007,0.02776179,0.01,0.0,0.0,1.0
-0.1331218,-0.06943104,0.01,0.0,0.0,1.0
-0.1259132,-0.09867535,0.01,0.0,0.0,1.0
-0.1240272,0.02340722,0.01,0.0,0.0,1.0
-0.25,-0.04454943,0.0625,-0.08296157,0.682884,0.7258008
-0.25,0.01125,0.01,-0.08296157,0.682884,0.7258008
-0.2799155,0.007615649,0.01,-0.08296157,0.682884,0.7258008
-0.2391746,-0.04540141,0.0625,0.0833252,0.6858772,0.7229311
-0.2200845,0.007615649,0.01,0.0833252,0.6858772,0.7229311
-0.25,0.01125,0.01,0.0833252,0.6858772,0.7229311
-0.2391746,-0.04540141,0.0625,0.05385179,0.6842519,0.7272546
-0.25,0.01125,0.01,0.05385179,0.6842519,0.7272546
-0.25,-0.04454943,0.0625,0.05385179,0.6842519,0.7272546
-0.2713896,-0.04793951,0.0625,-0.2448751,0.6458121,0.7231618
-0.2799155,0.007615649,0.01,-0.2448751,0.6458121,0.7231618
-0.308086,-0.00306587,0.01,-0.2448751,0.6458121,0.7231618
-0.2608254,-0.04540141,0.0625,-0.1597587,0.6649557,0.7295965
-0.2799155,0.007615649,0.01,-0.1597587,0.6649557,0.7295965
-0.2713896,-0.04793951,0.0625,-0.1597587,0.6649557,0.7295965
-0.25,-0.04454943,0.0625,-0.05450949,0.6926087,0.7192509
-0.2799155,0.007615649,0.01,-0.05450949,0.6926087,0.7192509
-0.2608254,-0.04540141,0.0625,-0.05450949,0.6926087,0.7192509
-0.2906712,-0.05776491,0.0625,-0.3926031,0.5687277,0.7227805
-0.308086,-0.00306587,0.01,-0.3926031,0.5687277,0.7227805
-0.3328926,-0.02019028,0.01,-0.3926031,0.5687277,0.7227805
-0.2814164,-0.05209184,0.0625,-0.3583347,0.5845729,0.7279222
-0.308086,-0.00306587,0.01,-0.3583347,0.5845729,0.7279222
-0.2906712,-0.05776491,0.0625,-0.3583347,0.5845729,0.7279222
-0.2713896,-0.04793951,0.0625,-0.2629314,0.6349124,0.7264663
-0.308086,-0.00306587,0.01,-0.2629314,0.6349124,0.7264663
-0.2814164,-0.05209184,0.0625,-0.2629314,0.6349124,0.7264663
-0.2989322,-0.06481781,0.0625,-0.5167388,0.457835,0.7234419
-0.3328926,-0.02019028,0.01,-0.5167388,0.457835,0.7234419
-0.3528684,-0.04273619,0.01,-0.5167388,0.457835,0.7234419
-0.2906712,-0.05776491,0.0625,-0.4441255,0.5201988,0.7294832
-0.3328926,-0.02019028,0.01,-0.4441255,0.5201988,0.7294832
-0.2989322,-0.06481781,0.0625,-0.4441255,0.5201988,0.7294832
-0.3116582,-0.0823336,0.0625,-0.6120259,0.3211972,0.7226733
-0.3528684,-0.04273619,0.01,-0.6120259,0.3211972,0.7226733
-0.3668782,-0.06943104,0.01,-0.6120259,0.3211972,0.7226733
-0.3059812,-0.07307083,0.0625,-0.5840889,0.3579786,0.7284857
-0.3528684,-0.04273619,0.01,-0.5840889,0.3579786,0.7284857
-0.3116582,-0.0823336,0.0625,-0.5840889,0.3579786,0.7284857
-0.2989322,-0.06481781,0.0625,-0.5232698,0.4469286,0.7255643
-0.3528684,-0.04273619,0.01,-0.5232698,0.4469286,0.7255643
-0.3059812,-0.07307083,0.0625,-0.5232698,0.4469286,0.7255643
-0.3158151,-0.09237274,0.0625,-0.669964,0.1651437,0.7237926
-0.3668782,-0.06943104,0.01,-0.669964,0.1651437,0.7237926
-0.3740868,-0.09867535,0.01,-0.669964,0.1651437,0.7237926
-0.3116582,-0.0823336,0.0625,-0.6321792,0.2617673,0.729265
-0.3668782,-0.06943104,0.01,-0.6321792,0.2617673,0.729265
-0.3158151,-0.09237274,0.0625,-0.6321792,0.2617673,0.729265
-0.3191987,-0.11375,0.0625,-0.6912112,0.0,0.7226528
-0.3740868,-0.09867535,0.01,-0.6912112,0.0,0.7226528
-0.3740868,-0.1288246,0.01,-0.6912112,0.0,0.7226528
-0.3183486,-0.1029246,0.0625,-0.6824918,0.05359435,0.7289257
-0.3740868,-0.09867535,0.01,-0.6824918,0.05359435,0.7289257
-0.3191987,-0.11375,0.0625,-0.6824918,0.05359435,0.7289257
-0.3158151,-0.09237274,0.0625,-0.6701825,0.160911,0.7245433
-0.3740868,-0.09867535,0.01,-0.6701825,0.160911,0.7245433
-0.3183486,-0.1029246,0.0625,-0.6701825,0.160911,0.7245433
-0.3183486,-0.1245754,0.0625,-0.6695465,-0.1650408,0.7242023
-0.3740868,-0.1288246,0.01,-0.6695465,-0.1650408,0.7242023
-0.3668782,-0.158069,0.01,-0.6695465,-0.1650408,0.7242023
-0.3191987,-0.11375,0.0625,-0.6824918,-0.05359435,0.7289257
-0.3740868,-0.1288246,0.01,-0.6824918,-0.05359435,0.7289257
-0.3183486,-0.1245754,0.0625,-0.6824918,-0.05359435,0.7289257
-0.3116582,-0.1451664,0.0625,-0.6120259,-0.3211972,0.7226733
-0.3668782,-0.158069,0.01,-0.6120259,-0.3211972,0.7226733
-0.3528684,-0.1847638,0.01,-0.6120259,-0.3211972,0.7226733
-0.3158151,-0.1351273,0.0625,-0.6321792,-0.2617673,0.729265
-0.3668782,-0.158069,0.01,-0.6321792,-0.2617673,0.729265
-0.3116582,-0.1451664,0.0625,-0.6321792,-0.2617673,0.729265
-0.3183486,-0.1245754,0.0625,-0.6713431,-0.1611897,0.7234061
-0.3668782,-0.158069,0.01,-0.6713431,-0.1611897,0.7234061
-0.3158151,-0.1351273,0.0625,-0.6713431,-0.1611897,0.7234061
-0.3059812,-0.1544292,0.0625,-0.515771,-0.4569776,0.7246735
-0.3528684,-0.1847638,0.01,-0.515771,-0.4569776,0.7246735
-0.3328926,-0.2073097,0.01,-0.515771,-0.4569776,0.7246735
-0.3116582,-0.1451664,0.0625,-0.5840889,-0.3579786,0.7284857
-0.3528684,-0.1847638,0.01,-0.5840889,-0.3579786,0.7284857
-0.3059812,-0.1544292,0.0625,-0.5840889,-0.3579786,0.7284857
-0.2906712,-0.1697351,0.0625,-0.3926031,-0.5687277,0.7227805
-0.3328926,-0.2073097,0.01,-0.3926031,-0.5687277,0.7227805
-0.308086,-0.2244341,0.01,-0.3926031,-0.5687277,0.7227805
-0.2989322,-0.1626822,0.0625,-0.4441255,-0.5201988,0.7294832
-0.3328926,-0.2073097,0.01,-0.4441255,-0.5201988,0.7294832
-0.2906712,-0.1697351,0.0625,-0.4441255,-0.5201988,0.7294832
-0.3059812,-0.1544292,0.0625,-0.5259993,-0.4492599,0.7221429
-0.3328926,-0.2073097,0.01,-0.5259993,-0.4492599,0.7221429
-0.2989322,-0.1626822,0.0625,-0.5259993,-0.4492599,0.7221429
-0.2814164,-0.1754082,0.0625,-0.2441131,-0.6438023,0.7252085
-0.308086,-0.2244341,0.01,-0.2441131,-0.6438023,0.7252085
-0.2799155,-0.2351156,0.01,-0.2441131,-0.6438023,0.7252085
-0.2906712,-0.1697351,0.0625,-0.3583347,-0.5845729,0.7279222
-0.308086,-0.2244341,0.01,-0.3583347,-0.5845729,0.7279222
-0.2814164,-0.1754082,0.0625,-0.3583347,-0.5845729,0.7279222
-0.2608254,-0.1820986,0.0625,-0.0833252,-0.6858772,0.7229311
-0.2799155,-0.2351156,0.01,-0.0833252,-0.6858772,0.7229311
-0.25,-0.23875,0.01,-0.0833252,-0.6858772,0.7229311
-0.2713896,-0.1795605,0.0625,-0.1597587,-0.6649557,0.7295965
-0.2799155,-0.2351156,0.01,-0.1597587,-0.6649557,0.7295965
-0.2608254,-0.1820986,0.0625,-0.1597587,-0.6649557,0.7295965
-0.2814164,-0.1754082,0.0625,-0.2652164,-0.6404302,0.72077
-0.2799155,-0.2351156,0.01,-0.2652164,-0.6404302,0.72077
-0.2713896,-0.1795605,0.0625,-0.2652164,-0.6404302,0.72077
-0.25,-0.1829506,0.0625,0.08296157,-0.682884,0.7258008
-0.25,-0.23875,0.01,0.08296157,-0.682884,0.7258008
-0.2200845,-0.2351156,0.01,0.08296157,-0.682884,0.7258008
-0.2608254,-0.1820986,0.0625,-0.05385179,-0.6842519,0.7272546
-0.25,-0.23875,0.01,-0.05385179,-0.6842519,0.7272546
-0.25,-0.1829506,0.0625,-0.05385179,-0.6842519,0.7272546
-0.2286104,-0.1795605,0.0625,0.2448751,-0.6458121,0.7231618
-0.2200845,-0.2351156,0.01,0.2448751,-0.6458121,0.7231618
-0.191914,-0.2244341,0.01,0.2448751,-0.6458121,0.7231618
-0.2391746,-0.1820986,0.0625,0.05450949,-0.6926087,0.7192509
-0.25,-0.1829506,0.0625,0.05450949,-0.6926087,0.7192509
-0.2200845,-0.2351156,0.01,0.05450949,-0.6926087,0.7192509
-0.2391746,-0.1820986,0.0625,0.1597587,-0.6649557,0.7295965
-0.2200845,-0.2351156,0.01,0.1597587,-0.6649557,0.7295965
-0.2286104,-0.1795605,0.0625,0.1597587,-0.6649557,0.7295965
-0.2093288,-0.1697351,0.0625,0.3926031,-0.5687277,0.7227805
-0.191914,-0.2244341,0.01,0.3926031,-0.5687277,0.7227805
-0.1671074,-0.2073097,0.01,0.3926031,-0.5687277,0.7227805
-0.2185836,-0.1754082,0.0625,0.3583347,-0.5845729,0.7279222
-0.191914,-0.2244341,0.01,0.3583347,-0.5845729,0.7279222
-0.2093288,-0.1697351,0.0625,0.3583347,-0.5845729,0.7279222
-0.2286104,-0.1795605,0.0625,0.2629314,-0.6349124,0.7264663
-0.191914,-0.2244341,0.01,0.2629314,-0.6349124,0.7264663
-0.2185836,-0.1754082,0.0625,0.2629314,-0.6349124,0.7264663
-0.2010678,-0.1626822,0.0625,0.5167388,-0.457835,0.7234419
-0.1671074,-0.2073097,0.01,0.5167388,-0.457835,0.7234419
-0.1471316,-0.1847638,0.01,0.5167388,-0.457835,0.7234419
-0.2093288,-0.1697351,0.0625,0.4441255,-0.5201988,0.7294832
-0.1671074,-0.2073097,0.01,0.4441255,-0.5201988,0.7294832
-0.2010678,-0.1626822,0.0625,0.4441255,-0.5201988,0.7294832
-0.1883418,-0.1451664,0.0625,0.6120259,-0.3211972,0.7226733
-0.1471316,-0.1847638,0.01,0.6120259,-0.3211972,0.7226733
-0.1331218,-0.158069,0.01,0.6120259,-0.3211972,0.7226733
-0.1940188,-0.1544292,0.0625,0.5840889,-0.3579786,0.7284857
-0.1471316,-0.1847638,0.01,0.5840889,-0.3579786,0.7284857
-0.1883418,-0.1451664,0.0625,0.5840889,-0.3579786,0.7284857
-0.2010678,-0.1626822,0.0625,0.5232698,-0.4469286,0.7255643
-0.1471316,-0.1847638,0.01,0.5232698,-0.4469286,0.7255643
-0.1940188,-0.1544292,0.0625,0.5232698,-0.4469286,0.7255643
-0.1841849,-0.1351273,0.0625,0.669964,-0.1651437,0.7237926
-0.1331218,-0.158069,0.01,0.669964,-0.1651437,0.7237926
-0.1259132,-0.1288246,0.01,0.669964,-0.1651437,0.7237926
-0.1883418,-0.1451664,0.0625,0.6321792,-0.2617673,0.729265
-0.1331218,-0.158069,0.01,0.6321792,-0.2617673,0.729265
-0.1841849,-0.1351273,0.0625,0.6321792,-0.2617673,0.729265
-0.1808013,-0.11375,0.0625,0.6912112,-5.681536e-16,0.7226528
-0.1259132,-0.1288246,0.01,0.6912112,-5.681536e-16,0.7226528
-0.1259132,-0.09867535,0.01,0.6912112,-5.681536e-16,0.7226528
-0.1816514,-0.1245754,0.0625,0.6824918,-0.05359435,0.7289257
-0.1259132,-0.1288246,0.01,0.6824918,-0.05359435,0.7289257
-0.1808013,-0.11375,0.0625,0.6824918,-0.05359435,0.7289257
-0.1841849,-0.1351273,0.0625,0.6701825,-0.160911,0.7245433
-0.1259132,-0.1288246,0.01,0.6701825,-0.160911,0.7245433
-0.1816514,-0.1245754,0.0625,0.6701825,-0.160911,0.7245433
-0.1816514,-0.1029246,0.0625,0.6695465,0.1650408,0.7242023
-0.1259132,-0.09867535,0.01,0.6695465,0.1650408,0.7242023
-0.1331218,-0.06943104,0.01,0.6695465,0.1650408,0.7242023
-0.1808013,-0.11375,0.0625,0.6824918,0.05359435,0.7289257
-0.1259132,-0.09867535,0.01,0.6824918,0.05359435,0.7289257
-0.1816514,-0.1029246,0.0625,0.6824918,0.05359435,0.7289257
-0.1883418,-0.0823336,0.0625,0.6120259,0.3211972,0.7226733
-0.1331218,-0.06943104,0.01,0.6120259,0.3211972,0.7226733
-0.1471316,-0.04273619,0.01,0.6120259,0.3211972,0.7226733
-0.1841849,-0.09237274,0.0625,0.6321792,0.2617673,0.729265
-0.1331218,-0.06943104,0.01,0.6321792,0.2617673,0.729265
-0.1883418,-0.0823336,0.0625,0.6321792,0.2617673,0.729265
-0.1816514,-0.1029246,0.0625,0.6713431,0.1611897,0.7234061
-0.1331218,-0.06943104,0.01,0.6713431,0.1611897,0.7234061
-0.1841849,-0.09237274,0.0625,0.6713431,0.1611897,0.7234061
-0.1940188,-0.07307083,0.0625,0.515771,0.4569776,0.7246735
-0.1471316,-0.04273619,0.01,0.515771,0.4569776,0.7246735
-0.1671074,-0.02019028,0.01,0.515771,0.4569776,0.7246735
-0.1883418,-0.0823336,0.0625,0.5840889,0.3579786,0.7284857
-0.1471316,-0.04273619,0.01,0.5840889,0.3579786,0.7284857
-0.1940188,-0.07307083,0.0625,0.5840889,0.3579786,0.7284857
-0.2093288,-0.05776491,0.0625,0.3926031,0.5687277,0.7227805
-0.1671074,-0.02019028,0.01,0.3926031,0.5687277,0.7227805
-0.191914,-0.00306587,0.01,0.3926031,0.5687277,0.7227805
-0.2010678,-0.06481781,0.0625,0.4441255,0.5201988,0.7294832
-0.1671074,-0.02019028,0.01,0.4441255,0.5201988,0.7294832
-0.2093288,-0.05776491,0.0625,0.4441255,0.5201988,0.7294832
-0.1940188,-0.07307083,0.0625,0.5259993,0.4492599,0.7221429
-0.1671074,-0.02019028,0.01,0.5259993,0.4492599,0.7221429
-0.2010678,-0.06481781,0.0625,0.5259993,0.4492599,0.7221429
-0.2185836,-0.05209184,0.0625,0.2441131,0.6438023,0.7252085
-0.191914,-0.00306587,0.01,0.2441131,0.6438023,0.7252085
-0.2200845,0.007615649,0.01,0.2441131,0.6438023,0.7252085
-0.2093288,-0.05776491,0.0625,0.3583347,0.5845729,0.7279222
-0.191914,-0.00306587,0.01,0.3583347,0.5845729,0.7279222
-0.2185836,-0.05209184,0.0625,0.3583347,0.5845729,0.7279222
-0.2286104,-0.04793951,0.0625,0.1597587,0.6649557,0.7295965
-0.2200845,0.007615649,0.01,0.1597587,0.6649557,0.7295965
-0.2391746,-0.04540141,0.0625,0.1597587,0.6649557,0.7295965
-0.2185836,-0.05209184,0.0625,0.2652164,0.6404302,0.72077
-0.2200845,0.007615649,0.01,0.2652164,0.6404302,0.72077
-0.2286104,-0.04793951,0.0625,0.2652164,0.6404302,0.72077
-0.25,-0.04454943,0.0525,-6.567686e-16,-2.005444e-16,-1.0
-0.25,-0.1829506,0.0525,-6.567686e-16,-2.005444e-16,-1.0
-0.2608254,-0.1820986,0.0525,-6.567686e-16,-2.005444e-16,-1.0
-0.2391746,-0.04540141,0.0525,6.252022e-16,-2.005444e-16,-1.0
-0.25,-0.1829506,0.0525,6.252022e-16,-2.005444e-16,-1.0
-0.25,-0.04454943,0.0525,6.252022e-16,-2.005444e-16,-1.0
-0.2391746,-0.04540141,0.0525,6.569654e-16,-2.030442e-16,-1.0
-0.2391746,-0.1820986,0.0525,6.569654e-16,-2.030442e-16,-1.0
-0.25,-0.1829506,0.0525,6.569654e-16,-2.030442e-16,-1.0
-0.2608254,-0.04540141,0.0525,6.080476e-16,-2.030442e-16,-1.0
-0.2608254,-0.1820986,0.0525,6.080476e-16,-2.030442e-16,-1.0
-0.2713896,-0.1795605,0.0525,6.080476e-16,-2.030442e-16,-1.0
-0.25,-0.04454943,0.0525,-6.250055e-16,-2.030442e-16,-1.0
-0.2608254,-0.1820986,0.0525,-6.250055e-16,-2.030442e-16,-1.0
-0.2608254,-0.04540141,0.0525,-6.250055e-16,-2.030442e-16,-1.0
-0.2713896,-0.04793951,0.0525,-7.793607e-16,-2.10875e-16,-1.0
-0.2713896,-0.1795605,0.0525,-7.793607e-16,-2.10875e-16,-1.0
-0.2814164,-0.1754082,0.0525,-7.793607e-16,-2.10875e-16,-1.0
-0.2608254,-0.04540141,0.0525,7.074937e-16,-2.10875e-16,-1.0
-0.2713896,-0.1795605,0.0525,7.074937e-16,-2.10875e-16,-1.0
-0.2713896,-0.04793951,0.0525,7.074937e-16,-2.10875e-16,-1.0
-0.2814164,-0.05209184,0.0525,1.361552e-15,-2.250763e-16,-1.0
-0.2814164,-0.1754082,0.0525,1.361552e-15,-2.250763e-16,-1.0
-0.2906712,-0.1697351,0.0525,1.361552e-15,-2.250763e-16,-1.0
-0.2713896,-0.04793951,0.0525,-5.988236e-16,-2.250763e-16,-1.0
-0.2814164,-0.1754082,0.0525,-5.988236e-16,-2.250763e-16,-1.0
-0.2814164,-0.05209184,0.0525,-5.988236e-16,-2.250763e-16,-1.0
-0.2906712,-0.05776491,0.0525,-1.785738e-15,-1.239418e-16,-1.0
-0.2906712,-0.1697351,0.0525,-1.785738e-15,-1.239418e-16,-1.0
-0.2989322,-0.1626822,0.0525,-1.785738e-15,-1.239418e-16,-1.0
-0.2814164,-0.05209184,0.0525,7.597455e-17,-1.239418e-16,-1.0
-0.2906712,-0.1697351,0.0525,7.597455e-17,-1.239418e-16,-1.0
-0.2906712,-0.05776491,0.0525,7.597455e-17,-1.239418e-16,-1.0
-0.2989322,-0.06481781,0.0525,1.636712e-15,-2.836126e-16,-1.0
-0.2989322,-0.1626822,0.0525,1.636712e-15,-2.836126e-16,-1.0
-0.3059812,-0.1544292,0.0525,1.636712e-15,-2.836126e-16,-1.0
-0.2906712,-0.05776491,0.0525,2.421374e-16,-2.836126e-16,-1.0
-0.2989322,-0.1626822,0.0525,2.421374e-16,-2.836126e-16,-1.0
-0.2989322,-0.06481781,0.0525,2.421374e-16,-2.836126e-16,-1.0
-0.3059812,-0.07307083,0.0525,-2.783172e-16,-1.705761e-16,-1.0
-0.3059812,-0.1544292,0.0525,-2.783172e-16,-1.705761e-16,-1.0
-0.3116582,-0.1451664,0.0525,-2.783172e-16,-1.705761e-16,-1.0
-0.2989322,-0.06481781,0.0525,1.997127e-16,-1.705761e-16,-1.0
-0.3059812,-0.1544292,0.0525,1.997127e-16,-1.705761e-16,-1.0
-0.3059812,-0.07307083,0.0525,1.997127e-16,-1.705761e-16,-1.0
-0.3116582,-0.0823336,0.0525,0.0,0.0,-1.0
-0.3116582,-0.1451664,0.0525,0.0,0.0,-1.0
-0.3158151,-0.1351273,0.0525,0.0,0.0,-1.0
-0.3059812,-0.07307083,0.0525,-2.444564e-15,0.0,-1.0
-0.3116582,-0.1451664,0.0525,-2.444564e-15,0.0,-1.0
-0.3116582,-0.0823336,0.0525,-2.444564e-15,0.0,-1.0
-0.3158151,-0.09237274,0.0525,-1.351903e-15,-3.245924e-16,-1.0
-0.3158151,-0.1351273,0.0525,-1.351903e-15,-3.245924e-16,-1.0
-0.3183486,-0.1245754,0.0525,-1.351903e-15,-3.245924e-16,-1.0
-0.3116582,-0.0823336,0.0525,4.122381e-15,-3.245924e-16,-1.0
-0.3158151,-0.1351273,0.0525,4.122381e-15,-3.245924e-16,-1.0
-0.3158151,-0.09237274,0.0525,4.122381e-15,-3.245924e-16,-1.0
-0.3183486,-0.1029246,0.0525,8.162563e-15,0.0,-1.0
-0.3183486,-0.1245754,0.0525,8.162563e-15,0.0,-1.0
-0.3191987,-0.11375,0.0525,8.162563e-15,0.0,-1.0
-0.3158151,-0.09237274,0.0525,-5.477682e-15,0.0,-1.0
-0.3183486,-0.1245754,0.0525,-5.477682e-15,0.0,-1.0
-0.3183486,-0.1029246,0.0525,-5.477682e-15,0.0,-1.0
-0.2286104,-0.04793951,0.0525,-6.061663e-16,-2.10875e-16,-1.0
-0.2286104,-0.1795605,0.0525,-6.061663e-16,-2.10875e-16,-1.0
-0.2391746,-0.1820986,0.0525,-6.061663e-16,-2.10875e-16,-1.0
-0.2391746,-0.04540141,0.0525,-7.056123e-16,-2.030442e-16,-1.0
-0.2286104,-0.04793951,0.0525,-7.056123e-16,-2.030442e-16,-1.0
-0.2391746,-0.1820986,0.0525,-7.056123e-16,-2.030442e-16,-1.0
-0.2185836,-0.05209184,0.0525,7.852418e-16,-2.250763e-16,-1.0
-0.2185836,-0.1754082,0.0525,7.852418e-16,-2.250763e-16,-1.0
-0.2286104,-0.1795605,0.0525,7.852418e-16,-2.250763e-16,-1.0
-0.2286104,-0.04793951,0.0525,6.047046e-16,-2.10875e-16,-1.0
-0.2185836,-0.05209184,0.0525,6.047046e-16,-2.10875e-16,-1.0
-0.2286104,-0.1795605,0.0525,6.047046e-16,-2.10875e-16,-1.0
-0.2093288,-0.05776491,0.0525,-1.423546e-15,-1.239418e-16,-1.0
-0.2093288,-0.1697351,0.0525,-1.423546e-15,-1.239418e-16,-1.0
-0.2185836,-0.1754082,0.0525,-1.423546e-15,-1.239418e-16,-1.0
-0.2185836,-0.05209184,0.0525,-1.379685e-16,-2.250763e-16,-1.0
-0.2093288,-0.05776491,0.0525,-1.379685e-16,-2.250763e-16,-1.0
-0.2185836,-0.1754082,0.0525,-1.379685e-16,-2.250763e-16,-1.0
-0.2010678,-0.06481781,0.0525,1.922059e-15,-2.836126e-16,-1.0
-0.2010678,-0.1626822,0.0525,1.922059e-15,-2.836126e-16,-1.0
-0.2093288,-0.1697351,0.0525,1.922059e-15,-2.836126e-16,-1.0
-0.2093288,-0.05776491,0.0525,-1.058167e-16,-1.239418e-16,-1.0
-0.2010678,-0.06481781,0.0525,-1.058167e-16,-1.239418e-16,-1.0
-0.2093288,-0.1697351,0.0525,-1.058167e-16,-1.239418e-16,-1.0
-0.1940188,-0.07307083,0.0525,-1.769057e-15,-1.705761e-16,-1.0
-0.1940188,-0.1544292,0.0525,-1.769057e-15,-1.705761e-16,-1.0
-0.2010678,-0.1626822,0.0525,-1.769057e-15,-1.705761e-16,-1.0
-0.2010678,-0.06481781,0.0525,-3.320574e-16,-2.836126e-16,-1.0
-0.1940188,-0.07307083,0.0525,-3.320574e-16,-2.836126e-16,-1.0
-0.2010678,-0.1626822,0.0525,-3.320574e-16,-2.836126e-16,-1.0
-0.1883418,-0.0823336,0.0525,0.0,0.0,-1.0
-0.1883418,-0.1451664,0.0525,0.0,0.0,-1.0
-0.1940188,-0.1544292,0.0525,0.0,0.0,-1.0
-0.1940188,-0.07307083,0.0525,2.166246e-15,-1.705761e-16,-1.0
-0.1883418,-0.0823336,0.0525,2.166246e-15,-1.705761e-16,-1.0
-0.1940188,-0.1544292,0.0525,2.166246e-15,-1.705761e-16,-1.0
-0.1841849,-0.09237274,0.0525,7.839044e-16,-3.245924e-16,-1.0
-0.1841849,-0.1351273,0.0525,7.839044e-16,-3.245924e-16,-1.0
-0.1883418,-0.1451664,0.0525,7.839044e-16,-3.245924e-16,-1.0
-0.1883418,-0.0823336,0.0525,-3.338477e-15,1.474729e-30,-1.0
-0.1841849,-0.09237274,0.0525,-3.338477e-15,1.474729e-30,-1.0
-0.1883418,-0.1451664,0.0525,-3.338477e-15,1.474729e-30,-1.0
-0.1816514,-0.1029246,0.0525,0.0,0.0,-1.0
-0.1816514,-0.1245754,0.0525,0.0,0.0,-1.0
-0.1841849,-0.1351273,0.0525,0.0,0.0,-1.0
-0.1841849,-0.09237274,0.0525,4.125779e-15,-3.245924e-16,-1.0
-0.1816514,-0.1029246,0.0525,4.125779e-15,-3.245924e-16,-1.0
-0.1841849,-0.1351273,0.0525,4.125779e-15,-3.245924e-16,-1.0
-0.1816514,-0.1029246,0.0525,-8.162563e-15,-1.046417e-29,-1.0
-0.1808013,-0.11375,0.0525,-8.162563e-15,-1.046417e-29,-1.0
-0.1816514,-0.1245754,0.0525,-8.162563e-15,-1.046417e-29,-1.0
-0.2608254,-0.04540141,0.0625,-1.265991e-15,2.030442e-16,1.0
-0.2608254,-0.1820986,0.0625,-1.265991e-15,2.030442e-16,1.0
-0.25,-0.1829506,0.0625,-1.265991e-15,2.030442e-16,1.0
-0.25,-0.04454943,0.0625,-1.297754e-15,2.005444e-16,1.0
-0.2608254,-0.04540141,0.0625,-1.297754e-15,2.005444e-16,1.0
-0.25,-0.1829506,0.0625,-1.297754e-15,2.005444e-16,1.0
-0.2391746,-0.1820986,0.0625,1.266188e-15,2.005444e-16,1.0
-0.25,-0.04454943,0.0625,1.266188e-15,2.005444e-16,1.0
-0.25,-0.1829506,0.0625,1.266188e-15,2.005444e-16,1.0
-0.2713896,-0.04793951,0.0625,1.364324e-15,2.10875e-16,1.0
-0.2713896,-0.1795605,0.0625,1.364324e-15,2.10875e-16,1.0
-0.2608254,-0.1820986,0.0625,1.364324e-15,2.10875e-16,1.0
-0.2608254,-0.04540141,0.0625,1.264878e-15,2.030442e-16,1.0
-0.2713896,-0.04793951,0.0625,1.264878e-15,2.030442e-16,1.0
-0.2608254,-0.1820986,0.0625,1.264878e-15,2.030442e-16,1.0
-0.2814164,-0.05209184,0.0625,-1.290856e-15,2.250763e-16,1.0
-0.2814164,-0.1754082,0.0625,-1.290856e-15,2.250763e-16,1.0
-0.2713896,-0.1795605,0.0625,-1.290856e-15,2.250763e-16,1.0
-0.2713896,-0.04793951,0.0625,-1.471393e-15,2.10875e-16,1.0
-0.2814164,-0.05209184,0.0625,-1.471393e-15,2.10875e-16,1.0
-0.2713896,-0.1795605,0.0625,-1.471393e-15,2.10875e-16,1.0
-0.2906712,-0.05776491,0.0625,1.613483e-15,1.859127e-16,1.0
-0.2906712,-0.1697351,0.0625,1.613483e-15,1.859127e-16,1.0
-0.2814164,-0.1754082,0.0625,1.613483e-15,1.859127e-16,1.0
-0.2814164,-0.05209184,0.0625,2.111313e-15,2.250763e-16,1.0
-0.2906712,-0.05776491,0.0625,2.111313e-15,2.250763e-16,1.0
-0.2814164,-0.1754082,0.0625,2.111313e-15,2.250763e-16,1.0
-0.2989322,-0.06481781,0.0625,-1.437784e-15,2.836126e-16,1.0
-0.2989322,-0.1626822,0.0625,-1.437784e-15,2.836126e-16,1.0
-0.2906712,-0.1697351,0.0625,-1.437784e-15,2.836126e-16,1.0
-0.2906712,-0.05776491,0.0625,-2.678607e-15,1.859127e-16,1.0
-0.2989322,-0.06481781,0.0625,-2.678607e-15,1.859127e-16,1.0
-0.2906712,-0.1697351,0.0625,-2.678607e-15,1.859127e-16,1.0
-0.3059812,-0.07307083,0.0625,2.268338e-15,2.558641e-16,1.0
-0.3059812,-0.1544292,0.0625,2.268338e-15,2.558641e-16,1.0
-0.2989322,-0.1626822,0.0625,2.268338e-15,2.558641e-16,1.0
-0.2989322,-0.06481781,0.0625,2.621097e-15,2.836126e-16,1.0
-0.3059812,-0.07307083,0.0625,2.621097e-15,2.836126e-16,1.0
-0.2989322,-0.1626822,0.0625,2.621097e-15,2.836126e-16,1.0
-0.3116582,-0.0823336,0.0625,-4.889127e-15,0.0,1.0
-0.3116582,-0.1451664,0.0625,-4.889127e-15,0.0,1.0
-0.3059812,-0.1544292,0.0625,-4.889127e-15,0.0,1.0
-0.3059812,-0.07307083,0.0625,-1.639758e-15,2.558641e-16,1.0
-0.3116582,-0.0823336,0.0625,-1.639758e-15,2.558641e-16,1.0
-0.3059812,-0.1544292,0.0625,-1.639758e-15,2.558641e-16,1.0
-0.3158151,-0.09237274,0.0625,3.730429e-15,1.622962e-16,1.0
-0.3158151,-0.1351273,0.0625,3.730429e-15,1.622962e-16,1.0
-0.3116582,-0.1451664,0.0625,3.730429e-15,1.622962e-16,1.0
-0.3116582,-0.0823336,0.0625,1.669239e-15,0.0,1.0
-0.3158151,-0.09237274,0.0625,1.669239e-15,0.0,1.0
-0.3116582,-0.1451664,0.0625,1.669239e-15,0.0,1.0
-0.3183486,-0.1029246,0.0625,-5.477682e-15,0.0,1.0
-0.3183486,-0.1245754,0.0625,-5.477682e-15,0.0,1.0
-0.3158151,-0.1351273,0.0625,-5.477682e-15,0.0,1.0
-0.3158151,-0.09237274,0.0625,-3.414793e-15,1.622962e-16,1.0
-0.3183486,-0.1029246,0.0625,-3.414793e-15,1.622962e-16,1.0
-0.3158151,-0.1351273,0.0625,-3.414793e-15,1.622962e-16,1.0
-0.3183486,-0.1029246,0.0625,1.632513e-14,0.0,1.0
-0.3191987,-0.11375,0.0625,1.632513e-14,0.0,1.0
-0.3183486,-0.1245754,0.0625,1.632513e-14,0.0,1.0
-0.2391746,-0.1820986,0.0625,1.297951e-15,2.030442e-16,1.0
-0.2391746,-0.04540141,0.0625,1.297951e-15,2.030442e-16,1.0
-0.25,-0.04454943,0.0625,1.297951e-15,2.030442e-16,1.0
-0.2286104,-0.1795605,0.0625,-1.262996e-15,2.10875e-16,1.0
-0.2286104,-0.04793951,0.0625,-1.262996e-15,2.10875e-16,1.0
-0.2391746,-0.04540141,0.0625,-1.262996e-15,2.10875e-16,1.0
-0.2391746,-0.1820986,0.0625,-1.362442e-15,2.030442e-16,1.0
-0.2286104,-0.1795605,0.0625,-1.362442e-15,2.030442e-16,1.0
-0.2391746,-0.04540141,0.0625,-1.362442e-15,2.030442e-16,1.0
-0.2185836,-0.1754082,0.0625,1.477274e-15,2.250763e-16,1.0
-0.2185836,-0.05209184,0.0625,1.477274e-15,2.250763e-16,1.0
-0.2286104,-0.04793951,0.0625,1.477274e-15,2.250763e-16,1.0
-0.2286104,-0.1795605,0.0625,1.296737e-15,2.10875e-16,1.0
-0.2185836,-0.1754082,0.0625,1.296737e-15,2.10875e-16,1.0
-0.2286104,-0.04793951,0.0625,1.296737e-15,2.10875e-16,1.0
-0.2093288,-0.1697351,0.0625,-2.135319e-15,1.859127e-16,1.0
-0.2093288,-0.05776491,0.0625,-2.135319e-15,1.859127e-16,1.0
-0.2185836,-0.05209184,0.0625,-2.135319e-15,1.859127e-16,1.0
-0.2185836,-0.1754082,0.0625,-1.637489e-15,2.250763e-16,1.0
-0.2093288,-0.1697351,0.0625,-1.637489e-15,2.250763e-16,1.0
-0.2185836,-0.05209184,0.0625,-1.637489e-15,2.250763e-16,1.0
-0.2010678,-0.1626822,0.0625,2.76202e-15,2.836126e-16,1.0
-0.2010678,-0.06481781,0.0625,2.76202e-15,2.836126e-16,1.0
-0.2093288,-0.05776491,0.0625,2.76202e-15,2.836126e-16,1.0
-0.2093288,-0.1697351,0.0625,1.521196e-15,1.859127e-16,1.0
-0.2010678,-0.1626822,0.0625,1.521196e-15,1.859127e-16,1.0
-0.2093288,-0.05776491,0.0625,1.521196e-15,1.859127e-16,1.0
-0.1940188,-0.1544292,0.0625,-2.653585e-15,2.558641e-16,1.0
-0.1940188,-0.07307083,0.0625,-2.653585e-15,2.558641e-16,1.0
-0.2010678,-0.06481781,0.0625,-2.653585e-15,2.558641e-16,1.0
-0.2010678,-0.1626822,0.0625,-2.300827e-15,2.836126e-16,1.0
-0.1940188,-0.1544292,0.0625,-2.300827e-15,2.836126e-16,1.0
-0.2010678,-0.06481781,0.0625,-2.300827e-15,2.836126e-16,1.0
-0.1883418,-0.1451664,0.0625,1.222282e-15,0.0,1.0
-0.1883418,-0.0823336,0.0625,1.222282e-15,0.0,1.0
-0.1940188,-0.07307083,0.0625,1.222282e-15,0.0,1.0
-0.1940188,-0.1544292,0.0625,4.471651e-15,2.558641e-16,1.0
-0.1883418,-0.1451664,0.0625,4.471651e-15,2.558641e-16,1.0
-0.1940188,-0.07307083,0.0625,4.471651e-15,2.558641e-16,1.0
-0.1841849,-0.1351273,0.0625,-1.277286e-15,1.622962e-16,1.0
-0.1841849,-0.09237274,0.0625,-1.277286e-15,1.622962e-16,1.0
-0.1883418,-0.0823336,0.0625,-1.277286e-15,1.622962e-16,1.0
-0.1883418,-0.1451664,0.0625,-3.338477e-15,0.0,1.0
-0.1841849,-0.1351273,0.0625,-3.338477e-15,0.0,1.0
-0.1883418,-0.0823336,0.0625,-3.338477e-15,0.0,1.0
-0.1816514,-0.1245754,0.0625,2.738841e-15,0.0,1.0
-0.1816514,-0.1029246,0.0625,2.738841e-15,0.0,1.0
-0.1841849,-0.09237274,0.0625,2.738841e-15,0.0,1.0
-0.1841849,-0.1351273,0.0625,4.80173e-15,1.622962e-16,1.0
-0.1816514,-0.1245754,0.0625,4.80173e-15,1.622962e-16,1.0
-0.1841849,-0.09237274,0.0625,4.80173e-15,1.622962e-16,1.0
-0.1816514,-0.1245754,0.0625,-1.632513e-14,0.0,1.0
-0.1808013,-0.11375,0.0625,-1.632513e-14,0.0,1.0
-0.1816514,-0.1029246,0.0625,-1.632513e-14,0.0,1.0
