-6.0,11.69291,0.0,0.0,0.0,-1.0
6.0,11.69291,0.0,0.0,0.0,-1.0
6.0,0.0,0.0,0.0,0.0,-1.0
6.0,0.0,0.511811,1.0,0.0,0.0
6.0,0.0,0.0,1.0,0.0,0.0
6.0,11.69291,0.0,1.0,0.0,0.0
-6.0,5.341418e-29,0.0,0.0,0.0,-1.0
-6.0,11.69291,0.0,0.0,0.0,-1.0
6.0,0.0,0.0,0.0,0.0,-1.0
-6.0,5.341418e-29,0.511811,-4.451181e-30,-1.0,0.0
-6.0,5.341418e-29,0.0,-4.451181e-30,-1.0,0.0
6.0,0.0,0.0,-4.451181e-30,-1.0,0.0
-6.0,5.341418e-29,0.511811,-4.451181e-30,-1.0,0.0
6.0,0.0,0.0,-4.451181e-30,-1.0,0.0
6.0,0.0,0.511811,-4.451181e-30,-1.0,0.0
-5.884713,12.86318,0.0,0.0,0.0,-1.0
5.884713,12.86318,0.0,0.0,0.0,-1.0
6.0,11.69291,0.0,0.0,0.0,-1.0
6.0,11.69291,0.511811,0.9951826,0.09803845,0.0
6.0,11.69291,0.0,0.9951826,0.09803845,0.0
5.884713,12.86318,0.0,0.9951826,0.09803845,0.0
-6.0,11.69291,0.0,0.0,0.0,-1.0
-5.884713,12.86318,0.0,0.0,0.0,-1.0
6.0,11.69291,0.0,0.0,0.0,-1.0
6.0,11.69291,0.511811,1.0,0.0,0.0
6.0,0.0,0.511811,1.0,0.0,0.0
6.0,11.69291,0.0,1.0,0.0,0.0
-5.543145,13.98917,0.0,0.0,0.0,-1.0
5.543145,13.98917,0.0,0.0,0.0,-1.0
5.884713,12.86318,0.0,0.0,0.0,-1.0
5.884713,12.86318,0.511811,0.9569397,0.2902868,0.0
5.884713,12.86318,0.0,0.9569397,0.2902868,0.0
5.543145,13.98917,0.0,0.9569397,0.2902868,0.0
-5.884713,12.86318,0.0,0.0,0.0,-1.0
-5.543145,13.98917,0.0,0.0,0.0,-1.0
5.884713,12.86318,0.0,0.0,0.0,-1.0
6.0,11.69291,0.511811,0.9951826,0.09803845,0.0
5.884713,12.86318,0.0,0.9951826,0.09803845,0.0
5.884713,12.86318,0.511811,0.9951826,0.09803845,0.0
-4.988719,15.02648,0.0,0.0,0.0,-1.0
4.988719,15.02648,0.0,0.0,0.0,-1.0
5.543145,13.98917,0.0,0.0,0.0,-1.0
5.543145,13.98917,0.511811,0.8819299,0.4713806,0.0
5.543145,13.98917,0.0,0.8819299,0.4713806,0.0
4.988719,15.02648,0.0,0.8819299,0.4713806,0.0
-5.543145,13.98917,0.0,0.0,0.0,-1.0
-4.988719,15.02648,0.0,0.0,0.0,-1.0
5.543145,13.98917,0.0,0.0,0.0,-1.0
5.884713,12.86318,0.511811,0.9569397,0.2902868,0.0
5.543145,13.98917,0.0,0.9569397,0.2902868,0.0
5.543145,13.98917,0.511811,0.9569397,0.2902868,0.0
0.2504362,15.83954,0.0,0.0,0.0,-1.0
4.242835,15.9353,0.0,0.0,0.0,-1.0
4.988719,15.02648,0.0,0.0,0.0,-1.0
4.988719,15.02648,0.511811,0.7729988,0.6344074,0.0
4.988719,15.02648,0.0,0.7729988,0.6344074,0.0
4.242835,15.9353,0.0,0.7729988,0.6344074,0.0
-4.988719,15.02648,0.0,0.0,0.0,-1.0
-4.242835,15.9353,0.0,0.0,0.0,-1.0
4.988719,15.02648,0.0,0.0,0.0,-1.0
9.020562e-17,15.73588,0.0,0.0,0.0,-1.0
4.988719,15.02648,0.0,0.0,0.0,-1.0
-4.242835,15.9353,0.0,0.0,0.0,-1.0
0.1356969,15.76285,0.0,0.0,0.0,-1.0
0.2504362,15.83954,0.0,0.0,0.0,-1.0
4.988719,15.02648,0.0,0.0,0.0,-1.0
9.020562e-17,15.73588,0.0,0.0,0.0,-1.0
0.1356969,15.76285,0.0,0.0,0.0,-1.0
4.988719,15.02648,0.0,0.0,0.0,-1.0
5.543145,13.98917,0.511811,0.8819299,0.4713806,0.0
4.988719,15.02648,0.0,0.8819299,0.4713806,0.0
4.988719,15.02648,0.511811,0.8819299,0.4713806,0.0
-2.151057e-16,16.44443,0.0,0.0,0.0,-1.0
3.333298,16.68173,0.0,0.0,0.0,-1.0
4.242835,15.9353,0.0,0.0,0.0,-1.0
4.242835,15.9353,0.511811,0.6343882,0.7730146,0.0
4.242835,15.9353,0.0,0.6343882,0.7730146,0.0
3.333298,16.68173,0.0,0.6343882,0.7730146,0.0
0.3273454,15.95465,0.0,0.0,0.0,-1.0
0.3543307,16.09016,0.0,0.0,0.0,-1.0
4.242835,15.9353,0.0,0.0,0.0,-1.0
0.3273454,16.22566,0.0,0.0,0.0,-1.0
4.242835,15.9353,0.0,0.0,0.0,-1.0
0.3543307,16.09016,0.0,0.0,0.0,-1.0
0.2504362,15.83954,0.0,0.0,0.0,-1.0
0.3273454,15.95465,0.0,0.0,0.0,-1.0
4.242835,15.9353,0.0,0.0,0.0,-1.0
0.1356969,16.41746,0.0,0.0,0.0,-1.0
-2.151057e-16,16.44443,0.0,0.0,0.0,-1.0
4.242835,15.9353,0.0,0.0,0.0,-1.0
0.2504362,16.34078,0.0,0.0,0.0,-1.0
0.1356969,16.41746,0.0,0.0,0.0,-1.0
4.242835,15.9353,0.0,0.0,0.0,-1.0
0.3273454,16.22566,0.0,0.0,0.0,-1.0
0.2504362,16.34078,0.0,0.0,0.0,-1.0
4.242835,15.9353,0.0,0.0,0.0,-1.0
4.988719,15.02648,0.511811,0.7729988,0.6344074,0.0
4.242835,15.9353,0.0,0.7729988,0.6344074,0.0
4.242835,15.9353,0.511811,0.7729988,0.6344074,0.0
-2.295842,17.23628,0.0,0.0,0.0,-1.0
2.295842,17.23628,0.0,0.0,0.0,-1.0
3.333298,16.68173,0.0,0.0,0.0,-1.0
3.333298,16.68173,0.511811,0.4714098,0.8819143,0.0
3.333298,16.68173,0.0,0.4714098,0.8819143,0.0
2.295842,17.23628,0.0,0.4714098,0.8819143,0.0
-3.333298,16.68173,0.0,0.0,0.0,-1.0
-2.295842,17.23628,0.0,0.0,0.0,-1.0
3.333298,16.68173,0.0,0.0,0.0,-1.0
-2.151057e-16,16.44443,0.0,0.0,0.0,-1.0
-3.333298,16.68173,0.0,0.0,0.0,-1.0
3.333298,16.68173,0.0,0.0,0.0,-1.0
4.242835,15.9353,0.511811,0.6343882,0.7730146,0.0
3.333298,16.68173,0.0,0.6343882,0.7730146,0.0
3.333298,16.68173,0.511811,0.6343882,0.7730146,0.0
-1.17085,17.57754,0.0,0.0,0.0,-1.0
1.17085,17.57754,0.0,0.0,0.0,-1.0
2.295842,17.23628,0.0,0.0,0.0,-1.0
2.295842,17.23628,0.511811,0.290278,0.9569424,0.0
2.295842,17.23628,0.0,0.290278,0.9569424,0.0
1.17085,17.57754,0.0,0.290278,0.9569424,0.0
-2.295842,17.23628,0.0,0.0,0.0,-1.0
-1.17085,17.57754,0.0,0.0,0.0,-1.0
2.295842,17.23628,0.0,0.0,0.0,-1.0
3.333298,16.68173,0.511811,0.4714098,0.8819143,0.0
2.295842,17.23628,0.0,0.4714098,0.8819143,0.0
2.295842,17.23628,0.511811,0.4714098,0.8819143,0.0
-1.17085,17.57754,0.0,0.0,0.0,-1.0
2.220446e-16,17.69284,0.0,0.0,0.0,-1.0
1.17085,17.57754,0.0,0.0,0.0,-1.0
1.17085,17.57754,0.511811,0.09800638,0.9951858,0.0
1.17085,17.57754,0.0,0.09800638,0.9951858,0.0
2.220446e-16,17.69284,0.0,0.09800638,0.9951858,0.0
2.295842,17.23628,0.511811,0.290278,0.9569424,0.0
1.17085,17.57754,0.0,0.290278,0.9569424,0.0
1.17085,17.57754,0.511811,0.290278,0.9569424,0.0
2.220446e-16,17.69284,0.511811,-0.09800638,0.9951858,0.0
2.220446e-16,17.69284,0.0,-0.09800638,0.9951858,0.0
-1.17085,17.57754,0.0,-0.09800638,0.9951858,0.0
1.17085,17.57754,0.511811,0.09800638,0.9951858,0.0
2.220446e-16,17.69284,0.0,0.09800638,0.9951858,0.0
2.220446e-16,17.69284,0.511811,0.09800638,0.9951858,0.0
-1.17085,17.57754,0.511811,-0.290278,0.9569424,0.0
-1.17085,17.57754,0.0,-0.290278,0.9569424,0.0
-2.295842,17.23628,0.0,-0.290278,0.9569424,0.0
2.220446e-16,17.69284,0.511811,-0.09800638,0.9951858,0.0
-1.17085,17.57754,0.0,-0.09800638,0.9951858,0.0
-1.17085,17.57754,0.511811,-0.09800638,0.9951858,0.0
-2.295842,17.23628,0.511811,-0.4714098,0.8819143,0.0
-2.295842,17.23628,0.0,-0.4714098,0.8819143,0.0
-3.333298,16.68173,0.0,-0.4714098,0.8819143,0.0
-1.17085,17.57754,0.511811,-0.290278,0.9569424,0.0
-2.295842,17.23628,0.0,-0.290278,0.9569424,0.0
-2.295842,17.23628,0.511811,-0.290278,0.9569424,0.0
-0.3273454,15.95465,0.0,0.0,0.0,-1.0
-4.242835,15.9353,0.0,0.0,0.0,-1.0
-3.333298,16.68173,0.0,0.0,0.0,-1.0
-3.333298,16.68173,0.511811,-0.6343882,0.7730146,0.0
-3.333298,16.68173,0.0,-0.6343882,0.7730146,0.0
-4.242835,15.9353,0.0,-0.6343882,0.7730146,0.0
-0.3543307,16.09016,0.0,0.0,0.0,-1.0
-0.3273454,15.95465,0.0,0.0,0.0,-1.0
-3.333298,16.68173,0.0,0.0,0.0,-1.0
-0.3273454,16.22566,0.0,0.0,0.0,-1.0
-0.3543307,16.09016,0.0,0.0,0.0,-1.0
-3.333298,16.68173,0.0,0.0,0.0,-1.0
-0.2504362,16.34078,0.0,0.0,0.0,-1.0
-0.3273454,16.22566,0.0,0.0,0.0,-1.0
-3.333298,16.68173,0.0,0.0,0.0,-1.0
-0.1356969,16.41746,0.0,0.0,0.0,-1.0
-0.2504362,16.34078,0.0,0.0,0.0,-1.0
-3.333298,16.68173,0.0,0.0,0.0,-1.0
-2.151057e-16,16.44443,0.0,0.0,0.0,-1.0
-0.1356969,16.41746,0.0,0.0,0.0,-1.0
-3.333298,16.68173,0.0,0.0,0.0,-1.0
-2.295842,17.23628,0.511811,-0.4714098,0.8819143,0.0
-3.333298,16.68173,0.0,-0.4714098,0.8819143,0.0
-3.333298,16.68173,0.511811,-0.4714098,0.8819143,0.0
-4.242835,15.9353,0.511811,-0.7729988,0.6344074,0.0
-4.242835,15.9353,0.0,-0.7729988,0.6344074,0.0
-4.988719,15.02648,0.0,-0.7729988,0.6344074,0.0
-0.1356969,15.76285,0.0,0.0,0.0,-1.0
9.020562e-17,15.73588,0.0,0.0,0.0,-1.0
-4.242835,15.9353,0.0,0.0,0.0,-1.0
-0.2504362,15.83954,0.0,0.0,0.0,-1.0
-0.1356969,15.76285,0.0,0.0,0.0,-1.0
-4.242835,15.9353,0.0,0.0,0.0,-1.0
-0.3273454,15.95465,0.0,0.0,0.0,-1.0
-0.2504362,15.83954,0.0,0.0,0.0,-1.0
-4.242835,15.9353,0.0,0.0,0.0,-1.0
-3.333298,16.68173,0.511811,-0.6343882,0.7730146,0.0
-4.242835,15.9353,0.0,-0.6343882,0.7730146,0.0
-4.242835,15.9353,0.511811,-0.6343882,0.7730146,0.0
-4.988719,15.02648,0.511811,-0.8819299,0.4713806,0.0
-4.988719,15.02648,0.0,-0.8819299,0.4713806,0.0
-5.543145,13.98917,0.0,-0.8819299,0.4713806,0.0
-4.242835,15.9353,0.511811,-0.7729988,0.6344074,0.0
-4.988719,15.02648,0.0,-0.7729988,0.6344074,0.0
-4.988719,15.02648,0.511811,-0.7729988,0.6344074,0.0
-5.543145,13.98917,0.511811,-0.9569397,0.2902868,0.0
-5.543145,13.98917,0.0,-0.9569397,0.2902868,0.0
-5.884713,12.86318,0.0,-0.9569397,0.2902868,0.0
-4.988719,15.02648,0.511811,-0.8819299,0.4713806,0.0
-5.543145,13.98917,0.0,-0.8819299,0.4713806,0.0
-5.543145,13.98917,0.511811,-0.8819299,0.4713806,0.0
-5.884713,12.86318,0.511811,-0.9951826,0.09803845,0.0
-5.884713,12.86318,0.0,-0.9951826,0.09803845,0.0
-6.0,11.69291,0.0,-0.9951826,0.09803845,0.0
-5.543145,13.98917,0.511811,-0.9569397,0.2902868,0.0
-5.884713,12.86318,0.0,-0.9569397,0.2902868,0.0
-5.884713,12.86318,0.511811,-0.9569397,0.2902868,0.0
-6.0,11.69291,0.511811,-1.0,0.0,0.0
-6.0,11.69291,0.0,-1.0,0.0,0.0
-6.0,5.341418e-29,0.0,-1.0,0.0,0.0
-5.884713,12.86318,0.511811,-0.9951826,0.09803845,0.0
-6.0,11.69291,0.0,-0.9951826,0.09803845,0.0
-6.0,11.69291,0.511811,-0.9951826,0.09803845,0.0
-6.0,11.69291,0.511811,-1.0,0.0,0.0
-6.0,5.341418e-29,0.0,-1.0,0.0,0.0
-6.0,5.341418e-29,0.511811,-1.0,0.0,0.0
0.3543307,16.09016,0.511811,-0.9807408,0.1953136,0.0
0.3543307,16.09016,0.0,-0.9807408,0.1953136,0.0
0.3273454,15.95465,0.0,-0.9807408,0.1953136,0.0
0.3273454,16.22566,0.511811,-0.9807408,-0.1953136,0.0
0.3273454,16.22566,0.0,-0.9807408,-0.1953136,0.0
0.3543307,16.09016,0.0,-0.9807408,-0.1953136,0.0
0.3273454,16.22566,0.511811,-0.9807408,-0.1953136,0.0
0.3543307,16.09016,0.0,-0.9807408,-0.1953136,0.0
0.3543307,16.09016,0.511811,-0.9807408,-0.1953136,0.0
0.3273454,15.95465,0.511811,-0.8315001,0.5555246,0.0
0.3273454,15.95465,0.0,-0.8315001,0.5555246,0.0
0.2504362,15.83954,0.0,-0.8315001,0.5555246,0.0
0.3273454,15.95465,0.511811,-0.9807408,0.1953136,0.0
0.3543307,16.09016,0.511811,-0.9807408,0.1953136,0.0
0.3273454,15.95465,0.0,-0.9807408,0.1953136,0.0
0.2504362,15.83954,0.511811,-0.555671,0.8314023,0.0
0.2504362,15.83954,0.0,-0.555671,0.8314023,0.0
0.1356969,15.76285,0.0,-0.555671,0.8314023,0.0
0.3273454,15.95465,0.511811,-0.8315001,0.5555246,0.0
0.2504362,15.83954,0.0,-0.8315001,0.5555246,0.0
0.2504362,15.83954,0.511811,-0.8315001,0.5555246,0.0
0.1356969,15.76285,0.511811,-0.1949379,0.9808156,0.0
0.1356969,15.76285,0.0,-0.1949379,0.9808156,0.0
9.020562e-17,15.73588,0.0,-0.1949379,0.9808156,0.0
0.2504362,15.83954,0.511811,-0.555671,0.8314023,0.0
0.1356969,15.76285,0.0,-0.555671,0.8314023,0.0
0.1356969,15.76285,0.511811,-0.555671,0.8314023,0.0
9.020562e-17,15.73588,0.511811,0.1949379,0.9808156,0.0
9.020562e-17,15.73588,0.0,0.1949379,0.9808156,0.0
-0.1356969,15.76285,0.0,0.1949379,0.9808156,0.0
0.1356969,15.76285,0.511811,-0.1949379,0.9808156,0.0
9.020562e-17,15.73588,0.0,-0.1949379,0.9808156,0.0
9.020562e-17,15.73588,0.511811,-0.1949379,0.9808156,0.0
-0.1356969,15.76285,0.511811,0.555671,0.8314023,0.0
-0.1356969,15.76285,0.0,0.555671,0.8314023,0.0
-0.2504362,15.83954,0.0,0.555671,0.8314023,0.0
9.020562e-17,15.73588,0.511811,0.1949379,0.9808156,0.0
-0.1356969,15.76285,0.0,0.1949379,0.9808156,0.0
-0.1356969,15.76285,0.511811,0.1949379,0.9808156,0.0
-0.2504362,15.83954,0.511811,0.8315001,0.5555246,0.0
-0.2504362,15.83954,0.0,0.8315001,0.5555246,0.0
-0.3273454,15.95465,0.0,0.8315001,0.5555246,0.0
-0.1356969,15.76285,0.511811,0.555671,0.8314023,0.0
-0.2504362,15.83954,0.0,0.555671,0.8314023,0.0
-0.2504362,15.83954,0.511811,0.555671,0.8314023,0.0
-0.3273454,15.95465,0.511811,0.9807408,0.1953136,0.0
-0.3273454,15.95465,0.0,0.9807408,0.1953136,0.0
-0.3543307,16.09016,0.0,0.9807408,0.1953136,0.0
-0.2504362,15.83954,0.511811,0.8315001,0.5555246,0.0
-0.3273454,15.95465,0.0,0.8315001,0.5555246,0.0
-0.3273454,15.95465,0.511811,0.8315001,0.5555246,0.0
-0.3543307,16.09016,0.511811,0.9807408,-0.1953136,0.0
-0.3543307,16.09016,0.0,0.9807408,-0.1953136,0.0
-0.3273454,16.22566,0.0,0.9807408,-0.1953136,0.0
-0.3273454,15.95465,0.511811,0.9807408,0.1953136,0.0
-0.3543307,16.09016,0.0,0.9807408,0.1953136,0.0
-0.3543307,16.09016,0.511811,0.9807408,0.1953136,0.0
-0.3273454,16.22566,0.511811,0.8315001,-0.5555246,0.0
-0.3273454,16.22566,0.0,0.8315001,-0.5555246,0.0
-0.2504362,16.34078,0.0,0.8315001,-0.5555246,0.0
-0.3543307,16.09016,0.511811,0.9807408,-0.1953136,0.0
-0.3273454,16.22566,0.0,0.9807408,-0.1953136,0.0
-0.3273454,16.22566,0.511811,0.9807408,-0.1953136,0.0
-0.2504362,16.34078,0.511811,0.555671,-0.8314023,0.0
-0.2504362,16.34078,0.0,0.555671,-0.8314023,0.0
-0.1356969,16.41746,0.0,0.555671,-0.8314023,0.0
-0.3273454,16.22566,0.511811,0.8315001,-0.5555246,0.0
-0.2504362,16.34078,0.0,0.8315001,-0.5555246,0.0
-0.2504362,16.34078,0.511811,0.8315001,-0.5555246,0.0
-0.1356969,16.41746,0.511811,0.1949379,-0.9808156,0.0
-0.1356969,16.41746,0.0,0.1949379,-0.9808156,0.0
-2.151057e-16,16.44443,0.0,0.1949379,-0.9808156,0.0
-0.2504362,16.34078,0.511811,0.555671,-0.8314023,0.0
-0.1356969,16.41746,0.0,0.555671,-0.8314023,0.0
-0.1356969,16.41746,0.511811,0.555671,-0.8314023,0.0
-2.151057e-16,16.44443,0.511811,-0.1949379,-0.9808156,0.0
-2.151057e-16,16.44443,0.0,-0.1949379,-0.9808156,0.0
0.1356969,16.41746,0.0,-0.1949379,-0.9808156,0.0
-0.1356969,16.41746,0.511811,0.1949379,-0.9808156,0.0
-2.151057e-16,16.44443,0.0,0.1949379,-0.9808156,0.0
-2.151057e-16,16.44443,0.511811,0.1949379,-0.9808156,0.0
0.1356969,16.41746,0.511811,-0.555671,-0.8314023,0.0
0.1356969,16.41746,0.0,-0.555671,-0.8314023,0.0
0.2504362,16.34078,0.0,-0.555671,-0.8314023,0.0
-2.151057e-16,16.44443,0.511811,-0.1949379,-0.9808156,0.0
0.1356969,16.41746,0.0,-0.1949379,-0.9808156,0.0
0.1356969,16.41746,0.511811,-0.1949379,-0.9808156,0.0
0.2504362,16.34078,0.511811,-0.8315001,-0.5555246,0.0
0.2504362,16.34078,0.0,-0.8315001,-0.5555246,0.0
0.3273454,16.22566,0.0,-0.8315001,-0.5555246,0.0
0.1356969,16.41746,0.511811,-0.555671,-0.8314023,0.0
0.2504362,16.34078,0.0,-0.555671,-0.8314023,0.0
0.2504362,16.34078,0.511811,-0.555671,-0.8314023,0.0
0.2504362,16.34078,0.511811,-0.8315001,-0.5555246,0.0
0.3273454,16.22566,0.0,-0.8315001,-0.5555246,0.0
0.3273454,16.22566,0.511811,-0.8315001,-0.5555246,0.0
4.582677,0.6693523,0.511811,0.0,0.0,1.0
-6.0,5.341418e-29,0.511811,0.0,0.0,1.0
6.0,0.0,0.511811,0.0,0.0,1.0
4.976378,1.062992,0.511811,0.0,0.0,1.0
6.0,0.0,0.511811,0.0,0.0,1.0
6.0,11.69291,0.511811,0.0,0.0,1.0
4.946394,0.9124332,0.511811,0.0,0.0,1.0
6.0,0.0,0.511811,0.0,0.0,1.0
4.976378,1.062992,0.511811,0.0,0.0,1.0
4.733451,0.6993188,0.511811,0.0,0.0,1.0
4.582677,0.6693523,0.511811,0.0,0.0,1.0
6.0,0.0,0.511811,0.0,0.0,1.0
4.86094,0.784526,0.511811,0.0,0.0,1.0
4.733451,0.6993188,0.511811,0.0,0.0,1.0
6.0,0.0,0.511811,0.0,0.0,1.0
4.946394,0.9124332,0.511811,0.0,0.0,1.0
4.86094,0.784526,0.511811,0.0,0.0,1.0
6.0,0.0,0.511811,0.0,0.0,1.0
-0.1130726,11.53822,0.511811,0.0,0.0,1.0
-6.0,11.69291,0.511811,0.0,0.0,1.0
-6.0,5.341418e-29,0.511811,0.0,0.0,1.0
-0.1254921,8.387008,0.511811,0.0,0.0,1.0
-0.1130726,8.441374,0.511811,0.0,0.0,1.0
-6.0,5.341418e-29,0.511811,0.0,0.0,1.0
0.02784626,11.36151,0.511811,0.0,0.0,1.0
-6.0,5.341418e-29,0.511811,0.0,0.0,1.0
-0.1130726,8.441374,0.511811,0.0,0.0,1.0
-0.1130726,8.332642,0.511811,0.0,0.0,1.0
-0.1254921,8.387008,0.511811,0.0,0.0,1.0
-6.0,5.341418e-29,0.511811,0.0,0.0,1.0
-0.07819259,8.288907,0.511811,0.0,0.0,1.0
-0.1130726,8.332642,0.511811,0.0,0.0,1.0
-6.0,5.341418e-29,0.511811,0.0,0.0,1.0
-0.02784626,8.264655,0.511811,0.0,0.0,1.0
-0.07819259,8.288907,0.511811,0.0,0.0,1.0
-6.0,5.341418e-29,0.511811,0.0,0.0,1.0
0.02784626,8.264655,0.511811,0.0,0.0,1.0
-0.02784626,8.264655,0.511811,0.0,0.0,1.0
-6.0,5.341418e-29,0.511811,0.0,0.0,1.0
-4.86094,1.341458,0.511811,0.0,0.0,1.0
0.02784626,8.264655,0.511811,0.0,0.0,1.0
-6.0,5.341418e-29,0.511811,0.0,0.0,1.0
-0.1254921,11.48386,0.511811,0.0,0.0,1.0
-0.1130726,11.53822,0.511811,0.0,0.0,1.0
-6.0,5.341418e-29,0.511811,0.0,0.0,1.0
-0.1130726,11.42949,0.511811,0.0,0.0,1.0
-0.1254921,11.48386,0.511811,0.0,0.0,1.0
-6.0,5.341418e-29,0.511811,0.0,0.0,1.0
-0.07819259,11.38576,0.511811,0.0,0.0,1.0
-0.1130726,11.42949,0.511811,0.0,0.0,1.0
-6.0,5.341418e-29,0.511811,0.0,0.0,1.0
-0.02784626,11.36151,0.511811,0.0,0.0,1.0
-0.07819259,11.38576,0.511811,0.0,0.0,1.0
-6.0,5.341418e-29,0.511811,0.0,0.0,1.0
0.02784626,11.36151,0.511811,0.0,0.0,1.0
-0.02784626,11.36151,0.511811,0.0,0.0,1.0
-6.0,5.341418e-29,0.511811,0.0,0.0,1.0
-4.582677,0.6693523,0.511811,0.0,0.0,1.0
-6.0,5.341418e-29,0.511811,0.0,0.0,1.0
4.582677,0.6693523,0.511811,0.0,0.0,1.0
-4.946394,1.213551,0.511811,0.0,0.0,1.0
-4.86094,1.341458,0.511811,0.0,0.0,1.0
-6.0,5.341418e-29,0.511811,0.0,0.0,1.0
-4.976378,1.062992,0.511811,0.0,0.0,1.0
-4.946394,1.213551,0.511811,0.0,0.0,1.0
-6.0,5.341418e-29,0.511811,0.0,0.0,1.0
-4.946394,0.9124332,0.511811,0.0,0.0,1.0
-4.976378,1.062992,0.511811,0.0,0.0,1.0
-6.0,5.341418e-29,0.511811,0.0,0.0,1.0
-4.86094,0.784526,0.511811,0.0,0.0,1.0
-4.946394,0.9124332,0.511811,0.0,0.0,1.0
-6.0,5.341418e-29,0.511811,0.0,0.0,1.0
-4.733451,0.6993188,0.511811,0.0,0.0,1.0
-4.86094,0.784526,0.511811,0.0,0.0,1.0
-6.0,5.341418e-29,0.511811,0.0,0.0,1.0
-4.582677,0.6693523,0.511811,0.0,0.0,1.0
-4.733451,0.6993188,0.511811,0.0,0.0,1.0
-6.0,5.341418e-29,0.511811,0.0,0.0,1.0
5.884713,12.86318,0.511811,0.0,0.0,1.0
-5.884713,12.86318,0.511811,0.0,0.0,1.0
-6.0,11.69291,0.511811,0.0,0.0,1.0
4.582677,12.08655,0.511811,0.0,0.0,1.0
5.884713,12.86318,0.511811,0.0,0.0,1.0
-6.0,11.69291,0.511811,0.0,0.0,1.0
-0.07819259,11.58196,0.511811,0.0,0.0,1.0
-0.02784626,11.60621,0.511811,0.0,0.0,1.0
-6.0,11.69291,0.511811,0.0,0.0,1.0
4.188976,11.69291,0.511811,0.0,0.0,1.0
-6.0,11.69291,0.511811,0.0,0.0,1.0
-0.02784626,11.60621,0.511811,0.0,0.0,1.0
-0.1130726,11.53822,0.511811,0.0,0.0,1.0
-0.07819259,11.58196,0.511811,0.0,0.0,1.0
-6.0,11.69291,0.511811,0.0,0.0,1.0
4.431903,12.05659,0.511811,0.0,0.0,1.0
4.582677,12.08655,0.511811,0.0,0.0,1.0
-6.0,11.69291,0.511811,0.0,0.0,1.0
4.304415,11.97138,0.511811,0.0,0.0,1.0
4.431903,12.05659,0.511811,0.0,0.0,1.0
-6.0,11.69291,0.511811,0.0,0.0,1.0
4.21896,11.84347,0.511811,0.0,0.0,1.0
4.304415,11.97138,0.511811,0.0,0.0,1.0
-6.0,11.69291,0.511811,0.0,0.0,1.0
4.188976,11.69291,0.511811,0.0,0.0,1.0
4.21896,11.84347,0.511811,0.0,0.0,1.0
-6.0,11.69291,0.511811,0.0,0.0,1.0
5.543145,13.98917,0.511811,0.0,0.0,1.0
-5.543145,13.98917,0.511811,0.0,0.0,1.0
-5.884713,12.86318,0.511811,0.0,0.0,1.0
5.884713,12.86318,0.511811,0.0,0.0,1.0
5.543145,13.98917,0.511811,0.0,0.0,1.0
-5.884713,12.86318,0.511811,0.0,0.0,1.0
4.988719,15.02648,0.511811,0.0,0.0,1.0
-4.988719,15.02648,0.511811,0.0,0.0,1.0
-5.543145,13.98917,0.511811,0.0,0.0,1.0
-0.02784626,14.47629,0.511811,0.0,0.0,1.0
4.988719,15.02648,0.511811,0.0,0.0,1.0
-5.543145,13.98917,0.511811,0.0,0.0,1.0
0.02784626,14.23158,0.511811,0.0,0.0,1.0
-5.543145,13.98917,0.511811,0.0,0.0,1.0
5.543145,13.98917,0.511811,0.0,0.0,1.0
-0.07819259,14.45204,0.511811,0.0,0.0,1.0
-0.02784626,14.47629,0.511811,0.0,0.0,1.0
-5.543145,13.98917,0.511811,0.0,0.0,1.0
-0.1130726,14.4083,0.511811,0.0,0.0,1.0
-0.07819259,14.45204,0.511811,0.0,0.0,1.0
-5.543145,13.98917,0.511811,0.0,0.0,1.0
-0.1254921,14.35394,0.511811,0.0,0.0,1.0
-0.1130726,14.4083,0.511811,0.0,0.0,1.0
-5.543145,13.98917,0.511811,0.0,0.0,1.0
-0.1130726,14.29957,0.511811,0.0,0.0,1.0
-0.1254921,14.35394,0.511811,0.0,0.0,1.0
-5.543145,13.98917,0.511811,0.0,0.0,1.0
-0.07819259,14.25584,0.511811,0.0,0.0,1.0
-0.1130726,14.29957,0.511811,0.0,0.0,1.0
-5.543145,13.98917,0.511811,0.0,0.0,1.0
-0.02784626,14.23158,0.511811,0.0,0.0,1.0
-0.07819259,14.25584,0.511811,0.0,0.0,1.0
-5.543145,13.98917,0.511811,0.0,0.0,1.0
0.02784626,14.23158,0.511811,0.0,0.0,1.0
-0.02784626,14.23158,0.511811,0.0,0.0,1.0
-5.543145,13.98917,0.511811,0.0,0.0,1.0
-0.2504362,15.83954,0.511811,0.0,0.0,1.0
-4.242835,15.9353,0.511811,0.0,0.0,1.0
-4.988719,15.02648,0.511811,0.0,0.0,1.0
4.988719,15.02648,0.511811,0.0,0.0,1.0
4.242835,15.9353,0.511811,0.0,0.0,1.0
-4.988719,15.02648,0.511811,0.0,0.0,1.0
9.020562e-17,15.73588,0.511811,0.0,0.0,1.0
-4.988719,15.02648,0.511811,0.0,0.0,1.0
4.242835,15.9353,0.511811,0.0,0.0,1.0
-0.1356969,15.76285,0.511811,0.0,0.0,1.0
-0.2504362,15.83954,0.511811,0.0,0.0,1.0
-4.988719,15.02648,0.511811,0.0,0.0,1.0
9.020562e-17,15.73588,0.511811,0.0,0.0,1.0
-0.1356969,15.76285,0.511811,0.0,0.0,1.0
-4.988719,15.02648,0.511811,0.0,0.0,1.0
-2.151057e-16,16.44443,0.511811,0.0,0.0,1.0
-3.333298,16.68173,0.511811,0.0,0.0,1.0
-4.242835,15.9353,0.511811,0.0,0.0,1.0
-0.1356969,16.41746,0.511811,0.0,0.0,1.0
-2.151057e-16,16.44443,0.511811,0.0,0.0,1.0
-4.242835,15.9353,0.511811,0.0,0.0,1.0
-0.2504362,16.34078,0.511811,0.0,0.0,1.0
-0.1356969,16.41746,0.511811,0.0,0.0,1.0
-4.242835,15.9353,0.511811,0.0,0.0,1.0
-0.3273454,16.22566,0.511811,0.0,0.0,1.0
-0.2504362,16.34078,0.511811,0.0,0.0,1.0
-4.242835,15.9353,0.511811,0.0,0.0,1.0
-0.3543307,16.09016,0.511811,0.0,0.0,1.0
-0.3273454,16.22566,0.511811,0.0,0.0,1.0
-4.242835,15.9353,0.511811,0.0,0.0,1.0
-0.3273454,15.95465,0.511811,0.0,0.0,1.0
-0.3543307,16.09016,0.511811,0.0,0.0,1.0
-4.242835,15.9353,0.511811,0.0,0.0,1.0
-0.2504362,15.83954,0.511811,0.0,0.0,1.0
-0.3273454,15.95465,0.511811,0.0,0.0,1.0
-4.242835,15.9353,0.511811,0.0,0.0,1.0
2.295842,17.23628,0.511811,0.0,0.0,1.0
-2.295842,17.23628,0.511811,0.0,0.0,1.0
-3.333298,16.68173,0.511811,0.0,0.0,1.0
3.333298,16.68173,0.511811,0.0,0.0,1.0
2.295842,17.23628,0.511811,0.0,0.0,1.0
-3.333298,16.68173,0.511811,0.0,0.0,1.0
-2.151057e-16,16.44443,0.511811,0.0,0.0,1.0
3.333298,16.68173,0.511811,0.0,0.0,1.0
-3.333298,16.68173,0.511811,0.0,0.0,1.0
1.17085,17.57754,0.511811,0.0,0.0,1.0
-1.17085,17.57754,0.511811,0.0,0.0,1.0
-2.295842,17.23628,0.511811,0.0,0.0,1.0
2.295842,17.23628,0.511811,0.0,0.0,1.0
1.17085,17.57754,0.511811,0.0,0.0,1.0
-2.295842,17.23628,0.511811,0.0,0.0,1.0
1.17085,17.57754,0.511811,0.0,0.0,1.0
2.220446e-16,17.69284,0.511811,0.0,0.0,1.0
-1.17085,17.57754,0.511811,0.0,0.0,1.0
0.3273454,15.95465,0.511811,0.0,0.0,1.0
4.242835,15.9353,0.511811,0.0,0.0,1.0
3.333298,16.68173,0.511811,0.0,0.0,1.0
0.3273454,16.22566,0.511811,0.0,0.0,1.0
0.3543307,16.09016,0.511811,0.0,0.0,1.0
3.333298,16.68173,0.511811,0.0,0.0,1.0
0.3273454,15.95465,0.511811,0.0,0.0,1.0
3.333298,16.68173,0.511811,0.0,0.0,1.0
0.3543307,16.09016,0.511811,0.0,0.0,1.0
0.2504362,16.34078,0.511811,0.0,0.0,1.0
0.3273454,16.22566,0.511811,0.0,0.0,1.0
3.333298,16.68173,0.511811,0.0,0.0,1.0
0.1356969,16.41746,0.511811,0.0,0.0,1.0
0.2504362,16.34078,0.511811,0.0,0.0,1.0
3.333298,16.68173,0.511811,0.0,0.0,1.0
-2.151057e-16,16.44443,0.511811,0.0,0.0,1.0
0.1356969,16.41746,0.511811,0.0,0.0,1.0
3.333298,16.68173,0.511811,0.0,0.0,1.0
0.1356969,15.76285,0.511811,0.0,0.0,1.0
9.020562e-17,15.73588,0.511811,0.0,0.0,1.0
4.242835,15.9353,0.511811,0.0,0.0,1.0
0.2504362,15.83954,0.511811,0.0,0.0,1.0
0.1356969,15.76285,0.511811,0.0,0.0,1.0
4.242835,15.9353,0.511811,0.0,0.0,1.0
0.3273454,15.95465,0.511811,0.0,0.0,1.0
0.2504362,15.83954,0.511811,0.0,0.0,1.0
4.242835,15.9353,0.511811,0.0,0.0,1.0
0.02784626,14.23158,0.511811,0.0,0.0,1.0
5.543145,13.98917,0.511811,0.0,0.0,1.0
4.988719,15.02648,0.511811,0.0,0.0,1.0
0.1130726,14.4083,0.511811,0.0,0.0,1.0
0.1254921,14.35394,0.511811,0.0,0.0,1.0
4.988719,15.02648,0.511811,0.0,0.0,1.0
0.1130726,14.29957,0.511811,0.0,0.0,1.0
4.988719,15.02648,0.511811,0.0,0.0,1.0
0.1254921,14.35394,0.511811,0.0,0.0,1.0
0.07819259,14.45204,0.511811,0.0,0.0,1.0
0.1130726,14.4083,0.511811,0.0,0.0,1.0
4.988719,15.02648,0.511811,0.0,0.0,1.0
0.02784626,14.47629,0.511811,0.0,0.0,1.0
0.07819259,14.45204,0.511811,0.0,0.0,1.0
4.988719,15.02648,0.511811,0.0,0.0,1.0
-0.02784626,14.47629,0.511811,0.0,0.0,1.0
0.02784626,14.47629,0.511811,0.0,0.0,1.0
4.988719,15.02648,0.511811,0.0,0.0,1.0
0.07819259,14.25584,0.511811,0.0,0.0,1.0
0.02784626,14.23158,0.511811,0.0,0.0,1.0
4.988719,15.02648,0.511811,0.0,0.0,1.0
0.1130726,14.29957,0.511811,0.0,0.0,1.0
0.07819259,14.25584,0.511811,0.0,0.0,1.0
4.988719,15.02648,0.511811,0.0,0.0,1.0
4.976378,11.69291,0.511811,0.0,0.0,1.0
6.0,11.69291,0.511811,0.0,0.0,1.0
5.884713,12.86318,0.511811,0.0,0.0,1.0
4.946394,11.84347,0.511811,0.0,0.0,1.0
4.976378,11.69291,0.511811,0.0,0.0,1.0
5.884713,12.86318,0.511811,0.0,0.0,1.0
4.86094,11.97138,0.511811,0.0,0.0,1.0
4.946394,11.84347,0.511811,0.0,0.0,1.0
5.884713,12.86318,0.511811,0.0,0.0,1.0
4.733451,12.05659,0.511811,0.0,0.0,1.0
4.86094,11.97138,0.511811,0.0,0.0,1.0
5.884713,12.86318,0.511811,0.0,0.0,1.0
4.582677,12.08655,0.511811,0.0,0.0,1.0
4.733451,12.05659,0.511811,0.0,0.0,1.0
5.884713,12.86318,0.511811,0.0,0.0,1.0
0.1130726,5.369326,0.511811,0.0,0.0,1.0
0.1254921,5.314961,0.511811,0.0,0.0,1.0
6.0,11.69291,0.511811,0.0,0.0,1.0
0.1130726,5.260595,0.511811,0.0,0.0,1.0
6.0,11.69291,0.511811,0.0,0.0,1.0
0.1254921,5.314961,0.511811,0.0,0.0,1.0
0.07819259,5.413062,0.511811,0.0,0.0,1.0
0.1130726,5.369326,0.511811,0.0,0.0,1.0
6.0,11.69291,0.511811,0.0,0.0,1.0
0.02784626,5.437314,0.511811,0.0,0.0,1.0
0.07819259,5.413062,0.511811,0.0,0.0,1.0
6.0,11.69291,0.511811,0.0,0.0,1.0
-0.02784626,5.437314,0.511811,0.0,0.0,1.0
0.02784626,5.437314,0.511811,0.0,0.0,1.0
6.0,11.69291,0.511811,0.0,0.0,1.0
0.07819259,8.288907,0.511811,0.0,0.0,1.0
-0.02784626,5.437314,0.511811,0.0,0.0,1.0
6.0,11.69291,0.511811,0.0,0.0,1.0
0.1130726,5.260595,0.511811,0.0,0.0,1.0
0.07819259,5.21686,0.511811,0.0,0.0,1.0
6.0,11.69291,0.511811,0.0,0.0,1.0
4.582677,1.456632,0.511811,0.0,0.0,1.0
6.0,11.69291,0.511811,0.0,0.0,1.0
0.07819259,5.21686,0.511811,0.0,0.0,1.0
0.1130726,8.441374,0.511811,0.0,0.0,1.0
0.1254921,8.387008,0.511811,0.0,0.0,1.0
6.0,11.69291,0.511811,0.0,0.0,1.0
0.1130726,8.332642,0.511811,0.0,0.0,1.0
6.0,11.69291,0.511811,0.0,0.0,1.0
0.1254921,8.387008,0.511811,0.0,0.0,1.0
0.07819259,8.485109,0.511811,0.0,0.0,1.0
0.1130726,8.441374,0.511811,0.0,0.0,1.0
6.0,11.69291,0.511811,0.0,0.0,1.0
0.02784626,8.509361,0.511811,0.0,0.0,1.0
0.07819259,8.485109,0.511811,0.0,0.0,1.0
6.0,11.69291,0.511811,0.0,0.0,1.0
-0.02784626,8.509361,0.511811,0.0,0.0,1.0
0.02784626,8.509361,0.511811,0.0,0.0,1.0
6.0,11.69291,0.511811,0.0,0.0,1.0
4.733451,11.32924,0.511811,0.0,0.0,1.0
-0.02784626,8.509361,0.511811,0.0,0.0,1.0
6.0,11.69291,0.511811,0.0,0.0,1.0
0.1130726,8.332642,0.511811,0.0,0.0,1.0
0.07819259,8.288907,0.511811,0.0,0.0,1.0
6.0,11.69291,0.511811,0.0,0.0,1.0
4.946394,1.213551,0.511811,0.0,0.0,1.0
4.976378,1.062992,0.511811,0.0,0.0,1.0
6.0,11.69291,0.511811,0.0,0.0,1.0
4.86094,1.341458,0.511811,0.0,0.0,1.0
4.946394,1.213551,0.511811,0.0,0.0,1.0
6.0,11.69291,0.511811,0.0,0.0,1.0
4.733451,1.426665,0.511811,0.0,0.0,1.0
4.86094,1.341458,0.511811,0.0,0.0,1.0
6.0,11.69291,0.511811,0.0,0.0,1.0
4.582677,1.456632,0.511811,0.0,0.0,1.0
4.733451,1.426665,0.511811,0.0,0.0,1.0
6.0,11.69291,0.511811,0.0,0.0,1.0
4.946394,11.54235,0.511811,0.0,0.0,1.0
6.0,11.69291,0.511811,0.0,0.0,1.0
4.976378,11.69291,0.511811,0.0,0.0,1.0
4.86094,11.41445,0.511811,0.0,0.0,1.0
4.733451,11.32924,0.511811,0.0,0.0,1.0
6.0,11.69291,0.511811,0.0,0.0,1.0
4.946394,11.54235,0.511811,0.0,0.0,1.0
4.86094,11.41445,0.511811,0.0,0.0,1.0
6.0,11.69291,0.511811,0.0,0.0,1.0
0.1254921,5.314961,0.2283465,-0.9748856,-0.2227061,0.0
0.1254921,5.314961,0.511811,-0.9748856,-0.2227061,0.0
0.1130726,5.369326,0.511811,-0.9748856,-0.2227061,0.0
0.1130979,5.260619,0.2283465,-0.9748856,0.2227061,-6.783902e-05
0.1130726,5.260595,0.511811,-0.9748856,0.2227061,-6.783902e-05
0.1254921,5.314961,0.511811,-0.9748856,0.2227061,-6.783902e-05
0.1130979,5.260619,0.2283465,-0.9749624,0.2223697,0.0
0.1254921,5.314961,0.511811,-0.9749624,0.2223697,0.0
0.1254921,5.314961,0.2283465,-0.9749624,0.2223697,0.0
0.1130979,5.369302,0.2283465,-0.78181,-0.6235167,-1.653742e-05
0.1130726,5.369326,0.511811,-0.78181,-0.6235167,-1.653742e-05
0.07819259,5.413062,0.511811,-0.78181,-0.6235167,-1.653742e-05
0.1130979,5.369302,0.2283465,-0.9749624,-0.2223697,-6.787448e-05
0.1254921,5.314961,0.2283465,-0.9749624,-0.2223697,-6.787448e-05
0.1130726,5.369326,0.511811,-0.9749624,-0.2223697,-6.787448e-05
0.07830197,5.412969,0.2283465,-0.4339803,-0.9009224,0.0001279887
0.07819259,5.413062,0.511811,-0.4339803,-0.9009224,0.0001279887
0.02784626,5.437314,0.511811,-0.4339803,-0.9009224,0.0001279887
0.1130979,5.369302,0.2283465,-0.7820653,-0.6231965,-9.74028e-05
0.07819259,5.413062,0.511811,-0.7820653,-0.6231965,-9.74028e-05
0.07830197,5.412969,0.2283465,-0.7820653,-0.6231965,-9.74028e-05
0.02795372,5.437232,0.2283465,0.0,-1.0,0.0002888482
0.02784626,5.437314,0.511811,0.0,-1.0,0.0002888482
-0.02784626,5.437314,0.511811,0.0,-1.0,0.0002888482
0.07830197,5.412969,0.2283465,-0.4341277,-0.9008513,9.56376e-05
0.02784626,5.437314,0.511811,-0.4341277,-0.9008513,9.56376e-05
0.02795372,5.437232,0.2283465,-0.4341277,-0.9008513,9.56376e-05
0.02784626,8.264655,0.511811,0.0,0.0,1.0
-0.07819259,5.413062,0.511811,0.0,0.0,1.0
-0.02784626,5.437314,0.511811,0.0,0.0,1.0
-0.02795372,5.437232,0.2283465,0.4339803,-0.9009224,9.571403e-05
-0.02784626,5.437314,0.511811,0.4339803,-0.9009224,9.571403e-05
-0.07819259,5.413062,0.511811,0.4339803,-0.9009224,9.571403e-05
0.07819259,8.288907,0.511811,0.0,0.0,1.0
0.02784626,8.264655,0.511811,0.0,0.0,1.0
-0.02784626,5.437314,0.511811,0.0,0.0,1.0
0.02795372,5.437232,0.2283465,0.0,-1.0,0.0002888482
-0.02784626,5.437314,0.511811,0.0,-1.0,0.0002888482
-0.02795372,5.437232,0.2283465,0.0,-1.0,0.0002888482
-4.86094,1.341458,0.511811,0.0,0.0,1.0
-0.1130726,5.369326,0.511811,0.0,0.0,1.0
-0.07819259,5.413062,0.511811,0.0,0.0,1.0
-0.07830197,5.412969,0.2283465,0.78181,-0.6235167,-9.719929e-05
-0.07819259,5.413062,0.511811,0.78181,-0.6235167,-9.719929e-05
-0.1130726,5.369326,0.511811,0.78181,-0.6235167,-9.719929e-05
-4.86094,1.341458,0.511811,0.0,0.0,1.0
-0.07819259,5.413062,0.511811,0.0,0.0,1.0
0.02784626,8.264655,0.511811,0.0,0.0,1.0
-0.02795372,5.437232,0.2283465,0.4341277,-0.9008513,0.0001279085
-0.07819259,5.413062,0.511811,0.4341277,-0.9008513,0.0001279085
-0.07830197,5.412969,0.2283465,0.4341277,-0.9008513,0.0001279085
-4.86094,1.341458,0.511811,0.0,0.0,1.0
-0.1254921,5.314961,0.511811,0.0,0.0,1.0
-0.1130726,5.369326,0.511811,0.0,0.0,1.0
-0.1130979,5.369302,0.2283465,0.9748856,-0.2227061,-6.783902e-05
-0.1130726,5.369326,0.511811,0.9748856,-0.2227061,-6.783902e-05
-0.1254921,5.314961,0.511811,0.9748856,-0.2227061,-6.783902e-05
-0.07830197,5.412969,0.2283465,0.7820653,-0.6231965,-1.65874e-05
-0.1130726,5.369326,0.511811,0.7820653,-0.6231965,-1.65874e-05
-0.1130979,5.369302,0.2283465,0.7820653,-0.6231965,-1.65874e-05
-4.86094,1.341458,0.511811,0.0,0.0,1.0
-0.1130726,5.260595,0.511811,0.0,0.0,1.0
-0.1254921,5.314961,0.511811,0.0,0.0,1.0
-0.1254921,5.314961,0.2283465,0.9748856,0.2227061,0.0
-0.1254921,5.314961,0.511811,0.9748856,0.2227061,0.0
-0.1130726,5.260595,0.511811,0.9748856,0.2227061,0.0
-0.1130979,5.369302,0.2283465,0.9749624,-0.2223697,0.0
-0.1254921,5.314961,0.511811,0.9749624,-0.2223697,0.0
-0.1254921,5.314961,0.2283465,0.9749624,-0.2223697,0.0
-4.86094,1.341458,0.511811,0.0,0.0,1.0
-0.07819259,5.21686,0.511811,0.0,0.0,1.0
-0.1130726,5.260595,0.511811,0.0,0.0,1.0
-0.1130979,5.260619,0.2283465,0.78181,0.6235167,-1.653742e-05
-0.1130726,5.260595,0.511811,0.78181,0.6235167,-1.653742e-05
-0.07819259,5.21686,0.511811,0.78181,0.6235167,-1.653742e-05
-0.1254921,5.314961,0.2283465,0.9749624,0.2223697,-6.787448e-05
-0.1130726,5.260595,0.511811,0.9749624,0.2223697,-6.787448e-05
-0.1130979,5.260619,0.2283465,0.9749624,0.2223697,-6.787448e-05
-4.86094,1.341458,0.511811,0.0,0.0,1.0
-0.02784626,5.192608,0.511811,0.0,0.0,1.0
-0.07819259,5.21686,0.511811,0.0,0.0,1.0
-0.07830197,5.216953,0.2283465,0.4339803,0.9009224,0.0001279887
-0.07819259,5.21686,0.511811,0.4339803,0.9009224,0.0001279887
-0.02784626,5.192608,0.511811,0.4339803,0.9009224,0.0001279887
-0.1130979,5.260619,0.2283465,0.7820653,0.6231965,-9.74028e-05
-0.07819259,5.21686,0.511811,0.7820653,0.6231965,-9.74028e-05
-0.07830197,5.216953,0.2283465,0.7820653,0.6231965,-9.74028e-05
-4.86094,1.341458,0.511811,0.0,0.0,1.0
0.02784626,5.192608,0.511811,0.0,0.0,1.0
-0.02784626,5.192608,0.511811,0.0,0.0,1.0
-0.02795372,5.192689,0.2283465,0.0,1.0,0.0002888482
-0.02784626,5.192608,0.511811,0.0,1.0,0.0002888482
0.02784626,5.192608,0.511811,0.0,1.0,0.0002888482
-0.07830197,5.216953,0.2283465,0.4341277,0.9008513,9.56376e-05
-0.02784626,5.192608,0.511811,0.4341277,0.9008513,9.56376e-05
-0.02795372,5.192689,0.2283465,0.4341277,0.9008513,9.56376e-05
-4.582677,1.456632,0.511811,0.0,0.0,1.0
0.07819259,5.21686,0.511811,0.0,0.0,1.0
0.02784626,5.192608,0.511811,0.0,0.0,1.0
0.02795372,5.192689,0.2283465,-0.4339803,0.9009224,9.571403e-05
0.02784626,5.192608,0.511811,-0.4339803,0.9009224,9.571403e-05
0.07819259,5.21686,0.511811,-0.4339803,0.9009224,9.571403e-05
-4.733451,1.426665,0.511811,0.0,0.0,1.0
-4.582677,1.456632,0.511811,0.0,0.0,1.0
0.02784626,5.192608,0.511811,0.0,0.0,1.0
-4.86094,1.341458,0.511811,0.0,0.0,1.0
-4.733451,1.426665,0.511811,0.0,0.0,1.0
0.02784626,5.192608,0.511811,0.0,0.0,1.0
-0.02795372,5.192689,0.2283465,0.0,1.0,0.0002888482
0.02784626,5.192608,0.511811,0.0,1.0,0.0002888482
0.02795372,5.192689,0.2283465,0.0,1.0,0.0002888482
0.07830197,5.216953,0.2283465,-0.78181,0.6235167,-9.719929e-05
0.07819259,5.21686,0.511811,-0.78181,0.6235167,-9.719929e-05
0.1130726,5.260595,0.511811,-0.78181,0.6235167,-9.719929e-05
-4.582677,1.456632,0.511811,0.0,0.0,1.0
4.582677,1.456632,0.511811,0.0,0.0,1.0
0.07819259,5.21686,0.511811,0.0,0.0,1.0
0.02795372,5.192689,0.2283465,-0.4341277,0.9008513,0.0001279085
0.07819259,5.21686,0.511811,-0.4341277,0.9008513,0.0001279085
0.07830197,5.216953,0.2283465,-0.4341277,0.9008513,0.0001279085
0.07830197,5.216953,0.2283465,-0.7820653,0.6231965,-1.65874e-05
0.1130726,5.260595,0.511811,-0.7820653,0.6231965,-1.65874e-05
0.1130979,5.260619,0.2283465,-0.7820653,0.6231965,-1.65874e-05
0.1254921,8.387008,0.2283465,-0.9748856,-0.2227061,0.0
0.1254921,8.387008,0.511811,-0.9748856,-0.2227061,0.0
0.1130726,8.441374,0.511811,-0.9748856,-0.2227061,0.0
0.1130979,8.332666,0.2283465,-0.9748856,0.2227061,-6.783902e-05
0.1130726,8.332642,0.511811,-0.9748856,0.2227061,-6.783902e-05
0.1254921,8.387008,0.511811,-0.9748856,0.2227061,-6.783902e-05
0.1130979,8.332666,0.2283465,-0.9749624,0.2223697,0.0
0.1254921,8.387008,0.511811,-0.9749624,0.2223697,0.0
0.1254921,8.387008,0.2283465,-0.9749624,0.2223697,0.0
0.1130979,8.44135,0.2283465,-0.78181,-0.6235167,-1.653742e-05
0.1130726,8.441374,0.511811,-0.78181,-0.6235167,-1.653742e-05
0.07819259,8.485109,0.511811,-0.78181,-0.6235167,-1.653742e-05
0.1130979,8.44135,0.2283465,-0.9749624,-0.2223697,-6.787448e-05
0.1254921,8.387008,0.2283465,-0.9749624,-0.2223697,-6.787448e-05
0.1130726,8.441374,0.511811,-0.9749624,-0.2223697,-6.787448e-05
0.07830197,8.485016,0.2283465,-0.4339803,-0.9009224,0.0001279887
0.07819259,8.485109,0.511811,-0.4339803,-0.9009224,0.0001279887
0.02784626,8.509361,0.511811,-0.4339803,-0.9009224,0.0001279887
0.1130979,8.44135,0.2283465,-0.7820653,-0.6231965,-9.74028e-05
0.07819259,8.485109,0.511811,-0.7820653,-0.6231965,-9.74028e-05
0.07830197,8.485016,0.2283465,-0.7820653,-0.6231965,-9.74028e-05
0.02795372,8.509279,0.2283465,-3.189577e-14,-1.0,0.0002888482
0.02784626,8.509361,0.511811,-3.189577e-14,-1.0,0.0002888482
-0.02784626,8.509361,0.511811,-3.189577e-14,-1.0,0.0002888482
0.07830197,8.485016,0.2283465,-0.4341277,-0.9008513,9.56376e-05
0.02784626,8.509361,0.511811,-0.4341277,-0.9008513,9.56376e-05
0.02795372,8.509279,0.2283465,-0.4341277,-0.9008513,9.56376e-05
4.582677,11.29927,0.511811,0.0,0.0,1.0
-0.07819259,8.485109,0.511811,0.0,0.0,1.0
-0.02784626,8.509361,0.511811,0.0,0.0,1.0
-0.02795372,8.509279,0.2283465,0.4339803,-0.9009224,9.571403e-05
-0.02784626,8.509361,0.511811,0.4339803,-0.9009224,9.571403e-05
-0.07819259,8.485109,0.511811,0.4339803,-0.9009224,9.571403e-05
4.733451,11.32924,0.511811,0.0,0.0,1.0
4.582677,11.29927,0.511811,0.0,0.0,1.0
-0.02784626,8.509361,0.511811,0.0,0.0,1.0
0.02795372,8.509279,0.2283465,0.0,-1.0,0.0002888482
-0.02784626,8.509361,0.511811,0.0,-1.0,0.0002888482
-0.02795372,8.509279,0.2283465,0.0,-1.0,0.0002888482
0.02784626,11.36151,0.511811,0.0,0.0,1.0
-0.1130726,8.441374,0.511811,0.0,0.0,1.0
-0.07819259,8.485109,0.511811,0.0,0.0,1.0
-0.07830197,8.485016,0.2283465,0.78181,-0.6235167,-9.719929e-05
-0.07819259,8.485109,0.511811,0.78181,-0.6235167,-9.719929e-05
-0.1130726,8.441374,0.511811,0.78181,-0.6235167,-9.719929e-05
4.431903,11.32924,0.511811,0.0,0.0,1.0
0.02784626,11.36151,0.511811,0.0,0.0,1.0
-0.07819259,8.485109,0.511811,0.0,0.0,1.0
4.582677,11.29927,0.511811,0.0,0.0,1.0
4.431903,11.32924,0.511811,0.0,0.0,1.0
-0.07819259,8.485109,0.511811,0.0,0.0,1.0
-0.02795372,8.509279,0.2283465,0.4341277,-0.9008513,0.0001279085
-0.07819259,8.485109,0.511811,0.4341277,-0.9008513,0.0001279085
-0.07830197,8.485016,0.2283465,0.4341277,-0.9008513,0.0001279085
-0.1130979,8.44135,0.2283465,0.9748856,-0.2227061,-6.783902e-05
-0.1130726,8.441374,0.511811,0.9748856,-0.2227061,-6.783902e-05
-0.1254921,8.387008,0.511811,0.9748856,-0.2227061,-6.783902e-05
-0.07830197,8.485016,0.2283465,0.7820653,-0.6231965,-1.65874e-05
-0.1130726,8.441374,0.511811,0.7820653,-0.6231965,-1.65874e-05
-0.1130979,8.44135,0.2283465,0.7820653,-0.6231965,-1.65874e-05
-0.1254921,8.387008,0.2283465,0.9748856,0.2227061,0.0
-0.1254921,8.387008,0.511811,0.9748856,0.2227061,0.0
-0.1130726,8.332642,0.511811,0.9748856,0.2227061,0.0
-0.1130979,8.44135,0.2283465,0.9749624,-0.2223697,0.0
-0.1254921,8.387008,0.511811,0.9749624,-0.2223697,0.0
-0.1254921,8.387008,0.2283465,0.9749624,-0.2223697,0.0
-0.1130979,8.332666,0.2283465,0.78181,0.6235167,-1.653742e-05
-0.1130726,8.332642,0.511811,0.78181,0.6235167,-1.653742e-05
-0.07819259,8.288907,0.511811,0.78181,0.6235167,-1.653742e-05
-0.1254921,8.387008,0.2283465,0.9749624,0.2223697,-6.787448e-05
-0.1130726,8.332642,0.511811,0.9749624,0.2223697,-6.787448e-05
-0.1130979,8.332666,0.2283465,0.9749624,0.2223697,-6.787448e-05
-0.07830197,8.289,0.2283465,0.4339803,0.9009224,0.0001279887
-0.07819259,8.288907,0.511811,0.4339803,0.9009224,0.0001279887
-0.02784626,8.264655,0.511811,0.4339803,0.9009224,0.0001279887
-0.1130979,8.332666,0.2283465,0.7820653,0.6231965,-9.74028e-05
-0.07819259,8.288907,0.511811,0.7820653,0.6231965,-9.74028e-05
-0.07830197,8.289,0.2283465,0.7820653,0.6231965,-9.74028e-05
-0.02795372,8.264737,0.2283465,0.0,1.0,0.0002888482
-0.02784626,8.264655,0.511811,0.0,1.0,0.0002888482
0.02784626,8.264655,0.511811,0.0,1.0,0.0002888482
-0.07830197,8.289,0.2283465,0.4341277,0.9008513,9.56376e-05
-0.02784626,8.264655,0.511811,0.4341277,0.9008513,9.56376e-05
-0.02795372,8.264737,0.2283465,0.4341277,0.9008513,9.56376e-05
0.02795372,8.264737,0.2283465,-0.4339803,0.9009224,9.571403e-05
0.02784626,8.264655,0.511811,-0.4339803,0.9009224,9.571403e-05
0.07819259,8.288907,0.511811,-0.4339803,0.9009224,9.571403e-05
-0.02795372,8.264737,0.2283465,0.0,1.0,0.0002888482
0.02784626,8.264655,0.511811,0.0,1.0,0.0002888482
0.02795372,8.264737,0.2283465,0.0,1.0,0.0002888482
0.07830197,8.289,0.2283465,-0.78181,0.6235167,-9.719929e-05
0.07819259,8.288907,0.511811,-0.78181,0.6235167,-9.719929e-05
0.1130726,8.332642,0.511811,-0.78181,0.6235167,-9.719929e-05
0.02795372,8.264737,0.2283465,-0.4341277,0.9008513,0.0001279085
0.07819259,8.288907,0.511811,-0.4341277,0.9008513,0.0001279085
0.07830197,8.289,0.2283465,-0.4341277,0.9008513,0.0001279085
0.07830197,8.289,0.2283465,-0.7820653,0.6231965,-1.65874e-05
0.1130726,8.332642,0.511811,-0.7820653,0.6231965,-1.65874e-05
0.1130979,8.332666,0.2283465,-0.7820653,0.6231965,-1.65874e-05
4.21896,11.54235,0.511811,0.0,0.0,1.0
0.1130726,11.53822,0.511811,0.0,0.0,1.0
0.1254921,11.48386,0.511811,0.0,0.0,1.0
0.1254921,11.48386,0.2283465,-0.9748856,-0.2227061,0.0
0.1254921,11.48386,0.511811,-0.9748856,-0.2227061,0.0
0.1130726,11.53822,0.511811,-0.9748856,-0.2227061,0.0
4.21896,11.54235,0.511811,0.0,0.0,1.0
0.1254921,11.48386,0.511811,0.0,0.0,1.0
0.1130726,11.42949,0.511811,0.0,0.0,1.0
0.1130979,11.42952,0.2283465,-0.9748856,0.2227061,-6.783902e-05
0.1130726,11.42949,0.511811,-0.9748856,0.2227061,-6.783902e-05
0.1254921,11.48386,0.511811,-0.9748856,0.2227061,-6.783902e-05
0.1130979,11.42952,0.2283465,-0.9749624,0.2223697,0.0
0.1254921,11.48386,0.511811,-0.9749624,0.2223697,0.0
0.1254921,11.48386,0.2283465,-0.9749624,0.2223697,0.0
4.21896,11.54235,0.511811,0.0,0.0,1.0
0.07819259,11.58196,0.511811,0.0,0.0,1.0
0.1130726,11.53822,0.511811,0.0,0.0,1.0
0.1130979,11.5382,0.2283465,-0.78181,-0.6235167,-1.653742e-05
0.1130726,11.53822,0.511811,-0.78181,-0.6235167,-1.653742e-05
0.07819259,11.58196,0.511811,-0.78181,-0.6235167,-1.653742e-05
0.1130979,11.5382,0.2283465,-0.9749624,-0.2223697,-6.787448e-05
0.1254921,11.48386,0.2283465,-0.9749624,-0.2223697,-6.787448e-05
0.1130726,11.53822,0.511811,-0.9749624,-0.2223697,-6.787448e-05
4.188976,11.69291,0.511811,0.0,0.0,1.0
0.02784626,11.60621,0.511811,0.0,0.0,1.0
0.07819259,11.58196,0.511811,0.0,0.0,1.0
0.07830197,11.58187,0.2283465,-0.4339803,-0.9009224,0.0001279887
0.07819259,11.58196,0.511811,-0.4339803,-0.9009224,0.0001279887
0.02784626,11.60621,0.511811,-0.4339803,-0.9009224,0.0001279887
4.21896,11.54235,0.511811,0.0,0.0,1.0
4.188976,11.69291,0.511811,0.0,0.0,1.0
0.07819259,11.58196,0.511811,0.0,0.0,1.0
0.1130979,11.5382,0.2283465,-0.7820653,-0.6231965,-9.74028e-05
0.07819259,11.58196,0.511811,-0.7820653,-0.6231965,-9.74028e-05
0.07830197,11.58187,0.2283465,-0.7820653,-0.6231965,-9.74028e-05
4.188976,11.69291,0.511811,0.0,0.0,1.0
-0.02784626,11.60621,0.511811,0.0,0.0,1.0
0.02784626,11.60621,0.511811,0.0,0.0,1.0
0.02795372,11.60613,0.2283465,-3.189577e-14,-1.0,0.0002888482
0.02784626,11.60621,0.511811,-3.189577e-14,-1.0,0.0002888482
-0.02784626,11.60621,0.511811,-3.189577e-14,-1.0,0.0002888482
0.07830197,11.58187,0.2283465,-0.4341277,-0.9008513,9.56376e-05
0.02784626,11.60621,0.511811,-0.4341277,-0.9008513,9.56376e-05
0.02795372,11.60613,0.2283465,-0.4341277,-0.9008513,9.56376e-05
-0.02795372,11.60613,0.2283465,0.4339803,-0.9009224,9.571403e-05
-0.02784626,11.60621,0.511811,0.4339803,-0.9009224,9.571403e-05
-0.07819259,11.58196,0.511811,0.4339803,-0.9009224,9.571403e-05
0.02795372,11.60613,0.2283465,0.0,-1.0,0.0002888482
-0.02784626,11.60621,0.511811,0.0,-1.0,0.0002888482
-0.02795372,11.60613,0.2283465,0.0,-1.0,0.0002888482
-0.07830197,11.58187,0.2283465,0.78181,-0.6235167,-9.719929e-05
-0.07819259,11.58196,0.511811,0.78181,-0.6235167,-9.719929e-05
-0.1130726,11.53822,0.511811,0.78181,-0.6235167,-9.719929e-05
-0.02795372,11.60613,0.2283465,0.4341277,-0.9008513,0.0001279085
-0.07819259,11.58196,0.511811,0.4341277,-0.9008513,0.0001279085
-0.07830197,11.58187,0.2283465,0.4341277,-0.9008513,0.0001279085
-0.1130979,11.5382,0.2283465,0.9748856,-0.2227061,-6.783902e-05
-0.1130726,11.53822,0.511811,0.9748856,-0.2227061,-6.783902e-05
-0.1254921,11.48386,0.511811,0.9748856,-0.2227061,-6.783902e-05
-0.07830197,11.58187,0.2283465,0.7820653,-0.6231965,-1.65874e-05
-0.1130726,11.53822,0.511811,0.7820653,-0.6231965,-1.65874e-05
-0.1130979,11.5382,0.2283465,0.7820653,-0.6231965,-1.65874e-05
-0.1254921,11.48386,0.2283465,0.9748856,0.2227061,0.0
-0.1254921,11.48386,0.511811,0.9748856,0.2227061,0.0
-0.1130726,11.42949,0.511811,0.9748856,0.2227061,0.0
-0.1130979,11.5382,0.2283465,0.9749624,-0.2223697,0.0
-0.1254921,11.48386,0.511811,0.9749624,-0.2223697,0.0
-0.1254921,11.48386,0.2283465,0.9749624,-0.2223697,0.0
-0.1130979,11.42952,0.2283465,0.78181,0.6235167,-1.653742e-05
-0.1130726,11.42949,0.511811,0.78181,0.6235167,-1.653742e-05
-0.07819259,11.38576,0.511811,0.78181,0.6235167,-1.653742e-05
-0.1254921,11.48386,0.2283465,0.9749624,0.2223697,-6.787448e-05
-0.1130726,11.42949,0.511811,0.9749624,0.2223697,-6.787448e-05
-0.1130979,11.42952,0.2283465,0.9749624,0.2223697,-6.787448e-05
-0.07830197,11.38585,0.2283465,0.4339803,0.9009224,0.0001279887
-0.07819259,11.38576,0.511811,0.4339803,0.9009224,0.0001279887
-0.02784626,11.36151,0.511811,0.4339803,0.9009224,0.0001279887
-0.1130979,11.42952,0.2283465,0.7820653,0.6231965,-9.74028e-05
-0.07819259,11.38576,0.511811,0.7820653,0.6231965,-9.74028e-05
-0.07830197,11.38585,0.2283465,0.7820653,0.6231965,-9.74028e-05
-0.02795372,11.36159,0.2283465,0.0,1.0,0.0002888482
-0.02784626,11.36151,0.511811,0.0,1.0,0.0002888482
0.02784626,11.36151,0.511811,0.0,1.0,0.0002888482
-0.07830197,11.38585,0.2283465,0.4341277,0.9008513,9.56376e-05
-0.02784626,11.36151,0.511811,0.4341277,0.9008513,9.56376e-05
-0.02795372,11.36159,0.2283465,0.4341277,0.9008513,9.56376e-05
4.304415,11.41445,0.511811,0.0,0.0,1.0
0.07819259,11.38576,0.511811,0.0,0.0,1.0
0.02784626,11.36151,0.511811,0.0,0.0,1.0
0.02795372,11.36159,0.2283465,-0.4339803,0.9009224,9.571403e-05
0.02784626,11.36151,0.511811,-0.4339803,0.9009224,9.571403e-05
0.07819259,11.38576,0.511811,-0.4339803,0.9009224,9.571403e-05
4.431903,11.32924,0.511811,0.0,0.0,1.0
4.304415,11.41445,0.511811,0.0,0.0,1.0
0.02784626,11.36151,0.511811,0.0,0.0,1.0
-0.02795372,11.36159,0.2283465,-3.177318e-14,1.0,0.0002888482
0.02784626,11.36151,0.511811,-3.177318e-14,1.0,0.0002888482
0.02795372,11.36159,0.2283465,-3.177318e-14,1.0,0.0002888482
4.304415,11.41445,0.511811,0.0,0.0,1.0
0.1130726,11.42949,0.511811,0.0,0.0,1.0
0.07819259,11.38576,0.511811,0.0,0.0,1.0
0.07830197,11.38585,0.2283465,-0.78181,0.6235167,-9.719929e-05
0.07819259,11.38576,0.511811,-0.78181,0.6235167,-9.719929e-05
0.1130726,11.42949,0.511811,-0.78181,0.6235167,-9.719929e-05
0.02795372,11.36159,0.2283465,-0.4341277,0.9008513,0.0001279085
0.07819259,11.38576,0.511811,-0.4341277,0.9008513,0.0001279085
0.07830197,11.38585,0.2283465,-0.4341277,0.9008513,0.0001279085
4.304415,11.41445,0.511811,0.0,0.0,1.0
4.21896,11.54235,0.511811,0.0,0.0,1.0
0.1130726,11.42949,0.511811,0.0,0.0,1.0
0.07830197,11.38585,0.2283465,-0.7820653,0.6231965,-1.65874e-05
0.1130726,11.42949,0.511811,-0.7820653,0.6231965,-1.65874e-05
0.1130979,11.42952,0.2283465,-0.7820653,0.6231965,-1.65874e-05
0.1254921,14.35394,0.2283465,-0.9748856,-0.2227061,0.0
0.1254921,14.35394,0.511811,-0.9748856,-0.2227061,0.0
0.1130726,14.4083,0.511811,-0.9748856,-0.2227061,0.0
0.1130979,14.2996,0.2283465,-0.9748856,0.2227061,-6.783902e-05
0.1130726,14.29957,0.511811,-0.9748856,0.2227061,-6.783902e-05
0.1254921,14.35394,0.511811,-0.9748856,0.2227061,-6.783902e-05
0.1130979,14.2996,0.2283465,-0.9749624,0.2223697,0.0
0.1254921,14.35394,0.511811,-0.9749624,0.2223697,0.0
0.1254921,14.35394,0.2283465,-0.9749624,0.2223697,0.0
0.1130979,14.40828,0.2283465,-0.78181,-0.6235167,-1.653742e-05
0.1130726,14.4083,0.511811,-0.78181,-0.6235167,-1.653742e-05
0.07819259,14.45204,0.511811,-0.78181,-0.6235167,-1.653742e-05
0.1130979,14.40828,0.2283465,-0.9749624,-0.2223697,-6.787448e-05
0.1254921,14.35394,0.2283465,-0.9749624,-0.2223697,-6.787448e-05
0.1130726,14.4083,0.511811,-0.9749624,-0.2223697,-6.787448e-05
0.07830197,14.45194,0.2283465,-0.4339803,-0.9009224,0.0001279887
0.07819259,14.45204,0.511811,-0.4339803,-0.9009224,0.0001279887
0.02784626,14.47629,0.511811,-0.4339803,-0.9009224,0.0001279887
0.1130979,14.40828,0.2283465,-0.7820653,-0.6231965,-9.74028e-05
0.07819259,14.45204,0.511811,-0.7820653,-0.6231965,-9.74028e-05
0.07830197,14.45194,0.2283465,-0.7820653,-0.6231965,-9.74028e-05
0.02795372,14.47621,0.2283465,-3.189577e-14,-1.0,0.0002888482
0.02784626,14.47629,0.511811,-3.189577e-14,-1.0,0.0002888482
-0.02784626,14.47629,0.511811,-3.189577e-14,-1.0,0.0002888482
0.07830197,14.45194,0.2283465,-0.4341277,-0.9008513,9.56376e-05
0.02784626,14.47629,0.511811,-0.4341277,-0.9008513,9.56376e-05
0.02795372,14.47621,0.2283465,-0.4341277,-0.9008513,9.56376e-05
-0.02795372,14.47621,0.2283465,0.4339803,-0.9009224,9.571403e-05
-0.02784626,14.47629,0.511811,0.4339803,-0.9009224,9.571403e-05
-0.07819259,14.45204,0.511811,0.4339803,-0.9009224,9.571403e-05
0.02795372,14.47621,0.2283465,0.0,-1.0,0.0002888482
-0.02784626,14.47629,0.511811,0.0,-1.0,0.0002888482
-0.02795372,14.47621,0.2283465,0.0,-1.0,0.0002888482
-0.07830197,14.45194,0.2283465,0.78181,-0.6235167,-9.719929e-05
-0.07819259,14.45204,0.511811,0.78181,-0.6235167,-9.719929e-05
-0.1130726,14.4083,0.511811,0.78181,-0.6235167,-9.719929e-05
-0.02795372,14.47621,0.2283465,0.4341277,-0.9008513,0.0001279085
-0.07819259,14.45204,0.511811,0.4341277,-0.9008513,0.0001279085
-0.07830197,14.45194,0.2283465,0.4341277,-0.9008513,0.0001279085
-0.1130979,14.40828,0.2283465,0.9748856,-0.2227061,-6.783902e-05
-0.1130726,14.4083,0.511811,0.9748856,-0.2227061,-6.783902e-05
-0.1254921,14.35394,0.511811,0.9748856,-0.2227061,-6.783902e-05
-0.07830197,14.45194,0.2283465,0.7820653,-0.6231965,-1.65874e-05
-0.1130726,14.4083,0.511811,0.7820653,-0.6231965,-1.65874e-05
-0.1130979,14.40828,0.2283465,0.7820653,-0.6231965,-1.65874e-05
-0.1254921,14.35394,0.2283465,0.9748856,0.2227061,0.0
-0.1254921,14.35394,0.511811,0.9748856,0.2227061,0.0
-0.1130726,14.29957,0.511811,0.9748856,0.2227061,0.0
-0.1130979,14.40828,0.2283465,0.9749624,-0.2223697,0.0
-0.1254921,14.35394,0.511811,0.9749624,-0.2223697,0.0
-0.1254921,14.35394,0.2283465,0.9749624,-0.2223697,0.0
-0.1130979,14.2996,0.2283465,0.78181,0.6235167,-1.653742e-05
-0.1130726,14.29957,0.511811,0.78181,0.6235167,-1.653742e-05
-0.07819259,14.25584,0.511811,0.78181,0.6235167,-1.653742e-05
-0.1254921,14.35394,0.2283465,0.9749624,0.2223697,-6.787448e-05
-0.1130726,14.29957,0.511811,0.9749624,0.2223697,-6.787448e-05
-0.1130979,14.2996,0.2283465,0.9749624,0.2223697,-6.787448e-05
-0.07830197,14.25593,0.2283465,0.4339803,0.9009224,0.0001279887
-0.07819259,14.25584,0.511811,0.4339803,0.9009224,0.0001279887
-0.02784626,14.23158,0.511811,0.4339803,0.9009224,0.0001279887
-0.1130979,14.2996,0.2283465,0.7820653,0.6231965,-9.74028e-05
-0.07819259,14.25584,0.511811,0.7820653,0.6231965,-9.74028e-05
-0.07830197,14.25593,0.2283465,0.7820653,0.6231965,-9.74028e-05
-0.02795372,14.23167,0.2283465,0.0,1.0,0.0002888482
-0.02784626,14.23158,0.511811,0.0,1.0,0.0002888482
0.02784626,14.23158,0.511811,0.0,1.0,0.0002888482
-0.07830197,14.25593,0.2283465,0.4341277,0.9008513,9.56376e-05
-0.02784626,14.23158,0.511811,0.4341277,0.9008513,9.56376e-05
-0.02795372,14.23167,0.2283465,0.4341277,0.9008513,9.56376e-05
0.02795372,14.23167,0.2283465,-0.4339803,0.9009224,9.571403e-05
0.02784626,14.23158,0.511811,-0.4339803,0.9009224,9.571403e-05
0.07819259,14.25584,0.511811,-0.4339803,0.9009224,9.571403e-05
-0.02795372,14.23167,0.2283465,0.0,1.0,0.0002888482
0.02784626,14.23158,0.511811,0.0,1.0,0.0002888482
0.02795372,14.23167,0.2283465,0.0,1.0,0.0002888482
0.07830197,14.25593,0.2283465,-0.78181,0.6235167,-9.719929e-05
0.07819259,14.25584,0.511811,-0.78181,0.6235167,-9.719929e-05
0.1130726,14.29957,0.511811,-0.78181,0.6235167,-9.719929e-05
0.02795372,14.23167,0.2283465,-0.4341277,0.9008513,0.0001279085
0.07819259,14.25584,0.511811,-0.4341277,0.9008513,0.0001279085
0.07830197,14.25593,0.2283465,-0.4341277,0.9008513,0.0001279085
0.07830197,14.25593,0.2283465,-0.7820653,0.6231965,-1.65874e-05
0.1130726,14.29957,0.511811,-0.7820653,0.6231965,-1.65874e-05
0.1130979,14.2996,0.2283465,-0.7820653,0.6231965,-1.65874e-05
4.976378,1.062992,0.2559055,-0.9807408,-0.1953136,0.0
4.976378,1.062992,0.511811,-0.9807408,-0.1953136,0.0
4.946394,1.213551,0.511811,-0.9807408,-0.1953136,0.0
4.946436,0.9125258,0.2559055,-0.9807408,0.1953136,-9.080465e-05
4.946394,0.9124332,0.511811,-0.9807408,0.1953136,-9.080465e-05
4.976378,1.062992,0.511811,-0.9807408,0.1953136,-9.080465e-05
4.946436,0.9125258,0.2559055,-0.9807704,0.195165,0.0
4.976378,1.062992,0.511811,-0.9807704,0.195165,0.0
4.976378,1.062992,0.2559055,-0.9807704,0.195165,0.0
4.946436,1.213458,0.2559055,-0.8315001,-0.5555246,6.411083e-05
4.946394,1.213551,0.511811,-0.8315001,-0.5555246,6.411083e-05
4.86094,1.341458,0.511811,-0.8315001,-0.5555246,6.411083e-05
4.946436,1.213458,0.2559055,-0.9807704,-0.195165,-9.086327e-05
4.976378,1.062992,0.2559055,-0.9807704,-0.195165,-9.086327e-05
4.946394,1.213551,0.511811,-0.9807704,-0.195165,-9.086327e-05
4.861003,1.341318,0.2559055,-0.5556709,-0.8314022,0.0003200704
4.86094,1.341458,0.511811,-0.5556709,-0.8314022,0.0003200704
4.733451,1.426665,0.511811,-0.5556709,-0.8314022,0.0003200704
4.946436,1.213458,0.2559055,-0.8314665,-0.5555749,0.0001005404
4.86094,1.341458,0.511811,-0.8314665,-0.5555749,0.0001005404
4.861003,1.341318,0.2559055,-0.8314665,-0.5555749,0.0001005404
4.733143,1.426751,0.2559055,-0.1949379,-0.9808156,-9.486429e-05
4.733451,1.426665,0.511811,-0.1949379,-0.9808156,-9.486429e-05
4.582677,1.456632,0.511811,-0.1949379,-0.9808156,-9.486429e-05
4.861003,1.341318,0.2559055,-0.5555749,-0.8314664,0.0003893396
4.733451,1.426665,0.511811,-0.5555749,-0.8314664,0.0003893396
4.733143,1.426751,0.2559055,-0.5555749,-0.8314664,0.0003893396
-4.431903,1.426665,0.511811,0.0,0.0,1.0
4.431903,1.426665,0.511811,0.0,0.0,1.0
4.582677,1.456632,0.511811,0.0,0.0,1.0
4.582677,1.456693,0.2559055,0.1949379,-0.9808156,-0.0002337016
4.582677,1.456632,0.511811,0.1949379,-0.9808156,-0.0002337016
4.431903,1.426665,0.511811,0.1949379,-0.9808156,-0.0002337016
-4.582677,1.456632,0.511811,0.0,0.0,1.0
-4.431903,1.426665,0.511811,0.0,0.0,1.0
4.582677,1.456632,0.511811,0.0,0.0,1.0
4.733143,1.426751,0.2559055,-0.195165,-0.9807704,-0.0002336909
4.582677,1.456632,0.511811,-0.195165,-0.9807704,-0.0002336909
4.582677,1.456693,0.2559055,-0.195165,-0.9807704,-0.0002336909
-4.304415,1.341458,0.511811,0.0,0.0,1.0
4.304415,1.341458,0.511811,0.0,0.0,1.0
4.431903,1.426665,0.511811,0.0,0.0,1.0
4.432211,1.426751,0.2559055,0.5556709,-0.8314022,0.0003894768
4.431903,1.426665,0.511811,0.5556709,-0.8314022,0.0003894768
4.304415,1.341458,0.511811,0.5556709,-0.8314022,0.0003894768
-4.431903,1.426665,0.511811,0.0,0.0,1.0
-4.304415,1.341458,0.511811,0.0,0.0,1.0
4.431903,1.426665,0.511811,0.0,0.0,1.0
4.582677,1.456693,0.2559055,0.195165,-0.9807704,-9.457575e-05
4.431903,1.426665,0.511811,0.195165,-0.9807704,-9.457575e-05
4.432211,1.426751,0.2559055,0.195165,-0.9807704,-9.457575e-05
-4.21896,1.213551,0.511811,0.0,0.0,1.0
4.21896,1.213551,0.511811,0.0,0.0,1.0
4.304415,1.341458,0.511811,0.0,0.0,1.0
4.304352,1.341318,0.2559055,0.8315001,-0.5555246,0.0001005044
4.304415,1.341458,0.511811,0.8315001,-0.5555246,0.0001005044
4.21896,1.213551,0.511811,0.8315001,-0.5555246,0.0001005044
-4.304415,1.341458,0.511811,0.0,0.0,1.0
-4.21896,1.213551,0.511811,0.0,0.0,1.0
4.304415,1.341458,0.511811,0.0,0.0,1.0
4.432211,1.426751,0.2559055,0.5555749,-0.8314664,0.0003201293
4.304415,1.341458,0.511811,0.5555749,-0.8314664,0.0003201293
4.304352,1.341318,0.2559055,0.5555749,-0.8314664,0.0003201293
-4.188976,1.062992,0.511811,0.0,0.0,1.0
4.188976,1.062992,0.511811,0.0,0.0,1.0
4.21896,1.213551,0.511811,0.0,0.0,1.0
4.218918,1.213458,0.2559055,0.9807408,-0.1953136,-9.080465e-05
4.21896,1.213551,0.511811,0.9807408,-0.1953136,-9.080465e-05
4.188976,1.062992,0.511811,0.9807408,-0.1953136,-9.080465e-05
-4.21896,1.213551,0.511811,0.0,0.0,1.0
-4.188976,1.062992,0.511811,0.0,0.0,1.0
4.21896,1.213551,0.511811,0.0,0.0,1.0
4.304352,1.341318,0.2559055,0.8314665,-0.5555749,6.413459e-05
4.21896,1.213551,0.511811,0.8314665,-0.5555749,6.413459e-05
4.218918,1.213458,0.2559055,0.8314665,-0.5555749,6.413459e-05
-4.21896,0.9124332,0.511811,0.0,0.0,1.0
4.21896,0.9124332,0.511811,0.0,0.0,1.0
4.188976,1.062992,0.511811,0.0,0.0,1.0
4.188976,1.062992,0.2559055,0.9807408,0.1953136,0.0
4.188976,1.062992,0.511811,0.9807408,0.1953136,0.0
4.21896,0.9124332,0.511811,0.9807408,0.1953136,0.0
-4.21896,0.9124332,0.511811,0.0,0.0,1.0
4.188976,1.062992,0.511811,0.0,0.0,1.0
-4.188976,1.062992,0.511811,0.0,0.0,1.0
4.218918,1.213458,0.2559055,0.9807704,-0.195165,0.0
4.188976,1.062992,0.511811,0.9807704,-0.195165,0.0
4.188976,1.062992,0.2559055,0.9807704,-0.195165,0.0
-4.304415,0.784526,0.511811,0.0,0.0,1.0
4.304415,0.784526,0.511811,0.0,0.0,1.0
4.21896,0.9124332,0.511811,0.0,0.0,1.0
4.218918,0.9125258,0.2559055,0.8315001,0.5555246,6.411083e-05
4.21896,0.9124332,0.511811,0.8315001,0.5555246,6.411083e-05
4.304415,0.784526,0.511811,0.8315001,0.5555246,6.411083e-05
-4.21896,0.9124332,0.511811,0.0,0.0,1.0
-4.304415,0.784526,0.511811,0.0,0.0,1.0
4.21896,0.9124332,0.511811,0.0,0.0,1.0
4.188976,1.062992,0.2559055,0.9807704,0.195165,-9.086327e-05
4.21896,0.9124332,0.511811,0.9807704,0.195165,-9.086327e-05
4.218918,0.9125258,0.2559055,0.9807704,0.195165,-9.086327e-05
-4.431903,0.6993188,0.511811,0.0,0.0,1.0
4.431903,0.6993188,0.511811,0.0,0.0,1.0
4.304415,0.784526,0.511811,0.0,0.0,1.0
4.304352,0.7846667,0.2559055,0.5556709,0.8314022,0.0003200704
4.304415,0.784526,0.511811,0.5556709,0.8314022,0.0003200704
4.431903,0.6993188,0.511811,0.5556709,0.8314022,0.0003200704
-4.304415,0.784526,0.511811,0.0,0.0,1.0
-4.431903,0.6993188,0.511811,0.0,0.0,1.0
4.304415,0.784526,0.511811,0.0,0.0,1.0
4.218918,0.9125258,0.2559055,0.8314665,0.5555749,0.0001005404
4.304415,0.784526,0.511811,0.8314665,0.5555749,0.0001005404
4.304352,0.7846667,0.2559055,0.8314665,0.5555749,0.0001005404
-4.582677,0.6693523,0.511811,0.0,0.0,1.0
4.582677,0.6693523,0.511811,0.0,0.0,1.0
4.431903,0.6993188,0.511811,0.0,0.0,1.0
4.432211,0.6992329,0.2559055,0.1949379,0.9808156,-9.486429e-05
4.431903,0.6993188,0.511811,0.1949379,0.9808156,-9.486429e-05
4.582677,0.6693523,0.511811,0.1949379,0.9808156,-9.486429e-05
-4.431903,0.6993188,0.511811,0.0,0.0,1.0
-4.582677,0.6693523,0.511811,0.0,0.0,1.0
4.431903,0.6993188,0.511811,0.0,0.0,1.0
4.304352,0.7846667,0.2559055,0.5555749,0.8314664,0.0003893396
4.431903,0.6993188,0.511811,0.5555749,0.8314664,0.0003893396
4.432211,0.6992329,0.2559055,0.5555749,0.8314664,0.0003893396
4.582677,0.6692913,0.2559055,-0.1949379,0.9808156,-0.0002337016
4.582677,0.6693523,0.511811,-0.1949379,0.9808156,-0.0002337016
4.733451,0.6993188,0.511811,-0.1949379,0.9808156,-0.0002337016
4.432211,0.6992329,0.2559055,0.195165,0.9807704,-0.0002336909
4.582677,0.6693523,0.511811,0.195165,0.9807704,-0.0002336909
4.582677,0.6692913,0.2559055,0.195165,0.9807704,-0.0002336909
4.733143,0.6992329,0.2559055,-0.5556709,0.8314022,0.0003894768
4.733451,0.6993188,0.511811,-0.5556709,0.8314022,0.0003894768
4.86094,0.784526,0.511811,-0.5556709,0.8314022,0.0003894768
4.582677,0.6692913,0.2559055,-0.195165,0.9807704,-9.457575e-05
4.733451,0.6993188,0.511811,-0.195165,0.9807704,-9.457575e-05
4.733143,0.6992329,0.2559055,-0.195165,0.9807704,-9.457575e-05
4.861003,0.7846667,0.2559055,-0.8315001,0.5555246,0.0001005044
4.86094,0.784526,0.511811,-0.8315001,0.5555246,0.0001005044
4.946394,0.9124332,0.511811,-0.8315001,0.5555246,0.0001005044
4.733143,0.6992329,0.2559055,-0.5555749,0.8314664,0.0003201293
4.86094,0.784526,0.511811,-0.5555749,0.8314664,0.0003201293
4.861003,0.7846667,0.2559055,-0.5555749,0.8314664,0.0003201293
4.861003,0.7846667,0.2559055,-0.8314665,0.5555749,6.413459e-05
4.946394,0.9124332,0.511811,-0.8314665,0.5555749,6.413459e-05
4.946436,0.9125258,0.2559055,-0.8314665,0.5555749,6.413459e-05
-4.188976,1.062992,0.2559055,-0.9807408,-0.1953136,0.0
-4.188976,1.062992,0.511811,-0.9807408,-0.1953136,0.0
-4.21896,1.213551,0.511811,-0.9807408,-0.1953136,0.0
-4.218918,0.9125258,0.2559055,-0.9807408,0.1953136,-9.080465e-05
-4.21896,0.9124332,0.511811,-0.9807408,0.1953136,-9.080465e-05
-4.188976,1.062992,0.511811,-0.9807408,0.1953136,-9.080465e-05
-4.218918,0.9125258,0.2559055,-0.9807704,0.195165,0.0
-4.188976,1.062992,0.511811,-0.9807704,0.195165,0.0
-4.188976,1.062992,0.2559055,-0.9807704,0.195165,0.0
-4.218918,1.213458,0.2559055,-0.8315001,-0.5555246,6.411083e-05
-4.21896,1.213551,0.511811,-0.8315001,-0.5555246,6.411083e-05
-4.304415,1.341458,0.511811,-0.8315001,-0.5555246,6.411083e-05
-4.218918,1.213458,0.2559055,-0.9807704,-0.195165,-9.086327e-05
-4.188976,1.062992,0.2559055,-0.9807704,-0.195165,-9.086327e-05
-4.21896,1.213551,0.511811,-0.9807704,-0.195165,-9.086327e-05
-4.304352,1.341318,0.2559055,-0.5556709,-0.8314022,0.0003200704
-4.304415,1.341458,0.511811,-0.5556709,-0.8314022,0.0003200704
-4.431903,1.426665,0.511811,-0.5556709,-0.8314022,0.0003200704
-4.218918,1.213458,0.2559055,-0.8314665,-0.5555749,0.0001005404
-4.304415,1.341458,0.511811,-0.8314665,-0.5555749,0.0001005404
-4.304352,1.341318,0.2559055,-0.8314665,-0.5555749,0.0001005404
-4.432211,1.426751,0.2559055,-0.1949379,-0.9808156,-9.486429e-05
-4.431903,1.426665,0.511811,-0.1949379,-0.9808156,-9.486429e-05
-4.582677,1.456632,0.511811,-0.1949379,-0.9808156,-9.486429e-05
-4.304352,1.341318,0.2559055,-0.5555749,-0.8314664,0.0003893396
-4.431903,1.426665,0.511811,-0.5555749,-0.8314664,0.0003893396
-4.432211,1.426751,0.2559055,-0.5555749,-0.8314664,0.0003893396
-4.582677,1.456693,0.2559055,0.1949379,-0.9808156,-0.0002337016
-4.582677,1.456632,0.511811,0.1949379,-0.9808156,-0.0002337016
-4.733451,1.426665,0.511811,0.1949379,-0.9808156,-0.0002337016
-4.432211,1.426751,0.2559055,-0.195165,-0.9807704,-0.0002336909
-4.582677,1.456632,0.511811,-0.195165,-0.9807704,-0.0002336909
-4.582677,1.456693,0.2559055,-0.195165,-0.9807704,-0.0002336909
-4.733143,1.426751,0.2559055,0.5556709,-0.8314022,0.0003894768
-4.733451,1.426665,0.511811,0.5556709,-0.8314022,0.0003894768
-4.86094,1.341458,0.511811,0.5556709,-0.8314022,0.0003894768
-4.582677,1.456693,0.2559055,0.195165,-0.9807704,-9.457575e-05
-4.733451,1.426665,0.511811,0.195165,-0.9807704,-9.457575e-05
-4.733143,1.426751,0.2559055,0.195165,-0.9807704,-9.457575e-05
-4.861003,1.341318,0.2559055,0.8315001,-0.5555246,0.0001005044
-4.86094,1.341458,0.511811,0.8315001,-0.5555246,0.0001005044
-4.946394,1.213551,0.511811,0.8315001,-0.5555246,0.0001005044
-4.733143,1.426751,0.2559055,0.5555749,-0.8314664,0.0003201293
-4.86094,1.341458,0.511811,0.5555749,-0.8314664,0.0003201293
-4.861003,1.341318,0.2559055,0.5555749,-0.8314664,0.0003201293
-4.946436,1.213458,0.2559055,0.9807408,-0.1953136,-9.080465e-05
-4.946394,1.213551,0.511811,0.9807408,-0.1953136,-9.080465e-05
-4.976378,1.062992,0.511811,0.9807408,-0.1953136,-9.080465e-05
-4.861003,1.341318,0.2559055,0.8314665,-0.5555749,6.413459e-05
-4.946394,1.213551,0.511811,0.8314665,-0.5555749,6.413459e-05
-4.946436,1.213458,0.2559055,0.8314665,-0.5555749,6.413459e-05
-4.976378,1.062992,0.2559055,0.9807408,0.1953136,0.0
-4.976378,1.062992,0.511811,0.9807408,0.1953136,0.0
-4.946394,0.9124332,0.511811,0.9807408,0.1953136,0.0
-4.946436,1.213458,0.2559055,0.9807704,-0.195165,0.0
-4.976378,1.062992,0.511811,0.9807704,-0.195165,0.0
-4.976378,1.062992,0.2559055,0.9807704,-0.195165,0.0
-4.946436,0.9125258,0.2559055,0.8315001,0.5555246,6.411083e-05
-4.946394,0.9124332,0.511811,0.8315001,0.5555246,6.411083e-05
-4.86094,0.784526,0.511811,0.8315001,0.5555246,6.411083e-05
-4.976378,1.062992,0.2559055,0.9807704,0.195165,-9.086327e-05
-4.946394,0.9124332,0.511811,0.9807704,0.195165,-9.086327e-05
-4.946436,0.9125258,0.2559055,0.9807704,0.195165,-9.086327e-05
-4.861003,0.7846667,0.2559055,0.5556709,0.8314022,0.0003200704
-4.86094,0.784526,0.511811,0.5556709,0.8314022,0.0003200704
-4.733451,0.6993188,0.511811,0.5556709,0.8314022,0.0003200704
-4.946436,0.9125258,0.2559055,0.8314665,0.5555749,0.0001005404
-4.86094,0.784526,0.511811,0.8314665,0.5555749,0.0001005404
-4.861003,0.7846667,0.2559055,0.8314665,0.5555749,0.0001005404
-4.733143,0.6992329,0.2559055,0.1949379,0.9808156,-9.486429e-05
-4.733451,0.6993188,0.511811,0.1949379,0.9808156,-9.486429e-05
-4.582677,0.6693523,0.511811,0.1949379,0.9808156,-9.486429e-05
-4.861003,0.7846667,0.2559055,0.5555749,0.8314664,0.0003893396
-4.733451,0.6993188,0.511811,0.5555749,0.8314664,0.0003893396
-4.733143,0.6992329,0.2559055,0.5555749,0.8314664,0.0003893396
-4.582677,0.6692913,0.2559055,-0.1949379,0.9808156,-0.0002337016
-4.582677,0.6693523,0.511811,-0.1949379,0.9808156,-0.0002337016
-4.431903,0.6993188,0.511811,-0.1949379,0.9808156,-0.0002337016
-4.733143,0.6992329,0.2559055,0.195165,0.9807704,-0.0002336909
-4.582677,0.6693523,0.511811,0.195165,0.9807704,-0.0002336909
-4.582677,0.6692913,0.2559055,0.195165,0.9807704,-0.0002336909
-4.432211,0.6992329,0.2559055,-0.5556709,0.8314022,0.0003894768
-4.431903,0.6993188,0.511811,-0.5556709,0.8314022,0.0003894768
-4.304415,0.784526,0.511811,-0.5556709,0.8314022,0.0003894768
-4.582677,0.6692913,0.2559055,-0.195165,0.9807704,-9.457575e-05
-4.431903,0.6993188,0.511811,-0.195165,0.9807704,-9.457575e-05
-4.432211,0.6992329,0.2559055,-0.195165,0.9807704,-9.457575e-05
-4.304352,0.7846667,0.2559055,-0.8315001,0.5555246,0.0001005044
-4.304415,0.784526,0.511811,-0.8315001,0.5555246,0.0001005044
-4.21896,0.9124332,0.511811,-0.8315001,0.5555246,0.0001005044
-4.432211,0.6992329,0.2559055,-0.5555749,0.8314664,0.0003201293
-4.304415,0.784526,0.511811,-0.5555749,0.8314664,0.0003201293
-4.304352,0.7846667,0.2559055,-0.5555749,0.8314664,0.0003201293
-4.304352,0.7846667,0.2559055,-0.8314665,0.5555749,6.413459e-05
-4.21896,0.9124332,0.511811,-0.8314665,0.5555749,6.413459e-05
-4.218918,0.9125258,0.2559055,-0.8314665,0.5555749,6.413459e-05
4.976378,11.69291,0.2559055,-0.9807408,-0.1953136,0.0
4.976378,11.69291,0.511811,-0.9807408,-0.1953136,0.0
4.946394,11.84347,0.511811,-0.9807408,-0.1953136,0.0
4.946436,11.54245,0.2559055,-0.9807408,0.1953136,-9.080465e-05
4.946394,11.54235,0.511811,-0.9807408,0.1953136,-9.080465e-05
4.976378,11.69291,0.511811,-0.9807408,0.1953136,-9.080465e-05
4.946436,11.54245,0.2559055,-0.9807704,0.195165,0.0
4.976378,11.69291,0.511811,-0.9807704,0.195165,0.0
4.976378,11.69291,0.2559055,-0.9807704,0.195165,0.0
4.946436,11.84338,0.2559055,-0.8315001,-0.5555246,6.411083e-05
4.946394,11.84347,0.511811,-0.8315001,-0.5555246,6.411083e-05
4.86094,11.97138,0.511811,-0.8315001,-0.5555246,6.411083e-05
4.946436,11.84338,0.2559055,-0.9807704,-0.195165,-9.086327e-05
4.976378,11.69291,0.2559055,-0.9807704,-0.195165,-9.086327e-05
4.946394,11.84347,0.511811,-0.9807704,-0.195165,-9.086327e-05
4.861003,11.97124,0.2559055,-0.5556709,-0.8314022,0.0003200704
4.86094,11.97138,0.511811,-0.5556709,-0.8314022,0.0003200704
4.733451,12.05659,0.511811,-0.5556709,-0.8314022,0.0003200704
4.946436,11.84338,0.2559055,-0.8314665,-0.5555749,0.0001005404
4.86094,11.97138,0.511811,-0.8314665,-0.5555749,0.0001005404
4.861003,11.97124,0.2559055,-0.8314665,-0.5555749,0.0001005404
4.733143,12.05667,0.2559055,-0.1949379,-0.9808156,-9.486429e-05
4.733451,12.05659,0.511811,-0.1949379,-0.9808156,-9.486429e-05
4.582677,12.08655,0.511811,-0.1949379,-0.9808156,-9.486429e-05
4.861003,11.97124,0.2559055,-0.5555749,-0.8314664,0.0003893396
4.733451,12.05659,0.511811,-0.5555749,-0.8314664,0.0003893396
4.733143,12.05667,0.2559055,-0.5555749,-0.8314664,0.0003893396
4.582677,12.08661,0.2559055,0.1949379,-0.9808156,-0.0002337016
4.582677,12.08655,0.511811,0.1949379,-0.9808156,-0.0002337016
4.431903,12.05659,0.511811,0.1949379,-0.9808156,-0.0002337016
4.733143,12.05667,0.2559055,-0.195165,-0.9807704,-0.0002336909
4.582677,12.08655,0.511811,-0.195165,-0.9807704,-0.0002336909
4.582677,12.08661,0.2559055,-0.195165,-0.9807704,-0.0002336909
4.432211,12.05667,0.2559055,0.5556709,-0.8314022,0.0003894768
4.431903,12.05659,0.511811,0.5556709,-0.8314022,0.0003894768
4.304415,11.97138,0.511811,0.5556709,-0.8314022,0.0003894768
4.582677,12.08661,0.2559055,0.195165,-0.9807704,-9.457575e-05
4.431903,12.05659,0.511811,0.195165,-0.9807704,-9.457575e-05
4.432211,12.05667,0.2559055,0.195165,-0.9807704,-9.457575e-05
4.304352,11.97124,0.2559055,0.8315001,-0.5555246,0.0001005044
4.304415,11.97138,0.511811,0.8315001,-0.5555246,0.0001005044
4.21896,11.84347,0.511811,0.8315001,-0.5555246,0.0001005044
4.432211,12.05667,0.2559055,0.5555749,-0.8314664,0.0003201293
4.304415,11.97138,0.511811,0.5555749,-0.8314664,0.0003201293
4.304352,11.97124,0.2559055,0.5555749,-0.8314664,0.0003201293
4.218918,11.84338,0.2559055,0.9807408,-0.1953136,-9.080465e-05
4.21896,11.84347,0.511811,0.9807408,-0.1953136,-9.080465e-05
4.188976,11.69291,0.511811,0.9807408,-0.1953136,-9.080465e-05
4.304352,11.97124,0.2559055,0.8314665,-0.5555749,6.413459e-05
4.21896,11.84347,0.511811,0.8314665,-0.5555749,6.413459e-05
4.218918,11.84338,0.2559055,0.8314665,-0.5555749,6.413459e-05
4.188976,11.69291,0.2559055,0.9807408,0.1953136,0.0
4.188976,11.69291,0.511811,0.9807408,0.1953136,0.0
4.21896,11.54235,0.511811,0.9807408,0.1953136,0.0
4.218918,11.84338,0.2559055,0.9807704,-0.195165,0.0
4.188976,11.69291,0.511811,0.9807704,-0.195165,0.0
4.188976,11.69291,0.2559055,0.9807704,-0.195165,0.0
4.218918,11.54245,0.2559055,0.8315001,0.5555246,6.411083e-05
4.21896,11.54235,0.511811,0.8315001,0.5555246,6.411083e-05
4.304415,11.41445,0.511811,0.8315001,0.5555246,6.411083e-05
4.188976,11.69291,0.2559055,0.9807704,0.195165,-9.086327e-05
4.21896,11.54235,0.511811,0.9807704,0.195165,-9.086327e-05
4.218918,11.54245,0.2559055,0.9807704,0.195165,-9.086327e-05
4.304352,11.41459,0.2559055,0.5556709,0.8314022,0.0003200704
4.304415,11.41445,0.511811,0.5556709,0.8314022,0.0003200704
4.431903,11.32924,0.511811,0.5556709,0.8314022,0.0003200704
4.218918,11.54245,0.2559055,0.8314665,0.5555749,0.0001005404
4.304415,11.41445,0.511811,0.8314665,0.5555749,0.0001005404
4.304352,11.41459,0.2559055,0.8314665,0.5555749,0.0001005404
4.432211,11.32915,0.2559055,0.1949379,0.9808156,-9.486429e-05
4.431903,11.32924,0.511811,0.1949379,0.9808156,-9.486429e-05
4.582677,11.29927,0.511811,0.1949379,0.9808156,-9.486429e-05
4.304352,11.41459,0.2559055,0.5555749,0.8314664,0.0003893396
4.431903,11.32924,0.511811,0.5555749,0.8314664,0.0003893396
4.432211,11.32915,0.2559055,0.5555749,0.8314664,0.0003893396
4.582677,11.29921,0.2559055,-0.1949379,0.9808156,-0.0002337016
4.582677,11.29927,0.511811,-0.1949379,0.9808156,-0.0002337016
4.733451,11.32924,0.511811,-0.1949379,0.9808156,-0.0002337016
4.432211,11.32915,0.2559055,0.195165,0.9807704,-0.0002336909
4.582677,11.29927,0.511811,0.195165,0.9807704,-0.0002336909
4.582677,11.29921,0.2559055,0.195165,0.9807704,-0.0002336909
4.733143,11.32915,0.2559055,-0.5556709,0.8314022,0.0003894768
4.733451,11.32924,0.511811,-0.5556709,0.8314022,0.0003894768
4.86094,11.41445,0.511811,-0.5556709,0.8314022,0.0003894768
4.582677,11.29921,0.2559055,-0.195165,0.9807704,-9.457575e-05
4.733451,11.32924,0.511811,-0.195165,0.9807704,-9.457575e-05
4.733143,11.32915,0.2559055,-0.195165,0.9807704,-9.457575e-05
4.861003,11.41459,0.2559055,-0.8315001,0.5555246,0.0001005044
4.86094,11.41445,0.511811,-0.8315001,0.5555246,0.0001005044
4.946394,11.54235,0.511811,-0.8315001,0.5555246,0.0001005044
4.733143,11.32915,0.2559055,-0.5555749,0.8314664,0.0003201293
4.86094,11.41445,0.511811,-0.5555749,0.8314664,0.0003201293
4.861003,11.41459,0.2559055,-0.5555749,0.8314664,0.0003201293
4.861003,11.41459,0.2559055,-0.8314665,0.5555749,6.413459e-05
4.946394,11.54235,0.511811,-0.8314665,0.5555749,6.413459e-05
4.946436,11.54245,0.2559055,-0.8314665,0.5555749,6.413459e-05
-0.1130979,5.260619,0.2283465,0.0,0.0,1.0
0.1130979,5.260619,0.2283465,0.0,0.0,1.0
0.1254921,5.314961,0.2283465,0.0,0.0,1.0
-0.1254921,5.314961,0.2283465,0.0,0.0,1.0
-0.1130979,5.260619,0.2283465,0.0,0.0,1.0
0.1254921,5.314961,0.2283465,0.0,0.0,1.0
0.1130979,5.369302,0.2283465,0.0,0.0,1.0
-0.1254921,5.314961,0.2283465,0.0,0.0,1.0
0.1254921,5.314961,0.2283465,0.0,0.0,1.0
-0.07830197,5.216953,0.2283465,0.0,0.0,1.0
0.07830197,5.216953,0.2283465,0.0,0.0,1.0
0.1130979,5.260619,0.2283465,0.0,0.0,1.0
-0.1130979,5.260619,0.2283465,0.0,0.0,1.0
-0.07830197,5.216953,0.2283465,0.0,0.0,1.0
0.1130979,5.260619,0.2283465,0.0,0.0,1.0
-0.02795372,5.192689,0.2283465,0.0,0.0,1.0
0.02795372,5.192689,0.2283465,0.0,0.0,1.0
0.07830197,5.216953,0.2283465,0.0,0.0,1.0
-0.07830197,5.216953,0.2283465,0.0,0.0,1.0
-0.02795372,5.192689,0.2283465,0.0,0.0,1.0
0.07830197,5.216953,0.2283465,0.0,0.0,1.0
0.1130979,5.369302,0.2283465,0.0,0.0,1.0
-0.1130979,5.369302,0.2283465,0.0,0.0,1.0
-0.1254921,5.314961,0.2283465,0.0,0.0,1.0
0.07830197,5.412969,0.2283465,0.0,0.0,1.0
-0.07830197,5.412969,0.2283465,0.0,0.0,1.0
-0.1130979,5.369302,0.2283465,0.0,0.0,1.0
0.1130979,5.369302,0.2283465,0.0,0.0,1.0
0.07830197,5.412969,0.2283465,0.0,0.0,1.0
-0.1130979,5.369302,0.2283465,0.0,0.0,1.0
0.02795372,5.437232,0.2283465,0.0,0.0,1.0
-0.02795372,5.437232,0.2283465,0.0,0.0,1.0
-0.07830197,5.412969,0.2283465,0.0,0.0,1.0
0.07830197,5.412969,0.2283465,0.0,0.0,1.0
0.02795372,5.437232,0.2283465,0.0,0.0,1.0
-0.07830197,5.412969,0.2283465,0.0,0.0,1.0
-0.1130979,8.332666,0.2283465,0.0,0.0,1.0
0.1130979,8.332666,0.2283465,0.0,0.0,1.0
0.1254921,8.387008,0.2283465,0.0,0.0,1.0
-0.1254921,8.387008,0.2283465,0.0,0.0,1.0
-0.1130979,8.332666,0.2283465,0.0,0.0,1.0
0.1254921,8.387008,0.2283465,0.0,0.0,1.0
0.1130979,8.44135,0.2283465,0.0,0.0,1.0
-0.1254921,8.387008,0.2283465,0.0,0.0,1.0
0.1254921,8.387008,0.2283465,0.0,0.0,1.0
-0.07830197,8.289,0.2283465,0.0,0.0,1.0
0.07830197,8.289,0.2283465,0.0,0.0,1.0
0.1130979,8.332666,0.2283465,0.0,0.0,1.0
-0.1130979,8.332666,0.2283465,0.0,0.0,1.0
-0.07830197,8.289,0.2283465,0.0,0.0,1.0
0.1130979,8.332666,0.2283465,0.0,0.0,1.0
-0.02795372,8.264737,0.2283465,0.0,0.0,1.0
0.02795372,8.264737,0.2283465,0.0,0.0,1.0
0.07830197,8.289,0.2283465,0.0,0.0,1.0
-0.07830197,8.289,0.2283465,0.0,0.0,1.0
-0.02795372,8.264737,0.2283465,0.0,0.0,1.0
0.07830197,8.289,0.2283465,0.0,0.0,1.0
0.1130979,8.44135,0.2283465,0.0,0.0,1.0
-0.1130979,8.44135,0.2283465,0.0,0.0,1.0
-0.1254921,8.387008,0.2283465,0.0,0.0,1.0
0.07830197,8.485016,0.2283465,0.0,0.0,1.0
-0.07830197,8.485016,0.2283465,0.0,0.0,1.0
-0.1130979,8.44135,0.2283465,0.0,0.0,1.0
0.1130979,8.44135,0.2283465,0.0,0.0,1.0
0.07830197,8.485016,0.2283465,0.0,0.0,1.0
-0.1130979,8.44135,0.2283465,0.0,0.0,1.0
0.02795372,8.509279,0.2283465,0.0,0.0,1.0
-0.02795372,8.509279,0.2283465,0.0,0.0,1.0
-0.07830197,8.485016,0.2283465,0.0,0.0,1.0
0.07830197,8.485016,0.2283465,0.0,0.0,1.0
0.02795372,8.509279,0.2283465,0.0,0.0,1.0
-0.07830197,8.485016,0.2283465,0.0,0.0,1.0
-0.1130979,11.42952,0.2283465,0.0,0.0,1.0
0.1130979,11.42952,0.2283465,0.0,0.0,1.0
0.1254921,11.48386,0.2283465,0.0,0.0,1.0
-0.1254921,11.48386,0.2283465,0.0,0.0,1.0
-0.1130979,11.42952,0.2283465,0.0,0.0,1.0
0.1254921,11.48386,0.2283465,0.0,0.0,1.0
0.1130979,11.5382,0.2283465,0.0,0.0,1.0
-0.1254921,11.48386,0.2283465,0.0,0.0,1.0
0.1254921,11.48386,0.2283465,0.0,0.0,1.0
-0.07830197,11.38585,0.2283465,0.0,0.0,1.0
0.07830197,11.38585,0.2283465,0.0,0.0,1.0
0.1130979,11.42952,0.2283465,0.0,0.0,1.0
-0.1130979,11.42952,0.2283465,0.0,0.0,1.0
-0.07830197,11.38585,0.2283465,0.0,0.0,1.0
0.1130979,11.42952,0.2283465,0.0,0.0,1.0
-0.02795372,11.36159,0.2283465,0.0,0.0,1.0
0.02795372,11.36159,0.2283465,0.0,0.0,1.0
0.07830197,11.38585,0.2283465,0.0,0.0,1.0
-0.07830197,11.38585,0.2283465,0.0,0.0,1.0
-0.02795372,11.36159,0.2283465,0.0,0.0,1.0
0.07830197,11.38585,0.2283465,0.0,0.0,1.0
0.1130979,11.5382,0.2283465,0.0,0.0,1.0
-0.1130979,11.5382,0.2283465,0.0,0.0,1.0
-0.1254921,11.48386,0.2283465,0.0,0.0,1.0
0.07830197,11.58187,0.2283465,0.0,0.0,1.0
-0.07830197,11.58187,0.2283465,0.0,0.0,1.0
-0.1130979,11.5382,0.2283465,0.0,0.0,1.0
0.1130979,11.5382,0.2283465,0.0,0.0,1.0
0.07830197,11.58187,0.2283465,0.0,0.0,1.0
-0.1130979,11.5382,0.2283465,0.0,0.0,1.0
0.02795372,11.60613,0.2283465,0.0,0.0,1.0
-0.02795372,11.60613,0.2283465,0.0,0.0,1.0
-0.07830197,11.58187,0.2283465,0.0,0.0,1.0
0.07830197,11.58187,0.2283465,0.0,0.0,1.0
0.02795372,11.60613,0.2283465,0.0,0.0,1.0
-0.07830197,11.58187,0.2283465,0.0,0.0,1.0
-0.1130979,14.2996,0.2283465,0.0,0.0,1.0
0.1130979,14.2996,0.2283465,0.0,0.0,1.0
0.1254921,14.35394,0.2283465,0.0,0.0,1.0
-0.1254921,14.35394,0.2283465,0.0,0.0,1.0
-0.1130979,14.2996,0.2283465,0.0,0.0,1.0
0.1254921,14.35394,0.2283465,0.0,0.0,1.0
0.1130979,14.40828,0.2283465,0.0,0.0,1.0
-0.1254921,14.35394,0.2283465,0.0,0.0,1.0
0.1254921,14.35394,0.2283465,0.0,0.0,1.0
-0.07830197,14.25593,0.2283465,0.0,0.0,1.0
0.07830197,14.25593,0.2283465,0.0,0.0,1.0
0.1130979,14.2996,0.2283465,0.0,0.0,1.0
-0.1130979,14.2996,0.2283465,0.0,0.0,1.0
-0.07830197,14.25593,0.2283465,0.0,0.0,1.0
0.1130979,14.2996,0.2283465,0.0,0.0,1.0
-0.02795372,14.23167,0.2283465,0.0,0.0,1.0
0.02795372,14.23167,0.2283465,0.0,0.0,1.0
0.07830197,14.25593,0.2283465,0.0,0.0,1.0
-0.07830197,14.25593,0.2283465,0.0,0.0,1.0
-0.02795372,14.23167,0.2283465,0.0,0.0,1.0
0.07830197,14.25593,0.2283465,0.0,0.0,1.0
0.1130979,14.40828,0.2283465,0.0,0.0,1.0
-0.1130979,14.40828,0.2283465,0.0,0.0,1.0
-0.1254921,14.35394,0.2283465,0.0,0.0,1.0
0.07830197,14.45194,0.2283465,0.0,0.0,1.0
-0.07830197,14.45194,0.2283465,0.0,0.0,1.0
-0.1130979,14.40828,0.2283465,0.0,0.0,1.0
0.1130979,14.40828,0.2283465,0.0,0.0,1.0
0.07830197,14.45194,0.2283465,0.0,0.0,1.0
-0.1130979,14.40828,0.2283465,0.0,0.0,1.0
0.02795372,14.47621,0.2283465,0.0,0.0,1.0
-0.02795372,14.47621,0.2283465,0.0,0.0,1.0
-0.07830197,14.45194,0.2283465,0.0,0.0,1.0
0.07830197,14.45194,0.2283465,0.0,0.0,1.0
0.02795372,14.47621,0.2283465,0.0,0.0,1.0
-0.07830197,14.45194,0.2283465,0.0,0.0,1.0
4.218918,0.9125258,0.2559055,0.0,0.0,1.0
4.946436,0.9125258,0.2559055,0.0,0.0,1.0
4.976378,1.062992,0.2559055,0.0,0.0,1.0
4.188976,1.062992,0.2559055,0.0,0.0,1.0
4.218918,0.9125258,0.2559055,0.0,0.0,1.0
4.976378,1.062992,0.2559055,0.0,0.0,1.0
4.946436,1.213458,0.2559055,0.0,0.0,1.0
4.188976,1.062992,0.2559055,0.0,0.0,1.0
4.976378,1.062992,0.2559055,0.0,0.0,1.0
4.304352,0.7846667,0.2559055,0.0,0.0,1.0
4.861003,0.7846667,0.2559055,0.0,0.0,1.0
4.946436,0.9125258,0.2559055,0.0,0.0,1.0
4.218918,0.9125258,0.2559055,0.0,0.0,1.0
4.304352,0.7846667,0.2559055,0.0,0.0,1.0
4.946436,0.9125258,0.2559055,0.0,0.0,1.0
4.432211,0.6992329,0.2559055,0.0,0.0,1.0
4.733143,0.6992329,0.2559055,0.0,0.0,1.0
4.861003,0.7846667,0.2559055,0.0,0.0,1.0
4.304352,0.7846667,0.2559055,0.0,0.0,1.0
4.432211,0.6992329,0.2559055,0.0,0.0,1.0
4.861003,0.7846667,0.2559055,0.0,0.0,1.0
4.432211,0.6992329,0.2559055,0.0,0.0,1.0
4.582677,0.6692913,0.2559055,0.0,0.0,1.0
4.733143,0.6992329,0.2559055,0.0,0.0,1.0
4.946436,1.213458,0.2559055,0.0,0.0,1.0
4.218918,1.213458,0.2559055,0.0,0.0,1.0
4.188976,1.062992,0.2559055,0.0,0.0,1.0
4.861003,1.341318,0.2559055,0.0,0.0,1.0
4.304352,1.341318,0.2559055,0.0,0.0,1.0
4.218918,1.213458,0.2559055,0.0,0.0,1.0
4.946436,1.213458,0.2559055,0.0,0.0,1.0
4.861003,1.341318,0.2559055,0.0,0.0,1.0
4.218918,1.213458,0.2559055,0.0,0.0,1.0
4.733143,1.426751,0.2559055,0.0,0.0,1.0
4.432211,1.426751,0.2559055,0.0,0.0,1.0
4.304352,1.341318,0.2559055,0.0,0.0,1.0
4.861003,1.341318,0.2559055,0.0,0.0,1.0
4.733143,1.426751,0.2559055,0.0,0.0,1.0
4.304352,1.341318,0.2559055,0.0,0.0,1.0
4.733143,1.426751,0.2559055,0.0,0.0,1.0
4.582677,1.456693,0.2559055,0.0,0.0,1.0
4.432211,1.426751,0.2559055,0.0,0.0,1.0
-4.946436,0.9125258,0.2559055,0.0,0.0,1.0
-4.218918,0.9125258,0.2559055,0.0,0.0,1.0
-4.188976,1.062992,0.2559055,0.0,0.0,1.0
-4.976378,1.062992,0.2559055,0.0,0.0,1.0
-4.946436,0.9125258,0.2559055,0.0,0.0,1.0
-4.188976,1.062992,0.2559055,0.0,0.0,1.0
-4.218918,1.213458,0.2559055,0.0,0.0,1.0
-4.976378,1.062992,0.2559055,0.0,0.0,1.0
-4.188976,1.062992,0.2559055,0.0,0.0,1.0
-4.861003,0.7846667,0.2559055,0.0,0.0,1.0
-4.304352,0.7846667,0.2559055,0.0,0.0,1.0
-4.218918,0.9125258,0.2559055,0.0,0.0,1.0
-4.946436,0.9125258,0.2559055,0.0,0.0,1.0
-4.861003,0.7846667,0.2559055,0.0,0.0,1.0
-4.218918,0.9125258,0.2559055,0.0,0.0,1.0
-4.733143,0.6992329,0.2559055,0.0,0.0,1.0
-4.432211,0.6992329,0.2559055,0.0,0.0,1.0
-4.304352,0.7846667,0.2559055,0.0,0.0,1.0
-4.861003,0.7846667,0.2559055,0.0,0.0,1.0
-4.733143,0.6992329,0.2559055,0.0,0.0,1.0
-4.304352,0.7846667,0.2559055,0.0,0.0,1.0
-4.733143,0.6992329,0.2559055,0.0,0.0,1.0
-4.582677,0.6692913,0.2559055,0.0,0.0,1.0
-4.432211,0.6992329,0.2559055,0.0,0.0,1.0
-4.218918,1.213458,0.2559055,0.0,0.0,1.0
-4.946436,1.213458,0.2559055,0.0,0.0,1.0
-4.976378,1.062992,0.2559055,0.0,0.0,1.0
-4.304352,1.341318,0.2559055,0.0,0.0,1.0
-4.861003,1.341318,0.2559055,0.0,0.0,1.0
-4.946436,1.213458,0.2559055,0.0,0.0,1.0
-4.218918,1.213458,0.2559055,0.0,0.0,1.0
-4.304352,1.341318,0.2559055,0.0,0.0,1.0
-4.946436,1.213458,0.2559055,0.0,0.0,1.0
-4.432211,1.426751,0.2559055,0.0,0.0,1.0
-4.733143,1.426751,0.2559055,0.0,0.0,1.0
-4.861003,1.341318,0.2559055,0.0,0.0,1.0
-4.304352,1.341318,0.2559055,0.0,0.0,1.0
-4.432211,1.426751,0.2559055,0.0,0.0,1.0
-4.861003,1.341318,0.2559055,0.0,0.0,1.0
-4.432211,1.426751,0.2559055,0.0,0.0,1.0
-4.582677,1.456693,0.2559055,0.0,0.0,1.0
-4.733143,1.426751,0.2559055,0.0,0.0,1.0
4.218918,11.54245,0.2559055,0.0,0.0,1.0
4.946436,11.54245,0.2559055,0.0,0.0,1.0
4.976378,11.69291,0.2559055,0.0,0.0,1.0
4.188976,11.69291,0.2559055,0.0,0.0,1.0
4.218918,11.54245,0.2559055,0.0,0.0,1.0
4.976378,11.69291,0.2559055,0.0,0.0,1.0
4.946436,11.84338,0.2559055,0.0,0.0,1.0
4.188976,11.69291,0.2559055,0.0,0.0,1.0
4.976378,11.69291,0.2559055,0.0,0.0,1.0
4.304352,11.41459,0.2559055,0.0,0.0,1.0
4.861003,11.41459,0.2559055,0.0,0.0,1.0
4.946436,11.54245,0.2559055,0.0,0.0,1.0
4.218918,11.54245,0.2559055,0.0,0.0,1.0
4.304352,11.41459,0.2559055,0.0,0.0,1.0
4.946436,11.54245,0.2559055,0.0,0.0,1.0
4.432211,11.32915,0.2559055,0.0,0.0,1.0
4.733143,11.32915,0.2559055,0.0,0.0,1.0
4.861003,11.41459,0.2559055,0.0,0.0,1.0
4.304352,11.41459,0.2559055,0.0,0.0,1.0
4.432211,11.32915,0.2559055,0.0,0.0,1.0
4.861003,11.41459,0.2559055,0.0,0.0,1.0
4.432211,11.32915,0.2559055,0.0,0.0,1.0
4.582677,11.29921,0.2559055,0.0,0.0,1.0
4.733143,11.32915,0.2559055,0.0,0.0,1.0
4.946436,11.84338,0.2559055,0.0,0.0,1.0
4.218918,11.84338,0.2559055,0.0,0.0,1.0
4.188976,11.69291,0.2559055,0.0,0.0,1.0
4.861003,11.97124,0.2559055,0.0,0.0,1.0
4.304352,11.97124,0.2559055,0.0,0.0,1.0
4.218918,11.84338,0.2559055,0.0,0.0,1.0
4.946436,11.84338,0.2559055,0.0,0.0,1.0
4.861003,11.97124,0.2559055,0.0,0.0,1.0
4.218918,11.84338,0.2559055,0.0,0.0,1.0
4.733143,12.05667,0.2559055,0.0,0.0,1.0
4.432211,12.05667,0.2559055,0.0,0.0,1.0
4.304352,11.97124,0.2559055,0.0,0.0,1.0
4.861003,11.97124,0.2559055,0.0,0.0,1.0
4.733143,12.05667,0.2559055,0.0,0.0,1.0
4.304352,11.97124,0.2559055,0.0,0.0,1.0
4.733143,12.05667,0.2559055,0.0,0.0,1.0
4.582677,12.08661,0.2559055,0.0,0.0,1.0
4.432211,12.05667,0.2559055,0.0,0.0,1.0
