0.000103078,2.3346,7.6973,0.0,-0.25198,0.967732
2.0001,2.3346,7.6973,0.0,-0.25198,0.967732
0.000103078,2.41667,7.71866,0.0,-0.25198,0.967732
0.000103078,2.41667,7.71866,0.0,-0.25198,0.967732
2.0001,2.3346,7.6973,0.0,-0.25198,0.967732
2.0001,2.41667,7.71866,0.0,-0.25198,0.967732
0.000103078,2.41667,7.71866,0.0,-0.411897,0.91123
2.0001,2.41667,7.71866,0.0,-0.411897,0.91123
0.000103078,2.49395,7.7536,0.0,-0.411897,0.91123
0.000103078,2.49395,7.7536,0.0,-0.411897,0.91123
2.0001,2.41667,7.71866,0.0,-0.411897,0.91123
2.0001,2.49395,7.7536,0.0,-0.411897,0.91123
0.000103078,2.49395,7.7536,0.0,-0.559978,0.828508
2.0001,2.49395,7.7536,0.0,-0.559978,0.828508
0.000103078,2.56421,7.80109,0.0,-0.559978,0.828508
0.000103078,2.56421,7.80109,0.0,-0.559978,0.828508
2.0001,2.49395,7.7536,0.0,-0.559978,0.828508
2.0001,2.56421,7.80109,0.0,-0.559978,0.828508
0.000103078,2.56421,7.80109,0.0,-0.691936,0.721959
2.0001,2.56421,7.80109,0.0,-0.691936,0.721959
0.000103078,2.62544,7.85977,0.0,-0.691936,0.721959
0.000103078,2.62544,7.85977,0.0,-0.691936,0.721959
2.0001,2.56421,7.80109,0.0,-0.691936,0.721959
2.0001,2.62544,7.85977,0.0,-0.691936,0.721959
0.000103078,2.62544,7.85977,0.0,-0.803999,0.59463
2.0001,2.62544,7.85977,0.0,-0.803999,0.59463
0.000103078,2.67587,7.92795,0.0,-0.803999,0.59463
0.000103078,2.67587,7.92795,0.0,-0.803999,0.59463
2.0001,2.62544,7.85977,0.0,-0.803999,0.59463
2.0001,2.67587,7.92795,0.0,-0.803999,0.59463
0.000103078,2.67587,7.92795,0.0,-0.892927,0.450202
2.0001,2.67587,7.92795,0.0,-0.892927,0.450202
0.000103078,2.71405,8.00368,0.0,-0.892927,0.450202
0.000103078,2.71405,8.00368,0.0,-0.892927,0.450202
2.0001,2.67587,7.92795,0.0,-0.892927,0.450202
2.0001,2.71405,8.00368,0.0,-0.892927,0.450202
0.000103078,2.71405,8.00368,0.0,-0.956167,0.292823
2.0001,2.71405,8.00368,0.0,-0.956167,0.292823
0.000103078,2.73888,8.08476,0.0,-0.956167,0.292823
0.000103078,2.73888,8.08476,0.0,-0.956167,0.292823
2.0001,2.71405,8.00368,0.0,-0.956167,0.292823
2.0001,2.73888,8.08476,0.0,-0.956167,0.292823
0.000103078,2.73888,8.08476,0.0,-0.9919,0.12702
2.0001,2.73888,8.08476,0.0,-0.9919,0.12702
0.000103078,2.74965,8.16888,0.0,-0.9919,0.12702
0.000103078,2.74965,8.16888,0.0,-0.9919,0.12702
2.0001,2.73888,8.08476,0.0,-0.9919,0.12702
2.0001,2.74965,8.16888,0.0,-0.9919,0.12702
0.000103078,2.74965,8.16888,0.0,-0.999099,-0.042443
2.0001,2.74965,8.16888,0.0,-0.999099,-0.042443
0.000103078,2.74605,8.25361,0.0,-0.999099,-0.042443
0.000103078,2.74605,8.25361,0.0,-0.999099,-0.042443
2.0001,2.74965,8.16888,0.0,-0.999099,-0.042443
2.0001,2.74605,8.25361,0.0,-0.999099,-0.042443
0.000103078,2.74605,8.25361,0.0,-0.977556,-0.210676
2.0001,2.74605,8.25361,0.0,-0.977556,-0.210676
0.000103078,2.72819,8.33651,0.0,-0.977556,-0.210676
0.000103078,2.72819,8.33651,0.0,-0.977556,-0.210676
2.0001,2.74605,8.25361,0.0,-0.977556,-0.210676
2.0001,2.72819,8.33651,0.0,-0.977556,-0.210676
0.000103078,2.72819,8.33651,0.0,-0.927889,-0.372857
2.0001,2.72819,8.33651,0.0,-0.927889,-0.372857
0.000103078,2.69657,8.41521,0.0,-0.927889,-0.372857
0.000103078,2.69657,8.41521,0.0,-0.927889,-0.372857
2.0001,2.72819,8.33651,0.0,-0.927889,-0.372857
2.0001,2.69657,8.41521,0.0,-0.927889,-0.372857
0.000103078,2.69657,8.41521,0.0,-0.85153,-0.524305
2.0001,2.69657,8.41521,0.0,-0.85153,-0.524305
0.000103078,2.6521,8.48742,0.0,-0.85153,-0.524305
0.000103078,2.6521,8.48742,0.0,-0.85153,-0.524305
2.0001,2.69657,8.41521,0.0,-0.85153,-0.524305
2.0001,2.6521,8.48742,0.0,-0.85153,-0.524305
0.000103078,2.6521,8.48742,0.0,-0.750673,-0.660674
2.0001,2.6521,8.48742,0.0,-0.750673,-0.660674
0.000103078,2.59607,8.55108,0.0,-0.750673,-0.660674
0.000103078,2.59607,8.55108,0.0,-0.750673,-0.660674
2.0001,2.6521,8.48742,0.0,-0.750673,-0.660674
2.0001,2.59607,8.55108,0.0,-0.750673,-0.660674
0.000103078,2.59607,8.55108,0.0,-0.628215,-0.77804
2.0001,2.59607,8.55108,0.0,-0.628215,-0.77804
0.000103078,2.53009,8.60436,0.0,-0.628215,-0.77804
0.000103078,2.53009,8.60436,0.0,-0.628215,-0.77804
2.0001,2.59607,8.55108,0.0,-0.628215,-0.77804
2.0001,2.53009,8.60436,0.0,-0.628215,-0.77804
0.000103078,2.53009,8.60436,0.0,-0.487692,-0.873016
2.0001,2.53009,8.60436,0.0,-0.487692,-0.873016
0.000103078,2.45605,8.64572,0.0,-0.487692,-0.873016
0.000103078,2.45605,8.64572,0.0,-0.487692,-0.873016
2.0001,2.53009,8.60436,0.0,-0.487692,-0.873016
2.0001,2.45605,8.64572,0.0,-0.487692,-0.873016
0.000103078,2.45605,8.64572,0.0,-0.333143,-0.942876
2.0001,2.45605,8.64572,0.0,-0.333143,-0.942876
0.000103078,2.37609,8.67397,0.0,-0.333143,-0.942876
0.000103078,2.37609,8.67397,0.0,-0.333143,-0.942876
2.0001,2.45605,8.64572,0.0,-0.333143,-0.942876
2.0001,2.37609,8.67397,0.0,-0.333143,-0.942876
0.000103078,2.37609,8.67397,0.0,-0.169007,-0.985615
2.0001,2.37609,8.67397,0.0,-0.169007,-0.985615
0.000103078,2.29251,8.6883,0.0,-0.169007,-0.985615
0.000103078,2.29251,8.6883,0.0,-0.169007,-0.985615
2.0001,2.37609,8.67397,0.0,-0.169007,-0.985615
2.0001,2.29251,8.6883,0.0,-0.169007,-0.985615
0.000103078,2.29251,8.6883,0.0,0.0,-1.0
2.0001,2.29251,8.6883,0.0,0.0,-1.0
0.000103078,2.2077,8.6883,0.0,0.0,-1.0
0.000103078,2.2077,8.6883,0.0,0.0,-1.0
2.0001,2.29251,8.6883,0.0,0.0,-1.0
2.0001,2.2077,8.6883,0.0,0.0,-1.0
0.000103078,2.2077,8.6883,0.0,0.169007,-0.985615
2.0001,2.2077,8.6883,0.0,0.169007,-0.985615
0.000103078,2.12411,8.67397,0.0,0.169007,-0.985615
0.000103078,2.12411,8.67397,0.0,0.169007,-0.985615
2.0001,2.2077,8.6883,0.0,0.169007,-0.985615
2.0001,2.12411,8.67397,0.0,0.169007,-0.985615
0.000103078,2.12411,8.67397,0.0,0.333143,-0.942876
2.0001,2.12411,8.67397,0.0,0.333143,-0.942876
0.000103078,2.04415,8.64572,0.0,0.333143,-0.942876
0.000103078,2.04415,8.64572,0.0,0.333143,-0.942876
2.0001,2.12411,8.67397,0.0,0.333143,-0.942876
2.0001,2.04415,8.64572,0.0,0.333143,-0.942876
0.000103078,2.04415,8.64572,0.0,0.487691,-0.873016
2.0001,2.04415,8.64572,0.0,0.487691,-0.873016
0.000103078,1.97012,8.60436,0.0,0.487691,-0.873016
0.000103078,1.97012,8.60436,0.0,0.487691,-0.873016
2.0001,2.04415,8.64572,0.0,0.487691,-0.873016
2.0001,1.97012,8.60436,0.0,0.487691,-0.873016
0.000103078,1.97012,8.60436,0.0,0.628214,-0.778041
2.0001,1.97012,8.60436,0.0,0.628214,-0.778041
0.000103078,1.90413,8.55108,0.0,0.628214,-0.778041
0.000103078,1.90413,8.55108,0.0,0.628214,-0.778041
2.0001,1.97012,8.60436,0.0,0.628214,-0.778041
2.0001,1.90413,8.55108,0.0,0.628214,-0.778041
0.000103078,1.90413,8.55108,0.0,0.750672,-0.660675
2.0001,1.90413,8.55108,0.0,0.750672,-0.660675
0.000103078,1.8481,8.48742,0.0,0.750672,-0.660675
0.000103078,1.8481,8.48742,0.0,0.750672,-0.660675
2.0001,1.90413,8.55108,0.0,0.750672,-0.660675
2.0001,1.8481,8.48742,0.0,0.750672,-0.660675
0.000103078,1.8481,8.48742,0.0,0.85153,-0.524305
2.0001,1.8481,8.48742,0.0,0.85153,-0.524305
0.000103078,1.80364,8.41521,0.0,0.85153,-0.524305
0.000103078,1.80364,8.41521,0.0,0.85153,-0.524305
2.0001,1.8481,8.48742,0.0,0.85153,-0.524305
2.0001,1.80364,8.41521,0.0,0.85153,-0.524305
0.000103078,1.80364,8.41521,0.0,0.927889,-0.372856
2.0001,1.80364,8.41521,0.0,0.927889,-0.372856
0.000103078,1.77202,8.33651,0.0,0.927889,-0.372856
0.000103078,1.77202,8.33651,0.0,0.927889,-0.372856
2.0001,1.80364,8.41521,0.0,0.927889,-0.372856
2.0001,1.77202,8.33651,0.0,0.927889,-0.372856
0.000103078,1.77202,8.33651,0.0,0.977555,-0.210678
2.0001,1.77202,8.33651,0.0,0.977555,-0.210678
0.000103078,1.75415,8.25361,0.0,0.977555,-0.210678
0.000103078,1.75415,8.25361,0.0,0.977555,-0.210678
2.0001,1.77202,8.33651,0.0,0.977555,-0.210678
2.0001,1.75415,8.25361,0.0,0.977555,-0.210678
0.000103078,1.75415,8.25361,0.0,0.999099,-0.0424416
2.0001,1.75415,8.25361,0.0,0.999099,-0.0424416
0.000103078,1.75055,8.16888,0.0,0.999099,-0.0424416
0.000103078,1.75055,8.16888,0.0,0.999099,-0.0424416
2.0001,1.75415,8.25361,0.0,0.999099,-0.0424416
2.0001,1.75055,8.16888,0.0,0.999099,-0.0424416
0.000103078,1.75055,8.16888,0.0,0.9919,0.127018
2.0001,1.75055,8.16888,0.0,0.9919,0.127018
0.000103078,1.76133,8.08476,0.0,0.9919,0.127018
0.000103078,1.76133,8.08476,0.0,0.9919,0.127018
2.0001,1.75055,8.16888,0.0,0.9919,0.127018
2.0001,1.76133,8.08476,0.0,0.9919,0.127018
0.000103078,1.76133,8.08476,0.0,0.956166,0.292826
2.0001,1.76133,8.08476,0.0,0.956166,0.292826
0.000103078,1.78616,8.00368,0.0,0.956166,0.292826
0.000103078,1.78616,8.00368,0.0,0.956166,0.292826
2.0001,1.76133,8.08476,0.0,0.956166,0.292826
2.0001,1.78616,8.00368,0.0,0.956166,0.292826
0.000103078,1.78616,8.00368,0.0,0.892928,0.4502
2.0001,1.78616,8.00368,0.0,0.892928,0.4502
0.000103078,1.82434,7.92795,0.0,0.892928,0.4502
0.000103078,1.82434,7.92795,0.0,0.892928,0.4502
2.0001,1.78616,8.00368,0.0,0.892928,0.4502
2.0001,1.82434,7.92795,0.0,0.892928,0.4502
0.000103078,1.82434,7.92795,0.0,0.803997,0.594633
2.0001,1.82434,7.92795,0.0,0.803997,0.594633
0.000103078,1.87477,7.85977,0.0,0.803997,0.594633
0.000103078,1.87477,7.85977,0.0,0.803997,0.594633
2.0001,1.82434,7.92795,0.0,0.803997,0.594633
2.0001,1.87477,7.85977,0.0,0.803997,0.594633
0.000103078,1.87477,7.85977,0.0,0.691937,0.721958
2.0001,1.87477,7.85977,0.0,0.691937,0.721958
0.000103078,1.93599,7.80109,0.0,0.691937,0.721958
0.000103078,1.93599,7.80109,0.0,0.691937,0.721958
2.0001,1.87477,7.85977,0.0,0.691937,0.721958
2.0001,1.93599,7.80109,0.0,0.691937,0.721958
0.000103078,1.93599,7.80109,0.0,0.559978,0.828508
2.0001,1.93599,7.80109,0.0,0.559978,0.828508
0.000103078,2.00626,7.7536,0.0,0.559978,0.828508
0.000103078,2.00626,7.7536,0.0,0.559978,0.828508
2.0001,1.93599,7.80109,0.0,0.559978,0.828508
2.0001,2.00626,7.7536,0.0,0.559978,0.828508
0.000103078,2.00626,7.7536,0.0,0.411896,0.911231
2.0001,2.00626,7.7536,0.0,0.411896,0.911231
0.000103078,2.08353,7.71866,0.0,0.411896,0.911231
0.000103078,2.08353,7.71866,0.0,0.411896,0.911231
2.0001,2.00626,7.7536,0.0,0.411896,0.911231
2.0001,2.08353,7.71866,0.0,0.411896,0.911231
0.000103078,2.08353,7.71866,0.0,0.251981,0.967732
2.0001,2.08353,7.71866,0.0,0.251981,0.967732
0.000103078,2.1656,7.6973,0.0,0.251981,0.967732
0.000103078,2.1656,7.6973,0.0,0.251981,0.967732
2.0001,2.08353,7.71866,0.0,0.251981,0.967732
2.0001,2.1656,7.6973,0.0,0.251981,0.967732
0.000103078,2.1656,7.6973,0.0,0.0848127,0.996397
2.0001,2.1656,7.6973,0.0,0.0848127,0.996397
0.000103078,2.2501,7.6901,0.0,0.0848127,0.996397
0.000103078,2.2501,7.6901,0.0,0.0848127,0.996397
2.0001,2.1656,7.6973,0.0,0.0848127,0.996397
2.0001,2.2501,7.6901,0.0,0.0848127,0.996397
0.000103078,2.2501,7.6901,0.0,-0.0848124,0.996397
2.0001,2.2501,7.6901,0.0,-0.0848124,0.996397
0.000103078,2.3346,7.6973,0.0,-0.0848124,0.996397
0.000103078,2.3346,7.6973,0.0,-0.0848124,0.996397
2.0001,2.2501,7.6901,0.0,-0.0848124,0.996397
2.0001,2.3346,7.6973,0.0,-0.0848124,0.996397
0.000103078,42.8346,7.6973,0.0,-0.251981,0.967732
2.0001,42.8346,7.6973,0.0,-0.251981,0.967732
0.000103078,42.9167,7.71866,0.0,-0.251981,0.967732
0.000103078,42.9167,7.71866,0.0,-0.251981,0.967732
2.0001,42.8346,7.6973,0.0,-0.251981,0.967732
2.0001,42.9167,7.71866,0.0,-0.251981,0.967732
0.000103078,42.9167,7.71866,0.0,-0.411911,0.911224
2.0001,42.9167,7.71866,0.0,-0.411911,0.911224
0.000103078,42.9939,7.7536,0.0,-0.411911,0.911224
0.000103078,42.9939,7.7536,0.0,-0.411911,0.911224
2.0001,42.9167,7.71866,0.0,-0.411911,0.911224
2.0001,42.9939,7.7536,0.0,-0.411911,0.911224
0.000103078,42.9939,7.7536,0.0,-0.559976,0.828509
2.0001,42.9939,7.7536,0.0,-0.559976,0.828509
0.000103078,43.0642,7.80109,0.0,-0.559976,0.828509
0.000103078,43.0642,7.80109,0.0,-0.559976,0.828509
2.0001,42.9939,7.7536,0.0,-0.559976,0.828509
2.0001,43.0642,7.80109,0.0,-0.559976,0.828509
0.000103078,43.0642,7.80109,0.0,-0.691938,0.721957
2.0001,43.0642,7.80109,0.0,-0.691938,0.721957
0.000103078,43.1254,7.85977,0.0,-0.691938,0.721957
0.000103078,43.1254,7.85977,0.0,-0.691938,0.721957
2.0001,43.0642,7.80109,0.0,-0.691938,0.721957
2.0001,43.1254,7.85977,0.0,-0.691938,0.721957
0.000103078,43.1254,7.85977,0.0,-0.803987,0.594647
2.0001,43.1254,7.85977,0.0,-0.803987,0.594647
0.000103078,43.1759,7.92795,0.0,-0.803987,0.594647
0.000103078,43.1759,7.92795,0.0,-0.803987,0.594647
2.0001,43.1254,7.85977,0.0,-0.803987,0.594647
2.0001,43.1759,7.92795,0.0,-0.803987,0.594647
0.000103078,43.1759,7.92795,0.0,-0.892921,0.450214
2.0001,43.1759,7.92795,0.0,-0.892921,0.450214
0.000103078,43.2141,8.00368,0.0,-0.892921,0.450214
0.000103078,43.2141,8.00368,0.0,-0.892921,0.450214
2.0001,43.1759,7.92795,0.0,-0.892921,0.450214
2.0001,43.2141,8.00368,0.0,-0.892921,0.450214
0.000103078,43.2141,8.00368,0.0,-0.956177,0.29279
2.0001,43.2141,8.00368,0.0,-0.956177,0.29279
0.000103078,43.2389,8.08476,0.0,-0.956177,0.29279
0.000103078,43.2389,8.08476,0.0,-0.956177,0.29279
2.0001,43.2141,8.00368,0.0,-0.956177,0.29279
2.0001,43.2389,8.08476,0.0,-0.956177,0.29279
0.000103078,43.2389,8.08476,0.0,-0.991893,0.127072
2.0001,43.2389,8.08476,0.0,-0.991893,0.127072
0.000103078,43.2497,8.16888,0.0,-0.991893,0.127072
0.000103078,43.2497,8.16888,0.0,-0.991893,0.127072
2.0001,43.2389,8.08476,0.0,-0.991893,0.127072
2.0001,43.2497,8.16888,0.0,-0.991893,0.127072
0.000103078,43.2497,8.16888,0.0,-0.999096,-0.0425076
2.0001,43.2497,8.16888,0.0,-0.999096,-0.0425076
0.000103078,43.2461,8.25361,0.0,-0.999096,-0.0425076
0.000103078,43.2461,8.25361,0.0,-0.999096,-0.0425076
2.0001,43.2497,8.16888,0.0,-0.999096,-0.0425076
2.0001,43.2461,8.25361,0.0,-0.999096,-0.0425076
0.000103078,43.2461,8.25361,0.0,-0.977562,-0.210649
2.0001,43.2461,8.25361,0.0,-0.977562,-0.210649
0.000103078,43.2282,8.33651,0.0,-0.977562,-0.210649
0.000103078,43.2282,8.33651,0.0,-0.977562,-0.210649
2.0001,43.2461,8.25361,0.0,-0.977562,-0.210649
2.0001,43.2282,8.33651,0.0,-0.977562,-0.210649
0.000103078,43.2282,8.33651,0.0,-0.927891,-0.372852
2.0001,43.2282,8.33651,0.0,-0.927891,-0.372852
0.000103078,43.1966,8.41521,0.0,-0.927891,-0.372852
0.000103078,43.1966,8.41521,0.0,-0.927891,-0.372852
2.0001,43.2282,8.33651,0.0,-0.927891,-0.372852
2.0001,43.1966,8.41521,0.0,-0.927891,-0.372852
0.000103078,43.1966,8.41521,0.0,-0.851512,-0.524336
2.0001,43.1966,8.41521,0.0,-0.851512,-0.524336
0.000103078,43.1521,8.48742,0.0,-0.851512,-0.524336
0.000103078,43.1521,8.48742,0.0,-0.851512,-0.524336
2.0001,43.1966,8.41521,0.0,-0.851512,-0.524336
2.0001,43.1521,8.48742,0.0,-0.851512,-0.524336
0.000103078,43.1521,8.48742,0.0,-0.750689,-0.660656
2.0001,43.1521,8.48742,0.0,-0.750689,-0.660656
0.000103078,43.0961,8.55108,0.0,-0.750689,-0.660656
0.000103078,43.0961,8.55108,0.0,-0.750689,-0.660656
2.0001,43.1521,8.48742,0.0,-0.750689,-0.660656
2.0001,43.0961,8.55108,0.0,-0.750689,-0.660656
0.000103078,43.0961,8.55108,0.0,-0.62821,-0.778043
2.0001,43.0961,8.55108,0.0,-0.62821,-0.778043
0.000103078,43.0301,8.60436,0.0,-0.62821,-0.778043
0.000103078,43.0301,8.60436,0.0,-0.62821,-0.778043
2.0001,43.0961,8.55108,0.0,-0.62821,-0.778043
2.0001,43.0301,8.60436,0.0,-0.62821,-0.778043
0.000103078,43.0301,8.60436,0.0,-0.487696,-0.873013
2.0001,43.0301,8.60436,0.0,-0.487696,-0.873013
0.000103078,42.9561,8.64572,0.0,-0.487696,-0.873013
0.000103078,42.9561,8.64572,0.0,-0.487696,-0.873013
2.0001,43.0301,8.60436,0.0,-0.487696,-0.873013
2.0001,42.9561,8.64572,0.0,-0.487696,-0.873013
0.000103078,42.9561,8.64572,0.0,-0.33315,-0.942874
2.0001,42.9561,8.64572,0.0,-0.33315,-0.942874
0.000103078,42.8761,8.67397,0.0,-0.33315,-0.942874
0.000103078,42.8761,8.67397,0.0,-0.33315,-0.942874
2.0001,42.9561,8.64572,0.0,-0.33315,-0.942874
2.0001,42.8761,8.67397,0.0,-0.33315,-0.942874
0.000103078,42.8761,8.67397,0.0,-0.169003,-0.985615
2.0001,42.8761,8.67397,0.0,-0.169003,-0.985615
0.000103078,42.7925,8.6883,0.0,-0.169003,-0.985615
0.000103078,42.7925,8.6883,0.0,-0.169003,-0.985615
2.0001,42.8761,8.67397,0.0,-0.169003,-0.985615
2.0001,42.7925,8.6883,0.0,-0.169003,-0.985615
0.000103078,42.7925,8.6883,0.0,0.0,-1.0
2.0001,42.7925,8.6883,0.0,0.0,-1.0
0.000103078,42.7077,8.6883,0.0,0.0,-1.0
0.000103078,42.7077,8.6883,0.0,0.0,-1.0
2.0001,42.7925,8.6883,0.0,0.0,-1.0
2.0001,42.7077,8.6883,0.0,0.0,-1.0
0.000103078,42.7077,8.6883,0.0,0.169011,-0.985614
2.0001,42.7077,8.6883,0.0,0.169011,-0.985614
0.000103078,42.6241,8.67397,0.0,0.169011,-0.985614
0.000103078,42.6241,8.67397,0.0,0.169011,-0.985614
2.0001,42.7077,8.6883,0.0,0.169011,-0.985614
2.0001,42.6241,8.67397,0.0,0.169011,-0.985614
0.000103078,42.6241,8.67397,0.0,0.333136,-0.942879
2.0001,42.6241,8.67397,0.0,0.333136,-0.942879
0.000103078,42.5442,8.64572,0.0,0.333136,-0.942879
0.000103078,42.5442,8.64572,0.0,0.333136,-0.942879
2.0001,42.6241,8.67397,0.0,0.333136,-0.942879
2.0001,42.5442,8.64572,0.0,0.333136,-0.942879
0.000103078,42.5442,8.64572,0.0,0.487696,-0.873013
2.0001,42.5442,8.64572,0.0,0.487696,-0.873013
0.000103078,42.4701,8.60436,0.0,0.487696,-0.873013
0.000103078,42.4701,8.60436,0.0,0.487696,-0.873013
2.0001,42.5442,8.64572,0.0,0.487696,-0.873013
2.0001,42.4701,8.60436,0.0,0.487696,-0.873013
0.000103078,42.4701,8.60436,0.0,0.62821,-0.778043
2.0001,42.4701,8.60436,0.0,0.62821,-0.778043
0.000103078,42.4041,8.55108,0.0,0.62821,-0.778043
0.000103078,42.4041,8.55108,0.0,0.62821,-0.778043
2.0001,42.4701,8.60436,0.0,0.62821,-0.778043
2.0001,42.4041,8.55108,0.0,0.62821,-0.778043
0.000103078,42.4041,8.55108,0.0,0.750689,-0.660656
2.0001,42.4041,8.55108,0.0,0.750689,-0.660656
0.000103078,42.3481,8.48742,0.0,0.750689,-0.660656
0.000103078,42.3481,8.48742,0.0,0.750689,-0.660656
2.0001,42.4041,8.55108,0.0,0.750689,-0.660656
2.0001,42.3481,8.48742,0.0,0.750689,-0.660656
0.000103078,42.3481,8.48742,0.0,0.851532,-0.524303
2.0001,42.3481,8.48742,0.0,0.851532,-0.524303
0.000103078,42.3036,8.41521,0.0,0.851532,-0.524303
0.000103078,42.3036,8.41521,0.0,0.851532,-0.524303
2.0001,42.3481,8.48742,0.0,0.851532,-0.524303
2.0001,42.3036,8.41521,0.0,0.851532,-0.524303
0.000103078,42.3036,8.41521,0.0,0.927875,-0.372891
2.0001,42.3036,8.41521,0.0,0.927875,-0.372891
0.000103078,42.272,8.33651,0.0,0.927875,-0.372891
0.000103078,42.272,8.33651,0.0,0.927875,-0.372891
2.0001,42.3036,8.41521,0.0,0.927875,-0.372891
2.0001,42.272,8.33651,0.0,0.927875,-0.372891
0.000103078,42.272,8.33651,0.0,0.977562,-0.210649
2.0001,42.272,8.33651,0.0,0.977562,-0.210649
0.000103078,42.2542,8.25361,0.0,0.977562,-0.210649
0.000103078,42.2542,8.25361,0.0,0.977562,-0.210649
2.0001,42.272,8.33651,0.0,0.977562,-0.210649
2.0001,42.2542,8.25361,0.0,0.977562,-0.210649
0.000103078,42.2542,8.25361,0.0,0.999098,-0.0424627
2.0001,42.2542,8.25361,0.0,0.999098,-0.0424627
0.000103078,42.2506,8.16888,0.0,0.999098,-0.0424627
0.000103078,42.2506,8.16888,0.0,0.999098,-0.0424627
2.0001,42.2542,8.25361,0.0,0.999098,-0.0424627
2.0001,42.2506,8.16888,0.0,0.999098,-0.0424627
0.000103078,42.2506,8.16888,0.0,0.991893,0.127072
2.0001,42.2506,8.16888,0.0,0.991893,0.127072
0.000103078,42.2613,8.08476,0.0,0.991893,0.127072
0.000103078,42.2613,8.08476,0.0,0.991893,0.127072
2.0001,42.2506,8.16888,0.0,0.991893,0.127072
2.0001,42.2613,8.08476,0.0,0.991893,0.127072
0.000103078,42.2613,8.08476,0.0,0.956177,0.29279
2.0001,42.2613,8.08476,0.0,0.956177,0.29279
0.000103078,42.2862,8.00368,0.0,0.956177,0.29279
0.000103078,42.2862,8.00368,0.0,0.956177,0.29279
2.0001,42.2613,8.08476,0.0,0.956177,0.29279
2.0001,42.2862,8.00368,0.0,0.956177,0.29279
0.000103078,42.2862,8.00368,0.0,0.892939,0.450178
2.0001,42.2862,8.00368,0.0,0.892939,0.450178
0.000103078,42.3243,7.92795,0.0,0.892939,0.450178
0.000103078,42.3243,7.92795,0.0,0.892939,0.450178
2.0001,42.2862,8.00368,0.0,0.892939,0.450178
2.0001,42.3243,7.92795,0.0,0.892939,0.450178
0.000103078,42.3243,7.92795,0.0,0.803987,0.594647
2.0001,42.3243,7.92795,0.0,0.803987,0.594647
0.000103078,42.3748,7.85977,0.0,0.803987,0.594647
0.000103078,42.3748,7.85977,0.0,0.803987,0.594647
2.0001,42.3243,7.92795,0.0,0.803987,0.594647
2.0001,42.3748,7.85977,0.0,0.803987,0.594647
0.000103078,42.3748,7.85977,0.0,0.691938,0.721957
2.0001,42.3748,7.85977,0.0,0.691938,0.721957
0.000103078,42.436,7.80109,0.0,0.691938,0.721957
0.000103078,42.436,7.80109,0.0,0.691938,0.721957
2.0001,42.3748,7.85977,0.0,0.691938,0.721957
2.0001,42.436,7.80109,0.0,0.691938,0.721957
0.000103078,42.436,7.80109,0.0,0.559976,0.828509
2.0001,42.436,7.80109,0.0,0.559976,0.828509
0.000103078,42.5063,7.7536,0.0,0.559976,0.828509
0.000103078,42.5063,7.7536,0.0,0.559976,0.828509
2.0001,42.436,7.80109,0.0,0.559976,0.828509
2.0001,42.5063,7.7536,0.0,0.559976,0.828509
0.000103078,42.5063,7.7536,0.0,0.411894,0.911232
2.0001,42.5063,7.7536,0.0,0.411894,0.911232
0.000103078,42.5835,7.71866,0.0,0.411894,0.911232
0.000103078,42.5835,7.71866,0.0,0.411894,0.911232
2.0001,42.5063,7.7536,0.0,0.411894,0.911232
2.0001,42.5835,7.71866,0.0,0.411894,0.911232
0.000103078,42.5835,7.71866,0.0,0.251981,0.967732
2.0001,42.5835,7.71866,0.0,0.251981,0.967732
0.000103078,42.6656,7.6973,0.0,0.251981,0.967732
0.000103078,42.6656,7.6973,0.0,0.251981,0.967732
2.0001,42.5835,7.71866,0.0,0.251981,0.967732
2.0001,42.6656,7.6973,0.0,0.251981,0.967732
0.000103078,42.6656,7.6973,0.0,0.0848098,0.996397
2.0001,42.6656,7.6973,0.0,0.0848098,0.996397
0.000103078,42.7501,7.6901,0.0,0.0848098,0.996397
0.000103078,42.7501,7.6901,0.0,0.0848098,0.996397
2.0001,42.6656,7.6973,0.0,0.0848098,0.996397
2.0001,42.7501,7.6901,0.0,0.0848098,0.996397
0.000103078,42.7501,7.6901,0.0,-0.0848136,0.996397
2.0001,42.7501,7.6901,0.0,-0.0848136,0.996397
0.000103078,42.8346,7.6973,0.0,-0.0848136,0.996397
0.000103078,42.8346,7.6973,0.0,-0.0848136,0.996397
2.0001,42.7501,7.6901,0.0,-0.0848136,0.996397
2.0001,42.8346,7.6973,0.0,-0.0848136,0.996397
2.0001,9.0001,16.0001,0.0,-1.0,0.0
2.0001,9.0001,17.5001,0.0,-1.0,0.0
0.000103078,9.0001,16.0001,0.0,-1.0,0.0
0.000103078,9.0001,16.0001,0.0,-1.0,0.0
2.0001,9.0001,17.5001,0.0,-1.0,0.0
0.000103078,9.0001,17.5001,0.0,-1.0,0.0
0.000103078,8.3841,0.651103,0.0,-1.0,0.0
0.000103078,8.3841,0.000102445,0.0,-1.0,0.0
2.0001,8.3841,0.651103,0.0,-1.0,0.0
2.0001,8.3841,0.651103,0.0,-1.0,0.0
0.000103078,8.3841,0.000102445,0.0,-1.0,0.0
2.0001,8.3841,0.000102445,0.0,-1.0,0.0
0.000103078,12.0001,0.000102445,0.0,1.0,0.0
0.000103078,12.0001,1.0001,0.0,1.0,0.0
2.0001,12.0001,0.000102445,0.0,1.0,0.0
2.0001,12.0001,0.000102445,0.0,1.0,0.0
0.000103078,12.0001,1.0001,0.0,1.0,0.0
2.0001,12.0001,1.0001,0.0,1.0,0.0
0.000103078,16.0001,1.0001,0.0,-1.0,0.0
0.000103078,16.0001,0.000102445,0.0,-1.0,0.0
2.0001,16.0001,1.0001,0.0,-1.0,0.0
2.0001,16.0001,1.0001,0.0,-1.0,0.0
0.000103078,16.0001,0.000102445,0.0,-1.0,0.0
2.0001,16.0001,0.000102445,0.0,-1.0,0.0
0.000103078,21.0001,0.000102445,0.0,1.0,0.0
0.000103078,21.0001,1.0001,0.0,1.0,0.0
2.0001,21.0001,0.000102445,0.0,1.0,0.0
2.0001,21.0001,0.000102445,0.0,1.0,0.0
0.000103078,21.0001,1.0001,0.0,1.0,0.0
2.0001,21.0001,1.0001,0.0,1.0,0.0
0.000103078,25.0001,1.0001,0.0,-1.0,0.0
0.000103078,25.0001,0.000102445,0.0,-1.0,0.0
2.0001,25.0001,1.0001,0.0,-1.0,0.0
2.0001,25.0001,1.0001,0.0,-1.0,0.0
0.000103078,25.0001,0.000102445,0.0,-1.0,0.0
2.0001,25.0001,0.000102445,0.0,-1.0,0.0
2.0001,30.0001,3.0001,0.0,0.996917,-0.0784606
0.000103078,30.0001,3.0001,0.0,0.996917,-0.0784606
2.0001,30.0124,3.15654,0.0,0.996917,-0.0784606
2.0001,30.0124,3.15654,0.0,0.996917,-0.0784606
0.000103078,30.0001,3.0001,0.0,0.996917,-0.0784606
0.000103078,30.0124,3.15654,0.0,0.996917,-0.0784606
2.0001,30.0124,3.15654,0.0,0.972369,-0.23345
0.000103078,30.0124,3.15654,0.0,0.972369,-0.23345
2.0001,30.049,3.30912,0.0,0.972369,-0.23345
2.0001,30.049,3.30912,0.0,0.972369,-0.23345
0.000103078,30.0124,3.15654,0.0,0.972369,-0.23345
0.000103078,30.049,3.30912,0.0,0.972369,-0.23345
2.0001,30.049,3.30912,0.0,0.923877,-0.382689
0.000103078,30.049,3.30912,0.0,0.923877,-0.382689
2.0001,30.1091,3.45409,0.0,0.923877,-0.382689
2.0001,30.1091,3.45409,0.0,0.923877,-0.382689
0.000103078,30.049,3.30912,0.0,0.923877,-0.382689
0.000103078,30.1091,3.45409,0.0,0.923877,-0.382689
2.0001,30.1091,3.45409,0.0,0.85264,-0.522498
0.000103078,30.1091,3.45409,0.0,0.85264,-0.522498
2.0001,30.1911,3.58789,0.0,0.85264,-0.522498
2.0001,30.1911,3.58789,0.0,0.85264,-0.522498
0.000103078,30.1091,3.45409,0.0,0.85264,-0.522498
0.000103078,30.1911,3.58789,0.0,0.85264,-0.522498
2.0001,30.1911,3.58789,0.0,0.760407,-0.649447
0.000103078,30.1911,3.58789,0.0,0.760407,-0.649447
2.0001,30.293,3.70721,0.0,0.760407,-0.649447
2.0001,30.293,3.70721,0.0,0.760407,-0.649447
0.000103078,30.1911,3.58789,0.0,0.760407,-0.649447
0.000103078,30.293,3.70721,0.0,0.760407,-0.649447
2.0001,30.293,3.70721,0.0,0.649455,-0.7604
0.000103078,30.293,3.70721,0.0,0.649455,-0.7604
2.0001,30.4123,3.80912,0.0,0.649455,-0.7604
2.0001,30.4123,3.80912,0.0,0.649455,-0.7604
0.000103078,30.293,3.70721,0.0,0.649455,-0.7604
0.000103078,30.4123,3.80912,0.0,0.649455,-0.7604
2.0001,30.4123,3.80912,0.0,0.522491,-0.852645
0.000103078,30.4123,3.80912,0.0,0.522491,-0.852645
2.0001,30.5461,3.89111,0.0,0.522491,-0.852645
2.0001,30.5461,3.89111,0.0,0.522491,-0.852645
0.000103078,30.4123,3.80912,0.0,0.522491,-0.852645
0.000103078,30.5461,3.89111,0.0,0.522491,-0.852645
2.0001,30.5461,3.89111,0.0,0.382682,-0.92388
0.000103078,30.5461,3.89111,0.0,0.382682,-0.92388
2.0001,30.6911,3.95116,0.0,0.382682,-0.92388
2.0001,30.6911,3.95116,0.0,0.382682,-0.92388
0.000103078,30.5461,3.89111,0.0,0.382682,-0.92388
0.000103078,30.6911,3.95116,0.0,0.382682,-0.92388
2.0001,30.6911,3.95116,0.0,0.233452,-0.972368
0.000103078,30.6911,3.95116,0.0,0.233452,-0.972368
2.0001,30.8437,3.98779,0.0,0.233452,-0.972368
2.0001,30.8437,3.98779,0.0,0.233452,-0.972368
0.000103078,30.6911,3.95116,0.0,0.233452,-0.972368
0.000103078,30.8437,3.98779,0.0,0.233452,-0.972368
2.0001,30.8437,3.98779,0.0,0.0784555,-0.996918
0.000103078,30.8437,3.98779,0.0,0.0784555,-0.996918
2.0001,31.0001,4.0001,0.0,0.0784555,-0.996918
2.0001,31.0001,4.0001,0.0,0.0784555,-0.996918
0.000103078,30.8437,3.98779,0.0,0.0784555,-0.996918
0.000103078,31.0001,4.0001,0.0,0.0784555,-0.996918
0.000103078,41.0001,16.0001,0.0,1.0,0.0
0.000103078,41.0001,17.5001,0.0,1.0,0.0
2.0001,41.0001,16.0001,0.0,1.0,0.0
2.0001,41.0001,16.0001,0.0,1.0,0.0
0.000103078,41.0001,17.5001,0.0,1.0,0.0
2.0001,41.0001,17.5001,0.0,1.0,0.0
0.000103078,19.0001,16.0001,0.0,1.0,0.0
0.000103078,19.0001,17.5001,0.0,1.0,0.0
2.0001,19.0001,16.0001,0.0,1.0,0.0
2.0001,19.0001,16.0001,0.0,1.0,0.0
0.000103078,19.0001,17.5001,0.0,1.0,0.0
2.0001,19.0001,17.5001,0.0,1.0,0.0
2.0001,31.0001,16.0001,0.0,-1.0,0.0
2.0001,31.0001,17.5001,0.0,-1.0,0.0
0.000103078,31.0001,16.0001,0.0,-1.0,0.0
0.000103078,31.0001,16.0001,0.0,-1.0,0.0
2.0001,31.0001,17.5001,0.0,-1.0,0.0
0.000103078,31.0001,17.5001,0.0,-1.0,0.0
0.000103078,31.0001,16.0001,-1.0,0.0,0.0
0.000103078,31.0001,17.5001,-1.0,0.0,0.0
0.000103078,41.0001,17.5001,-1.0,0.0,0.0
0.000103078,9.0001,17.5001,-1.0,0.0,0.0
0.000103078,19.0001,17.5001,-1.0,0.0,0.0
0.000103078,9.0001,16.0001,-1.0,0.0,0.0
0.000103078,9.0001,16.0001,-1.0,0.0,0.0
0.000103078,19.0001,17.5001,-1.0,0.0,0.0
0.000103078,19.0001,16.0001,-1.0,0.0,0.0
0.000103078,21.0001,0.000102445,-1.0,0.0,0.0
0.000103078,16.0001,0.000102445,-1.0,0.0,0.0
0.000103078,21.0001,1.0001,-1.0,0.0,0.0
0.000103078,21.0001,1.0001,-1.0,0.0,0.0
0.000103078,16.0001,0.000102445,-1.0,0.0,0.0
0.000103078,16.0001,1.0001,-1.0,0.0,0.0
0.000103078,25.0001,1.0001,-1.0,0.0,0.0
0.000103078,41.0001,17.5001,-1.0,0.0,0.0
0.000103078,41.0001,16.0001,-1.0,0.0,0.0
0.000103078,2.29251,8.6883,-1.0,0.0,0.0
0.000103078,0.000103078,16.0001,-1.0,0.0,0.0
0.000103078,2.37609,8.67397,-1.0,0.0,0.0
0.000103078,2.37609,8.67397,-1.0,0.0,0.0
0.000103078,0.000103078,16.0001,-1.0,0.0,0.0
0.000103078,9.0001,16.0001,-1.0,0.0,0.0
0.000103078,2.37609,8.67397,-1.0,0.0,0.0
0.000103078,9.0001,16.0001,-1.0,0.0,0.0
0.000103078,2.45605,8.64572,-1.0,0.0,0.0
0.000103078,2.45605,8.64572,-1.0,0.0,0.0
0.000103078,9.0001,16.0001,-1.0,0.0,0.0
0.000103078,2.53009,8.60436,-1.0,0.0,0.0
0.000103078,12.0001,0.000102445,-1.0,0.0,0.0
0.000103078,8.3841,0.000102445,-1.0,0.0,0.0
0.000103078,12.0001,1.0001,-1.0,0.0,0.0
0.000103078,12.0001,1.0001,-1.0,0.0,0.0
0.000103078,8.3841,0.000102445,-1.0,0.0,0.0
0.000103078,8.3841,0.651103,-1.0,0.0,0.0
0.000103078,2.72819,8.33651,-1.0,0.0,0.0
0.000103078,2.69657,8.41521,-1.0,0.0,0.0
0.000103078,12.0001,1.0001,-1.0,0.0,0.0
0.000103078,12.0001,1.0001,-1.0,0.0,0.0
0.000103078,2.69657,8.41521,-1.0,0.0,0.0
0.000103078,2.6521,8.48742,-1.0,0.0,0.0
0.000103078,42.4701,8.60436,-1.0,0.0,0.0
0.000103078,42.4041,8.55108,-1.0,0.0,0.0
0.000103078,41.0001,16.0001,-1.0,0.0,0.0
0.000103078,31.0001,4.0001,-1.0,0.0,0.0
0.000103078,42.2862,8.00368,-1.0,0.0,0.0
0.000103078,42.3243,7.92795,-1.0,0.0,0.0
0.000103078,28.7172,7.90972,-1.0,0.0,0.0
0.000103078,28.6698,8.02776,-1.0,0.0,0.0
0.000103078,41.0001,17.5001,-1.0,0.0,0.0
0.000103078,2.56421,7.80109,-1.0,0.0,0.0
0.000103078,2.62544,7.85977,-1.0,0.0,0.0
0.000103078,3.3451,5.6901,-1.0,0.0,0.0
0.000103078,3.3451,5.6901,-1.0,0.0,0.0
0.000103078,2.62544,7.85977,-1.0,0.0,0.0
0.000103078,2.67587,7.92795,-1.0,0.0,0.0
0.000103078,3.3451,5.6901,-1.0,0.0,0.0
0.000103078,2.67587,7.92795,-1.0,0.0,0.0
0.000103078,2.71405,8.00368,-1.0,0.0,0.0
0.000103078,2.71405,8.00368,-1.0,0.0,0.0
0.000103078,2.73888,8.08476,-1.0,0.0,0.0
0.000103078,3.3451,5.6901,-1.0,0.0,0.0
0.000103078,3.3451,5.6901,-1.0,0.0,0.0
0.000103078,2.73888,8.08476,-1.0,0.0,0.0
0.000103078,2.74965,8.16888,-1.0,0.0,0.0
0.000103078,3.3451,5.6901,-1.0,0.0,0.0
0.000103078,2.74965,8.16888,-1.0,0.0,0.0
0.000103078,2.74605,8.25361,-1.0,0.0,0.0
0.000103078,42.3243,7.92795,-1.0,0.0,0.0
0.000103078,42.3748,7.85977,-1.0,0.0,0.0
0.000103078,31.0001,4.0001,-1.0,0.0,0.0
0.000103078,31.0001,4.0001,-1.0,0.0,0.0
0.000103078,42.3748,7.85977,-1.0,0.0,0.0
0.000103078,42.436,7.80109,-1.0,0.0,0.0
0.000103078,31.0001,4.0001,-1.0,0.0,0.0
0.000103078,42.436,7.80109,-1.0,0.0,0.0
0.000103078,42.5063,7.7536,-1.0,0.0,0.0
0.000103078,41.0001,17.5001,-1.0,0.0,0.0
0.000103078,28.0637,8.4374,-1.0,0.0,0.0
0.000103078,31.0001,16.0001,-1.0,0.0,0.0
0.000103078,31.0001,16.0001,-1.0,0.0,0.0
0.000103078,28.0637,8.4374,-1.0,0.0,0.0
0.000103078,27.9365,8.4374,-1.0,0.0,0.0
0.000103078,31.0001,16.0001,-1.0,0.0,0.0
0.000103078,27.9365,8.4374,-1.0,0.0,0.0
0.000103078,19.0001,16.0001,-1.0,0.0,0.0
0.000103078,27.9365,8.4374,-1.0,0.0,0.0
0.000103078,27.8111,8.4159,-1.0,0.0,0.0
0.000103078,19.0001,16.0001,-1.0,0.0,0.0
0.000103078,19.0001,16.0001,-1.0,0.0,0.0
0.000103078,27.8111,8.4159,-1.0,0.0,0.0
0.000103078,27.6912,8.37352,-1.0,0.0,0.0
0.000103078,19.0001,16.0001,-1.0,0.0,0.0
0.000103078,27.6912,8.37352,-1.0,0.0,0.0
0.000103078,27.5801,8.31149,-1.0,0.0,0.0
0.000103078,27.3304,8.02776,-1.0,0.0,0.0
0.000103078,9.0001,16.0001,-1.0,0.0,0.0
0.000103078,27.3971,8.13608,-1.0,0.0,0.0
0.000103078,27.3971,8.13608,-1.0,0.0,0.0
0.000103078,9.0001,16.0001,-1.0,0.0,0.0
0.000103078,19.0001,16.0001,-1.0,0.0,0.0
0.000103078,27.3971,8.13608,-1.0,0.0,0.0
0.000103078,19.0001,16.0001,-1.0,0.0,0.0
0.000103078,27.4811,8.23157,-1.0,0.0,0.0
0.000103078,27.4811,8.23157,-1.0,0.0,0.0
0.000103078,19.0001,16.0001,-1.0,0.0,0.0
0.000103078,27.5801,8.31149,-1.0,0.0,0.0
0.000103078,27.3304,8.02776,-1.0,0.0,0.0
0.000103078,27.283,7.90972,-1.0,0.0,0.0
0.000103078,9.0001,16.0001,-1.0,0.0,0.0
0.000103078,9.0001,16.0001,-1.0,0.0,0.0
0.000103078,27.283,7.90972,-1.0,0.0,0.0
0.000103078,27.2562,7.78537,-1.0,0.0,0.0
0.000103078,9.0001,16.0001,-1.0,0.0,0.0
0.000103078,27.2562,7.78537,-1.0,0.0,0.0
0.000103078,27.2508,7.65827,-1.0,0.0,0.0
0.000103078,28.696,7.41046,-1.0,0.0,0.0
0.000103078,28.7333,7.53209,-1.0,0.0,0.0
0.000103078,41.0001,17.5001,-1.0,0.0,0.0
0.000103078,1.82434,7.92795,-1.0,0.0,0.0
0.000103078,1.87477,7.85977,-1.0,0.0,0.0
0.000103078,0.000103078,5.6901,-1.0,0.0,0.0
0.000103078,0.000103078,5.6901,-1.0,0.0,0.0
0.000103078,1.87477,7.85977,-1.0,0.0,0.0
0.000103078,1.93599,7.80109,-1.0,0.0,0.0
0.000103078,0.000103078,5.6901,-1.0,0.0,0.0
0.000103078,1.93599,7.80109,-1.0,0.0,0.0
0.000103078,2.00626,7.7536,-1.0,0.0,0.0
0.000103078,2.3346,7.6973,-1.0,0.0,0.0
0.000103078,2.41667,7.71866,-1.0,0.0,0.0
0.000103078,3.3451,5.6901,-1.0,0.0,0.0
0.000103078,3.3451,5.6901,-1.0,0.0,0.0
0.000103078,2.41667,7.71866,-1.0,0.0,0.0
0.000103078,2.49395,7.7536,-1.0,0.0,0.0
0.000103078,3.3451,5.6901,-1.0,0.0,0.0
0.000103078,2.49395,7.7536,-1.0,0.0,0.0
0.000103078,2.56421,7.80109,-1.0,0.0,0.0
0.000103078,41.0001,16.0001,-1.0,0.0,0.0
0.000103078,42.7925,8.6883,-1.0,0.0,0.0
0.000103078,42.7077,8.6883,-1.0,0.0,0.0
0.000103078,50.0001,4.0001,-1.0,0.0,0.0
0.000103078,42.8346,7.6973,-1.0,0.0,0.0
0.000103078,42.9167,7.71866,-1.0,0.0,0.0
0.000103078,2.6521,8.48742,-1.0,0.0,0.0
0.000103078,2.59607,8.55108,-1.0,0.0,0.0
0.000103078,12.0001,1.0001,-1.0,0.0,0.0
0.000103078,12.0001,1.0001,-1.0,0.0,0.0
0.000103078,2.59607,8.55108,-1.0,0.0,0.0
0.000103078,2.53009,8.60436,-1.0,0.0,0.0
0.000103078,12.0001,1.0001,-1.0,0.0,0.0
0.000103078,2.53009,8.60436,-1.0,0.0,0.0
0.000103078,16.0001,1.0001,-1.0,0.0,0.0
0.000103078,16.0001,1.0001,-1.0,0.0,0.0
0.000103078,2.53009,8.60436,-1.0,0.0,0.0
0.000103078,9.0001,16.0001,-1.0,0.0,0.0
0.000103078,16.0001,1.0001,-1.0,0.0,0.0
0.000103078,9.0001,16.0001,-1.0,0.0,0.0
0.000103078,21.0001,1.0001,-1.0,0.0,0.0
0.000103078,21.0001,1.0001,-1.0,0.0,0.0
0.000103078,9.0001,16.0001,-1.0,0.0,0.0
0.000103078,27.2508,7.65827,-1.0,0.0,0.0
0.000103078,27.2508,7.65827,-1.0,0.0,0.0
0.000103078,27.2669,7.53209,-1.0,0.0,0.0
0.000103078,21.0001,1.0001,-1.0,0.0,0.0
0.000103078,21.0001,1.0001,-1.0,0.0,0.0
0.000103078,27.2669,7.53209,-1.0,0.0,0.0
0.000103078,27.3042,7.41046,-1.0,0.0,0.0
0.000103078,21.0001,1.0001,-1.0,0.0,0.0
0.000103078,27.3042,7.41046,-1.0,0.0,0.0
0.000103078,27.3615,7.29687,-1.0,0.0,0.0
0.000103078,27.7502,6.98294,-1.0,0.0,0.0
0.000103078,27.8734,6.95089,-1.0,0.0,0.0
0.000103078,25.0001,1.0001,-1.0,0.0,0.0
0.000103078,25.0001,1.0001,-1.0,0.0,0.0
0.000103078,27.8734,6.95089,-1.0,0.0,0.0
0.000103078,28.0001,6.9401,-1.0,0.0,0.0
0.000103078,28.7333,7.53209,-1.0,0.0,0.0
0.000103078,28.7494,7.65827,-1.0,0.0,0.0
0.000103078,41.0001,17.5001,-1.0,0.0,0.0
0.000103078,41.0001,17.5001,-1.0,0.0,0.0
0.000103078,28.7494,7.65827,-1.0,0.0,0.0
0.000103078,28.744,7.78537,-1.0,0.0,0.0
0.000103078,41.0001,17.5001,-1.0,0.0,0.0
0.000103078,28.744,7.78537,-1.0,0.0,0.0
0.000103078,28.7172,7.90972,-1.0,0.0,0.0
0.000103078,28.4201,8.31149,-1.0,0.0,0.0
0.000103078,28.309,8.37352,-1.0,0.0,0.0
0.000103078,41.0001,17.5001,-1.0,0.0,0.0
0.000103078,41.0001,17.5001,-1.0,0.0,0.0
0.000103078,28.309,8.37352,-1.0,0.0,0.0
0.000103078,28.1891,8.4159,-1.0,0.0,0.0
0.000103078,41.0001,17.5001,-1.0,0.0,0.0
0.000103078,28.1891,8.4159,-1.0,0.0,0.0
0.000103078,28.0637,8.4374,-1.0,0.0,0.0
0.000103078,8.3841,0.651103,-1.0,0.0,0.0
0.000103078,7.59583,0.713142,-1.0,0.0,0.0
0.000103078,12.0001,1.0001,-1.0,0.0,0.0
0.000103078,12.0001,1.0001,-1.0,0.0,0.0
0.000103078,7.59583,0.713142,-1.0,0.0,0.0
0.000103078,3.3451,5.6901,-1.0,0.0,0.0
0.000103078,12.0001,1.0001,-1.0,0.0,0.0
0.000103078,3.3451,5.6901,-1.0,0.0,0.0
0.000103078,2.72819,8.33651,-1.0,0.0,0.0
0.000103078,2.72819,8.33651,-1.0,0.0,0.0
0.000103078,3.3451,5.6901,-1.0,0.0,0.0
0.000103078,2.74605,8.25361,-1.0,0.0,0.0
0.000103078,2.00626,7.7536,-1.0,0.0,0.0
0.000103078,2.08353,7.71866,-1.0,0.0,0.0
0.000103078,0.000103078,5.6901,-1.0,0.0,0.0
0.000103078,0.000103078,5.6901,-1.0,0.0,0.0
0.000103078,2.08353,7.71866,-1.0,0.0,0.0
0.000103078,2.1656,7.6973,-1.0,0.0,0.0
0.000103078,0.000103078,5.6901,-1.0,0.0,0.0
0.000103078,2.1656,7.6973,-1.0,0.0,0.0
0.000103078,3.3451,5.6901,-1.0,0.0,0.0
0.000103078,3.3451,5.6901,-1.0,0.0,0.0
0.000103078,2.1656,7.6973,-1.0,0.0,0.0
0.000103078,2.2501,7.6901,-1.0,0.0,0.0
0.000103078,3.3451,5.6901,-1.0,0.0,0.0
0.000103078,2.2501,7.6901,-1.0,0.0,0.0
0.000103078,2.3346,7.6973,-1.0,0.0,0.0
0.000103078,42.7077,8.6883,-1.0,0.0,0.0
0.000103078,42.6241,8.67397,-1.0,0.0,0.0
0.000103078,41.0001,16.0001,-1.0,0.0,0.0
0.000103078,41.0001,16.0001,-1.0,0.0,0.0
0.000103078,42.6241,8.67397,-1.0,0.0,0.0
0.000103078,42.5442,8.64572,-1.0,0.0,0.0
0.000103078,41.0001,16.0001,-1.0,0.0,0.0
0.000103078,42.5442,8.64572,-1.0,0.0,0.0
0.000103078,42.4701,8.60436,-1.0,0.0,0.0
0.000103078,42.2542,8.25361,-1.0,0.0,0.0
0.000103078,42.2506,8.16888,-1.0,0.0,0.0
0.000103078,30.6911,3.95116,-1.0,0.0,0.0
0.000103078,30.6911,3.95116,-1.0,0.0,0.0
0.000103078,42.2506,8.16888,-1.0,0.0,0.0
0.000103078,42.2613,8.08476,-1.0,0.0,0.0
0.000103078,42.5063,7.7536,-1.0,0.0,0.0
0.000103078,42.5835,7.71866,-1.0,0.0,0.0
0.000103078,31.0001,4.0001,-1.0,0.0,0.0
0.000103078,31.0001,4.0001,-1.0,0.0,0.0
0.000103078,42.5835,7.71866,-1.0,0.0,0.0
0.000103078,42.6656,7.6973,-1.0,0.0,0.0
0.000103078,31.0001,4.0001,-1.0,0.0,0.0
0.000103078,42.6656,7.6973,-1.0,0.0,0.0
0.000103078,50.0001,4.0001,-1.0,0.0,0.0
0.000103078,50.0001,4.0001,-1.0,0.0,0.0
0.000103078,42.6656,7.6973,-1.0,0.0,0.0
0.000103078,42.7501,7.6901,-1.0,0.0,0.0
0.000103078,50.0001,4.0001,-1.0,0.0,0.0
0.000103078,42.7501,7.6901,-1.0,0.0,0.0
0.000103078,42.8346,7.6973,-1.0,0.0,0.0
0.000103078,42.9167,7.71866,-1.0,0.0,0.0
0.000103078,42.9939,7.7536,-1.0,0.0,0.0
0.000103078,50.0001,4.0001,-1.0,0.0,0.0
0.000103078,50.0001,4.0001,-1.0,0.0,0.0
0.000103078,42.9939,7.7536,-1.0,0.0,0.0
0.000103078,43.0642,7.80109,-1.0,0.0,0.0
0.000103078,50.0001,4.0001,-1.0,0.0,0.0
0.000103078,43.0642,7.80109,-1.0,0.0,0.0
0.000103078,43.1254,7.85977,-1.0,0.0,0.0
0.000103078,43.1254,7.85977,-1.0,0.0,0.0
0.000103078,43.1759,7.92795,-1.0,0.0,0.0
0.000103078,50.0001,4.0001,-1.0,0.0,0.0
0.000103078,50.0001,4.0001,-1.0,0.0,0.0
0.000103078,43.1759,7.92795,-1.0,0.0,0.0
0.000103078,43.2141,8.00368,-1.0,0.0,0.0
0.000103078,50.0001,4.0001,-1.0,0.0,0.0
0.000103078,43.2141,8.00368,-1.0,0.0,0.0
0.000103078,43.2389,8.08476,-1.0,0.0,0.0
0.000103078,27.3615,7.29687,-1.0,0.0,0.0
0.000103078,27.4371,7.1946,-1.0,0.0,0.0
0.000103078,21.0001,1.0001,-1.0,0.0,0.0
0.000103078,21.0001,1.0001,-1.0,0.0,0.0
0.000103078,27.4371,7.1946,-1.0,0.0,0.0
0.000103078,27.5289,7.10658,-1.0,0.0,0.0
0.000103078,21.0001,1.0001,-1.0,0.0,0.0
0.000103078,27.5289,7.10658,-1.0,0.0,0.0
0.000103078,25.0001,1.0001,-1.0,0.0,0.0
0.000103078,25.0001,1.0001,-1.0,0.0,0.0
0.000103078,27.5289,7.10658,-1.0,0.0,0.0
0.000103078,27.6343,7.03534,-1.0,0.0,0.0
0.000103078,25.0001,1.0001,-1.0,0.0,0.0
0.000103078,27.6343,7.03534,-1.0,0.0,0.0
0.000103078,27.7502,6.98294,-1.0,0.0,0.0
0.000103078,28.6698,8.02776,-1.0,0.0,0.0
0.000103078,28.6031,8.13608,-1.0,0.0,0.0
0.000103078,41.0001,17.5001,-1.0,0.0,0.0
0.000103078,41.0001,17.5001,-1.0,0.0,0.0
0.000103078,28.6031,8.13608,-1.0,0.0,0.0
0.000103078,28.5191,8.23157,-1.0,0.0,0.0
0.000103078,41.0001,17.5001,-1.0,0.0,0.0
0.000103078,28.5191,8.23157,-1.0,0.0,0.0
0.000103078,28.4201,8.31149,-1.0,0.0,0.0
0.000103078,7.59583,0.713142,-1.0,0.0,0.0
0.000103078,6.82697,0.89773,-1.0,0.0,0.0
0.000103078,3.3451,5.6901,-1.0,0.0,0.0
0.000103078,3.3451,5.6901,-1.0,0.0,0.0
0.000103078,6.82697,0.89773,-1.0,0.0,0.0
0.000103078,6.09644,1.20032,-1.0,0.0,0.0
0.000103078,3.3451,5.6901,-1.0,0.0,0.0
0.000103078,6.09644,1.20032,-1.0,0.0,0.0
0.000103078,5.42225,1.61347,-1.0,0.0,0.0
0.000103078,5.42225,1.61347,-1.0,0.0,0.0
0.000103078,4.82099,2.12699,-1.0,0.0,0.0
0.000103078,4.30747,2.72825,-1.0,0.0,0.0
0.000103078,2.29251,8.6883,-1.0,0.0,0.0
0.000103078,2.2077,8.6883,-1.0,0.0,0.0
0.000103078,0.000103078,16.0001,-1.0,0.0,0.0
0.000103078,0.000103078,16.0001,-1.0,0.0,0.0
0.000103078,2.2077,8.6883,-1.0,0.0,0.0
0.000103078,2.12411,8.67397,-1.0,0.0,0.0
0.000103078,0.000103078,16.0001,-1.0,0.0,0.0
0.000103078,2.12411,8.67397,-1.0,0.0,0.0
0.000103078,2.04415,8.64572,-1.0,0.0,0.0
0.000103078,2.04415,8.64572,-1.0,0.0,0.0
0.000103078,1.97012,8.60436,-1.0,0.0,0.0
0.000103078,0.000103078,16.0001,-1.0,0.0,0.0
0.000103078,0.000103078,16.0001,-1.0,0.0,0.0
0.000103078,1.97012,8.60436,-1.0,0.0,0.0
0.000103078,1.90413,8.55108,-1.0,0.0,0.0
0.000103078,0.000103078,16.0001,-1.0,0.0,0.0
0.000103078,1.90413,8.55108,-1.0,0.0,0.0
0.000103078,1.8481,8.48742,-1.0,0.0,0.0
0.000103078,1.75055,8.16888,-1.0,0.0,0.0
0.000103078,1.76133,8.08476,-1.0,0.0,0.0
0.000103078,0.000103078,5.6901,-1.0,0.0,0.0
0.000103078,0.000103078,5.6901,-1.0,0.0,0.0
0.000103078,1.76133,8.08476,-1.0,0.0,0.0
0.000103078,1.78616,8.00368,-1.0,0.0,0.0
0.000103078,0.000103078,5.6901,-1.0,0.0,0.0
0.000103078,1.78616,8.00368,-1.0,0.0,0.0
0.000103078,1.82434,7.92795,-1.0,0.0,0.0
0.000103078,42.2862,8.00368,-1.0,0.0,0.0
0.000103078,31.0001,4.0001,-1.0,0.0,0.0
0.000103078,42.2613,8.08476,-1.0,0.0,0.0
0.000103078,42.2613,8.08476,-1.0,0.0,0.0
0.000103078,31.0001,4.0001,-1.0,0.0,0.0
0.000103078,30.8437,3.98779,-1.0,0.0,0.0
0.000103078,42.2613,8.08476,-1.0,0.0,0.0
0.000103078,30.8437,3.98779,-1.0,0.0,0.0
0.000103078,30.6911,3.95116,-1.0,0.0,0.0
0.000103078,43.0961,8.55108,-1.0,0.0,0.0
0.000103078,50.0001,16.0001,-1.0,0.0,0.0
0.000103078,43.1521,8.48742,-1.0,0.0,0.0
0.000103078,43.1521,8.48742,-1.0,0.0,0.0
0.000103078,50.0001,16.0001,-1.0,0.0,0.0
0.000103078,43.1966,8.41521,-1.0,0.0,0.0
0.000103078,43.0961,8.55108,-1.0,0.0,0.0
0.000103078,43.0301,8.60436,-1.0,0.0,0.0
0.000103078,50.0001,16.0001,-1.0,0.0,0.0
0.000103078,50.0001,16.0001,-1.0,0.0,0.0
0.000103078,43.0301,8.60436,-1.0,0.0,0.0
0.000103078,42.9561,8.64572,-1.0,0.0,0.0
0.000103078,50.0001,16.0001,-1.0,0.0,0.0
0.000103078,42.9561,8.64572,-1.0,0.0,0.0
0.000103078,41.0001,16.0001,-1.0,0.0,0.0
0.000103078,41.0001,16.0001,-1.0,0.0,0.0
0.000103078,42.9561,8.64572,-1.0,0.0,0.0
0.000103078,42.8761,8.67397,-1.0,0.0,0.0
0.000103078,41.0001,16.0001,-1.0,0.0,0.0
0.000103078,42.8761,8.67397,-1.0,0.0,0.0
0.000103078,42.7925,8.6883,-1.0,0.0,0.0
0.000103078,28.0001,6.9401,-1.0,0.0,0.0
0.000103078,28.1269,6.95089,-1.0,0.0,0.0
0.000103078,25.0001,1.0001,-1.0,0.0,0.0
0.000103078,25.0001,1.0001,-1.0,0.0,0.0
0.000103078,28.1269,6.95089,-1.0,0.0,0.0
0.000103078,28.25,6.98294,-1.0,0.0,0.0
0.000103078,25.0001,1.0001,-1.0,0.0,0.0
0.000103078,28.25,6.98294,-1.0,0.0,0.0
0.000103078,28.3659,7.03534,-1.0,0.0,0.0
0.000103078,30.1911,3.58789,-1.0,0.0,0.0
0.000103078,30.1091,3.45409,-1.0,0.0,0.0
0.000103078,25.0001,1.0001,-1.0,0.0,0.0
0.000103078,25.0001,1.0001,-1.0,0.0,0.0
0.000103078,30.1091,3.45409,-1.0,0.0,0.0
0.000103078,30.049,3.30912,-1.0,0.0,0.0
0.000103078,43.2389,8.08476,-1.0,0.0,0.0
0.000103078,43.2497,8.16888,-1.0,0.0,0.0
0.000103078,50.0001,4.0001,-1.0,0.0,0.0
0.000103078,50.0001,4.0001,-1.0,0.0,0.0
0.000103078,43.2497,8.16888,-1.0,0.0,0.0
0.000103078,43.2461,8.25361,-1.0,0.0,0.0
0.000103078,50.0001,4.0001,-1.0,0.0,0.0
0.000103078,43.2461,8.25361,-1.0,0.0,0.0
0.000103078,50.0001,16.0001,-1.0,0.0,0.0
0.000103078,50.0001,16.0001,-1.0,0.0,0.0
0.000103078,43.2461,8.25361,-1.0,0.0,0.0
0.000103078,43.2282,8.33651,-1.0,0.0,0.0
0.000103078,50.0001,16.0001,-1.0,0.0,0.0
0.000103078,43.2282,8.33651,-1.0,0.0,0.0
0.000103078,43.1966,8.41521,-1.0,0.0,0.0
0.000103078,28.3659,7.03534,-1.0,0.0,0.0
0.000103078,28.4713,7.10658,-1.0,0.0,0.0
0.000103078,25.0001,1.0001,-1.0,0.0,0.0
0.000103078,25.0001,1.0001,-1.0,0.0,0.0
0.000103078,28.4713,7.10658,-1.0,0.0,0.0
0.000103078,28.5631,7.1946,-1.0,0.0,0.0
0.000103078,25.0001,1.0001,-1.0,0.0,0.0
0.000103078,28.5631,7.1946,-1.0,0.0,0.0
0.000103078,41.0001,17.5001,-1.0,0.0,0.0
0.000103078,41.0001,17.5001,-1.0,0.0,0.0
0.000103078,28.5631,7.1946,-1.0,0.0,0.0
0.000103078,28.6387,7.29687,-1.0,0.0,0.0
0.000103078,41.0001,17.5001,-1.0,0.0,0.0
0.000103078,28.6387,7.29687,-1.0,0.0,0.0
0.000103078,28.696,7.41046,-1.0,0.0,0.0
0.000103078,3.40714,4.90183,-1.0,0.0,0.0
0.000103078,3.3451,5.6901,-1.0,0.0,0.0
0.000103078,3.59173,4.13297,-1.0,0.0,0.0
0.000103078,3.59173,4.13297,-1.0,0.0,0.0
0.000103078,3.3451,5.6901,-1.0,0.0,0.0
0.000103078,5.42225,1.61347,-1.0,0.0,0.0
0.000103078,3.59173,4.13297,-1.0,0.0,0.0
0.000103078,5.42225,1.61347,-1.0,0.0,0.0
0.000103078,3.89432,3.40245,-1.0,0.0,0.0
0.000103078,3.89432,3.40245,-1.0,0.0,0.0
0.000103078,5.42225,1.61347,-1.0,0.0,0.0
0.000103078,4.30747,2.72825,-1.0,0.0,0.0
0.000103078,1.8481,8.48742,-1.0,0.0,0.0
0.000103078,1.80364,8.41521,-1.0,0.0,0.0
0.000103078,0.000103078,16.0001,-1.0,0.0,0.0
0.000103078,0.000103078,16.0001,-1.0,0.0,0.0
0.000103078,1.80364,8.41521,-1.0,0.0,0.0
0.000103078,1.77202,8.33651,-1.0,0.0,0.0
0.000103078,0.000103078,16.0001,-1.0,0.0,0.0
0.000103078,1.77202,8.33651,-1.0,0.0,0.0
0.000103078,0.000103078,5.6901,-1.0,0.0,0.0
0.000103078,0.000103078,5.6901,-1.0,0.0,0.0
0.000103078,1.77202,8.33651,-1.0,0.0,0.0
0.000103078,1.75415,8.25361,-1.0,0.0,0.0
0.000103078,0.000103078,5.6901,-1.0,0.0,0.0
0.000103078,1.75415,8.25361,-1.0,0.0,0.0
0.000103078,1.75055,8.16888,-1.0,0.0,0.0
0.000103078,30.6911,3.95116,-1.0,0.0,0.0
0.000103078,30.5461,3.89111,-1.0,0.0,0.0
0.000103078,41.0001,16.0001,-1.0,0.0,0.0
0.000103078,41.0001,16.0001,-1.0,0.0,0.0
0.000103078,30.5461,3.89111,-1.0,0.0,0.0
0.000103078,30.4123,3.80912,-1.0,0.0,0.0
0.000103078,41.0001,16.0001,-1.0,0.0,0.0
0.000103078,30.4123,3.80912,-1.0,0.0,0.0
0.000103078,25.0001,1.0001,-1.0,0.0,0.0
0.000103078,25.0001,1.0001,-1.0,0.0,0.0
0.000103078,30.4123,3.80912,-1.0,0.0,0.0
0.000103078,30.293,3.70721,-1.0,0.0,0.0
0.000103078,25.0001,1.0001,-1.0,0.0,0.0
0.000103078,30.293,3.70721,-1.0,0.0,0.0
0.000103078,30.1911,3.58789,-1.0,0.0,0.0
0.000103078,30.0001,0.000102445,-1.0,0.0,0.0
0.000103078,25.0001,0.000102445,-1.0,0.0,0.0
0.000103078,30.0001,3.0001,-1.0,0.0,0.0
0.000103078,30.0001,3.0001,-1.0,0.0,0.0
0.000103078,25.0001,0.000102445,-1.0,0.0,0.0
0.000103078,25.0001,1.0001,-1.0,0.0,0.0
0.000103078,30.0001,3.0001,-1.0,0.0,0.0
0.000103078,25.0001,1.0001,-1.0,0.0,0.0
0.000103078,30.0124,3.15654,-1.0,0.0,0.0
0.000103078,30.0124,3.15654,-1.0,0.0,0.0
0.000103078,25.0001,1.0001,-1.0,0.0,0.0
0.000103078,30.049,3.30912,-1.0,0.0,0.0
0.000103078,42.4041,8.55108,-1.0,0.0,0.0
0.000103078,42.3481,8.48742,-1.0,0.0,0.0
0.000103078,41.0001,16.0001,-1.0,0.0,0.0
0.000103078,41.0001,16.0001,-1.0,0.0,0.0
0.000103078,42.3481,8.48742,-1.0,0.0,0.0
0.000103078,42.3036,8.41521,-1.0,0.0,0.0
0.000103078,41.0001,16.0001,-1.0,0.0,0.0
0.000103078,42.3036,8.41521,-1.0,0.0,0.0
0.000103078,30.6911,3.95116,-1.0,0.0,0.0
0.000103078,30.6911,3.95116,-1.0,0.0,0.0
0.000103078,42.3036,8.41521,-1.0,0.0,0.0
0.000103078,42.272,8.33651,-1.0,0.0,0.0
0.000103078,30.6911,3.95116,-1.0,0.0,0.0
0.000103078,42.272,8.33651,-1.0,0.0,0.0
0.000103078,42.2542,8.25361,-1.0,0.0,0.0
2.0001,19.0001,17.5001,0.0,0.0,1.0
0.000103078,19.0001,17.5001,0.0,0.0,1.0
2.0001,9.0001,17.5001,0.0,0.0,1.0
2.0001,9.0001,17.5001,0.0,0.0,1.0
0.000103078,19.0001,17.5001,0.0,0.0,1.0
0.000103078,9.0001,17.5001,0.0,0.0,1.0
0.000103078,9.0001,16.0001,0.0,0.0,1.0
0.000103078,0.000103078,16.0001,0.0,0.0,1.0
2.0001,9.0001,16.0001,0.0,0.0,1.0
2.0001,9.0001,16.0001,0.0,0.0,1.0
0.000103078,0.000103078,16.0001,0.0,0.0,1.0
2.0001,0.000103078,16.0001,0.0,0.0,1.0
2.0001,0.000103078,5.6901,0.0,-1.0,0.0
2.0001,0.000103078,16.0001,0.0,-1.0,0.0
0.000103078,0.000103078,5.6901,0.0,-1.0,0.0
0.000103078,0.000103078,5.6901,0.0,-1.0,0.0
2.0001,0.000103078,16.0001,0.0,-1.0,0.0
0.000103078,0.000103078,16.0001,0.0,-1.0,0.0
0.000103078,0.000103078,5.6901,0.0,0.0,-1.0
0.000103078,3.3451,5.6901,0.0,0.0,-1.0
2.0001,0.000103078,5.6901,0.0,0.0,-1.0
2.0001,0.000103078,5.6901,0.0,0.0,-1.0
0.000103078,3.3451,5.6901,0.0,0.0,-1.0
2.0001,3.3451,5.6901,0.0,0.0,-1.0
2.0001,3.3451,5.6901,0.0,-0.996917,-0.0784591
0.000103078,3.3451,5.6901,0.0,-0.996917,-0.0784591
2.0001,3.40714,4.90183,0.0,-0.996917,-0.0784591
2.0001,3.40714,4.90183,0.0,-0.996917,-0.0784591
0.000103078,3.3451,5.6901,0.0,-0.996917,-0.0784591
0.000103078,3.40714,4.90183,0.0,-0.996917,-0.0784591
2.0001,3.40714,4.90183,0.0,-0.97237,-0.233445
0.000103078,3.40714,4.90183,0.0,-0.97237,-0.233445
2.0001,3.59173,4.13297,0.0,-0.97237,-0.233445
2.0001,3.59173,4.13297,0.0,-0.97237,-0.233445
0.000103078,3.40714,4.90183,0.0,-0.97237,-0.233445
0.000103078,3.59173,4.13297,0.0,-0.97237,-0.233445
2.0001,3.59173,4.13297,0.0,-0.923879,-0.382684
0.000103078,3.59173,4.13297,0.0,-0.923879,-0.382684
2.0001,3.89432,3.40245,0.0,-0.923879,-0.382684
2.0001,3.89432,3.40245,0.0,-0.923879,-0.382684
0.000103078,3.59173,4.13297,0.0,-0.923879,-0.382684
0.000103078,3.89432,3.40245,0.0,-0.923879,-0.382684
2.0001,3.89432,3.40245,0.0,-0.85264,-0.522498
0.000103078,3.89432,3.40245,0.0,-0.85264,-0.522498
2.0001,4.30747,2.72825,0.0,-0.85264,-0.522498
2.0001,4.30747,2.72825,0.0,-0.85264,-0.522498
0.000103078,3.89432,3.40245,0.0,-0.85264,-0.522498
0.000103078,4.30747,2.72825,0.0,-0.85264,-0.522498
2.0001,4.30747,2.72825,0.0,-0.760406,-0.649448
0.000103078,4.30747,2.72825,0.0,-0.760406,-0.649448
2.0001,4.82099,2.12699,0.0,-0.760406,-0.649448
2.0001,4.82099,2.12699,0.0,-0.760406,-0.649448
0.000103078,4.30747,2.72825,0.0,-0.760406,-0.649448
0.000103078,4.82099,2.12699,0.0,-0.760406,-0.649448
2.0001,4.82099,2.12699,0.0,-0.649447,-0.760406
0.000103078,4.82099,2.12699,0.0,-0.649447,-0.760406
2.0001,5.42225,1.61347,0.0,-0.649447,-0.760406
2.0001,5.42225,1.61347,0.0,-0.649447,-0.760406
0.000103078,4.82099,2.12699,0.0,-0.649447,-0.760406
0.000103078,5.42225,1.61347,0.0,-0.649447,-0.760406
2.0001,5.42225,1.61347,0.0,-0.522499,-0.85264
0.000103078,5.42225,1.61347,0.0,-0.522499,-0.85264
2.0001,6.09644,1.20032,0.0,-0.522499,-0.85264
2.0001,6.09644,1.20032,0.0,-0.522499,-0.85264
0.000103078,5.42225,1.61347,0.0,-0.522499,-0.85264
0.000103078,6.09644,1.20032,0.0,-0.522499,-0.85264
2.0001,6.09644,1.20032,0.0,-0.382683,-0.92388
0.000103078,6.09644,1.20032,0.0,-0.382683,-0.92388
2.0001,6.82697,0.89773,0.0,-0.382683,-0.92388
2.0001,6.82697,0.89773,0.0,-0.382683,-0.92388
0.000103078,6.09644,1.20032,0.0,-0.382683,-0.92388
0.000103078,6.82697,0.89773,0.0,-0.382683,-0.92388
2.0001,6.82697,0.89773,0.0,-0.233446,-0.97237
0.000103078,6.82697,0.89773,0.0,-0.233446,-0.97237
2.0001,7.59583,0.713142,0.0,-0.233446,-0.97237
2.0001,7.59583,0.713142,0.0,-0.233446,-0.97237
0.000103078,6.82697,0.89773,0.0,-0.233446,-0.97237
0.000103078,7.59583,0.713142,0.0,-0.233446,-0.97237
2.0001,7.59583,0.713142,0.0,-0.0784588,-0.996917
0.000103078,7.59583,0.713142,0.0,-0.0784588,-0.996917
2.0001,8.3841,0.651103,0.0,-0.0784588,-0.996917
2.0001,8.3841,0.651103,0.0,-0.0784588,-0.996917
0.000103078,7.59583,0.713142,0.0,-0.0784588,-0.996917
0.000103078,8.3841,0.651103,0.0,-0.0784588,-0.996917
2.0001,12.0001,0.000102445,0.0,0.0,-1.0
2.0001,8.3841,0.000102445,0.0,0.0,-1.0
0.000103078,12.0001,0.000102445,0.0,0.0,-1.0
0.000103078,12.0001,0.000102445,0.0,0.0,-1.0
2.0001,8.3841,0.000102445,0.0,0.0,-1.0
0.000103078,8.3841,0.000102445,0.0,0.0,-1.0
0.000103078,12.0001,1.0001,0.0,0.0,-1.0
0.000103078,16.0001,1.0001,0.0,0.0,-1.0
2.0001,12.0001,1.0001,0.0,0.0,-1.0
2.0001,12.0001,1.0001,0.0,0.0,-1.0
0.000103078,16.0001,1.0001,0.0,0.0,-1.0
2.0001,16.0001,1.0001,0.0,0.0,-1.0
2.0001,21.0001,0.000102445,0.0,0.0,-1.0
2.0001,16.0001,0.000102445,0.0,0.0,-1.0
0.000103078,21.0001,0.000102445,0.0,0.0,-1.0
0.000103078,21.0001,0.000102445,0.0,0.0,-1.0
2.0001,16.0001,0.000102445,0.0,0.0,-1.0
0.000103078,16.0001,0.000102445,0.0,0.0,-1.0
0.000103078,21.0001,1.0001,0.0,0.0,-1.0
0.000103078,25.0001,1.0001,0.0,0.0,-1.0
2.0001,21.0001,1.0001,0.0,0.0,-1.0
2.0001,21.0001,1.0001,0.0,0.0,-1.0
0.000103078,25.0001,1.0001,0.0,0.0,-1.0
2.0001,25.0001,1.0001,0.0,0.0,-1.0
0.000103078,25.0001,0.000102445,0.0,0.0,-1.0
0.000103078,30.0001,0.000102445,0.0,0.0,-1.0
2.0001,25.0001,0.000102445,0.0,0.0,-1.0
2.0001,25.0001,0.000102445,0.0,0.0,-1.0
0.000103078,30.0001,0.000102445,0.0,0.0,-1.0
2.0001,30.0001,0.000102445,0.0,0.0,-1.0
0.000103078,30.0001,3.0001,0.0,1.0,0.0
2.0001,30.0001,3.0001,0.0,1.0,0.0
0.000103078,30.0001,0.000102445,0.0,1.0,0.0
0.000103078,30.0001,0.000102445,0.0,1.0,0.0
2.0001,30.0001,3.0001,0.0,1.0,0.0
2.0001,30.0001,0.000102445,0.0,1.0,0.0
2.0001,31.0001,4.0001,0.0,0.0,-1.0
0.000103078,31.0001,4.0001,0.0,0.0,-1.0
2.0001,50.0001,4.0001,0.0,0.0,-1.0
2.0001,50.0001,4.0001,0.0,0.0,-1.0
0.000103078,31.0001,4.0001,0.0,0.0,-1.0
0.000103078,50.0001,4.0001,0.0,0.0,-1.0
0.000103078,50.0001,4.0001,0.0,1.0,0.0
0.000103078,50.0001,16.0001,0.0,1.0,0.0
2.0001,50.0001,4.0001,0.0,1.0,0.0
2.0001,50.0001,4.0001,0.0,1.0,0.0
0.000103078,50.0001,16.0001,0.0,1.0,0.0
2.0001,50.0001,16.0001,0.0,1.0,0.0
2.0001,41.0001,16.0001,0.0,0.0,1.0
2.0001,50.0001,16.0001,0.0,0.0,1.0
0.000103078,41.0001,16.0001,0.0,0.0,1.0
0.000103078,41.0001,16.0001,0.0,0.0,1.0
2.0001,50.0001,16.0001,0.0,0.0,1.0
0.000103078,50.0001,16.0001,0.0,0.0,1.0
2.0001,41.0001,17.5001,0.0,0.0,1.0
0.000103078,41.0001,17.5001,0.0,0.0,1.0
2.0001,31.0001,17.5001,0.0,0.0,1.0
2.0001,31.0001,17.5001,0.0,0.0,1.0
0.000103078,41.0001,17.5001,0.0,0.0,1.0
0.000103078,31.0001,17.5001,0.0,0.0,1.0
0.000103078,31.0001,16.0001,0.0,0.0,1.0
0.000103078,19.0001,16.0001,0.0,0.0,1.0
2.0001,31.0001,16.0001,0.0,0.0,1.0
2.0001,31.0001,16.0001,0.0,0.0,1.0
0.000103078,19.0001,16.0001,0.0,0.0,1.0
2.0001,19.0001,16.0001,0.0,0.0,1.0
0.000103078,28.1269,6.95089,0.0,-0.251976,0.967734
2.0001,28.1269,6.95089,0.0,-0.251976,0.967734
0.000103078,28.25,6.98294,0.0,-0.251976,0.967734
0.000103078,28.25,6.98294,0.0,-0.251976,0.967734
2.0001,28.1269,6.95089,0.0,-0.251976,0.967734
2.0001,28.25,6.98294,0.0,-0.251976,0.967734
0.000103078,28.25,6.98294,0.0,-0.411903,0.911228
2.0001,28.25,6.98294,0.0,-0.411903,0.911228
0.000103078,28.3659,7.03534,0.0,-0.411903,0.911228
0.000103078,28.3659,7.03534,0.0,-0.411903,0.911228
2.0001,28.25,6.98294,0.0,-0.411903,0.911228
2.0001,28.3659,7.03534,0.0,-0.411903,0.911228
0.000103078,28.3659,7.03534,0.0,-0.559967,0.828515
2.0001,28.3659,7.03534,0.0,-0.559967,0.828515
0.000103078,28.4713,7.10658,0.0,-0.559967,0.828515
0.000103078,28.4713,7.10658,0.0,-0.559967,0.828515
2.0001,28.3659,7.03534,0.0,-0.559967,0.828515
2.0001,28.4713,7.10658,0.0,-0.559967,0.828515
0.000103078,28.4713,7.10658,0.0,-0.691942,0.721953
2.0001,28.4713,7.10658,0.0,-0.691942,0.721953
0.000103078,28.5631,7.1946,0.0,-0.691942,0.721953
0.000103078,28.5631,7.1946,0.0,-0.691942,0.721953
2.0001,28.4713,7.10658,0.0,-0.691942,0.721953
2.0001,28.5631,7.1946,0.0,-0.691942,0.721953
0.000103078,28.5631,7.1946,0.0,-0.803999,0.594631
2.0001,28.5631,7.1946,0.0,-0.803999,0.594631
0.000103078,28.6387,7.29687,0.0,-0.803999,0.594631
0.000103078,28.6387,7.29687,0.0,-0.803999,0.594631
2.0001,28.5631,7.1946,0.0,-0.803999,0.594631
2.0001,28.6387,7.29687,0.0,-0.803999,0.594631
0.000103078,28.6387,7.29687,0.0,-0.892921,0.450214
2.0001,28.6387,7.29687,0.0,-0.892921,0.450214
0.000103078,28.696,7.41046,0.0,-0.892921,0.450214
0.000103078,28.696,7.41046,0.0,-0.892921,0.450214
2.0001,28.6387,7.29687,0.0,-0.892921,0.450214
2.0001,28.696,7.41046,0.0,-0.892921,0.450214
0.000103078,28.696,7.41046,0.0,-0.956169,0.292816
2.0001,28.696,7.41046,0.0,-0.956169,0.292816
0.000103078,28.7333,7.53209,0.0,-0.956169,0.292816
0.000103078,28.7333,7.53209,0.0,-0.956169,0.292816
2.0001,28.696,7.41046,0.0,-0.956169,0.292816
2.0001,28.7333,7.53209,0.0,-0.956169,0.292816
0.000103078,28.7333,7.53209,0.0,-0.991901,0.127013
2.0001,28.7333,7.53209,0.0,-0.991901,0.127013
0.000103078,28.7494,7.65827,0.0,-0.991901,0.127013
0.000103078,28.7494,7.65827,0.0,-0.991901,0.127013
2.0001,28.7333,7.53209,0.0,-0.991901,0.127013
2.0001,28.7494,7.65827,0.0,-0.991901,0.127013
0.000103078,28.7494,7.65827,0.0,-0.999099,-0.0424474
2.0001,28.7494,7.65827,0.0,-0.999099,-0.0424474
0.000103078,28.744,7.78537,0.0,-0.999099,-0.0424474
0.000103078,28.744,7.78537,0.0,-0.999099,-0.0424474
2.0001,28.7494,7.65827,0.0,-0.999099,-0.0424474
2.0001,28.744,7.78537,0.0,-0.999099,-0.0424474
0.000103078,28.744,7.78537,0.0,-0.977558,-0.210665
2.0001,28.744,7.78537,0.0,-0.977558,-0.210665
0.000103078,28.7172,7.90972,0.0,-0.977558,-0.210665
0.000103078,28.7172,7.90972,0.0,-0.977558,-0.210665
2.0001,28.744,7.78537,0.0,-0.977558,-0.210665
2.0001,28.7172,7.90972,0.0,-0.977558,-0.210665
0.000103078,28.7172,7.90972,0.0,-0.927886,-0.372865
2.0001,28.7172,7.90972,0.0,-0.927886,-0.372865
0.000103078,28.6698,8.02776,0.0,-0.927886,-0.372865
0.000103078,28.6698,8.02776,0.0,-0.927886,-0.372865
2.0001,28.7172,7.90972,0.0,-0.927886,-0.372865
2.0001,28.6698,8.02776,0.0,-0.927886,-0.372865
0.000103078,28.6698,8.02776,0.0,-0.851537,-0.524294
2.0001,28.6698,8.02776,0.0,-0.851537,-0.524294
0.000103078,28.6031,8.13608,0.0,-0.851537,-0.524294
0.000103078,28.6031,8.13608,0.0,-0.851537,-0.524294
2.0001,28.6698,8.02776,0.0,-0.851537,-0.524294
2.0001,28.6031,8.13608,0.0,-0.851537,-0.524294
0.000103078,28.6031,8.13608,0.0,-0.750669,-0.660678
2.0001,28.6031,8.13608,0.0,-0.750669,-0.660678
0.000103078,28.5191,8.23157,0.0,-0.750669,-0.660678
0.000103078,28.5191,8.23157,0.0,-0.750669,-0.660678
2.0001,28.6031,8.13608,0.0,-0.750669,-0.660678
2.0001,28.5191,8.23157,0.0,-0.750669,-0.660678
0.000103078,28.5191,8.23157,0.0,-0.628222,-0.778034
2.0001,28.5191,8.23157,0.0,-0.628222,-0.778034
0.000103078,28.4201,8.31149,0.0,-0.628222,-0.778034
0.000103078,28.4201,8.31149,0.0,-0.628222,-0.778034
2.0001,28.5191,8.23157,0.0,-0.628222,-0.778034
2.0001,28.4201,8.31149,0.0,-0.628222,-0.778034
0.000103078,28.4201,8.31149,0.0,-0.48769,-0.873017
2.0001,28.4201,8.31149,0.0,-0.48769,-0.873017
0.000103078,28.309,8.37352,0.0,-0.48769,-0.873017
0.000103078,28.309,8.37352,0.0,-0.48769,-0.873017
2.0001,28.4201,8.31149,0.0,-0.48769,-0.873017
2.0001,28.309,8.37352,0.0,-0.48769,-0.873017
0.000103078,28.309,8.37352,0.0,-0.333137,-0.942878
2.0001,28.309,8.37352,0.0,-0.333137,-0.942878
0.000103078,28.1891,8.4159,0.0,-0.333137,-0.942878
0.000103078,28.1891,8.4159,0.0,-0.333137,-0.942878
2.0001,28.309,8.37352,0.0,-0.333137,-0.942878
2.0001,28.1891,8.4159,0.0,-0.333137,-0.942878
0.000103078,28.1891,8.4159,0.0,-0.168998,-0.985616
2.0001,28.1891,8.4159,0.0,-0.168998,-0.985616
0.000103078,28.0637,8.4374,0.0,-0.168998,-0.985616
0.000103078,28.0637,8.4374,0.0,-0.168998,-0.985616
2.0001,28.1891,8.4159,0.0,-0.168998,-0.985616
2.0001,28.0637,8.4374,0.0,-0.168998,-0.985616
0.000103078,28.0637,8.4374,0.0,0.0,-1.0
2.0001,28.0637,8.4374,0.0,0.0,-1.0
0.000103078,27.9365,8.4374,0.0,0.0,-1.0
0.000103078,27.9365,8.4374,0.0,0.0,-1.0
2.0001,28.0637,8.4374,0.0,0.0,-1.0
2.0001,27.9365,8.4374,0.0,0.0,-1.0
0.000103078,27.9365,8.4374,0.0,0.168995,-0.985617
2.0001,27.9365,8.4374,0.0,0.168995,-0.985617
0.000103078,27.8111,8.4159,0.0,0.168995,-0.985617
0.000103078,27.8111,8.4159,0.0,0.168995,-0.985617
2.0001,27.9365,8.4374,0.0,0.168995,-0.985617
2.0001,27.8111,8.4159,0.0,0.168995,-0.985617
0.000103078,27.8111,8.4159,0.0,0.333137,-0.942878
2.0001,27.8111,8.4159,0.0,0.333137,-0.942878
0.000103078,27.6912,8.37352,0.0,0.333137,-0.942878
0.000103078,27.6912,8.37352,0.0,0.333137,-0.942878
2.0001,27.8111,8.4159,0.0,0.333137,-0.942878
2.0001,27.6912,8.37352,0.0,0.333137,-0.942878
0.000103078,27.6912,8.37352,0.0,0.487696,-0.873013
2.0001,27.6912,8.37352,0.0,0.487696,-0.873013
0.000103078,27.5801,8.31149,0.0,0.487696,-0.873013
0.000103078,27.5801,8.31149,0.0,0.487696,-0.873013
2.0001,27.6912,8.37352,0.0,0.487696,-0.873013
2.0001,27.5801,8.31149,0.0,0.487696,-0.873013
0.000103078,27.5801,8.31149,0.0,0.628215,-0.77804
2.0001,27.5801,8.31149,0.0,0.628215,-0.77804
0.000103078,27.4811,8.23157,0.0,0.628215,-0.77804
0.000103078,27.4811,8.23157,0.0,0.628215,-0.77804
2.0001,27.5801,8.31149,0.0,0.628215,-0.77804
2.0001,27.4811,8.23157,0.0,0.628215,-0.77804
0.000103078,27.4811,8.23157,0.0,0.750684,-0.660661
2.0001,27.4811,8.23157,0.0,0.750684,-0.660661
0.000103078,27.3971,8.13608,0.0,0.750684,-0.660661
0.000103078,27.3971,8.13608,0.0,0.750684,-0.660661
2.0001,27.4811,8.23157,0.0,0.750684,-0.660661
2.0001,27.3971,8.13608,0.0,0.750684,-0.660661
0.000103078,27.3971,8.13608,0.0,0.851524,-0.524316
2.0001,27.3971,8.13608,0.0,0.851524,-0.524316
0.000103078,27.3304,8.02776,0.0,0.851524,-0.524316
0.000103078,27.3304,8.02776,0.0,0.851524,-0.524316
2.0001,27.3971,8.13608,0.0,0.851524,-0.524316
2.0001,27.3304,8.02776,0.0,0.851524,-0.524316
0.000103078,27.3304,8.02776,0.0,0.927891,-0.372852
2.0001,27.3304,8.02776,0.0,0.927891,-0.372852
0.000103078,27.283,7.90972,0.0,0.927891,-0.372852
0.000103078,27.283,7.90972,0.0,0.927891,-0.372852
2.0001,27.3304,8.02776,0.0,0.927891,-0.372852
2.0001,27.283,7.90972,0.0,0.927891,-0.372852
0.000103078,27.283,7.90972,0.0,0.977555,-0.21068
2.0001,27.283,7.90972,0.0,0.977555,-0.21068
0.000103078,27.2562,7.78537,0.0,0.977555,-0.21068
0.000103078,27.2562,7.78537,0.0,0.977555,-0.21068
2.0001,27.283,7.90972,0.0,0.977555,-0.21068
2.0001,27.2562,7.78537,0.0,0.977555,-0.21068
0.000103078,27.2562,7.78537,0.0,0.999099,-0.0424474
2.0001,27.2562,7.78537,0.0,0.999099,-0.0424474
0.000103078,27.2508,7.65827,0.0,0.999099,-0.0424474
0.000103078,27.2508,7.65827,0.0,0.999099,-0.0424474
2.0001,27.2562,7.78537,0.0,0.999099,-0.0424474
2.0001,27.2508,7.65827,0.0,0.999099,-0.0424474
0.000103078,27.2508,7.65827,0.0,0.991899,0.127027
2.0001,27.2508,7.65827,0.0,0.991899,0.127027
0.000103078,27.2669,7.53209,0.0,0.991899,0.127027
0.000103078,27.2669,7.53209,0.0,0.991899,0.127027
2.0001,27.2508,7.65827,0.0,0.991899,0.127027
2.0001,27.2669,7.53209,0.0,0.991899,0.127027
0.000103078,27.2669,7.53209,0.0,0.956169,0.292816
2.0001,27.2669,7.53209,0.0,0.956169,0.292816
0.000103078,27.3042,7.41046,0.0,0.956169,0.292816
0.000103078,27.3042,7.41046,0.0,0.956169,0.292816
2.0001,27.2669,7.53209,0.0,0.956169,0.292816
2.0001,27.3042,7.41046,0.0,0.956169,0.292816
0.000103078,27.3042,7.41046,0.0,0.892927,0.450202
2.0001,27.3042,7.41046,0.0,0.892927,0.450202
0.000103078,27.3615,7.29687,0.0,0.892927,0.450202
0.000103078,27.3615,7.29687,0.0,0.892927,0.450202
2.0001,27.3042,7.41046,0.0,0.892927,0.450202
2.0001,27.3615,7.29687,0.0,0.892927,0.450202
0.000103078,27.3615,7.29687,0.0,0.803999,0.594631
2.0001,27.3615,7.29687,0.0,0.803999,0.594631
0.000103078,27.4371,7.1946,0.0,0.803999,0.594631
0.000103078,27.4371,7.1946,0.0,0.803999,0.594631
2.0001,27.3615,7.29687,0.0,0.803999,0.594631
2.0001,27.4371,7.1946,0.0,0.803999,0.594631
0.000103078,27.4371,7.1946,0.0,0.691935,0.72196
2.0001,27.4371,7.1946,0.0,0.691935,0.72196
0.000103078,27.5289,7.10658,0.0,0.691935,0.72196
0.000103078,27.5289,7.10658,0.0,0.691935,0.72196
2.0001,27.4371,7.1946,0.0,0.691935,0.72196
2.0001,27.5289,7.10658,0.0,0.691935,0.72196
0.000103078,27.5289,7.10658,0.0,0.559967,0.828515
2.0001,27.5289,7.10658,0.0,0.559967,0.828515
0.000103078,27.6343,7.03534,0.0,0.559967,0.828515
0.000103078,27.6343,7.03534,0.0,0.559967,0.828515
2.0001,27.5289,7.10658,0.0,0.559967,0.828515
2.0001,27.6343,7.03534,0.0,0.559967,0.828515
0.000103078,27.6343,7.03534,0.0,0.411909,0.911225
2.0001,27.6343,7.03534,0.0,0.411909,0.911225
0.000103078,27.7502,6.98294,0.0,0.411909,0.911225
0.000103078,27.7502,6.98294,0.0,0.411909,0.911225
2.0001,27.6343,7.03534,0.0,0.411909,0.911225
2.0001,27.7502,6.98294,0.0,0.411909,0.911225
0.000103078,27.7502,6.98294,0.0,0.251976,0.967734
2.0001,27.7502,6.98294,0.0,0.251976,0.967734
0.000103078,27.8734,6.95089,0.0,0.251976,0.967734
0.000103078,27.8734,6.95089,0.0,0.251976,0.967734
2.0001,27.7502,6.98294,0.0,0.251976,0.967734
2.0001,27.8734,6.95089,0.0,0.251976,0.967734
0.000103078,27.8734,6.95089,0.0,0.0848086,0.996397
2.0001,27.8734,6.95089,0.0,0.0848086,0.996397
0.000103078,28.0001,6.9401,0.0,0.0848086,0.996397
0.000103078,28.0001,6.9401,0.0,0.0848086,0.996397
2.0001,27.8734,6.95089,0.0,0.0848086,0.996397
2.0001,28.0001,6.9401,0.0,0.0848086,0.996397
0.000103078,28.0001,6.9401,0.0,-0.0848099,0.996397
2.0001,28.0001,6.9401,0.0,-0.0848099,0.996397
0.000103078,28.1269,6.95089,0.0,-0.0848099,0.996397
0.000103078,28.1269,6.95089,0.0,-0.0848099,0.996397
2.0001,28.0001,6.9401,0.0,-0.0848099,0.996397
2.0001,28.1269,6.95089,0.0,-0.0848099,0.996397
2.0001,3.89432,3.40245,1.0,0.0,0.0
2.0001,4.30747,2.72825,1.0,0.0,0.0
2.0001,4.82099,2.12699,1.0,0.0,0.0
2.0001,25.0001,1.0001,1.0,0.0,0.0
2.0001,25.0001,0.000102445,1.0,0.0,0.0
2.0001,30.0001,0.000102445,1.0,0.0,0.0
2.0001,8.3841,0.651103,1.0,0.0,0.0
2.0001,8.3841,0.000102445,1.0,0.0,0.0
2.0001,12.0001,0.000102445,1.0,0.0,0.0
2.0001,19.0001,17.5001,1.0,0.0,0.0
2.0001,9.0001,17.5001,1.0,0.0,0.0
2.0001,19.0001,16.0001,1.0,0.0,0.0
2.0001,19.0001,16.0001,1.0,0.0,0.0
2.0001,9.0001,17.5001,1.0,0.0,0.0
2.0001,9.0001,16.0001,1.0,0.0,0.0
2.0001,42.436,7.80109,1.0,0.0,0.0
2.0001,42.3748,7.85977,1.0,0.0,0.0
2.0001,31.0001,16.0001,1.0,0.0,0.0
2.0001,31.0001,16.0001,1.0,0.0,0.0
2.0001,42.3748,7.85977,1.0,0.0,0.0
2.0001,42.3243,7.92795,1.0,0.0,0.0
2.0001,41.0001,17.5001,1.0,0.0,0.0
2.0001,31.0001,17.5001,1.0,0.0,0.0
2.0001,41.0001,16.0001,1.0,0.0,0.0
2.0001,41.0001,16.0001,1.0,0.0,0.0
2.0001,31.0001,17.5001,1.0,0.0,0.0
2.0001,31.0001,16.0001,1.0,0.0,0.0
2.0001,42.3243,7.92795,1.0,0.0,0.0
2.0001,42.2862,8.00368,1.0,0.0,0.0
2.0001,31.0001,16.0001,1.0,0.0,0.0
2.0001,31.0001,16.0001,1.0,0.0,0.0
2.0001,42.2862,8.00368,1.0,0.0,0.0
2.0001,42.2613,8.08476,1.0,0.0,0.0
2.0001,31.0001,16.0001,1.0,0.0,0.0
2.0001,42.2613,8.08476,1.0,0.0,0.0
2.0001,41.0001,16.0001,1.0,0.0,0.0
2.0001,41.0001,16.0001,1.0,0.0,0.0
2.0001,42.2613,8.08476,1.0,0.0,0.0
2.0001,42.2506,8.16888,1.0,0.0,0.0
2.0001,43.1759,7.92795,1.0,0.0,0.0
2.0001,43.1254,7.85977,1.0,0.0,0.0
2.0001,50.0001,4.0001,1.0,0.0,0.0
2.0001,50.0001,4.0001,1.0,0.0,0.0
2.0001,43.1254,7.85977,1.0,0.0,0.0
2.0001,43.0642,7.80109,1.0,0.0,0.0
2.0001,50.0001,4.0001,1.0,0.0,0.0
2.0001,43.0642,7.80109,1.0,0.0,0.0
2.0001,42.9939,7.7536,1.0,0.0,0.0
2.0001,42.7501,7.6901,1.0,0.0,0.0
2.0001,30.6911,3.95116,1.0,0.0,0.0
2.0001,42.8346,7.6973,1.0,0.0,0.0
2.0001,42.8346,7.6973,1.0,0.0,0.0
2.0001,30.6911,3.95116,1.0,0.0,0.0
2.0001,30.8437,3.98779,1.0,0.0,0.0
2.0001,42.9939,7.7536,1.0,0.0,0.0
2.0001,42.9167,7.71866,1.0,0.0,0.0
2.0001,50.0001,4.0001,1.0,0.0,0.0
2.0001,50.0001,4.0001,1.0,0.0,0.0
2.0001,42.9167,7.71866,1.0,0.0,0.0
2.0001,42.8346,7.6973,1.0,0.0,0.0
2.0001,50.0001,4.0001,1.0,0.0,0.0
2.0001,42.8346,7.6973,1.0,0.0,0.0
2.0001,31.0001,4.0001,1.0,0.0,0.0
2.0001,31.0001,4.0001,1.0,0.0,0.0
2.0001,42.8346,7.6973,1.0,0.0,0.0
2.0001,30.8437,3.98779,1.0,0.0,0.0
2.0001,12.0001,0.000102445,1.0,0.0,0.0
2.0001,12.0001,1.0001,1.0,0.0,0.0
2.0001,8.3841,0.651103,1.0,0.0,0.0
2.0001,8.3841,0.651103,1.0,0.0,0.0
2.0001,12.0001,1.0001,1.0,0.0,0.0
2.0001,6.82697,0.89773,1.0,0.0,0.0
2.0001,8.3841,0.651103,1.0,0.0,0.0
2.0001,6.82697,0.89773,1.0,0.0,0.0
2.0001,7.59583,0.713142,1.0,0.0,0.0
2.0001,16.0001,1.0001,1.0,0.0,0.0
2.0001,31.0001,16.0001,1.0,0.0,0.0
2.0001,12.0001,1.0001,1.0,0.0,0.0
2.0001,12.0001,1.0001,1.0,0.0,0.0
2.0001,31.0001,16.0001,1.0,0.0,0.0
2.0001,19.0001,16.0001,1.0,0.0,0.0
2.0001,16.0001,0.000102445,1.0,0.0,0.0
2.0001,21.0001,0.000102445,1.0,0.0,0.0
2.0001,16.0001,1.0001,1.0,0.0,0.0
2.0001,16.0001,1.0001,1.0,0.0,0.0
2.0001,21.0001,0.000102445,1.0,0.0,0.0
2.0001,21.0001,1.0001,1.0,0.0,0.0
2.0001,3.3451,5.6901,1.0,0.0,0.0
2.0001,3.40714,4.90183,1.0,0.0,0.0
2.0001,19.0001,16.0001,1.0,0.0,0.0
2.0001,19.0001,16.0001,1.0,0.0,0.0
2.0001,3.40714,4.90183,1.0,0.0,0.0
2.0001,3.59173,4.13297,1.0,0.0,0.0
2.0001,42.2506,8.16888,1.0,0.0,0.0
2.0001,42.2542,8.25361,1.0,0.0,0.0
2.0001,41.0001,16.0001,1.0,0.0,0.0
2.0001,41.0001,16.0001,1.0,0.0,0.0
2.0001,42.2542,8.25361,1.0,0.0,0.0
2.0001,42.272,8.33651,1.0,0.0,0.0
2.0001,41.0001,16.0001,1.0,0.0,0.0
2.0001,42.272,8.33651,1.0,0.0,0.0
2.0001,42.3036,8.41521,1.0,0.0,0.0
2.0001,2.62544,7.85977,1.0,0.0,0.0
2.0001,2.56421,7.80109,1.0,0.0,0.0
2.0001,3.3451,5.6901,1.0,0.0,0.0
2.0001,3.3451,5.6901,1.0,0.0,0.0
2.0001,2.56421,7.80109,1.0,0.0,0.0
2.0001,2.49395,7.7536,1.0,0.0,0.0
2.0001,3.59173,4.13297,1.0,0.0,0.0
2.0001,3.89432,3.40245,1.0,0.0,0.0
2.0001,19.0001,16.0001,1.0,0.0,0.0
2.0001,19.0001,16.0001,1.0,0.0,0.0
2.0001,3.89432,3.40245,1.0,0.0,0.0
2.0001,4.82099,2.12699,1.0,0.0,0.0
2.0001,19.0001,16.0001,1.0,0.0,0.0
2.0001,4.82099,2.12699,1.0,0.0,0.0
2.0001,12.0001,1.0001,1.0,0.0,0.0
2.0001,12.0001,1.0001,1.0,0.0,0.0
2.0001,4.82099,2.12699,1.0,0.0,0.0
2.0001,5.42225,1.61347,1.0,0.0,0.0
2.0001,12.0001,1.0001,1.0,0.0,0.0
2.0001,5.42225,1.61347,1.0,0.0,0.0
2.0001,6.82697,0.89773,1.0,0.0,0.0
2.0001,6.82697,0.89773,1.0,0.0,0.0
2.0001,5.42225,1.61347,1.0,0.0,0.0
2.0001,6.09644,1.20032,1.0,0.0,0.0
2.0001,42.3036,8.41521,1.0,0.0,0.0
2.0001,42.3481,8.48742,1.0,0.0,0.0
2.0001,41.0001,16.0001,1.0,0.0,0.0
2.0001,41.0001,16.0001,1.0,0.0,0.0
2.0001,42.3481,8.48742,1.0,0.0,0.0
2.0001,42.4041,8.55108,1.0,0.0,0.0
2.0001,41.0001,16.0001,1.0,0.0,0.0
2.0001,42.4041,8.55108,1.0,0.0,0.0
2.0001,42.4701,8.60436,1.0,0.0,0.0
2.0001,3.3451,5.6901,1.0,0.0,0.0
2.0001,2.2501,7.6901,1.0,0.0,0.0
2.0001,0.000103078,5.6901,1.0,0.0,0.0
2.0001,0.000103078,5.6901,1.0,0.0,0.0
2.0001,2.2501,7.6901,1.0,0.0,0.0
2.0001,2.1656,7.6973,1.0,0.0,0.0
2.0001,0.000103078,5.6901,1.0,0.0,0.0
2.0001,2.1656,7.6973,1.0,0.0,0.0
2.0001,2.08353,7.71866,1.0,0.0,0.0
2.0001,2.49395,7.7536,1.0,0.0,0.0
2.0001,2.41667,7.71866,1.0,0.0,0.0
2.0001,3.3451,5.6901,1.0,0.0,0.0
2.0001,3.3451,5.6901,1.0,0.0,0.0
2.0001,2.41667,7.71866,1.0,0.0,0.0
2.0001,2.3346,7.6973,1.0,0.0,0.0
2.0001,3.3451,5.6901,1.0,0.0,0.0
2.0001,2.3346,7.6973,1.0,0.0,0.0
2.0001,2.2501,7.6901,1.0,0.0,0.0
2.0001,43.0301,8.60436,1.0,0.0,0.0
2.0001,43.0961,8.55108,1.0,0.0,0.0
2.0001,50.0001,16.0001,1.0,0.0,0.0
2.0001,50.0001,16.0001,1.0,0.0,0.0
2.0001,43.0961,8.55108,1.0,0.0,0.0
2.0001,43.1521,8.48742,1.0,0.0,0.0
2.0001,2.08353,7.71866,1.0,0.0,0.0
2.0001,2.00626,7.7536,1.0,0.0,0.0
2.0001,0.000103078,5.6901,1.0,0.0,0.0
2.0001,0.000103078,5.6901,1.0,0.0,0.0
2.0001,2.00626,7.7536,1.0,0.0,0.0
2.0001,1.93599,7.80109,1.0,0.0,0.0
2.0001,0.000103078,5.6901,1.0,0.0,0.0
2.0001,1.93599,7.80109,1.0,0.0,0.0
2.0001,1.87477,7.85977,1.0,0.0,0.0
2.0001,43.2497,8.16888,1.0,0.0,0.0
2.0001,43.2389,8.08476,1.0,0.0,0.0
2.0001,50.0001,4.0001,1.0,0.0,0.0
2.0001,50.0001,4.0001,1.0,0.0,0.0
2.0001,43.2389,8.08476,1.0,0.0,0.0
2.0001,43.2141,8.00368,1.0,0.0,0.0
2.0001,50.0001,4.0001,1.0,0.0,0.0
2.0001,43.2141,8.00368,1.0,0.0,0.0
2.0001,43.1759,7.92795,1.0,0.0,0.0
2.0001,27.3042,7.41046,1.0,0.0,0.0
2.0001,27.2669,7.53209,1.0,0.0,0.0
2.0001,16.0001,1.0001,1.0,0.0,0.0
2.0001,16.0001,1.0001,1.0,0.0,0.0
2.0001,27.2669,7.53209,1.0,0.0,0.0
2.0001,27.2508,7.65827,1.0,0.0,0.0
2.0001,16.0001,1.0001,1.0,0.0,0.0
2.0001,27.2508,7.65827,1.0,0.0,0.0
2.0001,27.2562,7.78537,1.0,0.0,0.0
2.0001,1.87477,7.85977,1.0,0.0,0.0
2.0001,1.82434,7.92795,1.0,0.0,0.0
2.0001,0.000103078,5.6901,1.0,0.0,0.0
2.0001,0.000103078,5.6901,1.0,0.0,0.0
2.0001,1.82434,7.92795,1.0,0.0,0.0
2.0001,1.78616,8.00368,1.0,0.0,0.0
2.0001,0.000103078,5.6901,1.0,0.0,0.0
2.0001,1.78616,8.00368,1.0,0.0,0.0
2.0001,1.76133,8.08476,1.0,0.0,0.0
2.0001,2.74965,8.16888,1.0,0.0,0.0
2.0001,2.73888,8.08476,1.0,0.0,0.0
2.0001,19.0001,16.0001,1.0,0.0,0.0
2.0001,19.0001,16.0001,1.0,0.0,0.0
2.0001,2.73888,8.08476,1.0,0.0,0.0
2.0001,2.71405,8.00368,1.0,0.0,0.0
2.0001,19.0001,16.0001,1.0,0.0,0.0
2.0001,2.71405,8.00368,1.0,0.0,0.0
2.0001,3.3451,5.6901,1.0,0.0,0.0
2.0001,3.3451,5.6901,1.0,0.0,0.0
2.0001,2.71405,8.00368,1.0,0.0,0.0
2.0001,2.67587,7.92795,1.0,0.0,0.0
2.0001,3.3451,5.6901,1.0,0.0,0.0
2.0001,2.67587,7.92795,1.0,0.0,0.0
2.0001,2.62544,7.85977,1.0,0.0,0.0
2.0001,42.4701,8.60436,1.0,0.0,0.0
2.0001,42.5442,8.64572,1.0,0.0,0.0
2.0001,41.0001,16.0001,1.0,0.0,0.0
2.0001,41.0001,16.0001,1.0,0.0,0.0
2.0001,42.5442,8.64572,1.0,0.0,0.0
2.0001,42.6241,8.67397,1.0,0.0,0.0
2.0001,41.0001,16.0001,1.0,0.0,0.0
2.0001,42.6241,8.67397,1.0,0.0,0.0
2.0001,42.7077,8.6883,1.0,0.0,0.0
2.0001,43.1521,8.48742,1.0,0.0,0.0
2.0001,43.1966,8.41521,1.0,0.0,0.0
2.0001,50.0001,16.0001,1.0,0.0,0.0
2.0001,50.0001,16.0001,1.0,0.0,0.0
2.0001,43.1966,8.41521,1.0,0.0,0.0
2.0001,43.2282,8.33651,1.0,0.0,0.0
2.0001,50.0001,16.0001,1.0,0.0,0.0
2.0001,43.2282,8.33651,1.0,0.0,0.0
2.0001,50.0001,4.0001,1.0,0.0,0.0
2.0001,50.0001,4.0001,1.0,0.0,0.0
2.0001,43.2282,8.33651,1.0,0.0,0.0
2.0001,43.2461,8.25361,1.0,0.0,0.0
2.0001,50.0001,4.0001,1.0,0.0,0.0
2.0001,43.2461,8.25361,1.0,0.0,0.0
2.0001,43.2497,8.16888,1.0,0.0,0.0
2.0001,27.7502,6.98294,1.0,0.0,0.0
2.0001,27.6343,7.03534,1.0,0.0,0.0
2.0001,25.0001,1.0001,1.0,0.0,0.0
2.0001,25.0001,1.0001,1.0,0.0,0.0
2.0001,27.6343,7.03534,1.0,0.0,0.0
2.0001,21.0001,1.0001,1.0,0.0,0.0
2.0001,28.25,6.98294,1.0,0.0,0.0
2.0001,28.1269,6.95089,1.0,0.0,0.0
2.0001,30.0001,0.000102445,1.0,0.0,0.0
2.0001,30.0001,0.000102445,1.0,0.0,0.0
2.0001,28.1269,6.95089,1.0,0.0,0.0
2.0001,28.0001,6.9401,1.0,0.0,0.0
2.0001,30.0001,0.000102445,1.0,0.0,0.0
2.0001,28.0001,6.9401,1.0,0.0,0.0
2.0001,25.0001,1.0001,1.0,0.0,0.0
2.0001,25.0001,1.0001,1.0,0.0,0.0
2.0001,28.0001,6.9401,1.0,0.0,0.0
2.0001,27.8734,6.95089,1.0,0.0,0.0
2.0001,25.0001,1.0001,1.0,0.0,0.0
2.0001,27.8734,6.95089,1.0,0.0,0.0
2.0001,27.7502,6.98294,1.0,0.0,0.0
2.0001,42.5835,7.71866,1.0,0.0,0.0
2.0001,42.5063,7.7536,1.0,0.0,0.0
2.0001,28.744,7.78537,1.0,0.0,0.0
2.0001,28.744,7.78537,1.0,0.0,0.0
2.0001,42.5063,7.7536,1.0,0.0,0.0
2.0001,42.436,7.80109,1.0,0.0,0.0
2.0001,28.744,7.78537,1.0,0.0,0.0
2.0001,42.436,7.80109,1.0,0.0,0.0
2.0001,28.7172,7.90972,1.0,0.0,0.0
2.0001,2.69657,8.41521,1.0,0.0,0.0
2.0001,2.72819,8.33651,1.0,0.0,0.0
2.0001,19.0001,16.0001,1.0,0.0,0.0
2.0001,19.0001,16.0001,1.0,0.0,0.0
2.0001,2.72819,8.33651,1.0,0.0,0.0
2.0001,2.74605,8.25361,1.0,0.0,0.0
2.0001,19.0001,16.0001,1.0,0.0,0.0
2.0001,2.74605,8.25361,1.0,0.0,0.0
2.0001,2.74965,8.16888,1.0,0.0,0.0
2.0001,27.2562,7.78537,1.0,0.0,0.0
2.0001,27.283,7.90972,1.0,0.0,0.0
2.0001,16.0001,1.0001,1.0,0.0,0.0
2.0001,16.0001,1.0001,1.0,0.0,0.0
2.0001,27.283,7.90972,1.0,0.0,0.0
2.0001,27.3304,8.02776,1.0,0.0,0.0
2.0001,16.0001,1.0001,1.0,0.0,0.0
2.0001,27.3304,8.02776,1.0,0.0,0.0
2.0001,31.0001,16.0001,1.0,0.0,0.0
2.0001,31.0001,16.0001,1.0,0.0,0.0
2.0001,27.3304,8.02776,1.0,0.0,0.0
2.0001,27.3971,8.13608,1.0,0.0,0.0
2.0001,1.80364,8.41521,1.0,0.0,0.0
2.0001,1.8481,8.48742,1.0,0.0,0.0
2.0001,0.000103078,16.0001,1.0,0.0,0.0
2.0001,0.000103078,16.0001,1.0,0.0,0.0
2.0001,1.8481,8.48742,1.0,0.0,0.0
2.0001,1.90413,8.55108,1.0,0.0,0.0
2.0001,42.7077,8.6883,1.0,0.0,0.0
2.0001,42.7925,8.6883,1.0,0.0,0.0
2.0001,41.0001,16.0001,1.0,0.0,0.0
2.0001,41.0001,16.0001,1.0,0.0,0.0
2.0001,42.7925,8.6883,1.0,0.0,0.0
2.0001,42.8761,8.67397,1.0,0.0,0.0
2.0001,41.0001,16.0001,1.0,0.0,0.0
2.0001,42.8761,8.67397,1.0,0.0,0.0
2.0001,50.0001,16.0001,1.0,0.0,0.0
2.0001,50.0001,16.0001,1.0,0.0,0.0
2.0001,42.8761,8.67397,1.0,0.0,0.0
2.0001,42.9561,8.64572,1.0,0.0,0.0
2.0001,50.0001,16.0001,1.0,0.0,0.0
2.0001,42.9561,8.64572,1.0,0.0,0.0
2.0001,43.0301,8.60436,1.0,0.0,0.0
2.0001,27.6343,7.03534,1.0,0.0,0.0
2.0001,27.5289,7.10658,1.0,0.0,0.0
2.0001,21.0001,1.0001,1.0,0.0,0.0
2.0001,21.0001,1.0001,1.0,0.0,0.0
2.0001,27.5289,7.10658,1.0,0.0,0.0
2.0001,27.4371,7.1946,1.0,0.0,0.0
2.0001,21.0001,1.0001,1.0,0.0,0.0
2.0001,27.4371,7.1946,1.0,0.0,0.0
2.0001,16.0001,1.0001,1.0,0.0,0.0
2.0001,16.0001,1.0001,1.0,0.0,0.0
2.0001,27.4371,7.1946,1.0,0.0,0.0
2.0001,27.3615,7.29687,1.0,0.0,0.0
2.0001,16.0001,1.0001,1.0,0.0,0.0
2.0001,27.3615,7.29687,1.0,0.0,0.0
2.0001,27.3042,7.41046,1.0,0.0,0.0
2.0001,27.3971,8.13608,1.0,0.0,0.0
2.0001,27.4811,8.23157,1.0,0.0,0.0
2.0001,31.0001,16.0001,1.0,0.0,0.0
2.0001,31.0001,16.0001,1.0,0.0,0.0
2.0001,27.4811,8.23157,1.0,0.0,0.0
2.0001,27.5801,8.31149,1.0,0.0,0.0
2.0001,31.0001,16.0001,1.0,0.0,0.0
2.0001,27.5801,8.31149,1.0,0.0,0.0
2.0001,27.6912,8.37352,1.0,0.0,0.0
2.0001,28.7494,7.65827,1.0,0.0,0.0
2.0001,42.7501,7.6901,1.0,0.0,0.0
2.0001,28.744,7.78537,1.0,0.0,0.0
2.0001,28.744,7.78537,1.0,0.0,0.0
2.0001,42.7501,7.6901,1.0,0.0,0.0
2.0001,42.6656,7.6973,1.0,0.0,0.0
2.0001,28.744,7.78537,1.0,0.0,0.0
2.0001,42.6656,7.6973,1.0,0.0,0.0
2.0001,42.5835,7.71866,1.0,0.0,0.0
2.0001,1.76133,8.08476,1.0,0.0,0.0
2.0001,1.75055,8.16888,1.0,0.0,0.0
2.0001,0.000103078,5.6901,1.0,0.0,0.0
2.0001,0.000103078,5.6901,1.0,0.0,0.0
2.0001,1.75055,8.16888,1.0,0.0,0.0
2.0001,1.75415,8.25361,1.0,0.0,0.0
2.0001,0.000103078,5.6901,1.0,0.0,0.0
2.0001,1.75415,8.25361,1.0,0.0,0.0
2.0001,0.000103078,16.0001,1.0,0.0,0.0
2.0001,0.000103078,16.0001,1.0,0.0,0.0
2.0001,1.75415,8.25361,1.0,0.0,0.0
2.0001,1.77202,8.33651,1.0,0.0,0.0
2.0001,0.000103078,16.0001,1.0,0.0,0.0
2.0001,1.77202,8.33651,1.0,0.0,0.0
2.0001,1.80364,8.41521,1.0,0.0,0.0
2.0001,27.6912,8.37352,1.0,0.0,0.0
2.0001,27.8111,8.4159,1.0,0.0,0.0
2.0001,31.0001,16.0001,1.0,0.0,0.0
2.0001,31.0001,16.0001,1.0,0.0,0.0
2.0001,27.8111,8.4159,1.0,0.0,0.0
2.0001,27.9365,8.4374,1.0,0.0,0.0
2.0001,31.0001,16.0001,1.0,0.0,0.0
2.0001,27.9365,8.4374,1.0,0.0,0.0
2.0001,28.0637,8.4374,1.0,0.0,0.0
2.0001,28.0637,8.4374,1.0,0.0,0.0
2.0001,28.1891,8.4159,1.0,0.0,0.0
2.0001,31.0001,16.0001,1.0,0.0,0.0
2.0001,31.0001,16.0001,1.0,0.0,0.0
2.0001,28.1891,8.4159,1.0,0.0,0.0
2.0001,28.309,8.37352,1.0,0.0,0.0
2.0001,31.0001,16.0001,1.0,0.0,0.0
2.0001,28.309,8.37352,1.0,0.0,0.0
2.0001,28.4201,8.31149,1.0,0.0,0.0
2.0001,28.4713,7.10658,1.0,0.0,0.0
2.0001,28.3659,7.03534,1.0,0.0,0.0
2.0001,30.4123,3.80912,1.0,0.0,0.0
2.0001,1.90413,8.55108,1.0,0.0,0.0
2.0001,1.97012,8.60436,1.0,0.0,0.0
2.0001,0.000103078,16.0001,1.0,0.0,0.0
2.0001,0.000103078,16.0001,1.0,0.0,0.0
2.0001,1.97012,8.60436,1.0,0.0,0.0
2.0001,2.04415,8.64572,1.0,0.0,0.0
2.0001,0.000103078,16.0001,1.0,0.0,0.0
2.0001,2.04415,8.64572,1.0,0.0,0.0
2.0001,2.12411,8.67397,1.0,0.0,0.0
2.0001,28.7494,7.65827,1.0,0.0,0.0
2.0001,28.7333,7.53209,1.0,0.0,0.0
2.0001,42.7501,7.6901,1.0,0.0,0.0
2.0001,42.7501,7.6901,1.0,0.0,0.0
2.0001,28.7333,7.53209,1.0,0.0,0.0
2.0001,28.696,7.41046,1.0,0.0,0.0
2.0001,42.7501,7.6901,1.0,0.0,0.0
2.0001,28.696,7.41046,1.0,0.0,0.0
2.0001,30.6911,3.95116,1.0,0.0,0.0
2.0001,30.6911,3.95116,1.0,0.0,0.0
2.0001,28.696,7.41046,1.0,0.0,0.0
2.0001,28.6387,7.29687,1.0,0.0,0.0
2.0001,28.6387,7.29687,1.0,0.0,0.0
2.0001,28.5631,7.1946,1.0,0.0,0.0
2.0001,30.6911,3.95116,1.0,0.0,0.0
2.0001,30.6911,3.95116,1.0,0.0,0.0
2.0001,28.5631,7.1946,1.0,0.0,0.0
2.0001,28.4713,7.10658,1.0,0.0,0.0
2.0001,30.6911,3.95116,1.0,0.0,0.0
2.0001,28.4713,7.10658,1.0,0.0,0.0
2.0001,30.5461,3.89111,1.0,0.0,0.0
2.0001,30.5461,3.89111,1.0,0.0,0.0
2.0001,28.4713,7.10658,1.0,0.0,0.0
2.0001,30.4123,3.80912,1.0,0.0,0.0
2.0001,2.12411,8.67397,1.0,0.0,0.0
2.0001,2.2077,8.6883,1.0,0.0,0.0
2.0001,0.000103078,16.0001,1.0,0.0,0.0
2.0001,0.000103078,16.0001,1.0,0.0,0.0
2.0001,2.2077,8.6883,1.0,0.0,0.0
2.0001,2.29251,8.6883,1.0,0.0,0.0
2.0001,0.000103078,16.0001,1.0,0.0,0.0
2.0001,2.29251,8.6883,1.0,0.0,0.0
2.0001,9.0001,16.0001,1.0,0.0,0.0
2.0001,9.0001,16.0001,1.0,0.0,0.0
2.0001,2.29251,8.6883,1.0,0.0,0.0
2.0001,2.37609,8.67397,1.0,0.0,0.0
2.0001,9.0001,16.0001,1.0,0.0,0.0
2.0001,2.37609,8.67397,1.0,0.0,0.0
2.0001,2.45605,8.64572,1.0,0.0,0.0
2.0001,2.45605,8.64572,1.0,0.0,0.0
2.0001,2.53009,8.60436,1.0,0.0,0.0
2.0001,9.0001,16.0001,1.0,0.0,0.0
2.0001,9.0001,16.0001,1.0,0.0,0.0
2.0001,2.53009,8.60436,1.0,0.0,0.0
2.0001,2.59607,8.55108,1.0,0.0,0.0
2.0001,9.0001,16.0001,1.0,0.0,0.0
2.0001,2.59607,8.55108,1.0,0.0,0.0
2.0001,19.0001,16.0001,1.0,0.0,0.0
2.0001,19.0001,16.0001,1.0,0.0,0.0
2.0001,2.59607,8.55108,1.0,0.0,0.0
2.0001,2.6521,8.48742,1.0,0.0,0.0
2.0001,19.0001,16.0001,1.0,0.0,0.0
2.0001,2.6521,8.48742,1.0,0.0,0.0
2.0001,2.69657,8.41521,1.0,0.0,0.0
2.0001,28.4201,8.31149,1.0,0.0,0.0
2.0001,28.5191,8.23157,1.0,0.0,0.0
2.0001,31.0001,16.0001,1.0,0.0,0.0
2.0001,31.0001,16.0001,1.0,0.0,0.0
2.0001,28.5191,8.23157,1.0,0.0,0.0
2.0001,28.6031,8.13608,1.0,0.0,0.0
2.0001,31.0001,16.0001,1.0,0.0,0.0
2.0001,28.6031,8.13608,1.0,0.0,0.0
2.0001,42.436,7.80109,1.0,0.0,0.0
2.0001,42.436,7.80109,1.0,0.0,0.0
2.0001,28.6031,8.13608,1.0,0.0,0.0
2.0001,28.6698,8.02776,1.0,0.0,0.0
2.0001,42.436,7.80109,1.0,0.0,0.0
2.0001,28.6698,8.02776,1.0,0.0,0.0
2.0001,28.7172,7.90972,1.0,0.0,0.0
2.0001,30.0001,0.000102445,1.0,0.0,0.0
2.0001,30.0001,3.0001,1.0,0.0,0.0
2.0001,28.25,6.98294,1.0,0.0,0.0
2.0001,28.25,6.98294,1.0,0.0,0.0
2.0001,30.0001,3.0001,1.0,0.0,0.0
2.0001,30.0124,3.15654,1.0,0.0,0.0
2.0001,28.25,6.98294,1.0,0.0,0.0
2.0001,30.0124,3.15654,1.0,0.0,0.0
2.0001,30.049,3.30912,1.0,0.0,0.0
2.0001,30.049,3.30912,1.0,0.0,0.0
2.0001,30.1091,3.45409,1.0,0.0,0.0
2.0001,28.25,6.98294,1.0,0.0,0.0
2.0001,28.25,6.98294,1.0,0.0,0.0
2.0001,30.1091,3.45409,1.0,0.0,0.0
2.0001,30.1911,3.58789,1.0,0.0,0.0
2.0001,28.25,6.98294,1.0,0.0,0.0
2.0001,30.1911,3.58789,1.0,0.0,0.0
2.0001,28.3659,7.03534,1.0,0.0,0.0
2.0001,28.3659,7.03534,1.0,0.0,0.0
2.0001,30.1911,3.58789,1.0,0.0,0.0
2.0001,30.293,3.70721,1.0,0.0,0.0
2.0001,28.3659,7.03534,1.0,0.0,0.0
2.0001,30.293,3.70721,1.0,0.0,0.0
2.0001,30.4123,3.80912,1.0,0.0,0.0
