6.67865,68.4987,0.0,0.0,0.0,-1.0
6.95139,68.2969,0.0,0.0,0.0,-1.0
0.0,0.0,0.0,0.0,0.0,-1.0
120.0,30.0,0.0,0.0,0.0,-1.0
96.9928,14.8304,0.0,0.0,0.0,-1.0
96.9928,15.1696,0.0,0.0,0.0,-1.0
6.67865,68.4987,0.0,0.0,0.0,-1.0
0.0,0.0,0.0,0.0,0.0,-1.0
6.44393,68.7436,0.0,0.0,0.0,-1.0
102.679,0.0,0.0,0.0,0.0,-1.0
96.657,13.8801,0.0,0.0,0.0,-1.0
96.8225,14.1762,0.0,0.0,0.0,-1.0
120.0,30.0,0.0,0.0,0.0,-1.0
96.9928,15.1696,0.0,0.0,0.0,-1.0
120.0,62.3,0.0,0.0,0.0,-1.0
95.3323,62.3,0.0,0.0,0.0,-1.0
86.9928,59.8304,0.0,0.0,0.0,-1.0
86.9928,60.1696,0.0,0.0,0.0,-1.0
6.0,70.0,0.0,0.0,0.0,-1.0
0.0,75.0,0.0,0.0,0.0,-1.0
6.02877,70.338,0.0,0.0,0.0,-1.0
6.02877,70.338,0.0,0.0,0.0,-1.0
0.0,75.0,0.0,0.0,0.0,-1.0
6.11424,70.6663,0.0,0.0,0.0,-1.0
6.0,70.0,0.0,0.0,0.0,-1.0
6.02877,69.662,0.0,0.0,0.0,-1.0
0.0,75.0,0.0,0.0,0.0,-1.0
0.0,75.0,0.0,0.0,0.0,-1.0
6.02877,69.662,0.0,0.0,0.0,-1.0
6.11424,69.3337,0.0,0.0,0.0,-1.0
0.0,75.0,0.0,0.0,0.0,-1.0
6.11424,69.3337,0.0,0.0,0.0,-1.0
0.0,0.0,0.0,0.0,0.0,-1.0
0.0,0.0,0.0,0.0,0.0,-1.0
6.11424,69.3337,0.0,0.0,0.0,-1.0
6.25397,69.0246,0.0,0.0,0.0,-1.0
0.0,0.0,0.0,0.0,0.0,-1.0
6.25397,69.0246,0.0,0.0,0.0,-1.0
6.44393,68.7436,0.0,0.0,0.0,-1.0
15.9004,16.7859,0.0,0.0,0.0,-1.0
15.5856,16.9123,0.0,0.0,0.0,-1.0
6.95139,68.2969,0.0,0.0,0.0,-1.0
13.4439,13.7436,0.0,0.0,0.0,-1.0
13.6786,13.4987,0.0,0.0,0.0,-1.0
0.0,0.0,0.0,0.0,0.0,-1.0
0.0,0.0,0.0,0.0,0.0,-1.0
13.6786,13.4987,0.0,0.0,0.0,-1.0
13.9514,13.2969,0.0,0.0,0.0,-1.0
102.679,0.0,0.0,0.0,0.0,-1.0
96.8225,14.1762,0.0,0.0,0.0,-1.0
120.0,30.0,0.0,0.0,0.0,-1.0
120.0,30.0,0.0,0.0,0.0,-1.0
96.8225,14.1762,0.0,0.0,0.0,-1.0
96.9355,14.496,0.0,0.0,0.0,-1.0
120.0,30.0,0.0,0.0,0.0,-1.0
96.9355,14.496,0.0,0.0,0.0,-1.0
96.9928,14.8304,0.0,0.0,0.0,-1.0
96.8225,15.8238,0.0,0.0,0.0,-1.0
96.657,16.1199,0.0,0.0,0.0,-1.0
95.3323,62.3,0.0,0.0,0.0,-1.0
14.5786,16.9551,0.0,0.0,0.0,-1.0
14.2543,16.8558,0.0,0.0,0.0,-1.0
6.95139,68.2969,0.0,0.0,0.0,-1.0
83.254,60.9754,0.0,0.0,0.0,-1.0
83.1142,60.6663,0.0,0.0,0.0,-1.0
0.0,75.0,0.0,0.0,0.0,-1.0
0.0,75.0,0.0,0.0,0.0,-1.0
7.91512,71.9982,0.0,0.0,0.0,-1.0
7.57864,71.9551,0.0,0.0,0.0,-1.0
6.67865,71.5013,0.0,0.0,0.0,-1.0
6.44393,71.2564,0.0,0.0,0.0,-1.0
0.0,75.0,0.0,0.0,0.0,-1.0
0.0,75.0,0.0,0.0,0.0,-1.0
6.44393,71.2564,0.0,0.0,0.0,-1.0
6.25397,70.9754,0.0,0.0,0.0,-1.0
0.0,75.0,0.0,0.0,0.0,-1.0
6.25397,70.9754,0.0,0.0,0.0,-1.0
6.11424,70.6663,0.0,0.0,0.0,-1.0
0.0,0.0,0.0,0.0,0.0,-1.0
13.0,15.0,0.0,0.0,0.0,-1.0
13.0288,14.662,0.0,0.0,0.0,-1.0
0.0,0.0,0.0,0.0,0.0,-1.0
93.1142,14.3337,0.0,0.0,0.0,-1.0
93.254,14.0246,0.0,0.0,0.0,-1.0
93.254,14.0246,0.0,0.0,0.0,-1.0
93.4439,13.7436,0.0,0.0,0.0,-1.0
0.0,0.0,0.0,0.0,0.0,-1.0
0.0,0.0,0.0,0.0,0.0,-1.0
93.4439,13.7436,0.0,0.0,0.0,-1.0
93.6786,13.4987,0.0,0.0,0.0,-1.0
0.0,0.0,0.0,0.0,0.0,-1.0
93.6786,13.4987,0.0,0.0,0.0,-1.0
102.679,0.0,0.0,0.0,0.0,-1.0
102.679,0.0,0.0,0.0,0.0,-1.0
93.6786,13.4987,0.0,0.0,0.0,-1.0
93.9514,13.2969,0.0,0.0,0.0,-1.0
120.0,62.3,0.0,0.0,0.0,-1.0
96.9928,15.1696,0.0,0.0,0.0,-1.0
95.3323,62.3,0.0,0.0,0.0,-1.0
95.3323,62.3,0.0,0.0,0.0,-1.0
96.9928,15.1696,0.0,0.0,0.0,-1.0
96.9355,15.504,0.0,0.0,0.0,-1.0
95.3323,62.3,0.0,0.0,0.0,-1.0
96.9355,15.504,0.0,0.0,0.0,-1.0
96.8225,15.8238,0.0,0.0,0.0,-1.0
86.9928,59.8304,0.0,0.0,0.0,-1.0
95.3323,62.3,0.0,0.0,0.0,-1.0
86.9355,59.496,0.0,0.0,0.0,-1.0
7.57864,71.9551,0.0,0.0,0.0,-1.0
7.25429,71.8558,0.0,0.0,0.0,-1.0
0.0,75.0,0.0,0.0,0.0,-1.0
0.0,75.0,0.0,0.0,0.0,-1.0
7.25429,71.8558,0.0,0.0,0.0,-1.0
6.95139,71.7031,0.0,0.0,0.0,-1.0
0.0,75.0,0.0,0.0,0.0,-1.0
6.95139,71.7031,0.0,0.0,0.0,-1.0
6.67865,71.5013,0.0,0.0,0.0,-1.0
13.0288,14.662,0.0,0.0,0.0,-1.0
13.1142,14.3337,0.0,0.0,0.0,-1.0
0.0,0.0,0.0,0.0,0.0,-1.0
0.0,0.0,0.0,0.0,0.0,-1.0
13.1142,14.3337,0.0,0.0,0.0,-1.0
13.254,14.0246,0.0,0.0,0.0,-1.0
0.0,0.0,0.0,0.0,0.0,-1.0
13.254,14.0246,0.0,0.0,0.0,-1.0
13.4439,13.7436,0.0,0.0,0.0,-1.0
7.57864,68.0449,0.0,0.0,0.0,-1.0
7.91512,68.0018,0.0,0.0,0.0,-1.0
93.6786,16.5013,0.0,0.0,0.0,-1.0
93.254,15.9754,0.0,0.0,0.0,-1.0
93.1142,15.6663,0.0,0.0,0.0,-1.0
6.95139,68.2969,0.0,0.0,0.0,-1.0
15.9004,16.7859,0.0,0.0,0.0,-1.0
6.95139,68.2969,0.0,0.0,0.0,-1.0
16.1893,16.608,0.0,0.0,0.0,-1.0
13.9514,13.2969,0.0,0.0,0.0,-1.0
14.2543,13.1442,0.0,0.0,0.0,-1.0
0.0,0.0,0.0,0.0,0.0,-1.0
0.0,0.0,0.0,0.0,0.0,-1.0
14.2543,13.1442,0.0,0.0,0.0,-1.0
14.5786,13.0449,0.0,0.0,0.0,-1.0
0.0,0.0,0.0,0.0,0.0,-1.0
14.5786,13.0449,0.0,0.0,0.0,-1.0
14.9151,13.0018,0.0,0.0,0.0,-1.0
94.9151,13.0018,0.0,0.0,0.0,-1.0
95.254,13.0162,0.0,0.0,0.0,-1.0
102.679,0.0,0.0,0.0,0.0,-1.0
102.679,0.0,0.0,0.0,0.0,-1.0
95.254,13.0162,0.0,0.0,0.0,-1.0
95.5856,13.0877,0.0,0.0,0.0,-1.0
102.679,0.0,0.0,0.0,0.0,-1.0
95.5856,13.0877,0.0,0.0,0.0,-1.0
95.9004,13.2141,0.0,0.0,0.0,-1.0
93.9514,16.7031,0.0,0.0,0.0,-1.0
93.6786,16.5013,0.0,0.0,0.0,-1.0
85.254,58.0162,0.0,0.0,0.0,-1.0
15.5856,13.0877,0.0,0.0,0.0,-1.0
15.9004,13.2141,0.0,0.0,0.0,-1.0
93.0,15.0,0.0,0.0,0.0,-1.0
93.0,15.0,0.0,0.0,0.0,-1.0
15.9004,13.2141,0.0,0.0,0.0,-1.0
16.1893,13.392,0.0,0.0,0.0,-1.0
15.5856,16.9123,0.0,0.0,0.0,-1.0
15.254,16.9838,0.0,0.0,0.0,-1.0
6.95139,68.2969,0.0,0.0,0.0,-1.0
6.95139,68.2969,0.0,0.0,0.0,-1.0
15.254,16.9838,0.0,0.0,0.0,-1.0
14.9151,16.9982,0.0,0.0,0.0,-1.0
6.95139,68.2969,0.0,0.0,0.0,-1.0
14.9151,16.9982,0.0,0.0,0.0,-1.0
14.5786,16.9551,0.0,0.0,0.0,-1.0
14.2543,16.8558,0.0,0.0,0.0,-1.0
13.9514,16.7031,0.0,0.0,0.0,-1.0
6.95139,68.2969,0.0,0.0,0.0,-1.0
6.95139,68.2969,0.0,0.0,0.0,-1.0
13.9514,16.7031,0.0,0.0,0.0,-1.0
13.6786,16.5013,0.0,0.0,0.0,-1.0
6.95139,68.2969,0.0,0.0,0.0,-1.0
13.6786,16.5013,0.0,0.0,0.0,-1.0
13.4439,16.2564,0.0,0.0,0.0,-1.0
86.657,61.12,0.0,0.0,0.0,-1.0
86.4439,61.3839,0.0,0.0,0.0,-1.0
95.3323,62.3,0.0,0.0,0.0,-1.0
88.0,75.0,0.0,0.0,0.0,-1.0
85.9004,61.7859,0.0,0.0,0.0,-1.0
85.5856,61.9123,0.0,0.0,0.0,-1.0
93.9514,13.2969,0.0,0.0,0.0,-1.0
94.2543,13.1442,0.0,0.0,0.0,-1.0
102.679,0.0,0.0,0.0,0.0,-1.0
102.679,0.0,0.0,0.0,0.0,-1.0
94.2543,13.1442,0.0,0.0,0.0,-1.0
94.5786,13.0449,0.0,0.0,0.0,-1.0
102.679,0.0,0.0,0.0,0.0,-1.0
94.5786,13.0449,0.0,0.0,0.0,-1.0
94.9151,13.0018,0.0,0.0,0.0,-1.0
95.9004,13.2141,0.0,0.0,0.0,-1.0
96.1893,13.392,0.0,0.0,0.0,-1.0
102.679,0.0,0.0,0.0,0.0,-1.0
102.679,0.0,0.0,0.0,0.0,-1.0
96.1893,13.392,0.0,0.0,0.0,-1.0
96.4439,13.6161,0.0,0.0,0.0,-1.0
102.679,0.0,0.0,0.0,0.0,-1.0
96.4439,13.6161,0.0,0.0,0.0,-1.0
96.657,13.8801,0.0,0.0,0.0,-1.0
93.254,15.9754,0.0,0.0,0.0,-1.0
6.95139,68.2969,0.0,0.0,0.0,-1.0
93.4439,16.2564,0.0,0.0,0.0,-1.0
93.1142,14.3337,0.0,0.0,0.0,-1.0
0.0,0.0,0.0,0.0,0.0,-1.0
93.0288,14.662,0.0,0.0,0.0,-1.0
93.0288,14.662,0.0,0.0,0.0,-1.0
0.0,0.0,0.0,0.0,0.0,-1.0
14.9151,13.0018,0.0,0.0,0.0,-1.0
93.0288,14.662,0.0,0.0,0.0,-1.0
14.9151,13.0018,0.0,0.0,0.0,-1.0
93.0,15.0,0.0,0.0,0.0,-1.0
93.0,15.0,0.0,0.0,0.0,-1.0
14.9151,13.0018,0.0,0.0,0.0,-1.0
15.254,13.0162,0.0,0.0,0.0,-1.0
93.0,15.0,0.0,0.0,0.0,-1.0
15.254,13.0162,0.0,0.0,0.0,-1.0
15.5856,13.0877,0.0,0.0,0.0,-1.0
16.1893,13.392,0.0,0.0,0.0,-1.0
16.4439,13.6161,0.0,0.0,0.0,-1.0
93.0,15.0,0.0,0.0,0.0,-1.0
93.0,15.0,0.0,0.0,0.0,-1.0
16.4439,13.6161,0.0,0.0,0.0,-1.0
16.657,13.8801,0.0,0.0,0.0,-1.0
93.0,15.0,0.0,0.0,0.0,-1.0
16.657,13.8801,0.0,0.0,0.0,-1.0
16.8225,14.1762,0.0,0.0,0.0,-1.0
16.8225,14.1762,0.0,0.0,0.0,-1.0
16.9355,14.496,0.0,0.0,0.0,-1.0
93.0,15.0,0.0,0.0,0.0,-1.0
93.0,15.0,0.0,0.0,0.0,-1.0
16.9355,14.496,0.0,0.0,0.0,-1.0
16.9928,14.8304,0.0,0.0,0.0,-1.0
93.0,15.0,0.0,0.0,0.0,-1.0
16.9928,14.8304,0.0,0.0,0.0,-1.0
93.0288,15.338,0.0,0.0,0.0,-1.0
13.4439,16.2564,0.0,0.0,0.0,-1.0
13.254,15.9754,0.0,0.0,0.0,-1.0
6.95139,68.2969,0.0,0.0,0.0,-1.0
6.95139,68.2969,0.0,0.0,0.0,-1.0
13.254,15.9754,0.0,0.0,0.0,-1.0
13.1142,15.6663,0.0,0.0,0.0,-1.0
6.95139,68.2969,0.0,0.0,0.0,-1.0
13.1142,15.6663,0.0,0.0,0.0,-1.0
0.0,0.0,0.0,0.0,0.0,-1.0
0.0,0.0,0.0,0.0,0.0,-1.0
13.1142,15.6663,0.0,0.0,0.0,-1.0
13.0288,15.338,0.0,0.0,0.0,-1.0
0.0,0.0,0.0,0.0,0.0,-1.0
13.0288,15.338,0.0,0.0,0.0,-1.0
13.0,15.0,0.0,0.0,0.0,-1.0
85.5856,61.9123,0.0,0.0,0.0,-1.0
85.254,61.9838,0.0,0.0,0.0,-1.0
88.0,75.0,0.0,0.0,0.0,-1.0
88.0,75.0,0.0,0.0,0.0,-1.0
85.254,61.9838,0.0,0.0,0.0,-1.0
84.9151,61.9982,0.0,0.0,0.0,-1.0
88.0,75.0,0.0,0.0,0.0,-1.0
84.9151,61.9982,0.0,0.0,0.0,-1.0
84.5786,61.9551,0.0,0.0,0.0,-1.0
8.58565,68.0877,0.0,0.0,0.0,-1.0
83.0,60.0,0.0,0.0,0.0,-1.0
8.25403,68.0162,0.0,0.0,0.0,-1.0
8.25403,68.0162,0.0,0.0,0.0,-1.0
83.0,60.0,0.0,0.0,0.0,-1.0
7.91512,68.0018,0.0,0.0,0.0,-1.0
8.58565,68.0877,0.0,0.0,0.0,-1.0
8.90041,68.2141,0.0,0.0,0.0,-1.0
83.0,60.0,0.0,0.0,0.0,-1.0
83.0,60.0,0.0,0.0,0.0,-1.0
8.90041,68.2141,0.0,0.0,0.0,-1.0
9.18927,68.392,0.0,0.0,0.0,-1.0
83.0,60.0,0.0,0.0,0.0,-1.0
9.18927,68.392,0.0,0.0,0.0,-1.0
9.44391,68.6161,0.0,0.0,0.0,-1.0
9.44391,68.6161,0.0,0.0,0.0,-1.0
9.65702,68.8801,0.0,0.0,0.0,-1.0
83.0,60.0,0.0,0.0,0.0,-1.0
83.0,60.0,0.0,0.0,0.0,-1.0
9.65702,68.8801,0.0,0.0,0.0,-1.0
9.82246,69.1762,0.0,0.0,0.0,-1.0
83.0,60.0,0.0,0.0,0.0,-1.0
9.82246,69.1762,0.0,0.0,0.0,-1.0
9.93547,69.496,0.0,0.0,0.0,-1.0
9.18927,71.608,0.0,0.0,0.0,-1.0
83.1142,60.6663,0.0,0.0,0.0,-1.0
9.44391,71.3839,0.0,0.0,0.0,-1.0
9.44391,71.3839,0.0,0.0,0.0,-1.0
83.1142,60.6663,0.0,0.0,0.0,-1.0
9.65702,71.1199,0.0,0.0,0.0,-1.0
83.4439,58.7436,0.0,0.0,0.0,-1.0
83.6786,58.4987,0.0,0.0,0.0,-1.0
93.6786,16.5013,0.0,0.0,0.0,-1.0
93.6786,16.5013,0.0,0.0,0.0,-1.0
83.6786,58.4987,0.0,0.0,0.0,-1.0
83.9514,58.2969,0.0,0.0,0.0,-1.0
93.6786,16.5013,0.0,0.0,0.0,-1.0
83.9514,58.2969,0.0,0.0,0.0,-1.0
84.2543,58.1442,0.0,0.0,0.0,-1.0
93.0288,15.338,0.0,0.0,0.0,-1.0
16.9928,14.8304,0.0,0.0,0.0,-1.0
93.1142,15.6663,0.0,0.0,0.0,-1.0
93.1142,15.6663,0.0,0.0,0.0,-1.0
16.9928,14.8304,0.0,0.0,0.0,-1.0
16.9928,15.1696,0.0,0.0,0.0,-1.0
93.1142,15.6663,0.0,0.0,0.0,-1.0
16.9928,15.1696,0.0,0.0,0.0,-1.0
16.9355,15.504,0.0,0.0,0.0,-1.0
16.9355,15.504,0.0,0.0,0.0,-1.0
16.8225,15.8238,0.0,0.0,0.0,-1.0
93.1142,15.6663,0.0,0.0,0.0,-1.0
93.1142,15.6663,0.0,0.0,0.0,-1.0
16.8225,15.8238,0.0,0.0,0.0,-1.0
16.657,16.1199,0.0,0.0,0.0,-1.0
93.1142,15.6663,0.0,0.0,0.0,-1.0
16.657,16.1199,0.0,0.0,0.0,-1.0
6.95139,68.2969,0.0,0.0,0.0,-1.0
6.95139,68.2969,0.0,0.0,0.0,-1.0
16.657,16.1199,0.0,0.0,0.0,-1.0
16.4439,16.3839,0.0,0.0,0.0,-1.0
6.95139,68.2969,0.0,0.0,0.0,-1.0
16.4439,16.3839,0.0,0.0,0.0,-1.0
16.1893,16.608,0.0,0.0,0.0,-1.0
95.3323,62.3,0.0,0.0,0.0,-1.0
86.4439,61.3839,0.0,0.0,0.0,-1.0
88.0,75.0,0.0,0.0,0.0,-1.0
88.0,75.0,0.0,0.0,0.0,-1.0
86.4439,61.3839,0.0,0.0,0.0,-1.0
86.1893,61.608,0.0,0.0,0.0,-1.0
88.0,75.0,0.0,0.0,0.0,-1.0
86.1893,61.608,0.0,0.0,0.0,-1.0
85.9004,61.7859,0.0,0.0,0.0,-1.0
83.254,60.9754,0.0,0.0,0.0,-1.0
0.0,75.0,0.0,0.0,0.0,-1.0
83.4439,61.2564,0.0,0.0,0.0,-1.0
84.5786,61.9551,0.0,0.0,0.0,-1.0
84.2543,61.8558,0.0,0.0,0.0,-1.0
88.0,75.0,0.0,0.0,0.0,-1.0
88.0,75.0,0.0,0.0,0.0,-1.0
84.2543,61.8558,0.0,0.0,0.0,-1.0
83.9514,61.7031,0.0,0.0,0.0,-1.0
88.0,75.0,0.0,0.0,0.0,-1.0
83.9514,61.7031,0.0,0.0,0.0,-1.0
0.0,75.0,0.0,0.0,0.0,-1.0
0.0,75.0,0.0,0.0,0.0,-1.0
83.9514,61.7031,0.0,0.0,0.0,-1.0
83.6786,61.5013,0.0,0.0,0.0,-1.0
0.0,75.0,0.0,0.0,0.0,-1.0
83.6786,61.5013,0.0,0.0,0.0,-1.0
83.4439,61.2564,0.0,0.0,0.0,-1.0
9.99279,69.8304,0.0,0.0,0.0,-1.0
9.99279,70.1696,0.0,0.0,0.0,-1.0
83.1142,60.6663,0.0,0.0,0.0,-1.0
83.0,60.0,0.0,0.0,0.0,-1.0
83.0288,59.662,0.0,0.0,0.0,-1.0
7.91512,68.0018,0.0,0.0,0.0,-1.0
7.91512,68.0018,0.0,0.0,0.0,-1.0
83.0288,59.662,0.0,0.0,0.0,-1.0
83.1142,59.3337,0.0,0.0,0.0,-1.0
7.91512,68.0018,0.0,0.0,0.0,-1.0
83.1142,59.3337,0.0,0.0,0.0,-1.0
93.6786,16.5013,0.0,0.0,0.0,-1.0
93.6786,16.5013,0.0,0.0,0.0,-1.0
83.1142,59.3337,0.0,0.0,0.0,-1.0
83.254,59.0246,0.0,0.0,0.0,-1.0
93.6786,16.5013,0.0,0.0,0.0,-1.0
83.254,59.0246,0.0,0.0,0.0,-1.0
83.4439,58.7436,0.0,0.0,0.0,-1.0
84.2543,58.1442,0.0,0.0,0.0,-1.0
84.5786,58.0449,0.0,0.0,0.0,-1.0
93.6786,16.5013,0.0,0.0,0.0,-1.0
93.6786,16.5013,0.0,0.0,0.0,-1.0
84.5786,58.0449,0.0,0.0,0.0,-1.0
84.9151,58.0018,0.0,0.0,0.0,-1.0
93.6786,16.5013,0.0,0.0,0.0,-1.0
84.9151,58.0018,0.0,0.0,0.0,-1.0
85.254,58.0162,0.0,0.0,0.0,-1.0
86.1893,58.392,0.0,0.0,0.0,-1.0
96.657,16.1199,0.0,0.0,0.0,-1.0
85.9004,58.2141,0.0,0.0,0.0,-1.0
85.9004,58.2141,0.0,0.0,0.0,-1.0
96.657,16.1199,0.0,0.0,0.0,-1.0
96.4439,16.3839,0.0,0.0,0.0,-1.0
96.4439,16.3839,0.0,0.0,0.0,-1.0
96.1893,16.608,0.0,0.0,0.0,-1.0
85.9004,58.2141,0.0,0.0,0.0,-1.0
85.9004,58.2141,0.0,0.0,0.0,-1.0
96.1893,16.608,0.0,0.0,0.0,-1.0
95.9004,16.7859,0.0,0.0,0.0,-1.0
85.9004,58.2141,0.0,0.0,0.0,-1.0
95.9004,16.7859,0.0,0.0,0.0,-1.0
95.5856,16.9123,0.0,0.0,0.0,-1.0
93.4439,16.2564,0.0,0.0,0.0,-1.0
6.95139,68.2969,0.0,0.0,0.0,-1.0
93.6786,16.5013,0.0,0.0,0.0,-1.0
93.6786,16.5013,0.0,0.0,0.0,-1.0
6.95139,68.2969,0.0,0.0,0.0,-1.0
7.25429,68.1442,0.0,0.0,0.0,-1.0
93.6786,16.5013,0.0,0.0,0.0,-1.0
7.25429,68.1442,0.0,0.0,0.0,-1.0
7.57864,68.0449,0.0,0.0,0.0,-1.0
86.9928,60.1696,0.0,0.0,0.0,-1.0
86.9355,60.504,0.0,0.0,0.0,-1.0
95.3323,62.3,0.0,0.0,0.0,-1.0
95.3323,62.3,0.0,0.0,0.0,-1.0
86.9355,60.504,0.0,0.0,0.0,-1.0
86.8225,60.8238,0.0,0.0,0.0,-1.0
95.3323,62.3,0.0,0.0,0.0,-1.0
86.8225,60.8238,0.0,0.0,0.0,-1.0
86.657,61.12,0.0,0.0,0.0,-1.0
9.99279,70.1696,0.0,0.0,0.0,-1.0
9.93547,70.504,0.0,0.0,0.0,-1.0
83.1142,60.6663,0.0,0.0,0.0,-1.0
83.1142,60.6663,0.0,0.0,0.0,-1.0
9.93547,70.504,0.0,0.0,0.0,-1.0
9.82246,70.8238,0.0,0.0,0.0,-1.0
83.1142,60.6663,0.0,0.0,0.0,-1.0
9.82246,70.8238,0.0,0.0,0.0,-1.0
9.65702,71.1199,0.0,0.0,0.0,-1.0
9.18927,71.608,0.0,0.0,0.0,-1.0
8.90041,71.7859,0.0,0.0,0.0,-1.0
83.1142,60.6663,0.0,0.0,0.0,-1.0
83.1142,60.6663,0.0,0.0,0.0,-1.0
8.90041,71.7859,0.0,0.0,0.0,-1.0
8.58565,71.9123,0.0,0.0,0.0,-1.0
83.1142,60.6663,0.0,0.0,0.0,-1.0
8.58565,71.9123,0.0,0.0,0.0,-1.0
0.0,75.0,0.0,0.0,0.0,-1.0
0.0,75.0,0.0,0.0,0.0,-1.0
8.58565,71.9123,0.0,0.0,0.0,-1.0
8.25403,71.9838,0.0,0.0,0.0,-1.0
0.0,75.0,0.0,0.0,0.0,-1.0
8.25403,71.9838,0.0,0.0,0.0,-1.0
7.91512,71.9982,0.0,0.0,0.0,-1.0
86.1893,58.392,0.0,0.0,0.0,-1.0
86.4439,58.6161,0.0,0.0,0.0,-1.0
96.657,16.1199,0.0,0.0,0.0,-1.0
96.657,16.1199,0.0,0.0,0.0,-1.0
86.4439,58.6161,0.0,0.0,0.0,-1.0
86.657,58.8801,0.0,0.0,0.0,-1.0
96.657,16.1199,0.0,0.0,0.0,-1.0
86.657,58.8801,0.0,0.0,0.0,-1.0
95.3323,62.3,0.0,0.0,0.0,-1.0
95.3323,62.3,0.0,0.0,0.0,-1.0
86.657,58.8801,0.0,0.0,0.0,-1.0
86.8225,59.1762,0.0,0.0,0.0,-1.0
95.3323,62.3,0.0,0.0,0.0,-1.0
86.8225,59.1762,0.0,0.0,0.0,-1.0
86.9355,59.496,0.0,0.0,0.0,-1.0
9.99279,69.8304,0.0,0.0,0.0,-1.0
83.1142,60.6663,0.0,0.0,0.0,-1.0
9.93547,69.496,0.0,0.0,0.0,-1.0
9.93547,69.496,0.0,0.0,0.0,-1.0
83.1142,60.6663,0.0,0.0,0.0,-1.0
83.0288,60.338,0.0,0.0,0.0,-1.0
9.93547,69.496,0.0,0.0,0.0,-1.0
83.0288,60.338,0.0,0.0,0.0,-1.0
83.0,60.0,0.0,0.0,0.0,-1.0
95.5856,16.9123,0.0,0.0,0.0,-1.0
95.254,16.9838,0.0,0.0,0.0,-1.0
85.9004,58.2141,0.0,0.0,0.0,-1.0
85.9004,58.2141,0.0,0.0,0.0,-1.0
95.254,16.9838,0.0,0.0,0.0,-1.0
94.9151,16.9982,0.0,0.0,0.0,-1.0
85.9004,58.2141,0.0,0.0,0.0,-1.0
94.9151,16.9982,0.0,0.0,0.0,-1.0
85.5856,58.0877,0.0,0.0,0.0,-1.0
85.5856,58.0877,0.0,0.0,0.0,-1.0
94.9151,16.9982,0.0,0.0,0.0,-1.0
94.5786,16.9551,0.0,0.0,0.0,-1.0
85.5856,58.0877,0.0,0.0,0.0,-1.0
94.5786,16.9551,0.0,0.0,0.0,-1.0
85.254,58.0162,0.0,0.0,0.0,-1.0
85.254,58.0162,0.0,0.0,0.0,-1.0
94.5786,16.9551,0.0,0.0,0.0,-1.0
94.2543,16.8558,0.0,0.0,0.0,-1.0
85.254,58.0162,0.0,0.0,0.0,-1.0
94.2543,16.8558,0.0,0.0,0.0,-1.0
93.9514,16.7031,0.0,0.0,0.0,-1.0
95.3323,62.3,0.0,0.0,1.0,0.0
95.3323,62.3,1.524,0.0,1.0,0.0
120.0,62.3,0.0,0.0,1.0,0.0
120.0,62.3,0.0,0.0,1.0,0.0
95.3323,62.3,1.524,0.0,1.0,0.0
120.0,62.3,1.524,0.0,1.0,0.0
88.0,75.0,0.0,0.866026,0.5,0.0
88.0,75.0,1.524,0.866026,0.5,0.0
95.3323,62.3,0.0,0.866026,0.5,0.0
95.3323,62.3,0.0,0.866026,0.5,0.0
88.0,75.0,1.524,0.866026,0.5,0.0
95.3323,62.3,1.524,0.866026,0.5,0.0
0.0,75.0,0.0,0.0,1.0,0.0
0.0,75.0,1.524,0.0,1.0,0.0
88.0,75.0,0.0,0.0,1.0,0.0
88.0,75.0,0.0,0.0,1.0,0.0
0.0,75.0,1.524,0.0,1.0,0.0
88.0,75.0,1.524,0.0,1.0,0.0
0.0,0.0,0.0,-1.0,0.0,0.0
0.0,0.0,1.524,-1.0,0.0,0.0
0.0,75.0,0.0,-1.0,0.0,0.0
0.0,75.0,0.0,-1.0,0.0,0.0
0.0,0.0,1.524,-1.0,0.0,0.0
0.0,75.0,1.524,-1.0,0.0,0.0
102.679,0.0,0.0,0.0,-1.0,0.0
102.679,0.0,1.524,0.0,-1.0,0.0
0.0,0.0,0.0,0.0,-1.0,0.0
0.0,0.0,0.0,0.0,-1.0,0.0
102.679,0.0,1.524,0.0,-1.0,0.0
0.0,0.0,1.524,0.0,-1.0,0.0
120.0,30.0,0.0,0.866025,-0.5,0.0
120.0,30.0,1.524,0.866025,-0.5,0.0
102.679,0.0,0.0,0.866025,-0.5,0.0
102.679,0.0,0.0,0.866025,-0.5,0.0
120.0,30.0,1.524,0.866025,-0.5,0.0
102.679,0.0,1.524,0.866025,-0.5,0.0
120.0,62.3,0.0,1.0,0.0,0.0
120.0,62.3,1.524,1.0,0.0,0.0
120.0,30.0,0.0,1.0,0.0,0.0
120.0,30.0,0.0,1.0,0.0,0.0
120.0,62.3,1.524,1.0,0.0,0.0
120.0,30.0,1.524,1.0,0.0,0.0
6.02877,70.338,1.524,0.967731,-0.251984,0.0
6.02877,70.338,0.0,0.967731,-0.251984,0.0
6.11424,70.6663,1.524,0.967731,-0.251984,0.0
6.11424,70.6663,1.524,0.967731,-0.251984,0.0
6.02877,70.338,0.0,0.967731,-0.251984,0.0
6.11424,70.6663,0.0,0.967731,-0.251984,0.0
6.11424,70.6663,1.524,0.911233,-0.41189,0.0
6.11424,70.6663,0.0,0.911233,-0.41189,0.0
6.25397,70.9754,1.524,0.911233,-0.41189,0.0
6.25397,70.9754,1.524,0.911233,-0.41189,0.0
6.11424,70.6663,0.0,0.911233,-0.41189,0.0
6.25397,70.9754,0.0,0.911233,-0.41189,0.0
6.25397,70.9754,1.524,0.828504,-0.559983,0.0
6.25397,70.9754,0.0,0.828504,-0.559983,0.0
6.44393,71.2564,1.524,0.828504,-0.559983,0.0
6.44393,71.2564,1.524,0.828504,-0.559983,0.0
6.25397,70.9754,0.0,0.828504,-0.559983,0.0
6.44393,71.2564,0.0,0.828504,-0.559983,0.0
6.44393,71.2564,1.524,0.721954,-0.691941,0.0
6.44393,71.2564,0.0,0.721954,-0.691941,0.0
6.67865,71.5013,1.524,0.721954,-0.691941,0.0
6.67865,71.5013,1.524,0.721954,-0.691941,0.0
6.44393,71.2564,0.0,0.721954,-0.691941,0.0
6.67865,71.5013,0.0,0.721954,-0.691941,0.0
6.67865,71.5013,1.524,0.594648,-0.803986,0.0
6.67865,71.5013,0.0,0.594648,-0.803986,0.0
6.95139,71.7031,1.524,0.594648,-0.803986,0.0
6.95139,71.7031,1.524,0.594648,-0.803986,0.0
6.67865,71.5013,0.0,0.594648,-0.803986,0.0
6.95139,71.7031,0.0,0.594648,-0.803986,0.0
6.95139,71.7031,1.524,0.450181,-0.892938,0.0
6.95139,71.7031,0.0,0.450181,-0.892938,0.0
7.25429,71.8558,1.524,0.450181,-0.892938,0.0
7.25429,71.8558,1.524,0.450181,-0.892938,0.0
6.95139,71.7031,0.0,0.450181,-0.892938,0.0
7.25429,71.8558,0.0,0.450181,-0.892938,0.0
7.25429,71.8558,1.524,0.292829,-0.956165,0.0
7.25429,71.8558,0.0,0.292829,-0.956165,0.0
7.57864,71.9551,1.524,0.292829,-0.956165,0.0
7.57864,71.9551,1.524,0.292829,-0.956165,0.0
7.25429,71.8558,0.0,0.292829,-0.956165,0.0
7.57864,71.9551,0.0,0.292829,-0.956165,0.0
7.57864,71.9551,1.524,0.127028,-0.991899,0.0
7.57864,71.9551,0.0,0.127028,-0.991899,0.0
7.91512,71.9982,1.524,0.127028,-0.991899,0.0
7.91512,71.9982,1.524,0.127028,-0.991899,0.0
7.57864,71.9551,0.0,0.127028,-0.991899,0.0
7.91512,71.9982,0.0,0.127028,-0.991899,0.0
7.91512,71.9982,1.524,-0.0424401,-0.999099,0.0
7.91512,71.9982,0.0,-0.0424401,-0.999099,0.0
8.25403,71.9838,1.524,-0.0424401,-0.999099,0.0
8.25403,71.9838,1.524,-0.0424401,-0.999099,0.0
7.91512,71.9982,0.0,-0.0424401,-0.999099,0.0
8.25403,71.9838,0.0,-0.0424401,-0.999099,0.0
8.25403,71.9838,1.524,-0.210692,-0.977552,0.0
8.25403,71.9838,0.0,-0.210692,-0.977552,0.0
8.58565,71.9123,1.524,-0.210692,-0.977552,0.0
8.58565,71.9123,1.524,-0.210692,-0.977552,0.0
8.25403,71.9838,0.0,-0.210692,-0.977552,0.0
8.58565,71.9123,0.0,-0.210692,-0.977552,0.0
8.58565,71.9123,1.524,-0.372852,-0.927891,0.0
8.58565,71.9123,0.0,-0.372852,-0.927891,0.0
8.90041,71.7859,1.524,-0.372852,-0.927891,0.0
8.90041,71.7859,1.524,-0.372852,-0.927891,0.0
8.58565,71.9123,0.0,-0.372852,-0.927891,0.0
8.90041,71.7859,0.0,-0.372852,-0.927891,0.0
8.90041,71.7859,1.524,-0.524304,-0.851531,0.0
8.90041,71.7859,0.0,-0.524304,-0.851531,0.0
9.18927,71.608,1.524,-0.524304,-0.851531,0.0
9.18927,71.608,1.524,-0.524304,-0.851531,0.0
8.90041,71.7859,0.0,-0.524304,-0.851531,0.0
9.18927,71.608,0.0,-0.524304,-0.851531,0.0
9.18927,71.608,1.524,-0.660672,-0.750675,0.0
9.18927,71.608,0.0,-0.660672,-0.750675,0.0
9.44391,71.3839,1.524,-0.660672,-0.750675,0.0
9.44391,71.3839,1.524,-0.660672,-0.750675,0.0
9.18927,71.608,0.0,-0.660672,-0.750675,0.0
9.44391,71.3839,0.0,-0.660672,-0.750675,0.0
9.44391,71.3839,1.524,-0.778038,-0.628217,0.0
9.44391,71.3839,0.0,-0.778038,-0.628217,0.0
9.65702,71.1199,1.524,-0.778038,-0.628217,0.0
9.65702,71.1199,1.524,-0.778038,-0.628217,0.0
9.44391,71.3839,0.0,-0.778038,-0.628217,0.0
9.65702,71.1199,0.0,-0.778038,-0.628217,0.0
9.65702,71.1199,1.524,-0.873011,-0.487701,0.0
9.65702,71.1199,0.0,-0.873011,-0.487701,0.0
9.82246,70.8238,1.524,-0.873011,-0.487701,0.0
9.82246,70.8238,1.524,-0.873011,-0.487701,0.0
9.65702,71.1199,0.0,-0.873011,-0.487701,0.0
9.82246,70.8238,0.0,-0.873011,-0.487701,0.0
9.82246,70.8238,1.524,-0.942878,-0.333138,0.0
9.82246,70.8238,0.0,-0.942878,-0.333138,0.0
9.93547,70.504,1.524,-0.942878,-0.333138,0.0
9.93547,70.504,1.524,-0.942878,-0.333138,0.0
9.82246,70.8238,0.0,-0.942878,-0.333138,0.0
9.93547,70.504,0.0,-0.942878,-0.333138,0.0
9.93547,70.504,1.524,-0.985616,-0.168998,0.0
9.93547,70.504,0.0,-0.985616,-0.168998,0.0
9.99279,70.1696,1.524,-0.985616,-0.168998,0.0
9.99279,70.1696,1.524,-0.985616,-0.168998,0.0
9.93547,70.504,0.0,-0.985616,-0.168998,0.0
9.99279,70.1696,0.0,-0.985616,-0.168998,0.0
9.99279,70.1696,1.524,-1.0,0.0,0.0
9.99279,70.1696,0.0,-1.0,0.0,0.0
9.99279,69.8304,1.524,-1.0,0.0,0.0
9.99279,69.8304,1.524,-1.0,0.0,0.0
9.99279,70.1696,0.0,-1.0,0.0,0.0
9.99279,69.8304,0.0,-1.0,0.0,0.0
9.99279,69.8304,1.524,-0.985616,0.168998,0.0
9.99279,69.8304,0.0,-0.985616,0.168998,0.0
9.93547,69.496,1.524,-0.985616,0.168998,0.0
9.93547,69.496,1.524,-0.985616,0.168998,0.0
9.99279,69.8304,0.0,-0.985616,0.168998,0.0
9.93547,69.496,0.0,-0.985616,0.168998,0.0
9.93547,69.496,1.524,-0.942878,0.333138,0.0
9.93547,69.496,0.0,-0.942878,0.333138,0.0
9.82246,69.1762,1.524,-0.942878,0.333138,0.0
9.82246,69.1762,1.524,-0.942878,0.333138,0.0
9.93547,69.496,0.0,-0.942878,0.333138,0.0
9.82246,69.1762,0.0,-0.942878,0.333138,0.0
9.82246,69.1762,1.524,-0.873011,0.487701,0.0
9.82246,69.1762,0.0,-0.873011,0.487701,0.0
9.65702,68.8801,1.524,-0.873011,0.487701,0.0
9.65702,68.8801,1.524,-0.873011,0.487701,0.0
9.82246,69.1762,0.0,-0.873011,0.487701,0.0
9.65702,68.8801,0.0,-0.873011,0.487701,0.0
9.65702,68.8801,1.524,-0.778038,0.628217,0.0
9.65702,68.8801,0.0,-0.778038,0.628217,0.0
9.44391,68.6161,1.524,-0.778038,0.628217,0.0
9.44391,68.6161,1.524,-0.778038,0.628217,0.0
9.65702,68.8801,0.0,-0.778038,0.628217,0.0
9.44391,68.6161,0.0,-0.778038,0.628217,0.0
9.44391,68.6161,1.524,-0.660672,0.750675,0.0
9.44391,68.6161,0.0,-0.660672,0.750675,0.0
9.18927,68.392,1.524,-0.660672,0.750675,0.0
9.18927,68.392,1.524,-0.660672,0.750675,0.0
9.44391,68.6161,0.0,-0.660672,0.750675,0.0
9.18927,68.392,0.0,-0.660672,0.750675,0.0
9.18927,68.392,1.524,-0.524304,0.851531,0.0
9.18927,68.392,0.0,-0.524304,0.851531,0.0
8.90041,68.2141,1.524,-0.524304,0.851531,0.0
8.90041,68.2141,1.524,-0.524304,0.851531,0.0
9.18927,68.392,0.0,-0.524304,0.851531,0.0
8.90041,68.2141,0.0,-0.524304,0.851531,0.0
8.90041,68.2141,1.524,-0.372852,0.927891,0.0
8.90041,68.2141,0.0,-0.372852,0.927891,0.0
8.58565,68.0877,1.524,-0.372852,0.927891,0.0
8.58565,68.0877,1.524,-0.372852,0.927891,0.0
8.90041,68.2141,0.0,-0.372852,0.927891,0.0
8.58565,68.0877,0.0,-0.372852,0.927891,0.0
8.58565,68.0877,1.524,-0.210671,0.977557,0.0
8.58565,68.0877,0.0,-0.210671,0.977557,0.0
8.25403,68.0162,1.524,-0.210671,0.977557,0.0
8.25403,68.0162,1.524,-0.210671,0.977557,0.0
8.58565,68.0877,0.0,-0.210671,0.977557,0.0
8.25403,68.0162,0.0,-0.210671,0.977557,0.0
8.25403,68.0162,1.524,-0.0424626,0.999098,0.0
8.25403,68.0162,0.0,-0.0424626,0.999098,0.0
7.91512,68.0018,1.524,-0.0424626,0.999098,0.0
7.91512,68.0018,1.524,-0.0424626,0.999098,0.0
8.25403,68.0162,0.0,-0.0424626,0.999098,0.0
7.91512,68.0018,0.0,-0.0424626,0.999098,0.0
7.91512,68.0018,1.524,0.127005,0.991902,0.0
7.91512,68.0018,0.0,0.127005,0.991902,0.0
7.57864,68.0449,1.524,0.127005,0.991902,0.0
7.57864,68.0449,1.524,0.127005,0.991902,0.0
7.91512,68.0018,0.0,0.127005,0.991902,0.0
7.57864,68.0449,0.0,0.127005,0.991902,0.0
7.57864,68.0449,1.524,0.29285,0.956158,0.0
7.57864,68.0449,0.0,0.29285,0.956158,0.0
7.25429,68.1442,1.524,0.29285,0.956158,0.0
7.25429,68.1442,1.524,0.29285,0.956158,0.0
7.57864,68.0449,0.0,0.29285,0.956158,0.0
7.25429,68.1442,0.0,0.29285,0.956158,0.0
7.25429,68.1442,1.524,0.450181,0.892938,0.0
7.25429,68.1442,0.0,0.450181,0.892938,0.0
6.95139,68.2969,1.524,0.450181,0.892938,0.0
6.95139,68.2969,1.524,0.450181,0.892938,0.0
7.25429,68.1442,0.0,0.450181,0.892938,0.0
6.95139,68.2969,0.0,0.450181,0.892938,0.0
6.95139,68.2969,1.524,0.594648,0.803986,0.0
6.95139,68.2969,0.0,0.594648,0.803986,0.0
6.67865,68.4987,1.524,0.594648,0.803986,0.0
6.67865,68.4987,1.524,0.594648,0.803986,0.0
6.95139,68.2969,0.0,0.594648,0.803986,0.0
6.67865,68.4987,0.0,0.594648,0.803986,0.0
6.67865,68.4987,1.524,0.721943,0.691953,0.0
6.67865,68.4987,0.0,0.721943,0.691953,0.0
6.44393,68.7436,1.524,0.721943,0.691953,0.0
6.44393,68.7436,1.524,0.721943,0.691953,0.0
6.67865,68.4987,0.0,0.721943,0.691953,0.0
6.44393,68.7436,0.0,0.721943,0.691953,0.0
6.44393,68.7436,1.524,0.828511,0.559973,0.0
6.44393,68.7436,0.0,0.828511,0.559973,0.0
6.25397,69.0246,1.524,0.828511,0.559973,0.0
6.25397,69.0246,1.524,0.828511,0.559973,0.0
6.44393,68.7436,0.0,0.828511,0.559973,0.0
6.25397,69.0246,0.0,0.828511,0.559973,0.0
6.25397,69.0246,1.524,0.91123,0.411899,0.0
6.25397,69.0246,0.0,0.91123,0.411899,0.0
6.11424,69.3337,1.524,0.91123,0.411899,0.0
6.11424,69.3337,1.524,0.91123,0.411899,0.0
6.25397,69.0246,0.0,0.91123,0.411899,0.0
6.11424,69.3337,0.0,0.91123,0.411899,0.0
6.11424,69.3337,1.524,0.967733,0.251978,0.0
6.11424,69.3337,0.0,0.967733,0.251978,0.0
6.02877,69.662,1.524,0.967733,0.251978,0.0
6.02877,69.662,1.524,0.967733,0.251978,0.0
6.11424,69.3337,0.0,0.967733,0.251978,0.0
6.02877,69.662,0.0,0.967733,0.251978,0.0
6.02877,69.662,1.524,0.996398,0.0848047,0.0
6.02877,69.662,0.0,0.996398,0.0848047,0.0
6.0,70.0,1.524,0.996398,0.0848047,0.0
6.0,70.0,1.524,0.996398,0.0848047,0.0
6.02877,69.662,0.0,0.996398,0.0848047,0.0
6.0,70.0,0.0,0.996398,0.0848047,0.0
6.0,70.0,1.524,0.996398,-0.0848047,0.0
6.0,70.0,0.0,0.996398,-0.0848047,0.0
6.02877,70.338,1.524,0.996398,-0.0848047,0.0
6.02877,70.338,1.524,0.996398,-0.0848047,0.0
6.0,70.0,0.0,0.996398,-0.0848047,0.0
6.02877,70.338,0.0,0.996398,-0.0848047,0.0
13.0288,15.338,1.524,0.967733,-0.251978,0.0
13.0288,15.338,0.0,0.967733,-0.251978,0.0
13.1142,15.6663,1.524,0.967733,-0.251978,0.0
13.1142,15.6663,1.524,0.967733,-0.251978,0.0
13.0288,15.338,0.0,0.967733,-0.251978,0.0
13.1142,15.6663,0.0,0.967733,-0.251978,0.0
13.1142,15.6663,1.524,0.911227,-0.411904,0.0
13.1142,15.6663,0.0,0.911227,-0.411904,0.0
13.254,15.9754,1.524,0.911227,-0.411904,0.0
13.254,15.9754,1.524,0.911227,-0.411904,0.0
13.1142,15.6663,0.0,0.911227,-0.411904,0.0
13.254,15.9754,0.0,0.911227,-0.411904,0.0
13.254,15.9754,1.524,0.828512,-0.559971,0.0
13.254,15.9754,0.0,0.828512,-0.559971,0.0
13.4439,16.2564,1.524,0.828512,-0.559971,0.0
13.4439,16.2564,1.524,0.828512,-0.559971,0.0
13.254,15.9754,0.0,0.828512,-0.559971,0.0
13.4439,16.2564,0.0,0.828512,-0.559971,0.0
13.4439,16.2564,1.524,0.721954,-0.691941,0.0
13.4439,16.2564,0.0,0.721954,-0.691941,0.0
13.6786,16.5013,1.524,0.721954,-0.691941,0.0
13.6786,16.5013,1.524,0.721954,-0.691941,0.0
13.4439,16.2564,0.0,0.721954,-0.691941,0.0
13.6786,16.5013,0.0,0.721954,-0.691941,0.0
13.6786,16.5013,1.524,0.594632,-0.803998,0.0
13.6786,16.5013,0.0,0.594632,-0.803998,0.0
13.9514,16.7031,1.524,0.594632,-0.803998,0.0
13.9514,16.7031,1.524,0.594632,-0.803998,0.0
13.6786,16.5013,0.0,0.594632,-0.803998,0.0
13.9514,16.7031,0.0,0.594632,-0.803998,0.0
13.9514,16.7031,1.524,0.450203,-0.892926,0.0
13.9514,16.7031,0.0,0.450203,-0.892926,0.0
14.2543,16.8558,1.524,0.450203,-0.892926,0.0
14.2543,16.8558,1.524,0.450203,-0.892926,0.0
13.9514,16.7031,0.0,0.450203,-0.892926,0.0
14.2543,16.8558,0.0,0.450203,-0.892926,0.0
14.2543,16.8558,1.524,0.292824,-0.956166,0.0
14.2543,16.8558,0.0,0.292824,-0.956166,0.0
14.5786,16.9551,1.524,0.292824,-0.956166,0.0
14.5786,16.9551,1.524,0.292824,-0.956166,0.0
14.2543,16.8558,0.0,0.292824,-0.956166,0.0
14.5786,16.9551,0.0,0.292824,-0.956166,0.0
14.5786,16.9551,1.524,0.127016,-0.991901,0.0
14.5786,16.9551,0.0,0.127016,-0.991901,0.0
14.9151,16.9982,1.524,0.127016,-0.991901,0.0
14.9151,16.9982,1.524,0.127016,-0.991901,0.0
14.5786,16.9551,0.0,0.127016,-0.991901,0.0
14.9151,16.9982,0.0,0.127016,-0.991901,0.0
14.9151,16.9982,1.524,-0.0424401,-0.999099,0.0
14.9151,16.9982,0.0,-0.0424401,-0.999099,0.0
15.254,16.9838,1.524,-0.0424401,-0.999099,0.0
15.254,16.9838,1.524,-0.0424401,-0.999099,0.0
14.9151,16.9982,0.0,-0.0424401,-0.999099,0.0
15.254,16.9838,0.0,-0.0424401,-0.999099,0.0
15.254,16.9838,1.524,-0.210677,-0.977556,0.0
15.254,16.9838,0.0,-0.210677,-0.977556,0.0
15.5856,16.9123,1.524,-0.210677,-0.977556,0.0
15.5856,16.9123,1.524,-0.210677,-0.977556,0.0
15.254,16.9838,0.0,-0.210677,-0.977556,0.0
15.5856,16.9123,0.0,-0.210677,-0.977556,0.0
15.5856,16.9123,1.524,-0.372857,-0.927889,0.0
15.5856,16.9123,0.0,-0.372857,-0.927889,0.0
15.9004,16.7859,1.524,-0.372857,-0.927889,0.0
15.9004,16.7859,1.524,-0.372857,-0.927889,0.0
15.5856,16.9123,0.0,-0.372857,-0.927889,0.0
15.9004,16.7859,0.0,-0.372857,-0.927889,0.0
15.9004,16.7859,1.524,-0.524309,-0.851528,0.0
15.9004,16.7859,0.0,-0.524309,-0.851528,0.0
16.1893,16.608,1.524,-0.524309,-0.851528,0.0
16.1893,16.608,1.524,-0.524309,-0.851528,0.0
15.9004,16.7859,0.0,-0.524309,-0.851528,0.0
16.1893,16.608,0.0,-0.524309,-0.851528,0.0
16.1893,16.608,1.524,-0.660675,-0.750672,0.0
16.1893,16.608,0.0,-0.660675,-0.750672,0.0
16.4439,16.3839,1.524,-0.660675,-0.750672,0.0
16.4439,16.3839,1.524,-0.660675,-0.750672,0.0
16.1893,16.608,0.0,-0.660675,-0.750672,0.0
16.4439,16.3839,0.0,-0.660675,-0.750672,0.0
16.4439,16.3839,1.524,-0.778036,-0.628219,0.0
16.4439,16.3839,0.0,-0.778036,-0.628219,0.0
16.657,16.1199,1.524,-0.778036,-0.628219,0.0
16.657,16.1199,1.524,-0.778036,-0.628219,0.0
16.4439,16.3839,0.0,-0.778036,-0.628219,0.0
16.657,16.1199,0.0,-0.778036,-0.628219,0.0
16.657,16.1199,1.524,-0.873014,-0.487695,0.0
16.657,16.1199,0.0,-0.873014,-0.487695,0.0
16.8225,15.8238,1.524,-0.873014,-0.487695,0.0
16.8225,15.8238,1.524,-0.873014,-0.487695,0.0
16.657,16.1199,0.0,-0.873014,-0.487695,0.0
16.8225,15.8238,0.0,-0.873014,-0.487695,0.0
16.8225,15.8238,1.524,-0.942876,-0.333144,0.0
16.8225,15.8238,0.0,-0.942876,-0.333144,0.0
16.9355,15.504,1.524,-0.942876,-0.333144,0.0
16.9355,15.504,1.524,-0.942876,-0.333144,0.0
16.8225,15.8238,0.0,-0.942876,-0.333144,0.0
16.9355,15.504,0.0,-0.942876,-0.333144,0.0
16.9355,15.504,1.524,-0.985617,-0.168996,0.0
16.9355,15.504,0.0,-0.985617,-0.168996,0.0
16.9928,15.1696,1.524,-0.985617,-0.168996,0.0
16.9928,15.1696,1.524,-0.985617,-0.168996,0.0
16.9355,15.504,0.0,-0.985617,-0.168996,0.0
16.9928,15.1696,0.0,-0.985617,-0.168996,0.0
16.9928,15.1696,1.524,-1.0,0.0,0.0
16.9928,15.1696,0.0,-1.0,0.0,0.0
16.9928,14.8304,1.524,-1.0,0.0,0.0
16.9928,14.8304,1.524,-1.0,0.0,0.0
16.9928,15.1696,0.0,-1.0,0.0,0.0
16.9928,14.8304,0.0,-1.0,0.0,0.0
16.9928,14.8304,1.524,-0.985617,0.168996,0.0
16.9928,14.8304,0.0,-0.985617,0.168996,0.0
16.9355,14.496,1.524,-0.985617,0.168996,0.0
16.9355,14.496,1.524,-0.985617,0.168996,0.0
16.9928,14.8304,0.0,-0.985617,0.168996,0.0
16.9355,14.496,0.0,-0.985617,0.168996,0.0
16.9355,14.496,1.524,-0.942876,0.333143,0.0
16.9355,14.496,0.0,-0.942876,0.333143,0.0
16.8225,14.1762,1.524,-0.942876,0.333143,0.0
16.8225,14.1762,1.524,-0.942876,0.333143,0.0
16.9355,14.496,0.0,-0.942876,0.333143,0.0
16.8225,14.1762,0.0,-0.942876,0.333143,0.0
16.8225,14.1762,1.524,-0.873014,0.487696,0.0
16.8225,14.1762,0.0,-0.873014,0.487696,0.0
16.657,13.8801,1.524,-0.873014,0.487696,0.0
16.657,13.8801,1.524,-0.873014,0.487696,0.0
16.8225,14.1762,0.0,-0.873014,0.487696,0.0
16.657,13.8801,0.0,-0.873014,0.487696,0.0
16.657,13.8801,1.524,-0.778037,0.628218,0.0
16.657,13.8801,0.0,-0.778037,0.628218,0.0
16.4439,13.6161,1.524,-0.778037,0.628218,0.0
16.4439,13.6161,1.524,-0.778037,0.628218,0.0
16.657,13.8801,0.0,-0.778037,0.628218,0.0
16.4439,13.6161,0.0,-0.778037,0.628218,0.0
16.4439,13.6161,1.524,-0.660674,0.750673,0.0
16.4439,13.6161,0.0,-0.660674,0.750673,0.0
16.1893,13.392,1.524,-0.660674,0.750673,0.0
16.1893,13.392,1.524,-0.660674,0.750673,0.0
16.4439,13.6161,0.0,-0.660674,0.750673,0.0
16.1893,13.392,0.0,-0.660674,0.750673,0.0
16.1893,13.392,1.524,-0.524306,0.85153,0.0
16.1893,13.392,0.0,-0.524306,0.85153,0.0
15.9004,13.2141,1.524,-0.524306,0.85153,0.0
15.9004,13.2141,1.524,-0.524306,0.85153,0.0
16.1893,13.392,0.0,-0.524306,0.85153,0.0
15.9004,13.2141,0.0,-0.524306,0.85153,0.0
15.9004,13.2141,1.524,-0.372857,0.927889,0.0
15.9004,13.2141,0.0,-0.372857,0.927889,0.0
15.5856,13.0877,1.524,-0.372857,0.927889,0.0
15.5856,13.0877,1.524,-0.372857,0.927889,0.0
15.9004,13.2141,0.0,-0.372857,0.927889,0.0
15.5856,13.0877,0.0,-0.372857,0.927889,0.0
15.5856,13.0877,1.524,-0.21068,0.977555,0.0
15.5856,13.0877,0.0,-0.21068,0.977555,0.0
15.254,13.0162,1.524,-0.21068,0.977555,0.0
15.254,13.0162,1.524,-0.21068,0.977555,0.0
15.5856,13.0877,0.0,-0.21068,0.977555,0.0
15.254,13.0162,0.0,-0.21068,0.977555,0.0
15.254,13.0162,1.524,-0.0424401,0.999099,0.0
15.254,13.0162,0.0,-0.0424401,0.999099,0.0
14.9151,13.0018,1.524,-0.0424401,0.999099,0.0
14.9151,13.0018,1.524,-0.0424401,0.999099,0.0
15.254,13.0162,0.0,-0.0424401,0.999099,0.0
14.9151,13.0018,0.0,-0.0424401,0.999099,0.0
14.9151,13.0018,1.524,0.127016,0.991901,0.0
14.9151,13.0018,0.0,0.127016,0.991901,0.0
14.5786,13.0449,1.524,0.127016,0.991901,0.0
14.5786,13.0449,1.524,0.127016,0.991901,0.0
14.9151,13.0018,0.0,0.127016,0.991901,0.0
14.5786,13.0449,0.0,0.127016,0.991901,0.0
14.5786,13.0449,1.524,0.292824,0.956166,0.0
14.5786,13.0449,0.0,0.292824,0.956166,0.0
14.2543,13.1442,1.524,0.292824,0.956166,0.0
14.2543,13.1442,1.524,0.292824,0.956166,0.0
14.5786,13.0449,0.0,0.292824,0.956166,0.0
14.2543,13.1442,0.0,0.292824,0.956166,0.0
14.2543,13.1442,1.524,0.450203,0.892926,0.0
14.2543,13.1442,0.0,0.450203,0.892926,0.0
13.9514,13.2969,1.524,0.450203,0.892926,0.0
13.9514,13.2969,1.524,0.450203,0.892926,0.0
14.2543,13.1442,0.0,0.450203,0.892926,0.0
13.9514,13.2969,0.0,0.450203,0.892926,0.0
13.9514,13.2969,1.524,0.594632,0.803998,0.0
13.9514,13.2969,0.0,0.594632,0.803998,0.0
13.6786,13.4987,1.524,0.594632,0.803998,0.0
13.6786,13.4987,1.524,0.594632,0.803998,0.0
13.9514,13.2969,0.0,0.594632,0.803998,0.0
13.6786,13.4987,0.0,0.594632,0.803998,0.0
13.6786,13.4987,1.524,0.721956,0.691939,0.0
13.6786,13.4987,0.0,0.721956,0.691939,0.0
13.4439,13.7436,1.524,0.721956,0.691939,0.0
13.4439,13.7436,1.524,0.721956,0.691939,0.0
13.6786,13.4987,0.0,0.721956,0.691939,0.0
13.4439,13.7436,0.0,0.721956,0.691939,0.0
13.4439,13.7436,1.524,0.828511,0.559973,0.0
13.4439,13.7436,0.0,0.828511,0.559973,0.0
13.254,14.0246,1.524,0.828511,0.559973,0.0
13.254,14.0246,1.524,0.828511,0.559973,0.0
13.4439,13.7436,0.0,0.828511,0.559973,0.0
13.254,14.0246,0.0,0.828511,0.559973,0.0
13.254,14.0246,1.524,0.911228,0.411903,0.0
13.254,14.0246,0.0,0.911228,0.411903,0.0
13.1142,14.3337,1.524,0.911228,0.411903,0.0
13.1142,14.3337,1.524,0.911228,0.411903,0.0
13.254,14.0246,0.0,0.911228,0.411903,0.0
13.1142,14.3337,0.0,0.911228,0.411903,0.0
13.1142,14.3337,1.524,0.967733,0.251977,0.0
13.1142,14.3337,0.0,0.967733,0.251977,0.0
13.0288,14.662,1.524,0.967733,0.251977,0.0
13.0288,14.662,1.524,0.967733,0.251977,0.0
13.1142,14.3337,0.0,0.967733,0.251977,0.0
13.0288,14.662,0.0,0.967733,0.251977,0.0
13.0288,14.662,1.524,0.996398,0.0848043,0.0
13.0288,14.662,0.0,0.996398,0.0848043,0.0
13.0,15.0,1.524,0.996398,0.0848043,0.0
13.0,15.0,1.524,0.996398,0.0848043,0.0
13.0288,14.662,0.0,0.996398,0.0848043,0.0
13.0,15.0,0.0,0.996398,0.0848043,0.0
13.0,15.0,1.524,0.996398,-0.084804,0.0
13.0,15.0,0.0,0.996398,-0.084804,0.0
13.0288,15.338,1.524,0.996398,-0.084804,0.0
13.0288,15.338,1.524,0.996398,-0.084804,0.0
13.0,15.0,0.0,0.996398,-0.084804,0.0
13.0288,15.338,0.0,0.996398,-0.084804,0.0
83.0288,60.338,1.524,0.967736,-0.251965,0.0
83.0288,60.338,0.0,0.967736,-0.251965,0.0
83.1142,60.6663,1.524,0.967736,-0.251965,0.0
83.1142,60.6663,1.524,0.967736,-0.251965,0.0
83.0288,60.338,0.0,0.967736,-0.251965,0.0
83.1142,60.6663,0.0,0.967736,-0.251965,0.0
83.1142,60.6663,1.524,0.911223,-0.411913,0.0
83.1142,60.6663,0.0,0.911223,-0.411913,0.0
83.254,60.9754,1.524,0.911223,-0.411913,0.0
83.254,60.9754,1.524,0.911223,-0.411913,0.0
83.1142,60.6663,0.0,0.911223,-0.411913,0.0
83.254,60.9754,0.0,0.911223,-0.411913,0.0
83.254,60.9754,1.524,0.828518,-0.559962,0.0
83.254,60.9754,0.0,0.828518,-0.559962,0.0
83.4439,61.2564,1.524,0.828518,-0.559962,0.0
83.4439,61.2564,1.524,0.828518,-0.559962,0.0
83.254,60.9754,0.0,0.828518,-0.559962,0.0
83.4439,61.2564,0.0,0.828518,-0.559962,0.0
83.4439,61.2564,1.524,0.721949,-0.691946,0.0
83.4439,61.2564,0.0,0.721949,-0.691946,0.0
83.6786,61.5013,1.524,0.721949,-0.691946,0.0
83.6786,61.5013,1.524,0.721949,-0.691946,0.0
83.4439,61.2564,0.0,0.721949,-0.691946,0.0
83.6786,61.5013,0.0,0.721949,-0.691946,0.0
83.6786,61.5013,1.524,0.594639,-0.803993,0.0
83.6786,61.5013,0.0,0.594639,-0.803993,0.0
83.9514,61.7031,1.524,0.594639,-0.803993,0.0
83.9514,61.7031,1.524,0.594639,-0.803993,0.0
83.6786,61.5013,0.0,0.594639,-0.803993,0.0
83.9514,61.7031,0.0,0.594639,-0.803993,0.0
83.9514,61.7031,1.524,0.450198,-0.892929,0.0
83.9514,61.7031,0.0,0.450198,-0.892929,0.0
84.2543,61.8558,1.524,0.450198,-0.892929,0.0
84.2543,61.8558,1.524,0.450198,-0.892929,0.0
83.9514,61.7031,0.0,0.450198,-0.892929,0.0
84.2543,61.8558,0.0,0.450198,-0.892929,0.0
84.2543,61.8558,1.524,0.292817,-0.956168,0.0
84.2543,61.8558,0.0,0.292817,-0.956168,0.0
84.5786,61.9551,1.524,0.292817,-0.956168,0.0
84.5786,61.9551,1.524,0.292817,-0.956168,0.0
84.2543,61.8558,0.0,0.292817,-0.956168,0.0
84.5786,61.9551,0.0,0.292817,-0.956168,0.0
84.5786,61.9551,1.524,0.127029,-0.991899,0.0
84.5786,61.9551,0.0,0.127029,-0.991899,0.0
84.9151,61.9982,1.524,0.127029,-0.991899,0.0
84.9151,61.9982,1.524,0.127029,-0.991899,0.0
84.5786,61.9551,0.0,0.127029,-0.991899,0.0
84.9151,61.9982,0.0,0.127029,-0.991899,0.0
84.9151,61.9982,1.524,-0.0424397,-0.999099,0.0
84.9151,61.9982,0.0,-0.0424397,-0.999099,0.0
85.254,61.9838,1.524,-0.0424397,-0.999099,0.0
85.254,61.9838,1.524,-0.0424397,-0.999099,0.0
84.9151,61.9982,0.0,-0.0424397,-0.999099,0.0
85.254,61.9838,0.0,-0.0424397,-0.999099,0.0
85.254,61.9838,1.524,-0.210692,-0.977553,0.0
85.254,61.9838,0.0,-0.210692,-0.977553,0.0
85.5856,61.9123,1.524,-0.210692,-0.977553,0.0
85.5856,61.9123,1.524,-0.210692,-0.977553,0.0
85.254,61.9838,0.0,-0.210692,-0.977553,0.0
85.5856,61.9123,0.0,-0.210692,-0.977553,0.0
85.5856,61.9123,1.524,-0.372848,-0.927892,0.0
85.5856,61.9123,0.0,-0.372848,-0.927892,0.0
85.9004,61.7859,1.524,-0.372848,-0.927892,0.0
85.9004,61.7859,1.524,-0.372848,-0.927892,0.0
85.5856,61.9123,0.0,-0.372848,-0.927892,0.0
85.9004,61.7859,0.0,-0.372848,-0.927892,0.0
85.9004,61.7859,1.524,-0.524308,-0.851529,0.0
85.9004,61.7859,0.0,-0.524308,-0.851529,0.0
86.1893,61.608,1.524,-0.524308,-0.851529,0.0
86.1893,61.608,1.524,-0.524308,-0.851529,0.0
85.9004,61.7859,0.0,-0.524308,-0.851529,0.0
86.1893,61.608,0.0,-0.524308,-0.851529,0.0
86.1893,61.608,1.524,-0.660686,-0.750662,0.0
86.1893,61.608,0.0,-0.660686,-0.750662,0.0
86.4439,61.3839,1.524,-0.660686,-0.750662,0.0
86.4439,61.3839,1.524,-0.660686,-0.750662,0.0
86.1893,61.608,0.0,-0.660686,-0.750662,0.0
86.4439,61.3839,0.0,-0.660686,-0.750662,0.0
86.4439,61.3839,1.524,-0.778024,-0.628235,0.0
86.4439,61.3839,0.0,-0.778024,-0.628235,0.0
86.657,61.12,1.524,-0.778024,-0.628235,0.0
86.657,61.12,1.524,-0.778024,-0.628235,0.0
86.4439,61.3839,0.0,-0.778024,-0.628235,0.0
86.657,61.12,0.0,-0.778024,-0.628235,0.0
86.657,61.12,1.524,-0.873019,-0.487687,0.0
86.657,61.12,0.0,-0.873019,-0.487687,0.0
86.8225,60.8238,1.524,-0.873019,-0.487687,0.0
86.8225,60.8238,1.524,-0.873019,-0.487687,0.0
86.657,61.12,0.0,-0.873019,-0.487687,0.0
86.8225,60.8238,0.0,-0.873019,-0.487687,0.0
86.8225,60.8238,1.524,-0.942873,-0.333153,0.0
86.8225,60.8238,0.0,-0.942873,-0.333153,0.0
86.9355,60.504,1.524,-0.942873,-0.333153,0.0
86.9355,60.504,1.524,-0.942873,-0.333153,0.0
86.8225,60.8238,0.0,-0.942873,-0.333153,0.0
86.9355,60.504,0.0,-0.942873,-0.333153,0.0
86.9355,60.504,1.524,-0.98562,-0.168974,0.0
86.9355,60.504,0.0,-0.98562,-0.168974,0.0
86.9928,60.1696,1.524,-0.98562,-0.168974,0.0
86.9928,60.1696,1.524,-0.98562,-0.168974,0.0
86.9355,60.504,0.0,-0.98562,-0.168974,0.0
86.9928,60.1696,0.0,-0.98562,-0.168974,0.0
86.9928,60.1696,1.524,-1.0,0.0,0.0
86.9928,60.1696,0.0,-1.0,0.0,0.0
86.9928,59.8304,1.524,-1.0,0.0,0.0
86.9928,59.8304,1.524,-1.0,0.0,0.0
86.9928,60.1696,0.0,-1.0,0.0,0.0
86.9928,59.8304,0.0,-1.0,0.0,0.0
86.9928,59.8304,1.524,-0.985621,0.168973,0.0
86.9928,59.8304,0.0,-0.985621,0.168973,0.0
86.9355,59.496,1.524,-0.985621,0.168973,0.0
86.9355,59.496,1.524,-0.985621,0.168973,0.0
86.9928,59.8304,0.0,-0.985621,0.168973,0.0
86.9355,59.496,0.0,-0.985621,0.168973,0.0
86.9355,59.496,1.524,-0.942872,0.333157,0.0
86.9355,59.496,0.0,-0.942872,0.333157,0.0
86.8225,59.1762,1.524,-0.942872,0.333157,0.0
86.8225,59.1762,1.524,-0.942872,0.333157,0.0
86.9355,59.496,0.0,-0.942872,0.333157,0.0
86.8225,59.1762,0.0,-0.942872,0.333157,0.0
86.8225,59.1762,1.524,-0.873019,0.487687,0.0
86.8225,59.1762,0.0,-0.873019,0.487687,0.0
86.657,58.8801,1.524,-0.873019,0.487687,0.0
86.657,58.8801,1.524,-0.873019,0.487687,0.0
86.8225,59.1762,0.0,-0.873019,0.487687,0.0
86.657,58.8801,0.0,-0.873019,0.487687,0.0
86.657,58.8801,1.524,-0.778028,0.62823,0.0
86.657,58.8801,0.0,-0.778028,0.62823,0.0
86.4439,58.6161,1.524,-0.778028,0.62823,0.0
86.4439,58.6161,1.524,-0.778028,0.62823,0.0
86.657,58.8801,0.0,-0.778028,0.62823,0.0
86.4439,58.6161,0.0,-0.778028,0.62823,0.0
86.4439,58.6161,1.524,-0.660686,0.750662,0.0
86.4439,58.6161,0.0,-0.660686,0.750662,0.0
86.1893,58.392,1.524,-0.660686,0.750662,0.0
86.1893,58.392,1.524,-0.660686,0.750662,0.0
86.4439,58.6161,0.0,-0.660686,0.750662,0.0
86.1893,58.392,0.0,-0.660686,0.750662,0.0
86.1893,58.392,1.524,-0.524316,0.851524,0.0
86.1893,58.392,0.0,-0.524316,0.851524,0.0
85.9004,58.2141,1.524,-0.524316,0.851524,0.0
85.9004,58.2141,1.524,-0.524316,0.851524,0.0
86.1893,58.392,0.0,-0.524316,0.851524,0.0
85.9004,58.2141,0.0,-0.524316,0.851524,0.0
85.9004,58.2141,1.524,-0.372848,0.927892,0.0
85.9004,58.2141,0.0,-0.372848,0.927892,0.0
85.5856,58.0877,1.524,-0.372848,0.927892,0.0
85.5856,58.0877,1.524,-0.372848,0.927892,0.0
85.9004,58.2141,0.0,-0.372848,0.927892,0.0
85.5856,58.0877,0.0,-0.372848,0.927892,0.0
85.5856,58.0877,1.524,-0.21067,0.977557,0.0
85.5856,58.0877,0.0,-0.21067,0.977557,0.0
85.254,58.0162,1.524,-0.21067,0.977557,0.0
85.254,58.0162,1.524,-0.21067,0.977557,0.0
85.5856,58.0877,0.0,-0.21067,0.977557,0.0
85.254,58.0162,0.0,-0.21067,0.977557,0.0
85.254,58.0162,1.524,-0.0424509,0.999099,0.0
85.254,58.0162,0.0,-0.0424509,0.999099,0.0
84.9151,58.0018,1.524,-0.0424509,0.999099,0.0
84.9151,58.0018,1.524,-0.0424509,0.999099,0.0
85.254,58.0162,0.0,-0.0424509,0.999099,0.0
84.9151,58.0018,0.0,-0.0424509,0.999099,0.0
84.9151,58.0018,1.524,0.127018,0.9919,0.0
84.9151,58.0018,0.0,0.127018,0.9919,0.0
84.5786,58.0449,1.524,0.127018,0.9919,0.0
84.5786,58.0449,1.524,0.127018,0.9919,0.0
84.9151,58.0018,0.0,0.127018,0.9919,0.0
84.5786,58.0449,0.0,0.127018,0.9919,0.0
84.5786,58.0449,1.524,0.292828,0.956165,0.0
84.5786,58.0449,0.0,0.292828,0.956165,0.0
84.2543,58.1442,1.524,0.292828,0.956165,0.0
84.2543,58.1442,1.524,0.292828,0.956165,0.0
84.5786,58.0449,0.0,0.292828,0.956165,0.0
84.2543,58.1442,0.0,0.292828,0.956165,0.0
84.2543,58.1442,1.524,0.450198,0.892929,0.0
84.2543,58.1442,0.0,0.450198,0.892929,0.0
83.9514,58.2969,1.524,0.450198,0.892929,0.0
83.9514,58.2969,1.524,0.450198,0.892929,0.0
84.2543,58.1442,0.0,0.450198,0.892929,0.0
83.9514,58.2969,0.0,0.450198,0.892929,0.0
83.9514,58.2969,1.524,0.594632,0.803998,0.0
83.9514,58.2969,0.0,0.594632,0.803998,0.0
83.6786,58.4987,1.524,0.594632,0.803998,0.0
83.6786,58.4987,1.524,0.594632,0.803998,0.0
83.9514,58.2969,0.0,0.594632,0.803998,0.0
83.6786,58.4987,0.0,0.594632,0.803998,0.0
83.6786,58.4987,1.524,0.721949,0.691946,0.0
83.6786,58.4987,0.0,0.721949,0.691946,0.0
83.4439,58.7436,1.524,0.721949,0.691946,0.0
83.4439,58.7436,1.524,0.721949,0.691946,0.0
83.6786,58.4987,0.0,0.721949,0.691946,0.0
83.4439,58.7436,0.0,0.721949,0.691946,0.0
83.4439,58.7436,1.524,0.828522,0.559957,0.0
83.4439,58.7436,0.0,0.828522,0.559957,0.0
83.254,59.0246,1.524,0.828522,0.559957,0.0
83.254,59.0246,1.524,0.828522,0.559957,0.0
83.4439,58.7436,0.0,0.828522,0.559957,0.0
83.254,59.0246,0.0,0.828522,0.559957,0.0
83.254,59.0246,1.524,0.911223,0.411913,0.0
83.254,59.0246,0.0,0.911223,0.411913,0.0
83.1142,59.3337,1.524,0.911223,0.411913,0.0
83.1142,59.3337,1.524,0.911223,0.411913,0.0
83.254,59.0246,0.0,0.911223,0.411913,0.0
83.1142,59.3337,0.0,0.911223,0.411913,0.0
83.1142,59.3337,1.524,0.967736,0.251965,0.0
83.1142,59.3337,0.0,0.967736,0.251965,0.0
83.0288,59.662,1.524,0.967736,0.251965,0.0
83.0288,59.662,1.524,0.967736,0.251965,0.0
83.1142,59.3337,0.0,0.967736,0.251965,0.0
83.0288,59.662,0.0,0.967736,0.251965,0.0
83.0288,59.662,1.524,0.996397,0.0848127,0.0
83.0288,59.662,0.0,0.996397,0.0848127,0.0
83.0,60.0,1.524,0.996397,0.0848127,0.0
83.0,60.0,1.524,0.996397,0.0848127,0.0
83.0288,59.662,0.0,0.996397,0.0848127,0.0
83.0,60.0,0.0,0.996397,0.0848127,0.0
83.0,60.0,1.524,0.996397,-0.0848127,0.0
83.0,60.0,0.0,0.996397,-0.0848127,0.0
83.0288,60.338,1.524,0.996397,-0.0848127,0.0
83.0288,60.338,1.524,0.996397,-0.0848127,0.0
83.0,60.0,0.0,0.996397,-0.0848127,0.0
83.0288,60.338,0.0,0.996397,-0.0848127,0.0
93.0288,15.338,1.524,0.967736,-0.251965,0.0
93.0288,15.338,0.0,0.967736,-0.251965,0.0
93.1142,15.6663,1.524,0.967736,-0.251965,0.0
93.1142,15.6663,1.524,0.967736,-0.251965,0.0
93.0288,15.338,0.0,0.967736,-0.251965,0.0
93.1142,15.6663,0.0,0.967736,-0.251965,0.0
93.1142,15.6663,1.524,0.91123,-0.411897,0.0
93.1142,15.6663,0.0,0.91123,-0.411897,0.0
93.254,15.9754,1.524,0.91123,-0.411897,0.0
93.254,15.9754,1.524,0.91123,-0.411897,0.0
93.1142,15.6663,0.0,0.91123,-0.411897,0.0
93.254,15.9754,0.0,0.91123,-0.411897,0.0
93.254,15.9754,1.524,0.828501,-0.559988,0.0
93.254,15.9754,0.0,0.828501,-0.559988,0.0
93.4439,16.2564,1.524,0.828501,-0.559988,0.0
93.4439,16.2564,1.524,0.828501,-0.559988,0.0
93.254,15.9754,0.0,0.828501,-0.559988,0.0
93.4439,16.2564,0.0,0.828501,-0.559988,0.0
93.4439,16.2564,1.524,0.72196,-0.691935,0.0
93.4439,16.2564,0.0,0.72196,-0.691935,0.0
93.6786,16.5013,1.524,0.72196,-0.691935,0.0
93.6786,16.5013,1.524,0.72196,-0.691935,0.0
93.4439,16.2564,0.0,0.72196,-0.691935,0.0
93.6786,16.5013,0.0,0.72196,-0.691935,0.0
93.6786,16.5013,1.524,0.594632,-0.803998,0.0
93.6786,16.5013,0.0,0.594632,-0.803998,0.0
93.9514,16.7031,1.524,0.594632,-0.803998,0.0
93.9514,16.7031,1.524,0.594632,-0.803998,0.0
93.6786,16.5013,0.0,0.594632,-0.803998,0.0
93.9514,16.7031,0.0,0.594632,-0.803998,0.0
93.9514,16.7031,1.524,0.450202,-0.892927,0.0
93.9514,16.7031,0.0,0.450202,-0.892927,0.0
94.2543,16.8558,1.524,0.450202,-0.892927,0.0
94.2543,16.8558,1.524,0.450202,-0.892927,0.0
93.9514,16.7031,0.0,0.450202,-0.892927,0.0
94.2543,16.8558,0.0,0.450202,-0.892927,0.0
94.2543,16.8558,1.524,0.292829,-0.956165,0.0
94.2543,16.8558,0.0,0.292829,-0.956165,0.0
94.5786,16.9551,1.524,0.292829,-0.956165,0.0
94.5786,16.9551,1.524,0.292829,-0.956165,0.0
94.2543,16.8558,0.0,0.292829,-0.956165,0.0
94.5786,16.9551,0.0,0.292829,-0.956165,0.0
94.5786,16.9551,1.524,0.127015,-0.991901,0.0
94.5786,16.9551,0.0,0.127015,-0.991901,0.0
94.9151,16.9982,1.524,0.127015,-0.991901,0.0
94.9151,16.9982,1.524,0.127015,-0.991901,0.0
94.5786,16.9551,0.0,0.127015,-0.991901,0.0
94.9151,16.9982,0.0,0.127015,-0.991901,0.0
94.9151,16.9982,1.524,-0.0424397,-0.999099,0.0
94.9151,16.9982,0.0,-0.0424397,-0.999099,0.0
95.254,16.9838,1.524,-0.0424397,-0.999099,0.0
95.254,16.9838,1.524,-0.0424397,-0.999099,0.0
94.9151,16.9982,0.0,-0.0424397,-0.999099,0.0
95.254,16.9838,0.0,-0.0424397,-0.999099,0.0
95.254,16.9838,1.524,-0.210676,-0.977556,0.0
95.254,16.9838,0.0,-0.210676,-0.977556,0.0
95.5856,16.9123,1.524,-0.210676,-0.977556,0.0
95.5856,16.9123,1.524,-0.210676,-0.977556,0.0
95.254,16.9838,0.0,-0.210676,-0.977556,0.0
95.5856,16.9123,0.0,-0.210676,-0.977556,0.0
95.5856,16.9123,1.524,-0.372861,-0.927887,0.0
95.5856,16.9123,0.0,-0.372861,-0.927887,0.0
95.9004,16.7859,1.524,-0.372861,-0.927887,0.0
95.9004,16.7859,1.524,-0.372861,-0.927887,0.0
95.5856,16.9123,0.0,-0.372861,-0.927887,0.0
95.9004,16.7859,0.0,-0.372861,-0.927887,0.0
95.9004,16.7859,1.524,-0.524302,-0.851532,0.0
95.9004,16.7859,0.0,-0.524302,-0.851532,0.0
96.1893,16.608,1.524,-0.524302,-0.851532,0.0
96.1893,16.608,1.524,-0.524302,-0.851532,0.0
95.9004,16.7859,0.0,-0.524302,-0.851532,0.0
96.1893,16.608,0.0,-0.524302,-0.851532,0.0
96.1893,16.608,1.524,-0.660675,-0.750672,0.0
96.1893,16.608,0.0,-0.660675,-0.750672,0.0
96.4439,16.3839,1.524,-0.660675,-0.750672,0.0
96.4439,16.3839,1.524,-0.660675,-0.750672,0.0
96.1893,16.608,0.0,-0.660675,-0.750672,0.0
96.4439,16.3839,0.0,-0.660675,-0.750672,0.0
96.4439,16.3839,1.524,-0.778039,-0.628216,0.0
96.4439,16.3839,0.0,-0.778039,-0.628216,0.0
96.657,16.1199,1.524,-0.778039,-0.628216,0.0
96.657,16.1199,1.524,-0.778039,-0.628216,0.0
96.4439,16.3839,0.0,-0.778039,-0.628216,0.0
96.657,16.1199,0.0,-0.778039,-0.628216,0.0
96.657,16.1199,1.524,-0.873017,-0.48769,0.0
96.657,16.1199,0.0,-0.873017,-0.48769,0.0
96.8225,15.8238,1.524,-0.873017,-0.48769,0.0
96.8225,15.8238,1.524,-0.873017,-0.48769,0.0
96.657,16.1199,0.0,-0.873017,-0.48769,0.0
96.8225,15.8238,0.0,-0.873017,-0.48769,0.0
96.8225,15.8238,1.524,-0.94288,-0.333134,0.0
96.8225,15.8238,0.0,-0.94288,-0.333134,0.0
96.9355,15.504,1.524,-0.94288,-0.333134,0.0
96.9355,15.504,1.524,-0.94288,-0.333134,0.0
96.8225,15.8238,0.0,-0.94288,-0.333134,0.0
96.9355,15.504,0.0,-0.94288,-0.333134,0.0
96.9355,15.504,1.524,-0.985613,-0.169018,0.0
96.9355,15.504,0.0,-0.985613,-0.169018,0.0
96.9928,15.1696,1.524,-0.985613,-0.169018,0.0
96.9928,15.1696,1.524,-0.985613,-0.169018,0.0
96.9355,15.504,0.0,-0.985613,-0.169018,0.0
96.9928,15.1696,0.0,-0.985613,-0.169018,0.0
96.9928,15.1696,1.524,-1.0,0.0,0.0
96.9928,15.1696,0.0,-1.0,0.0,0.0
96.9928,14.8304,1.524,-1.0,0.0,0.0
96.9928,14.8304,1.524,-1.0,0.0,0.0
96.9928,15.1696,0.0,-1.0,0.0,0.0
96.9928,14.8304,0.0,-1.0,0.0,0.0
96.9928,14.8304,1.524,-0.985613,0.169018,0.0
96.9928,14.8304,0.0,-0.985613,0.169018,0.0
96.9355,14.496,1.524,-0.985613,0.169018,0.0
96.9355,14.496,1.524,-0.985613,0.169018,0.0
96.9928,14.8304,0.0,-0.985613,0.169018,0.0
96.9355,14.496,0.0,-0.985613,0.169018,0.0
96.9355,14.496,1.524,-0.94288,0.333133,0.0
96.9355,14.496,0.0,-0.94288,0.333133,0.0
96.8225,14.1762,1.524,-0.94288,0.333133,0.0
96.8225,14.1762,1.524,-0.94288,0.333133,0.0
96.9355,14.496,0.0,-0.94288,0.333133,0.0
96.8225,14.1762,0.0,-0.94288,0.333133,0.0
96.8225,14.1762,1.524,-0.873016,0.487692,0.0
96.8225,14.1762,0.0,-0.873016,0.487692,0.0
96.657,13.8801,1.524,-0.873016,0.487692,0.0
96.657,13.8801,1.524,-0.873016,0.487692,0.0
96.8225,14.1762,0.0,-0.873016,0.487692,0.0
96.657,13.8801,0.0,-0.873016,0.487692,0.0
96.657,13.8801,1.524,-0.77804,0.628215,0.0
96.657,13.8801,0.0,-0.77804,0.628215,0.0
96.4439,13.6161,1.524,-0.77804,0.628215,0.0
96.4439,13.6161,1.524,-0.77804,0.628215,0.0
96.657,13.8801,0.0,-0.77804,0.628215,0.0
96.4439,13.6161,0.0,-0.77804,0.628215,0.0
96.4439,13.6161,1.524,-0.660674,0.750673,0.0
96.4439,13.6161,0.0,-0.660674,0.750673,0.0
96.1893,13.392,1.524,-0.660674,0.750673,0.0
96.1893,13.392,1.524,-0.660674,0.750673,0.0
96.4439,13.6161,0.0,-0.660674,0.750673,0.0
96.1893,13.392,0.0,-0.660674,0.750673,0.0
96.1893,13.392,1.524,-0.5243,0.851533,0.0
96.1893,13.392,0.0,-0.5243,0.851533,0.0
95.9004,13.2141,1.524,-0.5243,0.851533,0.0
95.9004,13.2141,1.524,-0.5243,0.851533,0.0
96.1893,13.392,0.0,-0.5243,0.851533,0.0
95.9004,13.2141,0.0,-0.5243,0.851533,0.0
95.9004,13.2141,1.524,-0.372861,0.927887,0.0
95.9004,13.2141,0.0,-0.372861,0.927887,0.0
95.5856,13.0877,1.524,-0.372861,0.927887,0.0
95.5856,13.0877,1.524,-0.372861,0.927887,0.0
95.9004,13.2141,0.0,-0.372861,0.927887,0.0
95.5856,13.0877,0.0,-0.372861,0.927887,0.0
95.5856,13.0877,1.524,-0.210678,0.977555,0.0
95.5856,13.0877,0.0,-0.210678,0.977555,0.0
95.254,13.0162,1.524,-0.210678,0.977555,0.0
95.254,13.0162,1.524,-0.210678,0.977555,0.0
95.5856,13.0877,0.0,-0.210678,0.977555,0.0
95.254,13.0162,0.0,-0.210678,0.977555,0.0
95.254,13.0162,1.524,-0.0424397,0.999099,0.0
95.254,13.0162,0.0,-0.0424397,0.999099,0.0
94.9151,13.0018,1.524,-0.0424397,0.999099,0.0
94.9151,13.0018,1.524,-0.0424397,0.999099,0.0
95.254,13.0162,0.0,-0.0424397,0.999099,0.0
94.9151,13.0018,0.0,-0.0424397,0.999099,0.0
94.9151,13.0018,1.524,0.127015,0.991901,0.0
94.9151,13.0018,0.0,0.127015,0.991901,0.0
94.5786,13.0449,1.524,0.127015,0.991901,0.0
94.5786,13.0449,1.524,0.127015,0.991901,0.0
94.9151,13.0018,0.0,0.127015,0.991901,0.0
94.5786,13.0449,0.0,0.127015,0.991901,0.0
94.5786,13.0449,1.524,0.292829,0.956165,0.0
94.5786,13.0449,0.0,0.292829,0.956165,0.0
94.2543,13.1442,1.524,0.292829,0.956165,0.0
94.2543,13.1442,1.524,0.292829,0.956165,0.0
94.5786,13.0449,0.0,0.292829,0.956165,0.0
94.2543,13.1442,0.0,0.292829,0.956165,0.0
94.2543,13.1442,1.524,0.450202,0.892927,0.0
94.2543,13.1442,0.0,0.450202,0.892927,0.0
93.9514,13.2969,1.524,0.450202,0.892927,0.0
93.9514,13.2969,1.524,0.450202,0.892927,0.0
94.2543,13.1442,0.0,0.450202,0.892927,0.0
93.9514,13.2969,0.0,0.450202,0.892927,0.0
93.9514,13.2969,1.524,0.594632,0.803998,0.0
93.9514,13.2969,0.0,0.594632,0.803998,0.0
93.6786,13.4987,1.524,0.594632,0.803998,0.0
93.6786,13.4987,1.524,0.594632,0.803998,0.0
93.9514,13.2969,0.0,0.594632,0.803998,0.0
93.6786,13.4987,0.0,0.594632,0.803998,0.0
93.6786,13.4987,1.524,0.721961,0.691933,0.0
93.6786,13.4987,0.0,0.721961,0.691933,0.0
93.4439,13.7436,1.524,0.721961,0.691933,0.0
93.4439,13.7436,1.524,0.721961,0.691933,0.0
93.6786,13.4987,0.0,0.721961,0.691933,0.0
93.4439,13.7436,0.0,0.721961,0.691933,0.0
93.4439,13.7436,1.524,0.828499,0.559991,0.0
93.4439,13.7436,0.0,0.828499,0.559991,0.0
93.254,14.0246,1.524,0.828499,0.559991,0.0
93.254,14.0246,1.524,0.828499,0.559991,0.0
93.4439,13.7436,0.0,0.828499,0.559991,0.0
93.254,14.0246,0.0,0.828499,0.559991,0.0
93.254,14.0246,1.524,0.911231,0.411896,0.0
93.254,14.0246,0.0,0.911231,0.411896,0.0
93.1142,14.3337,1.524,0.911231,0.411896,0.0
93.1142,14.3337,1.524,0.911231,0.411896,0.0
93.254,14.0246,0.0,0.911231,0.411896,0.0
93.1142,14.3337,0.0,0.911231,0.411896,0.0
93.1142,14.3337,1.524,0.967737,0.251964,0.0
93.1142,14.3337,0.0,0.967737,0.251964,0.0
93.0288,14.662,1.524,0.967737,0.251964,0.0
93.0288,14.662,1.524,0.967737,0.251964,0.0
93.1142,14.3337,0.0,0.967737,0.251964,0.0
93.0288,14.662,0.0,0.967737,0.251964,0.0
93.0288,14.662,1.524,0.996397,0.0848127,0.0
93.0288,14.662,0.0,0.996397,0.0848127,0.0
93.0,15.0,1.524,0.996397,0.0848127,0.0
93.0,15.0,1.524,0.996397,0.0848127,0.0
93.0288,14.662,0.0,0.996397,0.0848127,0.0
93.0,15.0,0.0,0.996397,0.0848127,0.0
93.0,15.0,1.524,0.996397,-0.0848124,0.0
93.0,15.0,0.0,0.996397,-0.0848124,0.0
93.0288,15.338,1.524,0.996397,-0.0848124,0.0
93.0288,15.338,1.524,0.996397,-0.0848124,0.0
93.0,15.0,0.0,0.996397,-0.0848124,0.0
93.0288,15.338,0.0,0.996397,-0.0848124,0.0
84.9151,61.9982,1.524,0.0,0.0,1.0
85.254,61.9838,1.524,0.0,0.0,1.0
120.0,62.3,1.524,0.0,0.0,1.0
120.0,62.3,1.524,0.0,0.0,1.0
85.254,61.9838,1.524,0.0,0.0,1.0
85.5856,61.9123,1.524,0.0,0.0,1.0
120.0,62.3,1.524,0.0,0.0,1.0
85.5856,61.9123,1.524,0.0,0.0,1.0
85.9004,61.7859,1.524,0.0,0.0,1.0
85.9004,61.7859,1.524,0.0,0.0,1.0
86.1893,61.608,1.524,0.0,0.0,1.0
120.0,62.3,1.524,0.0,0.0,1.0
120.0,62.3,1.524,0.0,0.0,1.0
86.1893,61.608,1.524,0.0,0.0,1.0
86.4439,61.3839,1.524,0.0,0.0,1.0
120.0,62.3,1.524,0.0,0.0,1.0
86.4439,61.3839,1.524,0.0,0.0,1.0
86.657,61.12,1.524,0.0,0.0,1.0
6.95139,71.7031,1.524,0.0,0.0,1.0
7.25429,71.8558,1.524,0.0,0.0,1.0
0.0,75.0,1.524,0.0,0.0,1.0
0.0,75.0,1.524,0.0,0.0,1.0
7.25429,71.8558,1.524,0.0,0.0,1.0
7.57864,71.9551,1.524,0.0,0.0,1.0
86.657,61.12,1.524,0.0,0.0,1.0
86.8225,60.8238,1.524,0.0,0.0,1.0
120.0,62.3,1.524,0.0,0.0,1.0
120.0,62.3,1.524,0.0,0.0,1.0
86.8225,60.8238,1.524,0.0,0.0,1.0
86.9355,60.504,1.524,0.0,0.0,1.0
120.0,62.3,1.524,0.0,0.0,1.0
86.9355,60.504,1.524,0.0,0.0,1.0
86.9928,60.1696,1.524,0.0,0.0,1.0
7.25429,68.1442,1.524,0.0,0.0,1.0
0.0,0.0,1.524,0.0,0.0,1.0
7.57864,68.0449,1.524,0.0,0.0,1.0
7.57864,68.0449,1.524,0.0,0.0,1.0
0.0,0.0,1.524,0.0,0.0,1.0
7.91512,68.0018,1.524,0.0,0.0,1.0
7.25429,68.1442,1.524,0.0,0.0,1.0
6.95139,68.2969,1.524,0.0,0.0,1.0
0.0,0.0,1.524,0.0,0.0,1.0
0.0,0.0,1.524,0.0,0.0,1.0
6.95139,68.2969,1.524,0.0,0.0,1.0
6.67865,68.4987,1.524,0.0,0.0,1.0
0.0,0.0,1.524,0.0,0.0,1.0
6.67865,68.4987,1.524,0.0,0.0,1.0
0.0,75.0,1.524,0.0,0.0,1.0
0.0,75.0,1.524,0.0,0.0,1.0
6.67865,68.4987,1.524,0.0,0.0,1.0
6.44393,68.7436,1.524,0.0,0.0,1.0
0.0,75.0,1.524,0.0,0.0,1.0
6.44393,68.7436,1.524,0.0,0.0,1.0
6.25397,69.0246,1.524,0.0,0.0,1.0
6.25397,69.0246,1.524,0.0,0.0,1.0
6.11424,69.3337,1.524,0.0,0.0,1.0
0.0,75.0,1.524,0.0,0.0,1.0
0.0,75.0,1.524,0.0,0.0,1.0
6.11424,69.3337,1.524,0.0,0.0,1.0
6.02877,69.662,1.524,0.0,0.0,1.0
0.0,75.0,1.524,0.0,0.0,1.0
6.02877,69.662,1.524,0.0,0.0,1.0
6.0,70.0,1.524,0.0,0.0,1.0
6.0,70.0,1.524,0.0,0.0,1.0
6.02877,70.338,1.524,0.0,0.0,1.0
0.0,75.0,1.524,0.0,0.0,1.0
0.0,75.0,1.524,0.0,0.0,1.0
6.02877,70.338,1.524,0.0,0.0,1.0
6.11424,70.6663,1.524,0.0,0.0,1.0
0.0,75.0,1.524,0.0,0.0,1.0
6.11424,70.6663,1.524,0.0,0.0,1.0
6.25397,70.9754,1.524,0.0,0.0,1.0
9.65702,71.1199,1.524,0.0,0.0,1.0
9.82246,70.8238,1.524,0.0,0.0,1.0
88.0,75.0,1.524,0.0,0.0,1.0
88.0,75.0,1.524,0.0,0.0,1.0
9.82246,70.8238,1.524,0.0,0.0,1.0
9.93547,70.504,1.524,0.0,0.0,1.0
88.0,75.0,1.524,0.0,0.0,1.0
9.93547,70.504,1.524,0.0,0.0,1.0
9.99279,70.1696,1.524,0.0,0.0,1.0
83.254,59.0246,1.524,0.0,0.0,1.0
83.1142,59.3337,1.524,0.0,0.0,1.0
7.91512,68.0018,1.524,0.0,0.0,1.0
6.25397,70.9754,1.524,0.0,0.0,1.0
6.44393,71.2564,1.524,0.0,0.0,1.0
0.0,75.0,1.524,0.0,0.0,1.0
0.0,75.0,1.524,0.0,0.0,1.0
6.44393,71.2564,1.524,0.0,0.0,1.0
6.67865,71.5013,1.524,0.0,0.0,1.0
0.0,75.0,1.524,0.0,0.0,1.0
6.67865,71.5013,1.524,0.0,0.0,1.0
6.95139,71.7031,1.524,0.0,0.0,1.0
7.57864,71.9551,1.524,0.0,0.0,1.0
7.91512,71.9982,1.524,0.0,0.0,1.0
0.0,75.0,1.524,0.0,0.0,1.0
0.0,75.0,1.524,0.0,0.0,1.0
7.91512,71.9982,1.524,0.0,0.0,1.0
8.25403,71.9838,1.524,0.0,0.0,1.0
0.0,75.0,1.524,0.0,0.0,1.0
8.25403,71.9838,1.524,0.0,0.0,1.0
88.0,75.0,1.524,0.0,0.0,1.0
88.0,75.0,1.524,0.0,0.0,1.0
8.25403,71.9838,1.524,0.0,0.0,1.0
8.58565,71.9123,1.524,0.0,0.0,1.0
88.0,75.0,1.524,0.0,0.0,1.0
8.58565,71.9123,1.524,0.0,0.0,1.0
8.90041,71.7859,1.524,0.0,0.0,1.0
96.657,16.1199,1.524,0.0,0.0,1.0
96.8225,15.8238,1.524,0.0,0.0,1.0
120.0,30.0,1.524,0.0,0.0,1.0
120.0,30.0,1.524,0.0,0.0,1.0
96.8225,15.8238,1.524,0.0,0.0,1.0
96.9355,15.504,1.524,0.0,0.0,1.0
120.0,30.0,1.524,0.0,0.0,1.0
96.9355,15.504,1.524,0.0,0.0,1.0
96.9928,15.1696,1.524,0.0,0.0,1.0
8.90041,71.7859,1.524,0.0,0.0,1.0
9.18927,71.608,1.524,0.0,0.0,1.0
88.0,75.0,1.524,0.0,0.0,1.0
88.0,75.0,1.524,0.0,0.0,1.0
9.18927,71.608,1.524,0.0,0.0,1.0
9.44391,71.3839,1.524,0.0,0.0,1.0
88.0,75.0,1.524,0.0,0.0,1.0
9.44391,71.3839,1.524,0.0,0.0,1.0
9.65702,71.1199,1.524,0.0,0.0,1.0
96.9928,15.1696,1.524,0.0,0.0,1.0
96.9928,14.8304,1.524,0.0,0.0,1.0
120.0,30.0,1.524,0.0,0.0,1.0
120.0,30.0,1.524,0.0,0.0,1.0
96.9928,14.8304,1.524,0.0,0.0,1.0
96.9355,14.496,1.524,0.0,0.0,1.0
120.0,30.0,1.524,0.0,0.0,1.0
96.9355,14.496,1.524,0.0,0.0,1.0
102.679,0.0,1.524,0.0,0.0,1.0
102.679,0.0,1.524,0.0,0.0,1.0
96.9355,14.496,1.524,0.0,0.0,1.0
96.8225,14.1762,1.524,0.0,0.0,1.0
102.679,0.0,1.524,0.0,0.0,1.0
96.8225,14.1762,1.524,0.0,0.0,1.0
96.657,13.8801,1.524,0.0,0.0,1.0
13.9514,16.7031,1.524,0.0,0.0,1.0
14.2543,16.8558,1.524,0.0,0.0,1.0
7.91512,68.0018,1.524,0.0,0.0,1.0
93.1142,15.6663,1.524,0.0,0.0,1.0
7.91512,68.0018,1.524,0.0,0.0,1.0
93.0288,15.338,1.524,0.0,0.0,1.0
93.0288,15.338,1.524,0.0,0.0,1.0
7.91512,68.0018,1.524,0.0,0.0,1.0
93.0,15.0,1.524,0.0,0.0,1.0
93.1142,15.6663,1.524,0.0,0.0,1.0
93.254,15.9754,1.524,0.0,0.0,1.0
7.91512,68.0018,1.524,0.0,0.0,1.0
7.91512,68.0018,1.524,0.0,0.0,1.0
93.254,15.9754,1.524,0.0,0.0,1.0
93.4439,16.2564,1.524,0.0,0.0,1.0
7.91512,68.0018,1.524,0.0,0.0,1.0
93.4439,16.2564,1.524,0.0,0.0,1.0
93.6786,16.5013,1.524,0.0,0.0,1.0
15.254,16.9838,1.524,0.0,0.0,1.0
94.5786,13.0449,1.524,0.0,0.0,1.0
94.2543,13.1442,1.524,0.0,0.0,1.0
9.65702,68.8801,1.524,0.0,0.0,1.0
83.1142,59.3337,1.524,0.0,0.0,1.0
9.82246,69.1762,1.524,0.0,0.0,1.0
9.82246,69.1762,1.524,0.0,0.0,1.0
83.1142,59.3337,1.524,0.0,0.0,1.0
9.93547,69.496,1.524,0.0,0.0,1.0
9.99279,70.1696,1.524,0.0,0.0,1.0
83.6786,61.5013,1.524,0.0,0.0,1.0
88.0,75.0,1.524,0.0,0.0,1.0
88.0,75.0,1.524,0.0,0.0,1.0
83.6786,61.5013,1.524,0.0,0.0,1.0
83.9514,61.7031,1.524,0.0,0.0,1.0
88.0,75.0,1.524,0.0,0.0,1.0
83.9514,61.7031,1.524,0.0,0.0,1.0
84.2543,61.8558,1.524,0.0,0.0,1.0
94.5786,13.0449,1.524,0.0,0.0,1.0
15.254,16.9838,1.524,0.0,0.0,1.0
94.9151,13.0018,1.524,0.0,0.0,1.0
94.9151,13.0018,1.524,0.0,0.0,1.0
15.254,16.9838,1.524,0.0,0.0,1.0
15.5856,16.9123,1.524,0.0,0.0,1.0
94.9151,13.0018,1.524,0.0,0.0,1.0
15.5856,16.9123,1.524,0.0,0.0,1.0
15.9004,16.7859,1.524,0.0,0.0,1.0
16.9355,15.504,1.524,0.0,0.0,1.0
94.9151,13.0018,1.524,0.0,0.0,1.0
16.8225,15.8238,1.524,0.0,0.0,1.0
16.8225,15.8238,1.524,0.0,0.0,1.0
94.9151,13.0018,1.524,0.0,0.0,1.0
16.657,16.1199,1.524,0.0,0.0,1.0
83.1142,59.3337,1.524,0.0,0.0,1.0
83.0288,59.662,1.524,0.0,0.0,1.0
9.93547,69.496,1.524,0.0,0.0,1.0
9.93547,69.496,1.524,0.0,0.0,1.0
83.0288,59.662,1.524,0.0,0.0,1.0
83.0,60.0,1.524,0.0,0.0,1.0
9.93547,69.496,1.524,0.0,0.0,1.0
83.0,60.0,1.524,0.0,0.0,1.0
9.99279,69.8304,1.524,0.0,0.0,1.0
9.65702,68.8801,1.524,0.0,0.0,1.0
9.44391,68.6161,1.524,0.0,0.0,1.0
83.1142,59.3337,1.524,0.0,0.0,1.0
83.1142,59.3337,1.524,0.0,0.0,1.0
9.44391,68.6161,1.524,0.0,0.0,1.0
9.18927,68.392,1.524,0.0,0.0,1.0
83.1142,59.3337,1.524,0.0,0.0,1.0
9.18927,68.392,1.524,0.0,0.0,1.0
8.90041,68.2141,1.524,0.0,0.0,1.0
8.90041,68.2141,1.524,0.0,0.0,1.0
8.58565,68.0877,1.524,0.0,0.0,1.0
83.1142,59.3337,1.524,0.0,0.0,1.0
83.1142,59.3337,1.524,0.0,0.0,1.0
8.58565,68.0877,1.524,0.0,0.0,1.0
8.25403,68.0162,1.524,0.0,0.0,1.0
83.1142,59.3337,1.524,0.0,0.0,1.0
8.25403,68.0162,1.524,0.0,0.0,1.0
7.91512,68.0018,1.524,0.0,0.0,1.0
83.1142,60.6663,1.524,0.0,0.0,1.0
83.254,60.9754,1.524,0.0,0.0,1.0
9.99279,70.1696,1.524,0.0,0.0,1.0
9.99279,70.1696,1.524,0.0,0.0,1.0
83.254,60.9754,1.524,0.0,0.0,1.0
83.4439,61.2564,1.524,0.0,0.0,1.0
9.99279,70.1696,1.524,0.0,0.0,1.0
83.4439,61.2564,1.524,0.0,0.0,1.0
83.6786,61.5013,1.524,0.0,0.0,1.0
84.2543,61.8558,1.524,0.0,0.0,1.0
84.5786,61.9551,1.524,0.0,0.0,1.0
88.0,75.0,1.524,0.0,0.0,1.0
88.0,75.0,1.524,0.0,0.0,1.0
84.5786,61.9551,1.524,0.0,0.0,1.0
84.9151,61.9982,1.524,0.0,0.0,1.0
88.0,75.0,1.524,0.0,0.0,1.0
84.9151,61.9982,1.524,0.0,0.0,1.0
95.3323,62.3,1.524,0.0,0.0,1.0
95.3323,62.3,1.524,0.0,0.0,1.0
84.9151,61.9982,1.524,0.0,0.0,1.0
120.0,62.3,1.524,0.0,0.0,1.0
15.9004,16.7859,1.524,0.0,0.0,1.0
16.1893,16.608,1.524,0.0,0.0,1.0
94.9151,13.0018,1.524,0.0,0.0,1.0
94.9151,13.0018,1.524,0.0,0.0,1.0
16.1893,16.608,1.524,0.0,0.0,1.0
16.4439,16.3839,1.524,0.0,0.0,1.0
94.9151,13.0018,1.524,0.0,0.0,1.0
16.4439,16.3839,1.524,0.0,0.0,1.0
16.657,16.1199,1.524,0.0,0.0,1.0
96.657,13.8801,1.524,0.0,0.0,1.0
96.4439,13.6161,1.524,0.0,0.0,1.0
102.679,0.0,1.524,0.0,0.0,1.0
102.679,0.0,1.524,0.0,0.0,1.0
96.4439,13.6161,1.524,0.0,0.0,1.0
96.1893,13.392,1.524,0.0,0.0,1.0
102.679,0.0,1.524,0.0,0.0,1.0
96.1893,13.392,1.524,0.0,0.0,1.0
95.9004,13.2141,1.524,0.0,0.0,1.0
16.8225,14.1762,1.524,0.0,0.0,1.0
16.657,13.8801,1.524,0.0,0.0,1.0
102.679,0.0,1.524,0.0,0.0,1.0
94.2543,13.1442,1.524,0.0,0.0,1.0
93.9514,13.2969,1.524,0.0,0.0,1.0
15.254,16.9838,1.524,0.0,0.0,1.0
15.254,16.9838,1.524,0.0,0.0,1.0
93.9514,13.2969,1.524,0.0,0.0,1.0
93.6786,13.4987,1.524,0.0,0.0,1.0
15.254,16.9838,1.524,0.0,0.0,1.0
93.6786,13.4987,1.524,0.0,0.0,1.0
93.4439,13.7436,1.524,0.0,0.0,1.0
14.2543,16.8558,1.524,0.0,0.0,1.0
14.5786,16.9551,1.524,0.0,0.0,1.0
7.91512,68.0018,1.524,0.0,0.0,1.0
7.91512,68.0018,1.524,0.0,0.0,1.0
14.5786,16.9551,1.524,0.0,0.0,1.0
14.9151,16.9982,1.524,0.0,0.0,1.0
7.91512,68.0018,1.524,0.0,0.0,1.0
14.9151,16.9982,1.524,0.0,0.0,1.0
15.254,16.9838,1.524,0.0,0.0,1.0
86.657,58.8801,1.524,0.0,0.0,1.0
86.4439,58.6161,1.524,0.0,0.0,1.0
120.0,30.0,1.524,0.0,0.0,1.0
120.0,30.0,1.524,0.0,0.0,1.0
86.4439,58.6161,1.524,0.0,0.0,1.0
86.1893,58.392,1.524,0.0,0.0,1.0
120.0,30.0,1.524,0.0,0.0,1.0
86.1893,58.392,1.524,0.0,0.0,1.0
96.657,16.1199,1.524,0.0,0.0,1.0
96.657,16.1199,1.524,0.0,0.0,1.0
86.1893,58.392,1.524,0.0,0.0,1.0
85.9004,58.2141,1.524,0.0,0.0,1.0
96.657,16.1199,1.524,0.0,0.0,1.0
85.9004,58.2141,1.524,0.0,0.0,1.0
96.4439,16.3839,1.524,0.0,0.0,1.0
96.4439,16.3839,1.524,0.0,0.0,1.0
85.9004,58.2141,1.524,0.0,0.0,1.0
96.1893,16.608,1.524,0.0,0.0,1.0
85.254,58.0162,1.524,0.0,0.0,1.0
84.9151,58.0018,1.524,0.0,0.0,1.0
93.6786,16.5013,1.524,0.0,0.0,1.0
93.6786,16.5013,1.524,0.0,0.0,1.0
84.9151,58.0018,1.524,0.0,0.0,1.0
84.5786,58.0449,1.524,0.0,0.0,1.0
93.6786,16.5013,1.524,0.0,0.0,1.0
84.5786,58.0449,1.524,0.0,0.0,1.0
84.2543,58.1442,1.524,0.0,0.0,1.0
95.9004,13.2141,1.524,0.0,0.0,1.0
95.5856,13.0877,1.524,0.0,0.0,1.0
102.679,0.0,1.524,0.0,0.0,1.0
102.679,0.0,1.524,0.0,0.0,1.0
95.5856,13.0877,1.524,0.0,0.0,1.0
95.254,13.0162,1.524,0.0,0.0,1.0
102.679,0.0,1.524,0.0,0.0,1.0
95.254,13.0162,1.524,0.0,0.0,1.0
94.9151,13.0018,1.524,0.0,0.0,1.0
93.4439,13.7436,1.524,0.0,0.0,1.0
93.254,14.0246,1.524,0.0,0.0,1.0
15.254,16.9838,1.524,0.0,0.0,1.0
15.254,16.9838,1.524,0.0,0.0,1.0
93.254,14.0246,1.524,0.0,0.0,1.0
93.1142,14.3337,1.524,0.0,0.0,1.0
15.254,16.9838,1.524,0.0,0.0,1.0
93.1142,14.3337,1.524,0.0,0.0,1.0
7.91512,68.0018,1.524,0.0,0.0,1.0
7.91512,68.0018,1.524,0.0,0.0,1.0
93.1142,14.3337,1.524,0.0,0.0,1.0
93.0288,14.662,1.524,0.0,0.0,1.0
7.91512,68.0018,1.524,0.0,0.0,1.0
93.0288,14.662,1.524,0.0,0.0,1.0
93.0,15.0,1.524,0.0,0.0,1.0
95.254,16.9838,1.524,0.0,0.0,1.0
95.5856,16.9123,1.524,0.0,0.0,1.0
85.9004,58.2141,1.524,0.0,0.0,1.0
85.9004,58.2141,1.524,0.0,0.0,1.0
95.5856,16.9123,1.524,0.0,0.0,1.0
95.9004,16.7859,1.524,0.0,0.0,1.0
85.9004,58.2141,1.524,0.0,0.0,1.0
95.9004,16.7859,1.524,0.0,0.0,1.0
96.1893,16.608,1.524,0.0,0.0,1.0
84.2543,58.1442,1.524,0.0,0.0,1.0
83.9514,58.2969,1.524,0.0,0.0,1.0
93.6786,16.5013,1.524,0.0,0.0,1.0
93.6786,16.5013,1.524,0.0,0.0,1.0
83.9514,58.2969,1.524,0.0,0.0,1.0
83.6786,58.4987,1.524,0.0,0.0,1.0
93.6786,16.5013,1.524,0.0,0.0,1.0
83.6786,58.4987,1.524,0.0,0.0,1.0
7.91512,68.0018,1.524,0.0,0.0,1.0
7.91512,68.0018,1.524,0.0,0.0,1.0
83.6786,58.4987,1.524,0.0,0.0,1.0
83.4439,58.7436,1.524,0.0,0.0,1.0
7.91512,68.0018,1.524,0.0,0.0,1.0
83.4439,58.7436,1.524,0.0,0.0,1.0
83.254,59.0246,1.524,0.0,0.0,1.0
9.99279,69.8304,1.524,0.0,0.0,1.0
83.0,60.0,1.524,0.0,0.0,1.0
9.99279,70.1696,1.524,0.0,0.0,1.0
9.99279,70.1696,1.524,0.0,0.0,1.0
83.0,60.0,1.524,0.0,0.0,1.0
83.0288,60.338,1.524,0.0,0.0,1.0
9.99279,70.1696,1.524,0.0,0.0,1.0
83.0288,60.338,1.524,0.0,0.0,1.0
83.1142,60.6663,1.524,0.0,0.0,1.0
16.9355,15.504,1.524,0.0,0.0,1.0
16.9928,15.1696,1.524,0.0,0.0,1.0
94.9151,13.0018,1.524,0.0,0.0,1.0
94.9151,13.0018,1.524,0.0,0.0,1.0
16.9928,15.1696,1.524,0.0,0.0,1.0
16.9928,14.8304,1.524,0.0,0.0,1.0
94.9151,13.0018,1.524,0.0,0.0,1.0
16.9928,14.8304,1.524,0.0,0.0,1.0
102.679,0.0,1.524,0.0,0.0,1.0
102.679,0.0,1.524,0.0,0.0,1.0
16.9928,14.8304,1.524,0.0,0.0,1.0
16.9355,14.496,1.524,0.0,0.0,1.0
102.679,0.0,1.524,0.0,0.0,1.0
16.9355,14.496,1.524,0.0,0.0,1.0
16.8225,14.1762,1.524,0.0,0.0,1.0
13.254,15.9754,1.524,0.0,0.0,1.0
13.4439,16.2564,1.524,0.0,0.0,1.0
7.91512,68.0018,1.524,0.0,0.0,1.0
7.91512,68.0018,1.524,0.0,0.0,1.0
13.4439,16.2564,1.524,0.0,0.0,1.0
13.6786,16.5013,1.524,0.0,0.0,1.0
7.91512,68.0018,1.524,0.0,0.0,1.0
13.6786,16.5013,1.524,0.0,0.0,1.0
13.9514,16.7031,1.524,0.0,0.0,1.0
86.9928,60.1696,1.524,0.0,0.0,1.0
86.9928,59.8304,1.524,0.0,0.0,1.0
120.0,62.3,1.524,0.0,0.0,1.0
120.0,62.3,1.524,0.0,0.0,1.0
86.9928,59.8304,1.524,0.0,0.0,1.0
86.9355,59.496,1.524,0.0,0.0,1.0
120.0,62.3,1.524,0.0,0.0,1.0
86.9355,59.496,1.524,0.0,0.0,1.0
120.0,30.0,1.524,0.0,0.0,1.0
120.0,30.0,1.524,0.0,0.0,1.0
86.9355,59.496,1.524,0.0,0.0,1.0
86.8225,59.1762,1.524,0.0,0.0,1.0
120.0,30.0,1.524,0.0,0.0,1.0
86.8225,59.1762,1.524,0.0,0.0,1.0
86.657,58.8801,1.524,0.0,0.0,1.0
15.5856,13.0877,1.524,0.0,0.0,1.0
15.254,13.0162,1.524,0.0,0.0,1.0
0.0,0.0,1.524,0.0,0.0,1.0
15.254,13.0162,1.524,0.0,0.0,1.0
14.9151,13.0018,1.524,0.0,0.0,1.0
0.0,0.0,1.524,0.0,0.0,1.0
0.0,0.0,1.524,0.0,0.0,1.0
14.9151,13.0018,1.524,0.0,0.0,1.0
14.5786,13.0449,1.524,0.0,0.0,1.0
0.0,0.0,1.524,0.0,0.0,1.0
14.5786,13.0449,1.524,0.0,0.0,1.0
14.2543,13.1442,1.524,0.0,0.0,1.0
14.2543,13.1442,1.524,0.0,0.0,1.0
13.9514,13.2969,1.524,0.0,0.0,1.0
0.0,0.0,1.524,0.0,0.0,1.0
0.0,0.0,1.524,0.0,0.0,1.0
13.9514,13.2969,1.524,0.0,0.0,1.0
13.6786,13.4987,1.524,0.0,0.0,1.0
0.0,0.0,1.524,0.0,0.0,1.0
13.6786,13.4987,1.524,0.0,0.0,1.0
13.4439,13.7436,1.524,0.0,0.0,1.0
13.4439,13.7436,1.524,0.0,0.0,1.0
13.254,14.0246,1.524,0.0,0.0,1.0
0.0,0.0,1.524,0.0,0.0,1.0
0.0,0.0,1.524,0.0,0.0,1.0
13.254,14.0246,1.524,0.0,0.0,1.0
13.1142,14.3337,1.524,0.0,0.0,1.0
0.0,0.0,1.524,0.0,0.0,1.0
13.1142,14.3337,1.524,0.0,0.0,1.0
13.0288,14.662,1.524,0.0,0.0,1.0
13.0288,14.662,1.524,0.0,0.0,1.0
13.0,15.0,1.524,0.0,0.0,1.0
0.0,0.0,1.524,0.0,0.0,1.0
0.0,0.0,1.524,0.0,0.0,1.0
13.0,15.0,1.524,0.0,0.0,1.0
13.0288,15.338,1.524,0.0,0.0,1.0
0.0,0.0,1.524,0.0,0.0,1.0
13.0288,15.338,1.524,0.0,0.0,1.0
7.91512,68.0018,1.524,0.0,0.0,1.0
7.91512,68.0018,1.524,0.0,0.0,1.0
13.0288,15.338,1.524,0.0,0.0,1.0
13.1142,15.6663,1.524,0.0,0.0,1.0
7.91512,68.0018,1.524,0.0,0.0,1.0
13.1142,15.6663,1.524,0.0,0.0,1.0
13.254,15.9754,1.524,0.0,0.0,1.0
16.657,13.8801,1.524,0.0,0.0,1.0
16.4439,13.6161,1.524,0.0,0.0,1.0
102.679,0.0,1.524,0.0,0.0,1.0
102.679,0.0,1.524,0.0,0.0,1.0
16.4439,13.6161,1.524,0.0,0.0,1.0
16.1893,13.392,1.524,0.0,0.0,1.0
102.679,0.0,1.524,0.0,0.0,1.0
16.1893,13.392,1.524,0.0,0.0,1.0
0.0,0.0,1.524,0.0,0.0,1.0
0.0,0.0,1.524,0.0,0.0,1.0
16.1893,13.392,1.524,0.0,0.0,1.0
15.9004,13.2141,1.524,0.0,0.0,1.0
0.0,0.0,1.524,0.0,0.0,1.0
15.9004,13.2141,1.524,0.0,0.0,1.0
15.5856,13.0877,1.524,0.0,0.0,1.0
93.6786,16.5013,1.524,0.0,0.0,1.0
93.9514,16.7031,1.524,0.0,0.0,1.0
85.254,58.0162,1.524,0.0,0.0,1.0
85.254,58.0162,1.524,0.0,0.0,1.0
93.9514,16.7031,1.524,0.0,0.0,1.0
94.2543,16.8558,1.524,0.0,0.0,1.0
85.254,58.0162,1.524,0.0,0.0,1.0
94.2543,16.8558,1.524,0.0,0.0,1.0
85.5856,58.0877,1.524,0.0,0.0,1.0
85.5856,58.0877,1.524,0.0,0.0,1.0
94.2543,16.8558,1.524,0.0,0.0,1.0
94.5786,16.9551,1.524,0.0,0.0,1.0
85.5856,58.0877,1.524,0.0,0.0,1.0
94.5786,16.9551,1.524,0.0,0.0,1.0
85.9004,58.2141,1.524,0.0,0.0,1.0
85.9004,58.2141,1.524,0.0,0.0,1.0
94.5786,16.9551,1.524,0.0,0.0,1.0
94.9151,16.9982,1.524,0.0,0.0,1.0
85.9004,58.2141,1.524,0.0,0.0,1.0
94.9151,16.9982,1.524,0.0,0.0,1.0
95.254,16.9838,1.524,0.0,0.0,1.0
