71.3606,20.0,138.646,0.0,1.0,0.0
75.0,20.0,150.0,0.0,1.0,0.0
78.6394,20.0,138.646,0.0,1.0,0.0
78.6394,20.0,138.646,0.0,1.0,0.0
75.0,20.0,150.0,0.0,1.0,0.0
82.8396,20.0,149.589,0.0,1.0,0.0
78.6394,20.0,138.646,0.0,1.0,0.0
82.8396,20.0,149.589,0.0,1.0,0.0
85.8708,20.0,137.816,0.0,1.0,0.0
85.8708,20.0,137.816,0.0,1.0,0.0
82.8396,20.0,149.589,0.0,1.0,0.0
90.5934,20.0,148.361,0.0,1.0,0.0
85.8708,20.0,137.816,0.0,1.0,0.0
90.5934,20.0,148.361,0.0,1.0,0.0
92.9605,20.0,136.168,0.0,1.0,0.0
92.9605,20.0,136.168,0.0,1.0,0.0
90.5934,20.0,148.361,0.0,1.0,0.0
98.1763,20.0,146.329,0.0,1.0,0.0
92.9605,20.0,136.168,0.0,1.0,0.0
98.1763,20.0,146.329,0.0,1.0,0.0
99.816,20.0,133.722,0.0,1.0,0.0
99.816,20.0,133.722,0.0,1.0,0.0
98.1763,20.0,146.329,0.0,1.0,0.0
105.505,20.0,143.516,0.0,1.0,0.0
99.816,20.0,133.722,0.0,1.0,0.0
105.505,20.0,143.516,0.0,1.0,0.0
106.348,20.0,130.51,0.0,1.0,0.0
106.348,20.0,130.51,0.0,1.0,0.0
105.505,20.0,143.516,0.0,1.0,0.0
112.5,20.0,139.952,0.0,1.0,0.0
106.348,20.0,130.51,0.0,1.0,0.0
112.5,20.0,139.952,0.0,1.0,0.0
112.471,20.0,126.575,0.0,1.0,0.0
112.471,20.0,126.575,0.0,1.0,0.0
112.5,20.0,139.952,0.0,1.0,0.0
119.084,20.0,135.676,0.0,1.0,0.0
112.471,20.0,126.575,0.0,1.0,0.0
119.084,20.0,135.676,0.0,1.0,0.0
118.106,20.0,121.967,0.0,1.0,0.0
118.106,20.0,121.967,0.0,1.0,0.0
119.084,20.0,135.676,0.0,1.0,0.0
125.185,20.0,130.736,0.0,1.0,0.0
118.106,20.0,121.967,0.0,1.0,0.0
125.185,20.0,130.736,0.0,1.0,0.0
123.179,20.0,116.747,0.0,1.0,0.0
123.179,20.0,116.747,0.0,1.0,0.0
125.185,20.0,130.736,0.0,1.0,0.0
130.736,20.0,125.185,0.0,1.0,0.0
123.179,20.0,116.747,0.0,1.0,0.0
130.736,20.0,125.185,0.0,1.0,0.0
127.624,20.0,110.983,0.0,1.0,0.0
127.624,20.0,110.983,0.0,1.0,0.0
130.736,20.0,125.185,0.0,1.0,0.0
135.676,20.0,119.084,0.0,1.0,0.0
127.624,20.0,110.983,0.0,1.0,0.0
135.676,20.0,119.084,0.0,1.0,0.0
131.383,20.0,104.75,0.0,1.0,0.0
131.383,20.0,104.75,0.0,1.0,0.0
135.676,20.0,119.084,0.0,1.0,0.0
139.952,20.0,112.5,0.0,1.0,0.0
131.383,20.0,104.75,0.0,1.0,0.0
139.952,20.0,112.5,0.0,1.0,0.0
134.406,20.0,98.129,0.0,1.0,0.0
13.3444,20.0,91.2064,0.0,1.0,0.0
3.67077,20.0,98.1763,0.0,1.0,0.0
15.5937,20.0,98.129,0.0,1.0,0.0
15.5937,20.0,98.129,0.0,1.0,0.0
3.67077,20.0,98.1763,0.0,1.0,0.0
6.48409,20.0,105.505,0.0,1.0,0.0
15.5937,20.0,98.129,0.0,1.0,0.0
6.48409,20.0,105.505,0.0,1.0,0.0
18.6174,20.0,104.75,0.0,1.0,0.0
18.6174,20.0,104.75,0.0,1.0,0.0
6.48409,20.0,105.505,0.0,1.0,0.0
10.0481,20.0,112.5,0.0,1.0,0.0
18.6174,20.0,104.75,0.0,1.0,0.0
10.0481,20.0,112.5,0.0,1.0,0.0
22.3762,20.0,110.983,0.0,1.0,0.0
22.3762,20.0,110.983,0.0,1.0,0.0
10.0481,20.0,112.5,0.0,1.0,0.0
14.3237,20.0,119.084,0.0,1.0,0.0
22.3762,20.0,110.983,0.0,1.0,0.0
14.3237,20.0,119.084,0.0,1.0,0.0
26.821,20.0,116.747,0.0,1.0,0.0
26.821,20.0,116.747,0.0,1.0,0.0
14.3237,20.0,119.084,0.0,1.0,0.0
19.2641,20.0,125.185,0.0,1.0,0.0
26.821,20.0,116.747,0.0,1.0,0.0
19.2641,20.0,125.185,0.0,1.0,0.0
31.8939,20.0,121.967,0.0,1.0,0.0
31.8939,20.0,121.967,0.0,1.0,0.0
19.2641,20.0,125.185,0.0,1.0,0.0
24.8152,20.0,130.736,0.0,1.0,0.0
31.8939,20.0,121.967,0.0,1.0,0.0
24.8152,20.0,130.736,0.0,1.0,0.0
37.5287,20.0,126.575,0.0,1.0,0.0
37.5287,20.0,126.575,0.0,1.0,0.0
24.8152,20.0,130.736,0.0,1.0,0.0
30.9161,20.0,135.676,0.0,1.0,0.0
37.5287,20.0,126.575,0.0,1.0,0.0
30.9161,20.0,135.676,0.0,1.0,0.0
43.652,20.0,130.51,0.0,1.0,0.0
43.652,20.0,130.51,0.0,1.0,0.0
30.9161,20.0,135.676,0.0,1.0,0.0
37.5,20.0,139.952,0.0,1.0,0.0
43.652,20.0,130.51,0.0,1.0,0.0
37.5,20.0,139.952,0.0,1.0,0.0
50.184,20.0,133.722,0.0,1.0,0.0
50.184,20.0,133.722,0.0,1.0,0.0
37.5,20.0,139.952,0.0,1.0,0.0
44.4948,20.0,143.516,0.0,1.0,0.0
50.184,20.0,133.722,0.0,1.0,0.0
44.4948,20.0,143.516,0.0,1.0,0.0
57.0396,20.0,136.168,0.0,1.0,0.0
57.0396,20.0,136.168,0.0,1.0,0.0
44.4948,20.0,143.516,0.0,1.0,0.0
51.8237,20.0,146.329,0.0,1.0,0.0
57.0396,20.0,136.168,0.0,1.0,0.0
51.8237,20.0,146.329,0.0,1.0,0.0
64.1292,20.0,137.816,0.0,1.0,0.0
64.1292,20.0,137.816,0.0,1.0,0.0
51.8237,20.0,146.329,0.0,1.0,0.0
59.4066,20.0,148.361,0.0,1.0,0.0
64.1292,20.0,137.816,0.0,1.0,0.0
59.4066,20.0,148.361,0.0,1.0,0.0
71.3606,20.0,138.646,0.0,1.0,0.0
71.3606,20.0,138.646,0.0,1.0,0.0
59.4066,20.0,148.361,0.0,1.0,0.0
67.1604,20.0,149.589,0.0,1.0,0.0
71.3606,20.0,138.646,0.0,1.0,0.0
67.1604,20.0,149.589,0.0,1.0,0.0
75.0,20.0,150.0,0.0,1.0,0.0
115.355,20.0,25.6485,0.0,1.0,0.0
119.084,20.0,14.3237,0.0,1.0,0.0
109.466,20.0,21.3701,0.0,1.0,0.0
109.466,20.0,21.3701,0.0,1.0,0.0
119.084,20.0,14.3237,0.0,1.0,0.0
112.5,20.0,10.0481,0.0,1.0,0.0
109.466,20.0,21.3701,0.0,1.0,0.0
112.5,20.0,10.0481,0.0,1.0,0.0
103.128,20.0,17.7909,0.0,1.0,0.0
103.128,20.0,17.7909,0.0,1.0,0.0
112.5,20.0,10.0481,0.0,1.0,0.0
105.505,20.0,6.48409,0.0,1.0,0.0
103.128,20.0,17.7909,0.0,1.0,0.0
105.505,20.0,6.48409,0.0,1.0,0.0
96.4231,20.0,14.9574,0.0,1.0,0.0
96.4231,20.0,14.9574,0.0,1.0,0.0
105.505,20.0,6.48409,0.0,1.0,0.0
98.1763,20.0,3.67077,0.0,1.0,0.0
96.4231,20.0,14.9574,0.0,1.0,0.0
98.1763,20.0,3.67077,0.0,1.0,0.0
89.4392,20.0,12.9067,0.0,1.0,0.0
89.4392,20.0,12.9067,0.0,1.0,0.0
98.1763,20.0,3.67077,0.0,1.0,0.0
90.5934,20.0,1.63893,0.0,1.0,0.0
89.4392,20.0,12.9067,0.0,1.0,0.0
90.5934,20.0,1.63893,0.0,1.0,0.0
82.267,20.0,11.6655,0.0,1.0,0.0
82.267,20.0,11.6655,0.0,1.0,0.0
90.5934,20.0,1.63893,0.0,1.0,0.0
82.8396,20.0,0.410862,0.0,1.0,0.0
82.267,20.0,11.6655,0.0,1.0,0.0
82.8396,20.0,0.410862,0.0,1.0,0.0
75.0,20.0,11.25,0.0,1.0,0.0
75.0,20.0,11.25,0.0,1.0,0.0
82.8396,20.0,0.410862,0.0,1.0,0.0
75.0,20.0,0.0,0.0,1.0,0.0
75.0,20.0,11.25,0.0,1.0,0.0
75.0,20.0,0.0,0.0,1.0,0.0
67.733,20.0,11.6655,0.0,1.0,0.0
67.733,20.0,11.6655,0.0,1.0,0.0
75.0,20.0,0.0,0.0,1.0,0.0
67.1604,20.0,0.410862,0.0,1.0,0.0
67.733,20.0,11.6655,0.0,1.0,0.0
67.1604,20.0,0.410862,0.0,1.0,0.0
60.5608,20.0,12.9067,0.0,1.0,0.0
60.5608,20.0,12.9067,0.0,1.0,0.0
67.1604,20.0,0.410862,0.0,1.0,0.0
59.4066,20.0,1.63893,0.0,1.0,0.0
60.5608,20.0,12.9067,0.0,1.0,0.0
59.4066,20.0,1.63893,0.0,1.0,0.0
53.5769,20.0,14.9574,0.0,1.0,0.0
53.5769,20.0,14.9574,0.0,1.0,0.0
59.4066,20.0,1.63893,0.0,1.0,0.0
51.8237,20.0,3.67077,0.0,1.0,0.0
53.5769,20.0,14.9574,0.0,1.0,0.0
51.8237,20.0,3.67077,0.0,1.0,0.0
46.8722,20.0,17.7909,0.0,1.0,0.0
46.8722,20.0,17.7909,0.0,1.0,0.0
51.8237,20.0,3.67077,0.0,1.0,0.0
44.4948,20.0,6.48409,0.0,1.0,0.0
46.8722,20.0,17.7909,0.0,1.0,0.0
44.4948,20.0,6.48409,0.0,1.0,0.0
40.5341,20.0,21.3701,0.0,1.0,0.0
44.4948,20.0,6.48409,0.0,1.0,0.0
37.5,20.0,10.0481,0.0,1.0,0.0
40.5341,20.0,21.3701,0.0,1.0,0.0
40.5341,20.0,21.3701,0.0,1.0,0.0
37.5,20.0,10.0481,0.0,1.0,0.0
30.9161,20.0,14.3237,0.0,1.0,0.0
40.5341,20.0,21.3701,0.0,1.0,0.0
30.9161,20.0,14.3237,0.0,1.0,0.0
34.6455,20.0,25.6485,0.0,1.0,0.0
34.6455,20.0,25.6485,0.0,1.0,0.0
30.9161,20.0,14.3237,0.0,1.0,0.0
24.8152,20.0,19.2641,0.0,1.0,0.0
34.6455,20.0,25.6485,0.0,1.0,0.0
24.8152,20.0,19.2641,0.0,1.0,0.0
29.2828,20.0,30.5702,0.0,1.0,0.0
29.2828,20.0,30.5702,0.0,1.0,0.0
24.8152,20.0,19.2641,0.0,1.0,0.0
19.2641,20.0,24.8152,0.0,1.0,0.0
29.2828,20.0,30.5702,0.0,1.0,0.0
19.2641,20.0,24.8152,0.0,1.0,0.0
24.5162,20.0,36.0712,0.0,1.0,0.0
24.5162,20.0,36.0712,0.0,1.0,0.0
19.2641,20.0,24.8152,0.0,1.0,0.0
14.3237,20.0,30.9161,0.0,1.0,0.0
24.5162,20.0,36.0712,0.0,1.0,0.0
14.3237,20.0,30.9161,0.0,1.0,0.0
20.4078,20.0,42.0797,0.0,1.0,0.0
20.4078,20.0,42.0797,0.0,1.0,0.0
14.3237,20.0,30.9161,0.0,1.0,0.0
10.0481,20.0,37.5,0.0,1.0,0.0
20.4078,20.0,42.0797,0.0,1.0,0.0
10.0481,20.0,37.5,0.0,1.0,0.0
17.011,20.0,48.5173,0.0,1.0,0.0
17.011,20.0,48.5173,0.0,1.0,0.0
10.0481,20.0,37.5,0.0,1.0,0.0
6.48409,20.0,44.4948,0.0,1.0,0.0
17.011,20.0,48.5173,0.0,1.0,0.0
6.48409,20.0,44.4948,0.0,1.0,0.0
14.3702,20.0,55.3002,0.0,1.0,0.0
14.3702,20.0,55.3002,0.0,1.0,0.0
6.48409,20.0,44.4948,0.0,1.0,0.0
3.67077,20.0,51.8237,0.0,1.0,0.0
14.3702,20.0,55.3002,0.0,1.0,0.0
3.67077,20.0,51.8237,0.0,1.0,0.0
12.5197,20.0,62.3399,0.0,1.0,0.0
12.5197,20.0,62.3399,0.0,1.0,0.0
3.67077,20.0,51.8237,0.0,1.0,0.0
1.63893,20.0,59.4066,0.0,1.0,0.0
12.5197,20.0,62.3399,0.0,1.0,0.0
1.63893,20.0,59.4066,0.0,1.0,0.0
11.4839,20.0,69.5446,0.0,1.0,0.0
11.4839,20.0,69.5446,0.0,1.0,0.0
1.63893,20.0,59.4066,0.0,1.0,0.0
0.410862,20.0,67.1604,0.0,1.0,0.0
11.4839,20.0,69.5446,0.0,1.0,0.0
0.410862,20.0,67.1604,0.0,1.0,0.0
11.276,20.0,76.8204,0.0,1.0,0.0
11.276,20.0,76.8204,0.0,1.0,0.0
0.410862,20.0,67.1604,0.0,1.0,0.0
0.0,20.0,75.0,0.0,1.0,0.0
11.276,20.0,76.8204,0.0,1.0,0.0
0.0,20.0,75.0,0.0,1.0,0.0
11.8989,20.0,84.0726,0.0,1.0,0.0
11.8989,20.0,84.0726,0.0,1.0,0.0
0.0,20.0,75.0,0.0,1.0,0.0
0.410862,20.0,82.8396,0.0,1.0,0.0
11.8989,20.0,84.0726,0.0,1.0,0.0
0.410862,20.0,82.8396,0.0,1.0,0.0
13.3444,20.0,91.2064,0.0,1.0,0.0
13.3444,20.0,91.2064,0.0,1.0,0.0
0.410862,20.0,82.8396,0.0,1.0,0.0
1.63893,20.0,90.5934,0.0,1.0,0.0
13.3444,20.0,91.2064,0.0,1.0,0.0
1.63893,20.0,90.5934,0.0,1.0,0.0
3.67077,20.0,98.1763,0.0,1.0,0.0
139.952,20.0,112.5,0.0,1.0,0.0
143.516,20.0,105.505,0.0,1.0,0.0
134.406,20.0,98.129,0.0,1.0,0.0
134.406,20.0,98.129,0.0,1.0,0.0
143.516,20.0,105.505,0.0,1.0,0.0
146.329,20.0,98.1763,0.0,1.0,0.0
134.406,20.0,98.129,0.0,1.0,0.0
146.329,20.0,98.1763,0.0,1.0,0.0
136.656,20.0,91.2064,0.0,1.0,0.0
136.656,20.0,91.2064,0.0,1.0,0.0
146.329,20.0,98.1763,0.0,1.0,0.0
148.361,20.0,90.5934,0.0,1.0,0.0
136.656,20.0,91.2064,0.0,1.0,0.0
148.361,20.0,90.5934,0.0,1.0,0.0
138.101,20.0,84.0726,0.0,1.0,0.0
138.101,20.0,84.0726,0.0,1.0,0.0
148.361,20.0,90.5934,0.0,1.0,0.0
149.589,20.0,82.8396,0.0,1.0,0.0
138.101,20.0,84.0726,0.0,1.0,0.0
149.589,20.0,82.8396,0.0,1.0,0.0
138.724,20.0,76.8204,0.0,1.0,0.0
138.724,20.0,76.8204,0.0,1.0,0.0
149.589,20.0,82.8396,0.0,1.0,0.0
150.0,20.0,75.0,0.0,1.0,0.0
138.724,20.0,76.8204,0.0,1.0,0.0
150.0,20.0,75.0,0.0,1.0,0.0
138.516,20.0,69.5446,0.0,1.0,0.0
138.516,20.0,69.5446,0.0,1.0,0.0
150.0,20.0,75.0,0.0,1.0,0.0
149.589,20.0,67.1604,0.0,1.0,0.0
138.516,20.0,69.5446,0.0,1.0,0.0
149.589,20.0,67.1604,0.0,1.0,0.0
137.48,20.0,62.3399,0.0,1.0,0.0
137.48,20.0,62.3399,0.0,1.0,0.0
149.589,20.0,67.1604,0.0,1.0,0.0
148.361,20.0,59.4066,0.0,1.0,0.0
137.48,20.0,62.3399,0.0,1.0,0.0
148.361,20.0,59.4066,0.0,1.0,0.0
135.63,20.0,55.3002,0.0,1.0,0.0
135.63,20.0,55.3002,0.0,1.0,0.0
148.361,20.0,59.4066,0.0,1.0,0.0
146.329,20.0,51.8237,0.0,1.0,0.0
135.63,20.0,55.3002,0.0,1.0,0.0
146.329,20.0,51.8237,0.0,1.0,0.0
132.989,20.0,48.5173,0.0,1.0,0.0
132.989,20.0,48.5173,0.0,1.0,0.0
146.329,20.0,51.8237,0.0,1.0,0.0
143.516,20.0,44.4948,0.0,1.0,0.0
132.989,20.0,48.5173,0.0,1.0,0.0
143.516,20.0,44.4948,0.0,1.0,0.0
129.592,20.0,42.0797,0.0,1.0,0.0
129.592,20.0,42.0797,0.0,1.0,0.0
143.516,20.0,44.4948,0.0,1.0,0.0
139.952,20.0,37.5,0.0,1.0,0.0
129.592,20.0,42.0797,0.0,1.0,0.0
139.952,20.0,37.5,0.0,1.0,0.0
125.484,20.0,36.0712,0.0,1.0,0.0
125.484,20.0,36.0712,0.0,1.0,0.0
139.952,20.0,37.5,0.0,1.0,0.0
135.676,20.0,30.9161,0.0,1.0,0.0
125.484,20.0,36.0712,0.0,1.0,0.0
135.676,20.0,30.9161,0.0,1.0,0.0
120.717,20.0,30.5702,0.0,1.0,0.0
120.717,20.0,30.5702,0.0,1.0,0.0
135.676,20.0,30.9161,0.0,1.0,0.0
130.736,20.0,24.8152,0.0,1.0,0.0
120.717,20.0,30.5702,0.0,1.0,0.0
130.736,20.0,24.8152,0.0,1.0,0.0
115.355,20.0,25.6485,0.0,1.0,0.0
115.355,20.0,25.6485,0.0,1.0,0.0
130.736,20.0,24.8152,0.0,1.0,0.0
125.185,20.0,19.2641,0.0,1.0,0.0
115.355,20.0,25.6485,0.0,1.0,0.0
125.185,20.0,19.2641,0.0,1.0,0.0
119.084,20.0,14.3237,0.0,1.0,0.0
82.8396,5.68573e-11,0.410862,0.156434,0.0,-0.987688
82.8396,20.0,0.410862,0.156434,0.0,-0.987688
90.5934,5.68573e-11,1.63893,0.156434,0.0,-0.987688
90.5934,5.68573e-11,1.63893,0.156434,0.0,-0.987688
82.8396,20.0,0.410862,0.156434,0.0,-0.987688
90.5934,20.0,1.63893,0.156434,0.0,-0.987688
90.5934,5.68573e-11,1.63893,0.258819,0.0,-0.965926
90.5934,20.0,1.63893,0.258819,0.0,-0.965926
98.1763,5.68573e-11,3.67077,0.258819,0.0,-0.965926
98.1763,5.68573e-11,3.67077,0.258819,0.0,-0.965926
90.5934,20.0,1.63893,0.258819,0.0,-0.965926
98.1763,20.0,3.67077,0.258819,0.0,-0.965926
98.1763,5.68573e-11,3.67077,0.358367,0.0,-0.933581
98.1763,20.0,3.67077,0.358367,0.0,-0.933581
105.505,5.68573e-11,6.48409,0.358367,0.0,-0.933581
105.505,5.68573e-11,6.48409,0.358367,0.0,-0.933581
98.1763,20.0,3.67077,0.358367,0.0,-0.933581
105.505,20.0,6.48409,0.358367,0.0,-0.933581
105.505,5.68573e-11,6.48409,0.45399,0.0,-0.891007
105.505,20.0,6.48409,0.45399,0.0,-0.891007
112.5,5.68573e-11,10.0481,0.45399,0.0,-0.891007
112.5,5.68573e-11,10.0481,0.45399,0.0,-0.891007
105.505,20.0,6.48409,0.45399,0.0,-0.891007
112.5,20.0,10.0481,0.45399,0.0,-0.891007
112.5,5.68573e-11,10.0481,0.54464,0.0,-0.83867
112.5,20.0,10.0481,0.54464,0.0,-0.83867
119.084,5.68573e-11,14.3237,0.54464,0.0,-0.83867
119.084,5.68573e-11,14.3237,0.54464,0.0,-0.83867
112.5,20.0,10.0481,0.54464,0.0,-0.83867
119.084,20.0,14.3237,0.54464,0.0,-0.83867
119.084,5.68573e-11,14.3237,0.629319,0.0,-0.777147
119.084,20.0,14.3237,0.629319,0.0,-0.777147
125.185,5.68573e-11,19.2641,0.629319,0.0,-0.777147
125.185,5.68573e-11,19.2641,0.629319,0.0,-0.777147
119.084,20.0,14.3237,0.629319,0.0,-0.777147
125.185,20.0,19.2641,0.629319,0.0,-0.777147
125.185,5.68573e-11,19.2641,0.707107,0.0,-0.707106
125.185,20.0,19.2641,0.707107,0.0,-0.707106
130.736,5.68573e-11,24.8152,0.707107,0.0,-0.707106
130.736,5.68573e-11,24.8152,0.707107,0.0,-0.707106
125.185,20.0,19.2641,0.707107,0.0,-0.707106
130.736,20.0,24.8152,0.707107,0.0,-0.707106
130.736,5.68573e-11,24.8152,0.777146,0.0,-0.629321
130.736,20.0,24.8152,0.777146,0.0,-0.629321
135.676,5.68573e-11,30.9161,0.777146,0.0,-0.629321
135.676,5.68573e-11,30.9161,0.777146,0.0,-0.629321
130.736,20.0,24.8152,0.777146,0.0,-0.629321
135.676,20.0,30.9161,0.777146,0.0,-0.629321
135.676,5.68573e-11,30.9161,0.83867,0.0,-0.54464
135.676,20.0,30.9161,0.83867,0.0,-0.54464
139.952,5.68573e-11,37.5,0.83867,0.0,-0.54464
139.952,5.68573e-11,37.5,0.83867,0.0,-0.54464
135.676,20.0,30.9161,0.83867,0.0,-0.54464
139.952,20.0,37.5,0.83867,0.0,-0.54464
139.952,5.68573e-11,37.5,0.891007,0.0,-0.453989
139.952,20.0,37.5,0.891007,0.0,-0.453989
143.516,5.68573e-11,44.4948,0.891007,0.0,-0.453989
143.516,5.68573e-11,44.4948,0.891007,0.0,-0.453989
139.952,20.0,37.5,0.891007,0.0,-0.453989
143.516,20.0,44.4948,0.891007,0.0,-0.453989
143.516,5.68573e-11,44.4948,0.933581,0.0,-0.358367
143.516,20.0,44.4948,0.933581,0.0,-0.358367
146.329,5.68573e-11,51.8237,0.933581,0.0,-0.358367
146.329,5.68573e-11,51.8237,0.933581,0.0,-0.358367
143.516,20.0,44.4948,0.933581,0.0,-0.358367
146.329,20.0,51.8237,0.933581,0.0,-0.358367
146.329,5.68573e-11,51.8237,0.965926,0.0,-0.258819
146.329,20.0,51.8237,0.965926,0.0,-0.258819
148.361,5.68573e-11,59.4066,0.965926,0.0,-0.258819
148.361,5.68573e-11,59.4066,0.965926,0.0,-0.258819
146.329,20.0,51.8237,0.965926,0.0,-0.258819
148.361,20.0,59.4066,0.965926,0.0,-0.258819
148.361,5.68573e-11,59.4066,0.987688,0.0,-0.156436
148.361,20.0,59.4066,0.987688,0.0,-0.156436
149.589,5.68573e-11,67.1604,0.987688,0.0,-0.156436
149.589,5.68573e-11,67.1604,0.987688,0.0,-0.156436
148.361,20.0,59.4066,0.987688,0.0,-0.156436
149.589,20.0,67.1604,0.987688,0.0,-0.156436
149.589,5.68573e-11,67.1604,0.99863,0.0,-0.0523341
149.589,20.0,67.1604,0.99863,0.0,-0.0523341
150.0,5.68573e-11,75.0,0.99863,0.0,-0.0523341
150.0,5.68573e-11,75.0,0.99863,0.0,-0.0523341
149.589,20.0,67.1604,0.99863,0.0,-0.0523341
150.0,20.0,75.0,0.99863,0.0,-0.0523341
150.0,5.68573e-11,75.0,0.99863,0.0,0.052334
150.0,20.0,75.0,0.99863,0.0,0.052334
149.589,5.68573e-11,82.8396,0.99863,0.0,0.052334
149.589,5.68573e-11,82.8396,0.99863,0.0,0.052334
150.0,20.0,75.0,0.99863,0.0,0.052334
149.589,20.0,82.8396,0.99863,0.0,0.052334
149.589,5.68573e-11,82.8396,0.987688,0.0,0.156436
149.589,20.0,82.8396,0.987688,0.0,0.156436
148.361,5.68573e-11,90.5934,0.987688,0.0,0.156436
148.361,5.68573e-11,90.5934,0.987688,0.0,0.156436
149.589,20.0,82.8396,0.987688,0.0,0.156436
148.361,20.0,90.5934,0.987688,0.0,0.156436
148.361,5.68573e-11,90.5934,0.965926,0.0,0.258819
148.361,20.0,90.5934,0.965926,0.0,0.258819
146.329,5.68573e-11,98.1763,0.965926,0.0,0.258819
146.329,5.68573e-11,98.1763,0.965926,0.0,0.258819
148.361,20.0,90.5934,0.965926,0.0,0.258819
146.329,20.0,98.1763,0.965926,0.0,0.258819
146.329,5.68573e-11,98.1763,0.933581,0.0,0.358367
146.329,20.0,98.1763,0.933581,0.0,0.358367
143.516,5.68573e-11,105.505,0.933581,0.0,0.358367
143.516,5.68573e-11,105.505,0.933581,0.0,0.358367
146.329,20.0,98.1763,0.933581,0.0,0.358367
143.516,20.0,105.505,0.933581,0.0,0.358367
143.516,5.68573e-11,105.505,0.891007,0.0,0.453989
143.516,20.0,105.505,0.891007,0.0,0.453989
139.952,5.68573e-11,112.5,0.891007,0.0,0.453989
139.952,5.68573e-11,112.5,0.891007,0.0,0.453989
143.516,20.0,105.505,0.891007,0.0,0.453989
139.952,20.0,112.5,0.891007,0.0,0.453989
139.952,5.68573e-11,112.5,0.83867,0.0,0.54464
139.952,20.0,112.5,0.83867,0.0,0.54464
135.676,5.68573e-11,119.084,0.83867,0.0,0.54464
135.676,5.68573e-11,119.084,0.83867,0.0,0.54464
139.952,20.0,112.5,0.83867,0.0,0.54464
135.676,20.0,119.084,0.83867,0.0,0.54464
135.676,5.68573e-11,119.084,0.777146,0.0,0.62932
135.676,20.0,119.084,0.777146,0.0,0.62932
130.736,5.68573e-11,125.185,0.777146,0.0,0.62932
130.736,5.68573e-11,125.185,0.777146,0.0,0.62932
135.676,20.0,119.084,0.777146,0.0,0.62932
130.736,20.0,125.185,0.777146,0.0,0.62932
130.736,5.68573e-11,125.185,0.707107,0.0,0.707107
130.736,20.0,125.185,0.707107,0.0,0.707107
125.185,5.68573e-11,130.736,0.707107,0.0,0.707107
125.185,5.68573e-11,130.736,0.707107,0.0,0.707107
130.736,20.0,125.185,0.707107,0.0,0.707107
125.185,20.0,130.736,0.707107,0.0,0.707107
125.185,5.68573e-11,130.736,0.62932,0.0,0.777146
125.185,20.0,130.736,0.62932,0.0,0.777146
119.084,5.68573e-11,135.676,0.62932,0.0,0.777146
119.084,5.68573e-11,135.676,0.62932,0.0,0.777146
125.185,20.0,130.736,0.62932,0.0,0.777146
119.084,20.0,135.676,0.62932,0.0,0.777146
119.084,5.68573e-11,135.676,0.54464,0.0,0.83867
119.084,20.0,135.676,0.54464,0.0,0.83867
112.5,5.68573e-11,139.952,0.54464,0.0,0.83867
112.5,5.68573e-11,139.952,0.54464,0.0,0.83867
119.084,20.0,135.676,0.54464,0.0,0.83867
112.5,20.0,139.952,0.54464,0.0,0.83867
112.5,5.68573e-11,139.952,0.453989,0.0,0.891007
112.5,20.0,139.952,0.453989,0.0,0.891007
105.505,5.68573e-11,143.516,0.453989,0.0,0.891007
105.505,5.68573e-11,143.516,0.453989,0.0,0.891007
112.5,20.0,139.952,0.453989,0.0,0.891007
105.505,20.0,143.516,0.453989,0.0,0.891007
105.505,5.68573e-11,143.516,0.358367,0.0,0.933581
105.505,20.0,143.516,0.358367,0.0,0.933581
98.1763,5.68573e-11,146.329,0.358367,0.0,0.933581
98.1763,5.68573e-11,146.329,0.358367,0.0,0.933581
105.505,20.0,143.516,0.358367,0.0,0.933581
98.1763,20.0,146.329,0.358367,0.0,0.933581
98.1763,5.68573e-11,146.329,0.258819,0.0,0.965926
98.1763,20.0,146.329,0.258819,0.0,0.965926
90.5934,5.68573e-11,148.361,0.258819,0.0,0.965926
90.5934,5.68573e-11,148.361,0.258819,0.0,0.965926
98.1763,20.0,146.329,0.258819,0.0,0.965926
90.5934,20.0,148.361,0.258819,0.0,0.965926
90.5934,5.68573e-11,148.361,0.156436,0.0,0.987688
90.5934,20.0,148.361,0.156436,0.0,0.987688
82.8396,5.68573e-11,149.589,0.156436,0.0,0.987688
82.8396,5.68573e-11,149.589,0.156436,0.0,0.987688
90.5934,20.0,148.361,0.156436,0.0,0.987688
82.8396,20.0,149.589,0.156436,0.0,0.987688
82.8396,5.68573e-11,149.589,0.052334,0.0,0.99863
82.8396,20.0,149.589,0.052334,0.0,0.99863
75.0,5.68573e-11,150.0,0.052334,0.0,0.99863
75.0,5.68573e-11,150.0,0.052334,0.0,0.99863
82.8396,20.0,149.589,0.052334,0.0,0.99863
75.0,20.0,150.0,0.052334,0.0,0.99863
75.0,5.68573e-11,150.0,-0.0523341,0.0,0.99863
75.0,20.0,150.0,-0.0523341,0.0,0.99863
67.1604,5.68573e-11,149.589,-0.0523341,0.0,0.99863
67.1604,5.68573e-11,149.589,-0.0523341,0.0,0.99863
75.0,20.0,150.0,-0.0523341,0.0,0.99863
67.1604,20.0,149.589,-0.0523341,0.0,0.99863
67.1604,5.68573e-11,149.589,-0.156436,0.0,0.987688
67.1604,20.0,149.589,-0.156436,0.0,0.987688
59.4066,5.68573e-11,148.361,-0.156436,0.0,0.987688
59.4066,5.68573e-11,148.361,-0.156436,0.0,0.987688
67.1604,20.0,149.589,-0.156436,0.0,0.987688
59.4066,20.0,148.361,-0.156436,0.0,0.987688
59.4066,5.68573e-11,148.361,-0.258819,0.0,0.965926
59.4066,20.0,148.361,-0.258819,0.0,0.965926
51.8237,5.68573e-11,146.329,-0.258819,0.0,0.965926
51.8237,5.68573e-11,146.329,-0.258819,0.0,0.965926
59.4066,20.0,148.361,-0.258819,0.0,0.965926
51.8237,20.0,146.329,-0.258819,0.0,0.965926
51.8237,5.68573e-11,146.329,-0.358367,0.0,0.933581
51.8237,20.0,146.329,-0.358367,0.0,0.933581
44.4948,5.68573e-11,143.516,-0.358367,0.0,0.933581
44.4948,5.68573e-11,143.516,-0.358367,0.0,0.933581
51.8237,20.0,146.329,-0.358367,0.0,0.933581
44.4948,20.0,143.516,-0.358367,0.0,0.933581
44.4948,5.68573e-11,143.516,-0.453989,0.0,0.891007
44.4948,20.0,143.516,-0.453989,0.0,0.891007
37.5,5.68573e-11,139.952,-0.453989,0.0,0.891007
37.5,5.68573e-11,139.952,-0.453989,0.0,0.891007
44.4948,20.0,143.516,-0.453989,0.0,0.891007
37.5,20.0,139.952,-0.453989,0.0,0.891007
37.5,5.68573e-11,139.952,-0.54464,0.0,0.83867
37.5,20.0,139.952,-0.54464,0.0,0.83867
30.9161,5.68573e-11,135.676,-0.54464,0.0,0.83867
30.9161,5.68573e-11,135.676,-0.54464,0.0,0.83867
37.5,20.0,139.952,-0.54464,0.0,0.83867
30.9161,20.0,135.676,-0.54464,0.0,0.83867
30.9161,5.68573e-11,135.676,-0.629321,0.0,0.777146
30.9161,20.0,135.676,-0.629321,0.0,0.777146
24.8152,5.68573e-11,130.736,-0.629321,0.0,0.777146
24.8152,5.68573e-11,130.736,-0.629321,0.0,0.777146
30.9161,20.0,135.676,-0.629321,0.0,0.777146
24.8152,20.0,130.736,-0.629321,0.0,0.777146
24.8152,5.68573e-11,130.736,-0.707106,0.0,0.707107
24.8152,20.0,130.736,-0.707106,0.0,0.707107
19.2641,5.68573e-11,125.185,-0.707106,0.0,0.707107
19.2641,5.68573e-11,125.185,-0.707106,0.0,0.707107
24.8152,20.0,130.736,-0.707106,0.0,0.707107
19.2641,20.0,125.185,-0.707106,0.0,0.707107
19.2641,5.68573e-11,125.185,-0.777147,0.0,0.629319
19.2641,20.0,125.185,-0.777147,0.0,0.629319
14.3237,5.68573e-11,119.084,-0.777147,0.0,0.629319
14.3237,5.68573e-11,119.084,-0.777147,0.0,0.629319
19.2641,20.0,125.185,-0.777147,0.0,0.629319
14.3237,20.0,119.084,-0.777147,0.0,0.629319
14.3237,5.68573e-11,119.084,-0.83867,0.0,0.54464
14.3237,20.0,119.084,-0.83867,0.0,0.54464
10.0481,5.68573e-11,112.5,-0.83867,0.0,0.54464
10.0481,5.68573e-11,112.5,-0.83867,0.0,0.54464
14.3237,20.0,119.084,-0.83867,0.0,0.54464
10.0481,20.0,112.5,-0.83867,0.0,0.54464
10.0481,5.68573e-11,112.5,-0.891007,0.0,0.45399
10.0481,20.0,112.5,-0.891007,0.0,0.45399
6.48409,5.68573e-11,105.505,-0.891007,0.0,0.45399
6.48409,5.68573e-11,105.505,-0.891007,0.0,0.45399
10.0481,20.0,112.5,-0.891007,0.0,0.45399
6.48409,20.0,105.505,-0.891007,0.0,0.45399
6.48409,5.68573e-11,105.505,-0.933581,0.0,0.358367
6.48409,20.0,105.505,-0.933581,0.0,0.358367
3.67077,5.68573e-11,98.1763,-0.933581,0.0,0.358367
3.67077,5.68573e-11,98.1763,-0.933581,0.0,0.358367
6.48409,20.0,105.505,-0.933581,0.0,0.358367
3.67077,20.0,98.1763,-0.933581,0.0,0.358367
3.67077,5.68573e-11,98.1763,-0.965926,0.0,0.258819
3.67077,20.0,98.1763,-0.965926,0.0,0.258819
1.63893,5.68573e-11,90.5934,-0.965926,0.0,0.258819
1.63893,5.68573e-11,90.5934,-0.965926,0.0,0.258819
3.67077,20.0,98.1763,-0.965926,0.0,0.258819
1.63893,20.0,90.5934,-0.965926,0.0,0.258819
1.63893,5.68573e-11,90.5934,-0.987688,0.0,0.156434
1.63893,20.0,90.5934,-0.987688,0.0,0.156434
0.410862,5.68573e-11,82.8396,-0.987688,0.0,0.156434
0.410862,5.68573e-11,82.8396,-0.987688,0.0,0.156434
1.63893,20.0,90.5934,-0.987688,0.0,0.156434
0.410862,20.0,82.8396,-0.987688,0.0,0.156434
0.410862,5.68573e-11,82.8396,-0.99863,0.0,0.0523365
0.410862,20.0,82.8396,-0.99863,0.0,0.0523365
0.0,5.68573e-11,75.0,-0.99863,0.0,0.0523365
0.0,5.68573e-11,75.0,-0.99863,0.0,0.0523365
0.410862,20.0,82.8396,-0.99863,0.0,0.0523365
0.0,20.0,75.0,-0.99863,0.0,0.0523365
0.0,5.68573e-11,75.0,-0.99863,0.0,-0.0523365
0.0,20.0,75.0,-0.99863,0.0,-0.0523365
0.410862,5.68573e-11,67.1604,-0.99863,0.0,-0.0523365
0.410862,5.68573e-11,67.1604,-0.99863,0.0,-0.0523365
0.0,20.0,75.0,-0.99863,0.0,-0.0523365
0.410862,20.0,67.1604,-0.99863,0.0,-0.0523365
0.410862,5.68573e-11,67.1604,-0.987688,0.0,-0.156434
0.410862,20.0,67.1604,-0.987688,0.0,-0.156434
1.63893,5.68573e-11,59.4066,-0.987688,0.0,-0.156434
1.63893,5.68573e-11,59.4066,-0.987688,0.0,-0.156434
0.410862,20.0,67.1604,-0.987688,0.0,-0.156434
1.63893,20.0,59.4066,-0.987688,0.0,-0.156434
1.63893,5.68573e-11,59.4066,-0.965926,0.0,-0.258819
1.63893,20.0,59.4066,-0.965926,0.0,-0.258819
3.67077,5.68573e-11,51.8237,-0.965926,0.0,-0.258819
3.67077,5.68573e-11,51.8237,-0.965926,0.0,-0.258819
1.63893,20.0,59.4066,-0.965926,0.0,-0.258819
3.67077,20.0,51.8237,-0.965926,0.0,-0.258819
3.67077,5.68573e-11,51.8237,-0.933581,0.0,-0.358367
3.67077,20.0,51.8237,-0.933581,0.0,-0.358367
6.48409,5.68573e-11,44.4948,-0.933581,0.0,-0.358367
6.48409,5.68573e-11,44.4948,-0.933581,0.0,-0.358367
3.67077,20.0,51.8237,-0.933581,0.0,-0.358367
6.48409,20.0,44.4948,-0.933581,0.0,-0.358367
6.48409,5.68573e-11,44.4948,-0.891006,0.0,-0.453991
6.48409,20.0,44.4948,-0.891006,0.0,-0.453991
10.0481,5.68573e-11,37.5,-0.891006,0.0,-0.453991
10.0481,5.68573e-11,37.5,-0.891006,0.0,-0.453991
6.48409,20.0,44.4948,-0.891006,0.0,-0.453991
10.0481,20.0,37.5,-0.891006,0.0,-0.453991
10.0481,5.68573e-11,37.5,-0.83867,0.0,-0.544639
10.0481,20.0,37.5,-0.83867,0.0,-0.544639
14.3237,5.68573e-11,30.9161,-0.83867,0.0,-0.544639
14.3237,5.68573e-11,30.9161,-0.83867,0.0,-0.544639
10.0481,20.0,37.5,-0.83867,0.0,-0.544639
14.3237,20.0,30.9161,-0.83867,0.0,-0.544639
14.3237,5.68573e-11,30.9161,-0.777146,0.0,-0.62932
14.3237,20.0,30.9161,-0.777146,0.0,-0.62932
19.2641,5.68573e-11,24.8152,-0.777146,0.0,-0.62932
19.2641,5.68573e-11,24.8152,-0.777146,0.0,-0.62932
14.3237,20.0,30.9161,-0.777146,0.0,-0.62932
19.2641,20.0,24.8152,-0.777146,0.0,-0.62932
19.2641,5.68573e-11,24.8152,-0.707107,0.0,-0.707107
19.2641,20.0,24.8152,-0.707107,0.0,-0.707107
24.8152,5.68573e-11,19.2641,-0.707107,0.0,-0.707107
24.8152,5.68573e-11,19.2641,-0.707107,0.0,-0.707107
19.2641,20.0,24.8152,-0.707107,0.0,-0.707107
24.8152,20.0,19.2641,-0.707107,0.0,-0.707107
24.8152,5.68573e-11,19.2641,-0.62932,0.0,-0.777146
24.8152,20.0,19.2641,-0.62932,0.0,-0.777146
30.9161,5.68573e-11,14.3237,-0.62932,0.0,-0.777146
30.9161,5.68573e-11,14.3237,-0.62932,0.0,-0.777146
24.8152,20.0,19.2641,-0.62932,0.0,-0.777146
30.9161,20.0,14.3237,-0.62932,0.0,-0.777146
30.9161,5.68573e-11,14.3237,-0.544639,0.0,-0.83867
30.9161,20.0,14.3237,-0.544639,0.0,-0.83867
37.5,5.68573e-11,10.0481,-0.544639,0.0,-0.83867
37.5,5.68573e-11,10.0481,-0.544639,0.0,-0.83867
30.9161,20.0,14.3237,-0.544639,0.0,-0.83867
37.5,20.0,10.0481,-0.544639,0.0,-0.83867
37.5,5.68573e-11,10.0481,-0.453991,0.0,-0.891006
37.5,20.0,10.0481,-0.453991,0.0,-0.891006
44.4948,5.68573e-11,6.48409,-0.453991,0.0,-0.891006
44.4948,5.68573e-11,6.48409,-0.453991,0.0,-0.891006
37.5,20.0,10.0481,-0.453991,0.0,-0.891006
44.4948,20.0,6.48409,-0.453991,0.0,-0.891006
44.4948,5.68573e-11,6.48409,-0.358367,0.0,-0.933581
44.4948,20.0,6.48409,-0.358367,0.0,-0.933581
51.8237,5.68573e-11,3.67077,-0.358367,0.0,-0.933581
51.8237,5.68573e-11,3.67077,-0.358367,0.0,-0.933581
44.4948,20.0,6.48409,-0.358367,0.0,-0.933581
51.8237,20.0,3.67077,-0.358367,0.0,-0.933581
51.8237,5.68573e-11,3.67077,-0.258819,0.0,-0.965926
51.8237,20.0,3.67077,-0.258819,0.0,-0.965926
59.4066,5.68573e-11,1.63893,-0.258819,0.0,-0.965926
59.4066,5.68573e-11,1.63893,-0.258819,0.0,-0.965926
51.8237,20.0,3.67077,-0.258819,0.0,-0.965926
59.4066,20.0,1.63893,-0.258819,0.0,-0.965926
59.4066,5.68573e-11,1.63893,-0.156434,0.0,-0.987688
59.4066,20.0,1.63893,-0.156434,0.0,-0.987688
67.1604,5.68573e-11,0.410862,-0.156434,0.0,-0.987688
67.1604,5.68573e-11,0.410862,-0.156434,0.0,-0.987688
59.4066,20.0,1.63893,-0.156434,0.0,-0.987688
67.1604,20.0,0.410862,-0.156434,0.0,-0.987688
67.1604,5.68573e-11,0.410862,-0.0523365,0.0,-0.99863
67.1604,20.0,0.410862,-0.0523365,0.0,-0.99863
75.0,5.68573e-11,0.0,-0.0523365,0.0,-0.99863
75.0,5.68573e-11,0.0,-0.0523365,0.0,-0.99863
67.1604,20.0,0.410862,-0.0523365,0.0,-0.99863
75.0,20.0,0.0,-0.0523365,0.0,-0.99863
75.0,5.68573e-11,0.0,0.0523365,0.0,-0.99863
75.0,20.0,0.0,0.0523365,0.0,-0.99863
82.8396,5.68573e-11,0.410862,0.0523365,0.0,-0.99863
82.8396,5.68573e-11,0.410862,0.0523365,0.0,-0.99863
75.0,20.0,0.0,0.0523365,0.0,-0.99863
82.8396,20.0,0.410862,0.0523365,0.0,-0.99863
82.267,20.0,11.6655,0.147737,0.499388,-0.853689
80.6216,45.0,26.0052,0.147737,0.499388,-0.853689
89.4392,20.0,12.9067,0.147737,0.499388,-0.853689
89.4392,20.0,12.9067,0.147737,0.499388,-0.853689
80.6216,45.0,26.0052,0.147737,0.499388,-0.853689
86.17,45.0,26.9654,0.147737,0.499388,-0.853689
89.4392,20.0,12.9067,0.244087,0.499388,-0.831284
86.17,45.0,26.9654,0.244087,0.499388,-0.831284
96.4231,20.0,14.9574,0.244087,0.499388,-0.831284
96.4231,20.0,14.9574,0.244087,0.499388,-0.831284
86.17,45.0,26.9654,0.244087,0.499388,-0.831284
91.5727,45.0,28.5518,0.244087,0.499388,-0.831284
96.4231,20.0,14.9574,0.337255,0.499388,-0.798042
91.5727,45.0,28.5518,0.337255,0.499388,-0.798042
103.128,20.0,17.7909,0.337255,0.499388,-0.798042
103.128,20.0,17.7909,0.337255,0.499388,-0.798042
91.5727,45.0,28.5518,0.337255,0.499388,-0.798042
96.7594,45.0,30.7437,0.337255,0.499388,-0.798042
103.128,20.0,17.7909,0.426027,0.499388,-0.754395
96.7594,45.0,30.7437,0.426027,0.499388,-0.754395
109.466,20.0,21.3701,0.426027,0.499388,-0.754395
109.466,20.0,21.3701,0.426027,0.499388,-0.754396
96.7594,45.0,30.7437,0.426027,0.499388,-0.754396
101.662,45.0,33.5125,0.426027,0.499388,-0.754396
109.466,20.0,21.3701,0.509244,0.499388,-0.700915
101.662,45.0,33.5125,0.509244,0.499388,-0.700915
115.355,20.0,25.6485,0.509244,0.499388,-0.700915
115.355,20.0,25.6485,0.509244,0.499388,-0.700915
101.662,45.0,33.5125,0.509244,0.499388,-0.700915
106.218,45.0,36.8222,0.509244,0.499388,-0.700915
115.355,20.0,25.6485,0.585823,0.499388,-0.638297
106.218,45.0,36.8222,0.585823,0.499388,-0.638297
120.717,20.0,30.5702,0.585823,0.499388,-0.638297
120.717,20.0,30.5702,0.585823,0.499388,-0.638297
106.218,45.0,36.8222,0.585823,0.499388,-0.638297
110.366,45.0,40.6297,0.585823,0.499388,-0.638297
120.717,20.0,30.5702,0.654766,0.499388,-0.567357
110.366,45.0,40.6297,0.654766,0.499388,-0.567357
125.484,20.0,36.0712,0.654766,0.499388,-0.567357
125.484,20.0,36.0712,0.654766,0.499388,-0.567357
110.366,45.0,40.6297,0.654766,0.499388,-0.567357
114.054,45.0,44.8851,0.654766,0.499388,-0.567357
125.484,20.0,36.0712,0.715171,0.499388,-0.489022
114.054,45.0,44.8851,0.715171,0.499388,-0.489022
129.592,20.0,42.0797,0.715171,0.499388,-0.489022
129.592,20.0,42.0797,0.715171,0.499388,-0.489021
114.054,45.0,44.8851,0.715171,0.499388,-0.489021
117.232,45.0,49.5332,0.715171,0.499388,-0.489021
129.592,20.0,42.0797,0.766254,0.499388,-0.404311
117.232,45.0,49.5332,0.766254,0.499388,-0.404311
132.989,20.0,48.5173,0.766254,0.499388,-0.404311
132.989,20.0,48.5173,0.766254,0.499388,-0.40431
117.232,45.0,49.5332,0.766254,0.499388,-0.40431
119.86,45.0,54.5133,0.766254,0.499388,-0.40431
132.989,20.0,48.5173,0.807346,0.499388,-0.31433
119.86,45.0,54.5133,0.807346,0.499388,-0.31433
135.63,20.0,55.3002,0.807346,0.499388,-0.31433
135.63,20.0,55.3002,0.807346,0.499388,-0.31433
119.86,45.0,54.5133,0.807346,0.499388,-0.31433
121.903,45.0,59.7604,0.807346,0.499388,-0.31433
135.63,20.0,55.3002,0.837916,0.499388,-0.220247
121.903,45.0,59.7604,0.837916,0.499388,-0.220247
137.48,20.0,62.3399,0.837916,0.499388,-0.220247
137.48,20.0,62.3399,0.837916,0.499388,-0.220248
121.903,45.0,59.7604,0.837916,0.499388,-0.220248
123.334,45.0,65.2063,0.837916,0.499388,-0.220248
137.48,20.0,62.3399,0.85756,0.499388,-0.123301
123.334,45.0,65.2063,0.85756,0.499388,-0.123301
138.516,20.0,69.5446,0.85756,0.499388,-0.123301
138.516,20.0,69.5446,0.85756,0.499388,-0.123299
123.334,45.0,65.2063,0.85756,0.499388,-0.123299
124.135,45.0,70.7798,0.85756,0.499388,-0.123299
138.516,20.0,69.5446,0.866025,0.499388,-0.0247386
124.135,45.0,70.7798,0.866025,0.499388,-0.0247386
138.724,20.0,76.8204,0.866025,0.499388,-0.0247386
138.724,20.0,76.8204,0.866025,0.499388,-0.0247397
124.135,45.0,70.7798,0.866025,0.499388,-0.0247397
124.296,45.0,76.4083,0.866025,0.499388,-0.0247397
138.724,20.0,76.8204,0.863201,0.499388,0.0741377
124.296,45.0,76.4083,0.863201,0.499388,0.0741377
138.101,20.0,84.0726,0.863201,0.499388,0.0741377
138.101,20.0,84.0726,0.8632,0.499388,0.0741404
124.296,45.0,76.4083,0.8632,0.499388,0.0741404
123.814,45.0,82.0184,0.8632,0.499388,0.0741404
138.101,20.0,84.0726,0.849122,0.499388,0.172057
123.814,45.0,82.0184,0.849122,0.499388,0.172057
136.656,20.0,91.2064,0.849122,0.499388,0.172057
136.656,20.0,91.2064,0.849123,0.499388,0.172053
123.814,45.0,82.0184,0.849123,0.499388,0.172053
122.696,45.0,87.5371,0.849123,0.499388,0.172053
136.656,20.0,91.2064,0.823975,0.499388,0.267726
122.696,45.0,87.5371,0.823975,0.499388,0.267726
134.406,20.0,98.129,0.823975,0.499388,0.267726
134.406,20.0,98.129,0.823974,0.499388,0.267727
122.696,45.0,87.5371,0.823974,0.499388,0.267727
120.956,45.0,92.8923,0.823974,0.499388,0.267727
134.406,20.0,98.129,0.788086,0.499388,0.359906
120.956,45.0,92.8923,0.788086,0.499388,0.359906
131.383,20.0,104.75,0.788086,0.499388,0.359906
131.383,20.0,104.75,0.788085,0.499388,0.359907
120.956,45.0,92.8923,0.788085,0.499388,0.359907
118.617,45.0,98.0143,0.788085,0.499388,0.359907
131.383,20.0,104.75,0.741923,0.499388,0.447395
118.617,45.0,98.0143,0.741923,0.499388,0.447395
127.624,20.0,110.983,0.741923,0.499388,0.447395
127.624,20.0,110.983,0.741922,0.499388,0.447396
118.617,45.0,98.0143,0.741922,0.499388,0.447396
115.709,45.0,102.836,0.741922,0.499388,0.447396
127.624,20.0,110.983,0.686086,0.499388,0.529053
115.709,45.0,102.836,0.686086,0.499388,0.529053
123.179,20.0,116.747,0.686086,0.499388,0.529053
123.179,20.0,116.747,0.686087,0.499388,0.529052
115.709,45.0,102.836,0.686087,0.499388,0.529052
112.271,45.0,107.295,0.686087,0.499388,0.529052
123.179,20.0,116.747,0.621308,0.499388,0.603811
112.271,45.0,107.295,0.621308,0.499388,0.603811
118.106,20.0,121.967,0.621308,0.499388,0.603811
118.106,20.0,121.967,0.621309,0.499388,0.603811
112.271,45.0,107.295,0.621309,0.499388,0.603811
108.346,45.0,111.333,0.621309,0.499388,0.603811
118.106,20.0,121.967,0.548429,0.499388,0.670699
108.346,45.0,111.333,0.548429,0.499388,0.670699
112.471,20.0,126.575,0.548429,0.499388,0.670699
112.471,20.0,126.575,0.548428,0.499388,0.6707
108.346,45.0,111.333,0.548428,0.499388,0.6707
103.987,45.0,114.898,0.548428,0.499388,0.6707
112.471,20.0,126.575,0.468398,0.499388,0.728845
103.987,45.0,114.898,0.468398,0.499388,0.728845
106.348,20.0,130.51,0.468398,0.499388,0.728845
106.348,20.0,130.51,0.4684,0.499388,0.728844
103.987,45.0,114.898,0.4684,0.499388,0.728844
99.2504,45.0,117.942,0.4684,0.499388,0.728844
106.348,20.0,130.51,0.382265,0.499388,0.777486
99.2504,45.0,117.942,0.382265,0.499388,0.777486
99.816,20.0,133.722,0.382265,0.499388,0.777486
99.816,20.0,133.722,0.382263,0.499388,0.777487
99.2504,45.0,117.942,0.382263,0.499388,0.777487
94.1973,45.0,120.426,0.382263,0.499388,0.777487
99.816,20.0,133.722,0.291146,0.499388,0.815993
94.1973,45.0,120.426,0.291146,0.499388,0.815993
92.9605,20.0,136.168,0.291146,0.499388,0.815993
92.9605,20.0,136.168,0.291148,0.499388,0.815993
94.1973,45.0,120.426,0.291148,0.499388,0.815993
88.894,45.0,122.319,0.291148,0.499388,0.815993
92.9605,20.0,136.168,0.196233,0.499388,0.843863
88.894,45.0,122.319,0.196233,0.499388,0.843863
85.8708,20.0,137.816,0.196233,0.499388,0.843863
85.8708,20.0,137.816,0.196232,0.499388,0.843863
88.894,45.0,122.319,0.196232,0.499388,0.843863
83.4095,45.0,123.594,0.196232,0.499388,0.843863
85.8708,20.0,137.816,0.0987602,0.499388,0.860731
83.4095,45.0,123.594,0.0987602,0.499388,0.860731
78.6394,20.0,138.646,0.0987602,0.499388,0.860731
78.6394,20.0,138.646,0.0987592,0.499388,0.860731
83.4095,45.0,123.594,0.0987592,0.499388,0.860731
77.8154,45.0,124.236,0.0987592,0.499388,0.860731
78.6394,20.0,138.646,0.0,0.499388,0.866378
77.8154,45.0,124.236,0.0,0.499388,0.866378
71.3606,20.0,138.646,0.0,0.499388,0.866378
71.3606,20.0,138.646,0.0,0.499388,0.866378
77.8154,45.0,124.236,0.0,0.499388,0.866378
72.1846,45.0,124.236,0.0,0.499388,0.866378
71.3606,20.0,138.646,-0.0987602,0.499388,0.860731
72.1846,45.0,124.236,-0.0987602,0.499388,0.860731
64.1292,20.0,137.816,-0.0987602,0.499388,0.860731
64.1292,20.0,137.816,-0.0987591,0.499388,0.860731
72.1846,45.0,124.236,-0.0987591,0.499388,0.860731
66.5905,45.0,123.594,-0.0987591,0.499388,0.860731
64.1292,20.0,137.816,-0.196233,0.499388,0.843863
66.5905,45.0,123.594,-0.196233,0.499388,0.843863
57.0396,20.0,136.168,-0.196233,0.499388,0.843863
57.0396,20.0,136.168,-0.196232,0.499388,0.843863
66.5905,45.0,123.594,-0.196232,0.499388,0.843863
61.106,45.0,122.319,-0.196232,0.499388,0.843863
57.0396,20.0,136.168,-0.291146,0.499388,0.815994
61.106,45.0,122.319,-0.291146,0.499388,0.815994
50.184,20.0,133.722,-0.291146,0.499388,0.815994
50.184,20.0,133.722,-0.291148,0.499388,0.815993
61.106,45.0,122.319,-0.291148,0.499388,0.815993
55.8027,45.0,120.426,-0.291148,0.499388,0.815993
50.184,20.0,133.722,-0.382265,0.499388,0.777486
55.8027,45.0,120.426,-0.382265,0.499388,0.777486
43.652,20.0,130.51,-0.382265,0.499388,0.777486
43.652,20.0,130.51,-0.382263,0.499388,0.777488
55.8027,45.0,120.426,-0.382263,0.499388,0.777488
50.7496,45.0,117.942,-0.382263,0.499388,0.777488
43.652,20.0,130.51,-0.468398,0.499388,0.728845
50.7496,45.0,117.942,-0.468398,0.499388,0.728845
37.5287,20.0,126.575,-0.468398,0.499388,0.728845
37.5287,20.0,126.575,-0.4684,0.499388,0.728844
50.7496,45.0,117.942,-0.4684,0.499388,0.728844
46.0126,45.0,114.898,-0.4684,0.499388,0.728844
37.5287,20.0,126.575,-0.548428,0.499388,0.670699
46.0126,45.0,114.898,-0.548428,0.499388,0.670699
31.8939,20.0,121.967,-0.548428,0.499388,0.670699
31.8939,20.0,121.967,-0.548428,0.499388,0.6707
46.0126,45.0,114.898,-0.548428,0.499388,0.6707
41.6536,45.0,111.333,-0.548428,0.499388,0.6707
31.8939,20.0,121.967,-0.621308,0.499388,0.603811
41.6536,45.0,111.333,-0.621308,0.499388,0.603811
26.821,20.0,116.747,-0.621308,0.499388,0.603811
26.821,20.0,116.747,-0.621308,0.499388,0.603811
41.6536,45.0,111.333,-0.621308,0.499388,0.603811
37.7293,45.0,107.295,-0.621308,0.499388,0.603811
26.821,20.0,116.747,-0.686087,0.499388,0.529052
37.7293,45.0,107.295,-0.686087,0.499388,0.529052
22.3762,20.0,110.983,-0.686087,0.499388,0.529052
22.3762,20.0,110.983,-0.686087,0.499388,0.529052
37.7293,45.0,107.295,-0.686087,0.499388,0.529052
34.2908,45.0,102.836,-0.686087,0.499388,0.529052
22.3762,20.0,110.983,-0.741922,0.499388,0.447396
34.2908,45.0,102.836,-0.741922,0.499388,0.447396
18.6174,20.0,104.75,-0.741922,0.499388,0.447396
18.6174,20.0,104.75,-0.741922,0.499388,0.447396
34.2908,45.0,102.836,-0.741922,0.499388,0.447396
31.3831,45.0,98.0143,-0.741922,0.499388,0.447396
18.6174,20.0,104.75,-0.788085,0.499388,0.359907
31.3831,45.0,98.0143,-0.788085,0.499388,0.359907
15.5937,20.0,98.129,-0.788085,0.499388,0.359907
15.5937,20.0,98.129,-0.788085,0.499388,0.359907
31.3831,45.0,98.0143,-0.788085,0.499388,0.359907
29.044,45.0,92.8923,-0.788085,0.499388,0.359907
15.5937,20.0,98.129,-0.823975,0.499388,0.267725
29.044,45.0,92.8923,-0.823975,0.499388,0.267725
13.3444,20.0,91.2064,-0.823975,0.499388,0.267725
13.3444,20.0,91.2064,-0.823975,0.499388,0.267725
29.044,45.0,92.8923,-0.823975,0.499388,0.267725
27.304,45.0,87.5371,-0.823975,0.499388,0.267725
13.3444,20.0,91.2064,-0.849122,0.499388,0.172055
27.304,45.0,87.5371,-0.849122,0.499388,0.172055
11.8989,20.0,84.0726,-0.849122,0.499388,0.172055
11.8989,20.0,84.0726,-0.849122,0.499388,0.172054
27.304,45.0,87.5371,-0.849122,0.499388,0.172054
26.1857,45.0,82.0184,-0.849122,0.499388,0.172054
11.8989,20.0,84.0726,-0.8632,0.499388,0.0741401
26.1857,45.0,82.0184,-0.8632,0.499388,0.0741401
11.276,20.0,76.8204,-0.8632,0.499388,0.0741401
11.276,20.0,76.8204,-0.8632,0.499388,0.0741408
26.1857,45.0,82.0184,-0.8632,0.499388,0.0741408
25.7039,45.0,76.4083,-0.8632,0.499388,0.0741408
11.276,20.0,76.8204,-0.866025,0.499388,-0.0247406
25.7039,45.0,76.4083,-0.866025,0.499388,-0.0247406
11.4839,20.0,69.5446,-0.866025,0.499388,-0.0247406
11.4839,20.0,69.5446,-0.866025,0.499388,-0.0247406
25.7039,45.0,76.4083,-0.866025,0.499388,-0.0247406
25.8647,45.0,70.7798,-0.866025,0.499388,-0.0247406
11.4839,20.0,69.5446,-0.85756,0.499388,-0.123298
25.8647,45.0,70.7798,-0.85756,0.499388,-0.123298
12.5197,20.0,62.3399,-0.85756,0.499388,-0.123298
12.5197,20.0,62.3399,-0.85756,0.499388,-0.123299
25.8647,45.0,70.7798,-0.85756,0.499388,-0.123299
26.666,45.0,65.2063,-0.85756,0.499388,-0.123299
12.5197,20.0,62.3399,-0.837915,0.499388,-0.220249
26.666,45.0,65.2063,-0.837915,0.499388,-0.220249
14.3702,20.0,55.3002,-0.837915,0.499388,-0.220249
14.3702,20.0,55.3002,-0.837915,0.499388,-0.220249
26.666,45.0,65.2063,-0.837915,0.499388,-0.220249
28.0975,45.0,59.7604,-0.837915,0.499388,-0.220249
14.3702,20.0,55.3002,-0.807347,0.499388,-0.314329
28.0975,45.0,59.7604,-0.807347,0.499388,-0.314329
17.011,20.0,48.5173,-0.807347,0.499388,-0.314329
17.011,20.0,48.5173,-0.807347,0.499388,-0.314329
28.0975,45.0,59.7604,-0.807347,0.499388,-0.314329
30.1404,45.0,54.5133,-0.807347,0.499388,-0.314329
17.011,20.0,48.5173,-0.766254,0.499388,-0.40431
30.1404,45.0,54.5133,-0.766254,0.499388,-0.40431
20.4078,20.0,42.0797,-0.766254,0.499388,-0.40431
20.4078,20.0,42.0797,-0.766254,0.499388,-0.404311
30.1404,45.0,54.5133,-0.766254,0.499388,-0.404311
32.7681,45.0,49.5332,-0.766254,0.499388,-0.404311
20.4078,20.0,42.0797,-0.715171,0.499388,-0.489022
32.7681,45.0,49.5332,-0.715171,0.499388,-0.489022
24.5162,20.0,36.0712,-0.715171,0.499388,-0.489022
24.5162,20.0,36.0712,-0.715171,0.499388,-0.489021
32.7681,45.0,49.5332,-0.715171,0.499388,-0.489021
35.9464,45.0,44.8851,-0.715171,0.499388,-0.489021
24.5162,20.0,36.0712,-0.654765,0.499388,-0.567357
35.9464,45.0,44.8851,-0.654765,0.499388,-0.567357
29.2828,20.0,30.5702,-0.654765,0.499388,-0.567357
29.2828,20.0,30.5702,-0.654765,0.499388,-0.567357
35.9464,45.0,44.8851,-0.654765,0.499388,-0.567357
39.6338,45.0,40.6297,-0.654765,0.499388,-0.567357
29.2828,20.0,30.5702,-0.585823,0.499388,-0.638297
39.6338,45.0,40.6297,-0.585823,0.499388,-0.638297
34.6455,20.0,25.6485,-0.585823,0.499388,-0.638297
34.6455,20.0,25.6485,-0.585823,0.499388,-0.638297
39.6338,45.0,40.6297,-0.585823,0.499388,-0.638297
43.7822,45.0,36.8222,-0.585823,0.499388,-0.638297
34.6455,20.0,25.6485,-0.509245,0.499388,-0.700915
43.7822,45.0,36.8222,-0.509245,0.499388,-0.700915
40.5341,20.0,21.3701,-0.509245,0.499388,-0.700915
40.5341,20.0,21.3701,-0.509244,0.499388,-0.700915
43.7822,45.0,36.8222,-0.509244,0.499388,-0.700915
48.3376,45.0,33.5125,-0.509244,0.499388,-0.700915
40.5341,20.0,21.3701,-0.426027,0.499388,-0.754396
48.3376,45.0,33.5125,-0.426027,0.499388,-0.754396
46.8722,20.0,17.7909,-0.426027,0.499388,-0.754396
46.8722,20.0,17.7909,-0.426027,0.499388,-0.754396
48.3376,45.0,33.5125,-0.426027,0.499388,-0.754396
53.2406,45.0,30.7437,-0.426027,0.499388,-0.754396
46.8722,20.0,17.7909,-0.337255,0.499388,-0.798042
53.2406,45.0,30.7437,-0.337255,0.499388,-0.798042
53.5769,20.0,14.9574,-0.337255,0.499388,-0.798042
53.5769,20.0,14.9574,-0.337255,0.499388,-0.798042
53.2406,45.0,30.7437,-0.337255,0.499388,-0.798042
58.4273,45.0,28.5518,-0.337255,0.499388,-0.798042
53.5769,20.0,14.9574,-0.244087,0.499388,-0.831284
58.4273,45.0,28.5518,-0.244087,0.499388,-0.831284
60.5608,20.0,12.9067,-0.244087,0.499388,-0.831284
60.5608,20.0,12.9067,-0.244087,0.499388,-0.831284
58.4273,45.0,28.5518,-0.244087,0.499388,-0.831284
63.83,45.0,26.9654,-0.244087,0.499388,-0.831284
60.5608,20.0,12.9067,-0.147737,0.499388,-0.853689
63.83,45.0,26.9654,-0.147737,0.499388,-0.853689
67.733,20.0,11.6655,-0.147737,0.499388,-0.853689
67.733,20.0,11.6655,-0.147737,0.499388,-0.853689
63.83,45.0,26.9654,-0.147737,0.499388,-0.853689
69.3784,45.0,26.0052,-0.147737,0.499388,-0.853689
67.733,20.0,11.6655,-0.0494608,0.499388,-0.864965
69.3784,45.0,26.0052,-0.0494608,0.499388,-0.864965
75.0,20.0,11.25,-0.0494608,0.499388,-0.864965
75.0,20.0,11.25,-0.0494603,0.499388,-0.864965
69.3784,45.0,26.0052,-0.0494603,0.499388,-0.864965
75.0,45.0,25.6838,-0.0494603,0.499388,-0.864965
75.0,20.0,11.25,0.0494607,0.499388,-0.864965
75.0,45.0,25.6838,0.0494607,0.499388,-0.864965
82.267,20.0,11.6655,0.0494607,0.499388,-0.864965
82.267,20.0,11.6655,0.0494603,0.499388,-0.864966
75.0,45.0,25.6838,0.0494603,0.499388,-0.864966
80.6216,45.0,26.0052,0.0494603,0.499388,-0.864966
5.57847,5.68573e-11,78.7639,0.0,-1.0,0.0
0.0,5.68573e-11,75.0,0.0,-1.0,0.0
5.57847,5.68573e-11,71.2361,0.0,-1.0,0.0
5.57847,5.68573e-11,71.2361,0.0,-1.0,0.0
0.0,5.68573e-11,75.0,0.0,-1.0,0.0
0.410862,5.68573e-11,67.1604,0.0,-1.0,0.0
5.57847,5.68573e-11,71.2361,0.0,-1.0,0.0
0.410862,5.68573e-11,67.1604,0.0,-1.0,0.0
6.39237,5.68573e-11,63.7524,0.0,-1.0,0.0
6.39237,5.68573e-11,63.7524,0.0,-1.0,0.0
0.410862,5.68573e-11,67.1604,0.0,-1.0,0.0
1.63893,5.68573e-11,59.4066,0.0,-1.0,0.0
6.39237,5.68573e-11,63.7524,0.0,-1.0,0.0
1.63893,5.68573e-11,59.4066,0.0,-1.0,0.0
8.01063,5.68573e-11,56.4005,0.0,-1.0,0.0
8.01063,5.68573e-11,56.4005,0.0,-1.0,0.0
1.63893,5.68573e-11,59.4066,0.0,-1.0,0.0
3.67077,5.68573e-11,51.8237,0.0,-1.0,0.0
8.01063,5.68573e-11,56.4005,0.0,-1.0,0.0
3.67077,5.68573e-11,51.8237,0.0,-1.0,0.0
10.4143,5.68573e-11,49.2667,0.0,-1.0,0.0
10.4143,5.68573e-11,49.2667,0.0,-1.0,0.0
3.67077,5.68573e-11,51.8237,0.0,-1.0,0.0
6.48409,5.68573e-11,44.4948,0.0,-1.0,0.0
10.4143,5.68573e-11,49.2667,0.0,-1.0,0.0
6.48409,5.68573e-11,44.4948,0.0,-1.0,0.0
13.5752,5.68573e-11,42.4346,0.0,-1.0,0.0
13.5752,5.68573e-11,42.4346,0.0,-1.0,0.0
6.48409,5.68573e-11,44.4948,0.0,-1.0,0.0
10.0481,5.68573e-11,37.5,0.0,-1.0,0.0
13.5752,5.68573e-11,42.4346,0.0,-1.0,0.0
10.0481,5.68573e-11,37.5,0.0,-1.0,0.0
17.4562,5.68573e-11,35.9843,0.0,-1.0,0.0
17.4562,5.68573e-11,35.9843,0.0,-1.0,0.0
10.0481,5.68573e-11,37.5,0.0,-1.0,0.0
14.3237,5.68573e-11,30.9161,0.0,-1.0,0.0
17.4562,5.68573e-11,35.9843,0.0,-1.0,0.0
14.3237,5.68573e-11,30.9161,0.0,-1.0,0.0
22.0118,5.68573e-11,29.9914,0.0,-1.0,0.0
22.0118,5.68573e-11,29.9914,0.0,-1.0,0.0
14.3237,5.68573e-11,30.9161,0.0,-1.0,0.0
19.2641,5.68573e-11,24.8152,0.0,-1.0,0.0
22.0118,5.68573e-11,29.9914,0.0,-1.0,0.0
19.2641,5.68573e-11,24.8152,0.0,-1.0,0.0
27.1887,5.68573e-11,24.5263,0.0,-1.0,0.0
27.1887,5.68573e-11,24.5263,0.0,-1.0,0.0
19.2641,5.68573e-11,24.8152,0.0,-1.0,0.0
24.8152,5.68573e-11,19.2641,0.0,-1.0,0.0
27.1887,5.68573e-11,24.5263,0.0,-1.0,0.0
24.8152,5.68573e-11,19.2641,0.0,-1.0,0.0
32.9262,5.68573e-11,19.6528,0.0,-1.0,0.0
32.9262,5.68573e-11,19.6528,0.0,-1.0,0.0
24.8152,5.68573e-11,19.2641,0.0,-1.0,0.0
30.9161,5.68573e-11,14.3237,0.0,-1.0,0.0
32.9262,5.68573e-11,19.6528,0.0,-1.0,0.0
30.9161,5.68573e-11,14.3237,0.0,-1.0,0.0
39.1569,5.68573e-11,15.4283,0.0,-1.0,0.0
39.1569,5.68573e-11,15.4283,0.0,-1.0,0.0
30.9161,5.68573e-11,14.3237,0.0,-1.0,0.0
37.5,5.68573e-11,10.0481,0.0,-1.0,0.0
39.1569,5.68573e-11,15.4283,0.0,-1.0,0.0
37.5,5.68573e-11,10.0481,0.0,-1.0,0.0
45.8078,5.68573e-11,11.9022,0.0,-1.0,0.0
45.8078,5.68573e-11,11.9022,0.0,-1.0,0.0
37.5,5.68573e-11,10.0481,0.0,-1.0,0.0
44.4948,5.68573e-11,6.48409,0.0,-1.0,0.0
45.8078,5.68573e-11,11.9022,0.0,-1.0,0.0
44.4948,5.68573e-11,6.48409,0.0,-1.0,0.0
52.801,5.68573e-11,9.11584,0.0,-1.0,0.0
52.801,5.68573e-11,9.11584,0.0,-1.0,0.0
44.4948,5.68573e-11,6.48409,0.0,-1.0,0.0
51.8237,5.68573e-11,3.67077,0.0,-1.0,0.0
52.801,5.68573e-11,9.11584,0.0,-1.0,0.0
51.8237,5.68573e-11,3.67077,0.0,-1.0,0.0
60.0545,5.68573e-11,7.10192,0.0,-1.0,0.0
60.0545,5.68573e-11,7.10192,0.0,-1.0,0.0
51.8237,5.68573e-11,3.67077,0.0,-1.0,0.0
59.4066,5.68573e-11,1.63893,0.0,-1.0,0.0
60.0545,5.68573e-11,7.10192,0.0,-1.0,0.0
59.4066,5.68573e-11,1.63893,0.0,-1.0,0.0
67.4832,5.68573e-11,5.88405,0.0,-1.0,0.0
67.4832,5.68573e-11,5.88405,0.0,-1.0,0.0
59.4066,5.68573e-11,1.63893,0.0,-1.0,0.0
67.1604,5.68573e-11,0.410862,0.0,-1.0,0.0
67.4832,5.68573e-11,5.88405,0.0,-1.0,0.0
67.1604,5.68573e-11,0.410862,0.0,-1.0,0.0
75.0,5.68573e-11,5.4765,0.0,-1.0,0.0
75.0,5.68573e-11,5.4765,0.0,-1.0,0.0
67.1604,5.68573e-11,0.410862,0.0,-1.0,0.0
75.0,5.68573e-11,0.0,0.0,-1.0,0.0
75.0,5.68573e-11,5.4765,0.0,-1.0,0.0
75.0,5.68573e-11,0.0,0.0,-1.0,0.0
82.5168,5.68573e-11,5.88405,0.0,-1.0,0.0
82.5168,5.68573e-11,5.88405,0.0,-1.0,0.0
75.0,5.68573e-11,0.0,0.0,-1.0,0.0
82.8396,5.68573e-11,0.410862,0.0,-1.0,0.0
82.5168,5.68573e-11,5.88405,0.0,-1.0,0.0
82.8396,5.68573e-11,0.410862,0.0,-1.0,0.0
89.9455,5.68573e-11,7.10192,0.0,-1.0,0.0
89.9455,5.68573e-11,7.10192,0.0,-1.0,0.0
82.8396,5.68573e-11,0.410862,0.0,-1.0,0.0
90.5934,5.68573e-11,1.63893,0.0,-1.0,0.0
89.9455,5.68573e-11,7.10192,0.0,-1.0,0.0
90.5934,5.68573e-11,1.63893,0.0,-1.0,0.0
97.199,5.68573e-11,9.11584,0.0,-1.0,0.0
97.199,5.68573e-11,9.11584,0.0,-1.0,0.0
90.5934,5.68573e-11,1.63893,0.0,-1.0,0.0
98.1763,5.68573e-11,3.67077,0.0,-1.0,0.0
97.199,5.68573e-11,9.11584,0.0,-1.0,0.0
98.1763,5.68573e-11,3.67077,0.0,-1.0,0.0
104.192,5.68573e-11,11.9022,0.0,-1.0,0.0
104.192,5.68573e-11,11.9022,0.0,-1.0,0.0
98.1763,5.68573e-11,3.67077,0.0,-1.0,0.0
105.505,5.68573e-11,6.48409,0.0,-1.0,0.0
104.192,5.68573e-11,11.9022,0.0,-1.0,0.0
105.505,5.68573e-11,6.48409,0.0,-1.0,0.0
110.843,5.68573e-11,15.4283,0.0,-1.0,0.0
110.843,5.68573e-11,15.4283,0.0,-1.0,0.0
105.505,5.68573e-11,6.48409,0.0,-1.0,0.0
112.5,5.68573e-11,10.0481,0.0,-1.0,0.0
110.843,5.68573e-11,15.4283,0.0,-1.0,0.0
112.5,5.68573e-11,10.0481,0.0,-1.0,0.0
117.074,5.68573e-11,19.6528,0.0,-1.0,0.0
117.074,5.68573e-11,19.6528,0.0,-1.0,0.0
112.5,5.68573e-11,10.0481,0.0,-1.0,0.0
119.084,5.68573e-11,14.3237,0.0,-1.0,0.0
117.074,5.68573e-11,19.6528,0.0,-1.0,0.0
119.084,5.68573e-11,14.3237,0.0,-1.0,0.0
122.811,5.68573e-11,24.5263,0.0,-1.0,0.0
122.811,5.68573e-11,24.5263,0.0,-1.0,0.0
119.084,5.68573e-11,14.3237,0.0,-1.0,0.0
125.185,5.68573e-11,19.2641,0.0,-1.0,0.0
122.811,5.68573e-11,24.5263,0.0,-1.0,0.0
125.185,5.68573e-11,19.2641,0.0,-1.0,0.0
127.988,5.68573e-11,29.9914,0.0,-1.0,0.0
127.988,5.68573e-11,29.9914,0.0,-1.0,0.0
125.185,5.68573e-11,19.2641,0.0,-1.0,0.0
130.736,5.68573e-11,24.8152,0.0,-1.0,0.0
127.988,5.68573e-11,29.9914,0.0,-1.0,0.0
130.736,5.68573e-11,24.8152,0.0,-1.0,0.0
132.544,5.68573e-11,35.9843,0.0,-1.0,0.0
132.544,5.68573e-11,35.9843,0.0,-1.0,0.0
130.736,5.68573e-11,24.8152,0.0,-1.0,0.0
135.676,5.68573e-11,30.9161,0.0,-1.0,0.0
132.544,5.68573e-11,35.9843,0.0,-1.0,0.0
135.676,5.68573e-11,30.9161,0.0,-1.0,0.0
136.425,5.68573e-11,42.4346,0.0,-1.0,0.0
136.425,5.68573e-11,42.4346,0.0,-1.0,0.0
135.676,5.68573e-11,30.9161,0.0,-1.0,0.0
139.952,5.68573e-11,37.5,0.0,-1.0,0.0
136.425,5.68573e-11,42.4346,0.0,-1.0,0.0
139.952,5.68573e-11,37.5,0.0,-1.0,0.0
139.586,5.68573e-11,49.2667,0.0,-1.0,0.0
139.586,5.68573e-11,49.2667,0.0,-1.0,0.0
139.952,5.68573e-11,37.5,0.0,-1.0,0.0
143.516,5.68573e-11,44.4948,0.0,-1.0,0.0
139.586,5.68573e-11,49.2667,0.0,-1.0,0.0
143.516,5.68573e-11,44.4948,0.0,-1.0,0.0
141.989,5.68573e-11,56.4005,0.0,-1.0,0.0
141.989,5.68573e-11,56.4005,0.0,-1.0,0.0
143.516,5.68573e-11,44.4948,0.0,-1.0,0.0
146.329,5.68573e-11,51.8237,0.0,-1.0,0.0
141.989,5.68573e-11,56.4005,0.0,-1.0,0.0
146.329,5.68573e-11,51.8237,0.0,-1.0,0.0
143.608,5.68573e-11,63.7524,0.0,-1.0,0.0
143.608,5.68573e-11,63.7524,0.0,-1.0,0.0
146.329,5.68573e-11,51.8237,0.0,-1.0,0.0
148.361,5.68573e-11,59.4066,0.0,-1.0,0.0
143.608,5.68573e-11,63.7524,0.0,-1.0,0.0
148.361,5.68573e-11,59.4066,0.0,-1.0,0.0
144.422,5.68573e-11,71.2361,0.0,-1.0,0.0
148.361,5.68573e-11,59.4066,0.0,-1.0,0.0
149.589,5.68573e-11,67.1604,0.0,-1.0,0.0
144.422,5.68573e-11,71.2361,0.0,-1.0,0.0
144.422,5.68573e-11,71.2361,0.0,-1.0,0.0
149.589,5.68573e-11,67.1604,0.0,-1.0,0.0
150.0,5.68573e-11,75.0,0.0,-1.0,0.0
144.422,5.68573e-11,71.2361,0.0,-1.0,0.0
150.0,5.68573e-11,75.0,0.0,-1.0,0.0
144.422,5.68573e-11,78.7639,0.0,-1.0,0.0
144.422,5.68573e-11,78.7639,0.0,-1.0,0.0
150.0,5.68573e-11,75.0,0.0,-1.0,0.0
149.589,5.68573e-11,82.8396,0.0,-1.0,0.0
144.422,5.68573e-11,78.7639,0.0,-1.0,0.0
149.589,5.68573e-11,82.8396,0.0,-1.0,0.0
143.608,5.68573e-11,86.2477,0.0,-1.0,0.0
143.608,5.68573e-11,86.2477,0.0,-1.0,0.0
149.589,5.68573e-11,82.8396,0.0,-1.0,0.0
148.361,5.68573e-11,90.5934,0.0,-1.0,0.0
143.608,5.68573e-11,86.2477,0.0,-1.0,0.0
148.361,5.68573e-11,90.5934,0.0,-1.0,0.0
141.989,5.68573e-11,93.5995,0.0,-1.0,0.0
141.989,5.68573e-11,93.5995,0.0,-1.0,0.0
148.361,5.68573e-11,90.5934,0.0,-1.0,0.0
146.329,5.68573e-11,98.1763,0.0,-1.0,0.0
141.989,5.68573e-11,93.5995,0.0,-1.0,0.0
146.329,5.68573e-11,98.1763,0.0,-1.0,0.0
139.586,5.68573e-11,100.733,0.0,-1.0,0.0
139.586,5.68573e-11,100.733,0.0,-1.0,0.0
146.329,5.68573e-11,98.1763,0.0,-1.0,0.0
143.516,5.68573e-11,105.505,0.0,-1.0,0.0
139.586,5.68573e-11,100.733,0.0,-1.0,0.0
143.516,5.68573e-11,105.505,0.0,-1.0,0.0
136.425,5.68573e-11,107.565,0.0,-1.0,0.0
136.425,5.68573e-11,107.565,0.0,-1.0,0.0
143.516,5.68573e-11,105.505,0.0,-1.0,0.0
139.952,5.68573e-11,112.5,0.0,-1.0,0.0
136.425,5.68573e-11,107.565,0.0,-1.0,0.0
139.952,5.68573e-11,112.5,0.0,-1.0,0.0
132.544,5.68573e-11,114.016,0.0,-1.0,0.0
132.544,5.68573e-11,114.016,0.0,-1.0,0.0
139.952,5.68573e-11,112.5,0.0,-1.0,0.0
135.676,5.68573e-11,119.084,0.0,-1.0,0.0
132.544,5.68573e-11,114.016,0.0,-1.0,0.0
135.676,5.68573e-11,119.084,0.0,-1.0,0.0
127.988,5.68573e-11,120.009,0.0,-1.0,0.0
127.988,5.68573e-11,120.009,0.0,-1.0,0.0
135.676,5.68573e-11,119.084,0.0,-1.0,0.0
130.736,5.68573e-11,125.185,0.0,-1.0,0.0
127.988,5.68573e-11,120.009,0.0,-1.0,0.0
130.736,5.68573e-11,125.185,0.0,-1.0,0.0
122.811,5.68573e-11,125.474,0.0,-1.0,0.0
122.811,5.68573e-11,125.474,0.0,-1.0,0.0
130.736,5.68573e-11,125.185,0.0,-1.0,0.0
125.185,5.68573e-11,130.736,0.0,-1.0,0.0
122.811,5.68573e-11,125.474,0.0,-1.0,0.0
125.185,5.68573e-11,130.736,0.0,-1.0,0.0
117.074,5.68573e-11,130.347,0.0,-1.0,0.0
117.074,5.68573e-11,130.347,0.0,-1.0,0.0
125.185,5.68573e-11,130.736,0.0,-1.0,0.0
119.084,5.68573e-11,135.676,0.0,-1.0,0.0
117.074,5.68573e-11,130.347,0.0,-1.0,0.0
119.084,5.68573e-11,135.676,0.0,-1.0,0.0
110.843,5.68573e-11,134.572,0.0,-1.0,0.0
110.843,5.68573e-11,134.572,0.0,-1.0,0.0
119.084,5.68573e-11,135.676,0.0,-1.0,0.0
112.5,5.68573e-11,139.952,0.0,-1.0,0.0
110.843,5.68573e-11,134.572,0.0,-1.0,0.0
112.5,5.68573e-11,139.952,0.0,-1.0,0.0
104.192,5.68573e-11,138.098,0.0,-1.0,0.0
104.192,5.68573e-11,138.098,0.0,-1.0,0.0
112.5,5.68573e-11,139.952,0.0,-1.0,0.0
105.505,5.68573e-11,143.516,0.0,-1.0,0.0
104.192,5.68573e-11,138.098,0.0,-1.0,0.0
105.505,5.68573e-11,143.516,0.0,-1.0,0.0
97.199,5.68573e-11,140.884,0.0,-1.0,0.0
97.199,5.68573e-11,140.884,0.0,-1.0,0.0
105.505,5.68573e-11,143.516,0.0,-1.0,0.0
98.1763,5.68573e-11,146.329,0.0,-1.0,0.0
97.199,5.68573e-11,140.884,0.0,-1.0,0.0
98.1763,5.68573e-11,146.329,0.0,-1.0,0.0
89.9455,5.68573e-11,142.898,0.0,-1.0,0.0
89.9455,5.68573e-11,142.898,0.0,-1.0,0.0
98.1763,5.68573e-11,146.329,0.0,-1.0,0.0
90.5934,5.68573e-11,148.361,0.0,-1.0,0.0
89.9455,5.68573e-11,142.898,0.0,-1.0,0.0
90.5934,5.68573e-11,148.361,0.0,-1.0,0.0
82.5168,5.68573e-11,144.116,0.0,-1.0,0.0
82.5168,5.68573e-11,144.116,0.0,-1.0,0.0
90.5934,5.68573e-11,148.361,0.0,-1.0,0.0
82.8396,5.68573e-11,149.589,0.0,-1.0,0.0
82.5168,5.68573e-11,144.116,0.0,-1.0,0.0
82.8396,5.68573e-11,149.589,0.0,-1.0,0.0
75.0,5.68573e-11,144.523,0.0,-1.0,0.0
75.0,5.68573e-11,144.523,0.0,-1.0,0.0
82.8396,5.68573e-11,149.589,0.0,-1.0,0.0
75.0,5.68573e-11,150.0,0.0,-1.0,0.0
75.0,5.68573e-11,144.523,0.0,-1.0,0.0
75.0,5.68573e-11,150.0,0.0,-1.0,0.0
67.4832,5.68573e-11,144.116,0.0,-1.0,0.0
67.4832,5.68573e-11,144.116,0.0,-1.0,0.0
75.0,5.68573e-11,150.0,0.0,-1.0,0.0
67.1604,5.68573e-11,149.589,0.0,-1.0,0.0
67.4832,5.68573e-11,144.116,0.0,-1.0,0.0
67.1604,5.68573e-11,149.589,0.0,-1.0,0.0
60.0545,5.68573e-11,142.898,0.0,-1.0,0.0
60.0545,5.68573e-11,142.898,0.0,-1.0,0.0
67.1604,5.68573e-11,149.589,0.0,-1.0,0.0
59.4066,5.68573e-11,148.361,0.0,-1.0,0.0
60.0545,5.68573e-11,142.898,0.0,-1.0,0.0
59.4066,5.68573e-11,148.361,0.0,-1.0,0.0
52.801,5.68573e-11,140.884,0.0,-1.0,0.0
52.801,5.68573e-11,140.884,0.0,-1.0,0.0
59.4066,5.68573e-11,148.361,0.0,-1.0,0.0
51.8237,5.68573e-11,146.329,0.0,-1.0,0.0
52.801,5.68573e-11,140.884,0.0,-1.0,0.0
51.8237,5.68573e-11,146.329,0.0,-1.0,0.0
45.8078,5.68573e-11,138.098,0.0,-1.0,0.0
45.8078,5.68573e-11,138.098,0.0,-1.0,0.0
51.8237,5.68573e-11,146.329,0.0,-1.0,0.0
44.4948,5.68573e-11,143.516,0.0,-1.0,0.0
45.8078,5.68573e-11,138.098,0.0,-1.0,0.0
44.4948,5.68573e-11,143.516,0.0,-1.0,0.0
39.1569,5.68573e-11,134.572,0.0,-1.0,0.0
39.1569,5.68573e-11,134.572,0.0,-1.0,0.0
44.4948,5.68573e-11,143.516,0.0,-1.0,0.0
37.5,5.68573e-11,139.952,0.0,-1.0,0.0
39.1569,5.68573e-11,134.572,0.0,-1.0,0.0
37.5,5.68573e-11,139.952,0.0,-1.0,0.0
32.9262,5.68573e-11,130.347,0.0,-1.0,0.0
32.9262,5.68573e-11,130.347,0.0,-1.0,0.0
37.5,5.68573e-11,139.952,0.0,-1.0,0.0
30.9161,5.68573e-11,135.676,0.0,-1.0,0.0
32.9262,5.68573e-11,130.347,0.0,-1.0,0.0
30.9161,5.68573e-11,135.676,0.0,-1.0,0.0
27.1887,5.68573e-11,125.474,0.0,-1.0,0.0
27.1887,5.68573e-11,125.474,0.0,-1.0,0.0
30.9161,5.68573e-11,135.676,0.0,-1.0,0.0
24.8152,5.68573e-11,130.736,0.0,-1.0,0.0
27.1887,5.68573e-11,125.474,0.0,-1.0,0.0
24.8152,5.68573e-11,130.736,0.0,-1.0,0.0
22.0118,5.68573e-11,120.009,0.0,-1.0,0.0
22.0118,5.68573e-11,120.009,0.0,-1.0,0.0
24.8152,5.68573e-11,130.736,0.0,-1.0,0.0
19.2641,5.68573e-11,125.185,0.0,-1.0,0.0
22.0118,5.68573e-11,120.009,0.0,-1.0,0.0
19.2641,5.68573e-11,125.185,0.0,-1.0,0.0
17.4562,5.68573e-11,114.016,0.0,-1.0,0.0
17.4562,5.68573e-11,114.016,0.0,-1.0,0.0
19.2641,5.68573e-11,125.185,0.0,-1.0,0.0
14.3237,5.68573e-11,119.084,0.0,-1.0,0.0
17.4562,5.68573e-11,114.016,0.0,-1.0,0.0
14.3237,5.68573e-11,119.084,0.0,-1.0,0.0
13.5752,5.68573e-11,107.565,0.0,-1.0,0.0
13.5752,5.68573e-11,107.565,0.0,-1.0,0.0
14.3237,5.68573e-11,119.084,0.0,-1.0,0.0
10.0481,5.68573e-11,112.5,0.0,-1.0,0.0
13.5752,5.68573e-11,107.565,0.0,-1.0,0.0
10.0481,5.68573e-11,112.5,0.0,-1.0,0.0
10.4143,5.68573e-11,100.733,0.0,-1.0,0.0
10.4143,5.68573e-11,100.733,0.0,-1.0,0.0
10.0481,5.68573e-11,112.5,0.0,-1.0,0.0
6.48409,5.68573e-11,105.505,0.0,-1.0,0.0
10.4143,5.68573e-11,100.733,0.0,-1.0,0.0
6.48409,5.68573e-11,105.505,0.0,-1.0,0.0
8.01063,5.68573e-11,93.5995,0.0,-1.0,0.0
8.01063,5.68573e-11,93.5995,0.0,-1.0,0.0
6.48409,5.68573e-11,105.505,0.0,-1.0,0.0
3.67077,5.68573e-11,98.1763,0.0,-1.0,0.0
8.01063,5.68573e-11,93.5995,0.0,-1.0,0.0
3.67077,5.68573e-11,98.1763,0.0,-1.0,0.0
6.39237,5.68573e-11,86.2477,0.0,-1.0,0.0
6.39237,5.68573e-11,86.2477,0.0,-1.0,0.0
3.67077,5.68573e-11,98.1763,0.0,-1.0,0.0
1.63893,5.68573e-11,90.5934,0.0,-1.0,0.0
6.39237,5.68573e-11,86.2477,0.0,-1.0,0.0
1.63893,5.68573e-11,90.5934,0.0,-1.0,0.0
5.57847,5.68573e-11,78.7639,0.0,-1.0,0.0
5.57847,5.68573e-11,78.7639,0.0,-1.0,0.0
1.63893,5.68573e-11,90.5934,0.0,-1.0,0.0
0.410862,5.68573e-11,82.8396,0.0,-1.0,0.0
5.57847,5.68573e-11,78.7639,0.0,-1.0,0.0
0.410862,5.68573e-11,82.8396,0.0,-1.0,0.0
0.0,5.68573e-11,75.0,0.0,-1.0,0.0
77.8154,45.0,124.236,0.0,1.0,0.0
75.0,45.0,118.543,0.0,1.0,0.0
72.1846,45.0,124.236,0.0,1.0,0.0
72.1846,45.0,124.236,0.0,1.0,0.0
75.0,45.0,118.543,0.0,1.0,0.0
70.2922,45.0,118.287,0.0,1.0,0.0
72.1846,45.0,124.236,0.0,1.0,0.0
70.2922,45.0,118.287,0.0,1.0,0.0
66.5905,45.0,123.594,0.0,1.0,0.0
66.5905,45.0,123.594,0.0,1.0,0.0
70.2922,45.0,118.287,0.0,1.0,0.0
65.6396,45.0,117.525,0.0,1.0,0.0
66.5905,45.0,123.594,0.0,1.0,0.0
65.6396,45.0,117.525,0.0,1.0,0.0
61.106,45.0,122.319,0.0,1.0,0.0
61.106,45.0,122.319,0.0,1.0,0.0
65.6396,45.0,117.525,0.0,1.0,0.0
61.0967,45.0,116.263,0.0,1.0,0.0
61.106,45.0,122.319,0.0,1.0,0.0
61.0967,45.0,116.263,0.0,1.0,0.0
55.8027,45.0,120.426,0.0,1.0,0.0
55.8027,45.0,120.426,0.0,1.0,0.0
61.0967,45.0,116.263,0.0,1.0,0.0
56.7169,45.0,114.518,0.0,1.0,0.0
55.8027,45.0,120.426,0.0,1.0,0.0
56.7169,45.0,114.518,0.0,1.0,0.0
50.7496,45.0,117.942,0.0,1.0,0.0
50.7496,45.0,117.942,0.0,1.0,0.0
56.7169,45.0,114.518,0.0,1.0,0.0
52.5514,45.0,112.31,0.0,1.0,0.0
50.7496,45.0,117.942,0.0,1.0,0.0
52.5514,45.0,112.31,0.0,1.0,0.0
46.0126,45.0,114.898,0.0,1.0,0.0
46.0126,45.0,114.898,0.0,1.0,0.0
52.5514,45.0,112.31,0.0,1.0,0.0
48.6491,45.0,109.664,0.0,1.0,0.0
46.0126,45.0,114.898,0.0,1.0,0.0
48.6491,45.0,109.664,0.0,1.0,0.0
41.6536,45.0,111.333,0.0,1.0,0.0
41.6536,45.0,111.333,0.0,1.0,0.0
48.6491,45.0,109.664,0.0,1.0,0.0
45.0557,45.0,106.612,0.0,1.0,0.0
41.6536,45.0,111.333,0.0,1.0,0.0
45.0557,45.0,106.612,0.0,1.0,0.0
37.7293,45.0,107.295,0.0,1.0,0.0
37.7293,45.0,107.295,0.0,1.0,0.0
45.0557,45.0,106.612,0.0,1.0,0.0
41.8134,45.0,103.189,0.0,1.0,0.0
37.7293,45.0,107.295,0.0,1.0,0.0
41.8134,45.0,103.189,0.0,1.0,0.0
34.2908,45.0,102.836,0.0,1.0,0.0
34.2908,45.0,102.836,0.0,1.0,0.0
41.8134,45.0,103.189,0.0,1.0,0.0
38.9602,45.0,99.4356,0.0,1.0,0.0
34.2908,45.0,102.836,0.0,1.0,0.0
38.9602,45.0,99.4356,0.0,1.0,0.0
31.3831,45.0,98.0143,0.0,1.0,0.0
31.3831,45.0,98.0143,0.0,1.0,0.0
38.9602,45.0,99.4356,0.0,1.0,0.0
36.5295,45.0,95.3958,0.0,1.0,0.0
31.3831,45.0,98.0143,0.0,1.0,0.0
36.5295,45.0,95.3958,0.0,1.0,0.0
29.044,45.0,92.8923,0.0,1.0,0.0
29.044,45.0,92.8923,0.0,1.0,0.0
36.5295,45.0,95.3958,0.0,1.0,0.0
34.5498,45.0,91.1168,0.0,1.0,0.0
29.044,45.0,92.8923,0.0,1.0,0.0
34.5498,45.0,91.1168,0.0,1.0,0.0
27.304,45.0,87.5371,0.0,1.0,0.0
27.304,45.0,87.5371,0.0,1.0,0.0
34.5498,45.0,91.1168,0.0,1.0,0.0
33.0444,45.0,86.6489,0.0,1.0,0.0
27.304,45.0,87.5371,0.0,1.0,0.0
33.0444,45.0,86.6489,0.0,1.0,0.0
26.1857,45.0,82.0184,0.0,1.0,0.0
26.1857,45.0,82.0184,0.0,1.0,0.0
33.0444,45.0,86.6489,0.0,1.0,0.0
32.0309,45.0,82.0444,0.0,1.0,0.0
26.1857,45.0,82.0184,0.0,1.0,0.0
32.0309,45.0,82.0444,0.0,1.0,0.0
25.7039,45.0,76.4083,0.0,1.0,0.0
25.7039,45.0,76.4083,0.0,1.0,0.0
32.0309,45.0,82.0444,0.0,1.0,0.0
31.5211,45.0,77.3574,0.0,1.0,0.0
25.7039,45.0,76.4083,0.0,1.0,0.0
31.5211,45.0,77.3574,0.0,1.0,0.0
25.8647,45.0,70.7798,0.0,1.0,0.0
25.8647,45.0,70.7798,0.0,1.0,0.0
31.5211,45.0,77.3574,0.0,1.0,0.0
31.5211,45.0,72.6426,0.0,1.0,0.0
25.8647,45.0,70.7798,0.0,1.0,0.0
31.5211,45.0,72.6426,0.0,1.0,0.0
26.666,45.0,65.2063,0.0,1.0,0.0
26.666,45.0,65.2063,0.0,1.0,0.0
31.5211,45.0,72.6426,0.0,1.0,0.0
32.0309,45.0,67.9556,0.0,1.0,0.0
26.666,45.0,65.2063,0.0,1.0,0.0
32.0309,45.0,67.9556,0.0,1.0,0.0
28.0975,45.0,59.7604,0.0,1.0,0.0
28.0975,45.0,59.7604,0.0,1.0,0.0
32.0309,45.0,67.9556,0.0,1.0,0.0
33.0444,45.0,63.3511,0.0,1.0,0.0
28.0975,45.0,59.7604,0.0,1.0,0.0
33.0444,45.0,63.3511,0.0,1.0,0.0
30.1404,45.0,54.5133,0.0,1.0,0.0
30.1404,45.0,54.5133,0.0,1.0,0.0
33.0444,45.0,63.3511,0.0,1.0,0.0
34.5498,45.0,58.8832,0.0,1.0,0.0
30.1404,45.0,54.5133,0.0,1.0,0.0
34.5498,45.0,58.8832,0.0,1.0,0.0
32.7681,45.0,49.5332,0.0,1.0,0.0
34.5498,45.0,58.8832,0.0,1.0,0.0
36.5295,45.0,54.6042,0.0,1.0,0.0
32.7681,45.0,49.5332,0.0,1.0,0.0
32.7681,45.0,49.5332,0.0,1.0,0.0
36.5295,45.0,54.6042,0.0,1.0,0.0
38.9602,45.0,50.5644,0.0,1.0,0.0
32.7681,45.0,49.5332,0.0,1.0,0.0
38.9602,45.0,50.5644,0.0,1.0,0.0
35.9464,45.0,44.8851,0.0,1.0,0.0
35.9464,45.0,44.8851,0.0,1.0,0.0
38.9602,45.0,50.5644,0.0,1.0,0.0
41.8134,45.0,46.811,0.0,1.0,0.0
35.9464,45.0,44.8851,0.0,1.0,0.0
41.8134,45.0,46.811,0.0,1.0,0.0
39.6338,45.0,40.6297,0.0,1.0,0.0
39.6338,45.0,40.6297,0.0,1.0,0.0
41.8134,45.0,46.811,0.0,1.0,0.0
45.0557,45.0,43.3882,0.0,1.0,0.0
39.6338,45.0,40.6297,0.0,1.0,0.0
45.0557,45.0,43.3882,0.0,1.0,0.0
43.7822,45.0,36.8222,0.0,1.0,0.0
43.7822,45.0,36.8222,0.0,1.0,0.0
45.0557,45.0,43.3882,0.0,1.0,0.0
48.6491,45.0,40.3359,0.0,1.0,0.0
43.7822,45.0,36.8222,0.0,1.0,0.0
48.6491,45.0,40.3359,0.0,1.0,0.0
48.3376,45.0,33.5125,0.0,1.0,0.0
48.3376,45.0,33.5125,0.0,1.0,0.0
48.6491,45.0,40.3359,0.0,1.0,0.0
52.5514,45.0,37.6901,0.0,1.0,0.0
48.3376,45.0,33.5125,0.0,1.0,0.0
52.5514,45.0,37.6901,0.0,1.0,0.0
53.2406,45.0,30.7437,0.0,1.0,0.0
53.2406,45.0,30.7437,0.0,1.0,0.0
52.5514,45.0,37.6901,0.0,1.0,0.0
56.7169,45.0,35.4817,0.0,1.0,0.0
53.2406,45.0,30.7437,0.0,1.0,0.0
56.7169,45.0,35.4817,0.0,1.0,0.0
58.4273,45.0,28.5518,0.0,1.0,0.0
58.4273,45.0,28.5518,0.0,1.0,0.0
56.7169,45.0,35.4817,0.0,1.0,0.0
61.0967,45.0,33.7366,0.0,1.0,0.0
58.4273,45.0,28.5518,0.0,1.0,0.0
61.0967,45.0,33.7366,0.0,1.0,0.0
63.83,45.0,26.9654,0.0,1.0,0.0
63.83,45.0,26.9654,0.0,1.0,0.0
61.0967,45.0,33.7366,0.0,1.0,0.0
65.6396,45.0,32.4753,0.0,1.0,0.0
63.83,45.0,26.9654,0.0,1.0,0.0
65.6396,45.0,32.4753,0.0,1.0,0.0
69.3784,45.0,26.0052,0.0,1.0,0.0
69.3784,45.0,26.0052,0.0,1.0,0.0
65.6396,45.0,32.4753,0.0,1.0,0.0
70.2922,45.0,31.7125,0.0,1.0,0.0
69.3784,45.0,26.0052,0.0,1.0,0.0
70.2922,45.0,31.7125,0.0,1.0,0.0
75.0,45.0,25.6838,0.0,1.0,0.0
75.0,45.0,25.6838,0.0,1.0,0.0
70.2922,45.0,31.7125,0.0,1.0,0.0
75.0,45.0,31.4573,0.0,1.0,0.0
75.0,45.0,25.6838,0.0,1.0,0.0
75.0,45.0,31.4573,0.0,1.0,0.0
80.6216,45.0,26.0052,0.0,1.0,0.0
80.6216,45.0,26.0052,0.0,1.0,0.0
75.0,45.0,31.4573,0.0,1.0,0.0
79.7078,45.0,31.7125,0.0,1.0,0.0
80.6216,45.0,26.0052,0.0,1.0,0.0
79.7078,45.0,31.7125,0.0,1.0,0.0
86.17,45.0,26.9654,0.0,1.0,0.0
86.17,45.0,26.9654,0.0,1.0,0.0
79.7078,45.0,31.7125,0.0,1.0,0.0
84.3604,45.0,32.4753,0.0,1.0,0.0
86.17,45.0,26.9654,0.0,1.0,0.0
84.3604,45.0,32.4753,0.0,1.0,0.0
91.5727,45.0,28.5518,0.0,1.0,0.0
91.5727,45.0,28.5518,0.0,1.0,0.0
84.3604,45.0,32.4753,0.0,1.0,0.0
88.9033,45.0,33.7366,0.0,1.0,0.0
91.5727,45.0,28.5518,0.0,1.0,0.0
88.9033,45.0,33.7366,0.0,1.0,0.0
96.7594,45.0,30.7437,0.0,1.0,0.0
96.7594,45.0,30.7437,0.0,1.0,0.0
88.9033,45.0,33.7366,0.0,1.0,0.0
93.2831,45.0,35.4817,0.0,1.0,0.0
96.7594,45.0,30.7437,0.0,1.0,0.0
93.2831,45.0,35.4817,0.0,1.0,0.0
101.662,45.0,33.5125,0.0,1.0,0.0
101.662,45.0,33.5125,0.0,1.0,0.0
93.2831,45.0,35.4817,0.0,1.0,0.0
97.4486,45.0,37.6901,0.0,1.0,0.0
101.662,45.0,33.5125,0.0,1.0,0.0
97.4486,45.0,37.6901,0.0,1.0,0.0
106.218,45.0,36.8222,0.0,1.0,0.0
106.218,45.0,36.8222,0.0,1.0,0.0
97.4486,45.0,37.6901,0.0,1.0,0.0
101.351,45.0,40.3359,0.0,1.0,0.0
106.218,45.0,36.8222,0.0,1.0,0.0
101.351,45.0,40.3359,0.0,1.0,0.0
110.366,45.0,40.6297,0.0,1.0,0.0
110.366,45.0,40.6297,0.0,1.0,0.0
101.351,45.0,40.3359,0.0,1.0,0.0
104.944,45.0,43.3882,0.0,1.0,0.0
110.366,45.0,40.6297,0.0,1.0,0.0
104.944,45.0,43.3882,0.0,1.0,0.0
114.054,45.0,44.8851,0.0,1.0,0.0
114.054,45.0,44.8851,0.0,1.0,0.0
104.944,45.0,43.3882,0.0,1.0,0.0
108.187,45.0,46.811,0.0,1.0,0.0
114.054,45.0,44.8851,0.0,1.0,0.0
108.187,45.0,46.811,0.0,1.0,0.0
117.232,45.0,49.5332,0.0,1.0,0.0
108.187,45.0,46.811,0.0,1.0,0.0
111.04,45.0,50.5644,0.0,1.0,0.0
117.232,45.0,49.5332,0.0,1.0,0.0
117.232,45.0,49.5332,0.0,1.0,0.0
111.04,45.0,50.5644,0.0,1.0,0.0
113.471,45.0,54.6042,0.0,1.0,0.0
117.232,45.0,49.5332,0.0,1.0,0.0
113.471,45.0,54.6042,0.0,1.0,0.0
119.86,45.0,54.5133,0.0,1.0,0.0
119.86,45.0,54.5133,0.0,1.0,0.0
113.471,45.0,54.6042,0.0,1.0,0.0
115.45,45.0,58.8832,0.0,1.0,0.0
119.86,45.0,54.5133,0.0,1.0,0.0
115.45,45.0,58.8832,0.0,1.0,0.0
121.903,45.0,59.7604,0.0,1.0,0.0
121.903,45.0,59.7604,0.0,1.0,0.0
115.45,45.0,58.8832,0.0,1.0,0.0
116.956,45.0,63.3511,0.0,1.0,0.0
121.903,45.0,59.7604,0.0,1.0,0.0
116.956,45.0,63.3511,0.0,1.0,0.0
123.334,45.0,65.2063,0.0,1.0,0.0
123.334,45.0,65.2063,0.0,1.0,0.0
116.956,45.0,63.3511,0.0,1.0,0.0
117.969,45.0,67.9556,0.0,1.0,0.0
123.334,45.0,65.2063,0.0,1.0,0.0
117.969,45.0,67.9556,0.0,1.0,0.0
124.135,45.0,70.7798,0.0,1.0,0.0
124.135,45.0,70.7798,0.0,1.0,0.0
117.969,45.0,67.9556,0.0,1.0,0.0
118.479,45.0,72.6426,0.0,1.0,0.0
124.135,45.0,70.7798,0.0,1.0,0.0
118.479,45.0,72.6426,0.0,1.0,0.0
124.296,45.0,76.4083,0.0,1.0,0.0
124.296,45.0,76.4083,0.0,1.0,0.0
118.479,45.0,72.6426,0.0,1.0,0.0
118.479,45.0,77.3574,0.0,1.0,0.0
124.296,45.0,76.4083,0.0,1.0,0.0
118.479,45.0,77.3574,0.0,1.0,0.0
123.814,45.0,82.0184,0.0,1.0,0.0
123.814,45.0,82.0184,0.0,1.0,0.0
118.479,45.0,77.3574,0.0,1.0,0.0
117.969,45.0,82.0444,0.0,1.0,0.0
123.814,45.0,82.0184,0.0,1.0,0.0
117.969,45.0,82.0444,0.0,1.0,0.0
122.696,45.0,87.5371,0.0,1.0,0.0
122.696,45.0,87.5371,0.0,1.0,0.0
117.969,45.0,82.0444,0.0,1.0,0.0
116.956,45.0,86.6489,0.0,1.0,0.0
122.696,45.0,87.5371,0.0,1.0,0.0
116.956,45.0,86.6489,0.0,1.0,0.0
120.956,45.0,92.8923,0.0,1.0,0.0
120.956,45.0,92.8923,0.0,1.0,0.0
116.956,45.0,86.6489,0.0,1.0,0.0
115.45,45.0,91.1168,0.0,1.0,0.0
120.956,45.0,92.8923,0.0,1.0,0.0
115.45,45.0,91.1168,0.0,1.0,0.0
118.617,45.0,98.0143,0.0,1.0,0.0
118.617,45.0,98.0143,0.0,1.0,0.0
115.45,45.0,91.1168,0.0,1.0,0.0
113.471,45.0,95.3958,0.0,1.0,0.0
118.617,45.0,98.0143,0.0,1.0,0.0
113.471,45.0,95.3958,0.0,1.0,0.0
115.709,45.0,102.836,0.0,1.0,0.0
115.709,45.0,102.836,0.0,1.0,0.0
113.471,45.0,95.3958,0.0,1.0,0.0
111.04,45.0,99.4356,0.0,1.0,0.0
115.709,45.0,102.836,0.0,1.0,0.0
111.04,45.0,99.4356,0.0,1.0,0.0
112.271,45.0,107.295,0.0,1.0,0.0
112.271,45.0,107.295,0.0,1.0,0.0
111.04,45.0,99.4356,0.0,1.0,0.0
108.187,45.0,103.189,0.0,1.0,0.0
112.271,45.0,107.295,0.0,1.0,0.0
108.187,45.0,103.189,0.0,1.0,0.0
108.346,45.0,111.333,0.0,1.0,0.0
108.346,45.0,111.333,0.0,1.0,0.0
108.187,45.0,103.189,0.0,1.0,0.0
104.944,45.0,106.612,0.0,1.0,0.0
108.346,45.0,111.333,0.0,1.0,0.0
104.944,45.0,106.612,0.0,1.0,0.0
103.987,45.0,114.898,0.0,1.0,0.0
103.987,45.0,114.898,0.0,1.0,0.0
104.944,45.0,106.612,0.0,1.0,0.0
101.351,45.0,109.664,0.0,1.0,0.0
103.987,45.0,114.898,0.0,1.0,0.0
101.351,45.0,109.664,0.0,1.0,0.0
99.2504,45.0,117.942,0.0,1.0,0.0
99.2504,45.0,117.942,0.0,1.0,0.0
101.351,45.0,109.664,0.0,1.0,0.0
97.4486,45.0,112.31,0.0,1.0,0.0
99.2504,45.0,117.942,0.0,1.0,0.0
97.4486,45.0,112.31,0.0,1.0,0.0
94.1973,45.0,120.426,0.0,1.0,0.0
94.1973,45.0,120.426,0.0,1.0,0.0
97.4486,45.0,112.31,0.0,1.0,0.0
93.2831,45.0,114.518,0.0,1.0,0.0
94.1973,45.0,120.426,0.0,1.0,0.0
93.2831,45.0,114.518,0.0,1.0,0.0
88.894,45.0,122.319,0.0,1.0,0.0
88.894,45.0,122.319,0.0,1.0,0.0
93.2831,45.0,114.518,0.0,1.0,0.0
88.9033,45.0,116.263,0.0,1.0,0.0
88.894,45.0,122.319,0.0,1.0,0.0
88.9033,45.0,116.263,0.0,1.0,0.0
83.4095,45.0,123.594,0.0,1.0,0.0
83.4095,45.0,123.594,0.0,1.0,0.0
88.9033,45.0,116.263,0.0,1.0,0.0
84.3604,45.0,117.525,0.0,1.0,0.0
83.4095,45.0,123.594,0.0,1.0,0.0
84.3604,45.0,117.525,0.0,1.0,0.0
77.8154,45.0,124.236,0.0,1.0,0.0
77.8154,45.0,124.236,0.0,1.0,0.0
84.3604,45.0,117.525,0.0,1.0,0.0
79.7078,45.0,118.287,0.0,1.0,0.0
77.8154,45.0,124.236,0.0,1.0,0.0
79.7078,45.0,118.287,0.0,1.0,0.0
75.0,45.0,118.543,0.0,1.0,0.0
79.7078,45.0,31.7125,-0.140158,-0.49945,0.85493
82.5168,5.68573e-11,5.88405,-0.140158,-0.49945,0.85493
84.3604,45.0,32.4753,-0.140158,-0.49945,0.85493
84.3604,45.0,32.4753,-0.140159,-0.49945,0.85493
82.5168,5.68573e-11,5.88405,-0.140159,-0.49945,0.85493
89.9455,5.68573e-11,7.10192,-0.140159,-0.49945,0.85493
84.3604,45.0,32.4753,-0.231772,-0.49945,0.834765
89.9455,5.68573e-11,7.10192,-0.231772,-0.49945,0.834765
88.9033,45.0,33.7366,-0.231772,-0.49945,0.834765
88.9033,45.0,33.7366,-0.231771,-0.49945,0.834765
89.9455,5.68573e-11,7.10192,-0.231771,-0.49945,0.834765
97.199,5.68573e-11,9.11584,-0.231771,-0.49945,0.834765
88.9033,45.0,33.7366,-0.320666,-0.49945,0.804812
97.199,5.68573e-11,9.11584,-0.320666,-0.49945,0.804812
93.2831,45.0,35.4817,-0.320666,-0.49945,0.804812
93.2831,45.0,35.4817,-0.320666,-0.49945,0.804812
97.199,5.68573e-11,9.11584,-0.320666,-0.49945,0.804812
104.192,5.68573e-11,11.9022,-0.320666,-0.49945,0.804812
93.2831,45.0,35.4817,-0.405802,-0.49945,0.765425
104.192,5.68573e-11,11.9022,-0.405802,-0.49945,0.765425
97.4486,45.0,37.6901,-0.405802,-0.49945,0.765425
97.4486,45.0,37.6901,-0.405802,-0.49945,0.765425
104.192,5.68573e-11,11.9022,-0.405802,-0.49945,0.765425
110.843,5.68573e-11,15.4283,-0.405802,-0.49945,0.765425
97.4486,45.0,37.6901,-0.486181,-0.49945,0.717062
110.843,5.68573e-11,15.4283,-0.486181,-0.49945,0.717062
101.351,45.0,40.3359,-0.486181,-0.49945,0.717062
101.351,45.0,40.3359,-0.486181,-0.49945,0.717062
110.843,5.68573e-11,15.4283,-0.486181,-0.49945,0.717062
117.074,5.68573e-11,19.6528,-0.486181,-0.49945,0.717062
101.351,45.0,40.3359,-0.560858,-0.49945,0.660294
117.074,5.68573e-11,19.6528,-0.560858,-0.49945,0.660294
104.944,45.0,43.3882,-0.560858,-0.49945,0.660294
104.944,45.0,43.3882,-0.560859,-0.49945,0.660293
117.074,5.68573e-11,19.6528,-0.560859,-0.49945,0.660293
122.811,5.68573e-11,24.5263,-0.560859,-0.49945,0.660293
104.944,45.0,43.3882,-0.628961,-0.49945,0.595784
122.811,5.68573e-11,24.5263,-0.628961,-0.49945,0.595784
108.187,45.0,46.811,-0.628961,-0.49945,0.595784
108.187,45.0,46.811,-0.628961,-0.49945,0.595784
122.811,5.68573e-11,24.5263,-0.628961,-0.49945,0.595784
127.988,5.68573e-11,29.9914,-0.628961,-0.49945,0.595784
108.187,45.0,46.811,-0.68969,-0.49945,0.524288
127.988,5.68573e-11,29.9914,-0.68969,-0.49945,0.524288
111.04,45.0,50.5644,-0.68969,-0.49945,0.524288
111.04,45.0,50.5644,-0.689689,-0.49945,0.524289
127.988,5.68573e-11,29.9914,-0.689689,-0.49945,0.524289
132.544,5.68573e-11,35.9843,-0.689689,-0.49945,0.524289
111.04,45.0,50.5644,-0.742332,-0.49945,0.446647
132.544,5.68573e-11,35.9843,-0.742332,-0.49945,0.446647
113.471,45.0,54.6042,-0.742332,-0.49945,0.446647
113.471,45.0,54.6042,-0.742332,-0.49945,0.446646
132.544,5.68573e-11,35.9843,-0.742332,-0.49945,0.446646
136.425,5.68573e-11,42.4346,-0.742332,-0.49945,0.446646
113.471,45.0,54.6042,-0.786272,-0.49945,0.363767
136.425,5.68573e-11,42.4346,-0.786272,-0.49945,0.363767
115.45,45.0,58.8832,-0.786272,-0.49945,0.363767
115.45,45.0,58.8832,-0.786271,-0.49945,0.363769
136.425,5.68573e-11,42.4346,-0.786271,-0.49945,0.363769
139.586,5.68573e-11,49.2667,-0.786271,-0.49945,0.363769
115.45,45.0,58.8832,-0.820993,-0.49945,0.276624
139.586,5.68573e-11,49.2667,-0.820993,-0.49945,0.276624
116.956,45.0,63.3511,-0.820993,-0.49945,0.276624
116.956,45.0,63.3511,-0.820992,-0.49945,0.276625
139.586,5.68573e-11,49.2667,-0.820992,-0.49945,0.276625
141.989,5.68573e-11,56.4005,-0.820992,-0.49945,0.276625
116.956,45.0,63.3511,-0.846088,-0.49945,0.186239
141.989,5.68573e-11,56.4005,-0.846088,-0.49945,0.186239
117.969,45.0,67.9556,-0.846088,-0.49945,0.186239
117.969,45.0,67.9556,-0.846088,-0.49945,0.186239
141.989,5.68573e-11,56.4005,-0.846088,-0.49945,0.186239
143.608,5.68573e-11,63.7524,-0.846088,-0.49945,0.186239
117.969,45.0,67.9556,-0.861264,-0.49945,0.0936681
143.608,5.68573e-11,63.7524,-0.861264,-0.49945,0.0936681
118.479,45.0,72.6426,-0.861264,-0.49945,0.0936681
118.479,45.0,72.6426,-0.861264,-0.49945,0.0936681
143.608,5.68573e-11,63.7524,-0.861264,-0.49945,0.0936681
144.422,5.68573e-11,71.2361,-0.861264,-0.49945,0.0936681
118.479,45.0,72.6426,-0.866343,-0.49945,0.0
144.422,5.68573e-11,71.2361,-0.866343,-0.49945,0.0
118.479,45.0,77.3574,-0.866343,-0.49945,0.0
118.479,45.0,77.3574,-0.866343,-0.49945,0.0
144.422,5.68573e-11,71.2361,-0.866343,-0.49945,0.0
144.422,5.68573e-11,78.7639,-0.866343,-0.49945,0.0
118.479,45.0,77.3574,-0.861264,-0.49945,-0.0936681
144.422,5.68573e-11,78.7639,-0.861264,-0.49945,-0.0936681
117.969,45.0,82.0444,-0.861264,-0.49945,-0.0936681
117.969,45.0,82.0444,-0.861264,-0.49945,-0.0936682
144.422,5.68573e-11,78.7639,-0.861264,-0.49945,-0.0936682
143.608,5.68573e-11,86.2477,-0.861264,-0.49945,-0.0936682
117.969,45.0,82.0444,-0.846088,-0.49945,-0.186239
143.608,5.68573e-11,86.2477,-0.846088,-0.49945,-0.186239
116.956,45.0,86.6489,-0.846088,-0.49945,-0.186239
116.956,45.0,86.6489,-0.846088,-0.49945,-0.186239
143.608,5.68573e-11,86.2477,-0.846088,-0.49945,-0.186239
141.989,5.68573e-11,93.5995,-0.846088,-0.49945,-0.186239
116.956,45.0,86.6489,-0.820993,-0.49945,-0.276624
141.989,5.68573e-11,93.5995,-0.820993,-0.49945,-0.276624
115.45,45.0,91.1168,-0.820993,-0.49945,-0.276624
115.45,45.0,91.1168,-0.820992,-0.49945,-0.276625
141.989,5.68573e-11,93.5995,-0.820992,-0.49945,-0.276625
139.586,5.68573e-11,100.733,-0.820992,-0.49945,-0.276625
115.45,45.0,91.1168,-0.786272,-0.49945,-0.363767
139.586,5.68573e-11,100.733,-0.786272,-0.49945,-0.363767
113.471,45.0,95.3958,-0.786272,-0.49945,-0.363767
113.471,45.0,95.3958,-0.786271,-0.49945,-0.363769
139.586,5.68573e-11,100.733,-0.786271,-0.49945,-0.363769
136.425,5.68573e-11,107.565,-0.786271,-0.49945,-0.363769
113.471,45.0,95.3958,-0.742332,-0.49945,-0.446647
136.425,5.68573e-11,107.565,-0.742332,-0.49945,-0.446647
111.04,45.0,99.4356,-0.742332,-0.49945,-0.446647
111.04,45.0,99.4356,-0.742332,-0.49945,-0.446646
136.425,5.68573e-11,107.565,-0.742332,-0.49945,-0.446646
132.544,5.68573e-11,114.016,-0.742332,-0.49945,-0.446646
111.04,45.0,99.4356,-0.68969,-0.49945,-0.524288
132.544,5.68573e-11,114.016,-0.68969,-0.49945,-0.524288
108.187,45.0,103.189,-0.68969,-0.49945,-0.524288
108.187,45.0,103.189,-0.689689,-0.49945,-0.524289
132.544,5.68573e-11,114.016,-0.689689,-0.49945,-0.524289
127.988,5.68573e-11,120.009,-0.689689,-0.49945,-0.524289
108.187,45.0,103.189,-0.62896,-0.49945,-0.595785
127.988,5.68573e-11,120.009,-0.62896,-0.49945,-0.595785
104.944,45.0,106.612,-0.62896,-0.49945,-0.595785
104.944,45.0,106.612,-0.628961,-0.49945,-0.595784
127.988,5.68573e-11,120.009,-0.628961,-0.49945,-0.595784
122.811,5.68573e-11,125.474,-0.628961,-0.49945,-0.595784
104.944,45.0,106.612,-0.560859,-0.49945,-0.660293
122.811,5.68573e-11,125.474,-0.560859,-0.49945,-0.660293
101.351,45.0,109.664,-0.560859,-0.49945,-0.660293
101.351,45.0,109.664,-0.560859,-0.49945,-0.660293
122.811,5.68573e-11,125.474,-0.560859,-0.49945,-0.660293
117.074,5.68573e-11,130.347,-0.560859,-0.49945,-0.660293
101.351,45.0,109.664,-0.486182,-0.49945,-0.717062
117.074,5.68573e-11,130.347,-0.486182,-0.49945,-0.717062
97.4486,45.0,112.31,-0.486182,-0.49945,-0.717062
97.4486,45.0,112.31,-0.48618,-0.49945,-0.717063
117.074,5.68573e-11,130.347,-0.48618,-0.49945,-0.717063
110.843,5.68573e-11,134.572,-0.48618,-0.49945,-0.717063
97.4486,45.0,112.31,-0.405801,-0.49945,-0.765425
110.843,5.68573e-11,134.572,-0.405801,-0.49945,-0.765425
93.2831,45.0,114.518,-0.405801,-0.49945,-0.765425
93.2831,45.0,114.518,-0.405802,-0.49945,-0.765424
110.843,5.68573e-11,134.572,-0.405802,-0.49945,-0.765424
104.192,5.68573e-11,138.098,-0.405802,-0.49945,-0.765424
93.2831,45.0,114.518,-0.320666,-0.49945,-0.804812
104.192,5.68573e-11,138.098,-0.320666,-0.49945,-0.804812
88.9033,45.0,116.263,-0.320666,-0.49945,-0.804812
88.9033,45.0,116.263,-0.320665,-0.49945,-0.804813
104.192,5.68573e-11,138.098,-0.320665,-0.49945,-0.804813
97.199,5.68573e-11,140.884,-0.320665,-0.49945,-0.804813
88.9033,45.0,116.263,-0.231772,-0.499449,-0.834765
97.199,5.68573e-11,140.884,-0.231772,-0.499449,-0.834765
84.3604,45.0,117.525,-0.231772,-0.499449,-0.834765
84.3604,45.0,117.525,-0.231773,-0.49945,-0.834764
97.199,5.68573e-11,140.884,-0.231773,-0.49945,-0.834764
89.9455,5.68573e-11,142.898,-0.231773,-0.49945,-0.834764
84.3604,45.0,117.525,-0.140157,-0.49945,-0.85493
89.9455,5.68573e-11,142.898,-0.140157,-0.49945,-0.85493
79.7078,45.0,118.287,-0.140157,-0.49945,-0.85493
79.7078,45.0,118.287,-0.140158,-0.49945,-0.85493
89.9455,5.68573e-11,142.898,-0.140158,-0.49945,-0.85493
82.5168,5.68573e-11,144.116,-0.140158,-0.49945,-0.85493
79.7078,45.0,118.287,-0.0469041,-0.49945,-0.865072
82.5168,5.68573e-11,144.116,-0.0469041,-0.49945,-0.865072
75.0,45.0,118.543,-0.0469041,-0.49945,-0.865072
75.0,45.0,118.543,-0.0469025,-0.49945,-0.865072
82.5168,5.68573e-11,144.116,-0.0469025,-0.49945,-0.865072
75.0,5.68573e-11,144.523,-0.0469025,-0.49945,-0.865072
75.0,45.0,118.543,0.0469042,-0.49945,-0.865072
75.0,5.68573e-11,144.523,0.0469042,-0.49945,-0.865072
70.2922,45.0,118.287,0.0469042,-0.49945,-0.865072
70.2922,45.0,118.287,0.0469025,-0.49945,-0.865072
75.0,5.68573e-11,144.523,0.0469025,-0.49945,-0.865072
67.4832,5.68573e-11,144.116,0.0469025,-0.49945,-0.865072
70.2922,45.0,118.287,0.140157,-0.49945,-0.85493
67.4832,5.68573e-11,144.116,0.140157,-0.49945,-0.85493
65.6396,45.0,117.525,0.140157,-0.49945,-0.85493
65.6396,45.0,117.525,0.140158,-0.49945,-0.85493
67.4832,5.68573e-11,144.116,0.140158,-0.49945,-0.85493
60.0545,5.68573e-11,142.898,0.140158,-0.49945,-0.85493
65.6396,45.0,117.525,0.231772,-0.49945,-0.834765
60.0545,5.68573e-11,142.898,0.231772,-0.49945,-0.834765
61.0967,45.0,116.263,0.231772,-0.49945,-0.834765
61.0967,45.0,116.263,0.231773,-0.49945,-0.834764
60.0545,5.68573e-11,142.898,0.231773,-0.49945,-0.834764
52.801,5.68573e-11,140.884,0.231773,-0.49945,-0.834764
61.0967,45.0,116.263,0.320666,-0.49945,-0.804813
52.801,5.68573e-11,140.884,0.320666,-0.49945,-0.804813
56.7169,45.0,114.518,0.320666,-0.49945,-0.804813
56.7169,45.0,114.518,0.320665,-0.49945,-0.804813
52.801,5.68573e-11,140.884,0.320665,-0.49945,-0.804813
45.8078,5.68573e-11,138.098,0.320665,-0.49945,-0.804813
56.7169,45.0,114.518,0.405801,-0.49945,-0.765425
45.8078,5.68573e-11,138.098,0.405801,-0.49945,-0.765425
52.5514,45.0,112.31,0.405801,-0.49945,-0.765425
52.5514,45.0,112.31,0.405802,-0.49945,-0.765425
45.8078,5.68573e-11,138.098,0.405802,-0.49945,-0.765425
39.1569,5.68573e-11,134.572,0.405802,-0.49945,-0.765425
52.5514,45.0,112.31,0.486182,-0.49945,-0.717062
39.1569,5.68573e-11,134.572,0.486182,-0.49945,-0.717062
48.6491,45.0,109.664,0.486182,-0.49945,-0.717062
48.6491,45.0,109.664,0.48618,-0.49945,-0.717062
39.1569,5.68573e-11,134.572,0.48618,-0.49945,-0.717062
32.9262,5.68573e-11,130.347,0.48618,-0.49945,-0.717062
48.6491,45.0,109.664,0.560859,-0.49945,-0.660293
32.9262,5.68573e-11,130.347,0.560859,-0.49945,-0.660293
45.0557,45.0,106.612,0.560859,-0.49945,-0.660293
45.0557,45.0,106.612,0.560859,-0.49945,-0.660293
32.9262,5.68573e-11,130.347,0.560859,-0.49945,-0.660293
27.1887,5.68573e-11,125.474,0.560859,-0.49945,-0.660293
45.0557,45.0,106.612,0.62896,-0.49945,-0.595784
27.1887,5.68573e-11,125.474,0.62896,-0.49945,-0.595784
41.8134,45.0,103.189,0.62896,-0.49945,-0.595784
41.8134,45.0,103.189,0.628961,-0.49945,-0.595784
27.1887,5.68573e-11,125.474,0.628961,-0.49945,-0.595784
22.0118,5.68573e-11,120.009,0.628961,-0.49945,-0.595784
41.8134,45.0,103.189,0.68969,-0.49945,-0.524288
22.0118,5.68573e-11,120.009,0.68969,-0.49945,-0.524288
38.9602,45.0,99.4356,0.68969,-0.49945,-0.524288
38.9602,45.0,99.4356,0.689689,-0.49945,-0.524288
22.0118,5.68573e-11,120.009,0.689689,-0.49945,-0.524288
17.4562,5.68573e-11,114.016,0.689689,-0.49945,-0.524288
38.9602,45.0,99.4356,0.742332,-0.49945,-0.446646
17.4562,5.68573e-11,114.016,0.742332,-0.49945,-0.446646
36.5295,45.0,95.3958,0.742332,-0.49945,-0.446646
36.5295,45.0,95.3958,0.742332,-0.49945,-0.446646
17.4562,5.68573e-11,114.016,0.742332,-0.49945,-0.446646
13.5752,5.68573e-11,107.565,0.742332,-0.49945,-0.446646
36.5295,45.0,95.3958,0.786272,-0.49945,-0.363768
13.5752,5.68573e-11,107.565,0.786272,-0.49945,-0.363768
34.5498,45.0,91.1168,0.786272,-0.49945,-0.363768
34.5498,45.0,91.1168,0.786272,-0.49945,-0.363768
13.5752,5.68573e-11,107.565,0.786272,-0.49945,-0.363768
10.4143,5.68573e-11,100.733,0.786272,-0.49945,-0.363768
34.5498,45.0,91.1168,0.820993,-0.49945,-0.276624
10.4143,5.68573e-11,100.733,0.820993,-0.49945,-0.276624
33.0444,45.0,86.6489,0.820993,-0.49945,-0.276624
33.0444,45.0,86.6489,0.820993,-0.49945,-0.276625
10.4143,5.68573e-11,100.733,0.820993,-0.49945,-0.276625
8.01063,5.68573e-11,93.5995,0.820993,-0.49945,-0.276625
33.0444,45.0,86.6489,0.846088,-0.49945,-0.186238
8.01063,5.68573e-11,93.5995,0.846088,-0.49945,-0.186238
32.0309,45.0,82.0444,0.846088,-0.49945,-0.186238
32.0309,45.0,82.0444,0.846088,-0.49945,-0.186238
8.01063,5.68573e-11,93.5995,0.846088,-0.49945,-0.186238
6.39237,5.68573e-11,86.2477,0.846088,-0.49945,-0.186238
32.0309,45.0,82.0444,0.861264,-0.49945,-0.0936681
6.39237,5.68573e-11,86.2477,0.861264,-0.49945,-0.0936681
31.5211,45.0,77.3574,0.861264,-0.49945,-0.0936681
31.5211,45.0,77.3574,0.861264,-0.49945,-0.0936679
6.39237,5.68573e-11,86.2477,0.861264,-0.49945,-0.0936679
5.57847,5.68573e-11,78.7639,0.861264,-0.49945,-0.0936679
31.5211,45.0,77.3574,0.866343,-0.49945,0.0
5.57847,5.68573e-11,78.7639,0.866343,-0.49945,0.0
31.5211,45.0,72.6426,0.866343,-0.49945,0.0
31.5211,45.0,72.6426,0.866343,-0.49945,0.0
5.57847,5.68573e-11,78.7639,0.866343,-0.49945,0.0
5.57847,5.68573e-11,71.2361,0.866343,-0.49945,0.0
31.5211,45.0,72.6426,0.861264,-0.49945,0.0936681
5.57847,5.68573e-11,71.2361,0.861264,-0.49945,0.0936681
32.0309,45.0,67.9556,0.861264,-0.49945,0.0936681
32.0309,45.0,67.9556,0.861264,-0.49945,0.0936679
5.57847,5.68573e-11,71.2361,0.861264,-0.49945,0.0936679
6.39237,5.68573e-11,63.7524,0.861264,-0.49945,0.0936679
32.0309,45.0,67.9556,0.846088,-0.49945,0.186238
6.39237,5.68573e-11,63.7524,0.846088,-0.49945,0.186238
33.0444,45.0,63.3511,0.846088,-0.49945,0.186238
33.0444,45.0,63.3511,0.846088,-0.49945,0.186238
6.39237,5.68573e-11,63.7524,0.846088,-0.49945,0.186238
8.01063,5.68573e-11,56.4005,0.846088,-0.49945,0.186238
33.0444,45.0,63.3511,0.820993,-0.49945,0.276624
8.01063,5.68573e-11,56.4005,0.820993,-0.49945,0.276624
34.5498,45.0,58.8832,0.820993,-0.49945,0.276624
34.5498,45.0,58.8832,0.820993,-0.49945,0.276625
8.01063,5.68573e-11,56.4005,0.820993,-0.49945,0.276625
10.4143,5.68573e-11,49.2667,0.820993,-0.49945,0.276625
34.5498,45.0,58.8832,0.786272,-0.49945,0.363768
10.4143,5.68573e-11,49.2667,0.786272,-0.49945,0.363768
36.5295,45.0,54.6042,0.786272,-0.49945,0.363768
36.5295,45.0,54.6042,0.786272,-0.49945,0.363768
10.4143,5.68573e-11,49.2667,0.786272,-0.49945,0.363768
13.5752,5.68573e-11,42.4346,0.786272,-0.49945,0.363768
36.5295,45.0,54.6042,0.742332,-0.49945,0.446646
13.5752,5.68573e-11,42.4346,0.742332,-0.49945,0.446646
38.9602,45.0,50.5644,0.742332,-0.49945,0.446646
38.9602,45.0,50.5644,0.742332,-0.49945,0.446646
13.5752,5.68573e-11,42.4346,0.742332,-0.49945,0.446646
17.4562,5.68573e-11,35.9843,0.742332,-0.49945,0.446646
38.9602,45.0,50.5644,0.68969,-0.49945,0.524288
17.4562,5.68573e-11,35.9843,0.68969,-0.49945,0.524288
41.8134,45.0,46.811,0.68969,-0.49945,0.524288
41.8134,45.0,46.811,0.68969,-0.49945,0.524288
17.4562,5.68573e-11,35.9843,0.68969,-0.49945,0.524288
22.0118,5.68573e-11,29.9914,0.68969,-0.49945,0.524288
41.8134,45.0,46.811,0.628961,-0.49945,0.595784
22.0118,5.68573e-11,29.9914,0.628961,-0.49945,0.595784
45.0557,45.0,43.3882,0.628961,-0.49945,0.595784
45.0557,45.0,43.3882,0.628961,-0.49945,0.595784
22.0118,5.68573e-11,29.9914,0.628961,-0.49945,0.595784
27.1887,5.68573e-11,24.5263,0.628961,-0.49945,0.595784
45.0557,45.0,43.3882,0.560858,-0.49945,0.660294
27.1887,5.68573e-11,24.5263,0.560858,-0.49945,0.660294
48.6491,45.0,40.3359,0.560858,-0.49945,0.660294
48.6491,45.0,40.3359,0.560859,-0.49945,0.660293
27.1887,5.68573e-11,24.5263,0.560859,-0.49945,0.660293
32.9262,5.68573e-11,19.6528,0.560859,-0.49945,0.660293
48.6491,45.0,40.3359,0.486181,-0.49945,0.717062
32.9262,5.68573e-11,19.6528,0.486181,-0.49945,0.717062
52.5514,45.0,37.6901,0.486181,-0.49945,0.717062
52.5514,45.0,37.6901,0.486181,-0.49945,0.717062
32.9262,5.68573e-11,19.6528,0.486181,-0.49945,0.717062
39.1569,5.68573e-11,15.4283,0.486181,-0.49945,0.717062
52.5514,45.0,37.6901,0.405802,-0.49945,0.765425
39.1569,5.68573e-11,15.4283,0.405802,-0.49945,0.765425
56.7169,45.0,35.4817,0.405802,-0.49945,0.765425
56.7169,45.0,35.4817,0.405802,-0.49945,0.765425
39.1569,5.68573e-11,15.4283,0.405802,-0.49945,0.765425
45.8078,5.68573e-11,11.9022,0.405802,-0.49945,0.765425
56.7169,45.0,35.4817,0.320666,-0.49945,0.804812
45.8078,5.68573e-11,11.9022,0.320666,-0.49945,0.804812
61.0967,45.0,33.7366,0.320666,-0.49945,0.804812
61.0967,45.0,33.7366,0.320667,-0.49945,0.804812
45.8078,5.68573e-11,11.9022,0.320667,-0.49945,0.804812
52.801,5.68573e-11,9.11584,0.320667,-0.49945,0.804812
61.0967,45.0,33.7366,0.231772,-0.49945,0.834765
52.801,5.68573e-11,9.11584,0.231772,-0.49945,0.834765
65.6396,45.0,32.4753,0.231772,-0.49945,0.834765
65.6396,45.0,32.4753,0.231771,-0.49945,0.834765
52.801,5.68573e-11,9.11584,0.231771,-0.49945,0.834765
60.0545,5.68573e-11,7.10192,0.231771,-0.49945,0.834765
65.6396,45.0,32.4753,0.140158,-0.49945,0.85493
60.0545,5.68573e-11,7.10192,0.140158,-0.49945,0.85493
70.2922,45.0,31.7125,0.140158,-0.49945,0.85493
70.2922,45.0,31.7125,0.140159,-0.49945,0.85493
60.0545,5.68573e-11,7.10192,0.140159,-0.49945,0.85493
67.4832,5.68573e-11,5.88405,0.140159,-0.49945,0.85493
70.2922,45.0,31.7125,0.0469028,-0.49945,0.865072
67.4832,5.68573e-11,5.88405,0.0469028,-0.49945,0.865072
75.0,45.0,31.4573,0.0469028,-0.49945,0.865072
75.0,45.0,31.4573,0.0469033,-0.49945,0.865072
67.4832,5.68573e-11,5.88405,0.0469033,-0.49945,0.865072
75.0,5.68573e-11,5.4765,0.0469033,-0.49945,0.865072
75.0,45.0,31.4573,-0.0469028,-0.49945,0.865072
75.0,5.68573e-11,5.4765,-0.0469028,-0.49945,0.865072
79.7078,45.0,31.7125,-0.0469028,-0.49945,0.865072
79.7078,45.0,31.7125,-0.0469033,-0.49945,0.865072
75.0,5.68573e-11,5.4765,-0.0469033,-0.49945,0.865072
82.5168,5.68573e-11,5.88405,-0.0469033,-0.49945,0.865072
