532.629,4061.0,6700.56,0.164591,0.0,-0.986362
532.629,4280.0,6700.56,0.164591,0.0,-0.986362
580.173,4061.0,6708.49,0.164591,0.0,-0.986362
580.173,4061.0,6708.49,0.164591,0.0,-0.986362
532.629,4280.0,6700.56,0.164591,0.0,-0.986362
580.173,4280.0,6708.49,0.164591,0.0,-0.986362
580.173,4061.0,6708.49,0.27211,0.0,-0.962266
580.173,4280.0,6708.49,0.27211,0.0,-0.962266
626.556,4061.0,6721.6,0.27211,0.0,-0.962266
626.556,4061.0,6721.6,0.27211,0.0,-0.962266
580.173,4280.0,6708.49,0.27211,0.0,-0.962266
626.556,4280.0,6721.6,0.27211,0.0,-0.962266
626.556,4061.0,6721.6,0.376307,0.0,-0.926495
626.556,4280.0,6721.6,0.376307,0.0,-0.926495
671.215,4061.0,6739.74,0.376307,0.0,-0.926495
671.215,4061.0,6739.74,0.376307,0.0,-0.926495
626.556,4280.0,6721.6,0.376307,0.0,-0.926495
671.215,4280.0,6739.74,0.376307,0.0,-0.926495
671.215,4061.0,6739.74,0.475946,0.0,-0.879474
671.215,4280.0,6739.74,0.475946,0.0,-0.879474
713.607,4061.0,6762.69,0.475946,0.0,-0.879474
713.607,4061.0,6762.69,0.475946,0.0,-0.879474
671.215,4280.0,6739.74,0.475946,0.0,-0.879474
713.607,4280.0,6762.69,0.475946,0.0,-0.879474
713.607,4061.0,6762.69,0.569808,0.0,-0.821778
713.607,4280.0,6762.69,0.569808,0.0,-0.821778
753.218,4061.0,6790.15,0.569808,0.0,-0.821778
753.218,4061.0,6790.15,0.569808,0.0,-0.821778
713.607,4280.0,6762.69,0.569808,0.0,-0.821778
753.218,4280.0,6790.15,0.569808,0.0,-0.821778
753.218,4061.0,6790.15,0.656754,0.0,-0.754105
753.218,4280.0,6790.15,0.656754,0.0,-0.754105
789.567,4061.0,6821.81,0.656754,0.0,-0.754105
789.567,4061.0,6821.81,0.656754,0.0,-0.754105
753.218,4280.0,6790.15,0.656754,0.0,-0.754105
789.567,4280.0,6821.81,0.656754,0.0,-0.754105
789.567,4061.0,6821.81,0.735721,0.0,-0.677285
789.567,4280.0,6821.81,0.735721,0.0,-0.677285
822.214,4061.0,6857.27,0.735721,0.0,-0.677285
822.214,4061.0,6857.27,0.735721,0.0,-0.677285
789.567,4280.0,6821.81,0.735721,0.0,-0.677285
822.214,4280.0,6857.27,0.735721,0.0,-0.677285
822.214,4061.0,6857.27,0.805765,0.0,-0.592235
822.214,4280.0,6857.27,0.805765,0.0,-0.592235
850.76,4061.0,6896.11,0.805765,0.0,-0.592235
850.76,4061.0,6896.11,0.805765,0.0,-0.592235
822.214,4280.0,6857.27,0.805765,0.0,-0.592235
850.76,4280.0,6896.11,0.805765,0.0,-0.592235
850.76,4061.0,6896.11,0.866028,0.0,-0.499995
850.76,4280.0,6896.11,0.866028,0.0,-0.499995
874.861,4061.0,6937.85,0.866028,0.0,-0.499995
874.861,4061.0,6937.85,0.866028,0.0,-0.499995
850.76,4280.0,6896.11,0.866028,0.0,-0.499995
874.861,4280.0,6937.85,0.866028,0.0,-0.499995
874.861,4061.0,6937.85,0.915772,0.0,-0.401698
874.861,4280.0,6937.85,0.915772,0.0,-0.401698
894.224,4061.0,6982.0,0.915772,0.0,-0.401698
894.224,4061.0,6982.0,0.915772,0.0,-0.401698
874.861,4280.0,6937.85,0.915772,0.0,-0.401698
894.224,4280.0,6982.0,0.915772,0.0,-0.401698
894.224,4061.0,6982.0,0.954405,0.0,-0.298515
894.224,4280.0,6982.0,0.954405,0.0,-0.298515
908.613,4061.0,7028.0,0.954405,0.0,-0.298515
908.613,4061.0,7028.0,0.954405,0.0,-0.298515
894.224,4280.0,6982.0,0.954405,0.0,-0.298515
908.613,4280.0,7028.0,0.954405,0.0,-0.298515
908.613,4061.0,7028.0,0.981451,0.0,-0.191711
908.613,4280.0,7028.0,0.981451,0.0,-0.191711
917.853,4061.0,7075.31,0.981451,0.0,-0.191711
917.853,4061.0,7075.31,0.981451,0.0,-0.191711
908.613,4280.0,7028.0,0.981451,0.0,-0.191711
917.853,4280.0,7075.31,0.981451,0.0,-0.191711
917.853,4061.0,7075.31,0.996584,0.0,-0.0825794
917.853,4280.0,7075.31,0.996584,0.0,-0.0825794
921.834,4061.0,7123.34,0.996584,0.0,-0.0825794
921.834,4061.0,7123.34,0.996584,0.0,-0.0825794
917.853,4280.0,7075.31,0.996584,0.0,-0.0825794
921.834,4280.0,7123.34,0.996584,0.0,-0.0825794
921.834,4061.0,7123.34,0.99962,0.0,0.0275546
921.834,4280.0,7123.34,0.99962,0.0,0.0275546
920.506,4061.0,7171.53,0.99962,0.0,0.0275546
920.506,4061.0,7171.53,0.99962,0.0,0.0275546
921.834,4280.0,7123.34,0.99962,0.0,0.0275546
920.506,4280.0,7171.53,0.99962,0.0,0.0275546
920.506,4061.0,7171.53,0.990522,0.0,0.137353
920.506,4280.0,7171.53,0.990522,0.0,0.137353
913.885,4061.0,7219.27,0.990522,0.0,0.137353
913.885,4061.0,7219.27,0.990522,0.0,0.137353
920.506,4280.0,7171.53,0.990522,0.0,0.137353
913.885,4280.0,7219.27,0.990522,0.0,0.137353
913.885,4061.0,7219.27,0.969401,0.0,0.245484
913.885,4280.0,7219.27,0.969401,0.0,0.245484
902.052,4061.0,7266.0,0.969401,0.0,0.245484
902.052,4061.0,7266.0,0.969401,0.0,0.245484
913.885,4280.0,7219.27,0.969401,0.0,0.245484
902.052,4280.0,7266.0,0.969401,0.0,0.245484
902.052,4061.0,7266.0,0.936511,0.0,0.350637
902.052,4280.0,7266.0,0.936511,0.0,0.350637
885.151,4061.0,7311.14,0.936511,0.0,0.350637
885.151,4061.0,7311.14,0.936511,0.0,0.350637
902.052,4280.0,7266.0,0.936511,0.0,0.350637
885.151,4280.0,7311.14,0.936511,0.0,0.350637
885.151,4061.0,7311.14,0.892252,0.0,0.451537
885.151,4280.0,7311.14,0.892252,0.0,0.451537
863.386,4061.0,7354.15,0.892252,0.0,0.451537
863.386,4061.0,7354.15,0.892252,0.0,0.451537
885.151,4280.0,7311.14,0.892252,0.0,0.451537
863.386,4280.0,7354.15,0.892252,0.0,0.451537
863.386,4061.0,7354.15,0.837166,0.0,0.546948
863.386,4280.0,7354.15,0.837166,0.0,0.546948
837.022,4061.0,7394.5,0.837166,0.0,0.546948
837.022,4061.0,7394.5,0.837166,0.0,0.546948
863.386,4280.0,7354.15,0.837166,0.0,0.546948
837.022,4280.0,7394.5,0.837166,0.0,0.546948
837.022,4061.0,7394.5,0.771919,0.0,0.63572
837.022,4280.0,7394.5,0.771919,0.0,0.63572
806.379,4061.0,7431.71,0.771919,0.0,0.63572
806.379,4061.0,7431.71,0.771919,0.0,0.63572
837.022,4280.0,7394.5,0.771919,0.0,0.63572
806.379,4280.0,7431.71,0.771919,0.0,0.63572
806.379,4061.0,7431.71,0.697295,0.0,0.716784
806.379,4280.0,7431.71,0.697295,0.0,0.716784
771.829,4061.0,7465.32,0.697295,0.0,0.716784
771.829,4061.0,7465.32,0.697295,0.0,0.716784
806.379,4280.0,7431.71,0.697295,0.0,0.716784
771.829,4280.0,7465.32,0.697295,0.0,0.716784
771.829,4061.0,7465.32,0.61421,0.0,0.789142
771.829,4280.0,7465.32,0.61421,0.0,0.789142
733.791,4061.0,7494.93,0.61421,0.0,0.789142
733.791,4061.0,7494.93,0.61421,0.0,0.789142
771.829,4280.0,7465.32,0.61421,0.0,0.789142
733.791,4280.0,7494.93,0.61421,0.0,0.789142
733.791,4061.0,7494.93,0.523676,0.0,0.851917
733.791,4280.0,7494.93,0.523676,0.0,0.851917
692.727,4061.0,7520.17,0.523676,0.0,0.851917
692.727,4061.0,7520.17,0.523676,0.0,0.851917
733.791,4280.0,7494.93,0.523676,0.0,0.851917
692.727,4280.0,7520.17,0.523676,0.0,0.851917
692.727,4061.0,7520.17,0.426775,0.0,0.904358
692.727,4280.0,7520.17,0.426775,0.0,0.904358
649.135,4061.0,7540.74,0.426775,0.0,0.904358
649.135,4061.0,7540.74,0.426775,0.0,0.904358
692.727,4280.0,7520.17,0.426775,0.0,0.904358
649.135,4280.0,7540.74,0.426775,0.0,0.904358
649.135,4061.0,7540.74,0.324695,0.0,0.945819
649.135,4280.0,7540.74,0.324695,0.0,0.945819
603.545,4061.0,7556.39,0.324695,0.0,0.945819
603.545,4061.0,7556.39,0.324695,0.0,0.945819
649.135,4280.0,7540.74,0.324695,0.0,0.945819
603.545,4280.0,7556.39,0.324695,0.0,0.945819
603.545,4061.0,7556.39,0.218685,0.0,0.975796
603.545,4280.0,7556.39,0.218685,0.0,0.975796
556.51,4061.0,7566.93,0.218685,0.0,0.975796
556.51,4061.0,7566.93,0.218685,0.0,0.975796
603.545,4280.0,7556.39,0.218685,0.0,0.975796
556.51,4280.0,7566.93,0.218685,0.0,0.975796
556.51,4061.0,7566.93,0.110001,0.0,0.993931
556.51,4280.0,7566.93,0.110001,0.0,0.993931
508.601,4061.0,7572.24,0.110001,0.0,0.993931
508.601,4061.0,7572.24,0.110001,0.0,0.993931
556.51,4280.0,7566.93,0.110001,0.0,0.993931
508.601,4280.0,7572.24,0.110001,0.0,0.993931
508.601,4061.0,7572.24,0.0,0.0,1.0
508.601,4280.0,7572.24,0.0,0.0,1.0
460.399,4061.0,7572.24,0.0,0.0,1.0
460.399,4061.0,7572.24,0.0,0.0,1.0
508.601,4280.0,7572.24,0.0,0.0,1.0
460.399,4280.0,7572.24,0.0,0.0,1.0
460.399,4061.0,7572.24,-0.110001,0.0,0.993931
460.399,4280.0,7572.24,-0.110001,0.0,0.993931
412.49,4061.0,7566.93,-0.110001,0.0,0.993931
412.49,4061.0,7566.93,-0.110001,0.0,0.993931
460.399,4280.0,7572.24,-0.110001,0.0,0.993931
412.49,4280.0,7566.93,-0.110001,0.0,0.993931
412.49,4061.0,7566.93,-0.218685,0.0,0.975796
412.49,4280.0,7566.93,-0.218685,0.0,0.975796
365.455,4061.0,7556.39,-0.218685,0.0,0.975796
365.455,4061.0,7556.39,-0.218685,0.0,0.975796
412.49,4280.0,7566.93,-0.218685,0.0,0.975796
365.455,4280.0,7556.39,-0.218685,0.0,0.975796
365.455,4061.0,7556.39,-0.324695,0.0,0.945819
365.455,4280.0,7556.39,-0.324695,0.0,0.945819
319.865,4061.0,7540.74,-0.324695,0.0,0.945819
319.865,4061.0,7540.74,-0.324695,0.0,0.945819
365.455,4280.0,7556.39,-0.324695,0.0,0.945819
319.865,4280.0,7540.74,-0.324695,0.0,0.945819
319.865,4061.0,7540.74,-0.426775,0.0,0.904358
319.865,4280.0,7540.74,-0.426775,0.0,0.904358
276.273,4061.0,7520.17,-0.426775,0.0,0.904358
276.273,4061.0,7520.17,-0.426775,0.0,0.904358
319.865,4280.0,7540.74,-0.426775,0.0,0.904358
276.273,4280.0,7520.17,-0.426775,0.0,0.904358
276.273,4061.0,7520.17,-0.523676,0.0,0.851918
276.273,4280.0,7520.17,-0.523676,0.0,0.851918
235.209,4061.0,7494.93,-0.523676,0.0,0.851918
235.209,4061.0,7494.93,-0.523676,0.0,0.851918
276.273,4280.0,7520.17,-0.523676,0.0,0.851918
235.209,4280.0,7494.93,-0.523676,0.0,0.851918
235.209,4061.0,7494.93,-0.61421,0.0,0.789142
235.209,4280.0,7494.93,-0.61421,0.0,0.789142
197.171,4061.0,7465.32,-0.61421,0.0,0.789142
197.171,4061.0,7465.32,-0.61421,0.0,0.789142
235.209,4280.0,7494.93,-0.61421,0.0,0.789142
197.171,4280.0,7465.32,-0.61421,0.0,0.789142
197.171,4061.0,7465.32,-0.697296,0.0,0.716784
197.171,4280.0,7465.32,-0.697296,0.0,0.716784
162.621,4061.0,7431.71,-0.697296,0.0,0.716784
162.621,4061.0,7431.71,-0.697296,0.0,0.716784
197.171,4280.0,7465.32,-0.697296,0.0,0.716784
162.621,4280.0,7431.71,-0.697296,0.0,0.716784
162.621,4061.0,7431.71,-0.771919,0.0,0.635721
162.621,4280.0,7431.71,-0.771919,0.0,0.635721
131.978,4061.0,7394.5,-0.771919,0.0,0.635721
131.978,4061.0,7394.5,-0.771919,0.0,0.635721
162.621,4280.0,7431.71,-0.771919,0.0,0.635721
131.978,4280.0,7394.5,-0.771919,0.0,0.635721
131.978,4061.0,7394.5,-0.837167,0.0,0.546947
131.978,4280.0,7394.5,-0.837167,0.0,0.546947
105.614,4061.0,7354.15,-0.837167,0.0,0.546947
105.614,4061.0,7354.15,-0.837167,0.0,0.546947
131.978,4280.0,7394.5,-0.837167,0.0,0.546947
105.614,4280.0,7354.15,-0.837167,0.0,0.546947
105.614,4061.0,7354.15,-0.892252,0.0,0.451537
105.614,4280.0,7354.15,-0.892252,0.0,0.451537
83.8492,4061.0,7311.14,-0.892252,0.0,0.451537
83.8492,4061.0,7311.14,-0.892252,0.0,0.451537
105.614,4280.0,7354.15,-0.892252,0.0,0.451537
83.8492,4280.0,7311.14,-0.892252,0.0,0.451537
83.8492,4061.0,7311.14,-0.936511,0.0,0.350637
83.8492,4280.0,7311.14,-0.936511,0.0,0.350637
66.9478,4061.0,7266.0,-0.936511,0.0,0.350637
66.9478,4061.0,7266.0,-0.936511,0.0,0.350637
83.8492,4280.0,7311.14,-0.936511,0.0,0.350637
66.9478,4280.0,7266.0,-0.936511,0.0,0.350637
66.9478,4061.0,7266.0,-0.969401,0.0,0.245484
66.9478,4280.0,7266.0,-0.969401,0.0,0.245484
55.115,4061.0,7219.27,-0.969401,0.0,0.245484
55.115,4061.0,7219.27,-0.969401,0.0,0.245484
66.9478,4280.0,7266.0,-0.969401,0.0,0.245484
55.115,4280.0,7219.27,-0.969401,0.0,0.245484
55.115,4061.0,7219.27,-0.990522,0.0,0.137353
55.115,4280.0,7219.27,-0.990522,0.0,0.137353
48.4943,4061.0,7171.53,-0.990522,0.0,0.137353
48.4943,4061.0,7171.53,-0.990522,0.0,0.137353
55.115,4280.0,7219.27,-0.990522,0.0,0.137353
48.4943,4280.0,7171.53,-0.990522,0.0,0.137353
48.4943,4061.0,7171.53,-0.99962,0.0,0.0275543
48.4943,4280.0,7171.53,-0.99962,0.0,0.0275543
47.1661,4061.0,7123.34,-0.99962,0.0,0.0275543
47.1661,4061.0,7123.34,-0.99962,0.0,0.0275543
48.4943,4280.0,7171.53,-0.99962,0.0,0.0275543
47.1661,4280.0,7123.34,-0.99962,0.0,0.0275543
47.1661,4061.0,7123.34,-0.996585,0.0,-0.0825792
47.1661,4280.0,7123.34,-0.996585,0.0,-0.0825792
51.1466,4061.0,7075.31,-0.996585,0.0,-0.0825792
51.1466,4061.0,7075.31,-0.996585,0.0,-0.0825792
47.1661,4280.0,7123.34,-0.996585,0.0,-0.0825792
51.1466,4280.0,7075.31,-0.996585,0.0,-0.0825792
51.1466,4061.0,7075.31,-0.981451,0.0,-0.191711
51.1466,4280.0,7075.31,-0.981451,0.0,-0.191711
60.3874,4061.0,7028.0,-0.981451,0.0,-0.191711
60.3874,4061.0,7028.0,-0.981451,0.0,-0.191711
51.1466,4280.0,7075.31,-0.981451,0.0,-0.191711
60.3874,4280.0,7028.0,-0.981451,0.0,-0.191711
60.3874,4061.0,7028.0,-0.954405,0.0,-0.298516
60.3874,4280.0,7028.0,-0.954405,0.0,-0.298516
74.7763,4061.0,6982.0,-0.954405,0.0,-0.298516
74.7763,4061.0,6982.0,-0.954405,0.0,-0.298516
60.3874,4280.0,7028.0,-0.954405,0.0,-0.298516
74.7763,4280.0,6982.0,-0.954405,0.0,-0.298516
74.7763,4061.0,6982.0,-0.915772,0.0,-0.401698
74.7763,4280.0,6982.0,-0.915772,0.0,-0.401698
94.1388,4061.0,6937.85,-0.915772,0.0,-0.401698
94.1388,4061.0,6937.85,-0.915772,0.0,-0.401698
74.7763,4280.0,6982.0,-0.915772,0.0,-0.401698
94.1388,4280.0,6937.85,-0.915772,0.0,-0.401698
94.1388,4061.0,6937.85,-0.866029,0.0,-0.499994
94.1388,4280.0,6937.85,-0.866029,0.0,-0.499994
118.24,4061.0,6896.11,-0.866029,0.0,-0.499994
118.24,4061.0,6896.11,-0.866029,0.0,-0.499994
94.1388,4280.0,6937.85,-0.866029,0.0,-0.499994
118.24,4280.0,6896.11,-0.866029,0.0,-0.499994
118.24,4061.0,6896.11,-0.805766,0.0,-0.592235
118.24,4280.0,6896.11,-0.805766,0.0,-0.592235
146.786,4061.0,6857.27,-0.805766,0.0,-0.592235
146.786,4061.0,6857.27,-0.805766,0.0,-0.592235
118.24,4280.0,6896.11,-0.805766,0.0,-0.592235
146.786,4280.0,6857.27,-0.805766,0.0,-0.592235
146.786,4061.0,6857.27,-0.735721,0.0,-0.677285
146.786,4280.0,6857.27,-0.735721,0.0,-0.677285
179.433,4061.0,6821.81,-0.735721,0.0,-0.677285
179.433,4061.0,6821.81,-0.735721,0.0,-0.677285
146.786,4280.0,6857.27,-0.735721,0.0,-0.677285
179.433,4280.0,6821.81,-0.735721,0.0,-0.677285
179.433,4061.0,6821.81,-0.656753,0.0,-0.754105
179.433,4280.0,6821.81,-0.656753,0.0,-0.754105
215.782,4061.0,6790.15,-0.656753,0.0,-0.754105
215.782,4061.0,6790.15,-0.656753,0.0,-0.754105
179.433,4280.0,6821.81,-0.656753,0.0,-0.754105
215.782,4280.0,6790.15,-0.656753,0.0,-0.754105
215.782,4061.0,6790.15,-0.569809,0.0,-0.821777
215.782,4280.0,6790.15,-0.569809,0.0,-0.821777
255.393,4061.0,6762.69,-0.569809,0.0,-0.821777
255.393,4061.0,6762.69,-0.569809,0.0,-0.821777
215.782,4280.0,6790.15,-0.569809,0.0,-0.821777
255.393,4280.0,6762.69,-0.569809,0.0,-0.821777
255.393,4061.0,6762.69,-0.475946,0.0,-0.879475
255.393,4280.0,6762.69,-0.475946,0.0,-0.879475
297.785,4061.0,6739.74,-0.475946,0.0,-0.879475
297.785,4061.0,6739.74,-0.475946,0.0,-0.879475
255.393,4280.0,6762.69,-0.475946,0.0,-0.879475
297.785,4280.0,6739.74,-0.475946,0.0,-0.879475
297.785,4061.0,6739.74,-0.376307,0.0,-0.926495
297.785,4280.0,6739.74,-0.376307,0.0,-0.926495
342.444,4061.0,6721.6,-0.376307,0.0,-0.926495
342.444,4061.0,6721.6,-0.376307,0.0,-0.926495
297.785,4280.0,6739.74,-0.376307,0.0,-0.926495
342.444,4280.0,6721.6,-0.376307,0.0,-0.926495
342.444,4061.0,6721.6,-0.27211,0.0,-0.962266
342.444,4280.0,6721.6,-0.27211,0.0,-0.962266
388.827,4061.0,6708.49,-0.27211,0.0,-0.962266
388.827,4061.0,6708.49,-0.27211,0.0,-0.962266
342.444,4280.0,6721.6,-0.27211,0.0,-0.962266
388.827,4280.0,6708.49,-0.27211,0.0,-0.962266
388.827,4061.0,6708.49,-0.164591,0.0,-0.986362
388.827,4280.0,6708.49,-0.164591,0.0,-0.986362
436.371,4061.0,6700.56,-0.164591,0.0,-0.986362
436.371,4061.0,6700.56,-0.164591,0.0,-0.986362
388.827,4280.0,6708.49,-0.164591,0.0,-0.986362
436.371,4280.0,6700.56,-0.164591,0.0,-0.986362
436.371,4061.0,6700.56,-0.0550866,0.0,-0.998482
436.371,4280.0,6700.56,-0.0550866,0.0,-0.998482
484.5,4061.0,6697.9,-0.0550866,0.0,-0.998482
484.5,4061.0,6697.9,-0.0550866,0.0,-0.998482
436.371,4280.0,6700.56,-0.0550866,0.0,-0.998482
484.5,4280.0,6697.9,-0.0550866,0.0,-0.998482
484.5,4061.0,6697.9,0.0550866,0.0,-0.998482
484.5,4280.0,6697.9,0.0550866,0.0,-0.998482
532.629,4061.0,6700.56,0.0550866,0.0,-0.998482
532.629,4061.0,6700.56,0.0550866,0.0,-0.998482
484.5,4280.0,6697.9,0.0550866,0.0,-0.998482
532.629,4280.0,6700.56,0.0550866,0.0,-0.998482
94.1388,4280.0,6937.85,0.0,-1.0,0.0
64.9107,4280.0,6893.15,0.0,-1.0,0.0
118.24,4280.0,6896.11,0.0,-1.0,0.0
118.24,4280.0,6896.11,0.0,-1.0,0.0
64.9107,4280.0,6893.15,0.0,-1.0,0.0
92.5313,4280.0,6850.62,0.0,-1.0,0.0
118.24,4280.0,6896.11,0.0,-1.0,0.0
92.5313,4280.0,6850.62,0.0,-1.0,0.0
146.786,4280.0,6857.27,0.0,-1.0,0.0
146.786,4280.0,6857.27,0.0,-1.0,0.0
92.5313,4280.0,6850.62,0.0,-1.0,0.0
124.446,4280.0,6811.21,0.0,-1.0,0.0
146.786,4280.0,6857.27,0.0,-1.0,0.0
124.446,4280.0,6811.21,0.0,-1.0,0.0
179.433,4280.0,6821.81,0.0,-1.0,0.0
179.433,4280.0,6821.81,0.0,-1.0,0.0
124.446,4280.0,6811.21,0.0,-1.0,0.0
160.306,4280.0,6775.35,0.0,-1.0,0.0
179.433,4280.0,6821.81,0.0,-1.0,0.0
160.306,4280.0,6775.35,0.0,-1.0,0.0
215.782,4280.0,6790.15,0.0,-1.0,0.0
215.782,4280.0,6790.15,0.0,-1.0,0.0
160.306,4280.0,6775.35,0.0,-1.0,0.0
199.718,4280.0,6743.43,0.0,-1.0,0.0
215.782,4280.0,6790.15,0.0,-1.0,0.0
199.718,4280.0,6743.43,0.0,-1.0,0.0
255.393,4280.0,6762.69,0.0,-1.0,0.0
255.393,4280.0,6762.69,0.0,-1.0,0.0
199.718,4280.0,6743.43,0.0,-1.0,0.0
242.25,4280.0,6715.81,0.0,-1.0,0.0
255.393,4280.0,6762.69,0.0,-1.0,0.0
242.25,4280.0,6715.81,0.0,-1.0,0.0
297.785,4280.0,6739.74,0.0,-1.0,0.0
297.785,4280.0,6739.74,0.0,-1.0,0.0
242.25,4280.0,6715.81,0.0,-1.0,0.0
287.436,4280.0,6692.79,0.0,-1.0,0.0
297.785,4280.0,6739.74,0.0,-1.0,0.0
287.436,4280.0,6692.79,0.0,-1.0,0.0
342.444,4280.0,6721.6,0.0,-1.0,0.0
342.444,4280.0,6721.6,0.0,-1.0,0.0
287.436,4280.0,6692.79,0.0,-1.0,0.0
334.781,4280.0,6674.61,0.0,-1.0,0.0
342.444,4280.0,6721.6,0.0,-1.0,0.0
334.781,4280.0,6674.61,0.0,-1.0,0.0
388.827,4280.0,6708.49,0.0,-1.0,0.0
388.827,4280.0,6708.49,0.0,-1.0,0.0
334.781,4280.0,6674.61,0.0,-1.0,0.0
383.767,4280.0,6661.49,0.0,-1.0,0.0
388.827,4280.0,6708.49,0.0,-1.0,0.0
383.767,4280.0,6661.49,0.0,-1.0,0.0
436.371,4280.0,6700.56,0.0,-1.0,0.0
436.371,4280.0,6700.56,0.0,-1.0,0.0
383.767,4280.0,6661.49,0.0,-1.0,0.0
433.856,4280.0,6653.55,0.0,-1.0,0.0
436.371,4280.0,6700.56,0.0,-1.0,0.0
433.856,4280.0,6653.55,0.0,-1.0,0.0
484.5,4280.0,6697.9,0.0,-1.0,0.0
484.5,4280.0,6697.9,0.0,-1.0,0.0
433.856,4280.0,6653.55,0.0,-1.0,0.0
484.5,4280.0,6650.9,0.0,-1.0,0.0
484.5,4280.0,6697.9,0.0,-1.0,0.0
484.5,4280.0,6650.9,0.0,-1.0,0.0
532.629,4280.0,6700.56,0.0,-1.0,0.0
532.629,4280.0,6700.56,0.0,-1.0,0.0
484.5,4280.0,6650.9,0.0,-1.0,0.0
535.144,4280.0,6653.55,0.0,-1.0,0.0
532.629,4280.0,6700.56,0.0,-1.0,0.0
535.144,4280.0,6653.55,0.0,-1.0,0.0
580.173,4280.0,6708.49,0.0,-1.0,0.0
580.173,4280.0,6708.49,0.0,-1.0,0.0
535.144,4280.0,6653.55,0.0,-1.0,0.0
585.233,4280.0,6661.49,0.0,-1.0,0.0
580.173,4280.0,6708.49,0.0,-1.0,0.0
585.233,4280.0,6661.49,0.0,-1.0,0.0
626.556,4280.0,6721.6,0.0,-1.0,0.0
626.556,4280.0,6721.6,0.0,-1.0,0.0
585.233,4280.0,6661.49,0.0,-1.0,0.0
634.219,4280.0,6674.61,0.0,-1.0,0.0
626.556,4280.0,6721.6,0.0,-1.0,0.0
634.219,4280.0,6674.61,0.0,-1.0,0.0
671.215,4280.0,6739.74,0.0,-1.0,0.0
671.215,4280.0,6739.74,0.0,-1.0,0.0
634.219,4280.0,6674.61,0.0,-1.0,0.0
681.564,4280.0,6692.79,0.0,-1.0,0.0
671.215,4280.0,6739.74,0.0,-1.0,0.0
681.564,4280.0,6692.79,0.0,-1.0,0.0
713.607,4280.0,6762.69,0.0,-1.0,0.0
713.607,4280.0,6762.69,0.0,-1.0,0.0
681.564,4280.0,6692.79,0.0,-1.0,0.0
726.75,4280.0,6715.81,0.0,-1.0,0.0
713.607,4280.0,6762.69,0.0,-1.0,0.0
726.75,4280.0,6715.81,0.0,-1.0,0.0
753.218,4280.0,6790.15,0.0,-1.0,0.0
753.218,4280.0,6790.15,0.0,-1.0,0.0
726.75,4280.0,6715.81,0.0,-1.0,0.0
769.282,4280.0,6743.43,0.0,-1.0,0.0
753.218,4280.0,6790.15,0.0,-1.0,0.0
769.282,4280.0,6743.43,0.0,-1.0,0.0
789.567,4280.0,6821.81,0.0,-1.0,0.0
789.567,4280.0,6821.81,0.0,-1.0,0.0
769.282,4280.0,6743.43,0.0,-1.0,0.0
808.694,4280.0,6775.35,0.0,-1.0,0.0
789.567,4280.0,6821.81,0.0,-1.0,0.0
808.694,4280.0,6775.35,0.0,-1.0,0.0
822.214,4280.0,6857.27,0.0,-1.0,0.0
822.214,4280.0,6857.27,0.0,-1.0,0.0
808.694,4280.0,6775.35,0.0,-1.0,0.0
844.554,4280.0,6811.21,0.0,-1.0,0.0
822.214,4280.0,6857.27,0.0,-1.0,0.0
844.554,4280.0,6811.21,0.0,-1.0,0.0
850.76,4280.0,6896.11,0.0,-1.0,0.0
508.601,4280.0,7572.24,0.0,-1.0,0.0
484.5,4280.0,7619.9,0.0,-1.0,0.0
460.399,4280.0,7572.24,0.0,-1.0,0.0
460.399,4280.0,7572.24,0.0,-1.0,0.0
484.5,4280.0,7619.9,0.0,-1.0,0.0
433.856,4280.0,7617.25,0.0,-1.0,0.0
460.399,4280.0,7572.24,0.0,-1.0,0.0
433.856,4280.0,7617.25,0.0,-1.0,0.0
412.49,4280.0,7566.93,0.0,-1.0,0.0
412.49,4280.0,7566.93,0.0,-1.0,0.0
433.856,4280.0,7617.25,0.0,-1.0,0.0
383.767,4280.0,7609.31,0.0,-1.0,0.0
412.49,4280.0,7566.93,0.0,-1.0,0.0
383.767,4280.0,7609.31,0.0,-1.0,0.0
365.455,4280.0,7556.39,0.0,-1.0,0.0
365.455,4280.0,7556.39,0.0,-1.0,0.0
383.767,4280.0,7609.31,0.0,-1.0,0.0
334.781,4280.0,7596.19,0.0,-1.0,0.0
365.455,4280.0,7556.39,0.0,-1.0,0.0
334.781,4280.0,7596.19,0.0,-1.0,0.0
319.865,4280.0,7540.74,0.0,-1.0,0.0
319.865,4280.0,7540.74,0.0,-1.0,0.0
334.781,4280.0,7596.19,0.0,-1.0,0.0
287.436,4280.0,7578.01,0.0,-1.0,0.0
319.865,4280.0,7540.74,0.0,-1.0,0.0
287.436,4280.0,7578.01,0.0,-1.0,0.0
276.273,4280.0,7520.17,0.0,-1.0,0.0
276.273,4280.0,7520.17,0.0,-1.0,0.0
287.436,4280.0,7578.01,0.0,-1.0,0.0
242.25,4280.0,7554.99,0.0,-1.0,0.0
276.273,4280.0,7520.17,0.0,-1.0,0.0
242.25,4280.0,7554.99,0.0,-1.0,0.0
235.209,4280.0,7494.93,0.0,-1.0,0.0
235.209,4280.0,7494.93,0.0,-1.0,0.0
242.25,4280.0,7554.99,0.0,-1.0,0.0
199.718,4280.0,7527.37,0.0,-1.0,0.0
235.209,4280.0,7494.93,0.0,-1.0,0.0
199.718,4280.0,7527.37,0.0,-1.0,0.0
197.171,4280.0,7465.32,0.0,-1.0,0.0
197.171,4280.0,7465.32,0.0,-1.0,0.0
199.718,4280.0,7527.37,0.0,-1.0,0.0
160.306,4280.0,7495.45,0.0,-1.0,0.0
197.171,4280.0,7465.32,0.0,-1.0,0.0
160.306,4280.0,7495.45,0.0,-1.0,0.0
162.621,4280.0,7431.71,0.0,-1.0,0.0
162.621,4280.0,7431.71,0.0,-1.0,0.0
160.306,4280.0,7495.45,0.0,-1.0,0.0
124.446,4280.0,7459.59,0.0,-1.0,0.0
162.621,4280.0,7431.71,0.0,-1.0,0.0
124.446,4280.0,7459.59,0.0,-1.0,0.0
131.978,4280.0,7394.5,0.0,-1.0,0.0
131.978,4280.0,7394.5,0.0,-1.0,0.0
124.446,4280.0,7459.59,0.0,-1.0,0.0
92.5313,4280.0,7420.18,0.0,-1.0,0.0
131.978,4280.0,7394.5,0.0,-1.0,0.0
92.5313,4280.0,7420.18,0.0,-1.0,0.0
105.614,4280.0,7354.15,0.0,-1.0,0.0
105.614,4280.0,7354.15,0.0,-1.0,0.0
92.5313,4280.0,7420.18,0.0,-1.0,0.0
64.9107,4280.0,7377.65,0.0,-1.0,0.0
105.614,4280.0,7354.15,0.0,-1.0,0.0
64.9107,4280.0,7377.65,0.0,-1.0,0.0
83.8492,4280.0,7311.14,0.0,-1.0,0.0
83.8492,4280.0,7311.14,0.0,-1.0,0.0
64.9107,4280.0,7377.65,0.0,-1.0,0.0
41.8872,4280.0,7332.46,0.0,-1.0,0.0
83.8492,4280.0,7311.14,0.0,-1.0,0.0
41.8872,4280.0,7332.46,0.0,-1.0,0.0
66.9478,4280.0,7266.0,0.0,-1.0,0.0
66.9478,4280.0,7266.0,0.0,-1.0,0.0
41.8872,4280.0,7332.46,0.0,-1.0,0.0
23.7131,4280.0,7285.12,0.0,-1.0,0.0
66.9478,4280.0,7266.0,0.0,-1.0,0.0
23.7131,4280.0,7285.12,0.0,-1.0,0.0
55.115,4280.0,7219.27,0.0,-1.0,0.0
55.115,4280.0,7219.27,0.0,-1.0,0.0
23.7131,4280.0,7285.12,0.0,-1.0,0.0
10.5875,4280.0,7236.13,0.0,-1.0,0.0
55.115,4280.0,7219.27,0.0,-1.0,0.0
10.5875,4280.0,7236.13,0.0,-1.0,0.0
48.4943,4280.0,7171.53,0.0,-1.0,0.0
48.4943,4280.0,7171.53,0.0,-1.0,0.0
10.5875,4280.0,7236.13,0.0,-1.0,0.0
2.65414,4280.0,7186.04,0.0,-1.0,0.0
48.4943,4280.0,7171.53,0.0,-1.0,0.0
2.65414,4280.0,7186.04,0.0,-1.0,0.0
47.1661,4280.0,7123.34,0.0,-1.0,0.0
47.1661,4280.0,7123.34,0.0,-1.0,0.0
2.65414,4280.0,7186.04,0.0,-1.0,0.0
0.0,4280.0,7135.4,0.0,-1.0,0.0
47.1661,4280.0,7123.34,0.0,-1.0,0.0
0.0,4280.0,7135.4,0.0,-1.0,0.0
51.1466,4280.0,7075.31,0.0,-1.0,0.0
51.1466,4280.0,7075.31,0.0,-1.0,0.0
0.0,4280.0,7135.4,0.0,-1.0,0.0
2.65414,4280.0,7084.76,0.0,-1.0,0.0
51.1466,4280.0,7075.31,0.0,-1.0,0.0
2.65414,4280.0,7084.76,0.0,-1.0,0.0
60.3874,4280.0,7028.0,0.0,-1.0,0.0
60.3874,4280.0,7028.0,0.0,-1.0,0.0
2.65414,4280.0,7084.76,0.0,-1.0,0.0
10.5875,4280.0,7034.67,0.0,-1.0,0.0
60.3874,4280.0,7028.0,0.0,-1.0,0.0
10.5875,4280.0,7034.67,0.0,-1.0,0.0
74.7763,4280.0,6982.0,0.0,-1.0,0.0
74.7763,4280.0,6982.0,0.0,-1.0,0.0
10.5875,4280.0,7034.67,0.0,-1.0,0.0
23.7131,4280.0,6985.68,0.0,-1.0,0.0
74.7763,4280.0,6982.0,0.0,-1.0,0.0
23.7131,4280.0,6985.68,0.0,-1.0,0.0
94.1388,4280.0,6937.85,0.0,-1.0,0.0
94.1388,4280.0,6937.85,0.0,-1.0,0.0
23.7131,4280.0,6985.68,0.0,-1.0,0.0
41.8872,4280.0,6938.34,0.0,-1.0,0.0
94.1388,4280.0,6937.85,0.0,-1.0,0.0
41.8872,4280.0,6938.34,0.0,-1.0,0.0
64.9107,4280.0,6893.15,0.0,-1.0,0.0
844.554,4280.0,6811.21,0.0,-1.0,0.0
876.469,4280.0,6850.62,0.0,-1.0,0.0
850.76,4280.0,6896.11,0.0,-1.0,0.0
850.76,4280.0,6896.11,0.0,-1.0,0.0
876.469,4280.0,6850.62,0.0,-1.0,0.0
904.089,4280.0,6893.15,0.0,-1.0,0.0
850.76,4280.0,6896.11,0.0,-1.0,0.0
904.089,4280.0,6893.15,0.0,-1.0,0.0
874.861,4280.0,6937.85,0.0,-1.0,0.0
874.861,4280.0,6937.85,0.0,-1.0,0.0
904.089,4280.0,6893.15,0.0,-1.0,0.0
927.113,4280.0,6938.34,0.0,-1.0,0.0
874.861,4280.0,6937.85,0.0,-1.0,0.0
927.113,4280.0,6938.34,0.0,-1.0,0.0
894.224,4280.0,6982.0,0.0,-1.0,0.0
894.224,4280.0,6982.0,0.0,-1.0,0.0
927.113,4280.0,6938.34,0.0,-1.0,0.0
945.287,4280.0,6985.68,0.0,-1.0,0.0
894.224,4280.0,6982.0,0.0,-1.0,0.0
945.287,4280.0,6985.68,0.0,-1.0,0.0
908.613,4280.0,7028.0,0.0,-1.0,0.0
908.613,4280.0,7028.0,0.0,-1.0,0.0
945.287,4280.0,6985.68,0.0,-1.0,0.0
958.413,4280.0,7034.67,0.0,-1.0,0.0
908.613,4280.0,7028.0,0.0,-1.0,0.0
958.413,4280.0,7034.67,0.0,-1.0,0.0
917.853,4280.0,7075.31,0.0,-1.0,0.0
917.853,4280.0,7075.31,0.0,-1.0,0.0
958.413,4280.0,7034.67,0.0,-1.0,0.0
966.346,4280.0,7084.76,0.0,-1.0,0.0
917.853,4280.0,7075.31,0.0,-1.0,0.0
966.346,4280.0,7084.76,0.0,-1.0,0.0
921.834,4280.0,7123.34,0.0,-1.0,0.0
921.834,4280.0,7123.34,0.0,-1.0,0.0
966.346,4280.0,7084.76,0.0,-1.0,0.0
969.0,4280.0,7135.4,0.0,-1.0,0.0
921.834,4280.0,7123.34,0.0,-1.0,0.0
969.0,4280.0,7135.4,0.0,-1.0,0.0
920.506,4280.0,7171.53,0.0,-1.0,0.0
920.506,4280.0,7171.53,0.0,-1.0,0.0
969.0,4280.0,7135.4,0.0,-1.0,0.0
966.346,4280.0,7186.04,0.0,-1.0,0.0
920.506,4280.0,7171.53,0.0,-1.0,0.0
966.346,4280.0,7186.04,0.0,-1.0,0.0
913.885,4280.0,7219.27,0.0,-1.0,0.0
913.885,4280.0,7219.27,0.0,-1.0,0.0
966.346,4280.0,7186.04,0.0,-1.0,0.0
958.413,4280.0,7236.13,0.0,-1.0,0.0
913.885,4280.0,7219.27,0.0,-1.0,0.0
958.413,4280.0,7236.13,0.0,-1.0,0.0
902.052,4280.0,7266.0,0.0,-1.0,0.0
902.052,4280.0,7266.0,0.0,-1.0,0.0
958.413,4280.0,7236.13,0.0,-1.0,0.0
945.287,4280.0,7285.12,0.0,-1.0,0.0
902.052,4280.0,7266.0,0.0,-1.0,0.0
945.287,4280.0,7285.12,0.0,-1.0,0.0
885.151,4280.0,7311.14,0.0,-1.0,0.0
885.151,4280.0,7311.14,0.0,-1.0,0.0
945.287,4280.0,7285.12,0.0,-1.0,0.0
927.113,4280.0,7332.46,0.0,-1.0,0.0
885.151,4280.0,7311.14,0.0,-1.0,0.0
927.113,4280.0,7332.46,0.0,-1.0,0.0
863.386,4280.0,7354.15,0.0,-1.0,0.0
863.386,4280.0,7354.15,0.0,-1.0,0.0
927.113,4280.0,7332.46,0.0,-1.0,0.0
904.089,4280.0,7377.65,0.0,-1.0,0.0
863.386,4280.0,7354.15,0.0,-1.0,0.0
904.089,4280.0,7377.65,0.0,-1.0,0.0
837.022,4280.0,7394.5,0.0,-1.0,0.0
837.022,4280.0,7394.5,0.0,-1.0,0.0
904.089,4280.0,7377.65,0.0,-1.0,0.0
876.469,4280.0,7420.18,0.0,-1.0,0.0
837.022,4280.0,7394.5,0.0,-1.0,0.0
876.469,4280.0,7420.18,0.0,-1.0,0.0
806.379,4280.0,7431.71,0.0,-1.0,0.0
806.379,4280.0,7431.71,0.0,-1.0,0.0
876.469,4280.0,7420.18,0.0,-1.0,0.0
844.554,4280.0,7459.59,0.0,-1.0,0.0
806.379,4280.0,7431.71,0.0,-1.0,0.0
844.554,4280.0,7459.59,0.0,-1.0,0.0
771.829,4280.0,7465.32,0.0,-1.0,0.0
771.829,4280.0,7465.32,0.0,-1.0,0.0
844.554,4280.0,7459.59,0.0,-1.0,0.0
808.694,4280.0,7495.45,0.0,-1.0,0.0
771.829,4280.0,7465.32,0.0,-1.0,0.0
808.694,4280.0,7495.45,0.0,-1.0,0.0
733.791,4280.0,7494.93,0.0,-1.0,0.0
733.791,4280.0,7494.93,0.0,-1.0,0.0
808.694,4280.0,7495.45,0.0,-1.0,0.0
769.282,4280.0,7527.37,0.0,-1.0,0.0
733.791,4280.0,7494.93,0.0,-1.0,0.0
769.282,4280.0,7527.37,0.0,-1.0,0.0
692.727,4280.0,7520.17,0.0,-1.0,0.0
692.727,4280.0,7520.17,0.0,-1.0,0.0
769.282,4280.0,7527.37,0.0,-1.0,0.0
726.75,4280.0,7554.99,0.0,-1.0,0.0
692.727,4280.0,7520.17,0.0,-1.0,0.0
726.75,4280.0,7554.99,0.0,-1.0,0.0
649.135,4280.0,7540.74,0.0,-1.0,0.0
649.135,4280.0,7540.74,0.0,-1.0,0.0
726.75,4280.0,7554.99,0.0,-1.0,0.0
681.564,4280.0,7578.01,0.0,-1.0,0.0
649.135,4280.0,7540.74,0.0,-1.0,0.0
681.564,4280.0,7578.01,0.0,-1.0,0.0
603.545,4280.0,7556.39,0.0,-1.0,0.0
603.545,4280.0,7556.39,0.0,-1.0,0.0
681.564,4280.0,7578.01,0.0,-1.0,0.0
634.219,4280.0,7596.19,0.0,-1.0,0.0
603.545,4280.0,7556.39,0.0,-1.0,0.0
634.219,4280.0,7596.19,0.0,-1.0,0.0
556.51,4280.0,7566.93,0.0,-1.0,0.0
556.51,4280.0,7566.93,0.0,-1.0,0.0
634.219,4280.0,7596.19,0.0,-1.0,0.0
585.233,4280.0,7609.31,0.0,-1.0,0.0
556.51,4280.0,7566.93,0.0,-1.0,0.0
585.233,4280.0,7609.31,0.0,-1.0,0.0
508.601,4280.0,7572.24,0.0,-1.0,0.0
508.601,4280.0,7572.24,0.0,-1.0,0.0
585.233,4280.0,7609.31,0.0,-1.0,0.0
535.144,4280.0,7617.25,0.0,-1.0,0.0
508.601,4280.0,7572.24,0.0,-1.0,0.0
535.144,4280.0,7617.25,0.0,-1.0,0.0
484.5,4280.0,7619.9,0.0,-1.0,0.0
515.362,4061.0,7320.34,0.0,-1.0,0.0
508.601,4061.0,7572.24,0.0,-1.0,0.0
484.5,4061.0,7322.9,0.0,-1.0,0.0
484.5,4061.0,7322.9,0.0,-1.0,0.0
508.601,4061.0,7572.24,0.0,-1.0,0.0
460.399,4061.0,7572.24,0.0,-1.0,0.0
484.5,4061.0,7322.9,0.0,-1.0,0.0
460.399,4061.0,7572.24,0.0,-1.0,0.0
453.638,4061.0,7320.34,0.0,-1.0,0.0
453.638,4061.0,7320.34,0.0,-1.0,0.0
460.399,4061.0,7572.24,0.0,-1.0,0.0
412.49,4061.0,7566.93,0.0,-1.0,0.0
453.638,4061.0,7320.34,0.0,-1.0,0.0
412.49,4061.0,7566.93,0.0,-1.0,0.0
423.619,4061.0,7312.74,0.0,-1.0,0.0
484.5,4061.0,6947.9,0.0,-1.0,0.0
532.629,4061.0,6700.56,0.0,-1.0,0.0
515.362,4061.0,6950.46,0.0,-1.0,0.0
515.362,4061.0,6950.46,0.0,-1.0,0.0
532.629,4061.0,6700.56,0.0,-1.0,0.0
580.173,4061.0,6708.49,0.0,-1.0,0.0
515.362,4061.0,6950.46,0.0,-1.0,0.0
580.173,4061.0,6708.49,0.0,-1.0,0.0
545.381,4061.0,6958.06,0.0,-1.0,0.0
545.381,4061.0,6958.06,0.0,-1.0,0.0
580.173,4061.0,6708.49,0.0,-1.0,0.0
626.556,4061.0,6721.6,0.0,-1.0,0.0
545.381,4061.0,6958.06,0.0,-1.0,0.0
626.556,4061.0,6721.6,0.0,-1.0,0.0
573.74,4061.0,6970.5,0.0,-1.0,0.0
453.638,4061.0,6950.46,0.0,-1.0,0.0
436.371,4061.0,6700.56,0.0,-1.0,0.0
484.5,4061.0,6947.9,0.0,-1.0,0.0
484.5,4061.0,6947.9,0.0,-1.0,0.0
436.371,4061.0,6700.56,0.0,-1.0,0.0
484.5,4061.0,6697.9,0.0,-1.0,0.0
484.5,4061.0,6947.9,0.0,-1.0,0.0
484.5,4061.0,6697.9,0.0,-1.0,0.0
532.629,4061.0,6700.56,0.0,-1.0,0.0
573.74,4061.0,7300.3,0.0,-1.0,0.0
649.135,4061.0,7540.74,0.0,-1.0,0.0
545.381,4061.0,7312.74,0.0,-1.0,0.0
545.381,4061.0,7312.74,0.0,-1.0,0.0
649.135,4061.0,7540.74,0.0,-1.0,0.0
603.545,4061.0,7556.39,0.0,-1.0,0.0
545.381,4061.0,7312.74,0.0,-1.0,0.0
603.545,4061.0,7556.39,0.0,-1.0,0.0
515.362,4061.0,7320.34,0.0,-1.0,0.0
515.362,4061.0,7320.34,0.0,-1.0,0.0
603.545,4061.0,7556.39,0.0,-1.0,0.0
556.51,4061.0,7566.93,0.0,-1.0,0.0
515.362,4061.0,7320.34,0.0,-1.0,0.0
556.51,4061.0,7566.93,0.0,-1.0,0.0
508.601,4061.0,7572.24,0.0,-1.0,0.0
641.469,4061.0,7032.85,0.0,-1.0,0.0
874.861,4061.0,6937.85,0.0,-1.0,0.0
656.208,4061.0,7060.08,0.0,-1.0,0.0
656.208,4061.0,7060.08,0.0,-1.0,0.0
874.861,4061.0,6937.85,0.0,-1.0,0.0
894.224,4061.0,6982.0,0.0,-1.0,0.0
656.208,4061.0,7060.08,0.0,-1.0,0.0
894.224,4061.0,6982.0,0.0,-1.0,0.0
666.263,4061.0,7089.37,0.0,-1.0,0.0
369.335,4061.0,6987.44,0.0,-1.0,0.0
255.393,4061.0,6762.69,0.0,-1.0,0.0
395.26,4061.0,6970.5,0.0,-1.0,0.0
395.26,4061.0,6970.5,0.0,-1.0,0.0
255.393,4061.0,6762.69,0.0,-1.0,0.0
297.785,4061.0,6739.74,0.0,-1.0,0.0
395.26,4061.0,6970.5,0.0,-1.0,0.0
297.785,4061.0,6739.74,0.0,-1.0,0.0
423.619,4061.0,6958.06,0.0,-1.0,0.0
423.619,4061.0,6958.06,0.0,-1.0,0.0
297.785,4061.0,6739.74,0.0,-1.0,0.0
342.444,4061.0,6721.6,0.0,-1.0,0.0
423.619,4061.0,6958.06,0.0,-1.0,0.0
342.444,4061.0,6721.6,0.0,-1.0,0.0
453.638,4061.0,6950.46,0.0,-1.0,0.0
453.638,4061.0,6950.46,0.0,-1.0,0.0
342.444,4061.0,6721.6,0.0,-1.0,0.0
388.827,4061.0,6708.49,0.0,-1.0,0.0
453.638,4061.0,6950.46,0.0,-1.0,0.0
388.827,4061.0,6708.49,0.0,-1.0,0.0
436.371,4061.0,6700.56,0.0,-1.0,0.0
312.792,4061.0,7210.72,0.0,-1.0,0.0
327.531,4061.0,7237.95,0.0,-1.0,0.0
105.614,4061.0,7354.15,0.0,-1.0,0.0
412.49,4061.0,7566.93,0.0,-1.0,0.0
365.455,4061.0,7556.39,0.0,-1.0,0.0
423.619,4061.0,7312.74,0.0,-1.0,0.0
423.619,4061.0,7312.74,0.0,-1.0,0.0
365.455,4061.0,7556.39,0.0,-1.0,0.0
319.865,4061.0,7540.74,0.0,-1.0,0.0
423.619,4061.0,7312.74,0.0,-1.0,0.0
319.865,4061.0,7540.74,0.0,-1.0,0.0
395.26,4061.0,7300.3,0.0,-1.0,0.0
599.665,4061.0,7283.36,0.0,-1.0,0.0
733.791,4061.0,7494.93,0.0,-1.0,0.0
573.74,4061.0,7300.3,0.0,-1.0,0.0
573.74,4061.0,7300.3,0.0,-1.0,0.0
733.791,4061.0,7494.93,0.0,-1.0,0.0
692.727,4061.0,7520.17,0.0,-1.0,0.0
573.74,4061.0,7300.3,0.0,-1.0,0.0
692.727,4061.0,7520.17,0.0,-1.0,0.0
649.135,4061.0,7540.74,0.0,-1.0,0.0
656.208,4061.0,7210.72,0.0,-1.0,0.0
863.386,4061.0,7354.15,0.0,-1.0,0.0
641.469,4061.0,7237.95,0.0,-1.0,0.0
641.469,4061.0,7237.95,0.0,-1.0,0.0
863.386,4061.0,7354.15,0.0,-1.0,0.0
837.022,4061.0,7394.5,0.0,-1.0,0.0
641.469,4061.0,7237.95,0.0,-1.0,0.0
837.022,4061.0,7394.5,0.0,-1.0,0.0
622.448,4061.0,7262.39,0.0,-1.0,0.0
622.448,4061.0,7262.39,0.0,-1.0,0.0
837.022,4061.0,7394.5,0.0,-1.0,0.0
806.379,4061.0,7431.71,0.0,-1.0,0.0
622.448,4061.0,7262.39,0.0,-1.0,0.0
806.379,4061.0,7431.71,0.0,-1.0,0.0
599.665,4061.0,7283.36,0.0,-1.0,0.0
599.665,4061.0,7283.36,0.0,-1.0,0.0
806.379,4061.0,7431.71,0.0,-1.0,0.0
771.829,4061.0,7465.32,0.0,-1.0,0.0
599.665,4061.0,7283.36,0.0,-1.0,0.0
771.829,4061.0,7465.32,0.0,-1.0,0.0
733.791,4061.0,7494.93,0.0,-1.0,0.0
626.556,4061.0,6721.6,0.0,-1.0,0.0
671.215,4061.0,6739.74,0.0,-1.0,0.0
573.74,4061.0,6970.5,0.0,-1.0,0.0
573.74,4061.0,6970.5,0.0,-1.0,0.0
671.215,4061.0,6739.74,0.0,-1.0,0.0
713.607,4061.0,6762.69,0.0,-1.0,0.0
573.74,4061.0,6970.5,0.0,-1.0,0.0
713.607,4061.0,6762.69,0.0,-1.0,0.0
599.665,4061.0,6987.44,0.0,-1.0,0.0
599.665,4061.0,6987.44,0.0,-1.0,0.0
713.607,4061.0,6762.69,0.0,-1.0,0.0
753.218,4061.0,6790.15,0.0,-1.0,0.0
599.665,4061.0,6987.44,0.0,-1.0,0.0
753.218,4061.0,6790.15,0.0,-1.0,0.0
622.448,4061.0,7008.41,0.0,-1.0,0.0
327.531,4061.0,7032.85,0.0,-1.0,0.0
146.786,4061.0,6857.27,0.0,-1.0,0.0
346.552,4061.0,7008.41,0.0,-1.0,0.0
346.552,4061.0,7008.41,0.0,-1.0,0.0
146.786,4061.0,6857.27,0.0,-1.0,0.0
179.433,4061.0,6821.81,0.0,-1.0,0.0
346.552,4061.0,7008.41,0.0,-1.0,0.0
179.433,4061.0,6821.81,0.0,-1.0,0.0
369.335,4061.0,6987.44,0.0,-1.0,0.0
369.335,4061.0,6987.44,0.0,-1.0,0.0
179.433,4061.0,6821.81,0.0,-1.0,0.0
215.782,4061.0,6790.15,0.0,-1.0,0.0
369.335,4061.0,6987.44,0.0,-1.0,0.0
215.782,4061.0,6790.15,0.0,-1.0,0.0
255.393,4061.0,6762.69,0.0,-1.0,0.0
319.865,4061.0,7540.74,0.0,-1.0,0.0
276.273,4061.0,7520.17,0.0,-1.0,0.0
395.26,4061.0,7300.3,0.0,-1.0,0.0
395.26,4061.0,7300.3,0.0,-1.0,0.0
276.273,4061.0,7520.17,0.0,-1.0,0.0
235.209,4061.0,7494.93,0.0,-1.0,0.0
395.26,4061.0,7300.3,0.0,-1.0,0.0
235.209,4061.0,7494.93,0.0,-1.0,0.0
369.335,4061.0,7283.36,0.0,-1.0,0.0
369.335,4061.0,7283.36,0.0,-1.0,0.0
235.209,4061.0,7494.93,0.0,-1.0,0.0
197.171,4061.0,7465.32,0.0,-1.0,0.0
369.335,4061.0,7283.36,0.0,-1.0,0.0
197.171,4061.0,7465.32,0.0,-1.0,0.0
346.552,4061.0,7262.39,0.0,-1.0,0.0
346.552,4061.0,7262.39,0.0,-1.0,0.0
197.171,4061.0,7465.32,0.0,-1.0,0.0
162.621,4061.0,7431.71,0.0,-1.0,0.0
346.552,4061.0,7262.39,0.0,-1.0,0.0
162.621,4061.0,7431.71,0.0,-1.0,0.0
327.531,4061.0,7237.95,0.0,-1.0,0.0
327.531,4061.0,7237.95,0.0,-1.0,0.0
162.621,4061.0,7431.71,0.0,-1.0,0.0
131.978,4061.0,7394.5,0.0,-1.0,0.0
327.531,4061.0,7237.95,0.0,-1.0,0.0
131.978,4061.0,7394.5,0.0,-1.0,0.0
105.614,4061.0,7354.15,0.0,-1.0,0.0
753.218,4061.0,6790.15,0.0,-1.0,0.0
789.567,4061.0,6821.81,0.0,-1.0,0.0
622.448,4061.0,7008.41,0.0,-1.0,0.0
622.448,4061.0,7008.41,0.0,-1.0,0.0
789.567,4061.0,6821.81,0.0,-1.0,0.0
822.214,4061.0,6857.27,0.0,-1.0,0.0
622.448,4061.0,7008.41,0.0,-1.0,0.0
822.214,4061.0,6857.27,0.0,-1.0,0.0
641.469,4061.0,7032.85,0.0,-1.0,0.0
641.469,4061.0,7032.85,0.0,-1.0,0.0
822.214,4061.0,6857.27,0.0,-1.0,0.0
850.76,4061.0,6896.11,0.0,-1.0,0.0
641.469,4061.0,7032.85,0.0,-1.0,0.0
850.76,4061.0,6896.11,0.0,-1.0,0.0
874.861,4061.0,6937.85,0.0,-1.0,0.0
312.792,4061.0,7060.08,0.0,-1.0,0.0
94.1388,4061.0,6937.85,0.0,-1.0,0.0
327.531,4061.0,7032.85,0.0,-1.0,0.0
327.531,4061.0,7032.85,0.0,-1.0,0.0
94.1388,4061.0,6937.85,0.0,-1.0,0.0
118.24,4061.0,6896.11,0.0,-1.0,0.0
327.531,4061.0,7032.85,0.0,-1.0,0.0
118.24,4061.0,6896.11,0.0,-1.0,0.0
146.786,4061.0,6857.27,0.0,-1.0,0.0
297.64,4061.0,7150.88,0.0,-1.0,0.0
47.1661,4061.0,7123.34,0.0,-1.0,0.0
297.64,4061.0,7119.92,0.0,-1.0,0.0
297.64,4061.0,7119.92,0.0,-1.0,0.0
47.1661,4061.0,7123.34,0.0,-1.0,0.0
51.1466,4061.0,7075.31,0.0,-1.0,0.0
297.64,4061.0,7119.92,0.0,-1.0,0.0
51.1466,4061.0,7075.31,0.0,-1.0,0.0
302.737,4061.0,7089.37,0.0,-1.0,0.0
302.737,4061.0,7089.37,0.0,-1.0,0.0
51.1466,4061.0,7075.31,0.0,-1.0,0.0
60.3874,4061.0,7028.0,0.0,-1.0,0.0
302.737,4061.0,7089.37,0.0,-1.0,0.0
60.3874,4061.0,7028.0,0.0,-1.0,0.0
312.792,4061.0,7060.08,0.0,-1.0,0.0
312.792,4061.0,7060.08,0.0,-1.0,0.0
60.3874,4061.0,7028.0,0.0,-1.0,0.0
74.7763,4061.0,6982.0,0.0,-1.0,0.0
312.792,4061.0,7060.08,0.0,-1.0,0.0
74.7763,4061.0,6982.0,0.0,-1.0,0.0
94.1388,4061.0,6937.85,0.0,-1.0,0.0
105.614,4061.0,7354.15,0.0,-1.0,0.0
83.8492,4061.0,7311.14,0.0,-1.0,0.0
312.792,4061.0,7210.72,0.0,-1.0,0.0
312.792,4061.0,7210.72,0.0,-1.0,0.0
83.8492,4061.0,7311.14,0.0,-1.0,0.0
66.9478,4061.0,7266.0,0.0,-1.0,0.0
312.792,4061.0,7210.72,0.0,-1.0,0.0
66.9478,4061.0,7266.0,0.0,-1.0,0.0
302.737,4061.0,7181.43,0.0,-1.0,0.0
302.737,4061.0,7181.43,0.0,-1.0,0.0
66.9478,4061.0,7266.0,0.0,-1.0,0.0
55.115,4061.0,7219.27,0.0,-1.0,0.0
302.737,4061.0,7181.43,0.0,-1.0,0.0
55.115,4061.0,7219.27,0.0,-1.0,0.0
297.64,4061.0,7150.88,0.0,-1.0,0.0
297.64,4061.0,7150.88,0.0,-1.0,0.0
55.115,4061.0,7219.27,0.0,-1.0,0.0
48.4943,4061.0,7171.53,0.0,-1.0,0.0
297.64,4061.0,7150.88,0.0,-1.0,0.0
48.4943,4061.0,7171.53,0.0,-1.0,0.0
47.1661,4061.0,7123.34,0.0,-1.0,0.0
666.263,4061.0,7181.43,0.0,-1.0,0.0
902.052,4061.0,7266.0,0.0,-1.0,0.0
656.208,4061.0,7210.72,0.0,-1.0,0.0
656.208,4061.0,7210.72,0.0,-1.0,0.0
902.052,4061.0,7266.0,0.0,-1.0,0.0
885.151,4061.0,7311.14,0.0,-1.0,0.0
656.208,4061.0,7210.72,0.0,-1.0,0.0
885.151,4061.0,7311.14,0.0,-1.0,0.0
863.386,4061.0,7354.15,0.0,-1.0,0.0
894.224,4061.0,6982.0,0.0,-1.0,0.0
908.613,4061.0,7028.0,0.0,-1.0,0.0
666.263,4061.0,7089.37,0.0,-1.0,0.0
666.263,4061.0,7089.37,0.0,-1.0,0.0
908.613,4061.0,7028.0,0.0,-1.0,0.0
917.853,4061.0,7075.31,0.0,-1.0,0.0
666.263,4061.0,7089.37,0.0,-1.0,0.0
917.853,4061.0,7075.31,0.0,-1.0,0.0
671.36,4061.0,7119.92,0.0,-1.0,0.0
671.36,4061.0,7119.92,0.0,-1.0,0.0
917.853,4061.0,7075.31,0.0,-1.0,0.0
921.834,4061.0,7123.34,0.0,-1.0,0.0
671.36,4061.0,7119.92,0.0,-1.0,0.0
921.834,4061.0,7123.34,0.0,-1.0,0.0
671.36,4061.0,7150.88,0.0,-1.0,0.0
671.36,4061.0,7150.88,0.0,-1.0,0.0
921.834,4061.0,7123.34,0.0,-1.0,0.0
920.506,4061.0,7171.53,0.0,-1.0,0.0
671.36,4061.0,7150.88,0.0,-1.0,0.0
920.506,4061.0,7171.53,0.0,-1.0,0.0
666.263,4061.0,7181.43,0.0,-1.0,0.0
666.263,4061.0,7181.43,0.0,-1.0,0.0
920.506,4061.0,7171.53,0.0,-1.0,0.0
913.885,4061.0,7219.27,0.0,-1.0,0.0
666.263,4061.0,7181.43,0.0,-1.0,0.0
913.885,4061.0,7219.27,0.0,-1.0,0.0
902.052,4061.0,7266.0,0.0,-1.0,0.0
535.144,4280.0,6653.55,0.156439,0.0,-0.987688
535.144,4342.0,6653.55,0.156439,0.0,-0.987688
585.233,4280.0,6661.49,0.156439,0.0,-0.987688
585.233,4280.0,6661.49,0.156439,0.0,-0.987688
535.144,4342.0,6653.55,0.156439,0.0,-0.987688
585.233,4342.0,6661.49,0.156439,0.0,-0.987688
585.233,4280.0,6661.49,0.258808,0.0,-0.965929
585.233,4342.0,6661.49,0.258808,0.0,-0.965929
634.219,4280.0,6674.61,0.258808,0.0,-0.965929
634.219,4280.0,6674.61,0.258808,0.0,-0.965929
585.233,4342.0,6661.49,0.258808,0.0,-0.965929
634.219,4342.0,6674.61,0.258808,0.0,-0.965929
634.219,4280.0,6674.61,0.358371,0.0,-0.933579
634.219,4342.0,6674.61,0.358371,0.0,-0.933579
681.564,4280.0,6692.79,0.358371,0.0,-0.933579
681.564,4280.0,6692.79,0.358371,0.0,-0.933579
634.219,4342.0,6674.61,0.358371,0.0,-0.933579
681.564,4342.0,6692.79,0.358371,0.0,-0.933579
681.564,4280.0,6692.79,0.45399,0.0,-0.891007
681.564,4342.0,6692.79,0.45399,0.0,-0.891007
726.75,4280.0,6715.81,0.45399,0.0,-0.891007
726.75,4280.0,6715.81,0.45399,0.0,-0.891007
681.564,4342.0,6692.79,0.45399,0.0,-0.891007
726.75,4342.0,6715.81,0.45399,0.0,-0.891007
726.75,4280.0,6715.81,0.544639,0.0,-0.83867
726.75,4342.0,6715.81,0.544639,0.0,-0.83867
769.282,4280.0,6743.43,0.544639,0.0,-0.83867
769.282,4280.0,6743.43,0.544639,0.0,-0.83867
726.75,4342.0,6715.81,0.544639,0.0,-0.83867
769.282,4342.0,6743.43,0.544639,0.0,-0.83867
769.282,4280.0,6743.43,0.62932,0.0,-0.777146
769.282,4342.0,6743.43,0.62932,0.0,-0.777146
808.694,4280.0,6775.35,0.62932,0.0,-0.777146
808.694,4280.0,6775.35,0.62932,0.0,-0.777146
769.282,4342.0,6743.43,0.62932,0.0,-0.777146
808.694,4342.0,6775.35,0.62932,0.0,-0.777146
808.694,4280.0,6775.35,0.707112,0.0,-0.707102
808.694,4342.0,6775.35,0.707112,0.0,-0.707102
844.554,4280.0,6811.21,0.707112,0.0,-0.707102
844.554,4280.0,6811.21,0.707112,0.0,-0.707102
808.694,4342.0,6775.35,0.707112,0.0,-0.707102
844.554,4342.0,6811.21,0.707112,0.0,-0.707102
844.554,4280.0,6811.21,0.777141,0.0,-0.629327
844.554,4342.0,6811.21,0.777141,0.0,-0.629327
876.469,4280.0,6850.62,0.777141,0.0,-0.629327
876.469,4280.0,6850.62,0.777141,0.0,-0.629327
844.554,4342.0,6811.21,0.777141,0.0,-0.629327
876.469,4342.0,6850.62,0.777141,0.0,-0.629327
876.469,4280.0,6850.62,0.838671,0.0,-0.544638
876.469,4342.0,6850.62,0.838671,0.0,-0.544638
904.089,4280.0,6893.15,0.838671,0.0,-0.544638
904.089,4280.0,6893.15,0.838671,0.0,-0.544638
876.469,4342.0,6850.62,0.838671,0.0,-0.544638
904.089,4342.0,6893.15,0.838671,0.0,-0.544638
904.089,4280.0,6893.15,0.891007,0.0,-0.45399
904.089,4342.0,6893.15,0.891007,0.0,-0.45399
927.113,4280.0,6938.34,0.891007,0.0,-0.45399
927.113,4280.0,6938.34,0.891007,0.0,-0.45399
904.089,4342.0,6893.15,0.891007,0.0,-0.45399
927.113,4342.0,6938.34,0.891007,0.0,-0.45399
927.113,4280.0,6938.34,0.93358,0.0,-0.358368
927.113,4342.0,6938.34,0.93358,0.0,-0.358368
945.287,4280.0,6985.68,0.93358,0.0,-0.358368
945.287,4280.0,6985.68,0.93358,0.0,-0.358368
927.113,4342.0,6938.34,0.93358,0.0,-0.358368
945.287,4342.0,6985.68,0.93358,0.0,-0.358368
945.287,4280.0,6985.68,0.965926,0.0,-0.258818
945.287,4342.0,6985.68,0.965926,0.0,-0.258818
958.413,4280.0,7034.67,0.965926,0.0,-0.258818
958.413,4280.0,7034.67,0.965926,0.0,-0.258818
945.287,4342.0,6985.68,0.965926,0.0,-0.258818
958.413,4342.0,7034.67,0.965926,0.0,-0.258818
958.413,4280.0,7034.67,0.987688,0.0,-0.156434
958.413,4342.0,7034.67,0.987688,0.0,-0.156434
966.346,4280.0,7084.76,0.987688,0.0,-0.156434
966.346,4280.0,7084.76,0.987688,0.0,-0.156434
958.413,4342.0,7034.67,0.987688,0.0,-0.156434
966.346,4342.0,7084.76,0.987688,0.0,-0.156434
966.346,4280.0,7084.76,0.99863,0.0,-0.0523366
966.346,4342.0,7084.76,0.99863,0.0,-0.0523366
969.0,4280.0,7135.4,0.99863,0.0,-0.0523366
969.0,4280.0,7135.4,0.99863,0.0,-0.0523366
966.346,4342.0,7084.76,0.99863,0.0,-0.0523366
969.0,4342.0,7135.4,0.99863,0.0,-0.0523366
969.0,4280.0,7135.4,0.99863,0.0,0.0523361
969.0,4342.0,7135.4,0.99863,0.0,0.0523361
966.346,4280.0,7186.04,0.99863,0.0,0.0523361
966.346,4280.0,7186.04,0.99863,0.0,0.0523361
969.0,4342.0,7135.4,0.99863,0.0,0.0523361
966.346,4342.0,7186.04,0.99863,0.0,0.0523361
966.346,4280.0,7186.04,0.987688,0.0,0.156434
966.346,4342.0,7186.04,0.987688,0.0,0.156434
958.413,4280.0,7236.13,0.987688,0.0,0.156434
958.413,4280.0,7236.13,0.987688,0.0,0.156434
966.346,4342.0,7186.04,0.987688,0.0,0.156434
958.413,4342.0,7236.13,0.987688,0.0,0.156434
958.413,4280.0,7236.13,0.965925,0.0,0.258821
958.413,4342.0,7236.13,0.965925,0.0,0.258821
945.287,4280.0,7285.12,0.965925,0.0,0.258821
945.287,4280.0,7285.12,0.965925,0.0,0.258821
958.413,4342.0,7236.13,0.965925,0.0,0.258821
945.287,4342.0,7285.12,0.965925,0.0,0.258821
945.287,4280.0,7285.12,0.93358,0.0,0.358368
945.287,4342.0,7285.12,0.93358,0.0,0.358368
927.113,4280.0,7332.46,0.93358,0.0,0.358368
927.113,4280.0,7332.46,0.93358,0.0,0.358368
945.287,4342.0,7285.12,0.93358,0.0,0.358368
927.113,4342.0,7332.46,0.93358,0.0,0.358368
927.113,4280.0,7332.46,0.891007,0.0,0.45399
927.113,4342.0,7332.46,0.891007,0.0,0.45399
904.089,4280.0,7377.65,0.891007,0.0,0.45399
904.089,4280.0,7377.65,0.891007,0.0,0.45399
927.113,4342.0,7332.46,0.891007,0.0,0.45399
904.089,4342.0,7377.65,0.891007,0.0,0.45399
904.089,4280.0,7377.65,0.838668,0.0,0.544642
904.089,4342.0,7377.65,0.838668,0.0,0.544642
876.469,4280.0,7420.18,0.838668,0.0,0.544642
876.469,4280.0,7420.18,0.838668,0.0,0.544642
904.089,4342.0,7377.65,0.838668,0.0,0.544642
876.469,4342.0,7420.18,0.838668,0.0,0.544642
876.469,4280.0,7420.18,0.777148,0.0,0.629317
876.469,4342.0,7420.18,0.777148,0.0,0.629317
844.554,4280.0,7459.59,0.777148,0.0,0.629317
844.554,4280.0,7459.59,0.777148,0.0,0.629317
876.469,4342.0,7420.18,0.777148,0.0,0.629317
844.554,4342.0,7459.59,0.777148,0.0,0.629317
844.554,4280.0,7459.59,0.707107,0.0,0.707107
844.554,4342.0,7459.59,0.707107,0.0,0.707107
808.694,4280.0,7495.45,0.707107,0.0,0.707107
808.694,4280.0,7495.45,0.707107,0.0,0.707107
844.554,4342.0,7459.59,0.707107,0.0,0.707107
808.694,4342.0,7495.45,0.707107,0.0,0.707107
808.694,4280.0,7495.45,0.62932,0.0,0.777146
808.694,4342.0,7495.45,0.62932,0.0,0.777146
769.282,4280.0,7527.37,0.62932,0.0,0.777146
769.282,4280.0,7527.37,0.62932,0.0,0.777146
808.694,4342.0,7495.45,0.62932,0.0,0.777146
769.282,4342.0,7527.37,0.62932,0.0,0.777146
769.282,4280.0,7527.37,0.544639,0.0,0.83867
769.282,4342.0,7527.37,0.544639,0.0,0.83867
726.75,4280.0,7554.99,0.544639,0.0,0.83867
726.75,4280.0,7554.99,0.544639,0.0,0.83867
769.282,4342.0,7527.37,0.544639,0.0,0.83867
726.75,4342.0,7554.99,0.544639,0.0,0.83867
726.75,4280.0,7554.99,0.453998,0.0,0.891003
726.75,4342.0,7554.99,0.453998,0.0,0.891003
681.564,4280.0,7578.01,0.453998,0.0,0.891003
681.564,4280.0,7578.01,0.453998,0.0,0.891003
726.75,4342.0,7554.99,0.453998,0.0,0.891003
681.564,4342.0,7578.01,0.453998,0.0,0.891003
681.564,4280.0,7578.01,0.358363,0.0,0.933582
681.564,4342.0,7578.01,0.358363,0.0,0.933582
634.219,4280.0,7596.19,0.358363,0.0,0.933582
634.219,4280.0,7596.19,0.358363,0.0,0.933582
681.564,4342.0,7578.01,0.358363,0.0,0.933582
634.219,4342.0,7596.19,0.358363,0.0,0.933582
634.219,4280.0,7596.19,0.258817,0.0,0.965926
634.219,4342.0,7596.19,0.258817,0.0,0.965926
585.233,4280.0,7609.31,0.258817,0.0,0.965926
585.233,4280.0,7609.31,0.258817,0.0,0.965926
634.219,4342.0,7596.19,0.258817,0.0,0.965926
585.233,4342.0,7609.31,0.258817,0.0,0.965926
585.233,4280.0,7609.31,0.15643,0.0,0.987689
585.233,4342.0,7609.31,0.15643,0.0,0.987689
535.144,4280.0,7617.25,0.15643,0.0,0.987689
535.144,4280.0,7617.25,0.15643,0.0,0.987689
585.233,4342.0,7609.31,0.15643,0.0,0.987689
535.144,4342.0,7617.25,0.15643,0.0,0.987689
535.144,4280.0,7617.25,0.0523486,0.0,0.998629
535.144,4342.0,7617.25,0.0523486,0.0,0.998629
484.5,4280.0,7619.9,0.0523486,0.0,0.998629
484.5,4280.0,7619.9,0.0523486,0.0,0.998629
535.144,4342.0,7617.25,0.0523486,0.0,0.998629
484.5,4342.0,7619.9,0.0523486,0.0,0.998629
484.5,4280.0,7619.9,-0.0523486,0.0,0.998629
484.5,4342.0,7619.9,-0.0523486,0.0,0.998629
433.856,4280.0,7617.25,-0.0523486,0.0,0.998629
433.856,4280.0,7617.25,-0.0523486,0.0,0.998629
484.5,4342.0,7619.9,-0.0523486,0.0,0.998629
433.856,4342.0,7617.25,-0.0523486,0.0,0.998629
433.856,4280.0,7617.25,-0.15643,0.0,0.987689
433.856,4342.0,7617.25,-0.15643,0.0,0.987689
383.767,4280.0,7609.31,-0.15643,0.0,0.987689
383.767,4280.0,7609.31,-0.15643,0.0,0.987689
433.856,4342.0,7617.25,-0.15643,0.0,0.987689
383.767,4342.0,7609.31,-0.15643,0.0,0.987689
383.767,4280.0,7609.31,-0.258816,0.0,0.965927
383.767,4342.0,7609.31,-0.258816,0.0,0.965927
334.781,4280.0,7596.19,-0.258816,0.0,0.965927
334.781,4280.0,7596.19,-0.258816,0.0,0.965927
383.767,4342.0,7609.31,-0.258816,0.0,0.965927
334.781,4342.0,7596.19,-0.258816,0.0,0.965927
334.781,4280.0,7596.19,-0.358363,0.0,0.933582
334.781,4342.0,7596.19,-0.358363,0.0,0.933582
287.436,4280.0,7578.01,-0.358363,0.0,0.933582
287.436,4280.0,7578.01,-0.358363,0.0,0.933582
334.781,4342.0,7596.19,-0.358363,0.0,0.933582
287.436,4342.0,7578.01,-0.358363,0.0,0.933582
287.436,4280.0,7578.01,-0.453998,0.0,0.891003
287.436,4342.0,7578.01,-0.453998,0.0,0.891003
242.25,4280.0,7554.99,-0.453998,0.0,0.891003
242.25,4280.0,7554.99,-0.453998,0.0,0.891003
287.436,4342.0,7578.01,-0.453998,0.0,0.891003
242.25,4342.0,7554.99,-0.453998,0.0,0.891003
242.25,4280.0,7554.99,-0.544639,0.0,0.83867
242.25,4342.0,7554.99,-0.544639,0.0,0.83867
199.718,4280.0,7527.37,-0.544639,0.0,0.83867
199.718,4280.0,7527.37,-0.544639,0.0,0.83867
242.25,4342.0,7554.99,-0.544639,0.0,0.83867
199.718,4342.0,7527.37,-0.544639,0.0,0.83867
199.718,4280.0,7527.37,-0.62932,0.0,0.777146
199.718,4342.0,7527.37,-0.62932,0.0,0.777146
160.306,4280.0,7495.45,-0.62932,0.0,0.777146
160.306,4280.0,7495.45,-0.62932,0.0,0.777146
199.718,4342.0,7527.37,-0.62932,0.0,0.777146
160.306,4342.0,7495.45,-0.62932,0.0,0.777146
160.306,4280.0,7495.45,-0.707107,0.0,0.707107
160.306,4342.0,7495.45,-0.707107,0.0,0.707107
124.446,4280.0,7459.59,-0.707107,0.0,0.707107
124.446,4280.0,7459.59,-0.707107,0.0,0.707107
160.306,4342.0,7495.45,-0.707107,0.0,0.707107
124.446,4342.0,7459.59,-0.707107,0.0,0.707107
124.446,4280.0,7459.59,-0.777148,0.0,0.629318
124.446,4342.0,7459.59,-0.777148,0.0,0.629318
92.5313,4280.0,7420.18,-0.777148,0.0,0.629318
92.5313,4280.0,7420.18,-0.777148,0.0,0.629318
124.446,4342.0,7459.59,-0.777148,0.0,0.629318
92.5313,4342.0,7420.18,-0.777148,0.0,0.629318
92.5313,4280.0,7420.18,-0.838669,0.0,0.544641
92.5313,4342.0,7420.18,-0.838669,0.0,0.544641
64.9107,4280.0,7377.65,-0.838669,0.0,0.544641
64.9107,4280.0,7377.65,-0.838669,0.0,0.544641
92.5313,4342.0,7420.18,-0.838669,0.0,0.544641
64.9107,4342.0,7377.65,-0.838669,0.0,0.544641
64.9107,4280.0,7377.65,-0.891006,0.0,0.453991
64.9107,4342.0,7377.65,-0.891006,0.0,0.453991
41.8872,4280.0,7332.46,-0.891006,0.0,0.453991
41.8872,4280.0,7332.46,-0.891006,0.0,0.453991
64.9107,4342.0,7377.65,-0.891006,0.0,0.453991
41.8872,4342.0,7332.46,-0.891006,0.0,0.453991
41.8872,4280.0,7332.46,-0.933581,0.0,0.358368
41.8872,4342.0,7332.46,-0.933581,0.0,0.358368
23.7131,4280.0,7285.12,-0.933581,0.0,0.358368
23.7131,4280.0,7285.12,-0.933581,0.0,0.358368
41.8872,4342.0,7332.46,-0.933581,0.0,0.358368
23.7131,4342.0,7285.12,-0.933581,0.0,0.358368
23.7131,4280.0,7285.12,-0.965926,0.0,0.25882
23.7131,4342.0,7285.12,-0.965926,0.0,0.25882
10.5875,4280.0,7236.13,-0.965926,0.0,0.25882
10.5875,4280.0,7236.13,-0.965926,0.0,0.25882
23.7131,4342.0,7285.12,-0.965926,0.0,0.25882
10.5875,4342.0,7236.13,-0.965926,0.0,0.25882
10.5875,4280.0,7236.13,-0.987688,0.0,0.156435
10.5875,4342.0,7236.13,-0.987688,0.0,0.156435
2.65414,4280.0,7186.04,-0.987688,0.0,0.156435
2.65414,4280.0,7186.04,-0.987688,0.0,0.156435
10.5875,4342.0,7236.13,-0.987688,0.0,0.156435
2.65414,4342.0,7186.04,-0.987688,0.0,0.156435
2.65414,4280.0,7186.04,-0.99863,0.0,0.0523353
2.65414,4342.0,7186.04,-0.99863,0.0,0.0523353
0.0,4280.0,7135.4,-0.99863,0.0,0.0523353
0.0,4280.0,7135.4,-0.99863,0.0,0.0523353
2.65414,4342.0,7186.04,-0.99863,0.0,0.0523353
0.0,4342.0,7135.4,-0.99863,0.0,0.0523353
0.0,4280.0,7135.4,-0.99863,0.0,-0.0523358
0.0,4342.0,7135.4,-0.99863,0.0,-0.0523358
2.65414,4280.0,7084.76,-0.99863,0.0,-0.0523358
2.65414,4280.0,7084.76,-0.99863,0.0,-0.0523358
0.0,4342.0,7135.4,-0.99863,0.0,-0.0523358
2.65414,4342.0,7084.76,-0.99863,0.0,-0.0523358
2.65414,4280.0,7084.76,-0.987688,0.0,-0.156435
2.65414,4342.0,7084.76,-0.987688,0.0,-0.156435
10.5875,4280.0,7034.67,-0.987688,0.0,-0.156435
10.5875,4280.0,7034.67,-0.987688,0.0,-0.156435
2.65414,4342.0,7084.76,-0.987688,0.0,-0.156435
10.5875,4342.0,7034.67,-0.987688,0.0,-0.156435
10.5875,4280.0,7034.67,-0.965926,0.0,-0.258817
10.5875,4342.0,7034.67,-0.965926,0.0,-0.258817
23.7131,4280.0,6985.68,-0.965926,0.0,-0.258817
23.7131,4280.0,6985.68,-0.965926,0.0,-0.258817
10.5875,4342.0,7034.67,-0.965926,0.0,-0.258817
23.7131,4342.0,6985.68,-0.965926,0.0,-0.258817
23.7131,4280.0,6985.68,-0.933581,0.0,-0.358368
23.7131,4342.0,6985.68,-0.933581,0.0,-0.358368
41.8872,4280.0,6938.34,-0.933581,0.0,-0.358368
41.8872,4280.0,6938.34,-0.933581,0.0,-0.358368
23.7131,4342.0,6985.68,-0.933581,0.0,-0.358368
41.8872,4342.0,6938.34,-0.933581,0.0,-0.358368
41.8872,4280.0,6938.34,-0.891006,0.0,-0.453991
41.8872,4342.0,6938.34,-0.891006,0.0,-0.453991
64.9107,4280.0,6893.15,-0.891006,0.0,-0.453991
64.9107,4280.0,6893.15,-0.891006,0.0,-0.453991
41.8872,4342.0,6938.34,-0.891006,0.0,-0.453991
64.9107,4342.0,6893.15,-0.891006,0.0,-0.453991
64.9107,4280.0,6893.15,-0.838672,0.0,-0.544637
64.9107,4342.0,6893.15,-0.838672,0.0,-0.544637
92.5313,4280.0,6850.62,-0.838672,0.0,-0.544637
92.5313,4280.0,6850.62,-0.838672,0.0,-0.544637
64.9107,4342.0,6893.15,-0.838672,0.0,-0.544637
92.5313,4342.0,6850.62,-0.838672,0.0,-0.544637
92.5313,4280.0,6850.62,-0.777141,0.0,-0.629327
92.5313,4342.0,6850.62,-0.777141,0.0,-0.629327
124.446,4280.0,6811.21,-0.777141,0.0,-0.629327
124.446,4280.0,6811.21,-0.777141,0.0,-0.629327
92.5313,4342.0,6850.62,-0.777141,0.0,-0.629327
124.446,4342.0,6811.21,-0.777141,0.0,-0.629327
124.446,4280.0,6811.21,-0.707111,0.0,-0.707102
124.446,4342.0,6811.21,-0.707111,0.0,-0.707102
160.306,4280.0,6775.35,-0.707111,0.0,-0.707102
160.306,4280.0,6775.35,-0.707111,0.0,-0.707102
124.446,4342.0,6811.21,-0.707111,0.0,-0.707102
160.306,4342.0,6775.35,-0.707111,0.0,-0.707102
160.306,4280.0,6775.35,-0.62932,0.0,-0.777146
160.306,4342.0,6775.35,-0.62932,0.0,-0.777146
199.718,4280.0,6743.43,-0.62932,0.0,-0.777146
199.718,4280.0,6743.43,-0.62932,0.0,-0.777146
160.306,4342.0,6775.35,-0.62932,0.0,-0.777146
199.718,4342.0,6743.43,-0.62932,0.0,-0.777146
199.718,4280.0,6743.43,-0.544639,0.0,-0.83867
199.718,4342.0,6743.43,-0.544639,0.0,-0.83867
242.25,4280.0,6715.81,-0.544639,0.0,-0.83867
242.25,4280.0,6715.81,-0.544639,0.0,-0.83867
199.718,4342.0,6743.43,-0.544639,0.0,-0.83867
242.25,4342.0,6715.81,-0.544639,0.0,-0.83867
242.25,4280.0,6715.81,-0.45399,0.0,-0.891007
242.25,4342.0,6715.81,-0.45399,0.0,-0.891007
287.436,4280.0,6692.79,-0.45399,0.0,-0.891007
287.436,4280.0,6692.79,-0.45399,0.0,-0.891007
242.25,4342.0,6715.81,-0.45399,0.0,-0.891007
287.436,4342.0,6692.79,-0.45399,0.0,-0.891007
287.436,4280.0,6692.79,-0.358371,0.0,-0.933579
287.436,4342.0,6692.79,-0.358371,0.0,-0.933579
334.781,4280.0,6674.61,-0.358371,0.0,-0.933579
334.781,4280.0,6674.61,-0.358371,0.0,-0.933579
287.436,4342.0,6692.79,-0.358371,0.0,-0.933579
334.781,4342.0,6674.61,-0.358371,0.0,-0.933579
334.781,4280.0,6674.61,-0.258807,0.0,-0.965929
334.781,4342.0,6674.61,-0.258807,0.0,-0.965929
383.767,4280.0,6661.49,-0.258807,0.0,-0.965929
383.767,4280.0,6661.49,-0.258807,0.0,-0.965929
334.781,4342.0,6674.61,-0.258807,0.0,-0.965929
383.767,4342.0,6661.49,-0.258807,0.0,-0.965929
383.767,4280.0,6661.49,-0.156439,0.0,-0.987688
383.767,4342.0,6661.49,-0.156439,0.0,-0.987688
433.856,4280.0,6653.55,-0.156439,0.0,-0.987688
433.856,4280.0,6653.55,-0.156439,0.0,-0.987688
383.767,4342.0,6661.49,-0.156439,0.0,-0.987688
433.856,4342.0,6653.55,-0.156439,0.0,-0.987688
433.856,4280.0,6653.55,-0.052339,0.0,-0.998629
433.856,4342.0,6653.55,-0.052339,0.0,-0.998629
484.5,4280.0,6650.9,-0.052339,0.0,-0.998629
484.5,4280.0,6650.9,-0.052339,0.0,-0.998629
433.856,4342.0,6653.55,-0.052339,0.0,-0.998629
484.5,4342.0,6650.9,-0.052339,0.0,-0.998629
484.5,4280.0,6650.9,0.052339,0.0,-0.998629
484.5,4342.0,6650.9,0.052339,0.0,-0.998629
535.144,4280.0,6653.55,0.052339,0.0,-0.998629
535.144,4280.0,6653.55,0.052339,0.0,-0.998629
484.5,4342.0,6650.9,0.052339,0.0,-0.998629
535.144,4342.0,6653.55,0.052339,0.0,-0.998629
515.362,4061.0,7320.34,-0.245487,0.0,-0.9694
515.362,4342.0,7320.34,-0.245487,0.0,-0.9694
545.381,4061.0,7312.74,-0.245487,0.0,-0.9694
545.381,4061.0,7312.74,-0.245487,0.0,-0.9694
515.362,4342.0,7320.34,-0.245487,0.0,-0.9694
545.381,4342.0,7312.74,-0.245487,0.0,-0.9694
545.381,4061.0,7312.74,-0.401683,0.0,-0.915779
545.381,4342.0,7312.74,-0.401683,0.0,-0.915779
573.74,4061.0,7300.3,-0.401683,0.0,-0.915779
573.74,4061.0,7300.3,-0.401683,0.0,-0.915779
545.381,4342.0,7312.74,-0.401683,0.0,-0.915779
573.74,4342.0,7300.3,-0.401683,0.0,-0.915779
573.74,4061.0,7300.3,-0.54696,0.0,-0.837159
573.74,4342.0,7300.3,-0.54696,0.0,-0.837159
599.665,4061.0,7283.36,-0.54696,0.0,-0.837159
599.665,4061.0,7283.36,-0.54696,0.0,-0.837159
573.74,4342.0,7300.3,-0.54696,0.0,-0.837159
599.665,4342.0,7283.36,-0.54696,0.0,-0.837159
599.665,4061.0,7283.36,-0.677283,0.0,-0.735722
599.665,4342.0,7283.36,-0.677283,0.0,-0.735722
622.448,4061.0,7262.39,-0.677283,0.0,-0.735722
622.448,4061.0,7262.39,-0.677283,0.0,-0.735722
599.665,4342.0,7283.36,-0.677283,0.0,-0.735722
622.448,4342.0,7262.39,-0.677283,0.0,-0.735722
622.448,4061.0,7262.39,-0.78914,0.0,-0.614213
622.448,4342.0,7262.39,-0.78914,0.0,-0.614213
641.469,4061.0,7237.95,-0.78914,0.0,-0.614213
641.469,4061.0,7237.95,-0.78914,0.0,-0.614213
622.448,4342.0,7262.39,-0.78914,0.0,-0.614213
641.469,4342.0,7237.95,-0.78914,0.0,-0.614213
641.469,4061.0,7237.95,-0.879473,0.0,-0.475949
641.469,4342.0,7237.95,-0.879473,0.0,-0.475949
656.208,4061.0,7210.72,-0.879473,0.0,-0.475949
656.208,4061.0,7210.72,-0.879473,0.0,-0.475949
641.469,4342.0,7237.95,-0.879473,0.0,-0.475949
656.208,4342.0,7210.72,-0.879473,0.0,-0.475949
656.208,4061.0,7210.72,-0.945818,0.0,-0.324696
656.208,4342.0,7210.72,-0.945818,0.0,-0.324696
666.263,4061.0,7181.43,-0.945818,0.0,-0.324696
666.263,4061.0,7181.43,-0.945818,0.0,-0.324696
656.208,4342.0,7210.72,-0.945818,0.0,-0.324696
666.263,4342.0,7181.43,-0.945818,0.0,-0.324696
666.263,4061.0,7181.43,-0.986361,0.0,-0.164599
666.263,4342.0,7181.43,-0.986361,0.0,-0.164599
671.36,4061.0,7150.88,-0.986361,0.0,-0.164599
671.36,4061.0,7150.88,-0.986361,0.0,-0.164599
666.263,4342.0,7181.43,-0.986361,0.0,-0.164599
671.36,4342.0,7150.88,-0.986361,0.0,-0.164599
671.36,4061.0,7150.88,-1.0,0.0,0.0
671.36,4342.0,7150.88,-1.0,0.0,0.0
671.36,4061.0,7119.92,-1.0,0.0,0.0
671.36,4061.0,7119.92,-1.0,0.0,0.0
671.36,4342.0,7150.88,-1.0,0.0,0.0
671.36,4342.0,7119.92,-1.0,0.0,0.0
671.36,4061.0,7119.92,-0.986361,0.0,0.164597
671.36,4342.0,7119.92,-0.986361,0.0,0.164597
666.263,4061.0,7089.37,-0.986361,0.0,0.164597
666.263,4061.0,7089.37,-0.986361,0.0,0.164597
671.36,4342.0,7119.92,-0.986361,0.0,0.164597
666.263,4342.0,7089.37,-0.986361,0.0,0.164597
666.263,4061.0,7089.37,-0.945818,0.0,0.324696
666.263,4342.0,7089.37,-0.945818,0.0,0.324696
656.208,4061.0,7060.08,-0.945818,0.0,0.324696
656.208,4061.0,7060.08,-0.945818,0.0,0.324696
666.263,4342.0,7089.37,-0.945818,0.0,0.324696
656.208,4342.0,7060.08,-0.945818,0.0,0.324696
656.208,4061.0,7060.08,-0.879473,0.0,0.475949
656.208,4342.0,7060.08,-0.879473,0.0,0.475949
641.469,4061.0,7032.85,-0.879473,0.0,0.475949
641.469,4061.0,7032.85,-0.879473,0.0,0.475949
656.208,4342.0,7060.08,-0.879473,0.0,0.475949
641.469,4342.0,7032.85,-0.879473,0.0,0.475949
641.469,4061.0,7032.85,-0.78914,0.0,0.614213
641.469,4342.0,7032.85,-0.78914,0.0,0.614213
622.448,4061.0,7008.41,-0.78914,0.0,0.614213
622.448,4061.0,7008.41,-0.78914,0.0,0.614213
641.469,4342.0,7032.85,-0.78914,0.0,0.614213
622.448,4342.0,7008.41,-0.78914,0.0,0.614213
622.448,4061.0,7008.41,-0.677275,0.0,0.73573
622.448,4342.0,7008.41,-0.677275,0.0,0.73573
599.665,4061.0,6987.44,-0.677275,0.0,0.73573
599.665,4061.0,6987.44,-0.677275,0.0,0.73573
622.448,4342.0,7008.41,-0.677275,0.0,0.73573
599.665,4342.0,6987.44,-0.677275,0.0,0.73573
599.665,4061.0,6987.44,-0.54696,0.0,0.837159
599.665,4342.0,6987.44,-0.54696,0.0,0.837159
573.74,4061.0,6970.5,-0.54696,0.0,0.837159
573.74,4061.0,6970.5,-0.54696,0.0,0.837159
599.665,4342.0,6987.44,-0.54696,0.0,0.837159
573.74,4342.0,6970.5,-0.54696,0.0,0.837159
573.74,4061.0,6970.5,-0.401696,0.0,0.915773
573.74,4342.0,6970.5,-0.401696,0.0,0.915773
545.381,4061.0,6958.06,-0.401696,0.0,0.915773
545.381,4061.0,6958.06,-0.401696,0.0,0.915773
573.74,4342.0,6970.5,-0.401696,0.0,0.915773
545.381,4342.0,6958.06,-0.401696,0.0,0.915773
545.381,4061.0,6958.06,-0.245487,0.0,0.9694
545.381,4342.0,6958.06,-0.245487,0.0,0.9694
515.362,4061.0,6950.46,-0.245487,0.0,0.9694
515.362,4061.0,6950.46,-0.245487,0.0,0.9694
545.381,4342.0,6958.06,-0.245487,0.0,0.9694
515.362,4342.0,6950.46,-0.245487,0.0,0.9694
515.362,4061.0,6950.46,-0.0825752,0.0,0.996585
515.362,4342.0,6950.46,-0.0825752,0.0,0.996585
484.5,4061.0,6947.9,-0.0825752,0.0,0.996585
484.5,4061.0,6947.9,-0.0825752,0.0,0.996585
515.362,4342.0,6950.46,-0.0825752,0.0,0.996585
484.5,4342.0,6947.9,-0.0825752,0.0,0.996585
484.5,4061.0,6947.9,0.0825752,0.0,0.996585
484.5,4342.0,6947.9,0.0825752,0.0,0.996585
453.638,4061.0,6950.46,0.0825752,0.0,0.996585
453.638,4061.0,6950.46,0.0825752,0.0,0.996585
484.5,4342.0,6947.9,0.0825752,0.0,0.996585
453.638,4342.0,6950.46,0.0825752,0.0,0.996585
453.638,4061.0,6950.46,0.245487,0.0,0.9694
453.638,4342.0,6950.46,0.245487,0.0,0.9694
423.619,4061.0,6958.06,0.245487,0.0,0.9694
423.619,4061.0,6958.06,0.245487,0.0,0.9694
453.638,4342.0,6950.46,0.245487,0.0,0.9694
423.619,4342.0,6958.06,0.245487,0.0,0.9694
423.619,4061.0,6958.06,0.401696,0.0,0.915773
423.619,4342.0,6958.06,0.401696,0.0,0.915773
395.26,4061.0,6970.5,0.401696,0.0,0.915773
395.26,4061.0,6970.5,0.401696,0.0,0.915773
423.619,4342.0,6958.06,0.401696,0.0,0.915773
395.26,4342.0,6970.5,0.401696,0.0,0.915773
395.26,4061.0,6970.5,0.54696,0.0,0.837159
395.26,4342.0,6970.5,0.54696,0.0,0.837159
369.335,4061.0,6987.44,0.54696,0.0,0.837159
369.335,4061.0,6987.44,0.54696,0.0,0.837159
395.26,4342.0,6970.5,0.54696,0.0,0.837159
369.335,4342.0,6987.44,0.54696,0.0,0.837159
369.335,4061.0,6987.44,0.677275,0.0,0.73573
369.335,4342.0,6987.44,0.677275,0.0,0.73573
346.552,4061.0,7008.41,0.677275,0.0,0.73573
346.552,4061.0,7008.41,0.677275,0.0,0.73573
369.335,4342.0,6987.44,0.677275,0.0,0.73573
346.552,4342.0,7008.41,0.677275,0.0,0.73573
346.552,4061.0,7008.41,0.78914,0.0,0.614213
346.552,4342.0,7008.41,0.78914,0.0,0.614213
327.531,4061.0,7032.85,0.78914,0.0,0.614213
327.531,4061.0,7032.85,0.78914,0.0,0.614213
346.552,4342.0,7008.41,0.78914,0.0,0.614213
327.531,4342.0,7032.85,0.78914,0.0,0.614213
327.531,4061.0,7032.85,0.879473,0.0,0.475948
327.531,4342.0,7032.85,0.879473,0.0,0.475948
312.792,4061.0,7060.08,0.879473,0.0,0.475948
312.792,4061.0,7060.08,0.879473,0.0,0.475948
327.531,4342.0,7032.85,0.879473,0.0,0.475948
312.792,4342.0,7060.08,0.879473,0.0,0.475948
312.792,4061.0,7060.08,0.945818,0.0,0.324697
312.792,4342.0,7060.08,0.945818,0.0,0.324697
302.737,4061.0,7089.37,0.945818,0.0,0.324697
302.737,4061.0,7089.37,0.945818,0.0,0.324697
312.792,4342.0,7060.08,0.945818,0.0,0.324697
302.737,4342.0,7089.37,0.945818,0.0,0.324697
302.737,4061.0,7089.37,0.986361,0.0,0.164596
302.737,4342.0,7089.37,0.986361,0.0,0.164596
297.64,4061.0,7119.92,0.986361,0.0,0.164596
297.64,4061.0,7119.92,0.986361,0.0,0.164596
302.737,4342.0,7089.37,0.986361,0.0,0.164596
297.64,4342.0,7119.92,0.986361,0.0,0.164596
297.64,4061.0,7119.92,1.0,0.0,0.0
297.64,4342.0,7119.92,1.0,0.0,0.0
297.64,4061.0,7150.88,1.0,0.0,0.0
297.64,4061.0,7150.88,1.0,0.0,0.0
297.64,4342.0,7119.92,1.0,0.0,0.0
297.64,4342.0,7150.88,1.0,0.0,0.0
297.64,4061.0,7150.88,0.986361,0.0,-0.164598
297.64,4342.0,7150.88,0.986361,0.0,-0.164598
302.737,4061.0,7181.43,0.986361,0.0,-0.164598
302.737,4061.0,7181.43,0.986361,0.0,-0.164598
297.64,4342.0,7150.88,0.986361,0.0,-0.164598
302.737,4342.0,7181.43,0.986361,0.0,-0.164598
302.737,4061.0,7181.43,0.945818,0.0,-0.324697
302.737,4342.0,7181.43,0.945818,0.0,-0.324697
312.792,4061.0,7210.72,0.945818,0.0,-0.324697
312.792,4061.0,7210.72,0.945818,0.0,-0.324697
302.737,4342.0,7181.43,0.945818,0.0,-0.324697
312.792,4342.0,7210.72,0.945818,0.0,-0.324697
312.792,4061.0,7210.72,0.879473,0.0,-0.475948
312.792,4342.0,7210.72,0.879473,0.0,-0.475948
327.531,4061.0,7237.95,0.879473,0.0,-0.475948
327.531,4061.0,7237.95,0.879473,0.0,-0.475948
312.792,4342.0,7210.72,0.879473,0.0,-0.475948
327.531,4342.0,7237.95,0.879473,0.0,-0.475948
327.531,4061.0,7237.95,0.78914,0.0,-0.614213
327.531,4342.0,7237.95,0.78914,0.0,-0.614213
346.552,4061.0,7262.39,0.78914,0.0,-0.614213
346.552,4061.0,7262.39,0.78914,0.0,-0.614213
327.531,4342.0,7237.95,0.78914,0.0,-0.614213
346.552,4342.0,7262.39,0.78914,0.0,-0.614213
346.552,4061.0,7262.39,0.677283,0.0,-0.735722
346.552,4342.0,7262.39,0.677283,0.0,-0.735722
369.335,4061.0,7283.36,0.677283,0.0,-0.735722
369.335,4061.0,7283.36,0.677283,0.0,-0.735722
346.552,4342.0,7262.39,0.677283,0.0,-0.735722
369.335,4342.0,7283.36,0.677283,0.0,-0.735722
369.335,4061.0,7283.36,0.54696,0.0,-0.837159
369.335,4342.0,7283.36,0.54696,0.0,-0.837159
395.26,4061.0,7300.3,0.54696,0.0,-0.837159
395.26,4061.0,7300.3,0.54696,0.0,-0.837159
369.335,4342.0,7283.36,0.54696,0.0,-0.837159
395.26,4342.0,7300.3,0.54696,0.0,-0.837159
395.26,4061.0,7300.3,0.401683,0.0,-0.915779
395.26,4342.0,7300.3,0.401683,0.0,-0.915779
423.619,4061.0,7312.74,0.401683,0.0,-0.915779
423.619,4061.0,7312.74,0.401683,0.0,-0.915779
395.26,4342.0,7300.3,0.401683,0.0,-0.915779
423.619,4342.0,7312.74,0.401683,0.0,-0.915779
423.619,4061.0,7312.74,0.245487,0.0,-0.9694
423.619,4342.0,7312.74,0.245487,0.0,-0.9694
453.638,4061.0,7320.34,0.245487,0.0,-0.9694
453.638,4061.0,7320.34,0.245487,0.0,-0.9694
423.619,4342.0,7312.74,0.245487,0.0,-0.9694
453.638,4342.0,7320.34,0.245487,0.0,-0.9694
453.638,4061.0,7320.34,0.0825752,0.0,-0.996585
453.638,4342.0,7320.34,0.0825752,0.0,-0.996585
484.5,4061.0,7322.9,0.0825752,0.0,-0.996585
484.5,4061.0,7322.9,0.0825752,0.0,-0.996585
453.638,4342.0,7320.34,0.0825752,0.0,-0.996585
484.5,4342.0,7322.9,0.0825752,0.0,-0.996585
484.5,4061.0,7322.9,-0.0825752,0.0,-0.996585
484.5,4342.0,7322.9,-0.0825752,0.0,-0.996585
515.362,4061.0,7320.34,-0.0825752,0.0,-0.996585
515.362,4061.0,7320.34,-0.0825752,0.0,-0.996585
484.5,4342.0,7322.9,-0.0825752,0.0,-0.996585
515.362,4342.0,7320.34,-0.0825752,0.0,-0.996585
484.5,4342.0,7322.9,0.0,1.0,0.0
453.638,4342.0,7320.34,0.0,1.0,0.0
433.856,4342.0,7617.25,0.0,1.0,0.0
395.26,4342.0,7300.3,0.0,1.0,0.0
287.436,4342.0,7578.01,0.0,1.0,0.0
423.619,4342.0,7312.74,0.0,1.0,0.0
423.619,4342.0,7312.74,0.0,1.0,0.0
287.436,4342.0,7578.01,0.0,1.0,0.0
334.781,4342.0,7596.19,0.0,1.0,0.0
423.619,4342.0,7312.74,0.0,1.0,0.0
334.781,4342.0,7596.19,0.0,1.0,0.0
453.638,4342.0,7320.34,0.0,1.0,0.0
453.638,4342.0,7320.34,0.0,1.0,0.0
334.781,4342.0,7596.19,0.0,1.0,0.0
383.767,4342.0,7609.31,0.0,1.0,0.0
453.638,4342.0,7320.34,0.0,1.0,0.0
383.767,4342.0,7609.31,0.0,1.0,0.0
433.856,4342.0,7617.25,0.0,1.0,0.0
545.381,4342.0,7312.74,0.0,1.0,0.0
681.564,4342.0,7578.01,0.0,1.0,0.0
573.74,4342.0,7300.3,0.0,1.0,0.0
573.74,4342.0,7300.3,0.0,1.0,0.0
681.564,4342.0,7578.01,0.0,1.0,0.0
726.75,4342.0,7554.99,0.0,1.0,0.0
573.74,4342.0,7300.3,0.0,1.0,0.0
726.75,4342.0,7554.99,0.0,1.0,0.0
599.665,4342.0,7283.36,0.0,1.0,0.0
433.856,4342.0,7617.25,0.0,1.0,0.0
484.5,4342.0,7619.9,0.0,1.0,0.0
484.5,4342.0,7322.9,0.0,1.0,0.0
484.5,4342.0,7322.9,0.0,1.0,0.0
484.5,4342.0,7619.9,0.0,1.0,0.0
535.144,4342.0,7617.25,0.0,1.0,0.0
484.5,4342.0,7322.9,0.0,1.0,0.0
535.144,4342.0,7617.25,0.0,1.0,0.0
515.362,4342.0,7320.34,0.0,1.0,0.0
515.362,4342.0,7320.34,0.0,1.0,0.0
535.144,4342.0,7617.25,0.0,1.0,0.0
585.233,4342.0,7609.31,0.0,1.0,0.0
515.362,4342.0,7320.34,0.0,1.0,0.0
585.233,4342.0,7609.31,0.0,1.0,0.0
545.381,4342.0,7312.74,0.0,1.0,0.0
545.381,4342.0,7312.74,0.0,1.0,0.0
585.233,4342.0,7609.31,0.0,1.0,0.0
634.219,4342.0,7596.19,0.0,1.0,0.0
545.381,4342.0,7312.74,0.0,1.0,0.0
634.219,4342.0,7596.19,0.0,1.0,0.0
681.564,4342.0,7578.01,0.0,1.0,0.0
312.792,4342.0,7210.72,0.0,1.0,0.0
64.9107,4342.0,7377.65,0.0,1.0,0.0
327.531,4342.0,7237.95,0.0,1.0,0.0
327.531,4342.0,7237.95,0.0,1.0,0.0
64.9107,4342.0,7377.65,0.0,1.0,0.0
92.5313,4342.0,7420.18,0.0,1.0,0.0
327.531,4342.0,7237.95,0.0,1.0,0.0
92.5313,4342.0,7420.18,0.0,1.0,0.0
346.552,4342.0,7262.39,0.0,1.0,0.0
297.64,4342.0,7119.92,0.0,1.0,0.0
0.0,4342.0,7135.4,0.0,1.0,0.0
297.64,4342.0,7150.88,0.0,1.0,0.0
297.64,4342.0,7150.88,0.0,1.0,0.0
0.0,4342.0,7135.4,0.0,1.0,0.0
2.65414,4342.0,7186.04,0.0,1.0,0.0
297.64,4342.0,7150.88,0.0,1.0,0.0
2.65414,4342.0,7186.04,0.0,1.0,0.0
302.737,4342.0,7181.43,0.0,1.0,0.0
92.5313,4342.0,7420.18,0.0,1.0,0.0
124.446,4342.0,7459.59,0.0,1.0,0.0
346.552,4342.0,7262.39,0.0,1.0,0.0
346.552,4342.0,7262.39,0.0,1.0,0.0
124.446,4342.0,7459.59,0.0,1.0,0.0
160.306,4342.0,7495.45,0.0,1.0,0.0
346.552,4342.0,7262.39,0.0,1.0,0.0
160.306,4342.0,7495.45,0.0,1.0,0.0
369.335,4342.0,7283.36,0.0,1.0,0.0
369.335,4342.0,7283.36,0.0,1.0,0.0
160.306,4342.0,7495.45,0.0,1.0,0.0
199.718,4342.0,7527.37,0.0,1.0,0.0
369.335,4342.0,7283.36,0.0,1.0,0.0
199.718,4342.0,7527.37,0.0,1.0,0.0
395.26,4342.0,7300.3,0.0,1.0,0.0
395.26,4342.0,7300.3,0.0,1.0,0.0
199.718,4342.0,7527.37,0.0,1.0,0.0
242.25,4342.0,7554.99,0.0,1.0,0.0
395.26,4342.0,7300.3,0.0,1.0,0.0
242.25,4342.0,7554.99,0.0,1.0,0.0
287.436,4342.0,7578.01,0.0,1.0,0.0
423.619,4342.0,6958.06,0.0,1.0,0.0
287.436,4342.0,6692.79,0.0,1.0,0.0
395.26,4342.0,6970.5,0.0,1.0,0.0
395.26,4342.0,6970.5,0.0,1.0,0.0
287.436,4342.0,6692.79,0.0,1.0,0.0
242.25,4342.0,6715.81,0.0,1.0,0.0
395.26,4342.0,6970.5,0.0,1.0,0.0
242.25,4342.0,6715.81,0.0,1.0,0.0
369.335,4342.0,6987.44,0.0,1.0,0.0
484.5,4342.0,6947.9,0.0,1.0,0.0
433.856,4342.0,6653.55,0.0,1.0,0.0
453.638,4342.0,6950.46,0.0,1.0,0.0
453.638,4342.0,6950.46,0.0,1.0,0.0
433.856,4342.0,6653.55,0.0,1.0,0.0
383.767,4342.0,6661.49,0.0,1.0,0.0
453.638,4342.0,6950.46,0.0,1.0,0.0
383.767,4342.0,6661.49,0.0,1.0,0.0
423.619,4342.0,6958.06,0.0,1.0,0.0
423.619,4342.0,6958.06,0.0,1.0,0.0
383.767,4342.0,6661.49,0.0,1.0,0.0
334.781,4342.0,6674.61,0.0,1.0,0.0
423.619,4342.0,6958.06,0.0,1.0,0.0
334.781,4342.0,6674.61,0.0,1.0,0.0
287.436,4342.0,6692.79,0.0,1.0,0.0
515.362,4342.0,6950.46,0.0,1.0,0.0
535.144,4342.0,6653.55,0.0,1.0,0.0
484.5,4342.0,6947.9,0.0,1.0,0.0
484.5,4342.0,6947.9,0.0,1.0,0.0
535.144,4342.0,6653.55,0.0,1.0,0.0
484.5,4342.0,6650.9,0.0,1.0,0.0
484.5,4342.0,6947.9,0.0,1.0,0.0
484.5,4342.0,6650.9,0.0,1.0,0.0
433.856,4342.0,6653.55,0.0,1.0,0.0
656.208,4342.0,7060.08,0.0,1.0,0.0
904.089,4342.0,6893.15,0.0,1.0,0.0
641.469,4342.0,7032.85,0.0,1.0,0.0
641.469,4342.0,7032.85,0.0,1.0,0.0
904.089,4342.0,6893.15,0.0,1.0,0.0
876.469,4342.0,6850.62,0.0,1.0,0.0
641.469,4342.0,7032.85,0.0,1.0,0.0
876.469,4342.0,6850.62,0.0,1.0,0.0
622.448,4342.0,7008.41,0.0,1.0,0.0
656.208,4342.0,7210.72,0.0,1.0,0.0
641.469,4342.0,7237.95,0.0,1.0,0.0
904.089,4342.0,7377.65,0.0,1.0,0.0
2.65414,4342.0,7186.04,0.0,1.0,0.0
10.5875,4342.0,7236.13,0.0,1.0,0.0
302.737,4342.0,7181.43,0.0,1.0,0.0
302.737,4342.0,7181.43,0.0,1.0,0.0
10.5875,4342.0,7236.13,0.0,1.0,0.0
23.7131,4342.0,7285.12,0.0,1.0,0.0
302.737,4342.0,7181.43,0.0,1.0,0.0
23.7131,4342.0,7285.12,0.0,1.0,0.0
312.792,4342.0,7210.72,0.0,1.0,0.0
312.792,4342.0,7210.72,0.0,1.0,0.0
23.7131,4342.0,7285.12,0.0,1.0,0.0
41.8872,4342.0,7332.46,0.0,1.0,0.0
312.792,4342.0,7210.72,0.0,1.0,0.0
41.8872,4342.0,7332.46,0.0,1.0,0.0
64.9107,4342.0,7377.65,0.0,1.0,0.0
312.792,4342.0,7060.08,0.0,1.0,0.0
23.7131,4342.0,6985.68,0.0,1.0,0.0
302.737,4342.0,7089.37,0.0,1.0,0.0
302.737,4342.0,7089.37,0.0,1.0,0.0
23.7131,4342.0,6985.68,0.0,1.0,0.0
10.5875,4342.0,7034.67,0.0,1.0,0.0
302.737,4342.0,7089.37,0.0,1.0,0.0
10.5875,4342.0,7034.67,0.0,1.0,0.0
297.64,4342.0,7119.92,0.0,1.0,0.0
297.64,4342.0,7119.92,0.0,1.0,0.0
10.5875,4342.0,7034.67,0.0,1.0,0.0
2.65414,4342.0,7084.76,0.0,1.0,0.0
297.64,4342.0,7119.92,0.0,1.0,0.0
2.65414,4342.0,7084.76,0.0,1.0,0.0
0.0,4342.0,7135.4,0.0,1.0,0.0
327.531,4342.0,7032.85,0.0,1.0,0.0
64.9107,4342.0,6893.15,0.0,1.0,0.0
312.792,4342.0,7060.08,0.0,1.0,0.0
312.792,4342.0,7060.08,0.0,1.0,0.0
64.9107,4342.0,6893.15,0.0,1.0,0.0
41.8872,4342.0,6938.34,0.0,1.0,0.0
312.792,4342.0,7060.08,0.0,1.0,0.0
41.8872,4342.0,6938.34,0.0,1.0,0.0
23.7131,4342.0,6985.68,0.0,1.0,0.0
573.74,4342.0,6970.5,0.0,1.0,0.0
681.564,4342.0,6692.79,0.0,1.0,0.0
545.381,4342.0,6958.06,0.0,1.0,0.0
545.381,4342.0,6958.06,0.0,1.0,0.0
681.564,4342.0,6692.79,0.0,1.0,0.0
634.219,4342.0,6674.61,0.0,1.0,0.0
545.381,4342.0,6958.06,0.0,1.0,0.0
634.219,4342.0,6674.61,0.0,1.0,0.0
515.362,4342.0,6950.46,0.0,1.0,0.0
515.362,4342.0,6950.46,0.0,1.0,0.0
634.219,4342.0,6674.61,0.0,1.0,0.0
585.233,4342.0,6661.49,0.0,1.0,0.0
515.362,4342.0,6950.46,0.0,1.0,0.0
585.233,4342.0,6661.49,0.0,1.0,0.0
535.144,4342.0,6653.55,0.0,1.0,0.0
876.469,4342.0,6850.62,0.0,1.0,0.0
844.554,4342.0,6811.21,0.0,1.0,0.0
622.448,4342.0,7008.41,0.0,1.0,0.0
622.448,4342.0,7008.41,0.0,1.0,0.0
844.554,4342.0,6811.21,0.0,1.0,0.0
808.694,4342.0,6775.35,0.0,1.0,0.0
622.448,4342.0,7008.41,0.0,1.0,0.0
808.694,4342.0,6775.35,0.0,1.0,0.0
599.665,4342.0,6987.44,0.0,1.0,0.0
599.665,4342.0,6987.44,0.0,1.0,0.0
808.694,4342.0,6775.35,0.0,1.0,0.0
769.282,4342.0,6743.43,0.0,1.0,0.0
599.665,4342.0,6987.44,0.0,1.0,0.0
769.282,4342.0,6743.43,0.0,1.0,0.0
573.74,4342.0,6970.5,0.0,1.0,0.0
573.74,4342.0,6970.5,0.0,1.0,0.0
769.282,4342.0,6743.43,0.0,1.0,0.0
726.75,4342.0,6715.81,0.0,1.0,0.0
573.74,4342.0,6970.5,0.0,1.0,0.0
726.75,4342.0,6715.81,0.0,1.0,0.0
681.564,4342.0,6692.79,0.0,1.0,0.0
242.25,4342.0,6715.81,0.0,1.0,0.0
199.718,4342.0,6743.43,0.0,1.0,0.0
369.335,4342.0,6987.44,0.0,1.0,0.0
369.335,4342.0,6987.44,0.0,1.0,0.0
199.718,4342.0,6743.43,0.0,1.0,0.0
160.306,4342.0,6775.35,0.0,1.0,0.0
369.335,4342.0,6987.44,0.0,1.0,0.0
160.306,4342.0,6775.35,0.0,1.0,0.0
346.552,4342.0,7008.41,0.0,1.0,0.0
346.552,4342.0,7008.41,0.0,1.0,0.0
160.306,4342.0,6775.35,0.0,1.0,0.0
124.446,4342.0,6811.21,0.0,1.0,0.0
346.552,4342.0,7008.41,0.0,1.0,0.0
124.446,4342.0,6811.21,0.0,1.0,0.0
327.531,4342.0,7032.85,0.0,1.0,0.0
327.531,4342.0,7032.85,0.0,1.0,0.0
124.446,4342.0,6811.21,0.0,1.0,0.0
92.5313,4342.0,6850.62,0.0,1.0,0.0
327.531,4342.0,7032.85,0.0,1.0,0.0
92.5313,4342.0,6850.62,0.0,1.0,0.0
64.9107,4342.0,6893.15,0.0,1.0,0.0
726.75,4342.0,7554.99,0.0,1.0,0.0
769.282,4342.0,7527.37,0.0,1.0,0.0
599.665,4342.0,7283.36,0.0,1.0,0.0
599.665,4342.0,7283.36,0.0,1.0,0.0
769.282,4342.0,7527.37,0.0,1.0,0.0
808.694,4342.0,7495.45,0.0,1.0,0.0
599.665,4342.0,7283.36,0.0,1.0,0.0
808.694,4342.0,7495.45,0.0,1.0,0.0
622.448,4342.0,7262.39,0.0,1.0,0.0
622.448,4342.0,7262.39,0.0,1.0,0.0
808.694,4342.0,7495.45,0.0,1.0,0.0
844.554,4342.0,7459.59,0.0,1.0,0.0
622.448,4342.0,7262.39,0.0,1.0,0.0
844.554,4342.0,7459.59,0.0,1.0,0.0
641.469,4342.0,7237.95,0.0,1.0,0.0
641.469,4342.0,7237.95,0.0,1.0,0.0
844.554,4342.0,7459.59,0.0,1.0,0.0
876.469,4342.0,7420.18,0.0,1.0,0.0
641.469,4342.0,7237.95,0.0,1.0,0.0
876.469,4342.0,7420.18,0.0,1.0,0.0
904.089,4342.0,7377.65,0.0,1.0,0.0
666.263,4342.0,7089.37,0.0,1.0,0.0
945.287,4342.0,6985.68,0.0,1.0,0.0
656.208,4342.0,7060.08,0.0,1.0,0.0
656.208,4342.0,7060.08,0.0,1.0,0.0
945.287,4342.0,6985.68,0.0,1.0,0.0
927.113,4342.0,6938.34,0.0,1.0,0.0
656.208,4342.0,7060.08,0.0,1.0,0.0
927.113,4342.0,6938.34,0.0,1.0,0.0
904.089,4342.0,6893.15,0.0,1.0,0.0
671.36,4342.0,7150.88,0.0,1.0,0.0
969.0,4342.0,7135.4,0.0,1.0,0.0
671.36,4342.0,7119.92,0.0,1.0,0.0
671.36,4342.0,7119.92,0.0,1.0,0.0
969.0,4342.0,7135.4,0.0,1.0,0.0
966.346,4342.0,7084.76,0.0,1.0,0.0
671.36,4342.0,7119.92,0.0,1.0,0.0
966.346,4342.0,7084.76,0.0,1.0,0.0
666.263,4342.0,7089.37,0.0,1.0,0.0
666.263,4342.0,7089.37,0.0,1.0,0.0
966.346,4342.0,7084.76,0.0,1.0,0.0
958.413,4342.0,7034.67,0.0,1.0,0.0
666.263,4342.0,7089.37,0.0,1.0,0.0
958.413,4342.0,7034.67,0.0,1.0,0.0
945.287,4342.0,6985.68,0.0,1.0,0.0
904.089,4342.0,7377.65,0.0,1.0,0.0
927.113,4342.0,7332.46,0.0,1.0,0.0
656.208,4342.0,7210.72,0.0,1.0,0.0
656.208,4342.0,7210.72,0.0,1.0,0.0
927.113,4342.0,7332.46,0.0,1.0,0.0
945.287,4342.0,7285.12,0.0,1.0,0.0
656.208,4342.0,7210.72,0.0,1.0,0.0
945.287,4342.0,7285.12,0.0,1.0,0.0
666.263,4342.0,7181.43,0.0,1.0,0.0
666.263,4342.0,7181.43,0.0,1.0,0.0
945.287,4342.0,7285.12,0.0,1.0,0.0
958.413,4342.0,7236.13,0.0,1.0,0.0
666.263,4342.0,7181.43,0.0,1.0,0.0
958.413,4342.0,7236.13,0.0,1.0,0.0
671.36,4342.0,7150.88,0.0,1.0,0.0
671.36,4342.0,7150.88,0.0,1.0,0.0
958.413,4342.0,7236.13,0.0,1.0,0.0
966.346,4342.0,7186.04,0.0,1.0,0.0
671.36,4342.0,7150.88,0.0,1.0,0.0
966.346,4342.0,7186.04,0.0,1.0,0.0
969.0,4342.0,7135.4,0.0,1.0,0.0
