162.249,23.0,23.8148,0.170523,0.0,-0.985354
162.249,93.7,23.8148,0.170523,0.0,-0.985354
176.312,23.0,26.2485,0.170523,0.0,-0.985354
176.312,23.0,26.2485,0.170523,0.0,-0.985354
162.249,93.7,23.8148,0.170523,0.0,-0.985354
176.312,93.7,26.2485,0.170523,0.0,-0.985354
176.312,23.0,26.2485,0.281733,0.0,-0.959493
176.312,93.7,26.2485,0.281733,0.0,-0.959493
190.006,23.0,30.2695,0.281733,0.0,-0.959493
190.006,23.0,30.2695,0.281733,0.0,-0.959493
176.312,93.7,26.2485,0.281733,0.0,-0.959493
190.006,93.7,30.2695,0.281733,0.0,-0.959493
190.006,23.0,30.2695,0.389269,0.0,-0.921124
190.006,93.7,30.2695,0.389269,0.0,-0.921124
203.153,23.0,35.8252,0.389269,0.0,-0.921124
203.153,23.0,35.8252,0.389269,0.0,-0.921124
190.006,93.7,30.2695,0.389269,0.0,-0.921124
203.153,93.7,35.8252,0.389269,0.0,-0.921124
203.153,23.0,35.8252,0.491733,0.0,-0.870746
203.153,93.7,35.8252,0.491733,0.0,-0.870746
215.58,23.0,42.8433,0.491733,0.0,-0.870746
215.58,23.0,42.8433,0.491733,0.0,-0.870746
203.153,93.7,35.8252,0.491733,0.0,-0.870746
215.58,93.7,42.8433,0.491733,0.0,-0.870746
215.58,23.0,42.8433,0.587785,0.0,-0.809017
215.58,93.7,42.8433,0.587785,0.0,-0.809017
227.127,23.0,51.2323,0.587785,0.0,-0.809017
227.127,23.0,51.2323,0.587785,0.0,-0.809017
215.58,93.7,42.8433,0.587785,0.0,-0.809017
227.127,93.7,51.2323,0.587785,0.0,-0.809017
227.127,23.0,51.2323,0.676175,0.0,-0.736741
227.127,93.7,51.2323,0.676175,0.0,-0.736741
237.641,23.0,60.8828,0.676175,0.0,-0.736741
237.641,23.0,60.8828,0.676175,0.0,-0.736741
227.127,93.7,51.2323,0.676175,0.0,-0.736741
237.641,93.7,60.8828,0.676175,0.0,-0.736741
237.641,23.0,60.8828,0.755749,0.0,-0.654861
237.641,93.7,60.8828,0.755749,0.0,-0.654861
246.988,23.0,71.669,0.755749,0.0,-0.654861
246.988,23.0,71.669,0.755749,0.0,-0.654861
237.641,93.7,60.8828,0.755749,0.0,-0.654861
246.988,93.7,71.669,0.755749,0.0,-0.654861
246.988,23.0,71.669,0.825472,0.0,-0.564443
246.988,93.7,71.669,0.825472,0.0,-0.564443
255.044,23.0,83.4503,0.825472,0.0,-0.564443
255.044,23.0,83.4503,0.825472,0.0,-0.564443
246.988,93.7,71.669,0.825472,0.0,-0.564443
255.044,93.7,83.4503,0.825472,0.0,-0.564443
255.044,23.0,83.4503,0.884432,0.0,-0.466668
255.044,93.7,83.4503,0.884432,0.0,-0.466668
261.704,23.0,96.0731,0.884432,0.0,-0.466668
261.704,23.0,96.0731,0.884432,0.0,-0.466668
255.044,93.7,83.4503,0.884432,0.0,-0.466668
261.704,93.7,96.0731,0.884432,0.0,-0.466668
261.704,23.0,96.0731,0.931865,0.0,-0.362806
261.704,93.7,96.0731,0.931865,0.0,-0.362806
266.882,23.0,109.373,0.931865,0.0,-0.362806
266.882,23.0,109.373,0.931865,0.0,-0.362806
261.704,93.7,96.0731,0.931865,0.0,-0.362806
266.882,93.7,109.373,0.931865,0.0,-0.362806
266.882,23.0,109.373,0.967147,0.0,-0.254219
266.882,93.7,109.373,0.967147,0.0,-0.254219
270.51,23.0,123.176,0.967147,0.0,-0.254219
270.51,23.0,123.176,0.967147,0.0,-0.254219
266.882,93.7,109.373,0.967147,0.0,-0.254219
270.51,93.7,123.176,0.967147,0.0,-0.254219
270.51,23.0,123.176,0.989821,0.0,-0.142316
270.51,93.7,123.176,0.989821,0.0,-0.142316
272.541,23.0,137.303,0.989821,0.0,-0.142316
272.541,23.0,137.303,0.989821,0.0,-0.142316
270.51,93.7,123.176,0.989821,0.0,-0.142316
272.541,93.7,137.303,0.989821,0.0,-0.142316
272.541,23.0,137.303,0.999592,0.0,-0.0285564
272.541,93.7,137.303,0.999592,0.0,-0.0285564
272.949,23.0,151.57,0.999592,0.0,-0.0285564
272.949,23.0,151.57,0.999592,0.0,-0.0285564
272.541,93.7,137.303,0.999592,0.0,-0.0285564
272.949,93.7,151.57,0.999592,0.0,-0.0285564
272.949,23.0,151.57,0.996332,0.0,0.0855751
272.949,93.7,151.57,0.996332,0.0,0.0855751
271.728,23.0,165.789,0.996332,0.0,0.0855751
271.728,23.0,165.789,0.996332,0.0,0.0855751
272.949,93.7,151.57,0.996332,0.0,0.0855751
271.728,93.7,165.789,0.996332,0.0,0.0855751
271.728,23.0,165.789,0.980083,0.0,0.19859
271.728,93.7,165.789,0.980083,0.0,0.19859
268.893,23.0,179.777,0.980083,0.0,0.19859
268.893,23.0,179.777,0.980083,0.0,0.19859
271.728,93.7,165.789,0.980083,0.0,0.19859
268.893,93.7,179.777,0.980083,0.0,0.19859
268.893,23.0,179.777,0.951056,0.0,0.309018
268.893,93.7,179.777,0.951056,0.0,0.309018
264.483,23.0,193.351,0.951056,0.0,0.309018
264.483,23.0,193.351,0.951056,0.0,0.309018
268.893,93.7,179.777,0.951056,0.0,0.309018
264.483,93.7,193.351,0.951056,0.0,0.309018
264.483,23.0,193.351,0.909632,0.0,0.415415
264.483,93.7,193.351,0.909632,0.0,0.415415
258.554,23.0,206.333,0.909632,0.0,0.415415
258.554,23.0,206.333,0.909632,0.0,0.415415
264.483,93.7,193.351,0.909632,0.0,0.415415
258.554,93.7,206.333,0.909632,0.0,0.415415
258.554,23.0,206.333,0.856349,0.0,0.516397
258.554,93.7,206.333,0.856349,0.0,0.516397
251.184,23.0,218.555,0.856349,0.0,0.516397
251.184,23.0,218.555,0.856349,0.0,0.516397
258.554,93.7,206.333,0.856349,0.0,0.516397
251.184,93.7,218.555,0.856349,0.0,0.516397
251.184,23.0,218.555,0.791902,0.0,0.610648
251.184,93.7,218.555,0.791902,0.0,0.610648
242.469,23.0,229.858,0.791902,0.0,0.610648
242.469,23.0,229.858,0.791902,0.0,0.610648
251.184,93.7,218.555,0.791902,0.0,0.610648
242.469,93.7,229.858,0.791902,0.0,0.610648
242.469,23.0,229.858,0.717132,0.0,0.696938
242.469,93.7,229.858,0.717132,0.0,0.696938
232.522,23.0,240.093,0.717132,0.0,0.696938
232.522,23.0,240.093,0.717132,0.0,0.696938
242.469,93.7,229.858,0.717132,0.0,0.696938
232.522,93.7,240.093,0.717132,0.0,0.696938
232.522,23.0,240.093,0.633013,0.0,0.774142
232.522,93.7,240.093,0.633013,0.0,0.774142
221.473,23.0,249.127,0.633013,0.0,0.774142
221.473,23.0,249.127,0.633013,0.0,0.774142
232.522,93.7,240.093,0.633013,0.0,0.774142
221.473,93.7,249.127,0.633013,0.0,0.774142
221.473,23.0,249.127,0.540641,0.0,0.841253
221.473,93.7,249.127,0.540641,0.0,0.841253
209.467,23.0,256.843,0.540641,0.0,0.841253
209.467,23.0,256.843,0.540641,0.0,0.841253
221.473,93.7,249.127,0.540641,0.0,0.841253
209.467,93.7,256.843,0.540641,0.0,0.841253
209.467,23.0,256.843,0.44122,0.0,0.897399
209.467,93.7,256.843,0.44122,0.0,0.897399
196.659,23.0,263.14,0.44122,0.0,0.897399
196.659,23.0,263.14,0.44122,0.0,0.897399
209.467,93.7,256.843,0.44122,0.0,0.897399
196.659,93.7,263.14,0.44122,0.0,0.897399
196.659,23.0,263.14,0.33605,0.0,0.941844
196.659,93.7,263.14,0.33605,0.0,0.941844
183.217,23.0,267.937,0.33605,0.0,0.941844
183.217,23.0,267.937,0.33605,0.0,0.941844
196.659,93.7,263.14,0.33605,0.0,0.941844
183.217,93.7,267.937,0.33605,0.0,0.941844
183.217,23.0,267.937,0.226499,0.0,0.974011
183.217,93.7,267.937,0.226499,0.0,0.974011
169.315,23.0,271.169,0.226499,0.0,0.974011
169.315,23.0,271.169,0.226499,0.0,0.974011
183.217,93.7,267.937,0.226499,0.0,0.974011
169.315,93.7,271.169,0.226499,0.0,0.974011
169.315,23.0,271.169,0.11399,0.0,0.993482
169.315,93.7,271.169,0.11399,0.0,0.993482
155.136,23.0,272.796,0.11399,0.0,0.993482
155.136,23.0,272.796,0.11399,0.0,0.993482
169.315,93.7,271.169,0.11399,0.0,0.993482
155.136,93.7,272.796,0.11399,0.0,0.993482
155.136,23.0,272.796,0.0,0.0,1.0
155.136,93.7,272.796,0.0,0.0,1.0
140.864,23.0,272.796,0.0,0.0,1.0
140.864,23.0,272.796,0.0,0.0,1.0
155.136,93.7,272.796,0.0,0.0,1.0
140.864,93.7,272.796,0.0,0.0,1.0
140.864,23.0,272.796,-0.11399,0.0,0.993482
140.864,93.7,272.796,-0.11399,0.0,0.993482
126.685,23.0,271.169,-0.11399,0.0,0.993482
126.685,23.0,271.169,-0.11399,0.0,0.993482
140.864,93.7,272.796,-0.11399,0.0,0.993482
126.685,93.7,271.169,-0.11399,0.0,0.993482
126.685,23.0,271.169,-0.226499,0.0,0.974011
126.685,93.7,271.169,-0.226499,0.0,0.974011
112.783,23.0,267.937,-0.226499,0.0,0.974011
112.783,23.0,267.937,-0.226499,0.0,0.974011
126.685,93.7,271.169,-0.226499,0.0,0.974011
112.783,93.7,267.937,-0.226499,0.0,0.974011
112.783,23.0,267.937,-0.33605,0.0,0.941844
112.783,93.7,267.937,-0.33605,0.0,0.941844
99.3412,23.0,263.14,-0.33605,0.0,0.941844
99.3412,23.0,263.14,-0.33605,0.0,0.941844
112.783,93.7,267.937,-0.33605,0.0,0.941844
99.3412,93.7,263.14,-0.33605,0.0,0.941844
99.3412,23.0,263.14,-0.44122,0.0,0.897399
99.3412,93.7,263.14,-0.44122,0.0,0.897399
86.5334,23.0,256.843,-0.44122,0.0,0.897399
86.5334,23.0,256.843,-0.44122,0.0,0.897399
99.3412,93.7,263.14,-0.44122,0.0,0.897399
86.5334,93.7,256.843,-0.44122,0.0,0.897399
86.5334,23.0,256.843,-0.540641,0.0,0.841253
86.5334,93.7,256.843,-0.540641,0.0,0.841253
74.5268,23.0,249.127,-0.540641,0.0,0.841253
74.5268,23.0,249.127,-0.540641,0.0,0.841253
86.5334,93.7,256.843,-0.540641,0.0,0.841253
74.5268,93.7,249.127,-0.540641,0.0,0.841253
74.5268,23.0,249.127,-0.633013,0.0,0.774142
74.5268,93.7,249.127,-0.633013,0.0,0.774142
63.4781,23.0,240.093,-0.633013,0.0,0.774142
63.4781,23.0,240.093,-0.633013,0.0,0.774142
74.5268,93.7,249.127,-0.633013,0.0,0.774142
63.4781,93.7,240.093,-0.633013,0.0,0.774142
63.4781,23.0,240.093,-0.717132,0.0,0.696938
63.4781,93.7,240.093,-0.717132,0.0,0.696938
53.5313,23.0,229.858,-0.717132,0.0,0.696938
53.5313,23.0,229.858,-0.717132,0.0,0.696938
63.4781,93.7,240.093,-0.717132,0.0,0.696938
53.5313,93.7,229.858,-0.717132,0.0,0.696938
53.5313,23.0,229.858,-0.791902,0.0,0.610648
53.5313,93.7,229.858,-0.791902,0.0,0.610648
44.816,23.0,218.555,-0.791902,0.0,0.610648
44.816,23.0,218.555,-0.791902,0.0,0.610648
53.5313,93.7,229.858,-0.791902,0.0,0.610648
44.816,93.7,218.555,-0.791902,0.0,0.610648
44.816,23.0,218.555,-0.856349,0.0,0.516397
44.816,93.7,218.555,-0.856349,0.0,0.516397
37.4459,23.0,206.333,-0.856349,0.0,0.516397
37.4459,23.0,206.333,-0.856349,0.0,0.516397
44.816,93.7,218.555,-0.856349,0.0,0.516397
37.4459,93.7,206.333,-0.856349,0.0,0.516397
37.4459,23.0,206.333,-0.909632,0.0,0.415415
37.4459,93.7,206.333,-0.909632,0.0,0.415415
31.517,23.0,193.351,-0.909632,0.0,0.415415
31.517,23.0,193.351,-0.909632,0.0,0.415415
37.4459,93.7,206.333,-0.909632,0.0,0.415415
31.517,93.7,193.351,-0.909632,0.0,0.415415
31.517,23.0,193.351,-0.951057,0.0,0.309017
31.517,93.7,193.351,-0.951057,0.0,0.309017
27.1066,23.0,179.777,-0.951057,0.0,0.309017
27.1066,23.0,179.777,-0.951057,0.0,0.309017
31.517,93.7,193.351,-0.951057,0.0,0.309017
27.1066,93.7,179.777,-0.951057,0.0,0.309017
27.1066,23.0,179.777,-0.980083,0.0,0.19859
27.1066,93.7,179.777,-0.980083,0.0,0.19859
24.2723,23.0,165.789,-0.980083,0.0,0.19859
24.2723,23.0,165.789,-0.980083,0.0,0.19859
27.1066,93.7,179.777,-0.980083,0.0,0.19859
24.2723,93.7,165.789,-0.980083,0.0,0.19859
24.2723,23.0,165.789,-0.996332,0.0,0.0855751
24.2723,93.7,165.789,-0.996332,0.0,0.0855751
23.051,23.0,151.57,-0.996332,0.0,0.0855751
23.051,23.0,151.57,-0.996332,0.0,0.0855751
24.2723,93.7,165.789,-0.996332,0.0,0.0855751
23.051,93.7,151.57,-0.996332,0.0,0.0855751
23.051,23.0,151.57,-0.999592,0.0,-0.028556
23.051,93.7,151.57,-0.999592,0.0,-0.028556
23.4585,23.0,137.303,-0.999592,0.0,-0.028556
23.4585,23.0,137.303,-0.999592,0.0,-0.028556
23.051,93.7,151.57,-0.999592,0.0,-0.028556
23.4585,93.7,137.303,-0.999592,0.0,-0.028556
23.4585,23.0,137.303,-0.989821,0.0,-0.142315
23.4585,93.7,137.303,-0.989821,0.0,-0.142315
25.4897,23.0,123.176,-0.989821,0.0,-0.142315
25.4897,23.0,123.176,-0.989821,0.0,-0.142315
23.4585,93.7,137.303,-0.989821,0.0,-0.142315
25.4897,93.7,123.176,-0.989821,0.0,-0.142315
25.4897,23.0,123.176,-0.967147,0.0,-0.254219
25.4897,93.7,123.176,-0.967147,0.0,-0.254219
29.1179,23.0,109.373,-0.967147,0.0,-0.254219
29.1179,23.0,109.373,-0.967147,0.0,-0.254219
25.4897,93.7,123.176,-0.967147,0.0,-0.254219
29.1179,93.7,109.373,-0.967147,0.0,-0.254219
29.1179,23.0,109.373,-0.931864,0.0,-0.362807
29.1179,93.7,109.373,-0.931864,0.0,-0.362807
34.296,23.0,96.0731,-0.931864,0.0,-0.362807
34.296,23.0,96.0731,-0.931864,0.0,-0.362807
29.1179,93.7,109.373,-0.931864,0.0,-0.362807
34.296,93.7,96.0731,-0.931864,0.0,-0.362807
34.296,23.0,96.0731,-0.884433,0.0,-0.466668
34.296,93.7,96.0731,-0.884433,0.0,-0.466668
40.9564,23.0,83.4503,-0.884433,0.0,-0.466668
40.9564,23.0,83.4503,-0.884433,0.0,-0.466668
34.296,93.7,96.0731,-0.884433,0.0,-0.466668
40.9564,93.7,83.4503,-0.884433,0.0,-0.466668
40.9564,23.0,83.4503,-0.825472,0.0,-0.564443
40.9564,93.7,83.4503,-0.825472,0.0,-0.564443
49.0122,23.0,71.669,-0.825472,0.0,-0.564443
49.0122,23.0,71.669,-0.825472,0.0,-0.564443
40.9564,93.7,83.4503,-0.825472,0.0,-0.564443
49.0122,93.7,71.669,-0.825472,0.0,-0.564443
49.0122,23.0,71.669,-0.75575,0.0,-0.654861
49.0122,93.7,71.669,-0.75575,0.0,-0.654861
58.3585,23.0,60.8828,-0.75575,0.0,-0.654861
58.3585,23.0,60.8828,-0.75575,0.0,-0.654861
49.0122,93.7,71.669,-0.75575,0.0,-0.654861
58.3585,93.7,60.8828,-0.75575,0.0,-0.654861
58.3585,23.0,60.8828,-0.676175,0.0,-0.736741
58.3585,93.7,60.8828,-0.676175,0.0,-0.736741
68.8734,23.0,51.2323,-0.676175,0.0,-0.736741
68.8734,23.0,51.2323,-0.676175,0.0,-0.736741
58.3585,93.7,60.8828,-0.676175,0.0,-0.736741
68.8734,93.7,51.2323,-0.676175,0.0,-0.736741
68.8734,23.0,51.2323,-0.587785,0.0,-0.809017
68.8734,93.7,51.2323,-0.587785,0.0,-0.809017
80.4199,23.0,42.8433,-0.587785,0.0,-0.809017
80.4199,23.0,42.8433,-0.587785,0.0,-0.809017
68.8734,93.7,51.2323,-0.587785,0.0,-0.809017
80.4199,93.7,42.8433,-0.587785,0.0,-0.809017
80.4199,23.0,42.8433,-0.491733,0.0,-0.870746
80.4199,93.7,42.8433,-0.491733,0.0,-0.870746
92.8474,23.0,35.8252,-0.491733,0.0,-0.870746
92.8474,23.0,35.8252,-0.491733,0.0,-0.870746
80.4199,93.7,42.8433,-0.491733,0.0,-0.870746
92.8474,93.7,35.8252,-0.491733,0.0,-0.870746
92.8474,23.0,35.8252,-0.38927,0.0,-0.921124
92.8474,93.7,35.8252,-0.38927,0.0,-0.921124
105.994,23.0,30.2695,-0.38927,0.0,-0.921124
105.994,23.0,30.2695,-0.38927,0.0,-0.921124
92.8474,93.7,35.8252,-0.38927,0.0,-0.921124
105.994,93.7,30.2695,-0.38927,0.0,-0.921124
105.994,23.0,30.2695,-0.281733,0.0,-0.959493
105.994,93.7,30.2695,-0.281733,0.0,-0.959493
119.688,23.0,26.2485,-0.281733,0.0,-0.959493
119.688,23.0,26.2485,-0.281733,0.0,-0.959493
105.994,93.7,30.2695,-0.281733,0.0,-0.959493
119.688,93.7,26.2485,-0.281733,0.0,-0.959493
119.688,23.0,26.2485,-0.170522,0.0,-0.985354
119.688,93.7,26.2485,-0.170522,0.0,-0.985354
133.751,23.0,23.8148,-0.170522,0.0,-0.985354
133.751,23.0,23.8148,-0.170522,0.0,-0.985354
119.688,93.7,26.2485,-0.170522,0.0,-0.985354
133.751,93.7,23.8148,-0.170522,0.0,-0.985354
133.751,23.0,23.8148,-0.0570887,0.0,-0.998369
133.751,93.7,23.8148,-0.0570887,0.0,-0.998369
148.0,23.0,23.0,-0.0570887,0.0,-0.998369
148.0,23.0,23.0,-0.0570887,0.0,-0.998369
133.751,93.7,23.8148,-0.0570887,0.0,-0.998369
148.0,93.7,23.0,-0.0570887,0.0,-0.998369
148.0,23.0,23.0,0.0570887,0.0,-0.998369
148.0,93.7,23.0,0.0570887,0.0,-0.998369
162.249,23.0,23.8148,0.0570887,0.0,-0.998369
162.249,23.0,23.8148,0.0570887,0.0,-0.998369
148.0,93.7,23.0,0.0570887,0.0,-0.998369
162.249,93.7,23.8148,0.0570887,0.0,-0.998369
153.029,93.7,210.297,0.0,1.0,0.0
169.315,93.7,271.169,0.0,1.0,0.0
162.957,93.7,208.684,0.0,1.0,0.0
162.957,93.7,208.684,0.0,1.0,0.0
169.315,93.7,271.169,0.0,1.0,0.0
183.217,93.7,267.937,0.0,1.0,0.0
162.957,93.7,208.684,0.0,1.0,0.0
183.217,93.7,267.937,0.0,1.0,0.0
172.498,93.7,205.499,0.0,1.0,0.0
172.498,93.7,205.499,0.0,1.0,0.0
183.217,93.7,267.937,0.0,1.0,0.0
196.659,93.7,263.14,0.0,1.0,0.0
172.498,93.7,205.499,0.0,1.0,0.0
196.659,93.7,263.14,0.0,1.0,0.0
181.404,93.7,200.824,0.0,1.0,0.0
196.413,93.7,187.528,0.0,1.0,0.0
251.184,93.7,218.555,0.0,1.0,0.0
202.127,93.7,179.25,0.0,1.0,0.0
202.127,93.7,179.25,0.0,1.0,0.0
251.184,93.7,218.555,0.0,1.0,0.0
258.554,93.7,206.333,0.0,1.0,0.0
202.127,93.7,179.25,0.0,1.0,0.0
258.554,93.7,206.333,0.0,1.0,0.0
206.439,93.7,170.163,0.0,1.0,0.0
206.439,93.7,170.163,0.0,1.0,0.0
258.554,93.7,206.333,0.0,1.0,0.0
264.483,93.7,193.351,0.0,1.0,0.0
206.439,93.7,170.163,0.0,1.0,0.0
264.483,93.7,193.351,0.0,1.0,0.0
209.237,93.7,160.502,0.0,1.0,0.0
196.659,93.7,263.14,0.0,1.0,0.0
209.467,93.7,256.843,0.0,1.0,0.0
181.404,93.7,200.824,0.0,1.0,0.0
181.404,93.7,200.824,0.0,1.0,0.0
209.467,93.7,256.843,0.0,1.0,0.0
221.473,93.7,249.127,0.0,1.0,0.0
181.404,93.7,200.824,0.0,1.0,0.0
221.473,93.7,249.127,0.0,1.0,0.0
189.445,93.7,194.782,0.0,1.0,0.0
189.445,93.7,194.782,0.0,1.0,0.0
221.473,93.7,249.127,0.0,1.0,0.0
232.522,93.7,240.093,0.0,1.0,0.0
189.445,93.7,194.782,0.0,1.0,0.0
232.522,93.7,240.093,0.0,1.0,0.0
196.413,93.7,187.528,0.0,1.0,0.0
196.413,93.7,187.528,0.0,1.0,0.0
232.522,93.7,240.093,0.0,1.0,0.0
242.469,93.7,229.858,0.0,1.0,0.0
196.413,93.7,187.528,0.0,1.0,0.0
242.469,93.7,229.858,0.0,1.0,0.0
251.184,93.7,218.555,0.0,1.0,0.0
133.043,93.7,208.684,0.0,1.0,0.0
126.685,93.7,271.169,0.0,1.0,0.0
142.971,93.7,210.297,0.0,1.0,0.0
142.971,93.7,210.297,0.0,1.0,0.0
126.685,93.7,271.169,0.0,1.0,0.0
140.864,93.7,272.796,0.0,1.0,0.0
142.971,93.7,210.297,0.0,1.0,0.0
140.864,93.7,272.796,0.0,1.0,0.0
153.029,93.7,210.297,0.0,1.0,0.0
153.029,93.7,210.297,0.0,1.0,0.0
140.864,93.7,272.796,0.0,1.0,0.0
155.136,93.7,272.796,0.0,1.0,0.0
153.029,93.7,210.297,0.0,1.0,0.0
155.136,93.7,272.796,0.0,1.0,0.0
169.315,93.7,271.169,0.0,1.0,0.0
106.555,93.7,194.782,0.0,1.0,0.0
74.5268,93.7,249.127,0.0,1.0,0.0
114.596,93.7,200.824,0.0,1.0,0.0
114.596,93.7,200.824,0.0,1.0,0.0
74.5268,93.7,249.127,0.0,1.0,0.0
86.5334,93.7,256.843,0.0,1.0,0.0
114.596,93.7,200.824,0.0,1.0,0.0
86.5334,93.7,256.843,0.0,1.0,0.0
123.502,93.7,205.499,0.0,1.0,0.0
123.502,93.7,205.499,0.0,1.0,0.0
86.5334,93.7,256.843,0.0,1.0,0.0
99.3412,93.7,263.14,0.0,1.0,0.0
123.502,93.7,205.499,0.0,1.0,0.0
99.3412,93.7,263.14,0.0,1.0,0.0
133.043,93.7,208.684,0.0,1.0,0.0
133.043,93.7,208.684,0.0,1.0,0.0
99.3412,93.7,263.14,0.0,1.0,0.0
112.783,93.7,267.937,0.0,1.0,0.0
133.043,93.7,208.684,0.0,1.0,0.0
112.783,93.7,267.937,0.0,1.0,0.0
126.685,93.7,271.169,0.0,1.0,0.0
264.483,93.7,193.351,0.0,1.0,0.0
268.893,93.7,179.777,0.0,1.0,0.0
209.237,93.7,160.502,0.0,1.0,0.0
209.237,93.7,160.502,0.0,1.0,0.0
268.893,93.7,179.777,0.0,1.0,0.0
271.728,93.7,165.789,0.0,1.0,0.0
209.237,93.7,160.502,0.0,1.0,0.0
271.728,93.7,165.789,0.0,1.0,0.0
210.449,93.7,150.517,0.0,1.0,0.0
210.449,93.7,150.517,0.0,1.0,0.0
271.728,93.7,165.789,0.0,1.0,0.0
272.949,93.7,151.57,0.0,1.0,0.0
210.449,93.7,150.517,0.0,1.0,0.0
272.949,93.7,151.57,0.0,1.0,0.0
210.044,93.7,140.466,0.0,1.0,0.0
93.8734,93.7,179.25,0.0,1.0,0.0
44.816,93.7,218.555,0.0,1.0,0.0
99.5872,93.7,187.528,0.0,1.0,0.0
99.5872,93.7,187.528,0.0,1.0,0.0
44.816,93.7,218.555,0.0,1.0,0.0
53.5313,93.7,229.858,0.0,1.0,0.0
99.5872,93.7,187.528,0.0,1.0,0.0
53.5313,93.7,229.858,0.0,1.0,0.0
106.555,93.7,194.782,0.0,1.0,0.0
106.555,93.7,194.782,0.0,1.0,0.0
53.5313,93.7,229.858,0.0,1.0,0.0
63.4781,93.7,240.093,0.0,1.0,0.0
106.555,93.7,194.782,0.0,1.0,0.0
63.4781,93.7,240.093,0.0,1.0,0.0
74.5268,93.7,249.127,0.0,1.0,0.0
87.9676,93.7,130.611,0.0,1.0,0.0
25.4897,93.7,123.176,0.0,1.0,0.0
85.9557,93.7,140.466,0.0,1.0,0.0
85.9557,93.7,140.466,0.0,1.0,0.0
25.4897,93.7,123.176,0.0,1.0,0.0
23.4585,93.7,137.303,0.0,1.0,0.0
85.9557,93.7,140.466,0.0,1.0,0.0
23.4585,93.7,137.303,0.0,1.0,0.0
85.5507,93.7,150.517,0.0,1.0,0.0
23.4585,93.7,137.303,0.0,1.0,0.0
23.051,93.7,151.57,0.0,1.0,0.0
85.5507,93.7,150.517,0.0,1.0,0.0
85.5507,93.7,150.517,0.0,1.0,0.0
23.051,93.7,151.57,0.0,1.0,0.0
24.2723,93.7,165.789,0.0,1.0,0.0
85.5507,93.7,150.517,0.0,1.0,0.0
24.2723,93.7,165.789,0.0,1.0,0.0
86.7631,93.7,160.502,0.0,1.0,0.0
86.7631,93.7,160.502,0.0,1.0,0.0
24.2723,93.7,165.789,0.0,1.0,0.0
27.1066,93.7,179.777,0.0,1.0,0.0
86.7631,93.7,160.502,0.0,1.0,0.0
27.1066,93.7,179.777,0.0,1.0,0.0
89.5615,93.7,170.163,0.0,1.0,0.0
89.5615,93.7,170.163,0.0,1.0,0.0
27.1066,93.7,179.777,0.0,1.0,0.0
31.517,93.7,193.351,0.0,1.0,0.0
89.5615,93.7,170.163,0.0,1.0,0.0
31.517,93.7,193.351,0.0,1.0,0.0
93.8734,93.7,179.25,0.0,1.0,0.0
93.8734,93.7,179.25,0.0,1.0,0.0
31.517,93.7,193.351,0.0,1.0,0.0
37.4459,93.7,206.333,0.0,1.0,0.0
93.8734,93.7,179.25,0.0,1.0,0.0
37.4459,93.7,206.333,0.0,1.0,0.0
44.816,93.7,218.555,0.0,1.0,0.0
272.949,93.7,151.57,0.0,1.0,0.0
272.541,93.7,137.303,0.0,1.0,0.0
210.044,93.7,140.466,0.0,1.0,0.0
210.044,93.7,140.466,0.0,1.0,0.0
272.541,93.7,137.303,0.0,1.0,0.0
270.51,93.7,123.176,0.0,1.0,0.0
210.044,93.7,140.466,0.0,1.0,0.0
270.51,93.7,123.176,0.0,1.0,0.0
208.032,93.7,130.611,0.0,1.0,0.0
208.032,93.7,130.611,0.0,1.0,0.0
270.51,93.7,123.176,0.0,1.0,0.0
266.882,93.7,109.373,0.0,1.0,0.0
208.032,93.7,130.611,0.0,1.0,0.0
266.882,93.7,109.373,0.0,1.0,0.0
204.466,93.7,121.207,0.0,1.0,0.0
96.5635,93.7,112.496,0.0,1.0,0.0
40.9564,93.7,83.4503,0.0,1.0,0.0
91.5343,93.7,121.207,0.0,1.0,0.0
91.5343,93.7,121.207,0.0,1.0,0.0
40.9564,93.7,83.4503,0.0,1.0,0.0
34.296,93.7,96.0731,0.0,1.0,0.0
91.5343,93.7,121.207,0.0,1.0,0.0
34.296,93.7,96.0731,0.0,1.0,0.0
87.9676,93.7,130.611,0.0,1.0,0.0
87.9676,93.7,130.611,0.0,1.0,0.0
34.296,93.7,96.0731,0.0,1.0,0.0
29.1179,93.7,109.373,0.0,1.0,0.0
87.9676,93.7,130.611,0.0,1.0,0.0
29.1179,93.7,109.373,0.0,1.0,0.0
25.4897,93.7,123.176,0.0,1.0,0.0
118.955,93.7,92.659,0.0,1.0,0.0
80.4199,93.7,42.8433,0.0,1.0,0.0
110.454,93.7,98.0348,0.0,1.0,0.0
110.454,93.7,98.0348,0.0,1.0,0.0
80.4199,93.7,42.8433,0.0,1.0,0.0
68.8734,93.7,51.2323,0.0,1.0,0.0
110.454,93.7,98.0348,0.0,1.0,0.0
68.8734,93.7,51.2323,0.0,1.0,0.0
102.925,93.7,104.705,0.0,1.0,0.0
102.925,93.7,104.705,0.0,1.0,0.0
68.8734,93.7,51.2323,0.0,1.0,0.0
58.3585,93.7,60.8828,0.0,1.0,0.0
102.925,93.7,104.705,0.0,1.0,0.0
58.3585,93.7,60.8828,0.0,1.0,0.0
96.5635,93.7,112.496,0.0,1.0,0.0
96.5635,93.7,112.496,0.0,1.0,0.0
58.3585,93.7,60.8828,0.0,1.0,0.0
49.0122,93.7,71.669,0.0,1.0,0.0
96.5635,93.7,112.496,0.0,1.0,0.0
49.0122,93.7,71.669,0.0,1.0,0.0
40.9564,93.7,83.4503,0.0,1.0,0.0
137.974,93.7,86.3094,0.0,1.0,0.0
119.688,93.7,26.2485,0.0,1.0,0.0
128.208,93.7,88.7165,0.0,1.0,0.0
128.208,93.7,88.7165,0.0,1.0,0.0
119.688,93.7,26.2485,0.0,1.0,0.0
105.994,93.7,30.2695,0.0,1.0,0.0
128.208,93.7,88.7165,0.0,1.0,0.0
105.994,93.7,30.2695,0.0,1.0,0.0
118.955,93.7,92.659,0.0,1.0,0.0
118.955,93.7,92.659,0.0,1.0,0.0
105.994,93.7,30.2695,0.0,1.0,0.0
92.8474,93.7,35.8252,0.0,1.0,0.0
118.955,93.7,92.659,0.0,1.0,0.0
92.8474,93.7,35.8252,0.0,1.0,0.0
80.4199,93.7,42.8433,0.0,1.0,0.0
167.792,93.7,88.7165,0.0,1.0,0.0
176.312,93.7,26.2485,0.0,1.0,0.0
158.026,93.7,86.3094,0.0,1.0,0.0
158.026,93.7,86.3094,0.0,1.0,0.0
176.312,93.7,26.2485,0.0,1.0,0.0
162.249,93.7,23.8148,0.0,1.0,0.0
158.026,93.7,86.3094,0.0,1.0,0.0
162.249,93.7,23.8148,0.0,1.0,0.0
148.0,93.7,85.5,0.0,1.0,0.0
148.0,93.7,85.5,0.0,1.0,0.0
162.249,93.7,23.8148,0.0,1.0,0.0
148.0,93.7,23.0,0.0,1.0,0.0
148.0,93.7,85.5,0.0,1.0,0.0
148.0,93.7,23.0,0.0,1.0,0.0
137.974,93.7,86.3094,0.0,1.0,0.0
137.974,93.7,86.3094,0.0,1.0,0.0
148.0,93.7,23.0,0.0,1.0,0.0
133.751,93.7,23.8148,0.0,1.0,0.0
137.974,93.7,86.3094,0.0,1.0,0.0
133.751,93.7,23.8148,0.0,1.0,0.0
119.688,93.7,26.2485,0.0,1.0,0.0
185.546,93.7,98.0348,0.0,1.0,0.0
215.58,93.7,42.8433,0.0,1.0,0.0
177.045,93.7,92.659,0.0,1.0,0.0
177.045,93.7,92.659,0.0,1.0,0.0
215.58,93.7,42.8433,0.0,1.0,0.0
203.153,93.7,35.8252,0.0,1.0,0.0
177.045,93.7,92.659,0.0,1.0,0.0
203.153,93.7,35.8252,0.0,1.0,0.0
167.792,93.7,88.7165,0.0,1.0,0.0
167.792,93.7,88.7165,0.0,1.0,0.0
203.153,93.7,35.8252,0.0,1.0,0.0
190.006,93.7,30.2695,0.0,1.0,0.0
167.792,93.7,88.7165,0.0,1.0,0.0
190.006,93.7,30.2695,0.0,1.0,0.0
176.312,93.7,26.2485,0.0,1.0,0.0
266.882,93.7,109.373,0.0,1.0,0.0
261.704,93.7,96.0731,0.0,1.0,0.0
204.466,93.7,121.207,0.0,1.0,0.0
204.466,93.7,121.207,0.0,1.0,0.0
261.704,93.7,96.0731,0.0,1.0,0.0
255.044,93.7,83.4503,0.0,1.0,0.0
204.466,93.7,121.207,0.0,1.0,0.0
255.044,93.7,83.4503,0.0,1.0,0.0
199.436,93.7,112.496,0.0,1.0,0.0
199.436,93.7,112.496,0.0,1.0,0.0
255.044,93.7,83.4503,0.0,1.0,0.0
246.988,93.7,71.669,0.0,1.0,0.0
199.436,93.7,112.496,0.0,1.0,0.0
246.988,93.7,71.669,0.0,1.0,0.0
193.075,93.7,104.705,0.0,1.0,0.0
193.075,93.7,104.705,0.0,1.0,0.0
246.988,93.7,71.669,0.0,1.0,0.0
237.641,93.7,60.8828,0.0,1.0,0.0
193.075,93.7,104.705,0.0,1.0,0.0
237.641,93.7,60.8828,0.0,1.0,0.0
185.546,93.7,98.0348,0.0,1.0,0.0
185.546,93.7,98.0348,0.0,1.0,0.0
237.641,93.7,60.8828,0.0,1.0,0.0
227.127,93.7,51.2323,0.0,1.0,0.0
185.546,93.7,98.0348,0.0,1.0,0.0
227.127,93.7,51.2323,0.0,1.0,0.0
215.58,93.7,42.8433,0.0,1.0,0.0
27.1066,23.0,179.777,0.0,1.0,0.0
7.24364,23.0,193.735,0.0,1.0,0.0
31.517,23.0,193.351,0.0,1.0,0.0
31.517,23.0,193.351,0.0,1.0,0.0
7.24364,23.0,193.735,0.0,1.0,0.0
12.7953,23.0,208.197,0.0,1.0,0.0
31.517,23.0,193.351,0.0,1.0,0.0
12.7953,23.0,208.197,0.0,1.0,0.0
37.4459,23.0,206.333,0.0,1.0,0.0
37.4459,23.0,206.333,0.0,1.0,0.0
12.7953,23.0,208.197,0.0,1.0,0.0
19.8282,23.0,222.0,0.0,1.0,0.0
37.4459,23.0,206.333,0.0,1.0,0.0
19.8282,23.0,222.0,0.0,1.0,0.0
44.816,23.0,218.555,0.0,1.0,0.0
44.816,23.0,218.555,0.0,1.0,0.0
19.8282,23.0,222.0,0.0,1.0,0.0
28.2655,23.0,234.992,0.0,1.0,0.0
44.816,23.0,218.555,0.0,1.0,0.0
28.2655,23.0,234.992,0.0,1.0,0.0
53.5313,23.0,229.858,0.0,1.0,0.0
53.5313,23.0,229.858,0.0,1.0,0.0
28.2655,23.0,234.992,0.0,1.0,0.0
38.0146,23.0,247.031,0.0,1.0,0.0
53.5313,23.0,229.858,0.0,1.0,0.0
38.0146,23.0,247.031,0.0,1.0,0.0
63.4781,23.0,240.093,0.0,1.0,0.0
63.4781,23.0,240.093,0.0,1.0,0.0
38.0146,23.0,247.031,0.0,1.0,0.0
48.9687,23.0,257.985,0.0,1.0,0.0
63.4781,23.0,240.093,0.0,1.0,0.0
48.9687,23.0,257.985,0.0,1.0,0.0
74.5268,23.0,249.127,0.0,1.0,0.0
74.5268,23.0,249.127,0.0,1.0,0.0
48.9687,23.0,257.985,0.0,1.0,0.0
61.0078,23.0,267.735,0.0,1.0,0.0
74.5268,23.0,249.127,0.0,1.0,0.0
61.0078,23.0,267.735,0.0,1.0,0.0
86.5334,23.0,256.843,0.0,1.0,0.0
86.5334,23.0,256.843,0.0,1.0,0.0
61.0078,23.0,267.735,0.0,1.0,0.0
74.0,23.0,276.172,0.0,1.0,0.0
86.5334,23.0,256.843,0.0,1.0,0.0
74.0,23.0,276.172,0.0,1.0,0.0
99.3412,23.0,263.14,0.0,1.0,0.0
99.3412,23.0,263.14,0.0,1.0,0.0
74.0,23.0,276.172,0.0,1.0,0.0
87.803,23.0,283.205,0.0,1.0,0.0
99.3412,23.0,263.14,0.0,1.0,0.0
87.803,23.0,283.205,0.0,1.0,0.0
112.783,23.0,267.937,0.0,1.0,0.0
112.783,23.0,267.937,0.0,1.0,0.0
87.803,23.0,283.205,0.0,1.0,0.0
102.265,23.0,288.756,0.0,1.0,0.0
112.783,23.0,267.937,0.0,1.0,0.0
102.265,23.0,288.756,0.0,1.0,0.0
126.685,23.0,271.169,0.0,1.0,0.0
126.685,23.0,271.169,0.0,1.0,0.0
102.265,23.0,288.756,0.0,1.0,0.0
117.229,23.0,292.766,0.0,1.0,0.0
126.685,23.0,271.169,0.0,1.0,0.0
117.229,23.0,292.766,0.0,1.0,0.0
140.864,23.0,272.796,0.0,1.0,0.0
117.229,23.0,292.766,0.0,1.0,0.0
132.53,23.0,295.189,0.0,1.0,0.0
140.864,23.0,272.796,0.0,1.0,0.0
140.864,23.0,272.796,0.0,1.0,0.0
132.53,23.0,295.189,0.0,1.0,0.0
148.0,23.0,296.0,0.0,1.0,0.0
140.864,23.0,272.796,0.0,1.0,0.0
148.0,23.0,296.0,0.0,1.0,0.0
155.136,23.0,272.796,0.0,1.0,0.0
155.136,23.0,272.796,0.0,1.0,0.0
148.0,23.0,296.0,0.0,1.0,0.0
163.47,23.0,295.189,0.0,1.0,0.0
155.136,23.0,272.796,0.0,1.0,0.0
163.47,23.0,295.189,0.0,1.0,0.0
169.315,23.0,271.169,0.0,1.0,0.0
169.315,23.0,271.169,0.0,1.0,0.0
163.47,23.0,295.189,0.0,1.0,0.0
178.771,23.0,292.766,0.0,1.0,0.0
169.315,23.0,271.169,0.0,1.0,0.0
178.771,23.0,292.766,0.0,1.0,0.0
183.217,23.0,267.937,0.0,1.0,0.0
183.217,23.0,267.937,0.0,1.0,0.0
178.771,23.0,292.766,0.0,1.0,0.0
193.735,23.0,288.756,0.0,1.0,0.0
183.217,23.0,267.937,0.0,1.0,0.0
193.735,23.0,288.756,0.0,1.0,0.0
196.659,23.0,263.14,0.0,1.0,0.0
196.659,23.0,263.14,0.0,1.0,0.0
193.735,23.0,288.756,0.0,1.0,0.0
208.197,23.0,283.205,0.0,1.0,0.0
196.659,23.0,263.14,0.0,1.0,0.0
208.197,23.0,283.205,0.0,1.0,0.0
209.467,23.0,256.843,0.0,1.0,0.0
209.467,23.0,256.843,0.0,1.0,0.0
208.197,23.0,283.205,0.0,1.0,0.0
222.0,23.0,276.172,0.0,1.0,0.0
209.467,23.0,256.843,0.0,1.0,0.0
222.0,23.0,276.172,0.0,1.0,0.0
221.473,23.0,249.127,0.0,1.0,0.0
221.473,23.0,249.127,0.0,1.0,0.0
222.0,23.0,276.172,0.0,1.0,0.0
234.992,23.0,267.735,0.0,1.0,0.0
221.473,23.0,249.127,0.0,1.0,0.0
234.992,23.0,267.735,0.0,1.0,0.0
232.522,23.0,240.093,0.0,1.0,0.0
232.522,23.0,240.093,0.0,1.0,0.0
234.992,23.0,267.735,0.0,1.0,0.0
247.031,23.0,257.985,0.0,1.0,0.0
232.522,23.0,240.093,0.0,1.0,0.0
247.031,23.0,257.985,0.0,1.0,0.0
242.469,23.0,229.858,0.0,1.0,0.0
242.469,23.0,229.858,0.0,1.0,0.0
247.031,23.0,257.985,0.0,1.0,0.0
257.985,23.0,247.031,0.0,1.0,0.0
242.469,23.0,229.858,0.0,1.0,0.0
257.985,23.0,247.031,0.0,1.0,0.0
251.184,23.0,218.555,0.0,1.0,0.0
251.184,23.0,218.555,0.0,1.0,0.0
257.985,23.0,247.031,0.0,1.0,0.0
267.735,23.0,234.992,0.0,1.0,0.0
251.184,23.0,218.555,0.0,1.0,0.0
267.735,23.0,234.992,0.0,1.0,0.0
258.554,23.0,206.333,0.0,1.0,0.0
258.554,23.0,206.333,0.0,1.0,0.0
267.735,23.0,234.992,0.0,1.0,0.0
276.172,23.0,222.0,0.0,1.0,0.0
258.554,23.0,206.333,0.0,1.0,0.0
276.172,23.0,222.0,0.0,1.0,0.0
264.483,23.0,193.351,0.0,1.0,0.0
80.4199,23.0,42.8433,0.0,1.0,0.0
61.0078,23.0,28.2655,0.0,1.0,0.0
68.8734,23.0,51.2323,0.0,1.0,0.0
68.8734,23.0,51.2323,0.0,1.0,0.0
61.0078,23.0,28.2655,0.0,1.0,0.0
48.9687,23.0,38.0146,0.0,1.0,0.0
68.8734,23.0,51.2323,0.0,1.0,0.0
48.9687,23.0,38.0146,0.0,1.0,0.0
58.3585,23.0,60.8828,0.0,1.0,0.0
58.3585,23.0,60.8828,0.0,1.0,0.0
48.9687,23.0,38.0146,0.0,1.0,0.0
38.0146,23.0,48.9687,0.0,1.0,0.0
58.3585,23.0,60.8828,0.0,1.0,0.0
38.0146,23.0,48.9687,0.0,1.0,0.0
49.0122,23.0,71.669,0.0,1.0,0.0
49.0122,23.0,71.669,0.0,1.0,0.0
38.0146,23.0,48.9687,0.0,1.0,0.0
28.2655,23.0,61.0078,0.0,1.0,0.0
49.0122,23.0,71.669,0.0,1.0,0.0
28.2655,23.0,61.0078,0.0,1.0,0.0
40.9564,23.0,83.4503,0.0,1.0,0.0
40.9564,23.0,83.4503,0.0,1.0,0.0
28.2655,23.0,61.0078,0.0,1.0,0.0
19.8282,23.0,74.0,0.0,1.0,0.0
40.9564,23.0,83.4503,0.0,1.0,0.0
19.8282,23.0,74.0,0.0,1.0,0.0
34.296,23.0,96.0731,0.0,1.0,0.0
34.296,23.0,96.0731,0.0,1.0,0.0
19.8282,23.0,74.0,0.0,1.0,0.0
12.7953,23.0,87.803,0.0,1.0,0.0
34.296,23.0,96.0731,0.0,1.0,0.0
12.7953,23.0,87.803,0.0,1.0,0.0
29.1179,23.0,109.373,0.0,1.0,0.0
29.1179,23.0,109.373,0.0,1.0,0.0
12.7953,23.0,87.803,0.0,1.0,0.0
7.24364,23.0,102.265,0.0,1.0,0.0
29.1179,23.0,109.373,0.0,1.0,0.0
7.24364,23.0,102.265,0.0,1.0,0.0
25.4897,23.0,123.176,0.0,1.0,0.0
25.4897,23.0,123.176,0.0,1.0,0.0
7.24364,23.0,102.265,0.0,1.0,0.0
3.23416,23.0,117.229,0.0,1.0,0.0
25.4897,23.0,123.176,0.0,1.0,0.0
3.23416,23.0,117.229,0.0,1.0,0.0
23.4585,23.0,137.303,0.0,1.0,0.0
23.4585,23.0,137.303,0.0,1.0,0.0
3.23416,23.0,117.229,0.0,1.0,0.0
0.810765,23.0,132.53,0.0,1.0,0.0
23.4585,23.0,137.303,0.0,1.0,0.0
0.810765,23.0,132.53,0.0,1.0,0.0
23.051,23.0,151.57,0.0,1.0,0.0
23.051,23.0,151.57,0.0,1.0,0.0
0.810765,23.0,132.53,0.0,1.0,0.0
0.0,23.0,148.0,0.0,1.0,0.0
23.051,23.0,151.57,0.0,1.0,0.0
0.0,23.0,148.0,0.0,1.0,0.0
24.2723,23.0,165.789,0.0,1.0,0.0
24.2723,23.0,165.789,0.0,1.0,0.0
0.0,23.0,148.0,0.0,1.0,0.0
0.810765,23.0,163.47,0.0,1.0,0.0
24.2723,23.0,165.789,0.0,1.0,0.0
0.810765,23.0,163.47,0.0,1.0,0.0
27.1066,23.0,179.777,0.0,1.0,0.0
27.1066,23.0,179.777,0.0,1.0,0.0
0.810765,23.0,163.47,0.0,1.0,0.0
3.23416,23.0,178.771,0.0,1.0,0.0
27.1066,23.0,179.777,0.0,1.0,0.0
3.23416,23.0,178.771,0.0,1.0,0.0
7.24364,23.0,193.735,0.0,1.0,0.0
227.127,23.0,51.2323,0.0,1.0,0.0
234.992,23.0,28.2655,0.0,1.0,0.0
215.58,23.0,42.8433,0.0,1.0,0.0
215.58,23.0,42.8433,0.0,1.0,0.0
234.992,23.0,28.2655,0.0,1.0,0.0
222.0,23.0,19.8282,0.0,1.0,0.0
215.58,23.0,42.8433,0.0,1.0,0.0
222.0,23.0,19.8282,0.0,1.0,0.0
203.153,23.0,35.8252,0.0,1.0,0.0
203.153,23.0,35.8252,0.0,1.0,0.0
222.0,23.0,19.8282,0.0,1.0,0.0
208.197,23.0,12.7953,0.0,1.0,0.0
203.153,23.0,35.8252,0.0,1.0,0.0
208.197,23.0,12.7953,0.0,1.0,0.0
190.006,23.0,30.2695,0.0,1.0,0.0
190.006,23.0,30.2695,0.0,1.0,0.0
208.197,23.0,12.7953,0.0,1.0,0.0
193.735,23.0,7.24363,0.0,1.0,0.0
190.006,23.0,30.2695,0.0,1.0,0.0
193.735,23.0,7.24363,0.0,1.0,0.0
176.312,23.0,26.2485,0.0,1.0,0.0
176.312,23.0,26.2485,0.0,1.0,0.0
193.735,23.0,7.24363,0.0,1.0,0.0
178.771,23.0,3.23416,0.0,1.0,0.0
176.312,23.0,26.2485,0.0,1.0,0.0
178.771,23.0,3.23416,0.0,1.0,0.0
162.249,23.0,23.8148,0.0,1.0,0.0
162.249,23.0,23.8148,0.0,1.0,0.0
178.771,23.0,3.23416,0.0,1.0,0.0
163.47,23.0,0.810757,0.0,1.0,0.0
162.249,23.0,23.8148,0.0,1.0,0.0
163.47,23.0,0.810757,0.0,1.0,0.0
148.0,23.0,23.0,0.0,1.0,0.0
148.0,23.0,23.0,0.0,1.0,0.0
163.47,23.0,0.810757,0.0,1.0,0.0
148.0,23.0,0.0,0.0,1.0,0.0
148.0,23.0,23.0,0.0,1.0,0.0
148.0,23.0,0.0,0.0,1.0,0.0
133.751,23.0,23.8148,0.0,1.0,0.0
133.751,23.0,23.8148,0.0,1.0,0.0
148.0,23.0,0.0,0.0,1.0,0.0
132.53,23.0,0.810757,0.0,1.0,0.0
133.751,23.0,23.8148,0.0,1.0,0.0
132.53,23.0,0.810757,0.0,1.0,0.0
119.688,23.0,26.2485,0.0,1.0,0.0
119.688,23.0,26.2485,0.0,1.0,0.0
132.53,23.0,0.810757,0.0,1.0,0.0
117.229,23.0,3.23416,0.0,1.0,0.0
119.688,23.0,26.2485,0.0,1.0,0.0
117.229,23.0,3.23416,0.0,1.0,0.0
105.994,23.0,30.2695,0.0,1.0,0.0
105.994,23.0,30.2695,0.0,1.0,0.0
117.229,23.0,3.23416,0.0,1.0,0.0
102.265,23.0,7.24363,0.0,1.0,0.0
105.994,23.0,30.2695,0.0,1.0,0.0
102.265,23.0,7.24363,0.0,1.0,0.0
92.8474,23.0,35.8252,0.0,1.0,0.0
92.8474,23.0,35.8252,0.0,1.0,0.0
102.265,23.0,7.24363,0.0,1.0,0.0
87.803,23.0,12.7953,0.0,1.0,0.0
92.8474,23.0,35.8252,0.0,1.0,0.0
87.803,23.0,12.7953,0.0,1.0,0.0
80.4199,23.0,42.8433,0.0,1.0,0.0
80.4199,23.0,42.8433,0.0,1.0,0.0
87.803,23.0,12.7953,0.0,1.0,0.0
74.0,23.0,19.8282,0.0,1.0,0.0
80.4199,23.0,42.8433,0.0,1.0,0.0
74.0,23.0,19.8282,0.0,1.0,0.0
61.0078,23.0,28.2655,0.0,1.0,0.0
276.172,23.0,222.0,0.0,1.0,0.0
283.205,23.0,208.197,0.0,1.0,0.0
264.483,23.0,193.351,0.0,1.0,0.0
264.483,23.0,193.351,0.0,1.0,0.0
283.205,23.0,208.197,0.0,1.0,0.0
288.756,23.0,193.735,0.0,1.0,0.0
264.483,23.0,193.351,0.0,1.0,0.0
288.756,23.0,193.735,0.0,1.0,0.0
268.893,23.0,179.777,0.0,1.0,0.0
268.893,23.0,179.777,0.0,1.0,0.0
288.756,23.0,193.735,0.0,1.0,0.0
292.766,23.0,178.771,0.0,1.0,0.0
268.893,23.0,179.777,0.0,1.0,0.0
292.766,23.0,178.771,0.0,1.0,0.0
271.728,23.0,165.789,0.0,1.0,0.0
271.728,23.0,165.789,0.0,1.0,0.0
292.766,23.0,178.771,0.0,1.0,0.0
295.189,23.0,163.47,0.0,1.0,0.0
271.728,23.0,165.789,0.0,1.0,0.0
295.189,23.0,163.47,0.0,1.0,0.0
272.949,23.0,151.57,0.0,1.0,0.0
272.949,23.0,151.57,0.0,1.0,0.0
295.189,23.0,163.47,0.0,1.0,0.0
296.0,23.0,148.0,0.0,1.0,0.0
272.949,23.0,151.57,0.0,1.0,0.0
296.0,23.0,148.0,0.0,1.0,0.0
272.541,23.0,137.303,0.0,1.0,0.0
272.541,23.0,137.303,0.0,1.0,0.0
296.0,23.0,148.0,0.0,1.0,0.0
295.189,23.0,132.53,0.0,1.0,0.0
272.541,23.0,137.303,0.0,1.0,0.0
295.189,23.0,132.53,0.0,1.0,0.0
270.51,23.0,123.176,0.0,1.0,0.0
270.51,23.0,123.176,0.0,1.0,0.0
295.189,23.0,132.53,0.0,1.0,0.0
292.766,23.0,117.229,0.0,1.0,0.0
270.51,23.0,123.176,0.0,1.0,0.0
292.766,23.0,117.229,0.0,1.0,0.0
266.882,23.0,109.373,0.0,1.0,0.0
266.882,23.0,109.373,0.0,1.0,0.0
292.766,23.0,117.229,0.0,1.0,0.0
288.756,23.0,102.265,0.0,1.0,0.0
266.882,23.0,109.373,0.0,1.0,0.0
288.756,23.0,102.265,0.0,1.0,0.0
261.704,23.0,96.0731,0.0,1.0,0.0
261.704,23.0,96.0731,0.0,1.0,0.0
288.756,23.0,102.265,0.0,1.0,0.0
283.205,23.0,87.803,0.0,1.0,0.0
261.704,23.0,96.0731,0.0,1.0,0.0
283.205,23.0,87.803,0.0,1.0,0.0
255.044,23.0,83.4503,0.0,1.0,0.0
255.044,23.0,83.4503,0.0,1.0,0.0
283.205,23.0,87.803,0.0,1.0,0.0
276.172,23.0,74.0,0.0,1.0,0.0
255.044,23.0,83.4503,0.0,1.0,0.0
276.172,23.0,74.0,0.0,1.0,0.0
246.988,23.0,71.669,0.0,1.0,0.0
246.988,23.0,71.669,0.0,1.0,0.0
276.172,23.0,74.0,0.0,1.0,0.0
267.735,23.0,61.0078,0.0,1.0,0.0
246.988,23.0,71.669,0.0,1.0,0.0
267.735,23.0,61.0078,0.0,1.0,0.0
237.641,23.0,60.8828,0.0,1.0,0.0
237.641,23.0,60.8828,0.0,1.0,0.0
267.735,23.0,61.0078,0.0,1.0,0.0
257.985,23.0,48.9687,0.0,1.0,0.0
237.641,23.0,60.8828,0.0,1.0,0.0
257.985,23.0,48.9687,0.0,1.0,0.0
227.127,23.0,51.2323,0.0,1.0,0.0
227.127,23.0,51.2323,0.0,1.0,0.0
257.985,23.0,48.9687,0.0,1.0,0.0
247.031,23.0,38.0146,0.0,1.0,0.0
227.127,23.0,51.2323,0.0,1.0,0.0
247.031,23.0,38.0146,0.0,1.0,0.0
234.992,23.0,28.2655,0.0,1.0,0.0
158.026,93.7,86.3094,-0.239316,0.0,0.970942
158.026,0.0,86.3094,-0.239316,0.0,0.970942
167.792,93.7,88.7165,-0.239316,0.0,0.970942
167.792,93.7,88.7165,-0.239316,0.0,0.970942
158.026,0.0,86.3094,-0.239316,0.0,0.970942
167.792,0.0,88.7165,-0.239316,0.0,0.970942
167.792,93.7,88.7165,-0.391966,0.0,0.91998
167.792,0.0,88.7165,-0.391966,0.0,0.91998
177.045,93.7,92.659,-0.391966,0.0,0.91998
177.045,93.7,92.659,-0.391966,0.0,0.91998
167.792,0.0,88.7165,-0.391966,0.0,0.91998
177.045,0.0,92.659,-0.391966,0.0,0.91998
177.045,93.7,92.659,-0.534465,0.0,0.84519
177.045,0.0,92.659,-0.534465,0.0,0.84519
185.546,93.7,98.0348,-0.534465,0.0,0.84519
185.546,93.7,98.0348,-0.534465,0.0,0.84519
177.045,0.0,92.659,-0.534465,0.0,0.84519
185.546,0.0,98.0348,-0.534465,0.0,0.84519
185.546,93.7,98.0348,-0.663123,0.0,0.74851
185.546,0.0,98.0348,-0.663123,0.0,0.74851
193.075,93.7,104.705,-0.663123,0.0,0.74851
193.075,93.7,104.705,-0.663123,0.0,0.74851
185.546,0.0,98.0348,-0.663123,0.0,0.74851
193.075,0.0,104.705,-0.663123,0.0,0.74851
193.075,93.7,104.705,-0.774605,0.0,0.632445
193.075,0.0,104.705,-0.774605,0.0,0.632445
199.436,93.7,112.496,-0.774605,0.0,0.632445
199.436,93.7,112.496,-0.774605,0.0,0.632445
193.075,0.0,104.705,-0.774605,0.0,0.632445
199.436,0.0,112.496,-0.774605,0.0,0.632445
199.436,93.7,112.496,-0.866025,0.0,0.5
199.436,0.0,112.496,-0.866025,0.0,0.5
204.466,93.7,121.207,-0.866025,0.0,0.5
204.466,93.7,121.207,-0.866025,0.0,0.5
199.436,0.0,112.496,-0.866025,0.0,0.5
204.466,0.0,121.207,-0.866025,0.0,0.5
204.466,93.7,121.207,-0.935016,0.0,0.354605
204.466,0.0,121.207,-0.935016,0.0,0.354605
208.032,93.7,130.611,-0.935016,0.0,0.354605
208.032,93.7,130.611,-0.935016,0.0,0.354605
204.466,0.0,121.207,-0.935016,0.0,0.354605
208.032,0.0,130.611,-0.935016,0.0,0.354605
208.032,93.7,130.611,-0.97979,0.0,0.200026
208.032,0.0,130.611,-0.97979,0.0,0.200026
210.044,93.7,140.466,-0.97979,0.0,0.200026
210.044,93.7,140.466,-0.97979,0.0,0.200026
208.032,0.0,130.611,-0.97979,0.0,0.200026
210.044,0.0,140.466,-0.97979,0.0,0.200026
210.044,93.7,140.466,-0.999189,0.0,0.040265
210.044,0.0,140.466,-0.999189,0.0,0.040265
210.449,93.7,150.517,-0.999189,0.0,0.040265
210.449,93.7,150.517,-0.999189,0.0,0.040265
210.044,0.0,140.466,-0.999189,0.0,0.040265
210.449,0.0,150.517,-0.999189,0.0,0.040265
210.449,93.7,150.517,-0.992709,0.0,-0.120536
210.449,0.0,150.517,-0.992709,0.0,-0.120536
209.237,93.7,160.502,-0.992709,0.0,-0.120536
209.237,93.7,160.502,-0.992709,0.0,-0.120536
210.449,0.0,150.517,-0.992709,0.0,-0.120536
209.237,0.0,160.502,-0.992709,0.0,-0.120536
209.237,93.7,160.502,-0.960518,0.0,-0.278219
209.237,0.0,160.502,-0.960518,0.0,-0.278219
206.439,93.7,170.163,-0.960518,0.0,-0.278219
206.439,93.7,170.163,-0.960518,0.0,-0.278219
209.237,0.0,160.502,-0.960518,0.0,-0.278219
206.439,0.0,170.163,-0.960518,0.0,-0.278219
206.439,93.7,170.163,-0.903451,0.0,-0.428692
206.439,0.0,170.163,-0.903451,0.0,-0.428692
202.127,93.7,179.25,-0.903451,0.0,-0.428692
202.127,93.7,179.25,-0.903451,0.0,-0.428692
206.439,0.0,170.163,-0.903451,0.0,-0.428692
202.127,0.0,179.25,-0.903451,0.0,-0.428692
202.127,93.7,179.25,-0.822983,0.0,-0.568066
202.127,0.0,179.25,-0.822983,0.0,-0.568066
196.413,93.7,187.528,-0.822983,0.0,-0.568066
196.413,93.7,187.528,-0.822983,0.0,-0.568066
202.127,0.0,179.25,-0.822983,0.0,-0.568066
196.413,0.0,187.528,-0.822983,0.0,-0.568066
196.413,93.7,187.528,-0.721204,0.0,-0.692722
196.413,0.0,187.528,-0.721204,0.0,-0.692722
189.445,93.7,194.782,-0.721204,0.0,-0.692722
189.445,93.7,194.782,-0.721204,0.0,-0.692722
196.413,0.0,187.528,-0.721204,0.0,-0.692722
189.445,0.0,194.782,-0.721204,0.0,-0.692722
189.445,93.7,194.782,-0.600741,0.0,-0.799444
189.445,0.0,194.782,-0.600741,0.0,-0.799444
181.404,93.7,200.824,-0.600741,0.0,-0.799444
181.404,93.7,200.824,-0.600741,0.0,-0.799444
189.445,0.0,194.782,-0.600741,0.0,-0.799444
181.404,0.0,200.824,-0.600741,0.0,-0.799444
181.404,93.7,200.824,-0.464723,0.0,-0.885456
181.404,0.0,200.824,-0.464723,0.0,-0.885456
172.498,93.7,205.499,-0.464723,0.0,-0.885456
172.498,93.7,205.499,-0.464723,0.0,-0.885456
181.404,0.0,200.824,-0.464723,0.0,-0.885456
172.498,0.0,205.499,-0.464723,0.0,-0.885456
172.498,93.7,205.499,-0.316668,0.0,-0.948536
172.498,0.0,205.499,-0.316668,0.0,-0.948536
162.957,93.7,208.684,-0.316668,0.0,-0.948536
162.957,93.7,208.684,-0.316668,0.0,-0.948536
172.498,0.0,205.499,-0.316668,0.0,-0.948536
162.957,0.0,208.684,-0.316668,0.0,-0.948536
162.957,93.7,208.684,-0.160411,0.0,-0.98705
162.957,0.0,208.684,-0.160411,0.0,-0.98705
153.029,93.7,210.297,-0.160411,0.0,-0.98705
153.029,93.7,210.297,-0.160411,0.0,-0.98705
162.957,0.0,208.684,-0.160411,0.0,-0.98705
153.029,0.0,210.297,-0.160411,0.0,-0.98705
153.029,93.7,210.297,0.0,0.0,-1.0
153.029,0.0,210.297,0.0,0.0,-1.0
142.971,93.7,210.297,0.0,0.0,-1.0
142.971,93.7,210.297,0.0,0.0,-1.0
153.029,0.0,210.297,0.0,0.0,-1.0
142.971,0.0,210.297,0.0,0.0,-1.0
142.971,93.7,210.297,0.160411,0.0,-0.98705
142.971,0.0,210.297,0.160411,0.0,-0.98705
133.043,93.7,208.684,0.160411,0.0,-0.98705
133.043,93.7,208.684,0.160411,0.0,-0.98705
142.971,0.0,210.297,0.160411,0.0,-0.98705
133.043,0.0,208.684,0.160411,0.0,-0.98705
133.043,93.7,208.684,0.316668,0.0,-0.948536
133.043,0.0,208.684,0.316668,0.0,-0.948536
123.502,93.7,205.499,0.316668,0.0,-0.948536
123.502,93.7,205.499,0.316668,0.0,-0.948536
133.043,0.0,208.684,0.316668,0.0,-0.948536
123.502,0.0,205.499,0.316668,0.0,-0.948536
123.502,93.7,205.499,0.464723,0.0,-0.885456
123.502,0.0,205.499,0.464723,0.0,-0.885456
114.596,93.7,200.824,0.464723,0.0,-0.885456
114.596,93.7,200.824,0.464723,0.0,-0.885456
123.502,0.0,205.499,0.464723,0.0,-0.885456
114.596,0.0,200.824,0.464723,0.0,-0.885456
114.596,93.7,200.824,0.600742,0.0,-0.799443
114.596,0.0,200.824,0.600742,0.0,-0.799443
106.555,93.7,194.782,0.600742,0.0,-0.799443
106.555,93.7,194.782,0.600742,0.0,-0.799443
114.596,0.0,200.824,0.600742,0.0,-0.799443
106.555,0.0,194.782,0.600742,0.0,-0.799443
106.555,93.7,194.782,0.721204,0.0,-0.692723
106.555,0.0,194.782,0.721204,0.0,-0.692723
99.5872,93.7,187.528,0.721204,0.0,-0.692723
99.5872,93.7,187.528,0.721204,0.0,-0.692723
106.555,0.0,194.782,0.721204,0.0,-0.692723
99.5872,0.0,187.528,0.721204,0.0,-0.692723
99.5872,93.7,187.528,0.822983,0.0,-0.568065
99.5872,0.0,187.528,0.822983,0.0,-0.568065
93.8734,93.7,179.25,0.822983,0.0,-0.568065
93.8734,93.7,179.25,0.822983,0.0,-0.568065
99.5872,0.0,187.528,0.822983,0.0,-0.568065
93.8734,0.0,179.25,0.822983,0.0,-0.568065
93.8734,93.7,179.25,0.90345,0.0,-0.428693
93.8734,0.0,179.25,0.90345,0.0,-0.428693
89.5615,93.7,170.163,0.90345,0.0,-0.428693
89.5615,93.7,170.163,0.90345,0.0,-0.428693
93.8734,0.0,179.25,0.90345,0.0,-0.428693
89.5615,0.0,170.163,0.90345,0.0,-0.428693
89.5615,93.7,170.163,0.960518,0.0,-0.278218
89.5615,0.0,170.163,0.960518,0.0,-0.278218
86.7631,93.7,160.502,0.960518,0.0,-0.278218
86.7631,93.7,160.502,0.960518,0.0,-0.278218
89.5615,0.0,170.163,0.960518,0.0,-0.278218
86.7631,0.0,160.502,0.960518,0.0,-0.278218
86.7631,93.7,160.502,0.992709,0.0,-0.120536
86.7631,0.0,160.502,0.992709,0.0,-0.120536
85.5507,93.7,150.517,0.992709,0.0,-0.120536
85.5507,93.7,150.517,0.992709,0.0,-0.120536
86.7631,0.0,160.502,0.992709,0.0,-0.120536
85.5507,0.0,150.517,0.992709,0.0,-0.120536
85.5507,93.7,150.517,0.999189,0.0,0.0402658
85.5507,0.0,150.517,0.999189,0.0,0.0402658
85.9557,93.7,140.466,0.999189,0.0,0.0402658
85.9557,93.7,140.466,0.999189,0.0,0.0402658
85.5507,0.0,150.517,0.999189,0.0,0.0402658
85.9557,0.0,140.466,0.999189,0.0,0.0402658
85.9557,93.7,140.466,0.979791,0.0,0.200026
85.9557,0.0,140.466,0.979791,0.0,0.200026
87.9676,93.7,130.611,0.979791,0.0,0.200026
87.9676,93.7,130.611,0.979791,0.0,0.200026
85.9557,0.0,140.466,0.979791,0.0,0.200026
87.9676,0.0,130.611,0.979791,0.0,0.200026
87.9676,93.7,130.611,0.935016,0.0,0.354605
87.9676,0.0,130.611,0.935016,0.0,0.354605
91.5343,93.7,121.207,0.935016,0.0,0.354605
91.5343,93.7,121.207,0.935016,0.0,0.354605
87.9676,0.0,130.611,0.935016,0.0,0.354605
91.5343,0.0,121.207,0.935016,0.0,0.354605
91.5343,93.7,121.207,0.866025,0.0,0.5
91.5343,0.0,121.207,0.866025,0.0,0.5
96.5635,93.7,112.496,0.866025,0.0,0.5
96.5635,93.7,112.496,0.866025,0.0,0.5
91.5343,0.0,121.207,0.866025,0.0,0.5
96.5635,0.0,112.496,0.866025,0.0,0.5
96.5635,93.7,112.496,0.774605,0.0,0.632445
96.5635,0.0,112.496,0.774605,0.0,0.632445
102.925,93.7,104.705,0.774605,0.0,0.632445
102.925,93.7,104.705,0.774605,0.0,0.632445
96.5635,0.0,112.496,0.774605,0.0,0.632445
102.925,0.0,104.705,0.774605,0.0,0.632445
102.925,93.7,104.705,0.663122,0.0,0.748511
102.925,0.0,104.705,0.663122,0.0,0.748511
110.454,93.7,98.0348,0.663122,0.0,0.748511
110.454,93.7,98.0348,0.663122,0.0,0.748511
102.925,0.0,104.705,0.663122,0.0,0.748511
110.454,0.0,98.0348,0.663122,0.0,0.748511
110.454,93.7,98.0348,0.534466,0.0,0.84519
110.454,0.0,98.0348,0.534466,0.0,0.84519
118.955,93.7,92.659,0.534466,0.0,0.84519
118.955,93.7,92.659,0.534466,0.0,0.84519
110.454,0.0,98.0348,0.534466,0.0,0.84519
118.955,0.0,92.659,0.534466,0.0,0.84519
118.955,93.7,92.659,0.391966,0.0,0.91998
118.955,0.0,92.659,0.391966,0.0,0.91998
128.208,93.7,88.7165,0.391966,0.0,0.91998
128.208,93.7,88.7165,0.391966,0.0,0.91998
118.955,0.0,92.659,0.391966,0.0,0.91998
128.208,0.0,88.7165,0.391966,0.0,0.91998
128.208,93.7,88.7165,0.239316,0.0,0.970942
128.208,0.0,88.7165,0.239316,0.0,0.970942
137.974,93.7,86.3094,0.239316,0.0,0.970942
137.974,93.7,86.3094,0.239316,0.0,0.970942
128.208,0.0,88.7165,0.239316,0.0,0.970942
137.974,0.0,86.3094,0.239316,0.0,0.970942
137.974,93.7,86.3094,0.0804663,0.0,0.996757
137.974,0.0,86.3094,0.0804663,0.0,0.996757
148.0,93.7,85.5,0.0804663,0.0,0.996757
148.0,93.7,85.5,0.0804663,0.0,0.996757
137.974,0.0,86.3094,0.0804663,0.0,0.996757
148.0,0.0,85.5,0.0804663,0.0,0.996757
148.0,93.7,85.5,-0.0804663,0.0,0.996757
148.0,0.0,85.5,-0.0804663,0.0,0.996757
158.026,93.7,86.3094,-0.0804663,0.0,0.996757
158.026,93.7,86.3094,-0.0804663,0.0,0.996757
148.0,0.0,85.5,-0.0804663,0.0,0.996757
158.026,0.0,86.3094,-0.0804663,0.0,0.996757
163.47,0.0,0.810757,0.156435,0.0,-0.987688
163.47,23.0,0.810757,0.156435,0.0,-0.987688
178.771,0.0,3.23416,0.156435,0.0,-0.987688
178.771,0.0,3.23416,0.156435,0.0,-0.987688
163.47,23.0,0.810757,0.156435,0.0,-0.987688
178.771,23.0,3.23416,0.156435,0.0,-0.987688
178.771,0.0,3.23416,0.258818,0.0,-0.965926
178.771,23.0,3.23416,0.258818,0.0,-0.965926
193.735,0.0,7.24363,0.258818,0.0,-0.965926
193.735,0.0,7.24363,0.258818,0.0,-0.965926
178.771,23.0,3.23416,0.258818,0.0,-0.965926
193.735,23.0,7.24363,0.258818,0.0,-0.965926
193.735,0.0,7.24363,0.358368,0.0,-0.93358
193.735,23.0,7.24363,0.358368,0.0,-0.93358
208.197,0.0,12.7953,0.358368,0.0,-0.93358
208.197,0.0,12.7953,0.358368,0.0,-0.93358
193.735,23.0,7.24363,0.358368,0.0,-0.93358
208.197,23.0,12.7953,0.358368,0.0,-0.93358
208.197,0.0,12.7953,0.453991,0.0,-0.891006
208.197,23.0,12.7953,0.453991,0.0,-0.891006
222.0,0.0,19.8282,0.453991,0.0,-0.891006
222.0,0.0,19.8282,0.453991,0.0,-0.891006
208.197,23.0,12.7953,0.453991,0.0,-0.891006
222.0,23.0,19.8282,0.453991,0.0,-0.891006
222.0,0.0,19.8282,0.544639,0.0,-0.838671
222.0,23.0,19.8282,0.544639,0.0,-0.838671
234.992,0.0,28.2655,0.544639,0.0,-0.838671
234.992,0.0,28.2655,0.544639,0.0,-0.838671
222.0,23.0,19.8282,0.544639,0.0,-0.838671
234.992,23.0,28.2655,0.544639,0.0,-0.838671
234.992,0.0,28.2655,0.629321,0.0,-0.777146
234.992,23.0,28.2655,0.629321,0.0,-0.777146
247.031,0.0,38.0146,0.629321,0.0,-0.777146
247.031,0.0,38.0146,0.629321,0.0,-0.777146
234.992,23.0,28.2655,0.629321,0.0,-0.777146
247.031,23.0,38.0146,0.629321,0.0,-0.777146
247.031,0.0,38.0146,0.707106,0.0,-0.707107
247.031,23.0,38.0146,0.707106,0.0,-0.707107
257.985,0.0,48.9687,0.707106,0.0,-0.707107
257.985,0.0,48.9687,0.707106,0.0,-0.707107
247.031,23.0,38.0146,0.707106,0.0,-0.707107
257.985,23.0,48.9687,0.707106,0.0,-0.707107
257.985,0.0,48.9687,0.777146,0.0,-0.629321
257.985,23.0,48.9687,0.777146,0.0,-0.629321
267.735,0.0,61.0078,0.777146,0.0,-0.629321
267.735,0.0,61.0078,0.777146,0.0,-0.629321
257.985,23.0,48.9687,0.777146,0.0,-0.629321
267.735,23.0,61.0078,0.777146,0.0,-0.629321
267.735,0.0,61.0078,0.838671,0.0,-0.544638
267.735,23.0,61.0078,0.838671,0.0,-0.544638
276.172,0.0,74.0,0.838671,0.0,-0.544638
276.172,0.0,74.0,0.838671,0.0,-0.544638
267.735,23.0,61.0078,0.838671,0.0,-0.544638
276.172,23.0,74.0,0.838671,0.0,-0.544638
276.172,0.0,74.0,0.891006,0.0,-0.453992
276.172,23.0,74.0,0.891006,0.0,-0.453992
283.205,0.0,87.803,0.891006,0.0,-0.453992
283.205,0.0,87.803,0.891006,0.0,-0.453992
276.172,23.0,74.0,0.891006,0.0,-0.453992
283.205,23.0,87.803,0.891006,0.0,-0.453992
283.205,0.0,87.803,0.933581,0.0,-0.358368
283.205,23.0,87.803,0.933581,0.0,-0.358368
288.756,0.0,102.265,0.933581,0.0,-0.358368
288.756,0.0,102.265,0.933581,0.0,-0.358368
283.205,23.0,87.803,0.933581,0.0,-0.358368
288.756,23.0,102.265,0.933581,0.0,-0.358368
288.756,0.0,102.265,0.965926,0.0,-0.25882
288.756,23.0,102.265,0.965926,0.0,-0.25882
292.766,0.0,117.229,0.965926,0.0,-0.25882
292.766,0.0,117.229,0.965926,0.0,-0.25882
288.756,23.0,102.265,0.965926,0.0,-0.25882
292.766,23.0,117.229,0.965926,0.0,-0.25882
292.766,0.0,117.229,0.987688,0.0,-0.156435
292.766,23.0,117.229,0.987688,0.0,-0.156435
295.189,0.0,132.53,0.987688,0.0,-0.156435
295.189,0.0,132.53,0.987688,0.0,-0.156435
292.766,23.0,117.229,0.987688,0.0,-0.156435
295.189,23.0,132.53,0.987688,0.0,-0.156435
295.189,0.0,132.53,0.99863,0.0,-0.0523341
295.189,23.0,132.53,0.99863,0.0,-0.0523341
296.0,0.0,148.0,0.99863,0.0,-0.0523341
296.0,0.0,148.0,0.99863,0.0,-0.0523341
295.189,23.0,132.53,0.99863,0.0,-0.0523341
296.0,23.0,148.0,0.99863,0.0,-0.0523341
296.0,0.0,148.0,0.99863,0.0,0.052334
296.0,23.0,148.0,0.99863,0.0,0.052334
295.189,0.0,163.47,0.99863,0.0,0.052334
295.189,0.0,163.47,0.99863,0.0,0.052334
296.0,23.0,148.0,0.99863,0.0,0.052334
295.189,23.0,163.47,0.99863,0.0,0.052334
295.189,0.0,163.47,0.987688,0.0,0.156435
295.189,23.0,163.47,0.987688,0.0,0.156435
292.766,0.0,178.771,0.987688,0.0,0.156435
292.766,0.0,178.771,0.987688,0.0,0.156435
295.189,23.0,163.47,0.987688,0.0,0.156435
292.766,23.0,178.771,0.987688,0.0,0.156435
292.766,0.0,178.771,0.965926,0.0,0.25882
292.766,23.0,178.771,0.965926,0.0,0.25882
288.756,0.0,193.735,0.965926,0.0,0.25882
288.756,0.0,193.735,0.965926,0.0,0.25882
292.766,23.0,178.771,0.965926,0.0,0.25882
288.756,23.0,193.735,0.965926,0.0,0.25882
288.756,0.0,193.735,0.93358,0.0,0.358368
288.756,23.0,193.735,0.93358,0.0,0.358368
283.205,0.0,208.197,0.93358,0.0,0.358368
283.205,0.0,208.197,0.93358,0.0,0.358368
288.756,23.0,193.735,0.93358,0.0,0.358368
283.205,23.0,208.197,0.93358,0.0,0.358368
283.205,0.0,208.197,0.891006,0.0,0.453992
283.205,23.0,208.197,0.891006,0.0,0.453992
276.172,0.0,222.0,0.891006,0.0,0.453992
276.172,0.0,222.0,0.891006,0.0,0.453992
283.205,23.0,208.197,0.891006,0.0,0.453992
276.172,23.0,222.0,0.891006,0.0,0.453992
276.172,0.0,222.0,0.838671,0.0,0.544638
276.172,23.0,222.0,0.838671,0.0,0.544638
267.735,0.0,234.992,0.838671,0.0,0.544638
267.735,0.0,234.992,0.838671,0.0,0.544638
276.172,23.0,222.0,0.838671,0.0,0.544638
267.735,23.0,234.992,0.838671,0.0,0.544638
267.735,0.0,234.992,0.777146,0.0,0.629321
267.735,23.0,234.992,0.777146,0.0,0.629321
257.985,0.0,247.031,0.777146,0.0,0.629321
257.985,0.0,247.031,0.777146,0.0,0.629321
267.735,23.0,234.992,0.777146,0.0,0.629321
257.985,23.0,247.031,0.777146,0.0,0.629321
257.985,0.0,247.031,0.707107,0.0,0.707107
257.985,23.0,247.031,0.707107,0.0,0.707107
247.031,0.0,257.985,0.707107,0.0,0.707107
247.031,0.0,257.985,0.707107,0.0,0.707107
257.985,23.0,247.031,0.707107,0.0,0.707107
247.031,23.0,257.985,0.707107,0.0,0.707107
247.031,0.0,257.985,0.629321,0.0,0.777146
247.031,23.0,257.985,0.629321,0.0,0.777146
234.992,0.0,267.735,0.629321,0.0,0.777146
234.992,0.0,267.735,0.629321,0.0,0.777146
247.031,23.0,257.985,0.629321,0.0,0.777146
234.992,23.0,267.735,0.629321,0.0,0.777146
234.992,0.0,267.735,0.544638,0.0,0.838671
234.992,23.0,267.735,0.544638,0.0,0.838671
222.0,0.0,276.172,0.544638,0.0,0.838671
222.0,0.0,276.172,0.544638,0.0,0.838671
234.992,23.0,267.735,0.544638,0.0,0.838671
222.0,23.0,276.172,0.544638,0.0,0.838671
222.0,0.0,276.172,0.453992,0.0,0.891006
222.0,23.0,276.172,0.453992,0.0,0.891006
208.197,0.0,283.205,0.453992,0.0,0.891006
208.197,0.0,283.205,0.453992,0.0,0.891006
222.0,23.0,276.172,0.453992,0.0,0.891006
208.197,23.0,283.205,0.453992,0.0,0.891006
208.197,0.0,283.205,0.358368,0.0,0.93358
208.197,23.0,283.205,0.358368,0.0,0.93358
193.735,0.0,288.756,0.358368,0.0,0.93358
193.735,0.0,288.756,0.358368,0.0,0.93358
208.197,23.0,283.205,0.358368,0.0,0.93358
193.735,23.0,288.756,0.358368,0.0,0.93358
193.735,0.0,288.756,0.25882,0.0,0.965926
193.735,23.0,288.756,0.25882,0.0,0.965926
178.771,0.0,292.766,0.25882,0.0,0.965926
178.771,0.0,292.766,0.25882,0.0,0.965926
193.735,23.0,288.756,0.25882,0.0,0.965926
178.771,23.0,292.766,0.25882,0.0,0.965926
178.771,0.0,292.766,0.156435,0.0,0.987688
178.771,23.0,292.766,0.156435,0.0,0.987688
163.47,0.0,295.189,0.156435,0.0,0.987688
163.47,0.0,295.189,0.156435,0.0,0.987688
178.771,23.0,292.766,0.156435,0.0,0.987688
163.47,23.0,295.189,0.156435,0.0,0.987688
163.47,0.0,295.189,0.052334,0.0,0.99863
163.47,23.0,295.189,0.052334,0.0,0.99863
148.0,0.0,296.0,0.052334,0.0,0.99863
148.0,0.0,296.0,0.052334,0.0,0.99863
163.47,23.0,295.189,0.052334,0.0,0.99863
148.0,23.0,296.0,0.052334,0.0,0.99863
148.0,0.0,296.0,-0.0523341,0.0,0.99863
148.0,23.0,296.0,-0.0523341,0.0,0.99863
132.53,0.0,295.189,-0.0523341,0.0,0.99863
132.53,0.0,295.189,-0.0523341,0.0,0.99863
148.0,23.0,296.0,-0.0523341,0.0,0.99863
132.53,23.0,295.189,-0.0523341,0.0,0.99863
132.53,0.0,295.189,-0.156435,0.0,0.987688
132.53,23.0,295.189,-0.156435,0.0,0.987688
117.229,0.0,292.766,-0.156435,0.0,0.987688
117.229,0.0,292.766,-0.156435,0.0,0.987688
132.53,23.0,295.189,-0.156435,0.0,0.987688
117.229,23.0,292.766,-0.156435,0.0,0.987688
117.229,0.0,292.766,-0.25882,0.0,0.965926
117.229,23.0,292.766,-0.25882,0.0,0.965926
102.265,0.0,288.756,-0.25882,0.0,0.965926
102.265,0.0,288.756,-0.25882,0.0,0.965926
117.229,23.0,292.766,-0.25882,0.0,0.965926
102.265,23.0,288.756,-0.25882,0.0,0.965926
102.265,0.0,288.756,-0.358368,0.0,0.93358
102.265,23.0,288.756,-0.358368,0.0,0.93358
87.803,0.0,283.205,-0.358368,0.0,0.93358
87.803,0.0,283.205,-0.358368,0.0,0.93358
102.265,23.0,288.756,-0.358368,0.0,0.93358
87.803,23.0,283.205,-0.358368,0.0,0.93358
87.803,0.0,283.205,-0.453992,0.0,0.891006
87.803,23.0,283.205,-0.453992,0.0,0.891006
74.0,0.0,276.172,-0.453992,0.0,0.891006
74.0,0.0,276.172,-0.453992,0.0,0.891006
87.803,23.0,283.205,-0.453992,0.0,0.891006
74.0,23.0,276.172,-0.453992,0.0,0.891006
74.0,0.0,276.172,-0.544638,0.0,0.838671
74.0,23.0,276.172,-0.544638,0.0,0.838671
61.0078,0.0,267.735,-0.544638,0.0,0.838671
61.0078,0.0,267.735,-0.544638,0.0,0.838671
74.0,23.0,276.172,-0.544638,0.0,0.838671
61.0078,23.0,267.735,-0.544638,0.0,0.838671
61.0078,0.0,267.735,-0.629321,0.0,0.777146
61.0078,23.0,267.735,-0.629321,0.0,0.777146
48.9687,0.0,257.985,-0.629321,0.0,0.777146
48.9687,0.0,257.985,-0.629321,0.0,0.777146
61.0078,23.0,267.735,-0.629321,0.0,0.777146
48.9687,23.0,257.985,-0.629321,0.0,0.777146
48.9687,0.0,257.985,-0.707107,0.0,0.707106
48.9687,23.0,257.985,-0.707107,0.0,0.707106
38.0146,0.0,247.031,-0.707107,0.0,0.707106
38.0146,0.0,247.031,-0.707107,0.0,0.707106
48.9687,23.0,257.985,-0.707107,0.0,0.707106
38.0146,23.0,247.031,-0.707107,0.0,0.707106
38.0146,0.0,247.031,-0.777146,0.0,0.629321
38.0146,23.0,247.031,-0.777146,0.0,0.629321
28.2655,0.0,234.992,-0.777146,0.0,0.629321
28.2655,0.0,234.992,-0.777146,0.0,0.629321
38.0146,23.0,247.031,-0.777146,0.0,0.629321
28.2655,23.0,234.992,-0.777146,0.0,0.629321
28.2655,0.0,234.992,-0.838671,0.0,0.544639
28.2655,23.0,234.992,-0.838671,0.0,0.544639
19.8282,0.0,222.0,-0.838671,0.0,0.544639
19.8282,0.0,222.0,-0.838671,0.0,0.544639
28.2655,23.0,234.992,-0.838671,0.0,0.544639
19.8282,23.0,222.0,-0.838671,0.0,0.544639
19.8282,0.0,222.0,-0.891007,0.0,0.45399
19.8282,23.0,222.0,-0.891007,0.0,0.45399
12.7953,0.0,208.197,-0.891007,0.0,0.45399
12.7953,0.0,208.197,-0.891007,0.0,0.45399
19.8282,23.0,222.0,-0.891007,0.0,0.45399
12.7953,23.0,208.197,-0.891007,0.0,0.45399
12.7953,0.0,208.197,-0.93358,0.0,0.358368
12.7953,23.0,208.197,-0.93358,0.0,0.358368
7.24364,0.0,193.735,-0.93358,0.0,0.358368
7.24364,0.0,193.735,-0.93358,0.0,0.358368
12.7953,23.0,208.197,-0.93358,0.0,0.358368
7.24364,23.0,193.735,-0.93358,0.0,0.358368
7.24364,0.0,193.735,-0.965926,0.0,0.258819
7.24364,23.0,193.735,-0.965926,0.0,0.258819
3.23416,0.0,178.771,-0.965926,0.0,0.258819
3.23416,0.0,178.771,-0.965926,0.0,0.258819
7.24364,23.0,193.735,-0.965926,0.0,0.258819
3.23416,23.0,178.771,-0.965926,0.0,0.258819
3.23416,0.0,178.771,-0.987688,0.0,0.156434
3.23416,23.0,178.771,-0.987688,0.0,0.156434
0.810765,0.0,163.47,-0.987688,0.0,0.156434
0.810765,0.0,163.47,-0.987688,0.0,0.156434
3.23416,23.0,178.771,-0.987688,0.0,0.156434
0.810765,23.0,163.47,-0.987688,0.0,0.156434
0.810765,0.0,163.47,-0.99863,0.0,0.0523363
0.810765,23.0,163.47,-0.99863,0.0,0.0523363
0.0,0.0,148.0,-0.99863,0.0,0.0523363
0.0,0.0,148.0,-0.99863,0.0,0.0523363
0.810765,23.0,163.47,-0.99863,0.0,0.0523363
0.0,23.0,148.0,-0.99863,0.0,0.0523363
0.0,0.0,148.0,-0.99863,0.0,-0.0523363
0.0,23.0,148.0,-0.99863,0.0,-0.0523363
0.810765,0.0,132.53,-0.99863,0.0,-0.0523363
0.810765,0.0,132.53,-0.99863,0.0,-0.0523363
0.0,23.0,148.0,-0.99863,0.0,-0.0523363
0.810765,23.0,132.53,-0.99863,0.0,-0.0523363
0.810765,0.0,132.53,-0.987688,0.0,-0.156434
0.810765,23.0,132.53,-0.987688,0.0,-0.156434
3.23416,0.0,117.229,-0.987688,0.0,-0.156434
3.23416,0.0,117.229,-0.987688,0.0,-0.156434
0.810765,23.0,132.53,-0.987688,0.0,-0.156434
3.23416,23.0,117.229,-0.987688,0.0,-0.156434
3.23416,0.0,117.229,-0.965926,0.0,-0.258819
3.23416,23.0,117.229,-0.965926,0.0,-0.258819
7.24364,0.0,102.265,-0.965926,0.0,-0.258819
7.24364,0.0,102.265,-0.965926,0.0,-0.258819
3.23416,23.0,117.229,-0.965926,0.0,-0.258819
7.24364,23.0,102.265,-0.965926,0.0,-0.258819
7.24364,0.0,102.265,-0.933581,0.0,-0.358368
7.24364,23.0,102.265,-0.933581,0.0,-0.358368
12.7953,0.0,87.803,-0.933581,0.0,-0.358368
12.7953,0.0,87.803,-0.933581,0.0,-0.358368
7.24364,23.0,102.265,-0.933581,0.0,-0.358368
12.7953,23.0,87.803,-0.933581,0.0,-0.358368
12.7953,0.0,87.803,-0.891007,0.0,-0.45399
12.7953,23.0,87.803,-0.891007,0.0,-0.45399
19.8282,0.0,74.0,-0.891007,0.0,-0.45399
19.8282,0.0,74.0,-0.891007,0.0,-0.45399
12.7953,23.0,87.803,-0.891007,0.0,-0.45399
19.8282,23.0,74.0,-0.891007,0.0,-0.45399
19.8282,0.0,74.0,-0.838671,0.0,-0.544639
19.8282,23.0,74.0,-0.838671,0.0,-0.544639
28.2655,0.0,61.0078,-0.838671,0.0,-0.544639
28.2655,0.0,61.0078,-0.838671,0.0,-0.544639
19.8282,23.0,74.0,-0.838671,0.0,-0.544639
28.2655,23.0,61.0078,-0.838671,0.0,-0.544639
28.2655,0.0,61.0078,-0.777146,0.0,-0.629321
28.2655,23.0,61.0078,-0.777146,0.0,-0.629321
38.0146,0.0,48.9687,-0.777146,0.0,-0.629321
38.0146,0.0,48.9687,-0.777146,0.0,-0.629321
28.2655,23.0,61.0078,-0.777146,0.0,-0.629321
38.0146,23.0,48.9687,-0.777146,0.0,-0.629321
38.0146,0.0,48.9687,-0.707107,0.0,-0.707107
38.0146,23.0,48.9687,-0.707107,0.0,-0.707107
48.9687,0.0,38.0146,-0.707107,0.0,-0.707107
48.9687,0.0,38.0146,-0.707107,0.0,-0.707107
38.0146,23.0,48.9687,-0.707107,0.0,-0.707107
48.9687,23.0,38.0146,-0.707107,0.0,-0.707107
48.9687,0.0,38.0146,-0.629321,0.0,-0.777146
48.9687,23.0,38.0146,-0.629321,0.0,-0.777146
61.0078,0.0,28.2655,-0.629321,0.0,-0.777146
61.0078,0.0,28.2655,-0.629321,0.0,-0.777146
48.9687,23.0,38.0146,-0.629321,0.0,-0.777146
61.0078,23.0,28.2655,-0.629321,0.0,-0.777146
61.0078,0.0,28.2655,-0.544639,0.0,-0.838671
61.0078,23.0,28.2655,-0.544639,0.0,-0.838671
74.0,0.0,19.8282,-0.544639,0.0,-0.838671
74.0,0.0,19.8282,-0.544639,0.0,-0.838671
61.0078,23.0,28.2655,-0.544639,0.0,-0.838671
74.0,23.0,19.8282,-0.544639,0.0,-0.838671
74.0,0.0,19.8282,-0.453991,0.0,-0.891006
74.0,23.0,19.8282,-0.453991,0.0,-0.891006
87.803,0.0,12.7953,-0.453991,0.0,-0.891006
87.803,0.0,12.7953,-0.453991,0.0,-0.891006
74.0,23.0,19.8282,-0.453991,0.0,-0.891006
87.803,23.0,12.7953,-0.453991,0.0,-0.891006
87.803,0.0,12.7953,-0.358368,0.0,-0.93358
87.803,23.0,12.7953,-0.358368,0.0,-0.93358
102.265,0.0,7.24363,-0.358368,0.0,-0.93358
102.265,0.0,7.24363,-0.358368,0.0,-0.93358
87.803,23.0,12.7953,-0.358368,0.0,-0.93358
102.265,23.0,7.24363,-0.358368,0.0,-0.93358
102.265,0.0,7.24363,-0.258818,0.0,-0.965926
102.265,23.0,7.24363,-0.258818,0.0,-0.965926
117.229,0.0,3.23416,-0.258818,0.0,-0.965926
117.229,0.0,3.23416,-0.258818,0.0,-0.965926
102.265,23.0,7.24363,-0.258818,0.0,-0.965926
117.229,23.0,3.23416,-0.258818,0.0,-0.965926
117.229,0.0,3.23416,-0.156435,0.0,-0.987688
117.229,23.0,3.23416,-0.156435,0.0,-0.987688
132.53,0.0,0.810757,-0.156435,0.0,-0.987688
132.53,0.0,0.810757,-0.156435,0.0,-0.987688
117.229,23.0,3.23416,-0.156435,0.0,-0.987688
132.53,23.0,0.810757,-0.156435,0.0,-0.987688
132.53,0.0,0.810757,-0.0523359,0.0,-0.99863
132.53,23.0,0.810757,-0.0523359,0.0,-0.99863
148.0,0.0,0.0,-0.0523359,0.0,-0.99863
148.0,0.0,0.0,-0.0523359,0.0,-0.99863
132.53,23.0,0.810757,-0.0523359,0.0,-0.99863
148.0,23.0,0.0,-0.0523359,0.0,-0.99863
148.0,0.0,0.0,0.0523358,0.0,-0.99863
148.0,23.0,0.0,0.0523358,0.0,-0.99863
163.47,0.0,0.810757,0.0523358,0.0,-0.99863
163.47,0.0,0.810757,0.0523358,0.0,-0.99863
148.0,23.0,0.0,0.0523358,0.0,-0.99863
163.47,23.0,0.810757,0.0523358,0.0,-0.99863
189.445,0.0,194.782,0.0,-1.0,0.0
234.992,0.0,267.735,0.0,-1.0,0.0
181.404,0.0,200.824,0.0,-1.0,0.0
181.404,0.0,200.824,0.0,-1.0,0.0
234.992,0.0,267.735,0.0,-1.0,0.0
222.0,0.0,276.172,0.0,-1.0,0.0
181.404,0.0,200.824,0.0,-1.0,0.0
222.0,0.0,276.172,0.0,-1.0,0.0
172.498,0.0,205.499,0.0,-1.0,0.0
185.546,0.0,98.0348,0.0,-1.0,0.0
247.031,0.0,38.0146,0.0,-1.0,0.0
193.075,0.0,104.705,0.0,-1.0,0.0
193.075,0.0,104.705,0.0,-1.0,0.0
247.031,0.0,38.0146,0.0,-1.0,0.0
257.985,0.0,48.9687,0.0,-1.0,0.0
193.075,0.0,104.705,0.0,-1.0,0.0
257.985,0.0,48.9687,0.0,-1.0,0.0
199.436,0.0,112.496,0.0,-1.0,0.0
148.0,0.0,85.5,0.0,-1.0,0.0
137.974,0.0,86.3094,0.0,-1.0,0.0
132.53,0.0,0.810757,0.0,-1.0,0.0
202.127,0.0,179.25,0.0,-1.0,0.0
267.735,0.0,234.992,0.0,-1.0,0.0
196.413,0.0,187.528,0.0,-1.0,0.0
196.413,0.0,187.528,0.0,-1.0,0.0
267.735,0.0,234.992,0.0,-1.0,0.0
257.985,0.0,247.031,0.0,-1.0,0.0
196.413,0.0,187.528,0.0,-1.0,0.0
257.985,0.0,247.031,0.0,-1.0,0.0
189.445,0.0,194.782,0.0,-1.0,0.0
189.445,0.0,194.782,0.0,-1.0,0.0
257.985,0.0,247.031,0.0,-1.0,0.0
247.031,0.0,257.985,0.0,-1.0,0.0
189.445,0.0,194.782,0.0,-1.0,0.0
247.031,0.0,257.985,0.0,-1.0,0.0
234.992,0.0,267.735,0.0,-1.0,0.0
206.439,0.0,170.163,0.0,-1.0,0.0
283.205,0.0,208.197,0.0,-1.0,0.0
202.127,0.0,179.25,0.0,-1.0,0.0
202.127,0.0,179.25,0.0,-1.0,0.0
283.205,0.0,208.197,0.0,-1.0,0.0
276.172,0.0,222.0,0.0,-1.0,0.0
202.127,0.0,179.25,0.0,-1.0,0.0
276.172,0.0,222.0,0.0,-1.0,0.0
267.735,0.0,234.992,0.0,-1.0,0.0
133.043,0.0,208.684,0.0,-1.0,0.0
102.265,0.0,288.756,0.0,-1.0,0.0
123.502,0.0,205.499,0.0,-1.0,0.0
123.502,0.0,205.499,0.0,-1.0,0.0
102.265,0.0,288.756,0.0,-1.0,0.0
87.803,0.0,283.205,0.0,-1.0,0.0
123.502,0.0,205.499,0.0,-1.0,0.0
87.803,0.0,283.205,0.0,-1.0,0.0
114.596,0.0,200.824,0.0,-1.0,0.0
153.029,0.0,210.297,0.0,-1.0,0.0
148.0,0.0,296.0,0.0,-1.0,0.0
142.971,0.0,210.297,0.0,-1.0,0.0
142.971,0.0,210.297,0.0,-1.0,0.0
148.0,0.0,296.0,0.0,-1.0,0.0
132.53,0.0,295.189,0.0,-1.0,0.0
142.971,0.0,210.297,0.0,-1.0,0.0
132.53,0.0,295.189,0.0,-1.0,0.0
133.043,0.0,208.684,0.0,-1.0,0.0
133.043,0.0,208.684,0.0,-1.0,0.0
132.53,0.0,295.189,0.0,-1.0,0.0
117.229,0.0,292.766,0.0,-1.0,0.0
133.043,0.0,208.684,0.0,-1.0,0.0
117.229,0.0,292.766,0.0,-1.0,0.0
102.265,0.0,288.756,0.0,-1.0,0.0
210.449,0.0,150.517,0.0,-1.0,0.0
295.189,0.0,163.47,0.0,-1.0,0.0
209.237,0.0,160.502,0.0,-1.0,0.0
209.237,0.0,160.502,0.0,-1.0,0.0
295.189,0.0,163.47,0.0,-1.0,0.0
292.766,0.0,178.771,0.0,-1.0,0.0
209.237,0.0,160.502,0.0,-1.0,0.0
292.766,0.0,178.771,0.0,-1.0,0.0
206.439,0.0,170.163,0.0,-1.0,0.0
206.439,0.0,170.163,0.0,-1.0,0.0
292.766,0.0,178.771,0.0,-1.0,0.0
288.756,0.0,193.735,0.0,-1.0,0.0
206.439,0.0,170.163,0.0,-1.0,0.0
288.756,0.0,193.735,0.0,-1.0,0.0
283.205,0.0,208.197,0.0,-1.0,0.0
167.792,0.0,88.7165,0.0,-1.0,0.0
208.197,0.0,12.7953,0.0,-1.0,0.0
177.045,0.0,92.659,0.0,-1.0,0.0
177.045,0.0,92.659,0.0,-1.0,0.0
208.197,0.0,12.7953,0.0,-1.0,0.0
222.0,0.0,19.8282,0.0,-1.0,0.0
177.045,0.0,92.659,0.0,-1.0,0.0
222.0,0.0,19.8282,0.0,-1.0,0.0
185.546,0.0,98.0348,0.0,-1.0,0.0
185.546,0.0,98.0348,0.0,-1.0,0.0
222.0,0.0,19.8282,0.0,-1.0,0.0
234.992,0.0,28.2655,0.0,-1.0,0.0
185.546,0.0,98.0348,0.0,-1.0,0.0
234.992,0.0,28.2655,0.0,-1.0,0.0
247.031,0.0,38.0146,0.0,-1.0,0.0
132.53,0.0,0.810757,0.0,-1.0,0.0
148.0,0.0,0.0,0.0,-1.0,0.0
148.0,0.0,85.5,0.0,-1.0,0.0
148.0,0.0,85.5,0.0,-1.0,0.0
148.0,0.0,0.0,0.0,-1.0,0.0
163.47,0.0,0.810757,0.0,-1.0,0.0
148.0,0.0,85.5,0.0,-1.0,0.0
163.47,0.0,0.810757,0.0,-1.0,0.0
158.026,0.0,86.3094,0.0,-1.0,0.0
158.026,0.0,86.3094,0.0,-1.0,0.0
163.47,0.0,0.810757,0.0,-1.0,0.0
178.771,0.0,3.23416,0.0,-1.0,0.0
158.026,0.0,86.3094,0.0,-1.0,0.0
178.771,0.0,3.23416,0.0,-1.0,0.0
167.792,0.0,88.7165,0.0,-1.0,0.0
167.792,0.0,88.7165,0.0,-1.0,0.0
178.771,0.0,3.23416,0.0,-1.0,0.0
193.735,0.0,7.24363,0.0,-1.0,0.0
167.792,0.0,88.7165,0.0,-1.0,0.0
193.735,0.0,7.24363,0.0,-1.0,0.0
208.197,0.0,12.7953,0.0,-1.0,0.0
118.955,0.0,92.659,0.0,-1.0,0.0
87.803,0.0,12.7953,0.0,-1.0,0.0
128.208,0.0,88.7165,0.0,-1.0,0.0
128.208,0.0,88.7165,0.0,-1.0,0.0
87.803,0.0,12.7953,0.0,-1.0,0.0
102.265,0.0,7.24363,0.0,-1.0,0.0
128.208,0.0,88.7165,0.0,-1.0,0.0
102.265,0.0,7.24363,0.0,-1.0,0.0
137.974,0.0,86.3094,0.0,-1.0,0.0
137.974,0.0,86.3094,0.0,-1.0,0.0
102.265,0.0,7.24363,0.0,-1.0,0.0
117.229,0.0,3.23416,0.0,-1.0,0.0
137.974,0.0,86.3094,0.0,-1.0,0.0
117.229,0.0,3.23416,0.0,-1.0,0.0
132.53,0.0,0.810757,0.0,-1.0,0.0
222.0,0.0,276.172,0.0,-1.0,0.0
208.197,0.0,283.205,0.0,-1.0,0.0
172.498,0.0,205.499,0.0,-1.0,0.0
172.498,0.0,205.499,0.0,-1.0,0.0
208.197,0.0,283.205,0.0,-1.0,0.0
193.735,0.0,288.756,0.0,-1.0,0.0
172.498,0.0,205.499,0.0,-1.0,0.0
193.735,0.0,288.756,0.0,-1.0,0.0
162.957,0.0,208.684,0.0,-1.0,0.0
162.957,0.0,208.684,0.0,-1.0,0.0
193.735,0.0,288.756,0.0,-1.0,0.0
178.771,0.0,292.766,0.0,-1.0,0.0
162.957,0.0,208.684,0.0,-1.0,0.0
178.771,0.0,292.766,0.0,-1.0,0.0
153.029,0.0,210.297,0.0,-1.0,0.0
153.029,0.0,210.297,0.0,-1.0,0.0
178.771,0.0,292.766,0.0,-1.0,0.0
163.47,0.0,295.189,0.0,-1.0,0.0
153.029,0.0,210.297,0.0,-1.0,0.0
163.47,0.0,295.189,0.0,-1.0,0.0
148.0,0.0,296.0,0.0,-1.0,0.0
208.032,0.0,130.611,0.0,-1.0,0.0
292.766,0.0,117.229,0.0,-1.0,0.0
210.044,0.0,140.466,0.0,-1.0,0.0
210.044,0.0,140.466,0.0,-1.0,0.0
292.766,0.0,117.229,0.0,-1.0,0.0
295.189,0.0,132.53,0.0,-1.0,0.0
210.044,0.0,140.466,0.0,-1.0,0.0
295.189,0.0,132.53,0.0,-1.0,0.0
210.449,0.0,150.517,0.0,-1.0,0.0
210.449,0.0,150.517,0.0,-1.0,0.0
295.189,0.0,132.53,0.0,-1.0,0.0
296.0,0.0,148.0,0.0,-1.0,0.0
210.449,0.0,150.517,0.0,-1.0,0.0
296.0,0.0,148.0,0.0,-1.0,0.0
295.189,0.0,163.47,0.0,-1.0,0.0
85.9557,0.0,140.466,0.0,-1.0,0.0
3.23416,0.0,117.229,0.0,-1.0,0.0
87.9676,0.0,130.611,0.0,-1.0,0.0
87.9676,0.0,130.611,0.0,-1.0,0.0
3.23416,0.0,117.229,0.0,-1.0,0.0
7.24364,0.0,102.265,0.0,-1.0,0.0
87.9676,0.0,130.611,0.0,-1.0,0.0
7.24364,0.0,102.265,0.0,-1.0,0.0
91.5343,0.0,121.207,0.0,-1.0,0.0
257.985,0.0,48.9687,0.0,-1.0,0.0
267.735,0.0,61.0078,0.0,-1.0,0.0
199.436,0.0,112.496,0.0,-1.0,0.0
199.436,0.0,112.496,0.0,-1.0,0.0
267.735,0.0,61.0078,0.0,-1.0,0.0
276.172,0.0,74.0,0.0,-1.0,0.0
199.436,0.0,112.496,0.0,-1.0,0.0
276.172,0.0,74.0,0.0,-1.0,0.0
204.466,0.0,121.207,0.0,-1.0,0.0
204.466,0.0,121.207,0.0,-1.0,0.0
276.172,0.0,74.0,0.0,-1.0,0.0
283.205,0.0,87.803,0.0,-1.0,0.0
204.466,0.0,121.207,0.0,-1.0,0.0
283.205,0.0,87.803,0.0,-1.0,0.0
208.032,0.0,130.611,0.0,-1.0,0.0
208.032,0.0,130.611,0.0,-1.0,0.0
283.205,0.0,87.803,0.0,-1.0,0.0
288.756,0.0,102.265,0.0,-1.0,0.0
208.032,0.0,130.611,0.0,-1.0,0.0
288.756,0.0,102.265,0.0,-1.0,0.0
292.766,0.0,117.229,0.0,-1.0,0.0
102.925,0.0,104.705,0.0,-1.0,0.0
48.9687,0.0,38.0146,0.0,-1.0,0.0
110.454,0.0,98.0348,0.0,-1.0,0.0
110.454,0.0,98.0348,0.0,-1.0,0.0
48.9687,0.0,38.0146,0.0,-1.0,0.0
61.0078,0.0,28.2655,0.0,-1.0,0.0
110.454,0.0,98.0348,0.0,-1.0,0.0
61.0078,0.0,28.2655,0.0,-1.0,0.0
118.955,0.0,92.659,0.0,-1.0,0.0
118.955,0.0,92.659,0.0,-1.0,0.0
61.0078,0.0,28.2655,0.0,-1.0,0.0
74.0,0.0,19.8282,0.0,-1.0,0.0
118.955,0.0,92.659,0.0,-1.0,0.0
74.0,0.0,19.8282,0.0,-1.0,0.0
87.803,0.0,12.7953,0.0,-1.0,0.0
7.24364,0.0,102.265,0.0,-1.0,0.0
12.7953,0.0,87.803,0.0,-1.0,0.0
91.5343,0.0,121.207,0.0,-1.0,0.0
91.5343,0.0,121.207,0.0,-1.0,0.0
12.7953,0.0,87.803,0.0,-1.0,0.0
19.8282,0.0,74.0,0.0,-1.0,0.0
91.5343,0.0,121.207,0.0,-1.0,0.0
19.8282,0.0,74.0,0.0,-1.0,0.0
96.5635,0.0,112.496,0.0,-1.0,0.0
96.5635,0.0,112.496,0.0,-1.0,0.0
19.8282,0.0,74.0,0.0,-1.0,0.0
28.2655,0.0,61.0078,0.0,-1.0,0.0
96.5635,0.0,112.496,0.0,-1.0,0.0
28.2655,0.0,61.0078,0.0,-1.0,0.0
102.925,0.0,104.705,0.0,-1.0,0.0
102.925,0.0,104.705,0.0,-1.0,0.0
28.2655,0.0,61.0078,0.0,-1.0,0.0
38.0146,0.0,48.9687,0.0,-1.0,0.0
102.925,0.0,104.705,0.0,-1.0,0.0
38.0146,0.0,48.9687,0.0,-1.0,0.0
48.9687,0.0,38.0146,0.0,-1.0,0.0
86.7631,0.0,160.502,0.0,-1.0,0.0
0.810765,0.0,163.47,0.0,-1.0,0.0
85.5507,0.0,150.517,0.0,-1.0,0.0
85.5507,0.0,150.517,0.0,-1.0,0.0
0.810765,0.0,163.47,0.0,-1.0,0.0
0.0,0.0,148.0,0.0,-1.0,0.0
85.5507,0.0,150.517,0.0,-1.0,0.0
0.0,0.0,148.0,0.0,-1.0,0.0
85.9557,0.0,140.466,0.0,-1.0,0.0
85.9557,0.0,140.466,0.0,-1.0,0.0
0.0,0.0,148.0,0.0,-1.0,0.0
0.810765,0.0,132.53,0.0,-1.0,0.0
85.9557,0.0,140.466,0.0,-1.0,0.0
0.810765,0.0,132.53,0.0,-1.0,0.0
3.23416,0.0,117.229,0.0,-1.0,0.0
93.8734,0.0,179.25,0.0,-1.0,0.0
12.7953,0.0,208.197,0.0,-1.0,0.0
89.5615,0.0,170.163,0.0,-1.0,0.0
89.5615,0.0,170.163,0.0,-1.0,0.0
12.7953,0.0,208.197,0.0,-1.0,0.0
7.24364,0.0,193.735,0.0,-1.0,0.0
89.5615,0.0,170.163,0.0,-1.0,0.0
7.24364,0.0,193.735,0.0,-1.0,0.0
86.7631,0.0,160.502,0.0,-1.0,0.0
86.7631,0.0,160.502,0.0,-1.0,0.0
7.24364,0.0,193.735,0.0,-1.0,0.0
3.23416,0.0,178.771,0.0,-1.0,0.0
86.7631,0.0,160.502,0.0,-1.0,0.0
3.23416,0.0,178.771,0.0,-1.0,0.0
0.810765,0.0,163.47,0.0,-1.0,0.0
99.5872,0.0,187.528,0.0,-1.0,0.0
28.2655,0.0,234.992,0.0,-1.0,0.0
93.8734,0.0,179.25,0.0,-1.0,0.0
93.8734,0.0,179.25,0.0,-1.0,0.0
28.2655,0.0,234.992,0.0,-1.0,0.0
19.8282,0.0,222.0,0.0,-1.0,0.0
93.8734,0.0,179.25,0.0,-1.0,0.0
19.8282,0.0,222.0,0.0,-1.0,0.0
12.7953,0.0,208.197,0.0,-1.0,0.0
87.803,0.0,283.205,0.0,-1.0,0.0
74.0,0.0,276.172,0.0,-1.0,0.0
114.596,0.0,200.824,0.0,-1.0,0.0
114.596,0.0,200.824,0.0,-1.0,0.0
74.0,0.0,276.172,0.0,-1.0,0.0
61.0078,0.0,267.735,0.0,-1.0,0.0
114.596,0.0,200.824,0.0,-1.0,0.0
61.0078,0.0,267.735,0.0,-1.0,0.0
106.555,0.0,194.782,0.0,-1.0,0.0
106.555,0.0,194.782,0.0,-1.0,0.0
61.0078,0.0,267.735,0.0,-1.0,0.0
48.9687,0.0,257.985,0.0,-1.0,0.0
106.555,0.0,194.782,0.0,-1.0,0.0
48.9687,0.0,257.985,0.0,-1.0,0.0
99.5872,0.0,187.528,0.0,-1.0,0.0
99.5872,0.0,187.528,0.0,-1.0,0.0
48.9687,0.0,257.985,0.0,-1.0,0.0
38.0146,0.0,247.031,0.0,-1.0,0.0
99.5872,0.0,187.528,0.0,-1.0,0.0
38.0146,0.0,247.031,0.0,-1.0,0.0
28.2655,0.0,234.992,0.0,-1.0,0.0
