245.379,187.0,4255.2,0.0,1.0,0.0
227.179,187.0,4253.87,0.0,1.0,0.0
181.753,187.0,4375.58,0.0,1.0,0.0
181.753,187.0,4375.58,0.0,1.0,0.0
227.179,187.0,4253.87,0.0,1.0,0.0
209.367,187.0,4249.9,0.0,1.0,0.0
181.753,187.0,4375.58,0.0,1.0,0.0
209.367,187.0,4249.9,0.0,1.0,0.0
192.322,187.0,4243.38,0.0,1.0,0.0
192.322,187.0,4243.38,0.0,1.0,0.0
176.408,187.0,4234.45,0.0,1.0,0.0
181.753,187.0,4375.58,0.0,1.0,0.0
181.753,187.0,4375.58,0.0,1.0,0.0
176.408,187.0,4234.45,0.0,1.0,0.0
161.964,187.0,4223.3,0.0,1.0,0.0
181.753,187.0,4375.58,0.0,1.0,0.0
161.964,187.0,4223.3,0.0,1.0,0.0
0.0,187.0,4193.83,0.0,1.0,0.0
0.0,187.0,4193.83,0.0,1.0,0.0
161.964,187.0,4223.3,0.0,1.0,0.0
149.298,187.0,4210.16,0.0,1.0,0.0
0.0,187.0,4193.83,0.0,1.0,0.0
149.298,187.0,4210.16,0.0,1.0,0.0
138.68,187.0,4195.32,0.0,1.0,0.0
138.68,187.0,4195.32,0.0,1.0,0.0
130.336,187.0,4179.09,0.0,1.0,0.0
0.0,187.0,4193.83,0.0,1.0,0.0
0.0,187.0,4193.83,0.0,1.0,0.0
130.336,187.0,4179.09,0.0,1.0,0.0
124.444,187.0,4161.82,0.0,1.0,0.0
0.0,187.0,4193.83,0.0,1.0,0.0
124.444,187.0,4161.82,0.0,1.0,0.0
121.129,187.0,4143.87,0.0,1.0,0.0
352.078,187.0,4195.32,0.0,1.0,0.0
341.46,187.0,4210.16,0.0,1.0,0.0
422.156,187.0,4306.98,0.0,1.0,0.0
422.156,187.0,4306.98,0.0,1.0,0.0
341.46,187.0,4210.16,0.0,1.0,0.0
328.794,187.0,4223.3,0.0,1.0,0.0
422.156,187.0,4306.98,0.0,1.0,0.0
328.794,187.0,4223.3,0.0,1.0,0.0
314.35,187.0,4234.45,0.0,1.0,0.0
121.129,187.0,4143.87,0.0,1.0,0.0
120.462,187.0,4125.63,0.0,1.0,0.0
0.0,187.0,4193.83,0.0,1.0,0.0
0.0,187.0,4193.83,0.0,1.0,0.0
120.462,187.0,4125.63,0.0,1.0,0.0
122.458,187.0,4107.5,0.0,1.0,0.0
0.0,187.0,4193.83,0.0,1.0,0.0
122.458,187.0,4107.5,0.0,1.0,0.0
68.6023,187.0,3953.42,0.0,1.0,0.0
68.6023,187.0,3953.42,0.0,1.0,0.0
122.458,187.0,4107.5,0.0,1.0,0.0
127.074,187.0,4089.84,0.0,1.0,0.0
68.6023,187.0,3953.42,0.0,1.0,0.0
127.074,187.0,4089.84,0.0,1.0,0.0
134.211,187.0,4073.04,0.0,1.0,0.0
134.211,187.0,4073.04,0.0,1.0,0.0
143.718,187.0,4057.47,0.0,1.0,0.0
68.6023,187.0,3953.42,0.0,1.0,0.0
68.6023,187.0,3953.42,0.0,1.0,0.0
143.718,187.0,4057.47,0.0,1.0,0.0
155.391,187.0,4043.44,0.0,1.0,0.0
68.6023,187.0,3953.42,0.0,1.0,0.0
155.391,187.0,4043.44,0.0,1.0,0.0
168.983,187.0,4031.26,0.0,1.0,0.0
370.296,187.0,4125.63,0.0,1.0,0.0
490.758,187.0,4066.57,0.0,1.0,0.0
368.3,187.0,4107.5,0.0,1.0,0.0
368.3,187.0,4107.5,0.0,1.0,0.0
490.758,187.0,4066.57,0.0,1.0,0.0
363.684,187.0,4089.84,0.0,1.0,0.0
314.35,187.0,4234.45,0.0,1.0,0.0
298.436,187.0,4243.38,0.0,1.0,0.0
422.156,187.0,4306.98,0.0,1.0,0.0
422.156,187.0,4306.98,0.0,1.0,0.0
298.436,187.0,4243.38,0.0,1.0,0.0
281.392,187.0,4249.9,0.0,1.0,0.0
422.156,187.0,4306.98,0.0,1.0,0.0
281.392,187.0,4249.9,0.0,1.0,0.0
181.753,187.0,4375.58,0.0,1.0,0.0
181.753,187.0,4375.58,0.0,1.0,0.0
281.392,187.0,4249.9,0.0,1.0,0.0
263.579,187.0,4253.87,0.0,1.0,0.0
181.753,187.0,4375.58,0.0,1.0,0.0
263.579,187.0,4253.87,0.0,1.0,0.0
245.379,187.0,4255.2,0.0,1.0,0.0
335.367,187.0,4043.44,0.0,1.0,0.0
347.04,187.0,4057.47,0.0,1.0,0.0
490.758,187.0,4066.57,0.0,1.0,0.0
490.758,187.0,4066.57,0.0,1.0,0.0
347.04,187.0,4057.47,0.0,1.0,0.0
356.547,187.0,4073.04,0.0,1.0,0.0
490.758,187.0,4066.57,0.0,1.0,0.0
356.547,187.0,4073.04,0.0,1.0,0.0
363.684,187.0,4089.84,0.0,1.0,0.0
335.367,187.0,4043.44,0.0,1.0,0.0
490.758,187.0,4066.57,0.0,1.0,0.0
321.776,187.0,4031.26,0.0,1.0,0.0
321.776,187.0,4031.26,0.0,1.0,0.0
490.758,187.0,4066.57,0.0,1.0,0.0
309.006,187.0,3884.82,0.0,1.0,0.0
321.776,187.0,4031.26,0.0,1.0,0.0
309.006,187.0,3884.82,0.0,1.0,0.0
306.556,187.0,4021.19,0.0,1.0,0.0
370.296,187.0,4125.63,0.0,1.0,0.0
369.629,187.0,4143.87,0.0,1.0,0.0
490.758,187.0,4066.57,0.0,1.0,0.0
490.758,187.0,4066.57,0.0,1.0,0.0
369.629,187.0,4143.87,0.0,1.0,0.0
366.315,187.0,4161.82,0.0,1.0,0.0
490.758,187.0,4066.57,0.0,1.0,0.0
366.315,187.0,4161.82,0.0,1.0,0.0
422.156,187.0,4306.98,0.0,1.0,0.0
422.156,187.0,4306.98,0.0,1.0,0.0
366.315,187.0,4161.82,0.0,1.0,0.0
360.422,187.0,4179.09,0.0,1.0,0.0
422.156,187.0,4306.98,0.0,1.0,0.0
360.422,187.0,4179.09,0.0,1.0,0.0
352.078,187.0,4195.32,0.0,1.0,0.0
168.983,187.0,4031.26,0.0,1.0,0.0
184.202,187.0,4021.19,0.0,1.0,0.0
68.6023,187.0,3953.42,0.0,1.0,0.0
68.6023,187.0,3953.42,0.0,1.0,0.0
184.202,187.0,4021.19,0.0,1.0,0.0
200.725,187.0,4013.45,0.0,1.0,0.0
68.6023,187.0,3953.42,0.0,1.0,0.0
200.725,187.0,4013.45,0.0,1.0,0.0
309.006,187.0,3884.82,0.0,1.0,0.0
200.725,187.0,4013.45,0.0,1.0,0.0
218.2,187.0,4008.19,0.0,1.0,0.0
309.006,187.0,3884.82,0.0,1.0,0.0
309.006,187.0,3884.82,0.0,1.0,0.0
218.2,187.0,4008.19,0.0,1.0,0.0
236.255,187.0,4005.53,0.0,1.0,0.0
309.006,187.0,3884.82,0.0,1.0,0.0
236.255,187.0,4005.53,0.0,1.0,0.0
254.503,187.0,4005.53,0.0,1.0,0.0
254.503,187.0,4005.53,0.0,1.0,0.0
272.558,187.0,4008.19,0.0,1.0,0.0
309.006,187.0,3884.82,0.0,1.0,0.0
309.006,187.0,3884.82,0.0,1.0,0.0
272.558,187.0,4008.19,0.0,1.0,0.0
290.033,187.0,4013.45,0.0,1.0,0.0
309.006,187.0,3884.82,0.0,1.0,0.0
290.033,187.0,4013.45,0.0,1.0,0.0
306.556,187.0,4021.19,0.0,1.0,0.0
0.0,187.0,4193.83,-0.961613,0.0,-0.274409
68.6023,187.0,3953.42,-0.961613,0.0,-0.274409
0.0,0.0,4193.83,-0.961613,0.0,-0.274409
0.0,0.0,4193.83,-0.961613,0.0,-0.274409
68.6023,187.0,3953.42,-0.961613,0.0,-0.274409
68.6023,0.0,3953.42,-0.961613,0.0,-0.274409
68.6023,187.0,3953.42,-0.274409,0.0,-0.961613
309.006,187.0,3884.82,-0.274409,0.0,-0.961613
68.6023,0.0,3953.42,-0.274409,0.0,-0.961613
68.6023,0.0,3953.42,-0.274409,0.0,-0.961613
309.006,187.0,3884.82,-0.274409,0.0,-0.961613
309.006,0.0,3884.82,-0.274409,0.0,-0.961613
309.006,187.0,3884.82,0.707107,0.0,-0.707106
490.758,187.0,4066.57,0.707107,0.0,-0.707106
309.006,0.0,3884.82,0.707107,0.0,-0.707106
309.006,0.0,3884.82,0.707107,0.0,-0.707106
490.758,187.0,4066.57,0.707107,0.0,-0.707106
490.758,0.0,4066.57,0.707107,0.0,-0.707106
490.758,187.0,4066.57,0.961613,0.0,0.27441
422.156,187.0,4306.98,0.961613,0.0,0.27441
490.758,0.0,4066.57,0.961613,0.0,0.27441
490.758,0.0,4066.57,0.961613,0.0,0.27441
422.156,187.0,4306.98,0.961613,0.0,0.27441
422.156,0.0,4306.98,0.961613,0.0,0.27441
422.156,187.0,4306.98,0.274412,0.0,0.961612
181.753,187.0,4375.58,0.274412,0.0,0.961612
422.156,0.0,4306.98,0.274412,0.0,0.961612
422.156,0.0,4306.98,0.274412,0.0,0.961612
181.753,187.0,4375.58,0.274412,0.0,0.961612
181.753,0.0,4375.58,0.274412,0.0,0.961612
181.753,187.0,4375.58,-0.707107,0.0,0.707106
0.0,187.0,4193.83,-0.707107,0.0,0.707106
181.753,0.0,4375.58,-0.707107,0.0,0.707106
181.753,0.0,4375.58,-0.707107,0.0,0.707106
0.0,187.0,4193.83,-0.707107,0.0,0.707106
0.0,0.0,4193.83,-0.707107,0.0,0.707106
263.579,0.0,4253.87,-0.217452,0.0,-0.976071
263.579,187.0,4253.87,-0.217452,0.0,-0.976071
281.392,0.0,4249.9,-0.217452,0.0,-0.976071
281.392,0.0,4249.9,-0.217452,0.0,-0.976071
263.579,187.0,4253.87,-0.217452,0.0,-0.976071
281.392,187.0,4249.9,-0.217452,0.0,-0.976071
281.392,0.0,4249.9,-0.357234,0.0,-0.934015
281.392,187.0,4249.9,-0.357234,0.0,-0.934015
298.436,0.0,4243.38,-0.357234,0.0,-0.934015
298.436,0.0,4243.38,-0.357234,0.0,-0.934015
281.392,187.0,4249.9,-0.357234,0.0,-0.934015
298.436,187.0,4243.38,-0.357234,0.0,-0.934015
298.436,0.0,4243.38,-0.489409,0.0,-0.872054
298.436,187.0,4243.38,-0.489409,0.0,-0.872054
314.35,0.0,4234.45,-0.489409,0.0,-0.872054
314.35,0.0,4234.45,-0.489409,0.0,-0.872054
298.436,187.0,4243.38,-0.489409,0.0,-0.872054
314.35,187.0,4234.45,-0.489409,0.0,-0.872054
314.35,0.0,4234.45,-0.611161,0.0,-0.791506
314.35,187.0,4234.45,-0.611161,0.0,-0.791506
328.794,0.0,4223.3,-0.611161,0.0,-0.791506
328.794,0.0,4223.3,-0.611161,0.0,-0.791506
314.35,187.0,4234.45,-0.611161,0.0,-0.791506
328.794,187.0,4223.3,-0.611161,0.0,-0.791506
328.794,0.0,4223.3,-0.719913,0.0,-0.694064
328.794,187.0,4223.3,-0.719913,0.0,-0.694064
341.46,0.0,4210.16,-0.719913,0.0,-0.694064
341.46,0.0,4210.16,-0.719913,0.0,-0.694064
328.794,187.0,4223.3,-0.719913,0.0,-0.694064
341.46,187.0,4210.16,-0.719913,0.0,-0.694064
341.46,0.0,4210.16,-0.813286,0.0,-0.581864
341.46,187.0,4210.16,-0.813286,0.0,-0.581864
352.078,0.0,4195.32,-0.813286,0.0,-0.581864
352.078,0.0,4195.32,-0.813286,0.0,-0.581864
341.46,187.0,4210.16,-0.813286,0.0,-0.581864
352.078,187.0,4195.32,-0.813286,0.0,-0.581864
352.078,0.0,4195.32,-0.889347,0.0,-0.457232
352.078,187.0,4195.32,-0.889347,0.0,-0.457232
360.422,0.0,4179.09,-0.889347,0.0,-0.457232
360.422,0.0,4179.09,-0.889347,0.0,-0.457232
352.078,187.0,4195.32,-0.889347,0.0,-0.457232
360.422,187.0,4179.09,-0.889347,0.0,-0.457232
360.422,0.0,4179.09,-0.946439,0.0,-0.322883
360.422,187.0,4179.09,-0.946439,0.0,-0.322883
366.315,0.0,4161.82,-0.946439,0.0,-0.322883
366.315,0.0,4161.82,-0.946439,0.0,-0.322883
360.422,187.0,4179.09,-0.946439,0.0,-0.322883
366.315,187.0,4161.82,-0.946439,0.0,-0.322883
366.315,0.0,4161.82,-0.983367,0.0,-0.181629
366.315,187.0,4161.82,-0.983367,0.0,-0.181629
369.629,0.0,4143.87,-0.983367,0.0,-0.181629
369.629,0.0,4143.87,-0.983367,0.0,-0.181629
366.315,187.0,4161.82,-0.983367,0.0,-0.181629
369.629,187.0,4143.87,-0.983367,0.0,-0.181629
369.629,0.0,4143.87,-0.999333,0.0,-0.0365304
369.629,187.0,4143.87,-0.999333,0.0,-0.0365304
370.296,0.0,4125.63,-0.999333,0.0,-0.0365304
370.296,0.0,4125.63,-0.999333,0.0,-0.0365304
369.629,187.0,4143.87,-0.999333,0.0,-0.0365304
370.296,187.0,4125.63,-0.999333,0.0,-0.0365304
370.296,0.0,4125.63,-0.994,0.0,0.109378
370.296,187.0,4125.63,-0.994,0.0,0.109378
368.3,0.0,4107.5,-0.994,0.0,0.109378
368.3,0.0,4107.5,-0.994,0.0,0.109378
370.296,187.0,4125.63,-0.994,0.0,0.109378
368.3,187.0,4107.5,-0.994,0.0,0.109378
368.3,0.0,4107.5,-0.967486,0.0,0.252925
368.3,187.0,4107.5,-0.967486,0.0,0.252925
363.684,0.0,4089.84,-0.967486,0.0,0.252925
363.684,0.0,4089.84,-0.967486,0.0,0.252925
368.3,187.0,4107.5,-0.967486,0.0,0.252925
363.684,187.0,4089.84,-0.967486,0.0,0.252925
363.684,0.0,4089.84,-0.920344,0.0,0.391111
363.684,187.0,4089.84,-0.920344,0.0,0.391111
356.547,0.0,4073.04,-0.920344,0.0,0.391111
356.547,0.0,4073.04,-0.920344,0.0,0.391111
363.684,187.0,4089.84,-0.920344,0.0,0.391111
356.547,187.0,4073.04,-0.920344,0.0,0.391111
356.547,0.0,4073.04,-0.853596,0.0,0.520935
356.547,187.0,4073.04,-0.853596,0.0,0.520935
347.04,0.0,4057.47,-0.853596,0.0,0.520935
347.04,0.0,4057.47,-0.853596,0.0,0.520935
356.547,187.0,4073.04,-0.853596,0.0,0.520935
347.04,187.0,4057.47,-0.853596,0.0,0.520935
347.04,0.0,4057.47,-0.768636,0.0,0.639686
347.04,187.0,4057.47,-0.768636,0.0,0.639686
335.367,0.0,4043.44,-0.768636,0.0,0.639686
335.367,0.0,4043.44,-0.768636,0.0,0.639686
347.04,187.0,4057.47,-0.768636,0.0,0.639686
335.367,187.0,4043.44,-0.768636,0.0,0.639686
335.367,0.0,4043.44,-0.667329,0.0,0.744763
335.367,187.0,4043.44,-0.667329,0.0,0.744763
321.776,0.0,4031.26,-0.667329,0.0,0.744763
321.776,0.0,4031.26,-0.667329,0.0,0.744763
335.367,187.0,4043.44,-0.667329,0.0,0.744763
321.776,187.0,4031.26,-0.667329,0.0,0.744763
321.776,0.0,4031.26,-0.551758,0.0,0.834004
321.776,187.0,4031.26,-0.551758,0.0,0.834004
306.556,0.0,4021.19,-0.551758,0.0,0.834004
306.556,0.0,4021.19,-0.551758,0.0,0.834004
321.776,187.0,4031.26,-0.551758,0.0,0.834004
306.556,187.0,4021.19,-0.551758,0.0,0.834004
306.556,0.0,4021.19,-0.424475,0.0,0.90544
306.556,187.0,4021.19,-0.424475,0.0,0.90544
290.033,0.0,4013.45,-0.424475,0.0,0.90544
290.033,0.0,4013.45,-0.424475,0.0,0.90544
306.556,187.0,4021.19,-0.424475,0.0,0.90544
290.033,187.0,4013.45,-0.424475,0.0,0.90544
290.033,0.0,4013.45,-0.288083,0.0,0.957606
290.033,187.0,4013.45,-0.288083,0.0,0.957606
272.558,0.0,4008.19,-0.288083,0.0,0.957606
272.558,0.0,4008.19,-0.288083,0.0,0.957606
290.033,187.0,4013.45,-0.288083,0.0,0.957606
272.558,187.0,4008.19,-0.288083,0.0,0.957606
272.558,0.0,4008.19,-0.145596,0.0,0.989344
272.558,187.0,4008.19,-0.145596,0.0,0.989344
254.503,0.0,4005.53,-0.145596,0.0,0.989344
254.503,0.0,4005.53,-0.145596,0.0,0.989344
272.558,187.0,4008.19,-0.145596,0.0,0.989344
254.503,187.0,4005.53,-0.145596,0.0,0.989344
254.503,0.0,4005.53,0.0,0.0,1.0
254.503,187.0,4005.53,0.0,0.0,1.0
236.255,0.0,4005.53,0.0,0.0,1.0
236.255,0.0,4005.53,0.0,0.0,1.0
254.503,187.0,4005.53,0.0,0.0,1.0
236.255,187.0,4005.53,0.0,0.0,1.0
236.255,0.0,4005.53,0.145598,0.0,0.989344
236.255,187.0,4005.53,0.145598,0.0,0.989344
218.2,0.0,4008.19,0.145598,0.0,0.989344
218.2,0.0,4008.19,0.145598,0.0,0.989344
236.255,187.0,4005.53,0.145598,0.0,0.989344
218.2,187.0,4008.19,0.145598,0.0,0.989344
218.2,0.0,4008.19,0.288079,0.0,0.957607
218.2,187.0,4008.19,0.288079,0.0,0.957607
200.725,0.0,4013.45,0.288079,0.0,0.957607
200.725,0.0,4013.45,0.288079,0.0,0.957607
218.2,187.0,4008.19,0.288079,0.0,0.957607
200.725,187.0,4013.45,0.288079,0.0,0.957607
200.725,0.0,4013.45,0.424479,0.0,0.905438
200.725,187.0,4013.45,0.424479,0.0,0.905438
184.202,0.0,4021.19,0.424479,0.0,0.905438
184.202,0.0,4021.19,0.424479,0.0,0.905438
200.725,187.0,4013.45,0.424479,0.0,0.905438
184.202,187.0,4021.19,0.424479,0.0,0.905438
184.202,0.0,4021.19,0.551759,0.0,0.834004
184.202,187.0,4021.19,0.551759,0.0,0.834004
168.983,0.0,4031.26,0.551759,0.0,0.834004
168.983,0.0,4031.26,0.551759,0.0,0.834004
184.202,187.0,4021.19,0.551759,0.0,0.834004
168.983,187.0,4031.26,0.551759,0.0,0.834004
168.983,0.0,4031.26,0.667323,0.0,0.744769
168.983,187.0,4031.26,0.667323,0.0,0.744769
155.391,0.0,4043.44,0.667323,0.0,0.744769
155.391,0.0,4043.44,0.667323,0.0,0.744769
168.983,187.0,4031.26,0.667323,0.0,0.744769
155.391,187.0,4043.44,0.667323,0.0,0.744769
155.391,0.0,4043.44,0.768642,0.0,0.639679
155.391,187.0,4043.44,0.768642,0.0,0.639679
143.718,0.0,4057.47,0.768642,0.0,0.639679
143.718,0.0,4057.47,0.768642,0.0,0.639679
155.391,187.0,4043.44,0.768642,0.0,0.639679
143.718,187.0,4057.47,0.768642,0.0,0.639679
143.718,0.0,4057.47,0.853591,0.0,0.520944
143.718,187.0,4057.47,0.853591,0.0,0.520944
134.211,0.0,4073.04,0.853591,0.0,0.520944
134.211,0.0,4073.04,0.853591,0.0,0.520944
143.718,187.0,4057.47,0.853591,0.0,0.520944
134.211,187.0,4073.04,0.853591,0.0,0.520944
134.211,0.0,4073.04,0.920348,0.0,0.3911
134.211,187.0,4073.04,0.920348,0.0,0.3911
127.074,0.0,4089.84,0.920348,0.0,0.3911
127.074,0.0,4089.84,0.920348,0.0,0.3911
134.211,187.0,4073.04,0.920348,0.0,0.3911
127.074,187.0,4089.84,0.920348,0.0,0.3911
127.074,0.0,4089.84,0.967482,0.0,0.252938
127.074,187.0,4089.84,0.967482,0.0,0.252938
122.458,0.0,4107.5,0.967482,0.0,0.252938
122.458,0.0,4107.5,0.967482,0.0,0.252938
127.074,187.0,4089.84,0.967482,0.0,0.252938
122.458,187.0,4107.5,0.967482,0.0,0.252938
122.458,0.0,4107.5,0.994,0.0,0.109377
122.458,187.0,4107.5,0.994,0.0,0.109377
120.462,0.0,4125.63,0.994,0.0,0.109377
120.462,0.0,4125.63,0.994,0.0,0.109377
122.458,187.0,4107.5,0.994,0.0,0.109377
120.462,187.0,4125.63,0.994,0.0,0.109377
120.462,0.0,4125.63,0.999333,0.0,-0.03653
120.462,187.0,4125.63,0.999333,0.0,-0.03653
121.129,0.0,4143.87,0.999333,0.0,-0.03653
121.129,0.0,4143.87,0.999333,0.0,-0.03653
120.462,187.0,4125.63,0.999333,0.0,-0.03653
121.129,187.0,4143.87,0.999333,0.0,-0.03653
121.129,0.0,4143.87,0.983365,0.0,-0.18164
121.129,187.0,4143.87,0.983365,0.0,-0.18164
124.444,0.0,4161.82,0.983365,0.0,-0.18164
124.444,0.0,4161.82,0.983365,0.0,-0.18164
121.129,187.0,4143.87,0.983365,0.0,-0.18164
124.444,187.0,4161.82,0.983365,0.0,-0.18164
124.444,0.0,4161.82,0.946443,0.0,-0.322872
124.444,187.0,4161.82,0.946443,0.0,-0.322872
130.336,0.0,4179.09,0.946443,0.0,-0.322872
130.336,0.0,4179.09,0.946443,0.0,-0.322872
124.444,187.0,4161.82,0.946443,0.0,-0.322872
130.336,187.0,4179.09,0.946443,0.0,-0.322872
130.336,0.0,4179.09,0.889348,0.0,-0.457232
130.336,187.0,4179.09,0.889348,0.0,-0.457232
138.68,0.0,4195.32,0.889348,0.0,-0.457232
138.68,0.0,4195.32,0.889348,0.0,-0.457232
130.336,187.0,4179.09,0.889348,0.0,-0.457232
138.68,187.0,4195.32,0.889348,0.0,-0.457232
138.68,0.0,4195.32,0.813285,0.0,-0.581865
138.68,187.0,4195.32,0.813285,0.0,-0.581865
149.298,0.0,4210.16,0.813285,0.0,-0.581865
149.298,0.0,4210.16,0.813285,0.0,-0.581865
138.68,187.0,4195.32,0.813285,0.0,-0.581865
149.298,187.0,4210.16,0.813285,0.0,-0.581865
149.298,0.0,4210.16,0.719913,0.0,-0.694064
149.298,187.0,4210.16,0.719913,0.0,-0.694064
161.964,0.0,4223.3,0.719913,0.0,-0.694064
161.964,0.0,4223.3,0.719913,0.0,-0.694064
149.298,187.0,4210.16,0.719913,0.0,-0.694064
161.964,187.0,4223.3,0.719913,0.0,-0.694064
161.964,0.0,4223.3,0.611161,0.0,-0.791506
161.964,187.0,4223.3,0.611161,0.0,-0.791506
176.408,0.0,4234.45,0.611161,0.0,-0.791506
176.408,0.0,4234.45,0.611161,0.0,-0.791506
161.964,187.0,4223.3,0.611161,0.0,-0.791506
176.408,187.0,4234.45,0.611161,0.0,-0.791506
176.408,0.0,4234.45,0.489409,0.0,-0.872054
176.408,187.0,4234.45,0.489409,0.0,-0.872054
192.322,0.0,4243.38,0.489409,0.0,-0.872054
192.322,0.0,4243.38,0.489409,0.0,-0.872054
176.408,187.0,4234.45,0.489409,0.0,-0.872054
192.322,187.0,4243.38,0.489409,0.0,-0.872054
192.322,0.0,4243.38,0.35723,0.0,-0.934017
192.322,187.0,4243.38,0.35723,0.0,-0.934017
209.367,0.0,4249.9,0.35723,0.0,-0.934017
209.367,0.0,4249.9,0.35723,0.0,-0.934017
192.322,187.0,4243.38,0.35723,0.0,-0.934017
209.367,187.0,4249.9,0.35723,0.0,-0.934017
209.367,0.0,4249.9,0.217452,0.0,-0.976071
209.367,187.0,4249.9,0.217452,0.0,-0.976071
227.179,0.0,4253.87,0.217452,0.0,-0.976071
227.179,0.0,4253.87,0.217452,0.0,-0.976071
209.367,187.0,4249.9,0.217452,0.0,-0.976071
227.179,187.0,4253.87,0.217452,0.0,-0.976071
227.179,0.0,4253.87,0.072966,0.0,-0.997334
227.179,187.0,4253.87,0.072966,0.0,-0.997334
245.379,0.0,4255.2,0.072966,0.0,-0.997334
245.379,0.0,4255.2,0.072966,0.0,-0.997334
227.179,187.0,4253.87,0.072966,0.0,-0.997334
245.379,187.0,4255.2,0.072966,0.0,-0.997334
245.379,0.0,4255.2,-0.072966,0.0,-0.997334
245.379,187.0,4255.2,-0.072966,0.0,-0.997334
263.579,0.0,4253.87,-0.072966,0.0,-0.997334
263.579,0.0,4253.87,-0.072966,0.0,-0.997334
245.379,187.0,4255.2,-0.072966,0.0,-0.997334
263.579,187.0,4253.87,-0.072966,0.0,-0.997334
200.725,0.0,4013.45,0.0,-1.0,0.0
184.202,0.0,4021.19,0.0,-1.0,0.0
68.6023,0.0,3953.42,0.0,-1.0,0.0
176.408,0.0,4234.45,0.0,-1.0,0.0
192.322,0.0,4243.38,0.0,-1.0,0.0
181.753,0.0,4375.58,0.0,-1.0,0.0
181.753,0.0,4375.58,0.0,-1.0,0.0
192.322,0.0,4243.38,0.0,-1.0,0.0
209.367,0.0,4249.9,0.0,-1.0,0.0
181.753,0.0,4375.58,0.0,-1.0,0.0
209.367,0.0,4249.9,0.0,-1.0,0.0
227.179,0.0,4253.87,0.0,-1.0,0.0
369.629,0.0,4143.87,0.0,-1.0,0.0
370.296,0.0,4125.63,0.0,-1.0,0.0
490.758,0.0,4066.57,0.0,-1.0,0.0
184.202,0.0,4021.19,0.0,-1.0,0.0
168.983,0.0,4031.26,0.0,-1.0,0.0
68.6023,0.0,3953.42,0.0,-1.0,0.0
68.6023,0.0,3953.42,0.0,-1.0,0.0
168.983,0.0,4031.26,0.0,-1.0,0.0
155.391,0.0,4043.44,0.0,-1.0,0.0
68.6023,0.0,3953.42,0.0,-1.0,0.0
155.391,0.0,4043.44,0.0,-1.0,0.0
143.718,0.0,4057.47,0.0,-1.0,0.0
0.0,0.0,4193.83,0.0,-1.0,0.0
149.298,0.0,4210.16,0.0,-1.0,0.0
181.753,0.0,4375.58,0.0,-1.0,0.0
181.753,0.0,4375.58,0.0,-1.0,0.0
149.298,0.0,4210.16,0.0,-1.0,0.0
161.964,0.0,4223.3,0.0,-1.0,0.0
181.753,0.0,4375.58,0.0,-1.0,0.0
161.964,0.0,4223.3,0.0,-1.0,0.0
176.408,0.0,4234.45,0.0,-1.0,0.0
143.718,0.0,4057.47,0.0,-1.0,0.0
134.211,0.0,4073.04,0.0,-1.0,0.0
68.6023,0.0,3953.42,0.0,-1.0,0.0
68.6023,0.0,3953.42,0.0,-1.0,0.0
134.211,0.0,4073.04,0.0,-1.0,0.0
127.074,0.0,4089.84,0.0,-1.0,0.0
68.6023,0.0,3953.42,0.0,-1.0,0.0
127.074,0.0,4089.84,0.0,-1.0,0.0
0.0,0.0,4193.83,0.0,-1.0,0.0
0.0,0.0,4193.83,0.0,-1.0,0.0
127.074,0.0,4089.84,0.0,-1.0,0.0
122.458,0.0,4107.5,0.0,-1.0,0.0
122.458,0.0,4107.5,0.0,-1.0,0.0
120.462,0.0,4125.63,0.0,-1.0,0.0
0.0,0.0,4193.83,0.0,-1.0,0.0
0.0,0.0,4193.83,0.0,-1.0,0.0
120.462,0.0,4125.63,0.0,-1.0,0.0
121.129,0.0,4143.87,0.0,-1.0,0.0
0.0,0.0,4193.83,0.0,-1.0,0.0
121.129,0.0,4143.87,0.0,-1.0,0.0
124.444,0.0,4161.82,0.0,-1.0,0.0
124.444,0.0,4161.82,0.0,-1.0,0.0
130.336,0.0,4179.09,0.0,-1.0,0.0
0.0,0.0,4193.83,0.0,-1.0,0.0
0.0,0.0,4193.83,0.0,-1.0,0.0
130.336,0.0,4179.09,0.0,-1.0,0.0
138.68,0.0,4195.32,0.0,-1.0,0.0
0.0,0.0,4193.83,0.0,-1.0,0.0
138.68,0.0,4195.32,0.0,-1.0,0.0
149.298,0.0,4210.16,0.0,-1.0,0.0
298.436,0.0,4243.38,0.0,-1.0,0.0
314.35,0.0,4234.45,0.0,-1.0,0.0
422.156,0.0,4306.98,0.0,-1.0,0.0
422.156,0.0,4306.98,0.0,-1.0,0.0
314.35,0.0,4234.45,0.0,-1.0,0.0
328.794,0.0,4223.3,0.0,-1.0,0.0
422.156,0.0,4306.98,0.0,-1.0,0.0
328.794,0.0,4223.3,0.0,-1.0,0.0
341.46,0.0,4210.16,0.0,-1.0,0.0
370.296,0.0,4125.63,0.0,-1.0,0.0
368.3,0.0,4107.5,0.0,-1.0,0.0
490.758,0.0,4066.57,0.0,-1.0,0.0
490.758,0.0,4066.57,0.0,-1.0,0.0
368.3,0.0,4107.5,0.0,-1.0,0.0
363.684,0.0,4089.84,0.0,-1.0,0.0
490.758,0.0,4066.57,0.0,-1.0,0.0
363.684,0.0,4089.84,0.0,-1.0,0.0
356.547,0.0,4073.04,0.0,-1.0,0.0
309.006,0.0,3884.82,0.0,-1.0,0.0
306.556,0.0,4021.19,0.0,-1.0,0.0
290.033,0.0,4013.45,0.0,-1.0,0.0
200.725,0.0,4013.45,0.0,-1.0,0.0
68.6023,0.0,3953.42,0.0,-1.0,0.0
218.2,0.0,4008.19,0.0,-1.0,0.0
218.2,0.0,4008.19,0.0,-1.0,0.0
68.6023,0.0,3953.42,0.0,-1.0,0.0
309.006,0.0,3884.82,0.0,-1.0,0.0
218.2,0.0,4008.19,0.0,-1.0,0.0
309.006,0.0,3884.82,0.0,-1.0,0.0
236.255,0.0,4005.53,0.0,-1.0,0.0
227.179,0.0,4253.87,0.0,-1.0,0.0
245.379,0.0,4255.2,0.0,-1.0,0.0
181.753,0.0,4375.58,0.0,-1.0,0.0
181.753,0.0,4375.58,0.0,-1.0,0.0
245.379,0.0,4255.2,0.0,-1.0,0.0
263.579,0.0,4253.87,0.0,-1.0,0.0
181.753,0.0,4375.58,0.0,-1.0,0.0
263.579,0.0,4253.87,0.0,-1.0,0.0
422.156,0.0,4306.98,0.0,-1.0,0.0
422.156,0.0,4306.98,0.0,-1.0,0.0
263.579,0.0,4253.87,0.0,-1.0,0.0
281.392,0.0,4249.9,0.0,-1.0,0.0
422.156,0.0,4306.98,0.0,-1.0,0.0
281.392,0.0,4249.9,0.0,-1.0,0.0
298.436,0.0,4243.38,0.0,-1.0,0.0
356.547,0.0,4073.04,0.0,-1.0,0.0
347.04,0.0,4057.47,0.0,-1.0,0.0
490.758,0.0,4066.57,0.0,-1.0,0.0
490.758,0.0,4066.57,0.0,-1.0,0.0
347.04,0.0,4057.47,0.0,-1.0,0.0
335.367,0.0,4043.44,0.0,-1.0,0.0
490.758,0.0,4066.57,0.0,-1.0,0.0
335.367,0.0,4043.44,0.0,-1.0,0.0
309.006,0.0,3884.82,0.0,-1.0,0.0
309.006,0.0,3884.82,0.0,-1.0,0.0
335.367,0.0,4043.44,0.0,-1.0,0.0
321.776,0.0,4031.26,0.0,-1.0,0.0
309.006,0.0,3884.82,0.0,-1.0,0.0
321.776,0.0,4031.26,0.0,-1.0,0.0
306.556,0.0,4021.19,0.0,-1.0,0.0
290.033,0.0,4013.45,0.0,-1.0,0.0
272.558,0.0,4008.19,0.0,-1.0,0.0
309.006,0.0,3884.82,0.0,-1.0,0.0
309.006,0.0,3884.82,0.0,-1.0,0.0
272.558,0.0,4008.19,0.0,-1.0,0.0
254.503,0.0,4005.53,0.0,-1.0,0.0
309.006,0.0,3884.82,0.0,-1.0,0.0
254.503,0.0,4005.53,0.0,-1.0,0.0
236.255,0.0,4005.53,0.0,-1.0,0.0
341.46,0.0,4210.16,0.0,-1.0,0.0
352.078,0.0,4195.32,0.0,-1.0,0.0
422.156,0.0,4306.98,0.0,-1.0,0.0
422.156,0.0,4306.98,0.0,-1.0,0.0
352.078,0.0,4195.32,0.0,-1.0,0.0
360.422,0.0,4179.09,0.0,-1.0,0.0
422.156,0.0,4306.98,0.0,-1.0,0.0
360.422,0.0,4179.09,0.0,-1.0,0.0
490.758,0.0,4066.57,0.0,-1.0,0.0
490.758,0.0,4066.57,0.0,-1.0,0.0
360.422,0.0,4179.09,0.0,-1.0,0.0
366.315,0.0,4161.82,0.0,-1.0,0.0
490.758,0.0,4066.57,0.0,-1.0,0.0
366.315,0.0,4161.82,0.0,-1.0,0.0
369.629,0.0,4143.87,0.0,-1.0,0.0
