143.718,5030.0,7208.13,0.0,-1.0,0.0
155.391,5030.0,7222.16,0.0,-1.0,0.0
0.0,5030.0,7199.03,0.0,-1.0,0.0
306.556,5030.0,7244.41,0.0,-1.0,0.0
321.776,5030.0,7234.34,0.0,-1.0,0.0
422.156,5030.0,7312.18,0.0,-1.0,0.0
422.156,5030.0,7312.18,0.0,-1.0,0.0
321.776,5030.0,7234.34,0.0,-1.0,0.0
335.367,5030.0,7222.16,0.0,-1.0,0.0
422.156,5030.0,7312.18,0.0,-1.0,0.0
335.367,5030.0,7222.16,0.0,-1.0,0.0
347.04,5030.0,7208.13,0.0,-1.0,0.0
314.35,5030.0,7031.15,0.0,-1.0,0.0
298.436,5030.0,7022.22,0.0,-1.0,0.0
309.006,5030.0,6890.02,0.0,-1.0,0.0
309.006,5030.0,6890.02,0.0,-1.0,0.0
298.436,5030.0,7022.22,0.0,-1.0,0.0
281.392,5030.0,7015.7,0.0,-1.0,0.0
309.006,5030.0,6890.02,0.0,-1.0,0.0
281.392,5030.0,7015.7,0.0,-1.0,0.0
263.579,5030.0,7011.73,0.0,-1.0,0.0
263.579,5030.0,7011.73,0.0,-1.0,0.0
245.379,5030.0,7010.4,0.0,-1.0,0.0
309.006,5030.0,6890.02,0.0,-1.0,0.0
309.006,5030.0,6890.02,0.0,-1.0,0.0
245.379,5030.0,7010.4,0.0,-1.0,0.0
227.179,5030.0,7011.73,0.0,-1.0,0.0
309.006,5030.0,6890.02,0.0,-1.0,0.0
227.179,5030.0,7011.73,0.0,-1.0,0.0
68.6025,5030.0,6958.62,0.0,-1.0,0.0
68.6025,5030.0,6958.62,0.0,-1.0,0.0
227.179,5030.0,7011.73,0.0,-1.0,0.0
209.367,5030.0,7015.7,0.0,-1.0,0.0
68.6025,5030.0,6958.62,0.0,-1.0,0.0
209.367,5030.0,7015.7,0.0,-1.0,0.0
192.322,5030.0,7022.22,0.0,-1.0,0.0
0.0,5030.0,7199.03,0.0,-1.0,0.0
155.391,5030.0,7222.16,0.0,-1.0,0.0
181.753,5030.0,7380.78,0.0,-1.0,0.0
181.753,5030.0,7380.78,0.0,-1.0,0.0
155.391,5030.0,7222.16,0.0,-1.0,0.0
168.982,5030.0,7234.34,0.0,-1.0,0.0
181.753,5030.0,7380.78,0.0,-1.0,0.0
168.982,5030.0,7234.34,0.0,-1.0,0.0
184.202,5030.0,7244.41,0.0,-1.0,0.0
192.322,5030.0,7022.22,0.0,-1.0,0.0
176.408,5030.0,7031.15,0.0,-1.0,0.0
68.6025,5030.0,6958.62,0.0,-1.0,0.0
68.6025,5030.0,6958.62,0.0,-1.0,0.0
176.408,5030.0,7031.15,0.0,-1.0,0.0
161.964,5030.0,7042.3,0.0,-1.0,0.0
68.6025,5030.0,6958.62,0.0,-1.0,0.0
161.964,5030.0,7042.3,0.0,-1.0,0.0
149.298,5030.0,7055.44,0.0,-1.0,0.0
360.422,5030.0,7086.51,0.0,-1.0,0.0
352.078,5030.0,7070.28,0.0,-1.0,0.0
490.758,5030.0,7071.77,0.0,-1.0,0.0
490.758,5030.0,7071.77,0.0,-1.0,0.0
352.078,5030.0,7070.28,0.0,-1.0,0.0
341.46,5030.0,7055.44,0.0,-1.0,0.0
490.758,5030.0,7071.77,0.0,-1.0,0.0
341.46,5030.0,7055.44,0.0,-1.0,0.0
309.006,5030.0,6890.02,0.0,-1.0,0.0
309.006,5030.0,6890.02,0.0,-1.0,0.0
341.46,5030.0,7055.44,0.0,-1.0,0.0
328.794,5030.0,7042.3,0.0,-1.0,0.0
309.006,5030.0,6890.02,0.0,-1.0,0.0
328.794,5030.0,7042.3,0.0,-1.0,0.0
314.35,5030.0,7031.15,0.0,-1.0,0.0
124.444,5030.0,7103.78,0.0,-1.0,0.0
0.0,5030.0,7199.03,0.0,-1.0,0.0
130.336,5030.0,7086.51,0.0,-1.0,0.0
130.336,5030.0,7086.51,0.0,-1.0,0.0
0.0,5030.0,7199.03,0.0,-1.0,0.0
68.6025,5030.0,6958.62,0.0,-1.0,0.0
130.336,5030.0,7086.51,0.0,-1.0,0.0
68.6025,5030.0,6958.62,0.0,-1.0,0.0
138.68,5030.0,7070.28,0.0,-1.0,0.0
138.68,5030.0,7070.28,0.0,-1.0,0.0
68.6025,5030.0,6958.62,0.0,-1.0,0.0
149.298,5030.0,7055.44,0.0,-1.0,0.0
122.458,5030.0,7158.1,0.0,-1.0,0.0
127.074,5030.0,7175.76,0.0,-1.0,0.0
0.0,5030.0,7199.03,0.0,-1.0,0.0
0.0,5030.0,7199.03,0.0,-1.0,0.0
127.074,5030.0,7175.76,0.0,-1.0,0.0
134.211,5030.0,7192.56,0.0,-1.0,0.0
0.0,5030.0,7199.03,0.0,-1.0,0.0
134.211,5030.0,7192.56,0.0,-1.0,0.0
143.718,5030.0,7208.13,0.0,-1.0,0.0
184.202,5030.0,7244.41,0.0,-1.0,0.0
200.725,5030.0,7252.15,0.0,-1.0,0.0
181.753,5030.0,7380.78,0.0,-1.0,0.0
181.753,5030.0,7380.78,0.0,-1.0,0.0
200.725,5030.0,7252.15,0.0,-1.0,0.0
218.2,5030.0,7257.41,0.0,-1.0,0.0
181.753,5030.0,7380.78,0.0,-1.0,0.0
218.2,5030.0,7257.41,0.0,-1.0,0.0
236.255,5030.0,7260.07,0.0,-1.0,0.0
347.04,5030.0,7208.13,0.0,-1.0,0.0
356.547,5030.0,7192.56,0.0,-1.0,0.0
422.156,5030.0,7312.18,0.0,-1.0,0.0
422.156,5030.0,7312.18,0.0,-1.0,0.0
356.547,5030.0,7192.56,0.0,-1.0,0.0
363.684,5030.0,7175.76,0.0,-1.0,0.0
422.156,5030.0,7312.18,0.0,-1.0,0.0
363.684,5030.0,7175.76,0.0,-1.0,0.0
490.758,5030.0,7071.77,0.0,-1.0,0.0
490.758,5030.0,7071.77,0.0,-1.0,0.0
363.684,5030.0,7175.76,0.0,-1.0,0.0
368.3,5030.0,7158.1,0.0,-1.0,0.0
490.758,5030.0,7071.77,0.0,-1.0,0.0
368.3,5030.0,7158.1,0.0,-1.0,0.0
370.296,5030.0,7139.96,0.0,-1.0,0.0
370.296,5030.0,7139.96,0.0,-1.0,0.0
369.629,5030.0,7121.73,0.0,-1.0,0.0
490.758,5030.0,7071.77,0.0,-1.0,0.0
490.758,5030.0,7071.77,0.0,-1.0,0.0
369.629,5030.0,7121.73,0.0,-1.0,0.0
366.315,5030.0,7103.78,0.0,-1.0,0.0
490.758,5030.0,7071.77,0.0,-1.0,0.0
366.315,5030.0,7103.78,0.0,-1.0,0.0
360.422,5030.0,7086.51,0.0,-1.0,0.0
124.444,5030.0,7103.78,0.0,-1.0,0.0
121.129,5030.0,7121.73,0.0,-1.0,0.0
0.0,5030.0,7199.03,0.0,-1.0,0.0
0.0,5030.0,7199.03,0.0,-1.0,0.0
121.129,5030.0,7121.73,0.0,-1.0,0.0
120.463,5030.0,7139.96,0.0,-1.0,0.0
0.0,5030.0,7199.03,0.0,-1.0,0.0
120.463,5030.0,7139.96,0.0,-1.0,0.0
122.458,5030.0,7158.1,0.0,-1.0,0.0
236.255,5030.0,7260.07,0.0,-1.0,0.0
254.504,5030.0,7260.07,0.0,-1.0,0.0
181.753,5030.0,7380.78,0.0,-1.0,0.0
181.753,5030.0,7380.78,0.0,-1.0,0.0
254.504,5030.0,7260.07,0.0,-1.0,0.0
272.558,5030.0,7257.41,0.0,-1.0,0.0
181.753,5030.0,7380.78,0.0,-1.0,0.0
272.558,5030.0,7257.41,0.0,-1.0,0.0
422.156,5030.0,7312.18,0.0,-1.0,0.0
422.156,5030.0,7312.18,0.0,-1.0,0.0
272.558,5030.0,7257.41,0.0,-1.0,0.0
290.033,5030.0,7252.15,0.0,-1.0,0.0
422.156,5030.0,7312.18,0.0,-1.0,0.0
290.033,5030.0,7252.15,0.0,-1.0,0.0
306.556,5030.0,7244.41,0.0,-1.0,0.0
309.006,5030.0,6890.02,-0.27441,0.0,-0.961613
68.6025,5030.0,6958.62,-0.27441,0.0,-0.961613
309.006,5217.0,6890.02,-0.27441,0.0,-0.961613
309.006,5217.0,6890.02,-0.27441,0.0,-0.961613
68.6025,5030.0,6958.62,-0.27441,0.0,-0.961613
68.6025,5217.0,6958.62,-0.27441,0.0,-0.961613
68.6025,5030.0,6958.62,-0.961613,0.0,-0.27441
0.0,5030.0,7199.03,-0.961613,0.0,-0.27441
68.6025,5217.0,6958.62,-0.961613,0.0,-0.27441
68.6025,5217.0,6958.62,-0.961613,0.0,-0.27441
0.0,5030.0,7199.03,-0.961613,0.0,-0.27441
0.0,5217.0,7199.03,-0.961613,0.0,-0.27441
0.0,5030.0,7199.03,-0.707107,0.0,0.707106
181.753,5030.0,7380.78,-0.707107,0.0,0.707106
0.0,5217.0,7199.03,-0.707107,0.0,0.707106
0.0,5217.0,7199.03,-0.707107,0.0,0.707106
181.753,5030.0,7380.78,-0.707107,0.0,0.707106
181.753,5217.0,7380.78,-0.707107,0.0,0.707106
181.753,5030.0,7380.78,0.27441,0.0,0.961613
422.156,5030.0,7312.18,0.27441,0.0,0.961613
181.753,5217.0,7380.78,0.27441,0.0,0.961613
181.753,5217.0,7380.78,0.27441,0.0,0.961613
422.156,5030.0,7312.18,0.27441,0.0,0.961613
422.156,5217.0,7312.18,0.27441,0.0,0.961613
422.156,5030.0,7312.18,0.961613,0.0,0.27441
490.758,5030.0,7071.77,0.961613,0.0,0.27441
422.156,5217.0,7312.18,0.961613,0.0,0.27441
422.156,5217.0,7312.18,0.961613,0.0,0.27441
490.758,5030.0,7071.77,0.961613,0.0,0.27441
490.758,5217.0,7071.77,0.961613,0.0,0.27441
490.758,5030.0,7071.77,0.707106,0.0,-0.707107
309.006,5030.0,6890.02,0.707106,0.0,-0.707107
490.758,5217.0,7071.77,0.707106,0.0,-0.707107
490.758,5217.0,7071.77,0.707106,0.0,-0.707107
309.006,5030.0,6890.02,0.707106,0.0,-0.707107
309.006,5217.0,6890.02,0.707106,0.0,-0.707107
263.579,5217.0,7011.73,-0.217427,0.0,0.976077
263.579,5030.0,7011.73,-0.217427,0.0,0.976077
281.392,5217.0,7015.7,-0.217427,0.0,0.976077
281.392,5217.0,7015.7,-0.217427,0.0,0.976077
263.579,5030.0,7011.73,-0.217427,0.0,0.976077
281.392,5030.0,7015.7,-0.217427,0.0,0.976077
281.392,5217.0,7015.7,-0.357255,0.0,0.934007
281.392,5030.0,7015.7,-0.357255,0.0,0.934007
298.436,5217.0,7022.22,-0.357255,0.0,0.934007
298.436,5217.0,7022.22,-0.357255,0.0,0.934007
281.392,5030.0,7015.7,-0.357255,0.0,0.934007
298.436,5030.0,7022.22,-0.357255,0.0,0.934007
298.436,5217.0,7022.22,-0.489411,0.0,0.872053
298.436,5030.0,7022.22,-0.489411,0.0,0.872053
314.35,5217.0,7031.15,-0.489411,0.0,0.872053
314.35,5217.0,7031.15,-0.489411,0.0,0.872053
298.436,5030.0,7022.22,-0.489411,0.0,0.872053
314.35,5030.0,7031.15,-0.489411,0.0,0.872053
314.35,5217.0,7031.15,-0.611178,0.0,0.791493
314.35,5030.0,7031.15,-0.611178,0.0,0.791493
328.794,5217.0,7042.3,-0.611178,0.0,0.791493
328.794,5217.0,7042.3,-0.611178,0.0,0.791493
314.35,5030.0,7031.15,-0.611178,0.0,0.791493
328.794,5030.0,7042.3,-0.611178,0.0,0.791493
328.794,5217.0,7042.3,-0.719898,0.0,0.694079
328.794,5030.0,7042.3,-0.719898,0.0,0.694079
341.46,5217.0,7055.44,-0.719898,0.0,0.694079
341.46,5217.0,7055.44,-0.719898,0.0,0.694079
328.794,5030.0,7042.3,-0.719898,0.0,0.694079
341.46,5030.0,7055.44,-0.719898,0.0,0.694079
341.46,5217.0,7055.44,-0.813285,0.0,0.581865
341.46,5030.0,7055.44,-0.813285,0.0,0.581865
352.078,5217.0,7070.28,-0.813285,0.0,0.581865
352.078,5217.0,7070.28,-0.813285,0.0,0.581865
341.46,5030.0,7055.44,-0.813285,0.0,0.581865
352.078,5030.0,7070.28,-0.813285,0.0,0.581865
352.078,5217.0,7070.28,-0.889348,0.0,0.457231
352.078,5030.0,7070.28,-0.889348,0.0,0.457231
360.422,5217.0,7086.51,-0.889348,0.0,0.457231
360.422,5217.0,7086.51,-0.889348,0.0,0.457231
352.078,5030.0,7070.28,-0.889348,0.0,0.457231
360.422,5030.0,7086.51,-0.889348,0.0,0.457231
360.422,5217.0,7086.51,-0.946437,0.0,0.322887
360.422,5030.0,7086.51,-0.946437,0.0,0.322887
366.315,5217.0,7103.78,-0.946437,0.0,0.322887
366.315,5217.0,7103.78,-0.946437,0.0,0.322887
360.422,5030.0,7086.51,-0.946437,0.0,0.322887
366.315,5030.0,7103.78,-0.946437,0.0,0.322887
366.315,5217.0,7103.78,-0.983366,0.0,0.181637
366.315,5030.0,7103.78,-0.983366,0.0,0.181637
369.629,5217.0,7121.73,-0.983366,0.0,0.181637
369.629,5217.0,7121.73,-0.983366,0.0,0.181637
366.315,5030.0,7103.78,-0.983366,0.0,0.181637
369.629,5030.0,7121.73,-0.983366,0.0,0.181637
369.629,5217.0,7121.73,-0.999333,0.0,0.0365238
369.629,5030.0,7121.73,-0.999333,0.0,0.0365238
370.296,5217.0,7139.96,-0.999333,0.0,0.0365238
370.296,5217.0,7139.96,-0.999333,0.0,0.0365238
369.629,5030.0,7121.73,-0.999333,0.0,0.0365238
370.296,5030.0,7139.96,-0.999333,0.0,0.0365238
370.296,5217.0,7139.96,-0.994001,0.0,-0.109372
370.296,5030.0,7139.96,-0.994001,0.0,-0.109372
368.3,5217.0,7158.1,-0.994001,0.0,-0.109372
368.3,5217.0,7158.1,-0.994001,0.0,-0.109372
370.296,5030.0,7139.96,-0.994001,0.0,-0.109372
368.3,5030.0,7158.1,-0.994001,0.0,-0.109372
368.3,5217.0,7158.1,-0.967485,0.0,-0.252928
368.3,5030.0,7158.1,-0.967485,0.0,-0.252928
363.684,5217.0,7175.76,-0.967485,0.0,-0.252928
363.684,5217.0,7175.76,-0.967485,0.0,-0.252928
368.3,5030.0,7158.1,-0.967485,0.0,-0.252928
363.684,5030.0,7175.76,-0.967485,0.0,-0.252928
363.684,5217.0,7175.76,-0.920348,0.0,-0.391102
363.684,5030.0,7175.76,-0.920348,0.0,-0.391102
356.547,5217.0,7192.56,-0.920348,0.0,-0.391102
356.547,5217.0,7192.56,-0.920348,0.0,-0.391102
363.684,5030.0,7175.76,-0.920348,0.0,-0.391102
356.547,5030.0,7192.56,-0.920348,0.0,-0.391102
356.547,5217.0,7192.56,-0.853587,0.0,-0.520951
356.547,5030.0,7192.56,-0.853587,0.0,-0.520951
347.04,5217.0,7208.13,-0.853587,0.0,-0.520951
347.04,5217.0,7208.13,-0.853587,0.0,-0.520951
356.547,5030.0,7192.56,-0.853587,0.0,-0.520951
347.04,5030.0,7208.13,-0.853587,0.0,-0.520951
347.04,5217.0,7208.13,-0.768647,0.0,-0.639673
347.04,5030.0,7208.13,-0.768647,0.0,-0.639673
335.367,5217.0,7222.16,-0.768647,0.0,-0.639673
335.367,5217.0,7222.16,-0.768647,0.0,-0.639673
347.04,5030.0,7208.13,-0.768647,0.0,-0.639673
335.367,5030.0,7222.16,-0.768647,0.0,-0.639673
335.367,5217.0,7222.16,-0.667316,0.0,-0.744774
335.367,5030.0,7222.16,-0.667316,0.0,-0.744774
321.776,5217.0,7234.34,-0.667316,0.0,-0.744774
321.776,5217.0,7234.34,-0.667316,0.0,-0.744774
335.367,5030.0,7222.16,-0.667316,0.0,-0.744774
321.776,5030.0,7234.34,-0.667316,0.0,-0.744774
321.776,5217.0,7234.34,-0.551776,0.0,-0.833992
321.776,5030.0,7234.34,-0.551776,0.0,-0.833992
306.556,5217.0,7244.41,-0.551776,0.0,-0.833992
306.556,5217.0,7244.41,-0.551776,0.0,-0.833992
321.776,5030.0,7234.34,-0.551776,0.0,-0.833992
306.556,5030.0,7244.41,-0.551776,0.0,-0.833992
306.556,5217.0,7244.41,-0.424447,0.0,-0.905453
306.556,5030.0,7244.41,-0.424447,0.0,-0.905453
290.033,5217.0,7252.15,-0.424447,0.0,-0.905453
290.033,5217.0,7252.15,-0.424447,0.0,-0.905453
306.556,5030.0,7244.41,-0.424447,0.0,-0.905453
290.033,5030.0,7252.15,-0.424447,0.0,-0.905453
290.033,5217.0,7252.15,-0.288116,0.0,-0.957595
290.033,5030.0,7252.15,-0.288116,0.0,-0.957595
272.558,5217.0,7257.41,-0.288116,0.0,-0.957595
272.558,5217.0,7257.41,-0.288116,0.0,-0.957595
290.033,5030.0,7252.15,-0.288116,0.0,-0.957595
272.558,5030.0,7257.41,-0.288116,0.0,-0.957595
272.558,5217.0,7257.41,-0.145584,0.0,-0.989346
272.558,5030.0,7257.41,-0.145584,0.0,-0.989346
254.504,5217.0,7260.07,-0.145584,0.0,-0.989346
254.504,5217.0,7260.07,-0.145584,0.0,-0.989346
272.558,5030.0,7257.41,-0.145584,0.0,-0.989346
254.504,5030.0,7260.07,-0.145584,0.0,-0.989346
254.504,5217.0,7260.07,0.0,0.0,-1.0
254.504,5030.0,7260.07,0.0,0.0,-1.0
236.255,5217.0,7260.07,0.0,0.0,-1.0
236.255,5217.0,7260.07,0.0,0.0,-1.0
254.504,5030.0,7260.07,0.0,0.0,-1.0
236.255,5030.0,7260.07,0.0,0.0,-1.0
236.255,5217.0,7260.07,0.145584,0.0,-0.989346
236.255,5030.0,7260.07,0.145584,0.0,-0.989346
218.2,5217.0,7257.41,0.145584,0.0,-0.989346
218.2,5217.0,7257.41,0.145584,0.0,-0.989346
236.255,5030.0,7260.07,0.145584,0.0,-0.989346
218.2,5030.0,7257.41,0.145584,0.0,-0.989346
218.2,5217.0,7257.41,0.288116,0.0,-0.957595
218.2,5030.0,7257.41,0.288116,0.0,-0.957595
200.725,5217.0,7252.15,0.288116,0.0,-0.957595
200.725,5217.0,7252.15,0.288116,0.0,-0.957595
218.2,5030.0,7257.41,0.288116,0.0,-0.957595
200.725,5030.0,7252.15,0.288116,0.0,-0.957595
200.725,5217.0,7252.15,0.424446,0.0,-0.905453
200.725,5030.0,7252.15,0.424446,0.0,-0.905453
184.202,5217.0,7244.41,0.424446,0.0,-0.905453
184.202,5217.0,7244.41,0.424446,0.0,-0.905453
200.725,5030.0,7252.15,0.424446,0.0,-0.905453
184.202,5030.0,7244.41,0.424446,0.0,-0.905453
184.202,5217.0,7244.41,0.551777,0.0,-0.833992
184.202,5030.0,7244.41,0.551777,0.0,-0.833992
168.982,5217.0,7234.34,0.551777,0.0,-0.833992
168.982,5217.0,7234.34,0.551777,0.0,-0.833992
184.202,5030.0,7244.41,0.551777,0.0,-0.833992
168.982,5030.0,7234.34,0.551777,0.0,-0.833992
168.982,5217.0,7234.34,0.667317,0.0,-0.744774
168.982,5030.0,7234.34,0.667317,0.0,-0.744774
155.391,5217.0,7222.16,0.667317,0.0,-0.744774
155.391,5217.0,7222.16,0.667317,0.0,-0.744774
168.982,5030.0,7234.34,0.667317,0.0,-0.744774
155.391,5030.0,7222.16,0.667317,0.0,-0.744774
155.391,5217.0,7222.16,0.768646,0.0,-0.639675
155.391,5030.0,7222.16,0.768646,0.0,-0.639675
143.718,5217.0,7208.13,0.768646,0.0,-0.639675
143.718,5217.0,7208.13,0.768646,0.0,-0.639675
155.391,5030.0,7222.16,0.768646,0.0,-0.639675
143.718,5030.0,7208.13,0.768646,0.0,-0.639675
143.718,5217.0,7208.13,0.853587,0.0,-0.52095
143.718,5030.0,7208.13,0.853587,0.0,-0.52095
134.211,5217.0,7192.56,0.853587,0.0,-0.52095
134.211,5217.0,7192.56,0.853587,0.0,-0.52095
143.718,5030.0,7208.13,0.853587,0.0,-0.52095
134.211,5030.0,7192.56,0.853587,0.0,-0.52095
134.211,5217.0,7192.56,0.920347,0.0,-0.391102
134.211,5030.0,7192.56,0.920347,0.0,-0.391102
127.074,5217.0,7175.76,0.920347,0.0,-0.391102
127.074,5217.0,7175.76,0.920347,0.0,-0.391102
134.211,5030.0,7192.56,0.920347,0.0,-0.391102
127.074,5030.0,7175.76,0.920347,0.0,-0.391102
127.074,5217.0,7175.76,0.967485,0.0,-0.252929
127.074,5030.0,7175.76,0.967485,0.0,-0.252929
122.458,5217.0,7158.1,0.967485,0.0,-0.252929
122.458,5217.0,7158.1,0.967485,0.0,-0.252929
127.074,5030.0,7175.76,0.967485,0.0,-0.252929
122.458,5030.0,7158.1,0.967485,0.0,-0.252929
122.458,5217.0,7158.1,0.994001,0.0,-0.109369
122.458,5030.0,7158.1,0.994001,0.0,-0.109369
120.463,5217.0,7139.96,0.994001,0.0,-0.109369
120.463,5217.0,7139.96,0.994001,0.0,-0.109369
122.458,5030.0,7158.1,0.994001,0.0,-0.109369
120.463,5030.0,7139.96,0.994001,0.0,-0.109369
120.463,5217.0,7139.96,0.999333,0.0,0.0365225
120.463,5030.0,7139.96,0.999333,0.0,0.0365225
121.129,5217.0,7121.73,0.999333,0.0,0.0365225
121.129,5217.0,7121.73,0.999333,0.0,0.0365225
120.463,5030.0,7139.96,0.999333,0.0,0.0365225
121.129,5030.0,7121.73,0.999333,0.0,0.0365225
121.129,5217.0,7121.73,0.983366,0.0,0.181636
121.129,5030.0,7121.73,0.983366,0.0,0.181636
124.444,5217.0,7103.78,0.983366,0.0,0.181636
124.444,5217.0,7103.78,0.983366,0.0,0.181636
121.129,5030.0,7121.73,0.983366,0.0,0.181636
124.444,5030.0,7103.78,0.983366,0.0,0.181636
124.444,5217.0,7103.78,0.946438,0.0,0.322887
124.444,5030.0,7103.78,0.946438,0.0,0.322887
130.336,5217.0,7086.51,0.946438,0.0,0.322887
130.336,5217.0,7086.51,0.946438,0.0,0.322887
124.444,5030.0,7103.78,0.946438,0.0,0.322887
130.336,5030.0,7086.51,0.946438,0.0,0.322887
130.336,5217.0,7086.51,0.889348,0.0,0.457231
130.336,5030.0,7086.51,0.889348,0.0,0.457231
138.68,5217.0,7070.28,0.889348,0.0,0.457231
138.68,5217.0,7070.28,0.889348,0.0,0.457231
130.336,5030.0,7086.51,0.889348,0.0,0.457231
138.68,5030.0,7070.28,0.889348,0.0,0.457231
138.68,5217.0,7070.28,0.813285,0.0,0.581866
138.68,5030.0,7070.28,0.813285,0.0,0.581866
149.298,5217.0,7055.44,0.813285,0.0,0.581866
149.298,5217.0,7055.44,0.813285,0.0,0.581866
138.68,5030.0,7070.28,0.813285,0.0,0.581866
149.298,5030.0,7055.44,0.813285,0.0,0.581866
149.298,5217.0,7055.44,0.719898,0.0,0.694079
149.298,5030.0,7055.44,0.719898,0.0,0.694079
161.964,5217.0,7042.3,0.719898,0.0,0.694079
161.964,5217.0,7042.3,0.719898,0.0,0.694079
149.298,5030.0,7055.44,0.719898,0.0,0.694079
161.964,5030.0,7042.3,0.719898,0.0,0.694079
161.964,5217.0,7042.3,0.611178,0.0,0.791493
161.964,5030.0,7042.3,0.611178,0.0,0.791493
176.408,5217.0,7031.15,0.611178,0.0,0.791493
176.408,5217.0,7031.15,0.611178,0.0,0.791493
161.964,5030.0,7042.3,0.611178,0.0,0.791493
176.408,5030.0,7031.15,0.611178,0.0,0.791493
176.408,5217.0,7031.15,0.489411,0.0,0.872053
176.408,5030.0,7031.15,0.489411,0.0,0.872053
192.322,5217.0,7022.22,0.489411,0.0,0.872053
192.322,5217.0,7022.22,0.489411,0.0,0.872053
176.408,5030.0,7031.15,0.489411,0.0,0.872053
192.322,5030.0,7022.22,0.489411,0.0,0.872053
192.322,5217.0,7022.22,0.357254,0.0,0.934007
192.322,5030.0,7022.22,0.357254,0.0,0.934007
209.367,5217.0,7015.7,0.357254,0.0,0.934007
209.367,5217.0,7015.7,0.357254,0.0,0.934007
192.322,5030.0,7022.22,0.357254,0.0,0.934007
209.367,5030.0,7015.7,0.357254,0.0,0.934007
209.367,5217.0,7015.7,0.217427,0.0,0.976077
209.367,5030.0,7015.7,0.217427,0.0,0.976077
227.179,5217.0,7011.73,0.217427,0.0,0.976077
227.179,5217.0,7011.73,0.217427,0.0,0.976077
209.367,5030.0,7015.7,0.217427,0.0,0.976077
227.179,5030.0,7011.73,0.217427,0.0,0.976077
227.179,5217.0,7011.73,0.0729927,0.0,0.997332
227.179,5030.0,7011.73,0.0729927,0.0,0.997332
245.379,5217.0,7010.4,0.0729927,0.0,0.997332
245.379,5217.0,7010.4,0.0729927,0.0,0.997332
227.179,5030.0,7011.73,0.0729927,0.0,0.997332
245.379,5030.0,7010.4,0.0729927,0.0,0.997332
245.379,5217.0,7010.4,-0.0729926,0.0,0.997332
245.379,5030.0,7010.4,-0.0729926,0.0,0.997332
263.579,5217.0,7011.73,-0.0729926,0.0,0.997332
263.579,5217.0,7011.73,-0.0729926,0.0,0.997332
245.379,5030.0,7010.4,-0.0729926,0.0,0.997332
263.579,5030.0,7011.73,-0.0729926,0.0,0.997332
309.006,5217.0,6890.02,0.0,1.0,0.0
227.179,5217.0,7011.73,0.0,1.0,0.0
245.379,5217.0,7010.4,0.0,1.0,0.0
321.776,5217.0,7234.34,0.0,1.0,0.0
306.556,5217.0,7244.41,0.0,1.0,0.0
422.156,5217.0,7312.18,0.0,1.0,0.0
422.156,5217.0,7312.18,0.0,1.0,0.0
306.556,5217.0,7244.41,0.0,1.0,0.0
290.033,5217.0,7252.15,0.0,1.0,0.0
422.156,5217.0,7312.18,0.0,1.0,0.0
290.033,5217.0,7252.15,0.0,1.0,0.0
181.753,5217.0,7380.78,0.0,1.0,0.0
181.753,5217.0,7380.78,0.0,1.0,0.0
184.202,5217.0,7244.41,0.0,1.0,0.0
168.982,5217.0,7234.34,0.0,1.0,0.0
290.033,5217.0,7252.15,0.0,1.0,0.0
272.558,5217.0,7257.41,0.0,1.0,0.0
181.753,5217.0,7380.78,0.0,1.0,0.0
181.753,5217.0,7380.78,0.0,1.0,0.0
272.558,5217.0,7257.41,0.0,1.0,0.0
254.504,5217.0,7260.07,0.0,1.0,0.0
181.753,5217.0,7380.78,0.0,1.0,0.0
254.504,5217.0,7260.07,0.0,1.0,0.0
236.255,5217.0,7260.07,0.0,1.0,0.0
181.753,5217.0,7380.78,0.0,1.0,0.0
168.982,5217.0,7234.34,0.0,1.0,0.0
0.0,5217.0,7199.03,0.0,1.0,0.0
168.982,5217.0,7234.34,0.0,1.0,0.0
155.391,5217.0,7222.16,0.0,1.0,0.0
0.0,5217.0,7199.03,0.0,1.0,0.0
0.0,5217.0,7199.03,0.0,1.0,0.0
155.391,5217.0,7222.16,0.0,1.0,0.0
143.718,5217.0,7208.13,0.0,1.0,0.0
0.0,5217.0,7199.03,0.0,1.0,0.0
143.718,5217.0,7208.13,0.0,1.0,0.0
134.211,5217.0,7192.56,0.0,1.0,0.0
245.379,5217.0,7010.4,0.0,1.0,0.0
263.579,5217.0,7011.73,0.0,1.0,0.0
309.006,5217.0,6890.02,0.0,1.0,0.0
309.006,5217.0,6890.02,0.0,1.0,0.0
263.579,5217.0,7011.73,0.0,1.0,0.0
281.392,5217.0,7015.7,0.0,1.0,0.0
309.006,5217.0,6890.02,0.0,1.0,0.0
281.392,5217.0,7015.7,0.0,1.0,0.0
298.436,5217.0,7022.22,0.0,1.0,0.0
356.547,5217.0,7192.56,0.0,1.0,0.0
347.04,5217.0,7208.13,0.0,1.0,0.0
422.156,5217.0,7312.18,0.0,1.0,0.0
422.156,5217.0,7312.18,0.0,1.0,0.0
347.04,5217.0,7208.13,0.0,1.0,0.0
335.367,5217.0,7222.16,0.0,1.0,0.0
422.156,5217.0,7312.18,0.0,1.0,0.0
335.367,5217.0,7222.16,0.0,1.0,0.0
321.776,5217.0,7234.34,0.0,1.0,0.0
236.255,5217.0,7260.07,0.0,1.0,0.0
218.2,5217.0,7257.41,0.0,1.0,0.0
181.753,5217.0,7380.78,0.0,1.0,0.0
181.753,5217.0,7380.78,0.0,1.0,0.0
218.2,5217.0,7257.41,0.0,1.0,0.0
200.725,5217.0,7252.15,0.0,1.0,0.0
181.753,5217.0,7380.78,0.0,1.0,0.0
200.725,5217.0,7252.15,0.0,1.0,0.0
184.202,5217.0,7244.41,0.0,1.0,0.0
68.6025,5217.0,6958.62,0.0,1.0,0.0
138.68,5217.0,7070.28,0.0,1.0,0.0
149.298,5217.0,7055.44,0.0,1.0,0.0
227.179,5217.0,7011.73,0.0,1.0,0.0
309.006,5217.0,6890.02,0.0,1.0,0.0
209.367,5217.0,7015.7,0.0,1.0,0.0
209.367,5217.0,7015.7,0.0,1.0,0.0
309.006,5217.0,6890.02,0.0,1.0,0.0
68.6025,5217.0,6958.62,0.0,1.0,0.0
209.367,5217.0,7015.7,0.0,1.0,0.0
68.6025,5217.0,6958.62,0.0,1.0,0.0
192.322,5217.0,7022.22,0.0,1.0,0.0
149.298,5217.0,7055.44,0.0,1.0,0.0
161.964,5217.0,7042.3,0.0,1.0,0.0
68.6025,5217.0,6958.62,0.0,1.0,0.0
68.6025,5217.0,6958.62,0.0,1.0,0.0
161.964,5217.0,7042.3,0.0,1.0,0.0
176.408,5217.0,7031.15,0.0,1.0,0.0
68.6025,5217.0,6958.62,0.0,1.0,0.0
176.408,5217.0,7031.15,0.0,1.0,0.0
192.322,5217.0,7022.22,0.0,1.0,0.0
134.211,5217.0,7192.56,0.0,1.0,0.0
127.074,5217.0,7175.76,0.0,1.0,0.0
0.0,5217.0,7199.03,0.0,1.0,0.0
0.0,5217.0,7199.03,0.0,1.0,0.0
127.074,5217.0,7175.76,0.0,1.0,0.0
122.458,5217.0,7158.1,0.0,1.0,0.0
0.0,5217.0,7199.03,0.0,1.0,0.0
122.458,5217.0,7158.1,0.0,1.0,0.0
120.463,5217.0,7139.96,0.0,1.0,0.0
298.436,5217.0,7022.22,0.0,1.0,0.0
314.35,5217.0,7031.15,0.0,1.0,0.0
309.006,5217.0,6890.02,0.0,1.0,0.0
309.006,5217.0,6890.02,0.0,1.0,0.0
314.35,5217.0,7031.15,0.0,1.0,0.0
328.794,5217.0,7042.3,0.0,1.0,0.0
309.006,5217.0,6890.02,0.0,1.0,0.0
328.794,5217.0,7042.3,0.0,1.0,0.0
490.758,5217.0,7071.77,0.0,1.0,0.0
490.758,5217.0,7071.77,0.0,1.0,0.0
328.794,5217.0,7042.3,0.0,1.0,0.0
341.46,5217.0,7055.44,0.0,1.0,0.0
490.758,5217.0,7071.77,0.0,1.0,0.0
341.46,5217.0,7055.44,0.0,1.0,0.0
352.078,5217.0,7070.28,0.0,1.0,0.0
352.078,5217.0,7070.28,0.0,1.0,0.0
360.422,5217.0,7086.51,0.0,1.0,0.0
490.758,5217.0,7071.77,0.0,1.0,0.0
490.758,5217.0,7071.77,0.0,1.0,0.0
360.422,5217.0,7086.51,0.0,1.0,0.0
366.315,5217.0,7103.78,0.0,1.0,0.0
490.758,5217.0,7071.77,0.0,1.0,0.0
366.315,5217.0,7103.78,0.0,1.0,0.0
369.629,5217.0,7121.73,0.0,1.0,0.0
120.463,5217.0,7139.96,0.0,1.0,0.0
121.129,5217.0,7121.73,0.0,1.0,0.0
0.0,5217.0,7199.03,0.0,1.0,0.0
0.0,5217.0,7199.03,0.0,1.0,0.0
121.129,5217.0,7121.73,0.0,1.0,0.0
124.444,5217.0,7103.78,0.0,1.0,0.0
0.0,5217.0,7199.03,0.0,1.0,0.0
124.444,5217.0,7103.78,0.0,1.0,0.0
68.6025,5217.0,6958.62,0.0,1.0,0.0
68.6025,5217.0,6958.62,0.0,1.0,0.0
124.444,5217.0,7103.78,0.0,1.0,0.0
130.336,5217.0,7086.51,0.0,1.0,0.0
68.6025,5217.0,6958.62,0.0,1.0,0.0
130.336,5217.0,7086.51,0.0,1.0,0.0
138.68,5217.0,7070.28,0.0,1.0,0.0
369.629,5217.0,7121.73,0.0,1.0,0.0
370.296,5217.0,7139.96,0.0,1.0,0.0
490.758,5217.0,7071.77,0.0,1.0,0.0
490.758,5217.0,7071.77,0.0,1.0,0.0
370.296,5217.0,7139.96,0.0,1.0,0.0
368.3,5217.0,7158.1,0.0,1.0,0.0
490.758,5217.0,7071.77,0.0,1.0,0.0
368.3,5217.0,7158.1,0.0,1.0,0.0
422.156,5217.0,7312.18,0.0,1.0,0.0
422.156,5217.0,7312.18,0.0,1.0,0.0
368.3,5217.0,7158.1,0.0,1.0,0.0
363.684,5217.0,7175.76,0.0,1.0,0.0
422.156,5217.0,7312.18,0.0,1.0,0.0
363.684,5217.0,7175.76,0.0,1.0,0.0
356.547,5217.0,7192.56,0.0,1.0,0.0
