37.0,7.50002,15.0001,0.0825796,0.996584,0.0
37.0,7.50002,6.5001,0.0825796,0.996584,0.0
35.7655,7.60231,15.0001,0.0825796,0.996584,0.0
35.7655,7.60231,15.0001,0.0825796,0.996584,0.0
37.0,7.50002,6.5001,0.0825796,0.996584,0.0
35.7655,7.60231,6.5001,0.0825796,0.996584,0.0
35.7655,7.60231,15.0001,0.245485,0.9694,0.0
35.7655,7.60231,6.5001,0.245485,0.9694,0.0
34.5648,7.9064,15.0001,0.245485,0.9694,0.0
34.5648,7.9064,15.0001,0.245485,0.9694,0.0
35.7655,7.60231,6.5001,0.245485,0.9694,0.0
34.5648,7.9064,6.5001,0.245485,0.9694,0.0
34.5648,7.9064,15.0001,0.401696,0.915773,0.0
34.5648,7.9064,6.5001,0.401696,0.915773,0.0
33.4304,8.40397,15.0001,0.401696,0.915773,0.0
33.4304,8.40397,15.0001,0.401696,0.915773,0.0
34.5648,7.9064,6.5001,0.401696,0.915773,0.0
33.4304,8.40397,6.5001,0.401696,0.915773,0.0
33.4304,8.40397,15.0001,0.546946,0.837168,0.0
33.4304,8.40397,6.5001,0.546946,0.837168,0.0
32.3934,9.08147,15.0001,0.546946,0.837168,0.0
32.3934,9.08147,15.0001,0.546946,0.837168,0.0
33.4304,8.40397,6.5001,0.546946,0.837168,0.0
32.3934,9.08147,6.5001,0.546946,0.837168,0.0
32.3934,9.08147,15.0001,0.677283,0.735723,0.0
32.3934,9.08147,6.5001,0.677283,0.735723,0.0
31.4821,9.92041,15.0001,0.677283,0.735723,0.0
31.4821,9.92041,15.0001,0.677283,0.735723,0.0
32.3934,9.08147,6.5001,0.677283,0.735723,0.0
31.4821,9.92041,6.5001,0.677283,0.735723,0.0
31.4821,9.92041,15.0001,0.789141,0.614212,0.0
31.4821,9.92041,6.5001,0.789141,0.614212,0.0
30.7213,10.8979,15.0001,0.789141,0.614212,0.0
30.7213,10.8979,15.0001,0.789141,0.614212,0.0
31.4821,9.92041,6.5001,0.789141,0.614212,0.0
30.7213,10.8979,6.5001,0.789141,0.614212,0.0
30.7213,10.8979,15.0001,0.879473,0.475948,0.0
30.7213,10.8979,6.5001,0.879473,0.475948,0.0
30.1317,11.9873,15.0001,0.879473,0.475948,0.0
30.1317,11.9873,15.0001,0.879473,0.475948,0.0
30.7213,10.8979,6.5001,0.879473,0.475948,0.0
30.1317,11.9873,6.5001,0.879473,0.475948,0.0
30.1317,11.9873,15.0001,0.945817,0.3247,0.0
30.1317,11.9873,6.5001,0.945817,0.3247,0.0
29.7295,13.1589,15.0001,0.945817,0.3247,0.0
29.7295,13.1589,15.0001,0.945817,0.3247,0.0
30.1317,11.9873,6.5001,0.945817,0.3247,0.0
29.7295,13.1589,6.5001,0.945817,0.3247,0.0
29.7295,13.1589,15.0001,0.986361,0.164594,0.0
29.7295,13.1589,6.5001,0.986361,0.164594,0.0
29.5256,14.3807,15.0001,0.986361,0.164594,0.0
29.5256,14.3807,15.0001,0.986361,0.164594,0.0
29.7295,13.1589,6.5001,0.986361,0.164594,0.0
29.5256,14.3807,6.5001,0.986361,0.164594,0.0
29.5256,14.3807,15.0001,1.0,0.0,0.0
29.5256,14.3807,6.5001,1.0,0.0,0.0
29.5256,15.6194,15.0001,1.0,0.0,0.0
29.5256,15.6194,15.0001,1.0,0.0,0.0
29.5256,14.3807,6.5001,1.0,0.0,0.0
29.5256,15.6194,6.5001,1.0,0.0,0.0
29.5256,15.6194,15.0001,0.986361,-0.164594,0.0
29.5256,15.6194,6.5001,0.986361,-0.164594,0.0
29.7295,16.8412,15.0001,0.986361,-0.164594,0.0
29.7295,16.8412,15.0001,0.986361,-0.164594,0.0
29.5256,15.6194,6.5001,0.986361,-0.164594,0.0
29.7295,16.8412,6.5001,0.986361,-0.164594,0.0
29.7295,16.8412,15.0001,0.945817,-0.3247,0.0
29.7295,16.8412,6.5001,0.945817,-0.3247,0.0
30.1317,18.0127,15.0001,0.945817,-0.3247,0.0
30.1317,18.0127,15.0001,0.945817,-0.3247,0.0
29.7295,16.8412,6.5001,0.945817,-0.3247,0.0
30.1317,18.0127,6.5001,0.945817,-0.3247,0.0
30.1317,18.0127,15.0001,0.879474,-0.475947,0.0
30.1317,18.0127,6.5001,0.879474,-0.475947,0.0
30.7213,19.1021,15.0001,0.879474,-0.475947,0.0
30.7213,19.1021,15.0001,0.879474,-0.475947,0.0
30.1317,18.0127,6.5001,0.879474,-0.475947,0.0
30.7213,19.1021,6.5001,0.879474,-0.475947,0.0
30.7213,19.1021,15.0001,0.789141,-0.614212,0.0
30.7213,19.1021,6.5001,0.789141,-0.614212,0.0
31.4821,20.0796,15.0001,0.789141,-0.614212,0.0
31.4821,20.0796,15.0001,0.789141,-0.614212,0.0
30.7213,19.1021,6.5001,0.789141,-0.614212,0.0
31.4821,20.0796,6.5001,0.789141,-0.614212,0.0
31.4821,20.0796,15.0001,0.677282,-0.735724,0.0
31.4821,20.0796,6.5001,0.677282,-0.735724,0.0
32.3934,20.9186,15.0001,0.677282,-0.735724,0.0
32.3934,20.9186,15.0001,0.677282,-0.735724,0.0
31.4821,20.0796,6.5001,0.677282,-0.735724,0.0
32.3934,20.9186,6.5001,0.677282,-0.735724,0.0
32.3934,20.9186,15.0001,0.546947,-0.837168,0.0
32.3934,20.9186,6.5001,0.546947,-0.837168,0.0
33.4304,21.5961,15.0001,0.546947,-0.837168,0.0
33.4304,21.5961,15.0001,0.546947,-0.837168,0.0
32.3934,20.9186,6.5001,0.546947,-0.837168,0.0
33.4304,21.5961,6.5001,0.546947,-0.837168,0.0
33.4304,21.5961,15.0001,0.401697,-0.915773,0.0
33.4304,21.5961,6.5001,0.401697,-0.915773,0.0
34.5648,22.0937,15.0001,0.401697,-0.915773,0.0
34.5648,22.0937,15.0001,0.401697,-0.915773,0.0
33.4304,21.5961,6.5001,0.401697,-0.915773,0.0
34.5648,22.0937,6.5001,0.401697,-0.915773,0.0
34.5648,22.0937,15.0001,0.245484,-0.969401,0.0
34.5648,22.0937,6.5001,0.245484,-0.969401,0.0
35.7655,22.3977,15.0001,0.245484,-0.969401,0.0
35.7655,22.3977,15.0001,0.245484,-0.969401,0.0
34.5648,22.0937,6.5001,0.245484,-0.969401,0.0
35.7655,22.3977,6.5001,0.245484,-0.969401,0.0
35.7655,22.3977,15.0001,0.0825803,-0.996584,0.0
35.7655,22.3977,6.5001,0.0825803,-0.996584,0.0
37.0,22.5,15.0001,0.0825803,-0.996584,0.0
37.0,22.5,15.0001,0.0825803,-0.996584,0.0
35.7655,22.3977,6.5001,0.0825803,-0.996584,0.0
37.0,22.5,6.5001,0.0825803,-0.996584,0.0
20.3878,14.7117,0.346513,-0.996397,0.0848066,-0.000835858
20.3511,14.4254,15.0001,-0.996397,0.0848066,-0.000835858
20.4,15.0,15.0001,-0.996397,0.0848066,-0.000835858
20.3878,14.7117,0.346513,-0.985616,0.168998,0.000835827
20.339,14.4275,0.346513,-0.985616,0.168998,0.000835827
20.3511,14.4254,15.0001,-0.985616,0.168998,0.000835827
20.3511,14.4254,15.0001,-0.985615,0.169004,0.000835827
20.339,14.4275,0.346513,-0.985615,0.169004,0.000835827
20.2903,14.1433,0.346513,-0.985615,0.169004,0.000835827
20.3511,14.4254,15.0001,-0.967732,0.251979,-0.00083587
20.2903,14.1433,0.346513,-0.967732,0.251979,-0.00083587
20.2058,13.8673,15.0001,-0.967732,0.251979,-0.00083587
20.2903,14.1433,0.346513,-0.942879,0.333135,0.000835743
20.1942,13.8714,0.346513,-0.942879,0.333135,0.000835743
20.2058,13.8673,15.0001,-0.942879,0.333135,0.000835743
20.2058,13.8673,15.0001,-0.942874,0.333147,0.000835743
20.1942,13.8714,0.346513,-0.942874,0.333147,0.000835743
20.0982,13.5996,0.346513,-0.942874,0.333147,0.000835743
20.2058,13.8673,15.0001,-0.911228,0.411901,-0.000835843
20.0982,13.5996,0.346513,-0.911228,0.411901,-0.000835843
19.9682,13.3419,15.0001,-0.911228,0.411901,-0.000835843
20.0982,13.5996,0.346513,-0.873015,0.487692,0.000835849
19.9576,13.3478,0.346513,-0.873015,0.487692,0.000835849
19.9682,13.3419,15.0001,-0.873015,0.487692,0.000835849
19.9682,13.3419,15.0001,-0.873012,0.487699,0.000835849
19.9576,13.3478,0.346513,-0.873012,0.487699,0.000835849
19.8169,13.0961,0.346513,-0.873012,0.487699,0.000835849
19.9682,13.3419,15.0001,-0.82851,0.559974,-0.000835781
19.8169,13.0961,0.346513,-0.82851,0.559974,-0.000835781
19.6453,12.8641,15.0001,-0.82851,0.559974,-0.000835781
19.8169,13.0961,0.346513,-0.77804,0.628215,0.000835854
19.6358,12.8718,0.346513,-0.77804,0.628215,0.000835854
19.6453,12.8641,15.0001,-0.77804,0.628215,0.000835854
19.6453,12.8641,15.0001,-0.778035,0.62822,0.000835854
19.6358,12.8718,0.346513,-0.778035,0.62822,0.000835854
19.4547,12.6474,0.346513,-0.778035,0.62822,0.000835854
19.6453,12.8641,15.0001,-0.721956,0.691938,-0.000835856
19.4547,12.6474,0.346513,-0.721956,0.691938,-0.000835856
19.2463,12.4477,15.0001,-0.721956,0.691938,-0.000835856
19.4547,12.6474,0.346513,-0.660672,0.750674,0.000835971
19.2382,12.4569,0.346513,-0.660672,0.750674,0.000835971
19.2463,12.4477,15.0001,-0.660672,0.750674,0.000835971
19.2463,12.4477,15.0001,-0.660675,0.750672,0.000835971
19.2382,12.4569,0.346513,-0.660675,0.750672,0.000835971
19.0218,12.2664,0.346513,-0.660675,0.750672,0.000835971
19.2463,12.4477,15.0001,-0.594632,0.803998,-0.000835819
19.0218,12.2664,0.346513,-0.594632,0.803998,-0.000835819
18.7826,12.1048,15.0001,-0.594632,0.803998,-0.000835819
19.0218,12.2664,0.346513,-0.524304,0.851531,0.000835963
18.7762,12.1153,0.346513,-0.524304,0.851531,0.000835963
18.7826,12.1048,15.0001,-0.524304,0.851531,0.000835963
18.7826,12.1048,15.0001,-0.52431,0.851527,0.000835963
18.7762,12.1153,0.346513,-0.52431,0.851527,0.000835963
18.5307,11.9641,0.346513,-0.52431,0.851527,0.000835963
18.7826,12.1048,15.0001,-0.450204,0.892926,-0.000835848
18.5307,11.9641,0.346513,-0.450204,0.892926,-0.000835848
18.2677,11.8452,15.0001,-0.450204,0.892926,-0.000835848
18.5307,11.9641,0.346513,-0.372857,0.927889,0.00083588
18.2631,11.8566,0.346513,-0.372857,0.927889,0.00083588
18.2677,11.8452,15.0001,-0.372857,0.927889,0.00083588
18.2677,11.8452,15.0001,-0.372857,0.927889,0.00083588
18.2631,11.8566,0.346513,-0.372857,0.927889,0.00083588
17.9956,11.7491,0.346513,-0.372857,0.927889,0.00083588
18.2677,11.8452,15.0001,-0.292823,0.956166,-0.000835884
17.9956,11.7491,0.346513,-0.292823,0.956166,-0.000835884
17.7163,11.6763,15.0001,-0.292823,0.956166,-0.000835884
17.9956,11.7491,0.346513,-0.210679,0.977555,0.000835858
17.7137,11.6883,0.346513,-0.210679,0.977555,0.000835858
17.7163,11.6763,15.0001,-0.210679,0.977555,0.000835858
17.7163,11.6763,15.0001,-0.210678,0.977555,0.000835858
17.7137,11.6883,0.346513,-0.210678,0.977555,0.000835858
17.4319,11.6276,0.346513,-0.210678,0.977555,0.000835858
17.7163,11.6763,15.0001,-0.127018,0.9919,-0.000835853
17.4319,11.6276,0.346513,-0.127018,0.9919,-0.000835853
17.1443,11.6031,15.0001,-0.127018,0.9919,-0.000835853
17.4319,11.6276,0.346513,-0.0424414,0.999099,0.000835884
17.1438,11.6153,0.346513,-0.0424414,0.999099,0.000835884
17.1443,11.6031,15.0001,-0.0424414,0.999099,0.000835884
17.1443,11.6031,15.0001,-0.0424414,0.999099,0.000835884
17.1438,11.6153,0.346513,-0.0424414,0.999099,0.000835884
16.8557,11.6031,0.346513,-0.0424414,0.999099,0.000835884
17.1443,11.6031,15.0001,0.0424414,0.999099,-0.000835884
16.8557,11.6031,0.346513,0.0424414,0.999099,-0.000835884
16.5681,11.6276,15.0001,0.0424414,0.999099,-0.000835884
16.8557,11.6031,0.346513,0.127017,0.9919,0.000835829
16.5697,11.6397,0.346513,0.127017,0.9919,0.000835829
16.5681,11.6276,15.0001,0.127017,0.9919,0.000835829
16.5681,11.6276,15.0001,0.12702,0.9919,0.000835829
16.5697,11.6397,0.346513,0.12702,0.9919,0.000835829
16.2837,11.6763,0.346513,0.12702,0.9919,0.000835829
16.5681,11.6276,15.0001,0.210678,0.977555,-0.000835872
16.2837,11.6763,0.346513,0.210678,0.977555,-0.000835872
16.0044,11.7491,15.0001,0.210678,0.977555,-0.000835872
16.2837,11.6763,0.346513,0.292823,0.956166,0.000835884
16.008,11.7608,0.346513,0.292823,0.956166,0.000835884
16.0044,11.7491,15.0001,0.292823,0.956166,0.000835884
16.0044,11.7491,15.0001,0.292823,0.956166,0.000835884
16.008,11.7608,0.346513,0.292823,0.956166,0.000835884
15.7323,11.8452,0.346513,0.292823,0.956166,0.000835884
16.0044,11.7491,15.0001,0.372856,0.927889,-0.000835868
15.7323,11.8452,0.346513,0.372856,0.927889,-0.000835868
15.4693,11.9641,15.0001,0.372856,0.927889,-0.000835868
15.7323,11.8452,0.346513,0.450202,0.892926,0.000835848
15.4748,11.975,0.346513,0.450202,0.892926,0.000835848
15.4693,11.9641,15.0001,0.450202,0.892926,0.000835848
15.4693,11.9641,15.0001,0.450206,0.892924,0.000835848
15.4748,11.975,0.346513,0.450206,0.892924,0.000835848
15.2174,12.1048,0.346513,0.450206,0.892924,0.000835848
15.4693,11.9641,15.0001,0.524308,0.851528,-0.00083585
15.2174,12.1048,0.346513,0.524308,0.851528,-0.00083585
14.9782,12.2664,15.0001,0.524308,0.851528,-0.00083585
15.2174,12.1048,0.346513,0.594632,0.803998,0.000835857
14.9855,12.2763,0.346513,0.594632,0.803998,0.000835857
14.9782,12.2664,15.0001,0.594632,0.803998,0.000835857
14.9782,12.2664,15.0001,0.594632,0.803998,0.000835857
14.9855,12.2763,0.346513,0.594632,0.803998,0.000835857
14.7537,12.4477,0.346513,0.594632,0.803998,0.000835857
14.9782,12.2664,15.0001,0.660674,0.750672,-0.000835913
14.7537,12.4477,0.346513,0.660674,0.750672,-0.000835913
14.5454,12.6474,15.0001,0.660674,0.750672,-0.000835913
14.7537,12.4477,0.346513,0.721958,0.691936,0.000835901
14.5542,12.6559,0.346513,0.721958,0.691936,0.000835901
14.5454,12.6474,15.0001,0.721958,0.691936,0.000835901
14.5454,12.6474,15.0001,0.721955,0.69194,0.000835901
14.5542,12.6559,0.346513,0.721955,0.69194,0.000835901
14.3547,12.8641,0.346513,0.721955,0.69194,0.000835901
14.5454,12.6474,15.0001,0.778036,0.628219,-0.000835875
14.3547,12.8641,0.346513,0.778036,0.628219,-0.000835875
14.1831,13.0961,15.0001,0.778036,0.628219,-0.000835875
14.3547,12.8641,0.346513,0.828508,0.559976,0.000835835
14.1932,13.103,0.346513,0.828508,0.559976,0.000835835
14.1831,13.0961,15.0001,0.828508,0.559976,0.000835835
14.1831,13.0961,15.0001,0.828508,0.559976,0.000835835
14.1932,13.103,0.346513,0.828508,0.559976,0.000835835
14.0318,13.3419,0.346513,0.828508,0.559976,0.000835835
14.1831,13.0961,15.0001,0.873013,0.487695,-0.000835921
14.0318,13.3419,0.346513,0.873013,0.487695,-0.000835921
13.9018,13.5996,15.0001,0.873013,0.487695,-0.000835921
14.0318,13.3419,0.346513,0.911228,0.411901,0.000835843
13.913,13.6046,0.346513,0.911228,0.411901,0.000835843
13.9018,13.5996,15.0001,0.911228,0.411901,0.000835843
13.9018,13.5996,15.0001,0.911228,0.411901,0.000835843
13.913,13.6046,0.346513,0.911228,0.411901,0.000835843
13.7942,13.8673,0.346513,0.911228,0.411901,0.000835843
13.9018,13.5996,15.0001,0.942877,0.333139,-0.000835907
13.7942,13.8673,0.346513,0.942877,0.333139,-0.000835907
13.7097,14.1433,15.0001,0.942877,0.333139,-0.000835907
13.7942,13.8673,0.346513,0.967733,0.251976,0.000835878
13.7216,14.1464,0.346513,0.967733,0.251976,0.000835878
13.7097,14.1433,15.0001,0.967733,0.251976,0.000835878
13.7097,14.1433,15.0001,0.967732,0.251979,0.000835878
13.7216,14.1464,0.346513,0.967732,0.251979,0.000835878
13.6489,14.4254,0.346513,0.967732,0.251979,0.000835878
13.7097,14.1433,15.0001,0.985616,0.169,-0.000835918
13.6489,14.4254,0.346513,0.985616,0.169,-0.000835918
13.6123,14.7117,15.0001,0.985616,0.169,-0.000835918
13.6489,14.4254,0.346513,0.996397,0.0848067,0.00083579
13.6245,14.7127,0.346513,0.996397,0.0848067,0.00083579
13.6123,14.7117,15.0001,0.996397,0.0848067,0.00083579
13.6123,14.7117,15.0001,0.996397,0.0848032,0.00083579
13.6245,14.7127,0.346513,0.996397,0.0848032,0.00083579
13.6,15.0,0.346513,0.996397,0.0848032,0.00083579
13.6123,14.7117,15.0001,1.0,0.0,-0.000835904
13.6,15.0,0.346513,1.0,0.0,-0.000835904
13.6123,15.2884,15.0001,1.0,0.0,-0.000835904
13.6,15.0,0.346513,0.996397,-0.0848032,0.00083579
13.6245,15.2873,0.346513,0.996397,-0.0848032,0.00083579
13.6123,15.2884,15.0001,0.996397,-0.0848032,0.00083579
13.6123,15.2884,15.0001,0.996397,-0.0848067,0.00083579
13.6245,15.2873,0.346513,0.996397,-0.0848067,0.00083579
13.6489,15.5746,0.346513,0.996397,-0.0848067,0.00083579
13.6123,15.2884,15.0001,0.985616,-0.169,-0.000835918
13.6489,15.5746,0.346513,0.985616,-0.169,-0.000835918
13.7097,15.8568,15.0001,0.985616,-0.169,-0.000835918
13.6489,15.5746,0.346513,0.967732,-0.251979,0.000835878
13.7216,15.8537,0.346513,0.967732,-0.251979,0.000835878
13.7097,15.8568,15.0001,0.967732,-0.251979,0.000835878
13.7097,15.8568,15.0001,0.967733,-0.251976,0.000835878
13.7216,15.8537,0.346513,0.967733,-0.251976,0.000835878
13.7942,16.1327,0.346513,0.967733,-0.251976,0.000835878
13.7097,15.8568,15.0001,0.942877,-0.333139,-0.000835896
13.7942,16.1327,0.346513,0.942877,-0.333139,-0.000835896
13.9018,16.4005,15.0001,0.942877,-0.333139,-0.000835896
13.7942,16.1327,0.346513,0.911229,-0.4119,0.000835843
13.913,16.3954,0.346513,0.911229,-0.4119,0.000835843
13.9018,16.4005,15.0001,0.911229,-0.4119,0.000835843
13.9018,16.4005,15.0001,0.911228,-0.411902,0.000835843
13.913,16.3954,0.346513,0.911228,-0.411902,0.000835843
14.0318,16.6582,0.346513,0.911228,-0.411902,0.000835843
13.9018,16.4005,15.0001,0.873013,-0.487696,-0.000835905
14.0318,16.6582,0.346513,0.873013,-0.487696,-0.000835905
14.1831,16.9039,15.0001,0.873013,-0.487696,-0.000835905
14.0318,16.6582,0.346513,0.82851,-0.559974,0.000835799
14.1932,16.8971,0.346513,0.82851,-0.559974,0.000835799
14.1831,16.9039,15.0001,0.82851,-0.559974,0.000835799
14.1831,16.9039,15.0001,0.828507,-0.559977,0.000835799
14.1932,16.8971,0.346513,0.828507,-0.559977,0.000835799
14.3547,17.136,0.346513,0.828507,-0.559977,0.000835799
14.1831,16.9039,15.0001,0.778036,-0.628219,-0.000835854
14.3547,17.136,0.346513,0.778036,-0.628219,-0.000835854
14.5454,17.3526,15.0001,0.778036,-0.628219,-0.000835854
14.3547,17.136,0.346513,0.721955,-0.69194,0.000835946
14.5542,17.3441,0.346513,0.721955,-0.69194,0.000835946
14.5454,17.3526,15.0001,0.721955,-0.69194,0.000835946
14.5454,17.3526,15.0001,0.721958,-0.691936,0.000835946
14.5542,17.3441,0.346513,0.721958,-0.691936,0.000835946
14.7537,17.5523,0.346513,0.721958,-0.691936,0.000835946
14.5454,17.3526,15.0001,0.660673,-0.750674,-0.000835913
14.7537,17.5523,0.346513,0.660673,-0.750674,-0.000835913
14.9782,17.7336,15.0001,0.660673,-0.750674,-0.000835913
14.7537,17.5523,0.346513,0.59463,-0.803999,0.000835857
14.9855,17.7238,0.346513,0.59463,-0.803999,0.000835857
14.9782,17.7336,15.0001,0.59463,-0.803999,0.000835857
14.9782,17.7336,15.0001,0.594634,-0.803996,0.000835857
14.9855,17.7238,0.346513,0.594634,-0.803996,0.000835857
15.2174,17.8952,0.346513,0.594634,-0.803996,0.000835857
14.9782,17.7336,15.0001,0.524309,-0.851528,-0.000835877
15.2174,17.8952,0.346513,0.524309,-0.851528,-0.000835877
15.4693,18.036,15.0001,0.524309,-0.851528,-0.000835877
15.2174,17.8952,0.346513,0.450206,-0.892924,0.000835848
15.4748,18.025,0.346513,0.450206,-0.892924,0.000835848
15.4693,18.036,15.0001,0.450206,-0.892924,0.000835848
15.4693,18.036,15.0001,0.450205,-0.892925,0.000835848
15.4748,18.025,0.346513,0.450205,-0.892925,0.000835848
15.7323,18.1548,0.346513,0.450205,-0.892925,0.000835848
15.4693,18.036,15.0001,0.372856,-0.927889,-0.000835928
15.7323,18.1548,0.346513,0.372856,-0.927889,-0.000835928
16.0044,18.251,15.0001,0.372856,-0.927889,-0.000835928
15.7323,18.1548,0.346513,0.292823,-0.956166,0.000835822
16.008,18.2393,0.346513,0.292823,-0.956166,0.000835822
16.0044,18.251,15.0001,0.292823,-0.956166,0.000835822
16.0044,18.251,15.0001,0.292816,-0.956168,0.000835822
16.008,18.2393,0.346513,0.292816,-0.956168,0.000835822
16.2837,18.3237,0.346513,0.292816,-0.956168,0.000835822
16.0044,18.251,15.0001,0.210682,-0.977554,-0.000835745
16.2837,18.3237,0.346513,0.210682,-0.977554,-0.000835745
16.5681,18.3725,15.0001,0.210682,-0.977554,-0.000835745
16.2837,18.3237,0.346513,0.12702,-0.9919,0.000836023
16.5697,18.3603,0.346513,0.12702,-0.9919,0.000836023
16.5681,18.3725,15.0001,0.12702,-0.9919,0.000836023
16.5681,18.3725,15.0001,0.12702,-0.9919,0.000836023
16.5697,18.3603,0.346513,0.12702,-0.9919,0.000836023
16.8557,18.397,0.346513,0.12702,-0.9919,0.000836023
16.5681,18.3725,15.0001,0.0424381,-0.999099,-0.000835819
16.8557,18.397,0.346513,0.0424381,-0.999099,-0.000835819
17.1443,18.397,15.0001,0.0424381,-0.999099,-0.000835819
16.8557,18.397,0.346513,-0.0424414,-0.999099,0.000835884
17.1438,18.3847,0.346513,-0.0424414,-0.999099,0.000835884
17.1443,18.397,15.0001,-0.0424414,-0.999099,0.000835884
17.1443,18.397,15.0001,-0.0424348,-0.999099,0.000835884
17.1438,18.3847,0.346513,-0.0424348,-0.999099,0.000835884
17.4319,18.3725,0.346513,-0.0424348,-0.999099,0.000835884
17.1443,18.397,15.0001,-0.12702,-0.9919,-0.000836015
17.4319,18.3725,0.346513,-0.12702,-0.9919,-0.000836015
17.7163,18.3237,15.0001,-0.12702,-0.9919,-0.000836015
17.4319,18.3725,0.346513,-0.210684,-0.977554,0.000835795
17.7137,18.3117,0.346513,-0.210684,-0.977554,0.000835795
17.7163,18.3237,15.0001,-0.210684,-0.977554,0.000835795
17.7163,18.3237,15.0001,-0.210679,-0.977555,0.000835795
17.7137,18.3117,0.346513,-0.210679,-0.977555,0.000835795
17.9956,18.251,0.346513,-0.210679,-0.977555,0.000835795
17.7163,18.3237,15.0001,-0.29282,-0.956167,-0.000835884
17.9956,18.251,0.346513,-0.29282,-0.956167,-0.000835884
18.2677,18.1548,15.0001,-0.29282,-0.956167,-0.000835884
17.9956,18.251,0.346513,-0.372857,-0.927889,0.00083594
18.2631,18.1435,0.346513,-0.372857,-0.927889,0.00083594
18.2677,18.1548,15.0001,-0.372857,-0.927889,0.00083594
18.2677,18.1548,15.0001,-0.372857,-0.927889,0.00083594
18.2631,18.1435,0.346513,-0.372857,-0.927889,0.00083594
18.5307,18.036,0.346513,-0.372857,-0.927889,0.00083594
18.2677,18.1548,15.0001,-0.450205,-0.892925,-0.000835819
18.5307,18.036,0.346513,-0.450205,-0.892925,-0.000835819
18.7826,17.8952,15.0001,-0.450205,-0.892925,-0.000835819
18.5307,18.036,0.346513,-0.524307,-0.851529,0.000835907
18.7762,17.8848,0.346513,-0.524307,-0.851529,0.000835907
18.7826,17.8952,15.0001,-0.524307,-0.851529,0.000835907
18.7826,17.8952,15.0001,-0.524309,-0.851528,0.000835907
18.7762,17.8848,0.346513,-0.524309,-0.851528,0.000835907
19.0218,17.7336,0.346513,-0.524309,-0.851528,0.000835907
18.7826,17.8952,15.0001,-0.594632,-0.803998,-0.000835766
19.0218,17.7336,0.346513,-0.594632,-0.803998,-0.000835766
19.2463,17.5523,15.0001,-0.594632,-0.803998,-0.000835766
19.0218,17.7336,0.346513,-0.660671,-0.750675,0.000835922
19.2382,17.5431,0.346513,-0.660671,-0.750675,0.000835922
19.2463,17.5523,15.0001,-0.660671,-0.750675,0.000835922
19.2463,17.5523,15.0001,-0.660672,-0.750674,0.000835922
19.2382,17.5431,0.346513,-0.660672,-0.750674,0.000835922
19.4547,17.3526,0.346513,-0.660672,-0.750674,0.000835922
19.2463,17.5523,15.0001,-0.721956,-0.691938,-0.000835901
19.4547,17.3526,0.346513,-0.721956,-0.691938,-0.000835901
19.6453,17.136,15.0001,-0.721956,-0.691938,-0.000835901
19.4547,17.3526,0.346513,-0.778038,-0.628217,0.000835895
19.6358,17.1283,0.346513,-0.778038,-0.628217,0.000835895
19.6453,17.136,15.0001,-0.778038,-0.628217,0.000835895
19.6453,17.136,15.0001,-0.778038,-0.628216,0.000835895
19.6358,17.1283,0.346513,-0.778038,-0.628216,0.000835895
19.8169,16.9039,0.346513,-0.778038,-0.628216,0.000835895
19.6453,17.136,15.0001,-0.82851,-0.559974,-0.000835781
19.8169,16.9039,0.346513,-0.82851,-0.559974,-0.000835781
19.9682,16.6582,15.0001,-0.82851,-0.559974,-0.000835781
19.8169,16.9039,0.346513,-0.873012,-0.487699,0.000835849
19.9576,16.6522,0.346513,-0.873012,-0.487699,0.000835849
19.9682,16.6582,15.0001,-0.873012,-0.487699,0.000835849
19.9682,16.6582,15.0001,-0.873014,-0.487694,0.000835849
19.9576,16.6522,0.346513,-0.873014,-0.487694,0.000835849
20.0982,16.4005,0.346513,-0.873014,-0.487694,0.000835849
19.9682,16.6582,15.0001,-0.911228,-0.411901,-0.00083587
20.0982,16.4005,0.346513,-0.911228,-0.411901,-0.00083587
20.2058,16.1327,15.0001,-0.911228,-0.411901,-0.00083587
20.0982,16.4005,0.346513,-0.942875,-0.333146,0.000835743
20.1942,16.1286,0.346513,-0.942875,-0.333146,0.000835743
20.2058,16.1327,15.0001,-0.942875,-0.333146,0.000835743
20.2058,16.1327,15.0001,-0.942879,-0.333135,0.000835743
20.1942,16.1286,0.346513,-0.942879,-0.333135,0.000835743
20.2903,15.8568,0.346513,-0.942879,-0.333135,0.000835743
20.2058,16.1327,15.0001,-0.967732,-0.251979,-0.00083587
20.2903,15.8568,0.346513,-0.967732,-0.251979,-0.00083587
20.3511,15.5746,15.0001,-0.967732,-0.251979,-0.00083587
20.2903,15.8568,0.346513,-0.985615,-0.169004,0.000835827
20.339,15.5726,0.346513,-0.985615,-0.169004,0.000835827
20.3511,15.5746,15.0001,-0.985615,-0.169004,0.000835827
20.3511,15.5746,15.0001,-0.985616,-0.168998,0.000835827
20.339,15.5726,0.346513,-0.985616,-0.168998,0.000835827
20.3878,15.2884,0.346513,-0.985616,-0.168998,0.000835827
20.3511,15.5746,15.0001,-0.996397,-0.0848066,-0.000835858
20.3878,15.2884,0.346513,-0.996397,-0.0848066,-0.000835858
20.4,15.0,15.0001,-0.996397,-0.0848066,-0.000835858
20.4,15.0,15.0001,-1.0,0.0,0.000835904
20.3878,15.2884,0.346513,-1.0,0.0,0.000835904
20.3878,15.0,0.346513,-1.0,0.0,0.000835904
20.4,15.0,15.0001,-1.0,0.0,0.000835904
20.3878,15.0,0.346513,-1.0,0.0,0.000835904
20.3878,14.7117,0.346513,-1.0,0.0,0.000835904
37.0,22.5,15.0001,0.0,-1.0,0.0
37.0,22.5,6.5001,0.0,-1.0,0.0
100.0,22.5,15.0001,0.0,-1.0,0.0
100.0,22.5,15.0001,0.0,-1.0,0.0
37.0,22.5,6.5001,0.0,-1.0,0.0
100.0,22.5,6.5001,0.0,-1.0,0.0
100.0,7.50002,15.0001,0.0,1.0,0.0
100.0,7.50002,6.5001,0.0,1.0,0.0
37.0,7.50002,15.0001,0.0,1.0,0.0
37.0,7.50002,15.0001,0.0,1.0,0.0
100.0,7.50002,6.5001,0.0,1.0,0.0
37.0,7.50002,6.5001,0.0,1.0,0.0
15.4693,11.9641,15.0001,0.0,0.0,1.0
14.9782,12.2664,15.0001,0.0,0.0,1.0
0.0,2.51457e-05,15.0001,0.0,0.0,1.0
19.2463,12.4477,15.0001,0.0,0.0,1.0
34.5648,7.9064,15.0001,0.0,0.0,1.0
19.6453,12.8641,15.0001,0.0,0.0,1.0
19.6453,12.8641,15.0001,0.0,0.0,1.0
34.5648,7.9064,15.0001,0.0,0.0,1.0
19.9682,13.3419,15.0001,0.0,0.0,1.0
14.9782,12.2664,15.0001,0.0,0.0,1.0
14.5454,12.6474,15.0001,0.0,0.0,1.0
0.0,2.51457e-05,15.0001,0.0,0.0,1.0
0.0,2.51457e-05,15.0001,0.0,0.0,1.0
14.5454,12.6474,15.0001,0.0,0.0,1.0
14.1831,13.0961,15.0001,0.0,0.0,1.0
0.0,2.51457e-05,15.0001,0.0,0.0,1.0
14.1831,13.0961,15.0001,0.0,0.0,1.0
13.9018,13.5996,15.0001,0.0,0.0,1.0
13.9018,13.5996,15.0001,0.0,0.0,1.0
13.7097,14.1433,15.0001,0.0,0.0,1.0
0.0,2.51457e-05,15.0001,0.0,0.0,1.0
0.0,2.51457e-05,15.0001,0.0,0.0,1.0
13.7097,14.1433,15.0001,0.0,0.0,1.0
13.6123,14.7117,15.0001,0.0,0.0,1.0
0.0,2.51457e-05,15.0001,0.0,0.0,1.0
13.6123,14.7117,15.0001,0.0,0.0,1.0
0.0,30.0,15.0001,0.0,0.0,1.0
0.0,30.0,15.0001,0.0,0.0,1.0
13.6123,14.7117,15.0001,0.0,0.0,1.0
13.6123,15.2884,15.0001,0.0,0.0,1.0
0.0,30.0,15.0001,0.0,0.0,1.0
13.6123,15.2884,15.0001,0.0,0.0,1.0
13.7097,15.8568,15.0001,0.0,0.0,1.0
31.4821,9.92041,15.0001,0.0,0.0,1.0
20.2058,13.8673,15.0001,0.0,0.0,1.0
32.3934,9.08147,15.0001,0.0,0.0,1.0
32.3934,9.08147,15.0001,0.0,0.0,1.0
20.2058,13.8673,15.0001,0.0,0.0,1.0
19.9682,13.3419,15.0001,0.0,0.0,1.0
32.3934,9.08147,15.0001,0.0,0.0,1.0
19.9682,13.3419,15.0001,0.0,0.0,1.0
33.4304,8.40397,15.0001,0.0,0.0,1.0
33.4304,8.40397,15.0001,0.0,0.0,1.0
19.9682,13.3419,15.0001,0.0,0.0,1.0
34.5648,7.9064,15.0001,0.0,0.0,1.0
19.2463,17.5523,15.0001,0.0,0.0,1.0
19.6453,17.136,15.0001,0.0,0.0,1.0
34.5648,22.0937,15.0001,0.0,0.0,1.0
34.5648,22.0937,15.0001,0.0,0.0,1.0
19.6453,17.136,15.0001,0.0,0.0,1.0
19.9682,16.6582,15.0001,0.0,0.0,1.0
34.5648,22.0937,15.0001,0.0,0.0,1.0
19.9682,16.6582,15.0001,0.0,0.0,1.0
33.4304,21.5961,15.0001,0.0,0.0,1.0
31.4821,9.92041,15.0001,0.0,0.0,1.0
30.7213,10.8979,15.0001,0.0,0.0,1.0
20.2058,13.8673,15.0001,0.0,0.0,1.0
20.2058,13.8673,15.0001,0.0,0.0,1.0
30.7213,10.8979,15.0001,0.0,0.0,1.0
30.1317,11.9873,15.0001,0.0,0.0,1.0
20.2058,13.8673,15.0001,0.0,0.0,1.0
30.1317,11.9873,15.0001,0.0,0.0,1.0
20.3511,14.4254,15.0001,0.0,0.0,1.0
19.2463,12.4477,15.0001,0.0,0.0,1.0
18.7826,12.1048,15.0001,0.0,0.0,1.0
34.5648,7.9064,15.0001,0.0,0.0,1.0
34.5648,7.9064,15.0001,0.0,0.0,1.0
18.7826,12.1048,15.0001,0.0,0.0,1.0
18.2677,11.8452,15.0001,0.0,0.0,1.0
34.5648,7.9064,15.0001,0.0,0.0,1.0
18.2677,11.8452,15.0001,0.0,0.0,1.0
35.7655,7.60231,15.0001,0.0,0.0,1.0
35.7655,7.60231,15.0001,0.0,0.0,1.0
18.2677,11.8452,15.0001,0.0,0.0,1.0
17.7163,11.6763,15.0001,0.0,0.0,1.0
17.1443,11.6031,15.0001,0.0,0.0,1.0
16.5681,11.6276,15.0001,0.0,0.0,1.0
0.0,2.51457e-05,15.0001,0.0,0.0,1.0
0.0,2.51457e-05,15.0001,0.0,0.0,1.0
16.5681,11.6276,15.0001,0.0,0.0,1.0
16.0044,11.7491,15.0001,0.0,0.0,1.0
0.0,2.51457e-05,15.0001,0.0,0.0,1.0
16.0044,11.7491,15.0001,0.0,0.0,1.0
15.4693,11.9641,15.0001,0.0,0.0,1.0
13.7097,15.8568,15.0001,0.0,0.0,1.0
13.9018,16.4005,15.0001,0.0,0.0,1.0
0.0,30.0,15.0001,0.0,0.0,1.0
0.0,30.0,15.0001,0.0,0.0,1.0
13.9018,16.4005,15.0001,0.0,0.0,1.0
14.1831,16.9039,15.0001,0.0,0.0,1.0
0.0,30.0,15.0001,0.0,0.0,1.0
14.1831,16.9039,15.0001,0.0,0.0,1.0
14.5454,17.3526,15.0001,0.0,0.0,1.0
14.5454,17.3526,15.0001,0.0,0.0,1.0
14.9782,17.7336,15.0001,0.0,0.0,1.0
0.0,30.0,15.0001,0.0,0.0,1.0
0.0,30.0,15.0001,0.0,0.0,1.0
14.9782,17.7336,15.0001,0.0,0.0,1.0
15.4693,18.036,15.0001,0.0,0.0,1.0
0.0,30.0,15.0001,0.0,0.0,1.0
15.4693,18.036,15.0001,0.0,0.0,1.0
16.0044,18.251,15.0001,0.0,0.0,1.0
30.1317,11.9873,15.0001,0.0,0.0,1.0
29.7295,13.1589,15.0001,0.0,0.0,1.0
20.3511,14.4254,15.0001,0.0,0.0,1.0
20.3511,14.4254,15.0001,0.0,0.0,1.0
29.7295,13.1589,15.0001,0.0,0.0,1.0
29.5256,14.3807,15.0001,0.0,0.0,1.0
20.3511,14.4254,15.0001,0.0,0.0,1.0
29.5256,14.3807,15.0001,0.0,0.0,1.0
20.4,15.0,15.0001,0.0,0.0,1.0
20.4,15.0,15.0001,0.0,0.0,1.0
29.5256,14.3807,15.0001,0.0,0.0,1.0
29.5256,15.6194,15.0001,0.0,0.0,1.0
20.4,15.0,15.0001,0.0,0.0,1.0
29.5256,15.6194,15.0001,0.0,0.0,1.0
20.3511,15.5746,15.0001,0.0,0.0,1.0
20.3511,15.5746,15.0001,0.0,0.0,1.0
29.5256,15.6194,15.0001,0.0,0.0,1.0
29.7295,16.8412,15.0001,0.0,0.0,1.0
20.3511,15.5746,15.0001,0.0,0.0,1.0
29.7295,16.8412,15.0001,0.0,0.0,1.0
20.2058,16.1327,15.0001,0.0,0.0,1.0
20.2058,16.1327,15.0001,0.0,0.0,1.0
29.7295,16.8412,15.0001,0.0,0.0,1.0
30.1317,18.0127,15.0001,0.0,0.0,1.0
35.7655,22.3977,15.0001,0.0,0.0,1.0
18.2677,18.1548,15.0001,0.0,0.0,1.0
34.5648,22.0937,15.0001,0.0,0.0,1.0
34.5648,22.0937,15.0001,0.0,0.0,1.0
18.2677,18.1548,15.0001,0.0,0.0,1.0
18.7826,17.8952,15.0001,0.0,0.0,1.0
34.5648,22.0937,15.0001,0.0,0.0,1.0
18.7826,17.8952,15.0001,0.0,0.0,1.0
19.2463,17.5523,15.0001,0.0,0.0,1.0
0.0,2.51457e-05,15.0001,0.0,0.0,1.0
100.0,2.51457e-05,15.0001,0.0,0.0,1.0
100.0,7.50002,15.0001,0.0,0.0,1.0
16.0044,18.251,15.0001,0.0,0.0,1.0
16.5681,18.3725,15.0001,0.0,0.0,1.0
0.0,30.0,15.0001,0.0,0.0,1.0
0.0,30.0,15.0001,0.0,0.0,1.0
16.5681,18.3725,15.0001,0.0,0.0,1.0
17.1443,18.397,15.0001,0.0,0.0,1.0
0.0,30.0,15.0001,0.0,0.0,1.0
17.1443,18.397,15.0001,0.0,0.0,1.0
17.7163,18.3237,15.0001,0.0,0.0,1.0
30.1317,18.0127,15.0001,0.0,0.0,1.0
30.7213,19.1021,15.0001,0.0,0.0,1.0
20.2058,16.1327,15.0001,0.0,0.0,1.0
20.2058,16.1327,15.0001,0.0,0.0,1.0
30.7213,19.1021,15.0001,0.0,0.0,1.0
31.4821,20.0796,15.0001,0.0,0.0,1.0
20.2058,16.1327,15.0001,0.0,0.0,1.0
31.4821,20.0796,15.0001,0.0,0.0,1.0
19.9682,16.6582,15.0001,0.0,0.0,1.0
19.9682,16.6582,15.0001,0.0,0.0,1.0
31.4821,20.0796,15.0001,0.0,0.0,1.0
32.3934,20.9186,15.0001,0.0,0.0,1.0
19.9682,16.6582,15.0001,0.0,0.0,1.0
32.3934,20.9186,15.0001,0.0,0.0,1.0
33.4304,21.5961,15.0001,0.0,0.0,1.0
17.7163,11.6763,15.0001,0.0,0.0,1.0
17.1443,11.6031,15.0001,0.0,0.0,1.0
35.7655,7.60231,15.0001,0.0,0.0,1.0
35.7655,7.60231,15.0001,0.0,0.0,1.0
17.1443,11.6031,15.0001,0.0,0.0,1.0
0.0,2.51457e-05,15.0001,0.0,0.0,1.0
35.7655,7.60231,15.0001,0.0,0.0,1.0
0.0,2.51457e-05,15.0001,0.0,0.0,1.0
37.0,7.50002,15.0001,0.0,0.0,1.0
37.0,7.50002,15.0001,0.0,0.0,1.0
0.0,2.51457e-05,15.0001,0.0,0.0,1.0
100.0,7.50002,15.0001,0.0,0.0,1.0
100.0,22.5,15.0001,0.0,0.0,1.0
100.0,30.0,15.0001,0.0,0.0,1.0
37.0,22.5,15.0001,0.0,0.0,1.0
37.0,22.5,15.0001,0.0,0.0,1.0
100.0,30.0,15.0001,0.0,0.0,1.0
0.0,30.0,15.0001,0.0,0.0,1.0
37.0,22.5,15.0001,0.0,0.0,1.0
0.0,30.0,15.0001,0.0,0.0,1.0
35.7655,22.3977,15.0001,0.0,0.0,1.0
35.7655,22.3977,15.0001,0.0,0.0,1.0
0.0,30.0,15.0001,0.0,0.0,1.0
17.7163,18.3237,15.0001,0.0,0.0,1.0
35.7655,22.3977,15.0001,0.0,0.0,1.0
17.7163,18.3237,15.0001,0.0,0.0,1.0
18.2677,18.1548,15.0001,0.0,0.0,1.0
100.0,19.5,6.5001,0.0,0.0,1.0
100.0,22.5,6.5001,0.0,0.0,1.0
37.0,19.5,6.5001,0.0,0.0,1.0
37.0,19.5,6.5001,0.0,0.0,1.0
100.0,22.5,6.5001,0.0,0.0,1.0
37.0,22.5,6.5001,0.0,0.0,1.0
37.0,19.5,6.5001,0.0,0.0,1.0
37.0,22.5,6.5001,0.0,0.0,1.0
36.2593,19.4387,6.5001,0.0,0.0,1.0
36.2593,19.4387,6.5001,0.0,0.0,1.0
37.0,22.5,6.5001,0.0,0.0,1.0
35.7655,22.3977,6.5001,0.0,0.0,1.0
36.2593,19.4387,6.5001,0.0,0.0,1.0
35.7655,22.3977,6.5001,0.0,0.0,1.0
35.5389,19.2562,6.5001,0.0,0.0,1.0
35.5389,19.2562,6.5001,0.0,0.0,1.0
35.7655,22.3977,6.5001,0.0,0.0,1.0
34.5648,22.0937,6.5001,0.0,0.0,1.0
35.5389,19.2562,6.5001,0.0,0.0,1.0
34.5648,22.0937,6.5001,0.0,0.0,1.0
34.8582,18.9577,6.5001,0.0,0.0,1.0
34.8582,18.9577,6.5001,0.0,0.0,1.0
34.5648,22.0937,6.5001,0.0,0.0,1.0
33.4304,21.5961,6.5001,0.0,0.0,1.0
34.8582,18.9577,6.5001,0.0,0.0,1.0
33.4304,21.5961,6.5001,0.0,0.0,1.0
34.236,18.5512,6.5001,0.0,0.0,1.0
34.236,18.5512,6.5001,0.0,0.0,1.0
33.4304,21.5961,6.5001,0.0,0.0,1.0
32.3934,20.9186,6.5001,0.0,0.0,1.0
34.236,18.5512,6.5001,0.0,0.0,1.0
32.3934,20.9186,6.5001,0.0,0.0,1.0
33.6892,18.0478,6.5001,0.0,0.0,1.0
33.6892,18.0478,6.5001,0.0,0.0,1.0
32.3934,20.9186,6.5001,0.0,0.0,1.0
31.4821,20.0796,6.5001,0.0,0.0,1.0
33.6892,18.0478,6.5001,0.0,0.0,1.0
31.4821,20.0796,6.5001,0.0,0.0,1.0
33.2328,17.4613,6.5001,0.0,0.0,1.0
33.2328,17.4613,6.5001,0.0,0.0,1.0
31.4821,20.0796,6.5001,0.0,0.0,1.0
30.7213,19.1021,6.5001,0.0,0.0,1.0
33.2328,17.4613,6.5001,0.0,0.0,1.0
30.7213,19.1021,6.5001,0.0,0.0,1.0
32.879,16.8077,6.5001,0.0,0.0,1.0
32.879,16.8077,6.5001,0.0,0.0,1.0
30.7213,19.1021,6.5001,0.0,0.0,1.0
30.1317,18.0127,6.5001,0.0,0.0,1.0
32.879,16.8077,6.5001,0.0,0.0,1.0
30.1317,18.0127,6.5001,0.0,0.0,1.0
32.6377,16.1047,6.5001,0.0,0.0,1.0
32.6377,16.1047,6.5001,0.0,0.0,1.0
30.1317,18.0127,6.5001,0.0,0.0,1.0
29.7295,16.8412,6.5001,0.0,0.0,1.0
32.6377,16.1047,6.5001,0.0,0.0,1.0
29.7295,16.8412,6.5001,0.0,0.0,1.0
32.5154,15.3716,6.5001,0.0,0.0,1.0
32.5154,15.3716,6.5001,0.0,0.0,1.0
29.7295,16.8412,6.5001,0.0,0.0,1.0
29.5256,15.6194,6.5001,0.0,0.0,1.0
32.5154,15.3716,6.5001,0.0,0.0,1.0
29.5256,15.6194,6.5001,0.0,0.0,1.0
32.5154,14.6284,6.5001,0.0,0.0,1.0
32.5154,14.6284,6.5001,0.0,0.0,1.0
29.5256,15.6194,6.5001,0.0,0.0,1.0
29.5256,14.3807,6.5001,0.0,0.0,1.0
32.5154,14.6284,6.5001,0.0,0.0,1.0
29.5256,14.3807,6.5001,0.0,0.0,1.0
32.6377,13.8953,6.5001,0.0,0.0,1.0
32.6377,13.8953,6.5001,0.0,0.0,1.0
29.5256,14.3807,6.5001,0.0,0.0,1.0
29.7295,13.1589,6.5001,0.0,0.0,1.0
32.6377,13.8953,6.5001,0.0,0.0,1.0
29.7295,13.1589,6.5001,0.0,0.0,1.0
32.879,13.1924,6.5001,0.0,0.0,1.0
32.879,13.1924,6.5001,0.0,0.0,1.0
29.7295,13.1589,6.5001,0.0,0.0,1.0
30.1317,11.9873,6.5001,0.0,0.0,1.0
32.879,13.1924,6.5001,0.0,0.0,1.0
30.1317,11.9873,6.5001,0.0,0.0,1.0
33.2328,12.5388,6.5001,0.0,0.0,1.0
33.2328,12.5388,6.5001,0.0,0.0,1.0
30.1317,11.9873,6.5001,0.0,0.0,1.0
30.7213,10.8979,6.5001,0.0,0.0,1.0
33.2328,12.5388,6.5001,0.0,0.0,1.0
30.7213,10.8979,6.5001,0.0,0.0,1.0
33.6892,11.9523,6.5001,0.0,0.0,1.0
33.6892,11.9523,6.5001,0.0,0.0,1.0
30.7213,10.8979,6.5001,0.0,0.0,1.0
31.4821,9.92041,6.5001,0.0,0.0,1.0
33.6892,11.9523,6.5001,0.0,0.0,1.0
31.4821,9.92041,6.5001,0.0,0.0,1.0
34.236,11.4489,6.5001,0.0,0.0,1.0
34.236,11.4489,6.5001,0.0,0.0,1.0
31.4821,9.92041,6.5001,0.0,0.0,1.0
32.3934,9.08147,6.5001,0.0,0.0,1.0
34.236,11.4489,6.5001,0.0,0.0,1.0
32.3934,9.08147,6.5001,0.0,0.0,1.0
34.8582,11.0424,6.5001,0.0,0.0,1.0
34.8582,11.0424,6.5001,0.0,0.0,1.0
32.3934,9.08147,6.5001,0.0,0.0,1.0
33.4304,8.40397,6.5001,0.0,0.0,1.0
34.8582,11.0424,6.5001,0.0,0.0,1.0
33.4304,8.40397,6.5001,0.0,0.0,1.0
35.5389,10.7438,6.5001,0.0,0.0,1.0
35.5389,10.7438,6.5001,0.0,0.0,1.0
33.4304,8.40397,6.5001,0.0,0.0,1.0
34.5648,7.9064,6.5001,0.0,0.0,1.0
35.5389,10.7438,6.5001,0.0,0.0,1.0
34.5648,7.9064,6.5001,0.0,0.0,1.0
36.2593,10.5614,6.5001,0.0,0.0,1.0
36.2593,10.5614,6.5001,0.0,0.0,1.0
34.5648,7.9064,6.5001,0.0,0.0,1.0
35.7655,7.60231,6.5001,0.0,0.0,1.0
36.2593,10.5614,6.5001,0.0,0.0,1.0
35.7655,7.60231,6.5001,0.0,0.0,1.0
37.0,10.5,6.5001,0.0,0.0,1.0
37.0,10.5,6.5001,0.0,0.0,1.0
35.7655,7.60231,6.5001,0.0,0.0,1.0
37.0,7.50002,6.5001,0.0,0.0,1.0
37.0,10.5,6.5001,0.0,0.0,1.0
37.0,7.50002,6.5001,0.0,0.0,1.0
100.0,10.5,6.5001,0.0,0.0,1.0
100.0,10.5,6.5001,0.0,0.0,1.0
37.0,7.50002,6.5001,0.0,0.0,1.0
100.0,7.50002,6.5001,0.0,0.0,1.0
13.0575,14.324,0.000103078,0.499548,0.0425183,-0.865242
13.0,15.0,0.000103078,0.499548,0.0425183,-0.865242
13.6245,14.7127,0.346513,0.499548,0.0425183,-0.865242
13.6245,14.7127,0.346513,0.499548,0.0425182,-0.865242
13.6489,14.4254,0.346513,0.499548,0.0425182,-0.865242
13.0575,14.324,0.000103078,0.499548,0.0425182,-0.865242
13.0575,14.324,0.000103078,0.485177,0.126331,-0.865242
13.6489,14.4254,0.346513,0.485177,0.126331,-0.865242
13.7216,14.1464,0.346513,0.485177,0.126331,-0.865242
13.0575,14.324,0.000103078,0.485177,0.12633,-0.865242
13.7216,14.1464,0.346513,0.485177,0.12633,-0.865242
13.2285,13.6675,0.000103078,0.485177,0.12633,-0.865242
13.7216,14.1464,0.346513,0.485177,0.126329,-0.865242
13.7942,13.8673,0.346513,0.485177,0.126329,-0.865242
13.2285,13.6675,0.000103078,0.485177,0.126329,-0.865242
13.2285,13.6675,0.000103078,0.456848,0.206508,-0.865242
13.7942,13.8673,0.346513,0.456848,0.206508,-0.865242
13.913,13.6046,0.346513,0.456848,0.206508,-0.865242
13.2285,13.6675,0.000103078,0.456848,0.206508,-0.865242
13.913,13.6046,0.346513,0.456848,0.206508,-0.865242
13.5079,13.0492,0.000103078,0.456848,0.206508,-0.865242
13.913,13.6046,0.346513,0.456848,0.206508,-0.865242
14.0318,13.3419,0.346513,0.456848,0.206508,-0.865242
13.5079,13.0492,0.000103078,0.456848,0.206508,-0.865242
13.5079,13.0492,0.000103078,0.415376,0.280746,-0.865242
14.0318,13.3419,0.346513,0.415376,0.280746,-0.865242
14.1932,13.103,0.346513,0.415376,0.280746,-0.865242
13.5079,13.0492,0.000103078,0.415376,0.280746,-0.865242
14.1932,13.103,0.346513,0.415376,0.280746,-0.865242
13.8879,12.4871,0.000103078,0.415376,0.280746,-0.865242
14.1932,13.103,0.346513,0.415376,0.280746,-0.865242
14.3547,12.8641,0.346513,0.415376,0.280746,-0.865242
13.8879,12.4871,0.000103078,0.415376,0.280746,-0.865242
13.8879,12.4871,0.000103078,0.361955,0.346907,-0.865242
14.3547,12.8641,0.346513,0.361955,0.346907,-0.865242
14.5542,12.6559,0.346513,0.361955,0.346907,-0.865242
13.8879,12.4871,0.000103078,0.361956,0.346906,-0.865242
14.5542,12.6559,0.346513,0.361956,0.346906,-0.865242
14.3573,11.9973,0.000103078,0.361956,0.346906,-0.865242
14.5542,12.6559,0.346513,0.361957,0.346905,-0.865242
14.7537,12.4477,0.346513,0.361957,0.346905,-0.865242
14.3573,11.9973,0.000103078,0.361957,0.346905,-0.865242
14.3573,11.9973,0.000103078,0.298121,0.403088,-0.865242
14.7537,12.4477,0.346513,0.298121,0.403088,-0.865242
14.9855,12.2763,0.346513,0.298121,0.403088,-0.865242
14.3573,11.9973,0.000103078,0.298122,0.403087,-0.865242
14.9855,12.2763,0.346513,0.298122,0.403087,-0.865242
14.9028,11.5939,0.000103078,0.298122,0.403087,-0.865242
14.9855,12.2763,0.346513,0.298121,0.403087,-0.865243
15.2174,12.1048,0.346513,0.298121,0.403087,-0.865243
14.9028,11.5939,0.000103078,0.298121,0.403087,-0.865243
14.9028,11.5939,0.000103078,0.225713,0.447671,-0.865243
15.2174,12.1048,0.346513,0.225713,0.447671,-0.865243
15.4748,11.975,0.346513,0.225713,0.447671,-0.865243
14.9028,11.5939,0.000103078,0.225711,0.447672,-0.865242
15.4748,11.975,0.346513,0.225711,0.447672,-0.865242
15.5086,11.2885,0.000103078,0.225711,0.447672,-0.865242
15.4748,11.975,0.346513,0.225711,0.447672,-0.865242
15.7323,11.8452,0.346513,0.225711,0.447672,-0.865242
15.5086,11.2885,0.000103078,0.225711,0.447672,-0.865242
15.5086,11.2885,0.000103078,0.146808,0.479378,-0.865242
15.7323,11.8452,0.346513,0.146808,0.479378,-0.865242
16.008,11.7608,0.346513,0.146808,0.479378,-0.865242
15.5086,11.2885,0.000103078,0.146808,0.479378,-0.865242
16.008,11.7608,0.346513,0.146808,0.479378,-0.865242
16.1573,11.0898,0.000103078,0.146808,0.479378,-0.865242
16.008,11.7608,0.346513,0.146808,0.479378,-0.865242
16.2837,11.6763,0.346513,0.146808,0.479378,-0.865242
16.1573,11.0898,0.000103078,0.146808,0.479378,-0.865242
16.1573,11.0898,0.000103078,0.0636818,0.497293,-0.865242
16.2837,11.6763,0.346513,0.0636818,0.497293,-0.865242
16.5697,11.6397,0.346513,0.0636818,0.497293,-0.865242
16.1573,11.0898,0.000103078,0.0636809,0.497293,-0.865242
16.5697,11.6397,0.346513,0.0636809,0.497293,-0.865242
16.8302,11.0036,0.000103078,0.0636809,0.497293,-0.865242
16.5697,11.6397,0.346513,0.0636806,0.497293,-0.865242
16.8557,11.6031,0.346513,0.0636806,0.497293,-0.865242
16.8302,11.0036,0.000103078,0.0636806,0.497293,-0.865242
16.8302,11.0036,0.000103078,-0.0212781,0.500902,-0.865242
16.8557,11.6031,0.346513,-0.0212781,0.500902,-0.865242
17.1438,11.6153,0.346513,-0.0212781,0.500902,-0.865242
16.8302,11.0036,0.000103078,-0.0212782,0.500902,-0.865242
17.1438,11.6153,0.346513,-0.0212782,0.500902,-0.865242
17.5081,11.0324,0.000103078,-0.0212782,0.500902,-0.865242
17.1438,11.6153,0.346513,-0.0212782,0.500902,-0.865242
17.4319,11.6276,0.346513,-0.0212782,0.500902,-0.865242
17.5081,11.0324,0.000103078,-0.0212782,0.500902,-0.865242
17.5081,11.0324,0.000103078,-0.105624,0.490101,-0.865242
17.4319,11.6276,0.346513,-0.105624,0.490101,-0.865242
17.7137,11.6883,0.346513,-0.105624,0.490101,-0.865242
17.5081,11.0324,0.000103078,-0.105625,0.490101,-0.865242
17.7137,11.6883,0.346513,-0.105625,0.490101,-0.865242
18.1713,11.1754,0.000103078,-0.105625,0.490101,-0.865242
17.7137,11.6883,0.346513,-0.105625,0.490101,-0.865242
17.9956,11.7491,0.346513,-0.105625,0.490101,-0.865242
18.1713,11.1754,0.000103078,-0.105625,0.490101,-0.865242
18.1713,11.1754,0.000103078,-0.186933,0.465201,-0.865242
17.9956,11.7491,0.346513,-0.186933,0.465201,-0.865242
18.2631,11.8566,0.346513,-0.186933,0.465201,-0.865242
18.1713,11.1754,0.000103078,-0.186933,0.465201,-0.865242
18.2631,11.8566,0.346513,-0.186933,0.465201,-0.865242
18.8008,11.4283,0.000103078,-0.186933,0.465201,-0.865242
18.2631,11.8566,0.346513,-0.186933,0.465201,-0.865242
18.5307,11.9641,0.346513,-0.186933,0.465201,-0.865242
18.8008,11.4283,0.000103078,-0.186933,0.465201,-0.865242
18.8008,11.4283,0.000103078,-0.262865,0.426917,-0.865242
18.5307,11.9641,0.346513,-0.262865,0.426917,-0.865242
18.7762,12.1153,0.346513,-0.262865,0.426917,-0.865242
18.8008,11.4283,0.000103078,-0.262862,0.426917,-0.865243
18.7762,12.1153,0.346513,-0.262862,0.426917,-0.865243
19.3785,11.784,0.000103078,-0.262862,0.426917,-0.865243
18.7762,12.1153,0.346513,-0.262862,0.426918,-0.865243
19.0218,12.2664,0.346513,-0.262862,0.426918,-0.865243
19.3785,11.784,0.000103078,-0.262862,0.426918,-0.865243
19.3785,11.784,0.000103078,-0.331232,0.376352,-0.865243
19.0218,12.2664,0.346513,-0.331232,0.376352,-0.865243
19.2382,12.4569,0.346513,-0.331232,0.376352,-0.865243
19.3785,11.784,0.000103078,-0.331232,0.376352,-0.865243
19.2382,12.4569,0.346513,-0.331232,0.376352,-0.865243
19.8878,12.2323,0.000103078,-0.331232,0.376352,-0.865243
19.2382,12.4569,0.346513,-0.331231,0.376354,-0.865242
19.4547,12.6474,0.346513,-0.331231,0.376354,-0.865242
19.8878,12.2323,0.000103078,-0.331231,0.376354,-0.865242
19.8878,12.2323,0.000103078,-0.390072,0.314961,-0.865242
19.4547,12.6474,0.346513,-0.390072,0.314961,-0.865242
19.6358,12.8718,0.346513,-0.390072,0.314961,-0.865242
19.8878,12.2323,0.000103078,-0.390072,0.314961,-0.865242
19.6358,12.8718,0.346513,-0.390072,0.314961,-0.865242
20.314,12.7601,0.000103078,-0.390072,0.314961,-0.865242
19.6358,12.8718,0.346513,-0.390073,0.314957,-0.865243
19.8169,13.0961,0.346513,-0.390073,0.314957,-0.865243
20.314,12.7601,0.000103078,-0.390073,0.314957,-0.865243
20.314,12.7601,0.000103078,-0.437687,0.244509,-0.865243
19.8169,13.0961,0.346513,-0.437687,0.244509,-0.865243
19.9576,13.3478,0.346513,-0.437687,0.244509,-0.865243
20.314,12.7601,0.000103078,-0.437689,0.244508,-0.865242
19.9576,13.3478,0.346513,-0.437689,0.244508,-0.865242
20.6449,13.3524,0.000103078,-0.437689,0.244508,-0.865242
19.9576,13.3478,0.346513,-0.437689,0.244506,-0.865243
20.0982,13.5996,0.346513,-0.437689,0.244506,-0.865243
20.6449,13.3524,0.000103078,-0.437689,0.244506,-0.865243
20.6449,13.3524,0.000103078,-0.472713,0.167025,-0.865243
20.0982,13.5996,0.346513,-0.472713,0.167025,-0.865243
20.1942,13.8714,0.346513,-0.472713,0.167025,-0.865243
20.6449,13.3524,0.000103078,-0.472716,0.167022,-0.865242
20.1942,13.8714,0.346513,-0.472716,0.167022,-0.865242
20.8709,13.9921,0.000103078,-0.472716,0.167022,-0.865242
20.1942,13.8714,0.346513,-0.472716,0.167018,-0.865243
20.2903,14.1433,0.346513,-0.472716,0.167018,-0.865243
20.8709,13.9921,0.000103078,-0.472716,0.167018,-0.865243
20.8709,13.9921,0.000103078,-0.494141,0.0847309,-0.865243
20.2903,14.1433,0.346513,-0.494141,0.0847309,-0.865243
20.339,14.4275,0.346513,-0.494141,0.0847309,-0.865243
20.8709,13.9921,0.000103078,-0.494143,0.0847281,-0.865242
20.339,14.4275,0.346513,-0.494143,0.0847281,-0.865242
20.9856,14.6608,0.000103078,-0.494143,0.0847281,-0.865242
20.339,14.4275,0.346513,-0.494143,0.0847282,-0.865242
20.3878,14.7117,0.346513,-0.494143,0.0847282,-0.865242
20.9856,14.6608,0.000103078,-0.494143,0.0847282,-0.865242
20.9856,14.6608,0.000103078,-0.501355,0.0,-0.865242
20.3878,14.7117,0.346513,-0.501355,0.0,-0.865242
20.3878,15.0,0.346513,-0.501355,0.0,-0.865242
20.9856,14.6608,0.000103078,-0.501355,0.0,-0.865242
20.3878,15.0,0.346513,-0.501355,0.0,-0.865242
20.9856,15.3392,0.000103078,-0.501355,0.0,-0.865242
20.3878,15.0,0.346513,-0.501355,0.0,-0.865242
20.3878,15.2884,0.346513,-0.501355,0.0,-0.865242
20.9856,15.3392,0.000103078,-0.501355,0.0,-0.865242
20.9856,15.3392,0.000103078,-0.494143,-0.0847282,-0.865242
20.3878,15.2884,0.346513,-0.494143,-0.0847282,-0.865242
20.339,15.5726,0.346513,-0.494143,-0.0847282,-0.865242
20.9856,15.3392,0.000103078,-0.494143,-0.0847279,-0.865242
20.339,15.5726,0.346513,-0.494143,-0.0847279,-0.865242
20.8709,16.0079,0.000103078,-0.494143,-0.0847279,-0.865242
20.339,15.5726,0.346513,-0.494141,-0.0847309,-0.865243
20.2903,15.8568,0.346513,-0.494141,-0.0847309,-0.865243
20.8709,16.0079,0.000103078,-0.494141,-0.0847309,-0.865243
20.8709,16.0079,0.000103078,-0.472715,-0.167018,-0.865243
20.2903,15.8568,0.346513,-0.472715,-0.167018,-0.865243
20.1942,16.1286,0.346513,-0.472715,-0.167018,-0.865243
20.8709,16.0079,0.000103078,-0.472716,-0.167022,-0.865242
20.1942,16.1286,0.346513,-0.472716,-0.167022,-0.865242
20.6449,16.6476,0.000103078,-0.472716,-0.167022,-0.865242
20.1942,16.1286,0.346513,-0.472714,-0.167024,-0.865242
20.0982,16.4005,0.346513,-0.472714,-0.167024,-0.865242
20.6449,16.6476,0.000103078,-0.472714,-0.167024,-0.865242
20.6449,16.6476,0.000103078,-0.43769,-0.244507,-0.865242
20.0982,16.4005,0.346513,-0.43769,-0.244507,-0.865242
19.9576,16.6522,0.346513,-0.43769,-0.244507,-0.865242
20.6449,16.6476,0.000103078,-0.43769,-0.244507,-0.865242
19.9576,16.6522,0.346513,-0.43769,-0.244507,-0.865242
20.314,17.2399,0.000103078,-0.43769,-0.244507,-0.865242
19.9576,16.6522,0.346513,-0.437687,-0.244509,-0.865243
19.8169,16.9039,0.346513,-0.437687,-0.244509,-0.865243
20.314,17.2399,0.000103078,-0.437687,-0.244509,-0.865243
20.314,17.2399,0.000103078,-0.390072,-0.314958,-0.865243
19.8169,16.9039,0.346513,-0.390072,-0.314958,-0.865243
19.6358,17.1283,0.346513,-0.390072,-0.314958,-0.865243
20.314,17.2399,0.000103078,-0.390071,-0.314961,-0.865242
19.6358,17.1283,0.346513,-0.390071,-0.314961,-0.865242
19.8878,17.7678,0.000103078,-0.390071,-0.314961,-0.865242
19.6358,17.1283,0.346513,-0.390073,-0.31496,-0.865242
19.4547,17.3526,0.346513,-0.390073,-0.31496,-0.865242
19.8878,17.7678,0.000103078,-0.390073,-0.31496,-0.865242
19.8878,17.7678,0.000103078,-0.331231,-0.376354,-0.865242
19.4547,17.3526,0.346513,-0.331231,-0.376354,-0.865242
19.2382,17.5431,0.346513,-0.331231,-0.376354,-0.865242
19.8878,17.7678,0.000103078,-0.331233,-0.376351,-0.865242
19.2382,17.5431,0.346513,-0.331233,-0.376351,-0.865242
19.3785,18.216,0.000103078,-0.331233,-0.376351,-0.865242
19.2382,17.5431,0.346513,-0.331229,-0.376353,-0.865243
19.0218,17.7336,0.346513,-0.331229,-0.376353,-0.865243
19.3785,18.216,0.000103078,-0.331229,-0.376353,-0.865243
19.3785,18.216,0.000103078,-0.262864,-0.426915,-0.865243
19.0218,17.7336,0.346513,-0.262864,-0.426915,-0.865243
18.7762,17.8848,0.346513,-0.262864,-0.426915,-0.865243
19.3785,18.216,0.000103078,-0.262863,-0.426917,-0.865243
18.7762,17.8848,0.346513,-0.262863,-0.426917,-0.865243
18.8008,18.5717,0.000103078,-0.262863,-0.426917,-0.865243
18.7762,17.8848,0.346513,-0.262863,-0.426917,-0.865243
18.5307,18.036,0.346513,-0.262863,-0.426917,-0.865243
18.8008,18.5717,0.000103078,-0.262863,-0.426917,-0.865243
18.8008,18.5717,0.000103078,-0.186933,-0.4652,-0.865243
18.5307,18.036,0.346513,-0.186933,-0.4652,-0.865243
18.2631,18.1435,0.346513,-0.186933,-0.4652,-0.865243
18.8008,18.5717,0.000103078,-0.186932,-0.465201,-0.865243
18.2631,18.1435,0.346513,-0.186932,-0.465201,-0.865243
18.1713,18.8247,0.000103078,-0.186932,-0.465201,-0.865243
18.2631,18.1435,0.346513,-0.186933,-0.465201,-0.865242
17.9956,18.251,0.346513,-0.186933,-0.465201,-0.865242
18.1713,18.8247,0.000103078,-0.186933,-0.465201,-0.865242
18.1713,18.8247,0.000103078,-0.105625,-0.490101,-0.865242
17.9956,18.251,0.346513,-0.105625,-0.490101,-0.865242
17.7137,18.3117,0.346513,-0.105625,-0.490101,-0.865242
18.1713,18.8247,0.000103078,-0.105625,-0.490101,-0.865242
17.7137,18.3117,0.346513,-0.105625,-0.490101,-0.865242
17.5081,18.9676,0.000103078,-0.105625,-0.490101,-0.865242
17.7137,18.3117,0.346513,-0.105628,-0.490102,-0.865242
17.4319,18.3725,0.346513,-0.105628,-0.490102,-0.865242
17.5081,18.9676,0.000103078,-0.105628,-0.490102,-0.865242
17.5081,18.9676,0.000103078,-0.0212749,-0.500904,-0.865242
17.4319,18.3725,0.346513,-0.0212749,-0.500904,-0.865242
17.1438,18.3847,0.346513,-0.0212749,-0.500904,-0.865242
17.5081,18.9676,0.000103078,-0.0212789,-0.500902,-0.865243
17.1438,18.3847,0.346513,-0.0212789,-0.500902,-0.865243
16.8302,18.9964,0.000103078,-0.0212789,-0.500902,-0.865243
17.1438,18.3847,0.346513,-0.0212781,-0.500901,-0.865243
16.8557,18.397,0.346513,-0.0212781,-0.500901,-0.865243
16.8302,18.9964,0.000103078,-0.0212781,-0.500901,-0.865243
16.8302,18.9964,0.000103078,0.0636822,-0.497293,-0.865243
16.8557,18.397,0.346513,0.0636822,-0.497293,-0.865243
16.5697,18.3603,0.346513,0.0636822,-0.497293,-0.865243
16.8302,18.9964,0.000103078,0.0636815,-0.497292,-0.865243
16.5697,18.3603,0.346513,0.0636815,-0.497292,-0.865243
16.1573,18.9102,0.000103078,0.0636815,-0.497292,-0.865243
16.5697,18.3603,0.346513,0.0636817,-0.497292,-0.865243
16.2837,18.3237,0.346513,0.0636817,-0.497292,-0.865243
16.1573,18.9102,0.000103078,0.0636817,-0.497292,-0.865243
16.1573,18.9102,0.000103078,0.146804,-0.479378,-0.865243
16.2837,18.3237,0.346513,0.146804,-0.479378,-0.865243
16.008,18.2393,0.346513,0.146804,-0.479378,-0.865243
16.1573,18.9102,0.000103078,0.146807,-0.479378,-0.865242
16.008,18.2393,0.346513,0.146807,-0.479378,-0.865242
15.5086,18.7116,0.000103078,0.146807,-0.479378,-0.865242
16.008,18.2393,0.346513,0.146808,-0.479378,-0.865242
15.7323,18.1548,0.346513,0.146808,-0.479378,-0.865242
15.5086,18.7116,0.000103078,0.146808,-0.479378,-0.865242
15.5086,18.7116,0.000103078,0.225712,-0.447672,-0.865242
15.7323,18.1548,0.346513,0.225712,-0.447672,-0.865242
15.4748,18.025,0.346513,0.225712,-0.447672,-0.865242
15.5086,18.7116,0.000103078,0.225712,-0.447672,-0.865242
15.4748,18.025,0.346513,0.225712,-0.447672,-0.865242
14.9028,18.4061,0.000103078,0.225712,-0.447672,-0.865242
15.4748,18.025,0.346513,0.225713,-0.447671,-0.865243
15.2174,17.8952,0.346513,0.225713,-0.447671,-0.865243
14.9028,18.4061,0.000103078,0.225713,-0.447671,-0.865243
14.9028,18.4061,0.000103078,0.298122,-0.403086,-0.865243
15.2174,17.8952,0.346513,0.298122,-0.403086,-0.865243
14.9855,17.7238,0.346513,0.298122,-0.403086,-0.865243
14.9028,18.4061,0.000103078,0.298122,-0.403086,-0.865243
14.9855,17.7238,0.346513,0.298122,-0.403086,-0.865243
14.3573,18.0027,0.000103078,0.298122,-0.403086,-0.865243
14.9855,17.7238,0.346513,0.29812,-0.403089,-0.865242
14.7537,17.5523,0.346513,0.29812,-0.403089,-0.865242
14.3573,18.0027,0.000103078,0.29812,-0.403089,-0.865242
14.3573,18.0027,0.000103078,0.361957,-0.346905,-0.865242
14.7537,17.5523,0.346513,0.361957,-0.346905,-0.865242
14.5542,17.3441,0.346513,0.361957,-0.346905,-0.865242
14.3573,18.0027,0.000103078,0.361955,-0.346906,-0.865242
14.5542,17.3441,0.346513,0.361955,-0.346906,-0.865242
13.8879,17.5129,0.000103078,0.361955,-0.346906,-0.865242
14.5542,17.3441,0.346513,0.361955,-0.346907,-0.865242
14.3547,17.136,0.346513,0.361955,-0.346907,-0.865242
13.8879,17.5129,0.000103078,0.361955,-0.346907,-0.865242
13.8879,17.5129,0.000103078,0.415375,-0.280747,-0.865242
14.3547,17.136,0.346513,0.415375,-0.280747,-0.865242
14.1932,16.8971,0.346513,0.415375,-0.280747,-0.865242
13.8879,17.5129,0.000103078,0.415376,-0.280746,-0.865242
14.1932,16.8971,0.346513,0.415376,-0.280746,-0.865242
13.5079,16.9508,0.000103078,0.415376,-0.280746,-0.865242
14.1932,16.8971,0.346513,0.415376,-0.280745,-0.865242
14.0318,16.6582,0.346513,0.415376,-0.280745,-0.865242
13.5079,16.9508,0.000103078,0.415376,-0.280745,-0.865242
13.5079,16.9508,0.000103078,0.456848,-0.206509,-0.865242
14.0318,16.6582,0.346513,0.456848,-0.206509,-0.865242
13.913,16.3954,0.346513,0.456848,-0.206509,-0.865242
13.5079,16.9508,0.000103078,0.456848,-0.206508,-0.865242
13.913,16.3954,0.346513,0.456848,-0.206508,-0.865242
13.2285,16.3326,0.000103078,0.456848,-0.206508,-0.865242
13.913,16.3954,0.346513,0.456848,-0.206508,-0.865242
13.7942,16.1327,0.346513,0.456848,-0.206508,-0.865242
13.2285,16.3326,0.000103078,0.456848,-0.206508,-0.865242
13.2285,16.3326,0.000103078,0.485177,-0.126329,-0.865242
13.7942,16.1327,0.346513,0.485177,-0.126329,-0.865242
13.7216,15.8537,0.346513,0.485177,-0.126329,-0.865242
13.2285,16.3326,0.000103078,0.485176,-0.12633,-0.865243
13.7216,15.8537,0.346513,0.485176,-0.12633,-0.865243
13.0575,15.676,0.000103078,0.485176,-0.12633,-0.865243
13.7216,15.8537,0.346513,0.485176,-0.126331,-0.865242
13.6489,15.5746,0.346513,0.485176,-0.126331,-0.865242
13.0575,15.676,0.000103078,0.485176,-0.126331,-0.865242
13.0575,15.676,0.000103078,0.499548,-0.0425182,-0.865242
13.6489,15.5746,0.346513,0.499548,-0.0425182,-0.865242
13.6245,15.2873,0.346513,0.499548,-0.0425182,-0.865242
13.0575,15.676,0.000103078,0.499548,-0.0425182,-0.865242
13.6245,15.2873,0.346513,0.499548,-0.0425182,-0.865242
13.0,15.0,0.000103078,0.499548,-0.0425182,-0.865242
13.0,15.0,0.000103078,0.499547,-0.0425163,-0.865243
13.6245,15.2873,0.346513,0.499547,-0.0425163,-0.865243
13.6,15.0,0.346513,0.499547,-0.0425163,-0.865243
13.0,15.0,0.000103078,0.499547,0.0425163,-0.865243
13.6,15.0,0.346513,0.499547,0.0425163,-0.865243
13.6245,14.7127,0.346513,0.499547,0.0425163,-0.865243
37.0,10.5,6.5001,0.0,1.0,0.0
100.0,10.5,6.5001,0.0,1.0,0.0
37.0,10.5,0.000103078,0.0,1.0,0.0
37.0,10.5,0.000103078,0.0,1.0,0.0
100.0,10.5,6.5001,0.0,1.0,0.0
100.0,10.5,0.000103078,0.0,1.0,0.0
37.0,19.5,0.000103078,0.0825799,-0.996584,0.0
37.0,19.5,6.5001,0.0825799,-0.996584,0.0
36.2593,19.4387,0.000103078,0.0825799,-0.996584,0.0
36.2593,19.4387,0.000103078,0.0825799,-0.996584,0.0
37.0,19.5,6.5001,0.0825799,-0.996584,0.0
36.2593,19.4387,6.5001,0.0825799,-0.996584,0.0
36.2593,19.4387,0.000103078,0.245485,-0.9694,0.0
36.2593,19.4387,6.5001,0.245485,-0.9694,0.0
35.5389,19.2562,0.000103078,0.245485,-0.9694,0.0
35.5389,19.2562,0.000103078,0.245485,-0.9694,0.0
36.2593,19.4387,6.5001,0.245485,-0.9694,0.0
35.5389,19.2562,6.5001,0.245485,-0.9694,0.0
35.5389,19.2562,0.000103078,0.401698,-0.915772,0.0
35.5389,19.2562,6.5001,0.401698,-0.915772,0.0
34.8582,18.9577,0.000103078,0.401698,-0.915772,0.0
34.8582,18.9577,0.000103078,0.401698,-0.915772,0.0
35.5389,19.2562,6.5001,0.401698,-0.915772,0.0
34.8582,18.9577,6.5001,0.401698,-0.915772,0.0
34.8582,18.9577,0.000103078,0.546945,-0.837168,0.0
34.8582,18.9577,6.5001,0.546945,-0.837168,0.0
34.236,18.5512,0.000103078,0.546945,-0.837168,0.0
34.236,18.5512,0.000103078,0.546945,-0.837168,0.0
34.8582,18.9577,6.5001,0.546945,-0.837168,0.0
34.236,18.5512,6.5001,0.546945,-0.837168,0.0
34.236,18.5512,0.000103078,0.677286,-0.73572,0.0
34.236,18.5512,6.5001,0.677286,-0.73572,0.0
33.6892,18.0478,0.000103078,0.677286,-0.73572,0.0
33.6892,18.0478,0.000103078,0.677286,-0.73572,0.0
34.236,18.5512,6.5001,0.677286,-0.73572,0.0
33.6892,18.0478,6.5001,0.677286,-0.73572,0.0
33.6892,18.0478,0.000103078,0.789138,-0.614216,0.0
33.6892,18.0478,6.5001,0.789138,-0.614216,0.0
33.2328,17.4613,0.000103078,0.789138,-0.614216,0.0
33.2328,17.4613,0.000103078,0.789138,-0.614216,0.0
33.6892,18.0478,6.5001,0.789138,-0.614216,0.0
33.2328,17.4613,6.5001,0.789138,-0.614216,0.0
33.2328,17.4613,0.000103078,0.879472,-0.47595,0.0
33.2328,17.4613,6.5001,0.879472,-0.47595,0.0
32.879,16.8077,0.000103078,0.879472,-0.47595,0.0
32.879,16.8077,0.000103078,0.879472,-0.47595,0.0
33.2328,17.4613,6.5001,0.879472,-0.47595,0.0
32.879,16.8077,6.5001,0.879472,-0.47595,0.0
32.879,16.8077,0.000103078,0.945817,-0.324699,0.0
32.879,16.8077,6.5001,0.945817,-0.324699,0.0
32.6377,16.1047,0.000103078,0.945817,-0.324699,0.0
32.6377,16.1047,0.000103078,0.945817,-0.324699,0.0
32.879,16.8077,6.5001,0.945817,-0.324699,0.0
32.6377,16.1047,6.5001,0.945817,-0.324699,0.0
32.6377,16.1047,0.000103078,0.986361,-0.164595,0.0
32.6377,16.1047,6.5001,0.986361,-0.164595,0.0
32.5154,15.3716,0.000103078,0.986361,-0.164595,0.0
32.5154,15.3716,0.000103078,0.986361,-0.164595,0.0
32.6377,16.1047,6.5001,0.986361,-0.164595,0.0
32.5154,15.3716,6.5001,0.986361,-0.164595,0.0
32.5154,15.3716,0.000103078,1.0,0.0,0.0
32.5154,15.3716,6.5001,1.0,0.0,0.0
32.5154,14.6284,0.000103078,1.0,0.0,0.0
32.5154,14.6284,0.000103078,1.0,0.0,0.0
32.5154,15.3716,6.5001,1.0,0.0,0.0
32.5154,14.6284,6.5001,1.0,0.0,0.0
32.5154,14.6284,0.000103078,0.986361,0.164595,0.0
32.5154,14.6284,6.5001,0.986361,0.164595,0.0
32.6377,13.8953,0.000103078,0.986361,0.164595,0.0
32.6377,13.8953,0.000103078,0.986361,0.164595,0.0
32.5154,14.6284,6.5001,0.986361,0.164595,0.0
32.6377,13.8953,6.5001,0.986361,0.164595,0.0
32.6377,13.8953,0.000103078,0.945817,0.3247,0.0
32.6377,13.8953,6.5001,0.945817,0.3247,0.0
32.879,13.1924,0.000103078,0.945817,0.3247,0.0
32.879,13.1924,0.000103078,0.945817,0.3247,0.0
32.6377,13.8953,6.5001,0.945817,0.3247,0.0
32.879,13.1924,6.5001,0.945817,0.3247,0.0
32.879,13.1924,0.000103078,0.879472,0.47595,0.0
32.879,13.1924,6.5001,0.879472,0.47595,0.0
33.2328,12.5388,0.000103078,0.879472,0.47595,0.0
33.2328,12.5388,0.000103078,0.879472,0.47595,0.0
32.879,13.1924,6.5001,0.879472,0.47595,0.0
33.2328,12.5388,6.5001,0.879472,0.47595,0.0
33.2328,12.5388,0.000103078,0.789139,0.614214,0.0
33.2328,12.5388,6.5001,0.789139,0.614214,0.0
33.6892,11.9523,0.000103078,0.789139,0.614214,0.0
33.6892,11.9523,0.000103078,0.789139,0.614214,0.0
33.2328,12.5388,6.5001,0.789139,0.614214,0.0
33.6892,11.9523,6.5001,0.789139,0.614214,0.0
33.6892,11.9523,0.000103078,0.677285,0.73572,0.0
33.6892,11.9523,6.5001,0.677285,0.73572,0.0
34.236,11.4489,0.000103078,0.677285,0.73572,0.0
34.236,11.4489,0.000103078,0.677285,0.73572,0.0
33.6892,11.9523,6.5001,0.677285,0.73572,0.0
34.236,11.4489,6.5001,0.677285,0.73572,0.0
34.236,11.4489,0.000103078,0.546947,0.837167,0.0
34.236,11.4489,6.5001,0.546947,0.837167,0.0
34.8582,11.0424,0.000103078,0.546947,0.837167,0.0
34.8582,11.0424,0.000103078,0.546947,0.837167,0.0
34.236,11.4489,6.5001,0.546947,0.837167,0.0
34.8582,11.0424,6.5001,0.546947,0.837167,0.0
34.8582,11.0424,0.000103078,0.401696,0.915773,0.0
34.8582,11.0424,6.5001,0.401696,0.915773,0.0
35.5389,10.7438,0.000103078,0.401696,0.915773,0.0
35.5389,10.7438,0.000103078,0.401696,0.915773,0.0
34.8582,11.0424,6.5001,0.401696,0.915773,0.0
35.5389,10.7438,6.5001,0.401696,0.915773,0.0
35.5389,10.7438,0.000103078,0.245485,0.9694,0.0
35.5389,10.7438,6.5001,0.245485,0.9694,0.0
36.2593,10.5614,0.000103078,0.245485,0.9694,0.0
36.2593,10.5614,0.000103078,0.245485,0.9694,0.0
35.5389,10.7438,6.5001,0.245485,0.9694,0.0
36.2593,10.5614,6.5001,0.245485,0.9694,0.0
36.2593,10.5614,0.000103078,0.0825799,0.996584,0.0
36.2593,10.5614,6.5001,0.0825799,0.996584,0.0
37.0,10.5,0.000103078,0.0825799,0.996584,0.0
37.0,10.5,0.000103078,0.0825799,0.996584,0.0
36.2593,10.5614,6.5001,0.0825799,0.996584,0.0
37.0,10.5,6.5001,0.0825799,0.996584,0.0
100.0,19.5,6.5001,0.0,-1.0,0.0
37.0,19.5,6.5001,0.0,-1.0,0.0
100.0,19.5,0.000103078,0.0,-1.0,0.0
100.0,19.5,0.000103078,0.0,-1.0,0.0
37.0,19.5,6.5001,0.0,-1.0,0.0
37.0,19.5,0.000103078,0.0,-1.0,0.0
100.0,19.5,6.5001,1.0,0.0,0.0
100.0,19.5,0.000103078,1.0,0.0,0.0
100.0,22.5,6.5001,1.0,0.0,0.0
100.0,22.5,6.5001,1.0,0.0,0.0
100.0,19.5,0.000103078,1.0,0.0,0.0
100.0,30.0,0.000103078,1.0,0.0,0.0
100.0,22.5,6.5001,1.0,0.0,0.0
100.0,30.0,0.000103078,1.0,0.0,0.0
100.0,22.5,15.0001,1.0,0.0,0.0
100.0,22.5,15.0001,1.0,0.0,0.0
100.0,30.0,0.000103078,1.0,0.0,0.0
100.0,30.0,15.0001,1.0,0.0,0.0
0.0,30.0,15.0001,0.0,1.0,0.0
100.0,30.0,15.0001,0.0,1.0,0.0
0.0,30.0,0.000103078,0.0,1.0,0.0
0.0,30.0,0.000103078,0.0,1.0,0.0
100.0,30.0,15.0001,0.0,1.0,0.0
100.0,30.0,0.000103078,0.0,1.0,0.0
0.0,2.51457e-05,15.0001,-1.0,0.0,0.0
0.0,30.0,15.0001,-1.0,0.0,0.0
0.0,2.51457e-05,0.000103078,-1.0,0.0,0.0
0.0,2.51457e-05,0.000103078,-1.0,0.0,0.0
0.0,30.0,15.0001,-1.0,0.0,0.0
0.0,30.0,0.000103078,-1.0,0.0,0.0
100.0,2.51457e-05,15.0001,0.0,-1.0,0.0
0.0,2.51457e-05,15.0001,0.0,-1.0,0.0
100.0,2.51457e-05,0.000103078,0.0,-1.0,0.0
100.0,2.51457e-05,0.000103078,0.0,-1.0,0.0
0.0,2.51457e-05,15.0001,0.0,-1.0,0.0
0.0,2.51457e-05,0.000103078,0.0,-1.0,0.0
100.0,7.50002,15.0001,1.0,0.0,0.0
100.0,2.51457e-05,15.0001,1.0,0.0,0.0
100.0,7.50002,6.5001,1.0,0.0,0.0
100.0,7.50002,6.5001,1.0,0.0,0.0
100.0,2.51457e-05,15.0001,1.0,0.0,0.0
100.0,2.51457e-05,0.000103078,1.0,0.0,0.0
100.0,7.50002,6.5001,1.0,0.0,0.0
100.0,2.51457e-05,0.000103078,1.0,0.0,0.0
100.0,10.5,6.5001,1.0,0.0,0.0
100.0,10.5,6.5001,1.0,0.0,0.0
100.0,2.51457e-05,0.000103078,1.0,0.0,0.0
100.0,10.5,0.000103078,1.0,0.0,0.0
14.9028,11.5939,0.000103078,-9.59942e-13,-1.90393e-12,-1.0
15.5086,11.2885,0.000103078,-9.59942e-13,-1.90393e-12,-1.0
0.0,2.51457e-05,0.000103078,-9.59942e-13,-1.90393e-12,-1.0
0.0,2.51457e-05,0.000103078,-6.94679e-13,-2.26836e-12,-1.0
15.5086,11.2885,0.000103078,-6.94679e-13,-2.26836e-12,-1.0
16.1573,11.0898,0.000103078,-6.94679e-13,-2.26836e-12,-1.0
19.3785,18.216,0.000103078,3.64673e-13,5.92268e-13,-1.0
18.8008,18.5717,0.000103078,3.64673e-13,5.92268e-13,-1.0
100.0,30.0,0.000103078,3.64673e-13,5.92268e-13,-1.0
13.0575,14.324,0.000103078,-2.16711e-12,-5.64272e-13,-1.0
13.2285,13.6675,0.000103078,-2.16711e-12,-5.64272e-13,-1.0
0.0,2.51457e-05,0.000103078,-2.16711e-12,-5.64272e-13,-1.0
0.0,2.51457e-05,0.000103078,-1.87461e-12,-8.47378e-13,-1.0
13.2285,13.6675,0.000103078,-1.87461e-12,-8.47378e-13,-1.0
13.5079,13.0492,0.000103078,-1.87461e-12,-8.47378e-13,-1.0
13.5079,13.0492,0.000103078,-1.62936e-12,-1.10126e-12,-1.0
13.8879,12.4871,0.000103078,-1.62936e-12,-1.10126e-12,-1.0
0.0,2.51457e-05,0.000103078,-1.62936e-12,-1.10126e-12,-1.0
0.0,2.51457e-05,0.000103078,-1.40703e-12,-1.34852e-12,-1.0
13.8879,12.4871,0.000103078,-1.40703e-12,-1.34852e-12,-1.0
14.3573,11.9973,0.000103078,-1.40703e-12,-1.34852e-12,-1.0
0.0,2.51457e-05,0.000103078,-1.18971e-12,-1.60859e-12,-1.0
14.3573,11.9973,0.000103078,-1.18971e-12,-1.60859e-12,-1.0
14.9028,11.5939,0.000103078,-1.18971e-12,-1.60859e-12,-1.0
18.8008,11.4283,0.000103078,3.64673e-13,-5.9227e-13,-1.0
19.3785,11.784,0.000103078,3.64673e-13,-5.9227e-13,-1.0
100.0,2.51457e-05,0.000103078,3.64673e-13,-5.9227e-13,-1.0
100.0,2.51457e-05,0.000103078,3.86975e-13,-4.39688e-13,-1.0
19.3785,11.784,0.000103078,3.86975e-13,-4.39688e-13,-1.0
19.8878,12.2323,0.000103078,3.86975e-13,-4.39688e-13,-1.0
100.0,2.51457e-05,0.000103078,4.04269e-13,-3.26425e-13,-1.0
19.8878,12.2323,0.000103078,4.04269e-13,-3.26425e-13,-1.0
20.314,12.7601,0.000103078,4.04269e-13,-3.26425e-13,-1.0
20.314,12.7601,0.000103078,1.35979e-11,8.20669e-11,-1.0
36.2593,10.5614,0.000103078,1.35979e-11,8.20669e-11,-1.0
100.0,2.51457e-05,0.000103078,1.35979e-11,8.20669e-11,-1.0
100.0,2.51457e-05,0.000103078,0.0,0.0,-1.0
36.2593,10.5614,0.000103078,0.0,0.0,-1.0
37.0,10.5,0.000103078,0.0,0.0,-1.0
100.0,2.51457e-05,0.000103078,0.0,0.0,-1.0
37.0,10.5,0.000103078,0.0,0.0,-1.0
100.0,10.5,0.000103078,0.0,0.0,-1.0
17.5081,18.9676,0.000103078,1.5021e-13,3.53592e-12,-1.0
16.8302,18.9964,0.000103078,1.5021e-13,3.53592e-12,-1.0
0.0,30.0,0.000103078,1.5021e-13,3.53592e-12,-1.0
16.8302,18.9964,0.000103078,-3.54034e-13,2.76467e-12,-1.0
16.1573,18.9102,0.000103078,-3.54034e-13,2.76467e-12,-1.0
0.0,30.0,0.000103078,-3.54034e-13,2.76467e-12,-1.0
0.0,30.0,0.000103078,-6.94677e-13,2.26837e-12,-1.0
16.1573,18.9102,0.000103078,-6.94677e-13,2.26837e-12,-1.0
15.5086,18.7116,0.000103078,-6.94677e-13,2.26837e-12,-1.0
0.0,30.0,0.000103078,-9.59944e-13,1.90393e-12,-1.0
15.5086,18.7116,0.000103078,-9.59944e-13,1.90393e-12,-1.0
14.9028,18.4061,0.000103078,-9.59944e-13,1.90393e-12,-1.0
16.1573,11.0898,0.000103078,-3.5403e-13,-2.76467e-12,-1.0
16.8302,11.0036,0.000103078,-3.5403e-13,-2.76467e-12,-1.0
0.0,2.51457e-05,0.000103078,-3.5403e-13,-2.76467e-12,-1.0
0.0,2.51457e-05,0.000103078,1.50205e-13,-3.53591e-12,-1.0
16.8302,11.0036,0.000103078,1.50205e-13,-3.53591e-12,-1.0
17.5081,11.0324,0.000103078,1.50205e-13,-3.53591e-12,-1.0
0.0,2.51457e-05,0.000103078,0.0,-3.29754e-12,-1.0
17.5081,11.0324,0.000103078,0.0,-3.29754e-12,-1.0
100.0,2.51457e-05,0.000103078,0.0,-3.29754e-12,-1.0
100.0,2.51457e-05,0.000103078,2.72136e-13,-1.26271e-12,-1.0
17.5081,11.0324,0.000103078,2.72136e-13,-1.26271e-12,-1.0
18.1713,11.1754,0.000103078,2.72136e-13,-1.26271e-12,-1.0
100.0,2.51457e-05,0.000103078,3.31813e-13,-8.25746e-13,-1.0
18.1713,11.1754,0.000103078,3.31813e-13,-8.25746e-13,-1.0
18.8008,11.4283,0.000103078,3.31813e-13,-8.25746e-13,-1.0
100.0,30.0,0.000103078,0.0,3.18331e-12,-1.0
18.8008,18.5717,0.000103078,0.0,3.18331e-12,-1.0
0.0,30.0,0.000103078,0.0,3.18331e-12,-1.0
0.0,30.0,0.000103078,3.77393e-12,9.39185e-12,-1.0
18.8008,18.5717,0.000103078,3.77393e-12,9.39185e-12,-1.0
18.1713,18.8247,0.000103078,3.77393e-12,9.39185e-12,-1.0
0.0,30.0,0.000103078,1.08008e-12,5.0116e-12,-1.0
18.1713,18.8247,0.000103078,1.08008e-12,5.0116e-12,-1.0
17.5081,18.9676,0.000103078,1.08008e-12,5.0116e-12,-1.0
14.9028,18.4061,0.000103078,-1.18971e-12,1.60859e-12,-1.0
14.3573,18.0027,0.000103078,-1.18971e-12,1.60859e-12,-1.0
0.0,30.0,0.000103078,-1.18971e-12,1.60859e-12,-1.0
0.0,30.0,0.000103078,-1.40703e-12,1.34853e-12,-1.0
14.3573,18.0027,0.000103078,-1.40703e-12,1.34853e-12,-1.0
13.8879,17.5129,0.000103078,-1.40703e-12,1.34853e-12,-1.0
0.0,30.0,0.000103078,-1.62936e-12,1.10126e-12,-1.0
13.8879,17.5129,0.000103078,-1.62936e-12,1.10126e-12,-1.0
13.5079,16.9508,0.000103078,-1.62936e-12,1.10126e-12,-1.0
33.2328,12.5388,0.000103078,3.23934e-12,2.52129e-12,-1.0
33.6892,11.9523,0.000103078,3.23934e-12,2.52129e-12,-1.0
20.8709,13.9921,0.000103078,3.23934e-12,2.52129e-12,-1.0
20.8709,13.9921,0.000103078,3.43126e-12,3.7273e-12,-1.0
33.6892,11.9523,0.000103078,3.43126e-12,3.7273e-12,-1.0
34.236,11.4489,0.000103078,3.43126e-12,3.7273e-12,-1.0
20.8709,13.9921,0.000103078,3.84061e-12,5.8785e-12,-1.0
34.236,11.4489,0.000103078,3.84061e-12,5.8785e-12,-1.0
34.8582,11.0424,0.000103078,3.84061e-12,5.8785e-12,-1.0
20.9856,14.6608,0.000103078,3.15529e-12,0.0,-1.0
20.9856,15.3392,0.000103078,3.15529e-12,0.0,-1.0
32.5154,15.3716,0.000103078,3.15529e-12,0.0,-1.0
20.8709,16.0079,0.000103078,3.43126e-12,-3.72729e-12,-1.0
34.236,18.5512,0.000103078,3.43126e-12,-3.72729e-12,-1.0
33.6892,18.0478,0.000103078,3.43126e-12,-3.72729e-12,-1.0
13.5079,16.9508,0.000103078,-1.87461e-12,8.47378e-13,-1.0
13.2285,16.3326,0.000103078,-1.87461e-12,8.47378e-13,-1.0
0.0,30.0,0.000103078,-1.87461e-12,8.47378e-13,-1.0
0.0,30.0,0.000103078,-2.16711e-12,5.64272e-13,-1.0
13.2285,16.3326,0.000103078,-2.16711e-12,5.64272e-13,-1.0
13.0575,15.676,0.000103078,-2.16711e-12,5.64272e-13,-1.0
0.0,30.0,0.000103078,-2.78611e-12,0.0,-1.0
13.0575,15.676,0.000103078,-2.78611e-12,0.0,-1.0
0.0,2.51457e-05,0.000103078,-2.78611e-12,0.0,-1.0
0.0,2.51457e-05,0.000103078,-3.1032e-12,2.64124e-13,-1.0
13.0575,15.676,0.000103078,-3.1032e-12,2.64124e-13,-1.0
13.0,15.0,0.000103078,-3.1032e-12,2.64124e-13,-1.0
0.0,2.51457e-05,0.000103078,-2.54819e-12,-2.16886e-13,-1.0
13.0,15.0,0.000103078,-2.54819e-12,-2.16886e-13,-1.0
13.0575,14.324,0.000103078,-2.54819e-12,-2.16886e-13,-1.0
32.5154,15.3716,0.000103078,3.15529e-12,0.0,-1.0
32.5154,14.6284,0.000103078,3.15529e-12,0.0,-1.0
20.9856,14.6608,0.000103078,3.15529e-12,0.0,-1.0
20.9856,14.6608,0.000103078,3.15677e-12,5.26774e-13,-1.0
32.5154,14.6284,0.000103078,3.15677e-12,5.26774e-13,-1.0
32.6377,13.8953,0.000103078,3.15677e-12,5.26774e-13,-1.0
20.9856,14.6608,0.000103078,3.08739e-12,-5.29378e-13,-1.0
32.6377,13.8953,0.000103078,3.08739e-12,-5.29378e-13,-1.0
20.8709,13.9921,0.000103078,3.08739e-12,-5.29378e-13,-1.0
20.8709,13.9921,0.000103078,3.10049e-12,1.0644e-12,-1.0
32.6377,13.8953,0.000103078,3.10049e-12,1.0644e-12,-1.0
32.879,13.1924,0.000103078,3.10049e-12,1.0644e-12,-1.0
20.8709,13.9921,0.000103078,3.14288e-12,1.70085e-12,-1.0
32.879,13.1924,0.000103078,3.14288e-12,1.70085e-12,-1.0
33.2328,12.5388,0.000103078,3.14288e-12,1.70085e-12,-1.0
20.314,12.7601,0.000103078,2.11836e-12,-1.18339e-12,-1.0
20.6449,13.3524,0.000103078,2.11836e-12,-1.18339e-12,-1.0
36.2593,10.5614,0.000103078,2.11836e-12,-1.18339e-12,-1.0
36.2593,10.5614,0.000103078,2.19148e-12,-7.74304e-13,-1.0
20.6449,13.3524,0.000103078,2.19148e-12,-7.74304e-13,-1.0
20.8709,13.9921,0.000103078,2.19148e-12,-7.74304e-13,-1.0
36.2593,10.5614,0.000103078,1.97633e-11,7.80436e-11,-1.0
20.8709,13.9921,0.000103078,1.97633e-11,7.80436e-11,-1.0
35.5389,10.7438,0.000103078,1.97633e-11,7.80436e-11,-1.0
35.5389,10.7438,0.000103078,5.00917e-12,1.14197e-11,-1.0
20.8709,13.9921,0.000103078,5.00917e-12,1.14197e-11,-1.0
34.8582,11.0424,0.000103078,5.00917e-12,1.14197e-11,-1.0
36.2593,19.4387,0.000103078,1.97632e-11,-7.80434e-11,-1.0
35.5389,19.2562,0.000103078,1.97632e-11,-7.80434e-11,-1.0
20.8709,16.0079,0.000103078,1.97632e-11,-7.80434e-11,-1.0
20.8709,16.0079,0.000103078,5.00914e-12,-1.14196e-11,-1.0
35.5389,19.2562,0.000103078,5.00914e-12,-1.14196e-11,-1.0
34.8582,18.9577,0.000103078,5.00914e-12,-1.14196e-11,-1.0
20.8709,16.0079,0.000103078,3.84061e-12,-5.87854e-12,-1.0
34.8582,18.9577,0.000103078,3.84061e-12,-5.87854e-12,-1.0
34.236,18.5512,0.000103078,3.84061e-12,-5.87854e-12,-1.0
100.0,19.5,0.000103078,0.0,0.0,-1.0
37.0,19.5,0.000103078,0.0,0.0,-1.0
100.0,30.0,0.000103078,0.0,0.0,-1.0
100.0,30.0,0.000103078,0.0,0.0,-1.0
37.0,19.5,0.000103078,0.0,0.0,-1.0
36.2593,19.4387,0.000103078,0.0,0.0,-1.0
20.8709,16.0079,0.000103078,2.19148e-12,7.74306e-13,-1.0
20.6449,16.6476,0.000103078,2.19148e-12,7.74306e-13,-1.0
36.2593,19.4387,0.000103078,2.19148e-12,7.74306e-13,-1.0
36.2593,19.4387,0.000103078,2.11836e-12,1.18338e-12,-1.0
20.6449,16.6476,0.000103078,2.11836e-12,1.18338e-12,-1.0
20.314,17.2399,0.000103078,2.11836e-12,1.18338e-12,-1.0
36.2593,19.4387,0.000103078,1.35979e-11,-8.20668e-11,-1.0
20.314,17.2399,0.000103078,1.35979e-11,-8.20668e-11,-1.0
100.0,30.0,0.000103078,1.35979e-11,-8.20668e-11,-1.0
100.0,30.0,0.000103078,4.04269e-13,3.26425e-13,-1.0
20.314,17.2399,0.000103078,4.04269e-13,3.26425e-13,-1.0
19.8878,17.7678,0.000103078,4.04269e-13,3.26425e-13,-1.0
100.0,30.0,0.000103078,3.86975e-13,4.39687e-13,-1.0
19.8878,17.7678,0.000103078,3.86975e-13,4.39687e-13,-1.0
19.3785,18.216,0.000103078,3.86975e-13,4.39687e-13,-1.0
33.6892,18.0478,0.000103078,3.23934e-12,-2.5213e-12,-1.0
33.2328,17.4613,0.000103078,3.23934e-12,-2.5213e-12,-1.0
20.8709,16.0079,0.000103078,3.23934e-12,-2.5213e-12,-1.0
20.8709,16.0079,0.000103078,3.14288e-12,-1.70085e-12,-1.0
33.2328,17.4613,0.000103078,3.14288e-12,-1.70085e-12,-1.0
32.879,16.8077,0.000103078,3.14288e-12,-1.70085e-12,-1.0
20.8709,16.0079,0.000103078,2.9954e-12,5.13605e-13,-1.0
32.879,16.8077,0.000103078,2.9954e-12,5.13605e-13,-1.0
20.9856,15.3392,0.000103078,2.9954e-12,5.13605e-13,-1.0
20.9856,15.3392,0.000103078,3.1942e-12,-1.09657e-12,-1.0
32.879,16.8077,0.000103078,3.1942e-12,-1.09657e-12,-1.0
32.6377,16.1047,0.000103078,3.1942e-12,-1.09657e-12,-1.0
20.9856,15.3392,0.000103078,3.15677e-12,-5.26774e-13,-1.0
32.6377,16.1047,0.000103078,3.15677e-12,-5.26774e-13,-1.0
32.5154,15.3716,0.000103078,3.15677e-12,-5.26774e-13,-1.0
