60.0,17.0,30.0001,0.0825795,0.996584,0.0
60.0,17.0,13.0001,0.0825795,0.996584,0.0
57.8603,17.1773,30.0001,0.0825795,0.996584,0.0
57.8603,17.1773,30.0001,0.0825795,0.996584,0.0
60.0,17.0,13.0001,0.0825795,0.996584,0.0
57.8603,17.1773,13.0001,0.0825795,0.996584,0.0
57.8603,17.1773,30.0001,0.245485,0.9694,0.0
57.8603,17.1773,13.0001,0.245485,0.9694,0.0
55.7789,17.7044,30.0001,0.245485,0.9694,0.0
55.7789,17.7044,30.0001,0.245485,0.9694,0.0
57.8603,17.1773,13.0001,0.245485,0.9694,0.0
55.7789,17.7044,13.0001,0.245485,0.9694,0.0
55.7789,17.7044,30.0001,0.401696,0.915773,0.0
55.7789,17.7044,13.0001,0.401696,0.915773,0.0
53.8127,18.5669,30.0001,0.401696,0.915773,0.0
53.8127,18.5669,30.0001,0.401696,0.915773,0.0
55.7789,17.7044,13.0001,0.401696,0.915773,0.0
53.8127,18.5669,13.0001,0.401696,0.915773,0.0
53.8127,18.5669,30.0001,0.546948,0.837166,0.0
53.8127,18.5669,13.0001,0.546948,0.837166,0.0
52.0152,19.7412,30.0001,0.546948,0.837166,0.0
52.0152,19.7412,30.0001,0.546948,0.837166,0.0
53.8127,18.5669,13.0001,0.546948,0.837166,0.0
52.0152,19.7412,13.0001,0.546948,0.837166,0.0
52.0152,19.7412,30.0001,0.677282,0.735723,0.0
52.0152,19.7412,13.0001,0.677282,0.735723,0.0
50.4356,21.1954,30.0001,0.677282,0.735723,0.0
50.4356,21.1954,30.0001,0.677282,0.735723,0.0
52.0152,19.7412,13.0001,0.677282,0.735723,0.0
50.4356,21.1954,13.0001,0.677282,0.735723,0.0
50.4356,21.1954,30.0001,0.789141,0.614212,0.0
50.4356,21.1954,13.0001,0.789141,0.614212,0.0
49.1168,22.8897,30.0001,0.789141,0.614212,0.0
49.1168,22.8897,30.0001,0.789141,0.614212,0.0
50.4356,21.1954,13.0001,0.789141,0.614212,0.0
49.1168,22.8897,13.0001,0.789141,0.614212,0.0
49.1168,22.8897,30.0001,0.879474,0.475947,0.0
49.1168,22.8897,13.0001,0.879474,0.475947,0.0
48.0949,24.778,30.0001,0.879474,0.475947,0.0
48.0949,24.778,30.0001,0.879474,0.475947,0.0
49.1168,22.8897,13.0001,0.879474,0.475947,0.0
48.0949,24.778,13.0001,0.879474,0.475947,0.0
48.0949,24.778,30.0001,0.945817,0.3247,0.0
48.0949,24.778,13.0001,0.945817,0.3247,0.0
47.3978,26.8087,30.0001,0.945817,0.3247,0.0
47.3978,26.8087,30.0001,0.945817,0.3247,0.0
48.0949,24.778,13.0001,0.945817,0.3247,0.0
47.3978,26.8087,13.0001,0.945817,0.3247,0.0
47.3978,26.8087,30.0001,0.986361,0.164596,0.0
47.3978,26.8087,13.0001,0.986361,0.164596,0.0
47.0444,28.9265,30.0001,0.986361,0.164596,0.0
47.0444,28.9265,30.0001,0.986361,0.164596,0.0
47.3978,26.8087,13.0001,0.986361,0.164596,0.0
47.0444,28.9265,13.0001,0.986361,0.164596,0.0
47.0444,28.9265,30.0001,1.0,0.0,0.0
47.0444,28.9265,13.0001,1.0,0.0,0.0
47.0444,31.0736,30.0001,1.0,0.0,0.0
47.0444,31.0736,30.0001,1.0,0.0,0.0
47.0444,28.9265,13.0001,1.0,0.0,0.0
47.0444,31.0736,13.0001,1.0,0.0,0.0
47.0444,31.0736,30.0001,0.986361,-0.164596,0.0
47.0444,31.0736,13.0001,0.986361,-0.164596,0.0
47.3978,33.1913,30.0001,0.986361,-0.164596,0.0
47.3978,33.1913,30.0001,0.986361,-0.164596,0.0
47.0444,31.0736,13.0001,0.986361,-0.164596,0.0
47.3978,33.1913,13.0001,0.986361,-0.164596,0.0
47.3978,33.1913,30.0001,0.945817,-0.3247,0.0
47.3978,33.1913,13.0001,0.945817,-0.3247,0.0
48.0949,35.2221,30.0001,0.945817,-0.3247,0.0
48.0949,35.2221,30.0001,0.945817,-0.3247,0.0
47.3978,33.1913,13.0001,0.945817,-0.3247,0.0
48.0949,35.2221,13.0001,0.945817,-0.3247,0.0
48.0949,35.2221,30.0001,0.879474,-0.475947,0.0
48.0949,35.2221,13.0001,0.879474,-0.475947,0.0
49.1168,37.1104,30.0001,0.879474,-0.475947,0.0
49.1168,37.1104,30.0001,0.879474,-0.475947,0.0
48.0949,35.2221,13.0001,0.879474,-0.475947,0.0
49.1168,37.1104,13.0001,0.879474,-0.475947,0.0
49.1168,37.1104,30.0001,0.789141,-0.614212,0.0
49.1168,37.1104,13.0001,0.789141,-0.614212,0.0
50.4356,38.8047,30.0001,0.789141,-0.614212,0.0
50.4356,38.8047,30.0001,0.789141,-0.614212,0.0
49.1168,37.1104,13.0001,0.789141,-0.614212,0.0
50.4356,38.8047,13.0001,0.789141,-0.614212,0.0
50.4356,38.8047,30.0001,0.677281,-0.735724,0.0
50.4356,38.8047,13.0001,0.677281,-0.735724,0.0
52.0152,40.2589,30.0001,0.677281,-0.735724,0.0
52.0152,40.2589,30.0001,0.677281,-0.735724,0.0
50.4356,38.8047,13.0001,0.677281,-0.735724,0.0
52.0152,40.2589,13.0001,0.677281,-0.735724,0.0
52.0152,40.2589,30.0001,0.546949,-0.837166,0.0
52.0152,40.2589,13.0001,0.546949,-0.837166,0.0
53.8127,41.4332,30.0001,0.546949,-0.837166,0.0
53.8127,41.4332,30.0001,0.546949,-0.837166,0.0
52.0152,40.2589,13.0001,0.546949,-0.837166,0.0
53.8127,41.4332,13.0001,0.546949,-0.837166,0.0
53.8127,41.4332,30.0001,0.401696,-0.915773,0.0
53.8127,41.4332,13.0001,0.401696,-0.915773,0.0
55.7789,42.2957,30.0001,0.401696,-0.915773,0.0
55.7789,42.2957,30.0001,0.401696,-0.915773,0.0
53.8127,41.4332,13.0001,0.401696,-0.915773,0.0
55.7789,42.2957,13.0001,0.401696,-0.915773,0.0
55.7789,42.2957,30.0001,0.245485,-0.9694,0.0
55.7789,42.2957,13.0001,0.245485,-0.9694,0.0
57.8603,42.8227,30.0001,0.245485,-0.9694,0.0
57.8603,42.8227,30.0001,0.245485,-0.9694,0.0
55.7789,42.2957,13.0001,0.245485,-0.9694,0.0
57.8603,42.8227,13.0001,0.245485,-0.9694,0.0
57.8603,42.8227,30.0001,0.0825795,-0.996584,0.0
57.8603,42.8227,13.0001,0.0825795,-0.996584,0.0
60.0,43.0,30.0001,0.0825795,-0.996584,0.0
60.0,43.0,30.0001,0.0825795,-0.996584,0.0
57.8603,42.8227,13.0001,0.0825795,-0.996584,0.0
60.0,43.0,13.0001,0.0825795,-0.996584,0.0
36.9748,29.4064,0.577453,-0.996397,0.0848062,-0.00085704
36.8993,28.817,30.0001,-0.996397,0.0848062,-0.00085704
37.0,30.0,30.0001,-0.996397,0.0848062,-0.00085704
36.9748,29.4064,0.577453,-0.985615,0.169002,0.000857133
36.8745,28.8213,0.577453,-0.985615,0.169002,0.000857133
36.8993,28.817,30.0001,-0.985615,0.169002,0.000857133
36.8993,28.817,30.0001,-0.985615,0.169002,0.000857133
36.8745,28.8213,0.577453,-0.985615,0.169002,0.000857133
36.7741,28.2362,0.577453,-0.985615,0.169002,0.000857133
36.8993,28.817,30.0001,-0.967733,0.251977,-0.000856976
36.7741,28.2362,0.577453,-0.967733,0.251977,-0.000856976
36.6001,27.668,30.0001,-0.967733,0.251977,-0.000856976
36.7741,28.2362,0.577453,-0.942877,0.33314,0.00085721
36.5764,27.6764,0.577453,-0.942877,0.33314,0.00085721
36.6001,27.668,30.0001,-0.942877,0.33314,0.00085721
36.6001,27.668,30.0001,-0.942879,0.333133,0.00085721
36.5764,27.6764,0.577453,-0.942879,0.333133,0.00085721
36.3786,27.1167,0.577453,-0.942879,0.333133,0.00085721
36.6001,27.668,30.0001,-0.911228,0.411902,-0.000857108
36.3786,27.1167,0.577453,-0.911228,0.411902,-0.000857108
36.1111,26.5862,30.0001,-0.911228,0.411902,-0.000857108
36.3786,27.1167,0.577453,-0.873011,0.4877,0.000857175
36.0891,26.5985,0.577453,-0.873011,0.4877,0.000857175
36.1111,26.5862,30.0001,-0.873011,0.4877,0.000857175
36.1111,26.5862,30.0001,-0.873016,0.487691,0.000857175
36.0891,26.5985,0.577453,-0.873016,0.487691,0.000857175
35.7996,26.0802,0.577453,-0.873016,0.487691,0.000857175
36.1111,26.5862,30.0001,-0.828508,0.559977,-0.000857134
35.7996,26.0802,0.577453,-0.828508,0.559977,-0.000857134
35.4462,25.6025,30.0001,-0.828508,0.559977,-0.000857134
35.7996,26.0802,0.577453,-0.778033,0.628223,0.000857054
35.4266,25.6183,0.577453,-0.778033,0.628223,0.000857054
35.4462,25.6025,30.0001,-0.778033,0.628223,0.000857054
35.4462,25.6025,30.0001,-0.778036,0.628219,0.000857054
35.4266,25.6183,0.577453,-0.778036,0.628219,0.000857054
35.0537,25.1565,0.577453,-0.778036,0.628219,0.000857054
35.4462,25.6025,30.0001,-0.721957,0.691938,-0.000857105
35.0537,25.1565,0.577453,-0.721957,0.691938,-0.000857105
34.6247,24.7453,30.0001,-0.721957,0.691938,-0.000857105
35.0537,25.1565,0.577453,-0.660676,0.750671,0.000857047
34.6081,24.7642,0.577453,-0.660676,0.750671,0.000857047
34.6247,24.7453,30.0001,-0.660676,0.750671,0.000857047
34.6247,24.7453,30.0001,-0.660676,0.750671,0.000857047
34.6081,24.7642,0.577453,-0.660676,0.750671,0.000857047
34.1624,24.372,0.577453,-0.660676,0.750671,0.000857047
34.6247,24.7453,30.0001,-0.594634,0.803996,-0.000857107
34.1624,24.372,0.577453,-0.594634,0.803996,-0.000857107
33.6702,24.0393,30.0001,-0.594634,0.803996,-0.000857107
34.1624,24.372,0.577453,-0.524306,0.851529,0.000857119
33.6569,24.0608,0.577453,-0.524306,0.851529,0.000857119
33.6702,24.0393,30.0001,-0.524306,0.851529,0.000857119
33.6702,24.0393,30.0001,-0.524304,0.851531,0.000857119
33.6569,24.0608,0.577453,-0.524304,0.851531,0.000857119
33.1514,23.7495,0.577453,-0.524304,0.851531,0.000857119
33.6702,24.0393,30.0001,-0.450204,0.892925,-0.00085695
33.1514,23.7495,0.577453,-0.450204,0.892925,-0.00085695
32.61,23.5048,30.0001,-0.450204,0.892925,-0.00085695
33.1514,23.7495,0.577453,-0.372859,0.927888,0.000857157
32.6006,23.5282,0.577453,-0.372859,0.927888,0.000857157
32.61,23.5048,30.0001,-0.372859,0.927888,0.000857157
32.61,23.5048,30.0001,-0.372857,0.927888,0.000857157
32.6006,23.5282,0.577453,-0.372857,0.927888,0.000857157
32.0498,23.3069,0.577453,-0.372857,0.927888,0.000857157
32.61,23.5048,30.0001,-0.292821,0.956167,-0.000857056
32.0498,23.3069,0.577453,-0.292821,0.956167,-0.000857056
31.4748,23.1571,30.0001,-0.292821,0.956167,-0.000857056
32.0498,23.3069,0.577453,-0.210678,0.977555,0.000857104
31.4694,23.1818,0.577453,-0.210678,0.977555,0.000857104
31.4748,23.1571,30.0001,-0.210678,0.977555,0.000857104
31.4748,23.1571,30.0001,-0.21068,0.977555,0.000857104
31.4694,23.1818,0.577453,-0.21068,0.977555,0.000857104
30.8891,23.0567,0.577453,-0.21068,0.977555,0.000857104
31.4748,23.1571,30.0001,-0.127018,0.9919,-0.00085707
30.8891,23.0567,0.577453,-0.127018,0.9919,-0.00085707
30.2971,23.0063,30.0001,-0.127018,0.9919,-0.00085707
30.8891,23.0567,0.577453,-0.0424433,0.999099,0.000857054
30.296,23.0315,0.577453,-0.0424433,0.999099,0.000857054
30.2971,23.0063,30.0001,-0.0424433,0.999099,0.000857054
30.2971,23.0063,30.0001,-0.04244,0.999099,0.000857054
30.296,23.0315,0.577453,-0.04244,0.999099,0.000857054
29.7029,23.0063,0.577453,-0.04244,0.999099,0.000857054
30.2971,23.0063,30.0001,0.0424417,0.999099,-0.000857087
29.7029,23.0063,0.577453,0.0424417,0.999099,-0.000857087
29.1109,23.0567,30.0001,0.0424417,0.999099,-0.000857087
29.7029,23.0063,0.577453,0.127018,0.9919,0.000857065
29.1141,23.0817,0.577453,0.127018,0.9919,0.000857065
29.1109,23.0567,30.0001,0.127018,0.9919,0.000857065
29.1109,23.0567,30.0001,0.127018,0.9919,0.000857065
29.1141,23.0817,0.577453,0.127018,0.9919,0.000857065
28.5252,23.1571,0.577453,0.127018,0.9919,0.000857065
29.1109,23.0567,30.0001,0.210679,0.977555,-0.000857086
28.5252,23.1571,0.577453,0.210679,0.977555,-0.000857086
27.9502,23.3069,30.0001,0.210679,0.977555,-0.000857086
28.5252,23.1571,0.577453,0.292823,0.956166,0.000857087
27.9576,23.331,0.577453,0.292823,0.956166,0.000857087
27.9502,23.3069,30.0001,0.292823,0.956166,0.000857087
27.9502,23.3069,30.0001,0.29282,0.956167,0.000857087
27.9576,23.331,0.577453,0.29282,0.956167,0.000857087
27.39,23.5048,0.577453,0.29282,0.956167,0.000857087
27.9502,23.3069,30.0001,0.372858,0.927888,-0.000857169
27.39,23.5048,0.577453,0.372858,0.927888,-0.000857169
26.8486,23.7495,30.0001,0.372858,0.927888,-0.000857169
27.39,23.5048,0.577453,0.450204,0.892925,0.000856979
26.8599,23.7721,0.577453,0.450204,0.892925,0.000856979
26.8486,23.7495,30.0001,0.450204,0.892925,0.000856979
26.8486,23.7495,30.0001,0.450204,0.892925,0.000856979
26.8599,23.7721,0.577453,0.450204,0.892925,0.000856979
26.3298,24.0393,0.577453,0.450204,0.892925,0.000856979
26.8486,23.7495,30.0001,0.524306,0.85153,-0.000857129
26.3298,24.0393,0.577453,0.524306,0.85153,-0.000857129
25.8376,24.372,30.0001,0.524306,0.85153,-0.000857129
26.3298,24.0393,0.577453,0.594634,0.803996,0.000857095
25.8526,24.3923,0.577453,0.594634,0.803996,0.000857095
25.8376,24.372,30.0001,0.594634,0.803996,0.000857095
25.8376,24.372,30.0001,0.594633,0.803997,0.000857095
25.8526,24.3923,0.577453,0.594633,0.803997,0.000857095
25.3753,24.7453,0.577453,0.594633,0.803997,0.000857095
25.8376,24.372,30.0001,0.660675,0.750672,-0.000857068
25.3753,24.7453,0.577453,0.660675,0.750672,-0.000857068
24.9463,25.1565,30.0001,0.660675,0.750672,-0.000857068
25.3753,24.7453,0.577453,0.721957,0.691938,0.000857105
24.9645,25.1739,0.577453,0.721957,0.691938,0.000857105
24.9463,25.1565,30.0001,0.721957,0.691938,0.000857105
24.9463,25.1565,30.0001,0.721955,0.69194,0.000857105
24.9645,25.1739,0.577453,0.721955,0.69194,0.000857105
24.5537,25.6025,0.577453,0.721955,0.69194,0.000857105
24.9463,25.1565,30.0001,0.778035,0.62822,-0.000857079
24.5537,25.6025,0.577453,0.778035,0.62822,-0.000857079
24.2004,26.0802,30.0001,0.778035,0.62822,-0.000857079
24.5537,25.6025,0.577453,0.828509,0.559975,0.000857062
24.2213,26.0943,0.577453,0.828509,0.559975,0.000857062
24.2004,26.0802,30.0001,0.828509,0.559975,0.000857062
24.2004,26.0802,30.0001,0.82851,0.559974,0.000857062
24.2213,26.0943,0.577453,0.82851,0.559974,0.000857062
23.8889,26.5862,0.577453,0.82851,0.559974,0.000857062
24.2004,26.0802,30.0001,0.873013,0.487696,-0.000857062
23.8889,26.5862,0.577453,0.873013,0.487696,-0.000857062
23.6214,27.1167,30.0001,0.873013,0.487696,-0.000857062
23.8889,26.5862,0.577453,0.911228,0.411902,0.000857108
23.6444,27.1271,0.577453,0.911228,0.411902,0.000857108
23.6214,27.1167,30.0001,0.911228,0.411902,0.000857108
23.6214,27.1167,30.0001,0.911229,0.411899,0.000857108
23.6444,27.1271,0.577453,0.911229,0.411899,0.000857108
23.3999,27.668,0.577453,0.911229,0.411899,0.000857108
23.6214,27.1167,30.0001,0.942877,0.333139,-0.000857016
23.3999,27.668,0.577453,0.942877,0.333139,-0.000857016
23.2259,28.2362,30.0001,0.942877,0.333139,-0.000857016
23.3999,27.668,0.577453,0.967732,0.251979,0.00085711
23.2503,28.2425,0.577453,0.967732,0.251979,0.00085711
23.2259,28.2362,30.0001,0.967732,0.251979,0.00085711
23.2259,28.2362,30.0001,0.967733,0.251977,0.00085711
23.2503,28.2425,0.577453,0.967733,0.251977,0.00085711
23.1007,28.817,0.577453,0.967733,0.251977,0.00085711
23.2259,28.2362,30.0001,0.985616,0.169,-0.000857038
23.1007,28.817,0.577453,0.985616,0.169,-0.000857038
23.0252,29.4064,30.0001,0.985616,0.169,-0.000857038
23.1007,28.817,0.577453,0.996397,0.0848064,0.000857102
23.0503,29.4085,0.577453,0.996397,0.0848064,0.000857102
23.0252,29.4064,30.0001,0.996397,0.0848064,0.000857102
23.0252,29.4064,30.0001,0.996397,0.0848093,0.000857102
23.0503,29.4085,0.577453,0.996397,0.0848093,0.000857102
23.0,30.0,0.577453,0.996397,0.0848093,0.000857102
23.0252,29.4064,30.0001,1.0,0.0,-0.000857127
23.0,30.0,0.577453,1.0,0.0,-0.000857127
23.0252,30.5937,30.0001,1.0,0.0,-0.000857127
23.0,30.0,0.577453,0.996397,-0.0848093,0.000857107
23.0503,30.5915,0.577453,0.996397,-0.0848093,0.000857107
23.0252,30.5937,30.0001,0.996397,-0.0848093,0.000857107
23.0252,30.5937,30.0001,0.996397,-0.0848061,0.000857107
23.0503,30.5915,0.577453,0.996397,-0.0848061,0.000857107
23.1007,31.183,0.577453,0.996397,-0.0848061,0.000857107
23.0252,30.5937,30.0001,0.985616,-0.169001,-0.000857043
23.1007,31.183,0.577453,0.985616,-0.169001,-0.000857043
23.2259,31.7639,30.0001,0.985616,-0.169001,-0.000857043
23.1007,31.183,0.577453,0.967733,-0.251976,0.000857077
23.2503,31.7575,0.577453,0.967733,-0.251976,0.000857077
23.2259,31.7639,30.0001,0.967733,-0.251976,0.000857077
23.2259,31.7639,30.0001,0.967732,-0.25198,0.000857077
23.2503,31.7575,0.577453,0.967732,-0.25198,0.000857077
23.3999,32.332,0.577453,0.967732,-0.25198,0.000857077
23.2259,31.7639,30.0001,0.942877,-0.333139,-0.000857027
23.3999,32.332,0.577453,0.942877,-0.333139,-0.000857027
23.6214,32.8833,30.0001,0.942877,-0.333139,-0.000857027
23.3999,32.332,0.577453,0.911228,-0.411901,0.000857161
23.6444,32.8729,0.577453,0.911228,-0.411901,0.000857161
23.6214,32.8833,30.0001,0.911228,-0.411901,0.000857161
23.6214,32.8833,30.0001,0.911229,-0.411899,0.000857161
23.6444,32.8729,0.577453,0.911229,-0.411899,0.000857161
23.8889,33.4139,0.577453,0.911229,-0.411899,0.000857161
23.6214,32.8833,30.0001,0.873013,-0.487696,-0.000857062
23.8889,33.4139,0.577453,0.873013,-0.487696,-0.000857062
24.2004,33.9198,30.0001,0.873013,-0.487696,-0.000857062
23.8889,33.4139,0.577453,0.828511,-0.559972,0.000857025
24.2213,33.9057,0.577453,0.828511,-0.559972,0.000857025
24.2004,33.9198,30.0001,0.828511,-0.559972,0.000857025
24.2004,33.9198,30.0001,0.828507,-0.559978,0.000857025
24.2213,33.9057,0.577453,0.828507,-0.559978,0.000857025
24.5537,34.3976,0.577453,0.828507,-0.559978,0.000857025
24.2004,33.9198,30.0001,0.778035,-0.62822,-0.000857039
24.5537,34.3976,0.577453,0.778035,-0.62822,-0.000857039
24.9463,34.8436,30.0001,0.778035,-0.62822,-0.000857039
24.5537,34.3976,0.577453,0.721957,-0.691938,0.000857105
24.9645,34.8261,0.577453,0.721957,-0.691938,0.000857105
24.9463,34.8436,30.0001,0.721957,-0.691938,0.000857105
24.9463,34.8436,30.0001,0.721955,-0.691939,0.000857105
24.9645,34.8261,0.577453,0.721955,-0.691939,0.000857105
25.3753,35.2547,0.577453,0.721955,-0.691939,0.000857105
24.9463,34.8436,30.0001,0.660675,-0.750672,-0.000857019
25.3753,35.2547,0.577453,0.660675,-0.750672,-0.000857019
25.8376,35.628,30.0001,0.660675,-0.750672,-0.000857019
25.3753,35.2547,0.577453,0.594635,-0.803995,0.000857095
25.8526,35.6077,0.577453,0.594635,-0.803995,0.000857095
25.8376,35.628,30.0001,0.594635,-0.803995,0.000857095
25.8376,35.628,30.0001,0.594634,-0.803996,0.000857095
25.8526,35.6077,0.577453,0.594634,-0.803996,0.000857095
26.3298,35.9607,0.577453,0.594634,-0.803996,0.000857095
25.8376,35.628,30.0001,0.524307,-0.851529,-0.000857102
26.3298,35.9607,0.577453,0.524307,-0.851529,-0.000857102
26.8486,36.2505,30.0001,0.524307,-0.851529,-0.000857102
26.3298,35.9607,0.577453,0.450202,-0.892927,0.000857095
26.8599,36.228,0.577453,0.450202,-0.892927,0.000857095
26.8486,36.2505,30.0001,0.450202,-0.892927,0.000857095
26.8486,36.2505,30.0001,0.450207,-0.892924,0.000857095
26.8599,36.228,0.577453,0.450207,-0.892924,0.000857095
27.39,36.4953,0.577453,0.450207,-0.892924,0.000857095
26.8486,36.2505,30.0001,0.372855,-0.927889,-0.000857169
27.39,36.4953,0.577453,0.372855,-0.927889,-0.000857169
27.9502,36.6932,30.0001,0.372855,-0.927889,-0.000857169
27.39,36.4953,0.577453,0.292817,-0.956168,0.000857087
27.9576,36.6691,0.577453,0.292817,-0.956168,0.000857087
27.9502,36.6932,30.0001,0.292817,-0.956168,0.000857087
27.9502,36.6932,30.0001,0.292823,-0.956166,0.000857087
27.9576,36.6691,0.577453,0.292823,-0.956166,0.000857087
28.5252,36.8429,0.577453,0.292823,-0.956166,0.000857087
27.9502,36.6932,30.0001,0.210681,-0.977555,-0.000857054
28.5252,36.8429,0.577453,0.210681,-0.977555,-0.000857054
29.1109,36.9433,30.0001,0.210681,-0.977555,-0.000857054
28.5252,36.8429,0.577453,0.127021,-0.9919,0.000857065
29.1141,36.9183,0.577453,0.127021,-0.9919,0.000857065
29.1109,36.9433,30.0001,0.127021,-0.9919,0.000857065
29.1109,36.9433,30.0001,0.127021,-0.9919,0.000857065
29.1141,36.9183,0.577453,0.127021,-0.9919,0.000857065
29.7029,36.9937,0.577453,0.127021,-0.9919,0.000857065
29.1109,36.9433,30.0001,0.0424433,-0.999099,-0.00085712
29.7029,36.9937,0.577453,0.0424433,-0.999099,-0.00085712
30.2971,36.9937,30.0001,0.0424433,-0.999099,-0.00085712
29.7029,36.9937,0.577453,-0.0424496,-0.999098,0.000857248
30.296,36.9685,0.577453,-0.0424496,-0.999098,0.000857248
30.2971,36.9937,30.0001,-0.0424496,-0.999098,0.000857248
30.2971,36.9937,30.0001,-0.0424369,-0.999099,0.000857248
30.296,36.9685,0.577453,-0.0424369,-0.999099,0.000857248
30.8891,36.9433,0.577453,-0.0424369,-0.999099,0.000857248
30.2971,36.9937,30.0001,-0.127021,-0.9919,-0.00085707
30.8891,36.9433,0.577453,-0.127021,-0.9919,-0.00085707
31.4748,36.8429,30.0001,-0.127021,-0.9919,-0.00085707
30.8891,36.9433,0.577453,-0.21068,-0.977555,0.000857041
31.4694,36.8183,0.577453,-0.21068,-0.977555,0.000857041
31.4748,36.8429,30.0001,-0.21068,-0.977555,0.000857041
31.4748,36.8429,30.0001,-0.210681,-0.977555,0.000857041
31.4694,36.8183,0.577453,-0.210681,-0.977555,0.000857041
32.0498,36.6932,0.577453,-0.210681,-0.977555,0.000857041
31.4748,36.8429,30.0001,-0.29282,-0.956167,-0.000857025
32.0498,36.6932,0.577453,-0.29282,-0.956167,-0.000857025
32.61,36.4953,30.0001,-0.29282,-0.956167,-0.000857025
32.0498,36.6932,0.577453,-0.372851,-0.927891,0.000857097
32.6006,36.4719,0.577453,-0.372851,-0.927891,0.000857097
32.61,36.4953,30.0001,-0.372851,-0.927891,0.000857097
32.61,36.4953,30.0001,-0.372859,-0.927888,0.000857097
32.6006,36.4719,0.577453,-0.372859,-0.927888,0.000857097
33.1514,36.2505,0.577453,-0.372859,-0.927888,0.000857097
32.61,36.4953,30.0001,-0.450204,-0.892925,-0.000857008
33.1514,36.2505,0.577453,-0.450204,-0.892925,-0.000857008
33.6702,35.9607,30.0001,-0.450204,-0.892925,-0.000857008
33.1514,36.2505,0.577453,-0.524308,-0.851528,0.000857174
33.6569,35.9393,0.577453,-0.524308,-0.851528,0.000857174
33.6702,35.9607,30.0001,-0.524308,-0.851528,0.000857174
33.6702,35.9607,30.0001,-0.524304,-0.851531,0.000857174
33.6569,35.9393,0.577453,-0.524304,-0.851531,0.000857174
34.1624,35.628,0.577453,-0.524304,-0.851531,0.000857174
33.6702,35.9607,30.0001,-0.594635,-0.803995,-0.000857133
34.1624,35.628,0.577453,-0.594635,-0.803995,-0.000857133
34.6247,35.2547,30.0001,-0.594635,-0.803995,-0.000857133
34.1624,35.628,0.577453,-0.660676,-0.750671,0.000856998
34.6081,35.2358,0.577453,-0.660676,-0.750671,0.000856998
34.6247,35.2547,30.0001,-0.660676,-0.750671,0.000856998
34.6247,35.2547,30.0001,-0.660676,-0.750671,0.000856998
34.6081,35.2358,0.577453,-0.660676,-0.750671,0.000856998
35.0537,34.8436,0.577453,-0.660676,-0.750671,0.000856998
34.6247,35.2547,30.0001,-0.721957,-0.691938,-0.000857149
35.0537,34.8436,0.577453,-0.721957,-0.691938,-0.000857149
35.4462,34.3976,30.0001,-0.721957,-0.691938,-0.000857149
35.0537,34.8436,0.577453,-0.778035,-0.62822,0.000856973
35.4266,34.3817,0.577453,-0.778035,-0.62822,0.000856973
35.4462,34.3976,30.0001,-0.778035,-0.62822,0.000856973
35.4462,34.3976,30.0001,-0.778034,-0.628221,0.000856973
35.4266,34.3817,0.577453,-0.778034,-0.628221,0.000856973
35.7996,33.9198,0.577453,-0.778034,-0.628221,0.000856973
35.4462,34.3976,30.0001,-0.828507,-0.559978,-0.000857152
35.7996,33.9198,0.577453,-0.828507,-0.559978,-0.000857152
36.1111,33.4139,30.0001,-0.828507,-0.559978,-0.000857152
35.7996,33.9198,0.577453,-0.873018,-0.487688,0.000857238
36.0891,33.4016,0.577453,-0.873018,-0.487688,0.000857238
36.1111,33.4139,30.0001,-0.873018,-0.487688,0.000857238
36.1111,33.4139,30.0001,-0.873009,-0.487703,0.000857238
36.0891,33.4016,0.577453,-0.873009,-0.487703,0.000857238
36.3786,32.8833,0.577453,-0.873009,-0.487703,0.000857238
36.1111,33.4139,30.0001,-0.911228,-0.411902,-0.000857108
36.3786,32.8833,0.577453,-0.911228,-0.411902,-0.000857108
36.6001,32.332,30.0001,-0.911228,-0.411902,-0.000857108
36.3786,32.8833,0.577453,-0.94288,-0.333132,0.000857232
36.5764,32.3236,0.577453,-0.94288,-0.333132,0.000857232
36.6001,32.332,30.0001,-0.94288,-0.333132,0.000857232
36.6001,32.332,30.0001,-0.942877,-0.33314,0.000857232
36.5764,32.3236,0.577453,-0.942877,-0.33314,0.000857232
36.7741,31.7639,0.577453,-0.942877,-0.33314,0.000857232
36.6001,32.332,30.0001,-0.967733,-0.251977,-0.00085696
36.7741,31.7639,0.577453,-0.967733,-0.251977,-0.00085696
36.8993,31.183,30.0001,-0.967733,-0.251977,-0.00085696
36.7741,31.7639,0.577453,-0.985615,-0.169002,0.000857144
36.8745,31.1788,0.577453,-0.985615,-0.169002,0.000857144
36.8993,31.183,30.0001,-0.985615,-0.169002,0.000857144
36.8993,31.183,30.0001,-0.985615,-0.169002,0.000857144
36.8745,31.1788,0.577453,-0.985615,-0.169002,0.000857144
36.9748,30.5937,0.577453,-0.985615,-0.169002,0.000857144
36.8993,31.183,30.0001,-0.996397,-0.0848061,-0.000857043
36.9748,30.5937,0.577453,-0.996397,-0.0848061,-0.000857043
37.0,30.0,30.0001,-0.996397,-0.0848061,-0.000857043
37.0,30.0,30.0001,-1.0,0.0,0.000857127
36.9748,30.5937,0.577453,-1.0,0.0,0.000857127
36.9748,30.0,0.577453,-1.0,0.0,0.000857127
37.0,30.0,30.0001,-1.0,0.0,0.000857127
36.9748,30.0,0.577453,-1.0,0.0,0.000857127
36.9748,29.4064,0.577453,-1.0,0.0,0.000857127
60.0,43.0,30.0001,0.0,-1.0,0.0
60.0,43.0,13.0001,0.0,-1.0,0.0
140.0,43.0,30.0001,0.0,-1.0,0.0
140.0,43.0,30.0001,0.0,-1.0,0.0
60.0,43.0,13.0001,0.0,-1.0,0.0
140.0,43.0,13.0001,0.0,-1.0,0.0
140.0,17.0,30.0001,0.0,1.0,0.0
140.0,17.0,13.0001,0.0,1.0,0.0
60.0,17.0,30.0001,0.0,1.0,0.0
60.0,17.0,30.0001,0.0,1.0,0.0
140.0,17.0,13.0001,0.0,1.0,0.0
60.0,17.0,13.0001,0.0,1.0,0.0
25.8376,24.372,30.0001,0.0,0.0,1.0
24.9463,25.1565,30.0001,0.0,0.0,1.0
0.0,2.6077e-05,30.0001,0.0,0.0,1.0
0.0,2.6077e-05,30.0001,0.0,0.0,1.0
24.9463,25.1565,30.0001,0.0,0.0,1.0
24.2004,26.0802,30.0001,0.0,0.0,1.0
0.0,2.6077e-05,30.0001,0.0,0.0,1.0
24.2004,26.0802,30.0001,0.0,0.0,1.0
23.6214,27.1167,30.0001,0.0,0.0,1.0
36.8993,28.817,30.0001,0.0,0.0,1.0
47.0444,28.9265,30.0001,0.0,0.0,1.0
37.0,30.0,30.0001,0.0,0.0,1.0
37.0,30.0,30.0001,0.0,0.0,1.0
47.0444,28.9265,30.0001,0.0,0.0,1.0
47.0444,31.0736,30.0001,0.0,0.0,1.0
37.0,30.0,30.0001,0.0,0.0,1.0
47.0444,31.0736,30.0001,0.0,0.0,1.0
36.8993,31.183,30.0001,0.0,0.0,1.0
36.8993,31.183,30.0001,0.0,0.0,1.0
47.0444,31.0736,30.0001,0.0,0.0,1.0
47.3978,33.1913,30.0001,0.0,0.0,1.0
36.8993,31.183,30.0001,0.0,0.0,1.0
47.3978,33.1913,30.0001,0.0,0.0,1.0
36.6001,32.332,30.0001,0.0,0.0,1.0
34.6247,24.7453,30.0001,0.0,0.0,1.0
55.7789,17.7044,30.0001,0.0,0.0,1.0
35.4462,25.6025,30.0001,0.0,0.0,1.0
35.4462,25.6025,30.0001,0.0,0.0,1.0
55.7789,17.7044,30.0001,0.0,0.0,1.0
53.8127,18.5669,30.0001,0.0,0.0,1.0
35.4462,25.6025,30.0001,0.0,0.0,1.0
53.8127,18.5669,30.0001,0.0,0.0,1.0
36.1111,26.5862,30.0001,0.0,0.0,1.0
0.0,2.6077e-05,30.0001,0.0,0.0,1.0
30.2971,23.0063,30.0001,0.0,0.0,1.0
29.1109,23.0567,30.0001,0.0,0.0,1.0
23.6214,27.1167,30.0001,0.0,0.0,1.0
23.2259,28.2362,30.0001,0.0,0.0,1.0
0.0,2.6077e-05,30.0001,0.0,0.0,1.0
0.0,2.6077e-05,30.0001,0.0,0.0,1.0
23.2259,28.2362,30.0001,0.0,0.0,1.0
23.0252,29.4064,30.0001,0.0,0.0,1.0
0.0,2.6077e-05,30.0001,0.0,0.0,1.0
23.0252,29.4064,30.0001,0.0,0.0,1.0
0.0,60.0,30.0001,0.0,0.0,1.0
0.0,60.0,30.0001,0.0,0.0,1.0
23.0252,29.4064,30.0001,0.0,0.0,1.0
23.0252,30.5937,30.0001,0.0,0.0,1.0
0.0,60.0,30.0001,0.0,0.0,1.0
23.0252,30.5937,30.0001,0.0,0.0,1.0
23.2259,31.7639,30.0001,0.0,0.0,1.0
47.3978,33.1913,30.0001,0.0,0.0,1.0
48.0949,35.2221,30.0001,0.0,0.0,1.0
36.6001,32.332,30.0001,0.0,0.0,1.0
36.6001,32.332,30.0001,0.0,0.0,1.0
48.0949,35.2221,30.0001,0.0,0.0,1.0
49.1168,37.1104,30.0001,0.0,0.0,1.0
36.6001,32.332,30.0001,0.0,0.0,1.0
49.1168,37.1104,30.0001,0.0,0.0,1.0
36.1111,33.4139,30.0001,0.0,0.0,1.0
36.1111,33.4139,30.0001,0.0,0.0,1.0
49.1168,37.1104,30.0001,0.0,0.0,1.0
50.4356,38.8047,30.0001,0.0,0.0,1.0
50.4356,38.8047,30.0001,0.0,0.0,1.0
52.0152,40.2589,30.0001,0.0,0.0,1.0
36.1111,33.4139,30.0001,0.0,0.0,1.0
36.1111,33.4139,30.0001,0.0,0.0,1.0
52.0152,40.2589,30.0001,0.0,0.0,1.0
53.8127,41.4332,30.0001,0.0,0.0,1.0
36.1111,33.4139,30.0001,0.0,0.0,1.0
53.8127,41.4332,30.0001,0.0,0.0,1.0
35.4462,34.3976,30.0001,0.0,0.0,1.0
35.4462,34.3976,30.0001,0.0,0.0,1.0
53.8127,41.4332,30.0001,0.0,0.0,1.0
55.7789,42.2957,30.0001,0.0,0.0,1.0
35.4462,34.3976,30.0001,0.0,0.0,1.0
55.7789,42.2957,30.0001,0.0,0.0,1.0
34.6247,35.2547,30.0001,0.0,0.0,1.0
36.6001,27.668,30.0001,0.0,0.0,1.0
48.0949,24.778,30.0001,0.0,0.0,1.0
36.8993,28.817,30.0001,0.0,0.0,1.0
36.8993,28.817,30.0001,0.0,0.0,1.0
48.0949,24.778,30.0001,0.0,0.0,1.0
47.3978,26.8087,30.0001,0.0,0.0,1.0
36.8993,28.817,30.0001,0.0,0.0,1.0
47.3978,26.8087,30.0001,0.0,0.0,1.0
47.0444,28.9265,30.0001,0.0,0.0,1.0
34.6247,24.7453,30.0001,0.0,0.0,1.0
33.6702,24.0393,30.0001,0.0,0.0,1.0
55.7789,17.7044,30.0001,0.0,0.0,1.0
55.7789,17.7044,30.0001,0.0,0.0,1.0
33.6702,24.0393,30.0001,0.0,0.0,1.0
32.61,23.5048,30.0001,0.0,0.0,1.0
55.7789,17.7044,30.0001,0.0,0.0,1.0
32.61,23.5048,30.0001,0.0,0.0,1.0
57.8603,17.1773,30.0001,0.0,0.0,1.0
57.8603,17.1773,30.0001,0.0,0.0,1.0
32.61,23.5048,30.0001,0.0,0.0,1.0
31.4748,23.1571,30.0001,0.0,0.0,1.0
29.1109,23.0567,30.0001,0.0,0.0,1.0
27.9502,23.3069,30.0001,0.0,0.0,1.0
0.0,2.6077e-05,30.0001,0.0,0.0,1.0
0.0,2.6077e-05,30.0001,0.0,0.0,1.0
27.9502,23.3069,30.0001,0.0,0.0,1.0
26.8486,23.7495,30.0001,0.0,0.0,1.0
0.0,2.6077e-05,30.0001,0.0,0.0,1.0
26.8486,23.7495,30.0001,0.0,0.0,1.0
25.8376,24.372,30.0001,0.0,0.0,1.0
23.2259,31.7639,30.0001,0.0,0.0,1.0
23.6214,32.8833,30.0001,0.0,0.0,1.0
0.0,60.0,30.0001,0.0,0.0,1.0
0.0,60.0,30.0001,0.0,0.0,1.0
23.6214,32.8833,30.0001,0.0,0.0,1.0
24.2004,33.9198,30.0001,0.0,0.0,1.0
0.0,60.0,30.0001,0.0,0.0,1.0
24.2004,33.9198,30.0001,0.0,0.0,1.0
24.9463,34.8436,30.0001,0.0,0.0,1.0
24.9463,34.8436,30.0001,0.0,0.0,1.0
25.8376,35.628,30.0001,0.0,0.0,1.0
0.0,60.0,30.0001,0.0,0.0,1.0
0.0,60.0,30.0001,0.0,0.0,1.0
25.8376,35.628,30.0001,0.0,0.0,1.0
26.8486,36.2505,30.0001,0.0,0.0,1.0
0.0,60.0,30.0001,0.0,0.0,1.0
26.8486,36.2505,30.0001,0.0,0.0,1.0
27.9502,36.6932,30.0001,0.0,0.0,1.0
27.9502,36.6932,30.0001,0.0,0.0,1.0
29.1109,36.9433,30.0001,0.0,0.0,1.0
0.0,60.0,30.0001,0.0,0.0,1.0
0.0,60.0,30.0001,0.0,0.0,1.0
29.1109,36.9433,30.0001,0.0,0.0,1.0
30.2971,36.9937,30.0001,0.0,0.0,1.0
0.0,60.0,30.0001,0.0,0.0,1.0
30.2971,36.9937,30.0001,0.0,0.0,1.0
31.4748,36.8429,30.0001,0.0,0.0,1.0
53.8127,18.5669,30.0001,0.0,0.0,1.0
52.0152,19.7412,30.0001,0.0,0.0,1.0
36.1111,26.5862,30.0001,0.0,0.0,1.0
36.1111,26.5862,30.0001,0.0,0.0,1.0
52.0152,19.7412,30.0001,0.0,0.0,1.0
50.4356,21.1954,30.0001,0.0,0.0,1.0
36.1111,26.5862,30.0001,0.0,0.0,1.0
50.4356,21.1954,30.0001,0.0,0.0,1.0
36.6001,27.668,30.0001,0.0,0.0,1.0
36.6001,27.668,30.0001,0.0,0.0,1.0
50.4356,21.1954,30.0001,0.0,0.0,1.0
49.1168,22.8897,30.0001,0.0,0.0,1.0
36.6001,27.668,30.0001,0.0,0.0,1.0
49.1168,22.8897,30.0001,0.0,0.0,1.0
48.0949,24.778,30.0001,0.0,0.0,1.0
0.0,2.6077e-05,30.0001,0.0,0.0,1.0
140.0,2.6077e-05,30.0001,0.0,0.0,1.0
140.0,17.0,30.0001,0.0,0.0,1.0
57.8603,42.8227,30.0001,0.0,0.0,1.0
32.61,36.4953,30.0001,0.0,0.0,1.0
55.7789,42.2957,30.0001,0.0,0.0,1.0
55.7789,42.2957,30.0001,0.0,0.0,1.0
32.61,36.4953,30.0001,0.0,0.0,1.0
33.6702,35.9607,30.0001,0.0,0.0,1.0
55.7789,42.2957,30.0001,0.0,0.0,1.0
33.6702,35.9607,30.0001,0.0,0.0,1.0
34.6247,35.2547,30.0001,0.0,0.0,1.0
31.4748,23.1571,30.0001,0.0,0.0,1.0
30.2971,23.0063,30.0001,0.0,0.0,1.0
57.8603,17.1773,30.0001,0.0,0.0,1.0
57.8603,17.1773,30.0001,0.0,0.0,1.0
30.2971,23.0063,30.0001,0.0,0.0,1.0
0.0,2.6077e-05,30.0001,0.0,0.0,1.0
57.8603,17.1773,30.0001,0.0,0.0,1.0
0.0,2.6077e-05,30.0001,0.0,0.0,1.0
60.0,17.0,30.0001,0.0,0.0,1.0
60.0,17.0,30.0001,0.0,0.0,1.0
0.0,2.6077e-05,30.0001,0.0,0.0,1.0
140.0,17.0,30.0001,0.0,0.0,1.0
140.0,43.0,30.0001,0.0,0.0,1.0
140.0,60.0,30.0001,0.0,0.0,1.0
60.0,43.0,30.0001,0.0,0.0,1.0
60.0,43.0,30.0001,0.0,0.0,1.0
140.0,60.0,30.0001,0.0,0.0,1.0
0.0,60.0,30.0001,0.0,0.0,1.0
60.0,43.0,30.0001,0.0,0.0,1.0
0.0,60.0,30.0001,0.0,0.0,1.0
57.8603,42.8227,30.0001,0.0,0.0,1.0
57.8603,42.8227,30.0001,0.0,0.0,1.0
0.0,60.0,30.0001,0.0,0.0,1.0
31.4748,36.8429,30.0001,0.0,0.0,1.0
57.8603,42.8227,30.0001,0.0,0.0,1.0
31.4748,36.8429,30.0001,0.0,0.0,1.0
32.61,36.4953,30.0001,0.0,0.0,1.0
140.0,38.5,13.0001,0.0,0.0,1.0
140.0,43.0,13.0001,0.0,0.0,1.0
60.0,38.5,13.0001,0.0,0.0,1.0
60.0,38.5,13.0001,0.0,0.0,1.0
140.0,43.0,13.0001,0.0,0.0,1.0
60.0,43.0,13.0001,0.0,0.0,1.0
60.0,38.5,13.0001,0.0,0.0,1.0
60.0,43.0,13.0001,0.0,0.0,1.0
58.6009,38.3841,13.0001,0.0,0.0,1.0
58.6009,38.3841,13.0001,0.0,0.0,1.0
60.0,43.0,13.0001,0.0,0.0,1.0
57.8603,42.8227,13.0001,0.0,0.0,1.0
58.6009,38.3841,13.0001,0.0,0.0,1.0
57.8603,42.8227,13.0001,0.0,0.0,1.0
57.2401,38.0395,13.0001,0.0,0.0,1.0
57.2401,38.0395,13.0001,0.0,0.0,1.0
57.8603,42.8227,13.0001,0.0,0.0,1.0
55.7789,42.2957,13.0001,0.0,0.0,1.0
57.2401,38.0395,13.0001,0.0,0.0,1.0
55.7789,42.2957,13.0001,0.0,0.0,1.0
55.9544,37.4756,13.0001,0.0,0.0,1.0
55.9544,37.4756,13.0001,0.0,0.0,1.0
55.7789,42.2957,13.0001,0.0,0.0,1.0
53.8127,41.4332,13.0001,0.0,0.0,1.0
55.9544,37.4756,13.0001,0.0,0.0,1.0
53.8127,41.4332,13.0001,0.0,0.0,1.0
54.7792,36.7077,13.0001,0.0,0.0,1.0
54.7792,36.7077,13.0001,0.0,0.0,1.0
53.8127,41.4332,13.0001,0.0,0.0,1.0
52.0152,40.2589,13.0001,0.0,0.0,1.0
54.7792,36.7077,13.0001,0.0,0.0,1.0
52.0152,40.2589,13.0001,0.0,0.0,1.0
53.7463,35.7569,13.0001,0.0,0.0,1.0
53.7463,35.7569,13.0001,0.0,0.0,1.0
52.0152,40.2589,13.0001,0.0,0.0,1.0
50.4356,38.8047,13.0001,0.0,0.0,1.0
53.7463,35.7569,13.0001,0.0,0.0,1.0
50.4356,38.8047,13.0001,0.0,0.0,1.0
52.8841,34.6491,13.0001,0.0,0.0,1.0
52.8841,34.6491,13.0001,0.0,0.0,1.0
50.4356,38.8047,13.0001,0.0,0.0,1.0
49.1168,37.1104,13.0001,0.0,0.0,1.0
52.8841,34.6491,13.0001,0.0,0.0,1.0
49.1168,37.1104,13.0001,0.0,0.0,1.0
52.2159,33.4144,13.0001,0.0,0.0,1.0
52.2159,33.4144,13.0001,0.0,0.0,1.0
49.1168,37.1104,13.0001,0.0,0.0,1.0
48.0949,35.2221,13.0001,0.0,0.0,1.0
52.2159,33.4144,13.0001,0.0,0.0,1.0
48.0949,35.2221,13.0001,0.0,0.0,1.0
51.7601,32.0867,13.0001,0.0,0.0,1.0
51.7601,32.0867,13.0001,0.0,0.0,1.0
48.0949,35.2221,13.0001,0.0,0.0,1.0
47.3978,33.1913,13.0001,0.0,0.0,1.0
51.7601,32.0867,13.0001,0.0,0.0,1.0
47.3978,33.1913,13.0001,0.0,0.0,1.0
51.529,30.702,13.0001,0.0,0.0,1.0
51.529,30.702,13.0001,0.0,0.0,1.0
47.3978,33.1913,13.0001,0.0,0.0,1.0
47.0444,31.0736,13.0001,0.0,0.0,1.0
51.529,30.702,13.0001,0.0,0.0,1.0
47.0444,31.0736,13.0001,0.0,0.0,1.0
51.529,29.2981,13.0001,0.0,0.0,1.0
51.529,29.2981,13.0001,0.0,0.0,1.0
47.0444,31.0736,13.0001,0.0,0.0,1.0
47.0444,28.9265,13.0001,0.0,0.0,1.0
51.529,29.2981,13.0001,0.0,0.0,1.0
47.0444,28.9265,13.0001,0.0,0.0,1.0
51.7601,27.9134,13.0001,0.0,0.0,1.0
51.7601,27.9134,13.0001,0.0,0.0,1.0
47.0444,28.9265,13.0001,0.0,0.0,1.0
47.3978,26.8087,13.0001,0.0,0.0,1.0
51.7601,27.9134,13.0001,0.0,0.0,1.0
47.3978,26.8087,13.0001,0.0,0.0,1.0
52.2159,26.5856,13.0001,0.0,0.0,1.0
52.2159,26.5856,13.0001,0.0,0.0,1.0
47.3978,26.8087,13.0001,0.0,0.0,1.0
48.0949,24.778,13.0001,0.0,0.0,1.0
52.2159,26.5856,13.0001,0.0,0.0,1.0
48.0949,24.778,13.0001,0.0,0.0,1.0
52.8841,25.351,13.0001,0.0,0.0,1.0
52.8841,25.351,13.0001,0.0,0.0,1.0
48.0949,24.778,13.0001,0.0,0.0,1.0
49.1168,22.8897,13.0001,0.0,0.0,1.0
52.8841,25.351,13.0001,0.0,0.0,1.0
49.1168,22.8897,13.0001,0.0,0.0,1.0
53.7463,24.2431,13.0001,0.0,0.0,1.0
53.7463,24.2431,13.0001,0.0,0.0,1.0
49.1168,22.8897,13.0001,0.0,0.0,1.0
50.4356,21.1954,13.0001,0.0,0.0,1.0
53.7463,24.2431,13.0001,0.0,0.0,1.0
50.4356,21.1954,13.0001,0.0,0.0,1.0
54.7792,23.2923,13.0001,0.0,0.0,1.0
54.7792,23.2923,13.0001,0.0,0.0,1.0
50.4356,21.1954,13.0001,0.0,0.0,1.0
52.0152,19.7412,13.0001,0.0,0.0,1.0
54.7792,23.2923,13.0001,0.0,0.0,1.0
52.0152,19.7412,13.0001,0.0,0.0,1.0
55.9544,22.5245,13.0001,0.0,0.0,1.0
55.9544,22.5245,13.0001,0.0,0.0,1.0
52.0152,19.7412,13.0001,0.0,0.0,1.0
53.8127,18.5669,13.0001,0.0,0.0,1.0
55.9544,22.5245,13.0001,0.0,0.0,1.0
53.8127,18.5669,13.0001,0.0,0.0,1.0
57.2401,21.9606,13.0001,0.0,0.0,1.0
57.2401,21.9606,13.0001,0.0,0.0,1.0
53.8127,18.5669,13.0001,0.0,0.0,1.0
55.7789,17.7044,13.0001,0.0,0.0,1.0
57.2401,21.9606,13.0001,0.0,0.0,1.0
55.7789,17.7044,13.0001,0.0,0.0,1.0
58.6009,21.616,13.0001,0.0,0.0,1.0
58.6009,21.616,13.0001,0.0,0.0,1.0
55.7789,17.7044,13.0001,0.0,0.0,1.0
57.8603,17.1773,13.0001,0.0,0.0,1.0
58.6009,21.616,13.0001,0.0,0.0,1.0
57.8603,17.1773,13.0001,0.0,0.0,1.0
60.0,21.5,13.0001,0.0,0.0,1.0
60.0,21.5,13.0001,0.0,0.0,1.0
57.8603,17.1773,13.0001,0.0,0.0,1.0
60.0,17.0,13.0001,0.0,0.0,1.0
60.0,21.5,13.0001,0.0,0.0,1.0
60.0,17.0,13.0001,0.0,0.0,1.0
140.0,21.5,13.0001,0.0,0.0,1.0
140.0,21.5,13.0001,0.0,0.0,1.0
60.0,17.0,13.0001,0.0,0.0,1.0
140.0,17.0,13.0001,0.0,0.0,1.0
22.1151,28.648,0.000103078,0.499548,0.0425176,-0.865242
22.0,30.0,0.000103078,0.499548,0.0425176,-0.865242
23.0503,29.4085,0.577453,0.499548,0.0425176,-0.865242
23.0503,29.4085,0.577453,0.499547,0.042518,-0.865242
23.1007,28.817,0.577453,0.499547,0.042518,-0.865242
22.1151,28.648,0.000103078,0.499547,0.042518,-0.865242
22.1151,28.648,0.000103078,0.485176,0.12633,-0.865243
23.1007,28.817,0.577453,0.485176,0.12633,-0.865243
23.2503,28.2425,0.577453,0.485176,0.12633,-0.865243
22.1151,28.648,0.000103078,0.485177,0.12633,-0.865242
23.2503,28.2425,0.577453,0.485177,0.12633,-0.865242
22.457,27.3349,0.000103078,0.485177,0.12633,-0.865242
23.2503,28.2425,0.577453,0.485176,0.126331,-0.865243
23.3999,27.668,0.577453,0.485176,0.126331,-0.865243
22.457,27.3349,0.000103078,0.485176,0.126331,-0.865243
22.457,27.3349,0.000103078,0.456848,0.206507,-0.865243
23.3999,27.668,0.577453,0.456848,0.206507,-0.865243
23.6444,27.1271,0.577453,0.456848,0.206507,-0.865243
22.457,27.3349,0.000103078,0.456848,0.206508,-0.865242
23.6444,27.1271,0.577453,0.456848,0.206508,-0.865242
23.0159,26.0985,0.000103078,0.456848,0.206508,-0.865242
23.6444,27.1271,0.577453,0.456848,0.206509,-0.865242
23.8889,26.5862,0.577453,0.456848,0.206509,-0.865242
23.0159,26.0985,0.000103078,0.456848,0.206509,-0.865242
23.0159,26.0985,0.000103078,0.415377,0.280745,-0.865242
23.8889,26.5862,0.577453,0.415377,0.280745,-0.865242
24.2213,26.0943,0.577453,0.415377,0.280745,-0.865242
23.0159,26.0985,0.000103078,0.415377,0.280746,-0.865242
24.2213,26.0943,0.577453,0.415377,0.280746,-0.865242
23.7757,24.9743,0.000103078,0.415377,0.280746,-0.865242
24.2213,26.0943,0.577453,0.415376,0.280746,-0.865242
24.5537,25.6025,0.577453,0.415376,0.280746,-0.865242
23.7757,24.9743,0.000103078,0.415376,0.280746,-0.865242
23.7757,24.9743,0.000103078,0.361955,0.346907,-0.865242
24.5537,25.6025,0.577453,0.361955,0.346907,-0.865242
24.9645,25.1739,0.577453,0.361955,0.346907,-0.865242
23.7757,24.9743,0.000103078,0.361955,0.346906,-0.865243
24.9645,25.1739,0.577453,0.361955,0.346906,-0.865243
24.7146,23.9946,0.000103078,0.361955,0.346906,-0.865243
24.9645,25.1739,0.577453,0.361956,0.346906,-0.865242
25.3753,24.7453,0.577453,0.361956,0.346906,-0.865242
24.7146,23.9946,0.000103078,0.361956,0.346906,-0.865242
24.7146,23.9946,0.000103078,0.298122,0.403087,-0.865242
25.3753,24.7453,0.577453,0.298122,0.403087,-0.865242
25.8526,24.3923,0.577453,0.298122,0.403087,-0.865242
24.7146,23.9946,0.000103078,0.298122,0.403087,-0.865242
25.8526,24.3923,0.577453,0.298122,0.403087,-0.865242
25.8055,23.1878,0.000103078,0.298122,0.403087,-0.865242
25.8526,24.3923,0.577453,0.298122,0.403087,-0.865242
26.3298,24.0393,0.577453,0.298122,0.403087,-0.865242
25.8055,23.1878,0.000103078,0.298122,0.403087,-0.865242
25.8055,23.1878,0.000103078,0.225712,0.447672,-0.865242
26.3298,24.0393,0.577453,0.225712,0.447672,-0.865242
26.8599,23.7721,0.577453,0.225712,0.447672,-0.865242
25.8055,23.1878,0.000103078,0.225711,0.447673,-0.865242
26.8599,23.7721,0.577453,0.225711,0.447673,-0.865242
27.0171,22.5769,0.000103078,0.225711,0.447673,-0.865242
26.8599,23.7721,0.577453,0.225712,0.447673,-0.865242
27.39,23.5048,0.577453,0.225712,0.447673,-0.865242
27.0171,22.5769,0.000103078,0.225712,0.447673,-0.865242
27.0171,22.5769,0.000103078,0.146807,0.47938,-0.865242
27.39,23.5048,0.577453,0.146807,0.47938,-0.865242
27.9576,23.331,0.577453,0.146807,0.47938,-0.865242
27.0171,22.5769,0.000103078,0.146809,0.479378,-0.865242
27.9576,23.331,0.577453,0.146809,0.479378,-0.865242
28.3146,22.1796,0.000103078,0.146809,0.479378,-0.865242
27.9576,23.331,0.577453,0.146808,0.479378,-0.865242
28.5252,23.1571,0.577453,0.146808,0.479378,-0.865242
28.3146,22.1796,0.000103078,0.146808,0.479378,-0.865242
28.3146,22.1796,0.000103078,0.063681,0.497293,-0.865242
28.5252,23.1571,0.577453,0.063681,0.497293,-0.865242
29.1141,23.0817,0.577453,0.063681,0.497293,-0.865242
28.3146,22.1796,0.000103078,0.0636802,0.497293,-0.865242
29.1141,23.0817,0.577453,0.0636802,0.497293,-0.865242
29.6605,22.0072,0.000103078,0.0636802,0.497293,-0.865242
29.1141,23.0817,0.577453,0.0636809,0.497294,-0.865242
29.7029,23.0063,0.577453,0.0636809,0.497294,-0.865242
29.6605,22.0072,0.000103078,0.0636809,0.497294,-0.865242
29.6605,22.0072,0.000103078,-0.0212775,0.500903,-0.865242
29.7029,23.0063,0.577453,-0.0212775,0.500903,-0.865242
30.296,23.0315,0.577453,-0.0212775,0.500903,-0.865242
29.6605,22.0072,0.000103078,-0.0212775,0.500903,-0.865242
30.296,23.0315,0.577453,-0.0212775,0.500903,-0.865242
31.0161,22.0648,0.000103078,-0.0212775,0.500903,-0.865242
30.296,23.0315,0.577453,-0.0212791,0.500902,-0.865243
30.8891,23.0567,0.577453,-0.0212791,0.500902,-0.865243
31.0161,22.0648,0.000103078,-0.0212791,0.500902,-0.865243
31.0161,22.0648,0.000103078,-0.105625,0.490101,-0.865242
30.8891,23.0567,0.577453,-0.105625,0.490101,-0.865242
31.4694,23.1818,0.577453,-0.105625,0.490101,-0.865242
31.0161,22.0648,0.000103078,-0.105625,0.490101,-0.865243
31.4694,23.1818,0.577453,-0.105625,0.490101,-0.865243
32.3426,22.3507,0.000103078,-0.105625,0.490101,-0.865243
31.4694,23.1818,0.577453,-0.105624,0.490101,-0.865242
32.0498,23.3069,0.577453,-0.105624,0.490101,-0.865242
32.3426,22.3507,0.000103078,-0.105624,0.490101,-0.865242
32.3426,22.3507,0.000103078,-0.186933,0.4652,-0.865242
32.0498,23.3069,0.577453,-0.186933,0.4652,-0.865242
32.6006,23.5282,0.577453,-0.186933,0.4652,-0.865242
32.3426,22.3507,0.000103078,-0.186933,0.4652,-0.865242
32.6006,23.5282,0.577453,-0.186933,0.4652,-0.865242
33.6016,22.8566,0.000103078,-0.186933,0.4652,-0.865242
32.6006,23.5282,0.577453,-0.186934,0.465199,-0.865243
33.1514,23.7495,0.577453,-0.186934,0.465199,-0.865243
33.6016,22.8566,0.000103078,-0.186934,0.465199,-0.865243
33.6016,22.8566,0.000103078,-0.262861,0.426918,-0.865243
33.1514,23.7495,0.577453,-0.262861,0.426918,-0.865243
33.6569,24.0608,0.577453,-0.262861,0.426918,-0.865243
33.6016,22.8566,0.000103078,-0.262865,0.426917,-0.865242
33.6569,24.0608,0.577453,-0.262865,0.426917,-0.865242
34.7571,23.568,0.000103078,-0.262865,0.426917,-0.865242
33.6569,24.0608,0.577453,-0.262864,0.426919,-0.865242
34.1624,24.372,0.577453,-0.262864,0.426919,-0.865242
34.7571,23.568,0.000103078,-0.262864,0.426919,-0.865242
34.7571,23.568,0.000103078,-0.331234,0.376353,-0.865241
34.1624,24.372,0.577453,-0.331234,0.376353,-0.865241
34.6081,24.7642,0.577453,-0.331234,0.376353,-0.865241
34.7571,23.568,0.000103078,-0.331232,0.376354,-0.865242
34.6081,24.7642,0.577453,-0.331232,0.376354,-0.865242
35.7756,24.4645,0.000103078,-0.331232,0.376354,-0.865242
34.6081,24.7642,0.577453,-0.331233,0.376352,-0.865242
35.0537,25.1565,0.577453,-0.331233,0.376352,-0.865242
35.7756,24.4645,0.000103078,-0.331233,0.376352,-0.865242
35.7756,24.4645,0.000103078,-0.390072,0.31496,-0.865242
35.0537,25.1565,0.577453,-0.390072,0.31496,-0.865242
35.4266,25.6183,0.577453,-0.390072,0.31496,-0.865242
35.7756,24.4645,0.000103078,-0.390071,0.31496,-0.865242
35.4266,25.6183,0.577453,-0.390071,0.31496,-0.865242
36.6281,25.5202,0.000103078,-0.390071,0.31496,-0.865242
35.4266,25.6183,0.577453,-0.390071,0.314963,-0.865242
35.7996,26.0802,0.577453,-0.390071,0.314963,-0.865242
36.6281,25.5202,0.000103078,-0.390071,0.314963,-0.865242
36.6281,25.5202,0.000103078,-0.437691,0.244506,-0.865242
35.7996,26.0802,0.577453,-0.437691,0.244506,-0.865242
36.0891,26.5985,0.577453,-0.437691,0.244506,-0.865242
36.6281,25.5202,0.000103078,-0.437688,0.244508,-0.865243
36.0891,26.5985,0.577453,-0.437688,0.244508,-0.865243
37.2898,26.7048,0.000103078,-0.437688,0.244508,-0.865243
36.0891,26.5985,0.577453,-0.437688,0.244511,-0.865242
36.3786,27.1167,0.577453,-0.437688,0.244511,-0.865242
37.2898,26.7048,0.000103078,-0.437688,0.244511,-0.865242
37.2898,26.7048,0.000103078,-0.472717,0.167018,-0.865242
36.3786,27.1167,0.577453,-0.472717,0.167018,-0.865242
36.5764,27.6764,0.577453,-0.472717,0.167018,-0.865242
37.2898,26.7048,0.000103078,-0.472715,0.16702,-0.865243
36.5764,27.6764,0.577453,-0.472715,0.16702,-0.865243
37.7419,27.9842,0.000103078,-0.472715,0.16702,-0.865243
36.5764,27.6764,0.577453,-0.472715,0.167021,-0.865243
36.7741,28.2362,0.577453,-0.472715,0.167021,-0.865243
37.7419,27.9842,0.000103078,-0.472715,0.167021,-0.865243
37.7419,27.9842,0.000103078,-0.494141,0.0847297,-0.865243
36.7741,28.2362,0.577453,-0.494141,0.0847297,-0.865243
36.8745,28.8213,0.577453,-0.494141,0.0847297,-0.865243
37.7419,27.9842,0.000103078,-0.494142,0.0847293,-0.865243
36.8745,28.8213,0.577453,-0.494142,0.0847293,-0.865243
37.9712,29.3216,0.000103078,-0.494142,0.0847293,-0.865243
36.8745,28.8213,0.577453,-0.494142,0.0847297,-0.865243
36.9748,29.4064,0.577453,-0.494142,0.0847297,-0.865243
37.9712,29.3216,0.000103078,-0.494142,0.0847297,-0.865243
37.9712,29.3216,0.000103078,-0.501353,0.0,-0.865243
36.9748,29.4064,0.577453,-0.501353,0.0,-0.865243
36.9748,30.0,0.577453,-0.501353,0.0,-0.865243
37.9712,29.3216,0.000103078,-0.501353,0.0,-0.865243
36.9748,30.0,0.577453,-0.501353,0.0,-0.865243
37.9712,30.6785,0.000103078,-0.501353,0.0,-0.865243
36.9748,30.0,0.577453,-0.501353,0.0,-0.865243
36.9748,30.5937,0.577453,-0.501353,0.0,-0.865243
37.9712,30.6785,0.000103078,-0.501353,0.0,-0.865243
37.9712,30.6785,0.000103078,-0.494142,-0.08473,-0.865242
36.9748,30.5937,0.577453,-0.494142,-0.08473,-0.865242
36.8745,31.1788,0.577453,-0.494142,-0.08473,-0.865242
37.9712,30.6785,0.000103078,-0.494142,-0.0847292,-0.865243
36.8745,31.1788,0.577453,-0.494142,-0.0847292,-0.865243
37.7419,32.0159,0.000103078,-0.494142,-0.0847292,-0.865243
36.8745,31.1788,0.577453,-0.494141,-0.0847296,-0.865243
36.7741,31.7639,0.577453,-0.494141,-0.0847296,-0.865243
37.7419,32.0159,0.000103078,-0.494141,-0.0847296,-0.865243
37.7419,32.0159,0.000103078,-0.472714,-0.167021,-0.865243
36.7741,31.7639,0.577453,-0.472714,-0.167021,-0.865243
36.5764,32.3236,0.577453,-0.472714,-0.167021,-0.865243
37.7419,32.0159,0.000103078,-0.472714,-0.16702,-0.865243
36.5764,32.3236,0.577453,-0.472714,-0.16702,-0.865243
37.2898,33.2952,0.000103078,-0.472714,-0.16702,-0.865243
36.5764,32.3236,0.577453,-0.472717,-0.167017,-0.865242
36.3786,32.8833,0.577453,-0.472717,-0.167017,-0.865242
37.2898,33.2952,0.000103078,-0.472717,-0.167017,-0.865242
37.2898,33.2952,0.000103078,-0.437687,-0.244512,-0.865242
36.3786,32.8833,0.577453,-0.437687,-0.244512,-0.865242
36.0891,33.4016,0.577453,-0.437687,-0.244512,-0.865242
37.2898,33.2952,0.000103078,-0.437688,-0.244508,-0.865243
36.0891,33.4016,0.577453,-0.437688,-0.244508,-0.865243
36.6281,34.4798,0.000103078,-0.437688,-0.244508,-0.865243
36.0891,33.4016,0.577453,-0.437692,-0.244505,-0.865241
35.7996,33.9198,0.577453,-0.437692,-0.244505,-0.865241
36.6281,34.4798,0.000103078,-0.437692,-0.244505,-0.865241
36.6281,34.4798,0.000103078,-0.390072,-0.314962,-0.865242
35.7996,33.9198,0.577453,-0.390072,-0.314962,-0.865242
35.4266,34.3817,0.577453,-0.390072,-0.314962,-0.865242
36.6281,34.4798,0.000103078,-0.390072,-0.314961,-0.865242
35.4266,34.3817,0.577453,-0.390072,-0.314961,-0.865242
35.7756,35.5355,0.000103078,-0.390072,-0.314961,-0.865242
35.4266,34.3817,0.577453,-0.390071,-0.314961,-0.865242
35.0537,34.8436,0.577453,-0.390071,-0.314961,-0.865242
35.7756,35.5355,0.000103078,-0.390071,-0.314961,-0.865242
35.7756,35.5355,0.000103078,-0.331233,-0.376352,-0.865242
35.0537,34.8436,0.577453,-0.331233,-0.376352,-0.865242
34.6081,35.2358,0.577453,-0.331233,-0.376352,-0.865242
35.7756,35.5355,0.000103078,-0.331232,-0.376354,-0.865242
34.6081,35.2358,0.577453,-0.331232,-0.376354,-0.865242
34.7571,36.432,0.000103078,-0.331232,-0.376354,-0.865242
34.6081,35.2358,0.577453,-0.331234,-0.376353,-0.865241
34.1624,35.628,0.577453,-0.331234,-0.376353,-0.865241
34.7571,36.432,0.000103078,-0.331234,-0.376353,-0.865241
34.7571,36.432,0.000103078,-0.262863,-0.42692,-0.865242
34.1624,35.628,0.577453,-0.262863,-0.42692,-0.865242
33.6569,35.9393,0.577453,-0.262863,-0.42692,-0.865242
34.7571,36.432,0.000103078,-0.262864,-0.426917,-0.865242
33.6569,35.9393,0.577453,-0.262864,-0.426917,-0.865242
33.6016,37.1434,0.000103078,-0.262864,-0.426917,-0.865242
33.6569,35.9393,0.577453,-0.262864,-0.426917,-0.865242
33.1514,36.2505,0.577453,-0.262864,-0.426917,-0.865242
33.6016,37.1434,0.000103078,-0.262864,-0.426917,-0.865242
33.6016,37.1434,0.000103078,-0.186934,-0.4652,-0.865242
33.1514,36.2505,0.577453,-0.186934,-0.4652,-0.865242
32.6006,36.4719,0.577453,-0.186934,-0.4652,-0.865242
33.6016,37.1434,0.000103078,-0.186933,-0.465201,-0.865242
32.6006,36.4719,0.577453,-0.186933,-0.465201,-0.865242
32.3426,37.6494,0.000103078,-0.186933,-0.465201,-0.865242
32.6006,36.4719,0.577453,-0.18693,-0.465201,-0.865243
32.0498,36.6932,0.577453,-0.18693,-0.465201,-0.865243
32.3426,37.6494,0.000103078,-0.18693,-0.465201,-0.865243
32.3426,37.6494,0.000103078,-0.105625,-0.4901,-0.865243
32.0498,36.6932,0.577453,-0.105625,-0.4901,-0.865243
31.4694,36.8183,0.577453,-0.105625,-0.4901,-0.865243
32.3426,37.6494,0.000103078,-0.105623,-0.490102,-0.865242
31.4694,36.8183,0.577453,-0.105623,-0.490102,-0.865242
31.0161,37.9352,0.000103078,-0.105623,-0.490102,-0.865242
31.4694,36.8183,0.577453,-0.105626,-0.490102,-0.865242
30.8891,36.9433,0.577453,-0.105626,-0.490102,-0.865242
31.0161,37.9352,0.000103078,-0.105626,-0.490102,-0.865242
31.0161,37.9352,0.000103078,-0.021276,-0.500904,-0.865242
30.8891,36.9433,0.577453,-0.021276,-0.500904,-0.865242
30.296,36.9685,0.577453,-0.021276,-0.500904,-0.865242
31.0161,37.9352,0.000103078,-0.0212789,-0.500902,-0.865242
30.296,36.9685,0.577453,-0.0212789,-0.500902,-0.865242
29.6605,37.9928,0.000103078,-0.0212789,-0.500902,-0.865242
30.296,36.9685,0.577453,-0.0212823,-0.500904,-0.865241
29.7029,36.9937,0.577453,-0.0212823,-0.500904,-0.865241
29.6605,37.9928,0.000103078,-0.0212823,-0.500904,-0.865241
29.6605,37.9928,0.000103078,0.0636826,-0.497294,-0.865242
29.7029,36.9937,0.577453,0.0636826,-0.497294,-0.865242
29.1141,36.9183,0.577453,0.0636826,-0.497294,-0.865242
29.6605,37.9928,0.000103078,0.0636817,-0.497294,-0.865242
29.1141,36.9183,0.577453,0.0636817,-0.497294,-0.865242
28.3146,37.8205,0.000103078,0.0636817,-0.497294,-0.865242
29.1141,36.9183,0.577453,0.0636827,-0.497293,-0.865242
28.5252,36.8429,0.577453,0.0636827,-0.497293,-0.865242
28.3146,37.8205,0.000103078,0.0636827,-0.497293,-0.865242
28.3146,37.8205,0.000103078,0.146808,-0.479378,-0.865242
28.5252,36.8429,0.577453,0.146808,-0.479378,-0.865242
27.9576,36.6691,0.577453,0.146808,-0.479378,-0.865242
28.3146,37.8205,0.000103078,0.146807,-0.479378,-0.865242
27.9576,36.6691,0.577453,0.146807,-0.479378,-0.865242
27.0171,37.4231,0.000103078,0.146807,-0.479378,-0.865242
27.9576,36.6691,0.577453,0.146805,-0.47938,-0.865242
27.39,36.4953,0.577453,0.146805,-0.47938,-0.865242
27.0171,37.4231,0.000103078,0.146805,-0.47938,-0.865242
27.0171,37.4231,0.000103078,0.225714,-0.447672,-0.865242
27.39,36.4953,0.577453,0.225714,-0.447672,-0.865242
26.8599,36.228,0.577453,0.225714,-0.447672,-0.865242
27.0171,37.4231,0.000103078,0.225712,-0.447672,-0.865242
26.8599,36.228,0.577453,0.225712,-0.447672,-0.865242
25.8055,36.8123,0.000103078,0.225712,-0.447672,-0.865242
26.8599,36.228,0.577453,0.225711,-0.447674,-0.865241
26.3298,35.9607,0.577453,0.225711,-0.447674,-0.865241
25.8055,36.8123,0.000103078,0.225711,-0.447674,-0.865241
25.8055,36.8123,0.000103078,0.298123,-0.403088,-0.865242
26.3298,35.9607,0.577453,0.298123,-0.403088,-0.865242
25.8526,35.6077,0.577453,0.298123,-0.403088,-0.865242
25.8055,36.8123,0.000103078,0.298121,-0.403088,-0.865242
25.8526,35.6077,0.577453,0.298121,-0.403088,-0.865242
24.7146,36.0054,0.000103078,0.298121,-0.403088,-0.865242
25.8526,35.6077,0.577453,0.298122,-0.403085,-0.865243
25.3753,35.2547,0.577453,0.298122,-0.403085,-0.865243
24.7146,36.0054,0.000103078,0.298122,-0.403085,-0.865243
24.7146,36.0054,0.000103078,0.361955,-0.346906,-0.865243
25.3753,35.2547,0.577453,0.361955,-0.346906,-0.865243
24.9645,34.8261,0.577453,0.361955,-0.346906,-0.865243
24.7146,36.0054,0.000103078,0.361955,-0.346906,-0.865243
24.9645,34.8261,0.577453,0.361955,-0.346906,-0.865243
23.7757,35.0258,0.000103078,0.361955,-0.346906,-0.865243
24.9645,34.8261,0.577453,0.361955,-0.346905,-0.865243
24.5537,34.3976,0.577453,0.361955,-0.346905,-0.865243
23.7757,35.0258,0.000103078,0.361955,-0.346905,-0.865243
23.7757,35.0258,0.000103078,0.415375,-0.280747,-0.865243
24.5537,34.3976,0.577453,0.415375,-0.280747,-0.865243
24.2213,33.9057,0.577453,0.415375,-0.280747,-0.865243
23.7757,35.0258,0.000103078,0.415377,-0.280745,-0.865242
24.2213,33.9057,0.577453,0.415377,-0.280745,-0.865242
23.0159,33.9016,0.000103078,0.415377,-0.280745,-0.865242
24.2213,33.9057,0.577453,0.415377,-0.280745,-0.865242
23.8889,33.4139,0.577453,0.415377,-0.280745,-0.865242
23.0159,33.9016,0.000103078,0.415377,-0.280745,-0.865242
23.0159,33.9016,0.000103078,0.456849,-0.206507,-0.865242
23.8889,33.4139,0.577453,0.456849,-0.206507,-0.865242
23.6444,32.8729,0.577453,0.456849,-0.206507,-0.865242
23.0159,33.9016,0.000103078,0.456847,-0.206508,-0.865243
23.6444,32.8729,0.577453,0.456847,-0.206508,-0.865243
22.457,32.6651,0.000103078,0.456847,-0.206508,-0.865243
23.6444,32.8729,0.577453,0.456847,-0.206508,-0.865243
23.3999,32.332,0.577453,0.456847,-0.206508,-0.865243
22.457,32.6651,0.000103078,0.456847,-0.206508,-0.865243
22.457,32.6651,0.000103078,0.485176,-0.126331,-0.865243
23.3999,32.332,0.577453,0.485176,-0.126331,-0.865243
23.2503,31.7575,0.577453,0.485176,-0.126331,-0.865243
22.457,32.6651,0.000103078,0.485177,-0.12633,-0.865242
23.2503,31.7575,0.577453,0.485177,-0.12633,-0.865242
22.1151,31.352,0.000103078,0.485177,-0.12633,-0.865242
23.2503,31.7575,0.577453,0.485177,-0.126329,-0.865242
23.1007,31.183,0.577453,0.485177,-0.126329,-0.865242
22.1151,31.352,0.000103078,0.485177,-0.126329,-0.865242
22.1151,31.352,0.000103078,0.499548,-0.0425179,-0.865242
23.1007,31.183,0.577453,0.499548,-0.0425179,-0.865242
23.0503,30.5915,0.577453,0.499548,-0.0425179,-0.865242
22.1151,31.352,0.000103078,0.499548,-0.0425176,-0.865242
23.0503,30.5915,0.577453,0.499548,-0.0425176,-0.865242
22.0,30.0,0.000103078,0.499548,-0.0425176,-0.865242
22.0,30.0,0.000103078,0.499549,-0.0425196,-0.865242
23.0503,30.5915,0.577453,0.499549,-0.0425196,-0.865242
23.0,30.0,0.577453,0.499549,-0.0425196,-0.865242
22.0,30.0,0.000103078,0.499549,0.0425196,-0.865242
23.0,30.0,0.577453,0.499549,0.0425196,-0.865242
23.0503,29.4085,0.577453,0.499549,0.0425196,-0.865242
60.0,21.5,13.0001,0.0,1.0,0.0
140.0,21.5,13.0001,0.0,1.0,0.0
60.0,21.5,0.000103078,0.0,1.0,0.0
60.0,21.5,0.000103078,0.0,1.0,0.0
140.0,21.5,13.0001,0.0,1.0,0.0
140.0,21.5,0.000103078,0.0,1.0,0.0
60.0,38.5,0.000103078,0.082582,-0.996584,0.0
60.0,38.5,13.0001,0.082582,-0.996584,0.0
58.6009,38.3841,0.000103078,0.082582,-0.996584,0.0
58.6009,38.3841,0.000103078,0.082582,-0.996584,0.0
60.0,38.5,13.0001,0.082582,-0.996584,0.0
58.6009,38.3841,13.0001,0.082582,-0.996584,0.0
58.6009,38.3841,0.000103078,0.245485,-0.969401,0.0
58.6009,38.3841,13.0001,0.245485,-0.969401,0.0
57.2401,38.0395,0.000103078,0.245485,-0.969401,0.0
57.2401,38.0395,0.000103078,0.245485,-0.969401,0.0
58.6009,38.3841,13.0001,0.245485,-0.969401,0.0
57.2401,38.0395,13.0001,0.245485,-0.969401,0.0
57.2401,38.0395,0.000103078,0.401695,-0.915773,0.0
57.2401,38.0395,13.0001,0.401695,-0.915773,0.0
55.9544,37.4756,0.000103078,0.401695,-0.915773,0.0
55.9544,37.4756,0.000103078,0.401695,-0.915773,0.0
57.2401,38.0395,13.0001,0.401695,-0.915773,0.0
55.9544,37.4756,13.0001,0.401695,-0.915773,0.0
55.9544,37.4756,0.000103078,0.546946,-0.837168,0.0
55.9544,37.4756,13.0001,0.546946,-0.837168,0.0
54.7792,36.7077,0.000103078,0.546946,-0.837168,0.0
54.7792,36.7077,0.000103078,0.546946,-0.837168,0.0
55.9544,37.4756,13.0001,0.546946,-0.837168,0.0
54.7792,36.7077,13.0001,0.546946,-0.837168,0.0
54.7792,36.7077,0.000103078,0.677282,-0.735723,0.0
54.7792,36.7077,13.0001,0.677282,-0.735723,0.0
53.7463,35.7569,0.000103078,0.677282,-0.735723,0.0
53.7463,35.7569,0.000103078,0.677282,-0.735723,0.0
54.7792,36.7077,13.0001,0.677282,-0.735723,0.0
53.7463,35.7569,13.0001,0.677282,-0.735723,0.0
53.7463,35.7569,0.000103078,0.789141,-0.614211,0.0
53.7463,35.7569,13.0001,0.789141,-0.614211,0.0
52.8841,34.6491,0.000103078,0.789141,-0.614211,0.0
52.8841,34.6491,0.000103078,0.789141,-0.614211,0.0
53.7463,35.7569,13.0001,0.789141,-0.614211,0.0
52.8841,34.6491,13.0001,0.789141,-0.614211,0.0
52.8841,34.6491,0.000103078,0.879473,-0.475949,0.0
52.8841,34.6491,13.0001,0.879473,-0.475949,0.0
52.2159,33.4144,0.000103078,0.879473,-0.475949,0.0
52.2159,33.4144,0.000103078,0.879473,-0.475949,0.0
52.8841,34.6491,13.0001,0.879473,-0.475949,0.0
52.2159,33.4144,13.0001,0.879473,-0.475949,0.0
52.2159,33.4144,0.000103078,0.945818,-0.324696,0.0
52.2159,33.4144,13.0001,0.945818,-0.324696,0.0
51.7601,32.0867,0.000103078,0.945818,-0.324696,0.0
51.7601,32.0867,0.000103078,0.945818,-0.324696,0.0
52.2159,33.4144,13.0001,0.945818,-0.324696,0.0
51.7601,32.0867,13.0001,0.945818,-0.324696,0.0
51.7601,32.0867,0.000103078,0.986361,-0.164599,0.0
51.7601,32.0867,13.0001,0.986361,-0.164599,0.0
51.529,30.702,0.000103078,0.986361,-0.164599,0.0
51.529,30.702,0.000103078,0.986361,-0.164599,0.0
51.7601,32.0867,13.0001,0.986361,-0.164599,0.0
51.529,30.702,13.0001,0.986361,-0.164599,0.0
51.529,30.702,0.000103078,1.0,0.0,0.0
51.529,30.702,13.0001,1.0,0.0,0.0
51.529,29.2981,0.000103078,1.0,0.0,0.0
51.529,29.2981,0.000103078,1.0,0.0,0.0
51.529,30.702,13.0001,1.0,0.0,0.0
51.529,29.2981,13.0001,1.0,0.0,0.0
51.529,29.2981,0.000103078,0.986361,0.164598,0.0
51.529,29.2981,13.0001,0.986361,0.164598,0.0
51.7601,27.9134,0.000103078,0.986361,0.164598,0.0
51.7601,27.9134,0.000103078,0.986361,0.164598,0.0
51.529,29.2981,13.0001,0.986361,0.164598,0.0
51.7601,27.9134,13.0001,0.986361,0.164598,0.0
51.7601,27.9134,0.000103078,0.945818,0.324698,0.0
51.7601,27.9134,13.0001,0.945818,0.324698,0.0
52.2159,26.5856,0.000103078,0.945818,0.324698,0.0
52.2159,26.5856,0.000103078,0.945818,0.324698,0.0
51.7601,27.9134,13.0001,0.945818,0.324698,0.0
52.2159,26.5856,13.0001,0.945818,0.324698,0.0
52.2159,26.5856,0.000103078,0.879474,0.475948,0.0
52.2159,26.5856,13.0001,0.879474,0.475948,0.0
52.8841,25.351,0.000103078,0.879474,0.475948,0.0
52.8841,25.351,0.000103078,0.879474,0.475948,0.0
52.2159,26.5856,13.0001,0.879474,0.475948,0.0
52.8841,25.351,13.0001,0.879474,0.475948,0.0
52.8841,25.351,0.000103078,0.789141,0.614211,0.0
52.8841,25.351,13.0001,0.789141,0.614211,0.0
53.7463,24.2431,0.000103078,0.789141,0.614211,0.0
53.7463,24.2431,0.000103078,0.789141,0.614211,0.0
52.8841,25.351,13.0001,0.789141,0.614211,0.0
53.7463,24.2431,13.0001,0.789141,0.614211,0.0
53.7463,24.2431,0.000103078,0.677281,0.735724,0.0
53.7463,24.2431,13.0001,0.677281,0.735724,0.0
54.7792,23.2923,0.000103078,0.677281,0.735724,0.0
54.7792,23.2923,0.000103078,0.677281,0.735724,0.0
53.7463,24.2431,13.0001,0.677281,0.735724,0.0
54.7792,23.2923,13.0001,0.677281,0.735724,0.0
54.7792,23.2923,0.000103078,0.546948,0.837167,0.0
54.7792,23.2923,13.0001,0.546948,0.837167,0.0
55.9544,22.5245,0.000103078,0.546948,0.837167,0.0
55.9544,22.5245,0.000103078,0.546948,0.837167,0.0
54.7792,23.2923,13.0001,0.546948,0.837167,0.0
55.9544,22.5245,13.0001,0.546948,0.837167,0.0
55.9544,22.5245,0.000103078,0.401695,0.915773,0.0
55.9544,22.5245,13.0001,0.401695,0.915773,0.0
57.2401,21.9606,0.000103078,0.401695,0.915773,0.0
57.2401,21.9606,0.000103078,0.401695,0.915773,0.0
55.9544,22.5245,13.0001,0.401695,0.915773,0.0
57.2401,21.9606,13.0001,0.401695,0.915773,0.0
57.2401,21.9606,0.000103078,0.245486,0.9694,0.0
57.2401,21.9606,13.0001,0.245486,0.9694,0.0
58.6009,21.616,0.000103078,0.245486,0.9694,0.0
58.6009,21.616,0.000103078,0.245486,0.9694,0.0
57.2401,21.9606,13.0001,0.245486,0.9694,0.0
58.6009,21.616,13.0001,0.245486,0.9694,0.0
58.6009,21.616,0.000103078,0.0825793,0.996584,0.0
58.6009,21.616,13.0001,0.0825793,0.996584,0.0
60.0,21.5,0.000103078,0.0825793,0.996584,0.0
60.0,21.5,0.000103078,0.0825793,0.996584,0.0
58.6009,21.616,13.0001,0.0825793,0.996584,0.0
60.0,21.5,13.0001,0.0825793,0.996584,0.0
140.0,38.5,13.0001,0.0,-1.0,0.0
60.0,38.5,13.0001,0.0,-1.0,0.0
140.0,38.5,0.000103078,0.0,-1.0,0.0
140.0,38.5,0.000103078,0.0,-1.0,0.0
60.0,38.5,13.0001,0.0,-1.0,0.0
60.0,38.5,0.000103078,0.0,-1.0,0.0
140.0,38.5,13.0001,1.0,0.0,0.0
140.0,38.5,0.000103078,1.0,0.0,0.0
140.0,43.0,13.0001,1.0,0.0,0.0
140.0,43.0,13.0001,1.0,0.0,0.0
140.0,38.5,0.000103078,1.0,0.0,0.0
140.0,60.0,0.000103078,1.0,0.0,0.0
140.0,43.0,13.0001,1.0,0.0,0.0
140.0,60.0,0.000103078,1.0,0.0,0.0
140.0,43.0,30.0001,1.0,0.0,0.0
140.0,43.0,30.0001,1.0,0.0,0.0
140.0,60.0,0.000103078,1.0,0.0,0.0
140.0,60.0,30.0001,1.0,0.0,0.0
0.0,60.0,30.0001,0.0,1.0,0.0
140.0,60.0,30.0001,0.0,1.0,0.0
0.0,60.0,0.000103078,0.0,1.0,0.0
0.0,60.0,0.000103078,0.0,1.0,0.0
140.0,60.0,30.0001,0.0,1.0,0.0
140.0,60.0,0.000103078,0.0,1.0,0.0
0.0,2.6077e-05,30.0001,-1.0,0.0,0.0
0.0,60.0,30.0001,-1.0,0.0,0.0
0.0,2.6077e-05,0.000103078,-1.0,0.0,0.0
0.0,2.6077e-05,0.000103078,-1.0,0.0,0.0
0.0,60.0,30.0001,-1.0,0.0,0.0
0.0,60.0,0.000103078,-1.0,0.0,0.0
140.0,2.6077e-05,30.0001,0.0,-1.0,0.0
0.0,2.6077e-05,30.0001,0.0,-1.0,0.0
140.0,2.6077e-05,0.000103078,0.0,-1.0,0.0
140.0,2.6077e-05,0.000103078,0.0,-1.0,0.0
0.0,2.6077e-05,30.0001,0.0,-1.0,0.0
0.0,2.6077e-05,0.000103078,0.0,-1.0,0.0
140.0,17.0,30.0001,1.0,0.0,0.0
140.0,2.6077e-05,30.0001,1.0,0.0,0.0
140.0,17.0,13.0001,1.0,0.0,0.0
140.0,17.0,13.0001,1.0,0.0,0.0
140.0,2.6077e-05,30.0001,1.0,0.0,0.0
140.0,2.6077e-05,0.000103078,1.0,0.0,0.0
140.0,17.0,13.0001,1.0,0.0,0.0
140.0,2.6077e-05,0.000103078,1.0,0.0,0.0
140.0,21.5,13.0001,1.0,0.0,0.0
140.0,21.5,13.0001,1.0,0.0,0.0
140.0,2.6077e-05,0.000103078,1.0,0.0,0.0
140.0,21.5,0.000103078,1.0,0.0,0.0
22.457,32.6651,0.000103078,0.0,0.0,-1.0
22.1151,31.352,0.000103078,0.0,0.0,-1.0
0.0,60.0,0.000103078,0.0,0.0,-1.0
0.0,60.0,0.000103078,0.0,0.0,-1.0
22.1151,31.352,0.000103078,0.0,0.0,-1.0
22.0,30.0,0.000103078,0.0,0.0,-1.0
0.0,60.0,0.000103078,0.0,0.0,-1.0
22.0,30.0,0.000103078,0.0,0.0,-1.0
0.0,2.6077e-05,0.000103078,0.0,0.0,-1.0
0.0,2.6077e-05,0.000103078,0.0,0.0,-1.0
22.0,30.0,0.000103078,0.0,0.0,-1.0
22.1151,28.648,0.000103078,0.0,0.0,-1.0
0.0,2.6077e-05,0.000103078,0.0,0.0,-1.0
22.1151,28.648,0.000103078,0.0,0.0,-1.0
22.457,27.3349,0.000103078,0.0,0.0,-1.0
22.457,27.3349,0.000103078,0.0,0.0,-1.0
23.0159,26.0985,0.000103078,0.0,0.0,-1.0
0.0,2.6077e-05,0.000103078,0.0,0.0,-1.0
0.0,2.6077e-05,0.000103078,0.0,0.0,-1.0
23.0159,26.0985,0.000103078,0.0,0.0,-1.0
23.7757,24.9743,0.000103078,0.0,0.0,-1.0
0.0,2.6077e-05,0.000103078,0.0,0.0,-1.0
23.7757,24.9743,0.000103078,0.0,0.0,-1.0
24.7146,23.9946,0.000103078,0.0,0.0,-1.0
24.7146,23.9946,0.000103078,0.0,0.0,-1.0
25.8055,23.1878,0.000103078,0.0,0.0,-1.0
0.0,2.6077e-05,0.000103078,0.0,0.0,-1.0
0.0,2.6077e-05,0.000103078,0.0,0.0,-1.0
25.8055,23.1878,0.000103078,0.0,0.0,-1.0
27.0171,22.5769,0.000103078,0.0,0.0,-1.0
0.0,2.6077e-05,0.000103078,0.0,0.0,-1.0
27.0171,22.5769,0.000103078,0.0,0.0,-1.0
28.3146,22.1796,0.000103078,0.0,0.0,-1.0
37.2898,33.2952,0.000103078,0.0,0.0,-1.0
36.6281,34.4798,0.000103078,0.0,0.0,-1.0
140.0,60.0,0.000103078,0.0,0.0,-1.0
140.0,60.0,0.000103078,0.0,0.0,-1.0
36.6281,34.4798,0.000103078,0.0,0.0,-1.0
35.7756,35.5355,0.000103078,0.0,0.0,-1.0
140.0,60.0,0.000103078,0.0,0.0,-1.0
35.7756,35.5355,0.000103078,0.0,0.0,-1.0
34.7571,36.432,0.000103078,0.0,0.0,-1.0
29.6605,37.9928,0.000103078,0.0,0.0,-1.0
28.3146,37.8205,0.000103078,0.0,0.0,-1.0
0.0,60.0,0.000103078,0.0,0.0,-1.0
36.6281,25.5202,0.000103078,0.0,0.0,-1.0
37.2898,26.7048,0.000103078,0.0,0.0,-1.0
140.0,2.6077e-05,0.000103078,0.0,0.0,-1.0
140.0,2.6077e-05,0.000103078,0.0,0.0,-1.0
37.2898,26.7048,0.000103078,0.0,0.0,-1.0
57.2401,21.9606,0.000103078,0.0,0.0,-1.0
28.3146,22.1796,0.000103078,0.0,0.0,-1.0
29.6605,22.0072,0.000103078,0.0,0.0,-1.0
0.0,2.6077e-05,0.000103078,0.0,0.0,-1.0
0.0,2.6077e-05,0.000103078,0.0,0.0,-1.0
29.6605,22.0072,0.000103078,0.0,0.0,-1.0
31.0161,22.0648,0.000103078,0.0,0.0,-1.0
0.0,2.6077e-05,0.000103078,0.0,0.0,-1.0
31.0161,22.0648,0.000103078,0.0,0.0,-1.0
140.0,2.6077e-05,0.000103078,0.0,0.0,-1.0
140.0,2.6077e-05,0.000103078,0.0,0.0,-1.0
31.0161,22.0648,0.000103078,0.0,0.0,-1.0
32.3426,22.3507,0.000103078,0.0,0.0,-1.0
140.0,2.6077e-05,0.000103078,0.0,0.0,-1.0
32.3426,22.3507,0.000103078,0.0,0.0,-1.0
33.6016,22.8566,0.000103078,0.0,0.0,-1.0
33.6016,22.8566,0.000103078,0.0,0.0,-1.0
34.7571,23.568,0.000103078,0.0,0.0,-1.0
140.0,2.6077e-05,0.000103078,0.0,0.0,-1.0
140.0,2.6077e-05,0.000103078,0.0,0.0,-1.0
34.7571,23.568,0.000103078,0.0,0.0,-1.0
35.7756,24.4645,0.000103078,0.0,0.0,-1.0
140.0,2.6077e-05,0.000103078,0.0,0.0,-1.0
35.7756,24.4645,0.000103078,0.0,0.0,-1.0
36.6281,25.5202,0.000103078,0.0,0.0,-1.0
57.2401,21.9606,0.000103078,0.0,0.0,-1.0
58.6009,21.616,0.000103078,0.0,0.0,-1.0
140.0,2.6077e-05,0.000103078,0.0,0.0,-1.0
140.0,2.6077e-05,0.000103078,0.0,0.0,-1.0
58.6009,21.616,0.000103078,0.0,0.0,-1.0
60.0,21.5,0.000103078,0.0,0.0,-1.0
140.0,2.6077e-05,0.000103078,0.0,0.0,-1.0
60.0,21.5,0.000103078,0.0,0.0,-1.0
140.0,21.5,0.000103078,0.0,0.0,-1.0
54.7792,36.7077,0.000103078,0.0,0.0,-1.0
37.9712,30.6785,0.000103078,0.0,0.0,-1.0
55.9544,37.4756,0.000103078,0.0,0.0,-1.0
55.9544,37.4756,0.000103078,0.0,0.0,-1.0
37.9712,30.6785,0.000103078,0.0,0.0,-1.0
57.2401,38.0395,0.000103078,0.0,0.0,-1.0
54.7792,36.7077,0.000103078,0.0,0.0,-1.0
53.7463,35.7569,0.000103078,0.0,0.0,-1.0
37.9712,30.6785,0.000103078,0.0,0.0,-1.0
37.9712,30.6785,0.000103078,0.0,0.0,-1.0
53.7463,35.7569,0.000103078,0.0,0.0,-1.0
52.8841,34.6491,0.000103078,0.0,0.0,-1.0
37.9712,30.6785,0.000103078,0.0,0.0,-1.0
52.8841,34.6491,0.000103078,0.0,0.0,-1.0
52.2159,33.4144,0.000103078,0.0,0.0,-1.0
34.7571,36.432,0.000103078,0.0,0.0,-1.0
33.6016,37.1434,0.000103078,0.0,0.0,-1.0
140.0,60.0,0.000103078,0.0,0.0,-1.0
140.0,60.0,0.000103078,0.0,0.0,-1.0
33.6016,37.1434,0.000103078,0.0,0.0,-1.0
32.3426,37.6494,0.000103078,0.0,0.0,-1.0
140.0,60.0,0.000103078,0.0,0.0,-1.0
32.3426,37.6494,0.000103078,0.0,0.0,-1.0
0.0,60.0,0.000103078,0.0,0.0,-1.0
0.0,60.0,0.000103078,0.0,0.0,-1.0
32.3426,37.6494,0.000103078,0.0,0.0,-1.0
31.0161,37.9352,0.000103078,0.0,0.0,-1.0
0.0,60.0,0.000103078,0.0,0.0,-1.0
31.0161,37.9352,0.000103078,0.0,0.0,-1.0
29.6605,37.9928,0.000103078,0.0,0.0,-1.0
28.3146,37.8205,0.000103078,0.0,0.0,-1.0
27.0171,37.4231,0.000103078,0.0,0.0,-1.0
0.0,60.0,0.000103078,0.0,0.0,-1.0
0.0,60.0,0.000103078,0.0,0.0,-1.0
27.0171,37.4231,0.000103078,0.0,0.0,-1.0
25.8055,36.8123,0.000103078,0.0,0.0,-1.0
0.0,60.0,0.000103078,0.0,0.0,-1.0
25.8055,36.8123,0.000103078,0.0,0.0,-1.0
24.7146,36.0054,0.000103078,0.0,0.0,-1.0
140.0,38.5,0.000103078,0.0,0.0,-1.0
60.0,38.5,0.000103078,0.0,0.0,-1.0
140.0,60.0,0.000103078,0.0,0.0,-1.0
140.0,60.0,0.000103078,0.0,0.0,-1.0
60.0,38.5,0.000103078,0.0,0.0,-1.0
58.6009,38.3841,0.000103078,0.0,0.0,-1.0
140.0,60.0,0.000103078,0.0,0.0,-1.0
58.6009,38.3841,0.000103078,0.0,0.0,-1.0
37.2898,33.2952,0.000103078,0.0,0.0,-1.0
37.2898,33.2952,0.000103078,0.0,0.0,-1.0
58.6009,38.3841,0.000103078,0.0,0.0,-1.0
57.2401,38.0395,0.000103078,0.0,0.0,-1.0
37.2898,33.2952,0.000103078,0.0,0.0,-1.0
57.2401,38.0395,0.000103078,0.0,0.0,-1.0
37.7419,32.0159,0.000103078,0.0,0.0,-1.0
37.7419,32.0159,0.000103078,0.0,0.0,-1.0
57.2401,38.0395,0.000103078,0.0,0.0,-1.0
37.9712,30.6785,0.000103078,0.0,0.0,-1.0
24.7146,36.0054,0.000103078,0.0,0.0,-1.0
23.7757,35.0258,0.000103078,0.0,0.0,-1.0
0.0,60.0,0.000103078,0.0,0.0,-1.0
0.0,60.0,0.000103078,0.0,0.0,-1.0
23.7757,35.0258,0.000103078,0.0,0.0,-1.0
23.0159,33.9016,0.000103078,0.0,0.0,-1.0
0.0,60.0,0.000103078,0.0,0.0,-1.0
23.0159,33.9016,0.000103078,0.0,0.0,-1.0
22.457,32.6651,0.000103078,0.0,0.0,-1.0
52.2159,33.4144,0.000103078,0.0,0.0,-1.0
51.7601,32.0867,0.000103078,0.0,0.0,-1.0
37.9712,30.6785,0.000103078,0.0,0.0,-1.0
37.9712,30.6785,0.000103078,0.0,0.0,-1.0
51.7601,32.0867,0.000103078,0.0,0.0,-1.0
51.529,30.702,0.000103078,0.0,0.0,-1.0
37.9712,30.6785,0.000103078,0.0,0.0,-1.0
51.529,30.702,0.000103078,0.0,0.0,-1.0
37.9712,29.3216,0.000103078,0.0,0.0,-1.0
51.529,30.702,0.000103078,0.0,0.0,-1.0
51.529,29.2981,0.000103078,0.0,0.0,-1.0
37.9712,29.3216,0.000103078,0.0,0.0,-1.0
37.9712,29.3216,0.000103078,0.0,0.0,-1.0
51.529,29.2981,0.000103078,0.0,0.0,-1.0
51.7601,27.9134,0.000103078,0.0,0.0,-1.0
37.9712,29.3216,0.000103078,0.0,0.0,-1.0
51.7601,27.9134,0.000103078,0.0,0.0,-1.0
52.2159,26.5856,0.000103078,0.0,0.0,-1.0
52.2159,26.5856,0.000103078,0.0,0.0,-1.0
52.8841,25.351,0.000103078,0.0,0.0,-1.0
37.9712,29.3216,0.000103078,0.0,0.0,-1.0
37.9712,29.3216,0.000103078,0.0,0.0,-1.0
52.8841,25.351,0.000103078,0.0,0.0,-1.0
53.7463,24.2431,0.000103078,0.0,0.0,-1.0
37.9712,29.3216,0.000103078,0.0,0.0,-1.0
53.7463,24.2431,0.000103078,0.0,0.0,-1.0
37.7419,27.9842,0.000103078,0.0,0.0,-1.0
37.7419,27.9842,0.000103078,0.0,0.0,-1.0
53.7463,24.2431,0.000103078,0.0,0.0,-1.0
54.7792,23.2923,0.000103078,0.0,0.0,-1.0
37.7419,27.9842,0.000103078,0.0,0.0,-1.0
54.7792,23.2923,0.000103078,0.0,0.0,-1.0
37.2898,26.7048,0.000103078,0.0,0.0,-1.0
37.2898,26.7048,0.000103078,0.0,0.0,-1.0
54.7792,23.2923,0.000103078,0.0,0.0,-1.0
55.9544,22.5245,0.000103078,0.0,0.0,-1.0
37.2898,26.7048,0.000103078,0.0,0.0,-1.0
55.9544,22.5245,0.000103078,0.0,0.0,-1.0
57.2401,21.9606,0.000103078,0.0,0.0,-1.0
