-0.7213222,0.408349,0.1076356,0.9961968,-0.08713207,2.025949e-05
-0.7213325,0.4082911,0.3621317,0.9961968,-0.08713207,2.025949e-05
-0.7222985,0.3972459,0.3621317,0.9961968,-0.08713207,2.025949e-05
-0.9131206,0.3921993,0.3621317,0.0,0.0,1.0
-0.7222985,0.3972459,0.3621317,0.0,0.0,1.0
-0.7213325,0.4082911,0.3621317,0.0,0.0,1.0
-0.7222985,0.3972459,0.1076356,0.9961564,-0.08759288,0.0
-0.7213222,0.408349,0.1076356,0.9961564,-0.08759288,0.0
-0.7222985,0.3972459,0.3621317,0.9961564,-0.08759288,0.0
-0.7213222,0.3861427,0.3621317,0.9961564,0.08759288,0.0
-0.7222985,0.3972459,0.1076356,0.9961564,0.08759288,0.0
-0.7222985,0.3972459,0.3621317,0.9961564,0.08759288,0.0
-0.9131206,0.3921993,0.3621317,0.0,0.0,1.0
-0.7213222,0.3861427,0.3621317,0.0,0.0,1.0
-0.7222985,0.3972459,0.3621317,0.0,0.0,1.0
-0.7213222,0.408349,0.1076356,0.9658549,-0.2590834,-2.012582e-05
-0.718453,0.4190256,0.3621317,0.9658549,-0.2590834,-2.012582e-05
-0.7213325,0.4082911,0.3621317,0.9658549,-0.2590834,-2.012582e-05
-0.9125626,0.4148272,0.3621317,0.0,0.0,1.0
-0.7213325,0.4082911,0.3621317,0.0,0.0,1.0
-0.718453,0.4190256,0.3621317,0.0,0.0,1.0
-0.9125626,0.4148272,0.3621317,0.0,0.0,1.0
-0.9131206,0.3921993,0.3621317,0.0,0.0,1.0
-0.7213325,0.4082911,0.3621317,0.0,0.0,1.0
-0.7136898,0.4292043,0.1076356,0.8660623,-0.4999217,-0.003784946
-0.707426,0.4381288,0.3621317,0.8660623,-0.4999217,-0.003784946
-0.718453,0.4190256,0.3621317,0.8660623,-0.4999217,-0.003784946
-0.8417148,0.4361523,0.3621317,0.0,0.0,1.0
-0.718453,0.4190256,0.3621317,0.0,0.0,1.0
-0.707426,0.4381288,0.3621317,0.0,0.0,1.0
-0.7184147,0.4191296,0.1076356,0.9053759,-0.424611,-3.706508e-05
-0.7136898,0.4292043,0.1076356,0.9053759,-0.424611,-3.706508e-05
-0.718453,0.4190256,0.3621317,0.9053759,-0.424611,-3.706508e-05
-0.7213222,0.408349,0.1076356,0.9655009,-0.2603997,3.908618e-05
-0.7184147,0.4191296,0.1076356,0.9655009,-0.2603997,3.908618e-05
-0.718453,0.4190256,0.3621317,0.9655009,-0.2603997,3.908618e-05
-0.8417148,0.4361523,0.3621317,0.0,0.0,1.0
-0.9125626,0.4148272,0.3621317,0.0,0.0,1.0
-0.718453,0.4190256,0.3621317,0.0,0.0,1.0
-0.7073245,0.4382492,0.1076356,0.7073644,-0.706849,-5.226342e-05
-0.6995997,0.4459608,0.3621317,0.7073644,-0.706849,-5.226342e-05
-0.707426,0.4381288,0.3621317,0.7073644,-0.706849,-5.226342e-05
-0.8395747,0.4451265,0.3621317,0.0,0.0,1.0
-0.707426,0.4381288,0.3621317,0.0,0.0,1.0
-0.6995997,0.4459608,0.3621317,0.0,0.0,1.0
-0.7136898,0.4292043,0.1076356,0.8177929,-0.5755126,5.388703e-05
-0.7073245,0.4382492,0.1076356,0.8177929,-0.5755126,5.388703e-05
-0.707426,0.4381288,0.3621317,0.8177929,-0.5755126,5.388703e-05
-0.8395747,0.4451265,0.3621317,0.0,0.0,1.0
-0.8417148,0.4361523,0.3621317,0.0,0.0,1.0
-0.707426,0.4381288,0.3621317,0.0,0.0,1.0
-0.6904089,0.4523889,0.1076356,0.5736964,-0.819068,3.03265e-05
-0.69049,0.4523415,0.3621317,0.5736964,-0.819068,3.03265e-05
-0.6995997,0.4459608,0.3621317,0.5736964,-0.819068,3.03265e-05
-0.8395747,0.4451265,0.3621317,0.0,0.0,1.0
-0.6995997,0.4459608,0.3621317,0.0,0.0,1.0
-0.69049,0.4523415,0.3621317,0.0,0.0,1.0
-0.7073245,0.4382492,0.1076356,0.6413391,-0.7672482,0.003782012
-0.6904089,0.4523889,0.1076356,0.6413391,-0.7672482,0.003782012
-0.6995997,0.4459608,0.3621317,0.6413391,-0.7672482,0.003782012
-0.6904089,0.4523889,0.1076356,0.4226505,-0.9062927,-3.404122e-05
-0.6804123,0.4570412,0.3621317,0.4226505,-0.9062927,-3.404122e-05
-0.69049,0.4523415,0.3621317,0.4226505,-0.9062927,-3.404122e-05
-0.8395747,0.4451265,0.3621317,0.0,0.0,1.0
-0.69049,0.4523415,0.3621317,0.0,0.0,1.0
-0.6804123,0.4570412,0.3621317,0.0,0.0,1.0
-0.6697006,0.4599067,0.1076356,0.2584622,-0.9660214,1.670511e-06
-0.6697029,0.4599066,0.3621317,0.2584622,-0.9660214,1.670511e-06
-0.6804123,0.4570412,0.3621317,0.2584622,-0.9660214,1.670511e-06
-0.8395747,0.4451265,0.3621317,0.0,0.0,1.0
-0.6804123,0.4570412,0.3621317,0.0,0.0,1.0
-0.6697029,0.4599066,0.3621317,0.0,0.0,1.0
-0.6904089,0.4523889,0.1076356,0.3412425,-0.9399677,0.003779252
-0.6697006,0.4599067,0.1076356,0.3412425,-0.9399677,0.003779252
-0.6804123,0.4570412,0.3621317,0.3412425,-0.9399677,0.003779252
-0.6697006,0.4599067,0.1076356,7.528417e-06,-1.0,-6.523384e-07
-0.6476485,0.4599067,0.3621317,7.528417e-06,-1.0,-6.523384e-07
-0.6697029,0.4599066,0.3621317,7.528417e-06,-1.0,-6.523384e-07
-0.4841796,0.4648401,0.3621317,0.0,0.0,1.0
-0.6697029,0.4599066,0.3621317,0.0,0.0,1.0
-0.6476485,0.4599067,0.3621317,0.0,0.0,1.0
-0.8931752,0.4961281,0.3621317,0.0,0.0,1.0
-0.8395747,0.4451265,0.3621317,0.0,0.0,1.0
-0.6697029,0.4599066,0.3621317,0.0,0.0,1.0
-0.4877232,0.4733583,0.3621317,0.0,0.0,1.0
-0.8931752,0.4961281,0.3621317,0.0,0.0,1.0
-0.6697029,0.4599066,0.3621317,0.0,0.0,1.0
-0.4841796,0.4648401,0.3621317,0.0,0.0,1.0
-0.4877232,0.4733583,0.3621317,0.0,0.0,1.0
-0.6697029,0.4599066,0.3621317,0.0,0.0,1.0
-0.6369367,0.4570412,0.1076356,-0.3412425,-0.9399677,-0.003779252
-0.6269401,0.4523889,0.3621317,-0.3412425,-0.9399677,-0.003779252
-0.6476485,0.4599067,0.3621317,-0.3412425,-0.9399677,-0.003779252
-0.410838,0.4550845,0.3621317,0.0,0.0,1.0
-0.6476485,0.4599067,0.3621317,0.0,0.0,1.0
-0.6269401,0.4523889,0.3621317,0.0,0.0,1.0
-0.6476462,0.4599066,0.1076356,-0.2584622,-0.9660214,-1.670511e-06
-0.6369367,0.4570412,0.1076356,-0.2584622,-0.9660214,-1.670511e-06
-0.6476485,0.4599067,0.3621317,-0.2584622,-0.9660214,-1.670511e-06
-0.6697006,0.4599067,0.1076356,-7.528417e-06,-1.0,6.523384e-07
-0.6476462,0.4599066,0.1076356,-7.528417e-06,-1.0,6.523384e-07
-0.6476485,0.4599067,0.3621317,-7.528417e-06,-1.0,6.523384e-07
-0.410838,0.4550845,0.3621317,0.0,0.0,1.0
-0.4841796,0.4648401,0.3621317,0.0,0.0,1.0
-0.6476485,0.4599067,0.3621317,0.0,0.0,1.0
-0.6177494,0.4459608,0.1076356,-0.6413391,-0.7672482,-0.003782012
-0.6100246,0.4382492,0.3621317,-0.6413391,-0.7672482,-0.003782012
-0.6269401,0.4523889,0.3621317,-0.6413391,-0.7672482,-0.003782012
-0.410838,0.4550845,0.3621317,0.0,0.0,1.0
-0.6269401,0.4523889,0.3621317,0.0,0.0,1.0
-0.6100246,0.4382492,0.3621317,0.0,0.0,1.0
-0.6268591,0.4523415,0.1076356,-0.5736964,-0.819068,-3.03265e-05
-0.6177494,0.4459608,0.1076356,-0.5736964,-0.819068,-3.03265e-05
-0.6269401,0.4523889,0.3621317,-0.5736964,-0.819068,-3.03265e-05
-0.6369367,0.4570412,0.1076356,-0.4226505,-0.9062927,3.404122e-05
-0.6268591,0.4523415,0.1076356,-0.4226505,-0.9062927,3.404122e-05
-0.6269401,0.4523889,0.3621317,-0.4226505,-0.9062927,3.404122e-05
-0.6099231,0.4381288,0.1076356,-0.8177929,-0.5755126,-5.388703e-05
-0.6036593,0.4292043,0.3621317,-0.8177929,-0.5755126,-5.388703e-05
-0.6100246,0.4382492,0.3621317,-0.8177929,-0.5755126,-5.388703e-05
-0.4066791,0.432835,0.3621317,0.0,0.0,1.0
-0.6100246,0.4382492,0.3621317,0.0,0.0,1.0
-0.6036593,0.4292043,0.3621317,0.0,0.0,1.0
-0.6177494,0.4459608,0.1076356,-0.7073644,-0.706849,5.226342e-05
-0.6099231,0.4381288,0.1076356,-0.7073644,-0.706849,5.226342e-05
-0.6100246,0.4382492,0.3621317,-0.7073644,-0.706849,5.226342e-05
-0.410838,0.4550845,0.3621317,0.0,0.0,1.0
-0.6100246,0.4382492,0.3621317,0.0,0.0,1.0
-0.4066791,0.432835,0.3621317,0.0,0.0,1.0
-0.598896,0.4190256,0.1076356,-0.9053759,-0.424611,3.706508e-05
-0.5989344,0.4191296,0.3621317,-0.9053759,-0.424611,3.706508e-05
-0.6036593,0.4292043,0.3621317,-0.9053759,-0.424611,3.706508e-05
-0.4066791,0.432835,0.3621317,0.0,0.0,1.0
-0.6036593,0.4292043,0.3621317,0.0,0.0,1.0
-0.5989344,0.4191296,0.3621317,0.0,0.0,1.0
-0.6099231,0.4381288,0.1076356,-0.8660623,-0.4999217,0.003784946
-0.598896,0.4190256,0.1076356,-0.8660623,-0.4999217,0.003784946
-0.6036593,0.4292043,0.3621317,-0.8660623,-0.4999217,0.003784946
-0.598896,0.4190256,0.1076356,-0.9655009,-0.2603997,-3.908618e-05
-0.5960268,0.408349,0.3621317,-0.9655009,-0.2603997,-3.908618e-05
-0.5989344,0.4191296,0.3621317,-0.9655009,-0.2603997,-3.908618e-05
-0.4066791,0.432835,0.3621317,0.0,0.0,1.0
-0.5989344,0.4191296,0.3621317,0.0,0.0,1.0
-0.5960268,0.408349,0.3621317,0.0,0.0,1.0
-0.5950505,0.3972459,0.1076356,-0.9961564,-0.08759288,0.0
-0.5950505,0.3972459,0.3621317,-0.9961564,-0.08759288,0.0
-0.5960268,0.408349,0.3621317,-0.9961564,-0.08759288,0.0
-0.4066791,0.432835,0.3621317,0.0,0.0,1.0
-0.5960268,0.408349,0.3621317,0.0,0.0,1.0
-0.5950505,0.3972459,0.3621317,0.0,0.0,1.0
-0.5960166,0.4082911,0.1076356,-0.9961968,-0.08713207,-2.025949e-05
-0.5950505,0.3972459,0.1076356,-0.9961968,-0.08713207,-2.025949e-05
-0.5960268,0.408349,0.3621317,-0.9961968,-0.08713207,-2.025949e-05
-0.598896,0.4190256,0.1076356,-0.9658549,-0.2590834,2.012582e-05
-0.5960166,0.4082911,0.1076356,-0.9658549,-0.2590834,2.012582e-05
-0.5960268,0.408349,0.3621317,-0.9658549,-0.2590834,2.012582e-05
-0.5960268,0.3861427,0.1076356,-0.9961564,0.08759288,0.0
-0.5950505,0.3972459,0.3621317,-0.9961564,0.08759288,0.0
-0.5950505,0.3972459,0.1076356,-0.9961564,0.08759288,0.0
-0.5960166,0.3862007,0.3621317,-0.9961968,0.08713207,2.025949e-05
-0.5950505,0.3972459,0.3621317,-0.9961968,0.08713207,2.025949e-05
-0.5960268,0.3861427,0.1076356,-0.9961968,0.08713207,2.025949e-05
-0.471545,0.3972459,0.3621317,0.0,0.0,1.0
-0.5950505,0.3972459,0.3621317,0.0,0.0,1.0
-0.5960166,0.3862007,0.3621317,0.0,0.0,1.0
-0.4066791,0.432835,0.3621317,0.0,0.0,1.0
-0.5950505,0.3972459,0.3621317,0.0,0.0,1.0
-0.471545,0.3972459,0.3621317,0.0,0.0,1.0
-0.471545,0.3972459,0.1076356,0.0,0.0,-1.0
-0.5950505,0.3972459,0.1076356,0.0,0.0,-1.0
-0.5960166,0.4082911,0.1076356,0.0,0.0,-1.0
-0.4717725,0.3880228,0.1076356,0.0,0.0,-1.0
-0.5960268,0.3861427,0.1076356,0.0,0.0,-1.0
-0.5950505,0.3972459,0.1076356,0.0,0.0,-1.0
-0.471545,0.3972459,0.1076356,0.0,0.0,-1.0
-0.4717725,0.3880228,0.1076356,0.0,0.0,-1.0
-0.5950505,0.3972459,0.1076356,0.0,0.0,-1.0
-0.471545,0.3972459,0.1076356,0.0,0.0,-1.0
-0.5960166,0.4082911,0.1076356,0.0,0.0,-1.0
-0.598896,0.4190256,0.1076356,0.0,0.0,-1.0
-0.4066791,0.432835,0.1076356,0.0,0.0,-1.0
-0.598896,0.4190256,0.1076356,0.0,0.0,-1.0
-0.6099231,0.4381288,0.1076356,0.0,0.0,-1.0
-0.471545,0.3972459,0.1076356,0.0,0.0,-1.0
-0.598896,0.4190256,0.1076356,0.0,0.0,-1.0
-0.4066791,0.432835,0.1076356,0.0,0.0,-1.0
-0.4066791,0.432835,0.1076356,0.0,0.0,-1.0
-0.6099231,0.4381288,0.1076356,0.0,0.0,-1.0
-0.6177494,0.4459608,0.1076356,0.0,0.0,-1.0
-0.4066791,0.432835,0.1076356,0.0,0.0,-1.0
-0.6177494,0.4459608,0.1076356,0.0,0.0,-1.0
-0.6268591,0.4523415,0.1076356,0.0,0.0,-1.0
-0.410838,0.4550845,0.1076356,0.0,0.0,-1.0
-0.6268591,0.4523415,0.1076356,0.0,0.0,-1.0
-0.6369367,0.4570412,0.1076356,0.0,0.0,-1.0
-0.410838,0.4550845,0.1076356,0.0,0.0,-1.0
-0.4066791,0.432835,0.1076356,0.0,0.0,-1.0
-0.6268591,0.4523415,0.1076356,0.0,0.0,-1.0
-0.410838,0.4550845,0.1076356,0.0,0.0,-1.0
-0.6369367,0.4570412,0.1076356,0.0,0.0,-1.0
-0.6476462,0.4599066,0.1076356,0.0,0.0,-1.0
-0.8931752,0.4961281,0.1076356,0.0,0.0,-1.0
-0.6476462,0.4599066,0.1076356,0.0,0.0,-1.0
-0.6697006,0.4599067,0.1076356,0.0,0.0,-1.0
-0.4841796,0.4648401,0.1076356,0.0,0.0,-1.0
-0.410838,0.4550845,0.1076356,0.0,0.0,-1.0
-0.6476462,0.4599066,0.1076356,0.0,0.0,-1.0
-0.8931752,0.4961281,0.1076356,0.0,0.0,-1.0
-0.4841796,0.4648401,0.1076356,0.0,0.0,-1.0
-0.6476462,0.4599066,0.1076356,0.0,0.0,-1.0
-0.8931752,0.4961281,0.1076356,0.0,0.0,-1.0
-0.6697006,0.4599067,0.1076356,0.0,0.0,-1.0
-0.6904089,0.4523889,0.1076356,0.0,0.0,-1.0
-0.8395747,0.4451265,0.1076356,0.0,0.0,-1.0
-0.6904089,0.4523889,0.1076356,0.0,0.0,-1.0
-0.7073245,0.4382492,0.1076356,0.0,0.0,-1.0
-0.8395747,0.4451265,0.1076356,0.0,0.0,-1.0
-0.8931752,0.4961281,0.1076356,0.0,0.0,-1.0
-0.6904089,0.4523889,0.1076356,0.0,0.0,-1.0
-0.8417148,0.4361523,0.1076356,0.0,0.0,-1.0
-0.7073245,0.4382492,0.1076356,0.0,0.0,-1.0
-0.7136898,0.4292043,0.1076356,0.0,0.0,-1.0
-0.8417148,0.4361523,0.1076356,0.0,0.0,-1.0
-0.8395747,0.4451265,0.1076356,0.0,0.0,-1.0
-0.7073245,0.4382492,0.1076356,0.0,0.0,-1.0
-0.8417148,0.4361523,0.1076356,0.0,0.0,-1.0
-0.7136898,0.4292043,0.1076356,0.0,0.0,-1.0
-0.7184147,0.4191296,0.1076356,0.0,0.0,-1.0
-0.9125626,0.4148272,0.1076356,0.0,0.0,-1.0
-0.7184147,0.4191296,0.1076356,0.0,0.0,-1.0
-0.7213222,0.408349,0.1076356,0.0,0.0,-1.0
-0.9125626,0.4148272,0.1076356,0.0,0.0,-1.0
-0.8417148,0.4361523,0.1076356,0.0,0.0,-1.0
-0.7184147,0.4191296,0.1076356,0.0,0.0,-1.0
-0.9125626,0.4148272,0.1076356,0.0,0.0,-1.0
-0.7213222,0.408349,0.1076356,0.0,0.0,-1.0
-0.7222985,0.3972459,0.1076356,0.0,0.0,-1.0
-0.7213222,0.3861427,0.3621317,0.9961968,0.08713207,-2.025949e-05
-0.7213325,0.3862007,0.1076356,0.9961968,0.08713207,-2.025949e-05
-0.7222985,0.3972459,0.1076356,0.9961968,0.08713207,-2.025949e-05
-0.9131206,0.3921993,0.1076356,0.0,0.0,-1.0
-0.7222985,0.3972459,0.1076356,0.0,0.0,-1.0
-0.7213325,0.3862007,0.1076356,0.0,0.0,-1.0
-0.9131206,0.3921993,0.1076356,0.0,0.0,-1.0
-0.9125626,0.4148272,0.1076356,0.0,0.0,-1.0
-0.7222985,0.3972459,0.1076356,0.0,0.0,-1.0
-0.7213222,0.3861427,0.3621317,0.9658549,0.2590834,2.012582e-05
-0.718453,0.3754661,0.1076356,0.9658549,0.2590834,2.012582e-05
-0.7213325,0.3862007,0.1076356,0.9658549,0.2590834,2.012582e-05
-0.9131206,0.3921993,0.1076356,0.0,0.0,-1.0
-0.7213325,0.3862007,0.1076356,0.0,0.0,-1.0
-0.718453,0.3754661,0.1076356,0.0,0.0,-1.0
-0.7136898,0.3652875,0.3621317,0.8660623,0.4999217,0.003784946
-0.707426,0.3563629,0.1076356,0.8660623,0.4999217,0.003784946
-0.718453,0.3754661,0.1076356,0.8660623,0.4999217,0.003784946
-0.8434099,0.3674083,0.1076356,0.0,0.0,-1.0
-0.718453,0.3754661,0.1076356,0.0,0.0,-1.0
-0.707426,0.3563629,0.1076356,0.0,0.0,-1.0
-0.7184147,0.3753621,0.3621317,0.9053759,0.424611,3.706508e-05
-0.7136898,0.3652875,0.3621317,0.9053759,0.424611,3.706508e-05
-0.718453,0.3754661,0.1076356,0.9053759,0.424611,3.706508e-05
-0.7213222,0.3861427,0.3621317,0.9655009,0.2603997,-3.908618e-05
-0.7184147,0.3753621,0.3621317,0.9655009,0.2603997,-3.908618e-05
-0.718453,0.3754661,0.1076356,0.9655009,0.2603997,-3.908618e-05
-0.8434099,0.3674083,0.1076356,0.0,0.0,-1.0
-0.9131206,0.3921993,0.1076356,0.0,0.0,-1.0
-0.718453,0.3754661,0.1076356,0.0,0.0,-1.0
-0.7073245,0.3562425,0.3621317,0.7073644,0.706849,5.226342e-05
-0.6995997,0.3485309,0.1076356,0.7073644,0.706849,5.226342e-05
-0.707426,0.3563629,0.1076356,0.7073644,0.706849,5.226342e-05
-0.8417148,0.3583395,0.1076356,0.0,0.0,-1.0
-0.707426,0.3563629,0.1076356,0.0,0.0,-1.0
-0.6995997,0.3485309,0.1076356,0.0,0.0,-1.0
-0.7136898,0.3652875,0.3621317,0.8177929,0.5755126,-5.388703e-05
-0.7073245,0.3562425,0.3621317,0.8177929,0.5755126,-5.388703e-05
-0.707426,0.3563629,0.1076356,0.8177929,0.5755126,-5.388703e-05
-0.8417148,0.3583395,0.1076356,0.0,0.0,-1.0
-0.8434099,0.3674083,0.1076356,0.0,0.0,-1.0
-0.707426,0.3563629,0.1076356,0.0,0.0,-1.0
-0.6904089,0.3421029,0.3621317,0.5736964,0.819068,-3.03265e-05
-0.69049,0.3421502,0.1076356,0.5736964,0.819068,-3.03265e-05
-0.6995997,0.3485309,0.1076356,0.5736964,0.819068,-3.03265e-05
-0.8417148,0.3583395,0.1076356,0.0,0.0,-1.0
-0.6995997,0.3485309,0.1076356,0.0,0.0,-1.0
-0.69049,0.3421502,0.1076356,0.0,0.0,-1.0
-0.7073245,0.3562425,0.3621317,0.6413391,0.7672482,-0.003782012
-0.6904089,0.3421029,0.3621317,0.6413391,0.7672482,-0.003782012
-0.6995997,0.3485309,0.1076356,0.6413391,0.7672482,-0.003782012
-0.6904089,0.3421029,0.3621317,0.4226505,0.9062927,3.404122e-05
-0.6804123,0.3374505,0.1076356,0.4226505,0.9062927,3.404122e-05
-0.69049,0.3421502,0.1076356,0.4226505,0.9062927,3.404122e-05
-0.8417148,0.3583395,0.1076356,0.0,0.0,-1.0
-0.69049,0.3421502,0.1076356,0.0,0.0,-1.0
-0.6804123,0.3374505,0.1076356,0.0,0.0,-1.0
-0.6697006,0.334585,0.3621317,0.2584622,0.9660214,-1.670511e-06
-0.6697029,0.3345852,0.1076356,0.2584622,0.9660214,-1.670511e-06
-0.6804123,0.3374505,0.1076356,0.2584622,0.9660214,-1.670511e-06
-0.8417148,0.3583395,0.1076356,0.0,0.0,-1.0
-0.6804123,0.3374505,0.1076356,0.0,0.0,-1.0
-0.6697029,0.3345852,0.1076356,0.0,0.0,-1.0
-0.6904089,0.3421029,0.3621317,0.3412425,0.9399677,-0.003779252
-0.6697006,0.334585,0.3621317,0.3412425,0.9399677,-0.003779252
-0.6804123,0.3374505,0.1076356,0.3412425,0.9399677,-0.003779252
-0.6697006,0.334585,0.3621317,7.528417e-06,1.0,6.523384e-07
-0.6476485,0.334585,0.1076356,7.528417e-06,1.0,6.523384e-07
-0.6697029,0.3345852,0.1076356,7.528417e-06,1.0,6.523384e-07
-0.4139899,0.3272624,0.1076356,0.0,0.0,-1.0
-0.6697029,0.3345852,0.1076356,0.0,0.0,-1.0
-0.6476485,0.334585,0.1076356,0.0,0.0,-1.0
-0.8977638,0.3100417,0.1076356,0.0,0.0,-1.0
-0.8417148,0.3583395,0.1076356,0.0,0.0,-1.0
-0.6697029,0.3345852,0.1076356,0.0,0.0,-1.0
-0.4916824,0.3128002,0.1076356,0.0,0.0,-1.0
-0.8977638,0.3100417,0.1076356,0.0,0.0,-1.0
-0.6697029,0.3345852,0.1076356,0.0,0.0,-1.0
-0.4877232,0.3211335,0.1076356,0.0,0.0,-1.0
-0.4916824,0.3128002,0.1076356,0.0,0.0,-1.0
-0.6697029,0.3345852,0.1076356,0.0,0.0,-1.0
-0.4139899,0.3272624,0.1076356,0.0,0.0,-1.0
-0.4877232,0.3211335,0.1076356,0.0,0.0,-1.0
-0.6697029,0.3345852,0.1076356,0.0,0.0,-1.0
-0.6369367,0.3374505,0.3621317,-0.3412425,0.9399677,0.003779252
-0.6269401,0.3421029,0.1076356,-0.3412425,0.9399677,0.003779252
-0.6476485,0.334585,0.1076356,-0.3412425,0.9399677,0.003779252
-0.4139899,0.3272624,0.1076356,0.0,0.0,-1.0
-0.6476485,0.334585,0.1076356,0.0,0.0,-1.0
-0.6269401,0.3421029,0.1076356,0.0,0.0,-1.0
-0.6476462,0.3345852,0.3621317,-0.2584622,0.9660214,1.670511e-06
-0.6369367,0.3374505,0.3621317,-0.2584622,0.9660214,1.670511e-06
-0.6476485,0.334585,0.1076356,-0.2584622,0.9660214,1.670511e-06
-0.6697006,0.334585,0.3621317,-7.528417e-06,1.0,-6.523384e-07
-0.6476462,0.3345852,0.3621317,-7.528417e-06,1.0,-6.523384e-07
-0.6476485,0.334585,0.1076356,-7.528417e-06,1.0,-6.523384e-07
-0.6177494,0.3485309,0.3621317,-0.6413391,0.7672482,0.003782012
-0.6100246,0.3562425,0.1076356,-0.6413391,0.7672482,0.003782012
-0.6269401,0.3421029,0.1076356,-0.6413391,0.7672482,0.003782012
-0.4087395,0.3492798,0.1076356,0.0,0.0,-1.0
-0.6269401,0.3421029,0.1076356,0.0,0.0,-1.0
-0.6100246,0.3562425,0.1076356,0.0,0.0,-1.0
-0.6268591,0.3421502,0.3621317,-0.5736964,0.819068,3.03265e-05
-0.6177494,0.3485309,0.3621317,-0.5736964,0.819068,3.03265e-05
-0.6269401,0.3421029,0.1076356,-0.5736964,0.819068,3.03265e-05
-0.6369367,0.3374505,0.3621317,-0.4226505,0.9062927,-3.404122e-05
-0.6268591,0.3421502,0.3621317,-0.4226505,0.9062927,-3.404122e-05
-0.6269401,0.3421029,0.1076356,-0.4226505,0.9062927,-3.404122e-05
-0.4087395,0.3492798,0.1076356,0.0,0.0,-1.0
-0.4139899,0.3272624,0.1076356,0.0,0.0,-1.0
-0.6269401,0.3421029,0.1076356,0.0,0.0,-1.0
-0.6099231,0.3563629,0.3621317,-0.8177929,0.5755126,5.388703e-05
-0.6036593,0.3652875,0.1076356,-0.8177929,0.5755126,5.388703e-05
-0.6100246,0.3562425,0.1076356,-0.8177929,0.5755126,5.388703e-05
-0.4087395,0.3492798,0.1076356,0.0,0.0,-1.0
-0.6100246,0.3562425,0.1076356,0.0,0.0,-1.0
-0.6036593,0.3652875,0.1076356,0.0,0.0,-1.0
-0.6177494,0.3485309,0.3621317,-0.7073644,0.706849,-5.226342e-05
-0.6099231,0.3563629,0.3621317,-0.7073644,0.706849,-5.226342e-05
-0.6100246,0.3562425,0.1076356,-0.7073644,0.706849,-5.226342e-05
-0.598896,0.3754661,0.3621317,-0.9053759,0.424611,-3.706508e-05
-0.5989344,0.3753621,0.1076356,-0.9053759,0.424611,-3.706508e-05
-0.6036593,0.3652875,0.1076356,-0.9053759,0.424611,-3.706508e-05
-0.4087395,0.3492798,0.1076356,0.0,0.0,-1.0
-0.6036593,0.3652875,0.1076356,0.0,0.0,-1.0
-0.5989344,0.3753621,0.1076356,0.0,0.0,-1.0
-0.6099231,0.3563629,0.3621317,-0.8660623,0.4999217,-0.003784946
-0.598896,0.3754661,0.3621317,-0.8660623,0.4999217,-0.003784946
-0.6036593,0.3652875,0.1076356,-0.8660623,0.4999217,-0.003784946
-0.598896,0.3754661,0.3621317,-0.9655009,0.2603997,3.908618e-05
-0.5960268,0.3861427,0.1076356,-0.9655009,0.2603997,3.908618e-05
-0.5989344,0.3753621,0.1076356,-0.9655009,0.2603997,3.908618e-05
-0.4087395,0.3492798,0.1076356,0.0,0.0,-1.0
-0.5989344,0.3753621,0.1076356,0.0,0.0,-1.0
-0.5960268,0.3861427,0.1076356,0.0,0.0,-1.0
-0.598896,0.3754661,0.3621317,-0.9658549,0.2590834,-2.012582e-05
-0.5960166,0.3862007,0.3621317,-0.9658549,0.2590834,-2.012582e-05
-0.5960268,0.3861427,0.1076356,-0.9658549,0.2590834,-2.012582e-05
-0.4717725,0.3880228,0.1076356,0.0,0.0,-1.0
-0.4087395,0.3492798,0.1076356,0.0,0.0,-1.0
-0.5960268,0.3861427,0.1076356,0.0,0.0,-1.0
-0.4717725,0.3880228,0.3621317,0.0,0.0,1.0
-0.5960166,0.3862007,0.3621317,0.0,0.0,1.0
-0.598896,0.3754661,0.3621317,0.0,0.0,1.0
-0.4717725,0.3880228,0.3621317,0.0,0.0,1.0
-0.471545,0.3972459,0.3621317,0.0,0.0,1.0
-0.5960166,0.3862007,0.3621317,0.0,0.0,1.0
-0.4717725,0.3880228,0.3621317,0.0,0.0,1.0
-0.598896,0.3754661,0.3621317,0.0,0.0,1.0
-0.6099231,0.3563629,0.3621317,0.0,0.0,1.0
-0.4087395,0.3492798,0.3621317,0.0,0.0,1.0
-0.6099231,0.3563629,0.3621317,0.0,0.0,1.0
-0.6177494,0.3485309,0.3621317,0.0,0.0,1.0
-0.4087395,0.3492798,0.3621317,0.0,0.0,1.0
-0.4717725,0.3880228,0.3621317,0.0,0.0,1.0
-0.6099231,0.3563629,0.3621317,0.0,0.0,1.0
-0.4087395,0.3492798,0.3621317,0.0,0.0,1.0
-0.6177494,0.3485309,0.3621317,0.0,0.0,1.0
-0.6268591,0.3421502,0.3621317,0.0,0.0,1.0
-0.4087395,0.3492798,0.3621317,0.0,0.0,1.0
-0.6268591,0.3421502,0.3621317,0.0,0.0,1.0
-0.6369367,0.3374505,0.3621317,0.0,0.0,1.0
-0.4087395,0.3492798,0.3621317,0.0,0.0,1.0
-0.6369367,0.3374505,0.3621317,0.0,0.0,1.0
-0.6476462,0.3345852,0.3621317,0.0,0.0,1.0
-0.8977638,0.3100417,0.3621317,0.0,0.0,1.0
-0.6476462,0.3345852,0.3621317,0.0,0.0,1.0
-0.6697006,0.334585,0.3621317,0.0,0.0,1.0
-0.4139899,0.3272624,0.3621317,0.0,0.0,1.0
-0.4087395,0.3492798,0.3621317,0.0,0.0,1.0
-0.6476462,0.3345852,0.3621317,0.0,0.0,1.0
-0.8977638,0.3100417,0.3621317,0.0,0.0,1.0
-0.4139899,0.3272624,0.3621317,0.0,0.0,1.0
-0.6476462,0.3345852,0.3621317,0.0,0.0,1.0
-0.8977638,0.3100417,0.3621317,0.0,0.0,1.0
-0.6697006,0.334585,0.3621317,0.0,0.0,1.0
-0.6904089,0.3421029,0.3621317,0.0,0.0,1.0
-0.8977638,0.3100417,0.3621317,0.0,0.0,1.0
-0.6904089,0.3421029,0.3621317,0.0,0.0,1.0
-0.7073245,0.3562425,0.3621317,0.0,0.0,1.0
-0.8417148,0.3583395,0.3621317,0.0,0.0,1.0
-0.7073245,0.3562425,0.3621317,0.0,0.0,1.0
-0.7136898,0.3652875,0.3621317,0.0,0.0,1.0
-0.8417148,0.3583395,0.3621317,0.0,0.0,1.0
-0.8977638,0.3100417,0.3621317,0.0,0.0,1.0
-0.7073245,0.3562425,0.3621317,0.0,0.0,1.0
-0.8434099,0.3674083,0.3621317,0.0,0.0,1.0
-0.7136898,0.3652875,0.3621317,0.0,0.0,1.0
-0.7184147,0.3753621,0.3621317,0.0,0.0,1.0
-0.8434099,0.3674083,0.3621317,0.0,0.0,1.0
-0.8417148,0.3583395,0.3621317,0.0,0.0,1.0
-0.7136898,0.3652875,0.3621317,0.0,0.0,1.0
-0.8434099,0.3674083,0.3621317,0.0,0.0,1.0
-0.7184147,0.3753621,0.3621317,0.0,0.0,1.0
-0.7213222,0.3861427,0.3621317,0.0,0.0,1.0
-0.9131206,0.3921993,0.3621317,0.0,0.0,1.0
-0.8434099,0.3674083,0.3621317,0.0,0.0,1.0
-0.7213222,0.3861427,0.3621317,0.0,0.0,1.0
-0.410838,0.4550845,0.3621317,0.9829756,0.1837361,0.0
-0.4066791,0.432835,0.1076356,0.9829756,0.1837361,0.0
-0.410838,0.4550845,0.1076356,0.9829756,0.1837361,0.0
-0.4066791,0.432835,0.3621317,0.4810144,-0.8767127,0.0
-0.471545,0.3972459,0.1076356,0.4810144,-0.8767127,0.0
-0.4066791,0.432835,0.1076356,0.4810144,-0.8767127,0.0
-0.410838,0.4550845,0.3621317,0.9829756,0.1837361,0.0
-0.4066791,0.432835,0.3621317,0.9829756,0.1837361,0.0
-0.4066791,0.432835,0.1076356,0.9829756,0.1837361,0.0
-0.4841796,0.4648401,0.3621317,0.1318545,0.9912691,0.0
-0.410838,0.4550845,0.1076356,0.1318545,0.9912691,0.0
-0.4841796,0.4648401,0.1076356,0.1318545,0.9912691,0.0
-0.410838,0.4550845,0.3621317,0.1318545,0.9912691,0.0
-0.410838,0.4550845,0.1076356,0.1318545,0.9912691,0.0
-0.4841796,0.4648401,0.3621317,0.1318545,0.9912691,0.0
-0.8931752,0.4961281,0.1076356,0.0,0.0,-1.0
-0.4877232,0.4733583,0.1076356,0.0,0.0,-1.0
-0.4841796,0.4648401,0.1076356,0.0,0.0,-1.0
-0.4877232,0.4733583,0.3621317,0.9232943,0.3840931,0.0
-0.4841796,0.4648401,0.1076356,0.9232943,0.3840931,0.0
-0.4877232,0.4733583,0.1076356,0.9232943,0.3840931,0.0
-0.4841796,0.4648401,0.3621317,0.9232943,0.3840931,0.0
-0.4841796,0.4648401,0.1076356,0.9232943,0.3840931,0.0
-0.4877232,0.4733583,0.3621317,0.9232943,0.3840931,0.0
-0.5267586,0.5299697,0.1076356,0.0,0.0,-1.0
-0.4429407,0.5322539,0.1076356,0.0,0.0,-1.0
-0.4877232,0.4733583,0.1076356,0.0,0.0,-1.0
-0.4429407,0.5322539,0.3621317,0.7960197,-0.6052707,0.0
-0.4877232,0.4733583,0.1076356,0.7960197,-0.6052707,0.0
-0.4429407,0.5322539,0.1076356,0.7960197,-0.6052707,0.0
-0.8044603,0.5145658,0.1076356,0.0,0.0,-1.0
-0.5267586,0.5299697,0.1076356,0.0,0.0,-1.0
-0.4877232,0.4733583,0.1076356,0.0,0.0,-1.0
-0.8100655,0.5072378,0.1076356,0.0,0.0,-1.0
-0.8044603,0.5145658,0.1076356,0.0,0.0,-1.0
-0.4877232,0.4733583,0.1076356,0.0,0.0,-1.0
-0.8931752,0.4961281,0.1076356,0.0,0.0,-1.0
-0.8100655,0.5072378,0.1076356,0.0,0.0,-1.0
-0.4877232,0.4733583,0.1076356,0.0,0.0,-1.0
-0.4877232,0.4733583,0.3621317,0.7960197,-0.6052707,0.0
-0.4877232,0.4733583,0.1076356,0.7960197,-0.6052707,0.0
-0.4429407,0.5322539,0.3621317,0.7960197,-0.6052707,0.0
-0.5267586,0.5299697,0.1076356,0.0,0.0,-1.0
-0.4557896,0.5508883,0.1076356,0.0,0.0,-1.0
-0.4429407,0.5322539,0.1076356,0.0,0.0,-1.0
-0.4557896,0.5508883,0.3621317,0.8232607,0.5676635,0.0
-0.4429407,0.5322539,0.1076356,0.8232607,0.5676635,0.0
-0.4557896,0.5508883,0.1076356,0.8232607,0.5676635,0.0
-0.4429407,0.5322539,0.3621317,0.8232607,0.5676635,0.0
-0.4429407,0.5322539,0.1076356,0.8232607,0.5676635,0.0
-0.4557896,0.5508883,0.3621317,0.8232607,0.5676635,0.0
-0.5267586,0.5299697,0.3621317,-0.2827304,0.9591994,0.0
-0.4557896,0.5508883,0.1076356,-0.2827304,0.9591994,0.0
-0.5267586,0.5299697,0.1076356,-0.2827304,0.9591994,0.0
-0.4557896,0.5508883,0.3621317,-0.2827304,0.9591994,0.0
-0.4557896,0.5508883,0.1076356,-0.2827304,0.9591994,0.0
-0.5267586,0.5299697,0.3621317,-0.2827304,0.9591994,0.0
-0.7522393,0.5593048,0.1076356,0.0,0.0,-1.0
-0.5334605,0.5363102,0.1076356,0.0,0.0,-1.0
-0.5267586,0.5299697,0.1076356,0.0,0.0,-1.0
-0.5334605,0.5363102,0.3621317,0.6872466,0.7264242,0.0
-0.5267586,0.5299697,0.1076356,0.6872466,0.7264242,0.0
-0.5334605,0.5363102,0.1076356,0.6872466,0.7264242,0.0
-0.8044603,0.5145658,0.1076356,0.0,0.0,-1.0
-0.7522393,0.5593048,0.1076356,0.0,0.0,-1.0
-0.5267586,0.5299697,0.1076356,0.0,0.0,-1.0
-0.5267586,0.5299697,0.3621317,0.6872466,0.7264242,0.0
-0.5267586,0.5299697,0.1076356,0.6872466,0.7264242,0.0
-0.5334605,0.5363102,0.3621317,0.6872466,0.7264242,0.0
-0.5921469,0.5721502,0.1076356,0.0,0.0,-1.0
-0.5165046,0.6083287,0.1076356,0.0,0.0,-1.0
-0.5334605,0.5363102,0.1076356,0.0,0.0,-1.0
-0.5165046,0.6083287,0.3621317,0.973386,-0.2291719,0.0
-0.5334605,0.5363102,0.1076356,0.973386,-0.2291719,0.0
-0.5165046,0.6083287,0.1076356,0.973386,-0.2291719,0.0
-0.7441381,0.5637193,0.1076356,0.0,0.0,-1.0
-0.5921469,0.5721502,0.1076356,0.0,0.0,-1.0
-0.5334605,0.5363102,0.1076356,0.0,0.0,-1.0
-0.7522393,0.5593048,0.1076356,0.0,0.0,-1.0
-0.7441381,0.5637193,0.1076356,0.0,0.0,-1.0
-0.5334605,0.5363102,0.1076356,0.0,0.0,-1.0
-0.5334605,0.5363102,0.3621317,0.973386,-0.2291719,0.0
-0.5334605,0.5363102,0.1076356,0.973386,-0.2291719,0.0
-0.5165046,0.6083287,0.3621317,0.973386,-0.2291719,0.0
-0.5921469,0.5721502,0.1076356,0.0,0.0,-1.0
-0.535822,0.6201259,0.1076356,0.0,0.0,-1.0
-0.5165046,0.6083287,0.1076356,0.0,0.0,-1.0
-0.535822,0.6201259,0.3621317,0.5211965,0.8534367,0.0
-0.5165046,0.6083287,0.1076356,0.5211965,0.8534367,0.0
-0.535822,0.6201259,0.1076356,0.5211965,0.8534367,0.0
-0.5165046,0.6083287,0.3621317,0.5211965,0.8534367,0.0
-0.5165046,0.6083287,0.1076356,0.5211965,0.8534367,0.0
-0.535822,0.6201259,0.3621317,0.5211965,0.8534367,0.0
-0.5921469,0.5721502,0.3621317,-0.6484286,0.7612755,0.0
-0.535822,0.6201259,0.1076356,-0.6484286,0.7612755,0.0
-0.5921469,0.5721502,0.1076356,-0.6484286,0.7612755,0.0
-0.535822,0.6201259,0.3621317,-0.6484286,0.7612755,0.0
-0.535822,0.6201259,0.1076356,-0.6484286,0.7612755,0.0
-0.5921469,0.5721502,0.3621317,-0.6484286,0.7612755,0.0
-0.6782349,0.5833502,0.1076356,0.0,0.0,-1.0
-0.6008483,0.5752166,0.1076356,0.0,0.0,-1.0
-0.5921469,0.5721502,0.1076356,0.0,0.0,-1.0
-0.6008483,0.5752166,0.3621317,0.3323677,0.9431499,0.0
-0.5921469,0.5721502,0.1076356,0.3323677,0.9431499,0.0
-0.6008483,0.5752166,0.1076356,0.3323677,0.9431499,0.0
-0.7441381,0.5637193,0.1076356,0.0,0.0,-1.0
-0.6782349,0.5833502,0.1076356,0.0,0.0,-1.0
-0.5921469,0.5721502,0.1076356,0.0,0.0,-1.0
-0.5921469,0.5721502,0.3621317,0.3323677,0.9431499,0.0
-0.5921469,0.5721502,0.1076356,0.3323677,0.9431499,0.0
-0.6008483,0.5752166,0.3621317,0.3323677,0.9431499,0.0
-0.6690385,0.5840881,0.1076356,0.0,0.0,-1.0
-0.6146509,0.6479054,0.1076356,0.0,0.0,-1.0
-0.6008483,0.5752166,0.1076356,0.0,0.0,-1.0
-0.6146509,0.6479054,0.3621317,0.9824449,0.1865528,0.0
-0.6008483,0.5752166,0.1076356,0.9824449,0.1865528,0.0
-0.6146509,0.6479054,0.1076356,0.9824449,0.1865528,0.0
-0.6782349,0.5833502,0.1076356,0.0,0.0,-1.0
-0.6690385,0.5840881,0.1076356,0.0,0.0,-1.0
-0.6008483,0.5752166,0.1076356,0.0,0.0,-1.0
-0.6008483,0.5752166,0.3621317,0.9824449,0.1865528,0.0
-0.6008483,0.5752166,0.1076356,0.9824449,0.1865528,0.0
-0.6146509,0.6479054,0.3621317,0.9824449,0.1865528,0.0
-0.6690385,0.5840881,0.1076356,0.0,0.0,-1.0
-0.6370966,0.6508255,0.1076356,0.0,0.0,-1.0
-0.6146509,0.6479054,0.1076356,0.0,0.0,-1.0
-0.6370966,0.6508255,0.3621317,0.1290127,0.9916429,0.0
-0.6146509,0.6479054,0.1076356,0.1290127,0.9916429,0.0
-0.6370966,0.6508255,0.1076356,0.1290127,0.9916429,0.0
-0.6146509,0.6479054,0.3621317,0.1290127,0.9916429,0.0
-0.6146509,0.6479054,0.1076356,0.1290127,0.9916429,0.0
-0.6370966,0.6508255,0.3621317,0.1290127,0.9916429,0.0
-0.6690385,0.5840881,0.3621317,-0.9020076,0.4317201,0.0
-0.6370966,0.6508255,0.1076356,-0.9020076,0.4317201,0.0
-0.6690385,0.5840881,0.1076356,-0.9020076,0.4317201,0.0
-0.6370966,0.6508255,0.3621317,-0.9020076,0.4317201,0.0
-0.6370966,0.6508255,0.1076356,-0.9020076,0.4317201,0.0
-0.6690385,0.5840881,0.3621317,-0.9020076,0.4317201,0.0
-0.6782349,0.5833502,0.3621317,-0.07998065,0.9967964,0.0
-0.6690385,0.5840881,0.1076356,-0.07998065,0.9967964,0.0
-0.6782349,0.5833502,0.1076356,-0.07998065,0.9967964,0.0
-0.6690385,0.5840881,0.3621317,-0.07998065,0.9967964,0.0
-0.6690385,0.5840881,0.1076356,-0.07998065,0.9967964,0.0
-0.6782349,0.5833502,0.3621317,-0.07998065,0.9967964,0.0
-0.7421023,0.637679,0.1076356,0.0,0.0,-1.0
-0.7204094,0.6441407,0.1076356,0.0,0.0,-1.0
-0.6782349,0.5833502,0.1076356,0.0,0.0,-1.0
-0.7204094,0.6441407,0.3621317,0.8216303,0.5700208,0.0
-0.6782349,0.5833502,0.1076356,0.8216303,0.5700208,0.0
-0.7204094,0.6441407,0.1076356,0.8216303,0.5700208,0.0
-0.7441381,0.5637193,0.1076356,0.0,0.0,-1.0
-0.7421023,0.637679,0.1076356,0.0,0.0,-1.0
-0.6782349,0.5833502,0.1076356,0.0,0.0,-1.0
-0.6782349,0.5833502,0.3621317,0.8216303,0.5700208,0.0
-0.6782349,0.5833502,0.1076356,0.8216303,0.5700208,0.0
-0.7204094,0.6441407,0.3621317,0.8216303,0.5700208,0.0
-0.7421023,0.637679,0.3621317,-0.2854785,0.9583851,0.0
-0.7204094,0.6441407,0.1076356,-0.2854785,0.9583851,0.0
-0.7421023,0.637679,0.1076356,-0.2854785,0.9583851,0.0
-0.7204094,0.6441407,0.3621317,-0.2854785,0.9583851,0.0
-0.7204094,0.6441407,0.1076356,-0.2854785,0.9583851,0.0
-0.7421023,0.637679,0.3621317,-0.2854785,0.9583851,0.0
-0.7441381,0.5637193,0.3621317,-0.9996214,0.02751635,0.0
-0.7421023,0.637679,0.1076356,-0.9996214,0.02751635,0.0
-0.7441381,0.5637193,0.1076356,-0.9996214,0.02751635,0.0
-0.7421023,0.637679,0.3621317,-0.9996214,0.02751635,0.0
-0.7421023,0.637679,0.1076356,-0.9996214,0.02751635,0.0
-0.7441381,0.5637193,0.3621317,-0.9996214,0.02751635,0.0
-0.7522393,0.5593048,0.3621317,-0.4784996,0.8780878,0.0
-0.7441381,0.5637193,0.1076356,-0.4784996,0.8780878,0.0
-0.7522393,0.5593048,0.1076356,-0.4784996,0.8780878,0.0
-0.7441381,0.5637193,0.3621317,-0.4784996,0.8780878,0.0
-0.7441381,0.5637193,0.1076356,-0.4784996,0.8780878,0.0
-0.7522393,0.5593048,0.3621317,-0.4784996,0.8780878,0.0
-0.8326825,0.5829593,0.1076356,0.0,0.0,-1.0
-0.8154933,0.5976857,0.1076356,0.0,0.0,-1.0
-0.7522393,0.5593048,0.1076356,0.0,0.0,-1.0
-0.8154933,0.5976857,0.3621317,0.5187482,0.8549271,0.0
-0.7522393,0.5593048,0.1076356,0.5187482,0.8549271,0.0
-0.8154933,0.5976857,0.1076356,0.5187482,0.8549271,0.0
-0.8044603,0.5145658,0.1076356,0.0,0.0,-1.0
-0.8326825,0.5829593,0.1076356,0.0,0.0,-1.0
-0.7522393,0.5593048,0.1076356,0.0,0.0,-1.0
-0.7522393,0.5593048,0.3621317,0.5187482,0.8549271,0.0
-0.7522393,0.5593048,0.1076356,0.5187482,0.8549271,0.0
-0.8154933,0.5976857,0.3621317,0.5187482,0.8549271,0.0
-0.8326825,0.5829593,0.3621317,-0.6506079,0.7594138,0.0
-0.8154933,0.5976857,0.1076356,-0.6506079,0.7594138,0.0
-0.8326825,0.5829593,0.1076356,-0.6506079,0.7594138,0.0
-0.8154933,0.5976857,0.3621317,-0.6506079,0.7594138,0.0
-0.8154933,0.5976857,0.1076356,-0.6506079,0.7594138,0.0
-0.8326825,0.5829593,0.3621317,-0.6506079,0.7594138,0.0
-0.8044603,0.5145658,0.3621317,-0.9243915,-0.3814452,0.0
-0.8326825,0.5829593,0.1076356,-0.9243915,-0.3814452,0.0
-0.8044603,0.5145658,0.1076356,-0.9243915,-0.3814452,0.0
-0.8326825,0.5829593,0.3621317,-0.9243915,-0.3814452,0.0
-0.8326825,0.5829593,0.1076356,-0.9243915,-0.3814452,0.0
-0.8044603,0.5145658,0.3621317,-0.9243915,-0.3814452,0.0
-0.8100655,0.5072378,0.3621317,-0.7942816,0.6075498,0.0
-0.8044603,0.5145658,0.1076356,-0.7942816,0.6075498,0.0
-0.8100655,0.5072378,0.1076356,-0.7942816,0.6075498,0.0
-0.8044603,0.5145658,0.3621317,-0.7942816,0.6075498,0.0
-0.8044603,0.5145658,0.1076356,-0.7942816,0.6075498,0.0
-0.8100655,0.5072378,0.3621317,-0.7942816,0.6075498,0.0
-0.8931752,0.4961281,0.1076356,0.0,0.0,-1.0
-0.8834618,0.5165728,0.1076356,0.0,0.0,-1.0
-0.8100655,0.5072378,0.1076356,0.0,0.0,-1.0
-0.8834618,0.5165728,0.3621317,0.1261699,0.9920086,0.0
-0.8100655,0.5072378,0.1076356,0.1261699,0.9920086,0.0
-0.8834618,0.5165728,0.1076356,0.1261699,0.9920086,0.0
-0.8100655,0.5072378,0.3621317,0.1261699,0.9920086,0.0
-0.8100655,0.5072378,0.1076356,0.1261699,0.9920086,0.0
-0.8834618,0.5165728,0.3621317,0.1261699,0.9920086,0.0
-0.8931752,0.4961281,0.3621317,-0.9032413,0.4291329,0.0
-0.8834618,0.5165728,0.1076356,-0.9032413,0.4291329,0.0
-0.8931752,0.4961281,0.1076356,-0.9032413,0.4291329,0.0
-0.8834618,0.5165728,0.3621317,-0.9032413,0.4291329,0.0
-0.8834618,0.5165728,0.1076356,-0.9032413,0.4291329,0.0
-0.8931752,0.4961281,0.3621317,-0.9032413,0.4291329,0.0
-0.8395747,0.4451265,0.3621317,-0.6893259,-0.7244514,0.0
-0.8931752,0.4961281,0.1076356,-0.6893259,-0.7244514,0.0
-0.8395747,0.4451265,0.1076356,-0.6893259,-0.7244514,0.0
-0.8931752,0.4961281,0.3621317,-0.6893259,-0.7244514,0.0
-0.8931752,0.4961281,0.1076356,-0.6893259,-0.7244514,0.0
-0.8395747,0.4451265,0.3621317,-0.6893259,-0.7244514,0.0
-0.8417148,0.4361523,0.3621317,-0.9727251,0.2319609,0.0
-0.8395747,0.4451265,0.1076356,-0.9727251,0.2319609,0.0
-0.8417148,0.4361523,0.1076356,-0.9727251,0.2319609,0.0
-0.8395747,0.4451265,0.3621317,-0.9727251,0.2319609,0.0
-0.8395747,0.4451265,0.1076356,-0.9727251,0.2319609,0.0
-0.8417148,0.4361523,0.3621317,-0.9727251,0.2319609,0.0
-0.9125626,0.4148272,0.3621317,-0.2882243,0.9575629,0.0
-0.8417148,0.4361523,0.1076356,-0.2882243,0.9575629,0.0
-0.9125626,0.4148272,0.1076356,-0.2882243,0.9575629,0.0
-0.8417148,0.4361523,0.3621317,-0.2882243,0.9575629,0.0
-0.8417148,0.4361523,0.1076356,-0.2882243,0.9575629,0.0
-0.9125626,0.4148272,0.3621317,-0.2882243,0.9575629,0.0
-0.9131206,0.3921993,0.3621317,-0.9996961,0.02465109,0.0
-0.9125626,0.4148272,0.1076356,-0.9996961,0.02465109,0.0
-0.9131206,0.3921993,0.1076356,-0.9996961,0.02465109,0.0
-0.9125626,0.4148272,0.3621317,-0.9996961,0.02465109,0.0
-0.9125626,0.4148272,0.1076356,-0.9996961,0.02465109,0.0
-0.9131206,0.3921993,0.3621317,-0.9996961,0.02465109,0.0
-0.8434099,0.3674083,0.3621317,-0.3350696,-0.9421934,0.0
-0.9131206,0.3921993,0.1076356,-0.3350696,-0.9421934,0.0
-0.8434099,0.3674083,0.1076356,-0.3350696,-0.9421934,0.0
-0.9131206,0.3921993,0.3621317,-0.3350696,-0.9421934,0.0
-0.9131206,0.3921993,0.1076356,-0.3350696,-0.9421934,0.0
-0.8434099,0.3674083,0.3621317,-0.3350696,-0.9421934,0.0
-0.8417148,0.3583395,0.3621317,-0.9829756,-0.1837361,0.0
-0.8434099,0.3674083,0.1076356,-0.9829756,-0.1837361,0.0
-0.8417148,0.3583395,0.1076356,-0.9829756,-0.1837361,0.0
-0.8434099,0.3674083,0.3621317,-0.9829756,-0.1837361,0.0
-0.8434099,0.3674083,0.1076356,-0.9829756,-0.1837361,0.0
-0.8417148,0.3583395,0.3621317,-0.9829756,-0.1837361,0.0
-0.8977638,0.3100417,0.3621317,-0.6527819,0.7575459,0.0
-0.8417148,0.3583395,0.1076356,-0.6527819,0.7575459,0.0
-0.8977638,0.3100417,0.1076356,-0.6527819,0.7575459,0.0
-0.8417148,0.3583395,0.3621317,-0.6527819,0.7575459,0.0
-0.8417148,0.3583395,0.1076356,-0.6527819,0.7575459,0.0
-0.8977638,0.3100417,0.3621317,-0.6527819,0.7575459,0.0
-0.8153027,0.2948492,0.1076356,0.0,0.0,-1.0
-0.8890699,0.2891431,0.1076356,0.0,0.0,-1.0
-0.8977638,0.3100417,0.1076356,0.0,0.0,-1.0
-0.8890699,0.2891431,0.3621317,-0.9232943,-0.3840931,0.0
-0.8977638,0.3100417,0.1076356,-0.9232943,-0.3840931,0.0
-0.8890699,0.2891431,0.1076356,-0.9232943,-0.3840931,0.0
-0.449857,0.251769,0.1076356,0.0,0.0,-1.0
-0.8153027,0.2948492,0.1076356,0.0,0.0,-1.0
-0.8977638,0.3100417,0.1076356,0.0,0.0,-1.0
-0.4916824,0.3128002,0.1076356,0.0,0.0,-1.0
-0.449857,0.251769,0.1076356,0.0,0.0,-1.0
-0.8977638,0.3100417,0.1076356,0.0,0.0,-1.0
-0.8977638,0.3100417,0.3621317,-0.9232943,-0.3840931,0.0
-0.8977638,0.3100417,0.1076356,-0.9232943,-0.3840931,0.0
-0.8890699,0.2891431,0.3621317,-0.9232943,-0.3840931,0.0
-0.8153027,0.2948492,0.3621317,0.07712327,-0.9970216,0.0
-0.8890699,0.2891431,0.1076356,0.07712327,-0.9970216,0.0
-0.8153027,0.2948492,0.1076356,0.07712327,-0.9970216,0.0
-0.8890699,0.2891431,0.3621317,0.07712327,-0.9970216,0.0
-0.8890699,0.2891431,0.1076356,0.07712327,-0.9970216,0.0
-0.8153027,0.2948492,0.3621317,0.07712327,-0.9970216,0.0
-0.449857,0.251769,0.1076356,0.0,0.0,-1.0
-0.8100655,0.2872539,0.1076356,0.0,0.0,-1.0
-0.8153027,0.2948492,0.1076356,0.0,0.0,-1.0
-0.8100655,0.2872539,0.3621317,-0.8232607,-0.5676635,0.0
-0.8153027,0.2948492,0.1076356,-0.8232607,-0.5676635,0.0
-0.8100655,0.2872539,0.1076356,-0.8232607,-0.5676635,0.0
-0.8153027,0.2948492,0.3621317,-0.8232607,-0.5676635,0.0
-0.8153027,0.2948492,0.1076356,-0.8232607,-0.5676635,0.0
-0.8100655,0.2872539,0.3621317,-0.8232607,-0.5676635,0.0
-0.760113,0.2399955,0.1076356,0.0,0.0,-1.0
-0.8416243,0.2203345,0.1076356,0.0,0.0,-1.0
-0.8100655,0.2872539,0.1076356,0.0,0.0,-1.0
-0.8416243,0.2203345,0.3621317,-0.9044676,0.4265423,0.0
-0.8100655,0.2872539,0.1076356,-0.9044676,0.4265423,0.0
-0.8416243,0.2203345,0.1076356,-0.9044676,0.4265423,0.0
-0.5404667,0.2521791,0.1076356,0.0,0.0,-1.0
-0.760113,0.2399955,0.1076356,0.0,0.0,-1.0
-0.8100655,0.2872539,0.1076356,0.0,0.0,-1.0
-0.5334605,0.2581816,0.1076356,0.0,0.0,-1.0
-0.5404667,0.2521791,0.1076356,0.0,0.0,-1.0
-0.8100655,0.2872539,0.1076356,0.0,0.0,-1.0
-0.449857,0.251769,0.1076356,0.0,0.0,-1.0
-0.5334605,0.2581816,0.1076356,0.0,0.0,-1.0
-0.8100655,0.2872539,0.1076356,0.0,0.0,-1.0
-0.8100655,0.2872539,0.3621317,-0.9044676,0.4265423,0.0
-0.8100655,0.2872539,0.1076356,-0.9044676,0.4265423,0.0
-0.8416243,0.2203345,0.3621317,-0.9044676,0.4265423,0.0
-0.760113,0.2399955,0.1076356,0.0,0.0,-1.0
-0.8251818,0.2047788,0.1076356,0.0,0.0,-1.0
-0.8416243,0.2203345,0.1076356,0.0,0.0,-1.0
-0.8251818,0.2047788,0.3621317,-0.6872466,-0.7264242,0.0
-0.8416243,0.2203345,0.1076356,-0.6872466,-0.7264242,0.0
-0.8251818,0.2047788,0.1076356,-0.6872466,-0.7264242,0.0
-0.8416243,0.2203345,0.3621317,-0.6872466,-0.7264242,0.0
-0.8416243,0.2203345,0.1076356,-0.6872466,-0.7264242,0.0
-0.8251818,0.2047788,0.3621317,-0.6872466,-0.7264242,0.0
-0.760113,0.2399955,0.3621317,0.4759808,-0.8794557,0.0
-0.8251818,0.2047788,0.1076356,0.4759808,-0.8794557,0.0
-0.760113,0.2399955,0.1076356,0.4759808,-0.8794557,0.0
-0.8251818,0.2047788,0.3621317,0.4759808,-0.8794557,0.0
-0.8251818,0.2047788,0.1076356,0.4759808,-0.8794557,0.0
-0.760113,0.2399955,0.3621317,0.4759808,-0.8794557,0.0
-0.6008483,0.2192752,0.1076356,0.0,0.0,-1.0
-0.7522393,0.235187,0.1076356,0.0,0.0,-1.0
-0.760113,0.2399955,0.1076356,0.0,0.0,-1.0
-0.7522393,0.235187,0.3621317,-0.5211965,-0.8534367,0.0
-0.760113,0.2399955,0.1076356,-0.5211965,-0.8534367,0.0
-0.7522393,0.235187,0.1076356,-0.5211965,-0.8534367,0.0
-0.5404667,0.2521791,0.1076356,0.0,0.0,-1.0
-0.6008483,0.2192752,0.1076356,0.0,0.0,-1.0
-0.760113,0.2399955,0.1076356,0.0,0.0,-1.0
-0.760113,0.2399955,0.3621317,-0.5211965,-0.8534367,0.0
-0.760113,0.2399955,0.1076356,-0.5211965,-0.8534367,0.0
-0.7522393,0.235187,0.3621317,-0.5211965,-0.8534367,0.0
-0.6873837,0.2123318,0.1076356,0.0,0.0,-1.0
-0.7538511,0.1612169,0.1076356,0.0,0.0,-1.0
-0.7522393,0.235187,0.1076356,0.0,0.0,-1.0
-0.7538511,0.1612169,0.3621317,-0.9997627,0.02178563,0.0
-0.7522393,0.235187,0.1076356,-0.9997627,0.02178563,0.0
-0.7538511,0.1612169,0.1076356,-0.9997627,0.02178563,0.0
-0.6096903,0.2166414,0.1076356,0.0,0.0,-1.0
-0.6873837,0.2123318,0.1076356,0.0,0.0,-1.0
-0.7522393,0.235187,0.1076356,0.0,0.0,-1.0
-0.6008483,0.2192752,0.1076356,0.0,0.0,-1.0
-0.6096903,0.2166414,0.1076356,0.0,0.0,-1.0
-0.7522393,0.235187,0.1076356,0.0,0.0,-1.0
-0.7522393,0.235187,0.3621317,-0.9997627,0.02178563,0.0
-0.7522393,0.235187,0.1076356,-0.9997627,0.02178563,0.0
-0.7538511,0.1612169,0.3621317,-0.9997627,0.02178563,0.0
-0.6873837,0.2123318,0.1076356,0.0,0.0,-1.0
-0.7325031,0.1536938,0.1076356,0.0,0.0,-1.0
-0.7538511,0.1612169,0.1076356,0.0,0.0,-1.0
-0.7325031,0.1536938,0.3621317,-0.3323677,-0.9431499,0.0
-0.7538511,0.1612169,0.1076356,-0.3323677,-0.9431499,0.0
-0.7325031,0.1536938,0.1076356,-0.3323677,-0.9431499,0.0
-0.7538511,0.1612169,0.3621317,-0.3323677,-0.9431499,0.0
-0.7538511,0.1612169,0.1076356,-0.3323677,-0.9431499,0.0
-0.7325031,0.1536938,0.3621317,-0.3323677,-0.9431499,0.0
-0.6873837,0.2123318,0.3621317,0.792537,-0.6098239,0.0
-0.7325031,0.1536938,0.1076356,0.792537,-0.6098239,0.0
-0.6873837,0.2123318,0.1076356,0.792537,-0.6098239,0.0
-0.7325031,0.1536938,0.3621317,0.792537,-0.6098239,0.0
-0.7325031,0.1536938,0.1076356,0.792537,-0.6098239,0.0
-0.6873837,0.2123318,0.3621317,0.792537,-0.6098239,0.0
-0.6096903,0.2166414,0.1076356,0.0,0.0,-1.0
-0.6782349,0.2111415,0.1076356,0.0,0.0,-1.0
-0.6873837,0.2123318,0.1076356,0.0,0.0,-1.0
-0.6782349,0.2111415,0.3621317,-0.1290127,-0.9916429,0.0
-0.6873837,0.2123318,0.1076356,-0.1290127,-0.9916429,0.0
-0.6782349,0.2111415,0.1076356,-0.1290127,-0.9916429,0.0
-0.6873837,0.2123318,0.3621317,-0.1290127,-0.9916429,0.0
-0.6873837,0.2123318,0.1076356,-0.1290127,-0.9916429,0.0
-0.6782349,0.2111415,0.3621317,-0.1290127,-0.9916429,0.0
-0.6270587,0.1447212,0.1076356,0.0,0.0,-1.0
-0.6496211,0.1429109,0.1076356,0.0,0.0,-1.0
-0.6782349,0.2111415,0.1076356,0.0,0.0,-1.0
-0.6496211,0.1429109,0.3621317,-0.9221897,-0.3867379,0.0
-0.6782349,0.2111415,0.1076356,-0.9221897,-0.3867379,0.0
-0.6496211,0.1429109,0.1076356,-0.9221897,-0.3867379,0.0
-0.6096903,0.2166414,0.1076356,0.0,0.0,-1.0
-0.6270587,0.1447212,0.1076356,0.0,0.0,-1.0
-0.6782349,0.2111415,0.1076356,0.0,0.0,-1.0
-0.6782349,0.2111415,0.3621317,-0.9221897,-0.3867379,0.0
-0.6782349,0.2111415,0.1076356,-0.9221897,-0.3867379,0.0
-0.6496211,0.1429109,0.3621317,-0.9221897,-0.3867379,0.0
-0.6270587,0.1447212,0.3621317,0.07998065,-0.9967964,0.0
-0.6496211,0.1429109,0.1076356,0.07998065,-0.9967964,0.0
-0.6270587,0.1447212,0.1076356,0.07998065,-0.9967964,0.0
-0.6496211,0.1429109,0.3621317,0.07998065,-0.9967964,0.0
-0.6496211,0.1429109,0.1076356,0.07998065,-0.9967964,0.0
-0.6270587,0.1447212,0.3621317,0.07998065,-0.9967964,0.0
-0.6096903,0.2166414,0.3621317,0.9720563,-0.234748,0.0
-0.6270587,0.1447212,0.1076356,0.9720563,-0.234748,0.0
-0.6096903,0.2166414,0.1076356,0.9720563,-0.234748,0.0
-0.6270587,0.1447212,0.3621317,0.9720563,-0.234748,0.0
-0.6270587,0.1447212,0.1076356,0.9720563,-0.234748,0.0
-0.6096903,0.2166414,0.3621317,0.9720563,-0.234748,0.0
-0.6008483,0.2192752,0.3621317,0.2854785,-0.9583851,0.0
-0.6096903,0.2166414,0.1076356,0.2854785,-0.9583851,0.0
-0.6008483,0.2192752,0.1076356,0.2854785,-0.9583851,0.0
-0.6096903,0.2166414,0.3621317,0.2854785,-0.9583851,0.0
-0.6096903,0.2166414,0.1076356,0.2854785,-0.9583851,0.0
-0.6008483,0.2192752,0.3621317,0.2854785,-0.9583851,0.0
-0.527081,0.1794124,0.1076356,0.0,0.0,-1.0
-0.5469564,0.1685817,0.1076356,0.0,0.0,-1.0
-0.6008483,0.2192752,0.1076356,0.0,0.0,-1.0
-0.5469564,0.1685817,0.3621317,-0.6851617,-0.728391,0.0
-0.6008483,0.2192752,0.1076356,-0.6851617,-0.728391,0.0
-0.5469564,0.1685817,0.1076356,-0.6851617,-0.728391,0.0
-0.5404667,0.2521791,0.1076356,0.0,0.0,-1.0
-0.527081,0.1794124,0.1076356,0.0,0.0,-1.0
-0.6008483,0.2192752,0.1076356,0.0,0.0,-1.0
-0.6008483,0.2192752,0.3621317,-0.6851617,-0.728391,0.0
-0.6008483,0.2192752,0.1076356,-0.6851617,-0.728391,0.0
-0.5469564,0.1685817,0.3621317,-0.6851617,-0.728391,0.0
-0.527081,0.1794124,0.3621317,0.4784996,-0.8780878,0.0
-0.5469564,0.1685817,0.1076356,0.4784996,-0.8780878,0.0
-0.527081,0.1794124,0.1076356,0.4784996,-0.8780878,0.0
-0.5469564,0.1685817,0.3621317,0.4784996,-0.8780878,0.0
-0.5469564,0.1685817,0.1076356,0.4784996,-0.8780878,0.0
-0.527081,0.1794124,0.3621317,0.4784996,-0.8780878,0.0
-0.5404667,0.2521791,0.3621317,0.9834982,0.1809179,0.0
-0.527081,0.1794124,0.1076356,0.9834982,0.1809179,0.0
-0.5404667,0.2521791,0.1076356,0.9834982,0.1809179,0.0
-0.527081,0.1794124,0.3621317,0.9834982,0.1809179,0.0
-0.527081,0.1794124,0.1076356,0.9834982,0.1809179,0.0
-0.5404667,0.2521791,0.3621317,0.9834982,0.1809179,0.0
-0.5334605,0.2581816,0.3621317,0.6506079,-0.7594138,0.0
-0.5404667,0.2521791,0.1076356,0.6506079,-0.7594138,0.0
-0.5334605,0.2581816,0.1076356,0.6506079,-0.7594138,0.0
-0.5404667,0.2521791,0.3621317,0.6506079,-0.7594138,0.0
-0.5404667,0.2521791,0.1076356,0.6506079,-0.7594138,0.0
-0.5334605,0.2581816,0.3621317,0.6506079,-0.7594138,0.0
-0.449857,0.251769,0.1076356,0.0,0.0,-1.0
-0.4636088,0.2337906,0.1076356,0.0,0.0,-1.0
-0.5334605,0.2581816,0.1076356,0.0,0.0,-1.0
-0.4636088,0.2337906,0.3621317,-0.329663,-0.9440987,0.0
-0.5334605,0.2581816,0.1076356,-0.329663,-0.9440987,0.0
-0.4636088,0.2337906,0.1076356,-0.329663,-0.9440987,0.0
-0.5334605,0.2581816,0.3621317,-0.329663,-0.9440987,0.0
-0.5334605,0.2581816,0.1076356,-0.329663,-0.9440987,0.0
-0.4636088,0.2337906,0.3621317,-0.329663,-0.9440987,0.0
-0.449857,0.251769,0.3621317,0.7942816,-0.6075498,0.0
-0.4636088,0.2337906,0.1076356,0.7942816,-0.6075498,0.0
-0.449857,0.251769,0.1076356,0.7942816,-0.6075498,0.0
-0.4636088,0.2337906,0.3621317,0.7942816,-0.6075498,0.0
-0.4636088,0.2337906,0.1076356,0.7942816,-0.6075498,0.0
-0.449857,0.251769,0.3621317,0.7942816,-0.6075498,0.0
-0.4916824,0.3128002,0.3621317,0.8248844,0.5653015,0.0
-0.449857,0.251769,0.1076356,0.8248844,0.5653015,0.0
-0.4916824,0.3128002,0.1076356,0.8248844,0.5653015,0.0
-0.449857,0.251769,0.3621317,0.8248844,0.5653015,0.0
-0.449857,0.251769,0.1076356,0.8248844,0.5653015,0.0
-0.4916824,0.3128002,0.3621317,0.8248844,0.5653015,0.0
-0.4877232,0.3211335,0.3621317,0.9032413,-0.4291329,0.0
-0.4916824,0.3128002,0.1076356,0.9032413,-0.4291329,0.0
-0.4877232,0.3211335,0.1076356,0.9032413,-0.4291329,0.0
-0.4916824,0.3128002,0.3621317,0.9032413,-0.4291329,0.0
-0.4916824,0.3128002,0.1076356,0.9032413,-0.4291329,0.0
-0.4877232,0.3211335,0.3621317,0.9032413,-0.4291329,0.0
-0.4139899,0.3272624,0.3621317,0.08283737,-0.9965631,0.0
-0.4877232,0.3211335,0.1076356,0.08283737,-0.9965631,0.0
-0.4139899,0.3272624,0.1076356,0.08283737,-0.9965631,0.0
-0.4877232,0.3211335,0.3621317,0.08283737,-0.9965631,0.0
-0.4877232,0.3211335,0.1076356,0.08283737,-0.9965631,0.0
-0.4139899,0.3272624,0.3621317,0.08283737,-0.9965631,0.0
-0.4087395,0.3492798,0.3621317,0.9727251,-0.2319609,0.0
-0.4139899,0.3272624,0.1076356,0.9727251,-0.2319609,0.0
-0.4087395,0.3492798,0.1076356,0.9727251,-0.2319609,0.0
-0.4139899,0.3272624,0.3621317,0.9727251,-0.2319609,0.0
-0.4139899,0.3272624,0.1076356,0.9727251,-0.2319609,0.0
-0.4087395,0.3492798,0.3621317,0.9727251,-0.2319609,0.0
-0.4717725,0.3880228,0.3621317,0.5236405,0.8519393,0.0
-0.4087395,0.3492798,0.1076356,0.5236405,0.8519393,0.0
-0.4717725,0.3880228,0.1076356,0.5236405,0.8519393,0.0
-0.4087395,0.3492798,0.3621317,0.5236405,0.8519393,0.0
-0.4087395,0.3492798,0.1076356,0.5236405,0.8519393,0.0
-0.4717725,0.3880228,0.3621317,0.5236405,0.8519393,0.0
-0.471545,0.3972459,0.3621317,0.9996961,-0.02465109,0.0
-0.4717725,0.3880228,0.1076356,0.9996961,-0.02465109,0.0
-0.471545,0.3972459,0.1076356,0.9996961,-0.02465109,0.0
-0.4717725,0.3880228,0.3621317,0.9996961,-0.02465109,0.0
-0.4717725,0.3880228,0.1076356,0.9996961,-0.02465109,0.0
-0.471545,0.3972459,0.3621317,0.9996961,-0.02465109,0.0
-0.4066791,0.432835,0.3621317,0.4810144,-0.8767127,0.0
-0.471545,0.3972459,0.3621317,0.4810144,-0.8767127,0.0
-0.471545,0.3972459,0.1076356,0.4810144,-0.8767127,0.0
-0.8977638,0.3100417,0.3621317,0.0,0.0,1.0
-0.4877232,0.3211335,0.3621317,0.0,0.0,1.0
-0.4139899,0.3272624,0.3621317,0.0,0.0,1.0
-0.8977638,0.3100417,0.3621317,0.0,0.0,1.0
-0.4916824,0.3128002,0.3621317,0.0,0.0,1.0
-0.4877232,0.3211335,0.3621317,0.0,0.0,1.0
-0.5334605,0.2581816,0.3621317,0.0,0.0,1.0
-0.449857,0.251769,0.3621317,0.0,0.0,1.0
-0.4916824,0.3128002,0.3621317,0.0,0.0,1.0
-0.8100655,0.2872539,0.3621317,0.0,0.0,1.0
-0.5334605,0.2581816,0.3621317,0.0,0.0,1.0
-0.4916824,0.3128002,0.3621317,0.0,0.0,1.0
-0.8153027,0.2948492,0.3621317,0.0,0.0,1.0
-0.8100655,0.2872539,0.3621317,0.0,0.0,1.0
-0.4916824,0.3128002,0.3621317,0.0,0.0,1.0
-0.8977638,0.3100417,0.3621317,0.0,0.0,1.0
-0.8153027,0.2948492,0.3621317,0.0,0.0,1.0
-0.4916824,0.3128002,0.3621317,0.0,0.0,1.0
-0.5334605,0.2581816,0.3621317,0.0,0.0,1.0
-0.4636088,0.2337906,0.3621317,0.0,0.0,1.0
-0.449857,0.251769,0.3621317,0.0,0.0,1.0
-0.760113,0.2399955,0.3621317,0.0,0.0,1.0
-0.5404667,0.2521791,0.3621317,0.0,0.0,1.0
-0.5334605,0.2581816,0.3621317,0.0,0.0,1.0
-0.8100655,0.2872539,0.3621317,0.0,0.0,1.0
-0.760113,0.2399955,0.3621317,0.0,0.0,1.0
-0.5334605,0.2581816,0.3621317,0.0,0.0,1.0
-0.6008483,0.2192752,0.3621317,0.0,0.0,1.0
-0.527081,0.1794124,0.3621317,0.0,0.0,1.0
-0.5404667,0.2521791,0.3621317,0.0,0.0,1.0
-0.7522393,0.235187,0.3621317,0.0,0.0,1.0
-0.6008483,0.2192752,0.3621317,0.0,0.0,1.0
-0.5404667,0.2521791,0.3621317,0.0,0.0,1.0
-0.760113,0.2399955,0.3621317,0.0,0.0,1.0
-0.7522393,0.235187,0.3621317,0.0,0.0,1.0
-0.5404667,0.2521791,0.3621317,0.0,0.0,1.0
-0.6008483,0.2192752,0.3621317,0.0,0.0,1.0
-0.5469564,0.1685817,0.3621317,0.0,0.0,1.0
-0.527081,0.1794124,0.3621317,0.0,0.0,1.0
-0.6873837,0.2123318,0.3621317,0.0,0.0,1.0
-0.6096903,0.2166414,0.3621317,0.0,0.0,1.0
-0.6008483,0.2192752,0.3621317,0.0,0.0,1.0
-0.7522393,0.235187,0.3621317,0.0,0.0,1.0
-0.6873837,0.2123318,0.3621317,0.0,0.0,1.0
-0.6008483,0.2192752,0.3621317,0.0,0.0,1.0
-0.6782349,0.2111415,0.3621317,0.0,0.0,1.0
-0.6270587,0.1447212,0.3621317,0.0,0.0,1.0
-0.6096903,0.2166414,0.3621317,0.0,0.0,1.0
-0.6873837,0.2123318,0.3621317,0.0,0.0,1.0
-0.6782349,0.2111415,0.3621317,0.0,0.0,1.0
-0.6096903,0.2166414,0.3621317,0.0,0.0,1.0
-0.6782349,0.2111415,0.3621317,0.0,0.0,1.0
-0.6496211,0.1429109,0.3621317,0.0,0.0,1.0
-0.6270587,0.1447212,0.3621317,0.0,0.0,1.0
-0.7538511,0.1612169,0.3621317,0.0,0.0,1.0
-0.7325031,0.1536938,0.3621317,0.0,0.0,1.0
-0.6873837,0.2123318,0.3621317,0.0,0.0,1.0
-0.7522393,0.235187,0.3621317,0.0,0.0,1.0
-0.7538511,0.1612169,0.3621317,0.0,0.0,1.0
-0.6873837,0.2123318,0.3621317,0.0,0.0,1.0
-0.8416243,0.2203345,0.3621317,0.0,0.0,1.0
-0.8251818,0.2047788,0.3621317,0.0,0.0,1.0
-0.760113,0.2399955,0.3621317,0.0,0.0,1.0
-0.8100655,0.2872539,0.3621317,0.0,0.0,1.0
-0.8416243,0.2203345,0.3621317,0.0,0.0,1.0
-0.760113,0.2399955,0.3621317,0.0,0.0,1.0
-0.8977638,0.3100417,0.3621317,0.0,0.0,1.0
-0.8890699,0.2891431,0.3621317,0.0,0.0,1.0
-0.8153027,0.2948492,0.3621317,0.0,0.0,1.0
-0.8100655,0.5072378,0.3621317,0.0,0.0,1.0
-0.8834618,0.5165728,0.3621317,0.0,0.0,1.0
-0.8931752,0.4961281,0.3621317,0.0,0.0,1.0
-0.4429407,0.5322539,0.3621317,0.0,0.0,1.0
-0.8100655,0.5072378,0.3621317,0.0,0.0,1.0
-0.8931752,0.4961281,0.3621317,0.0,0.0,1.0
-0.4877232,0.4733583,0.3621317,0.0,0.0,1.0
-0.4429407,0.5322539,0.3621317,0.0,0.0,1.0
-0.8931752,0.4961281,0.3621317,0.0,0.0,1.0
-0.4429407,0.5322539,0.3621317,0.0,0.0,1.0
-0.8044603,0.5145658,0.3621317,0.0,0.0,1.0
-0.8100655,0.5072378,0.3621317,0.0,0.0,1.0
-0.7522393,0.5593048,0.3621317,0.0,0.0,1.0
-0.8326825,0.5829593,0.3621317,0.0,0.0,1.0
-0.8044603,0.5145658,0.3621317,0.0,0.0,1.0
-0.5334605,0.5363102,0.3621317,0.0,0.0,1.0
-0.7522393,0.5593048,0.3621317,0.0,0.0,1.0
-0.8044603,0.5145658,0.3621317,0.0,0.0,1.0
-0.5267586,0.5299697,0.3621317,0.0,0.0,1.0
-0.5334605,0.5363102,0.3621317,0.0,0.0,1.0
-0.8044603,0.5145658,0.3621317,0.0,0.0,1.0
-0.4429407,0.5322539,0.3621317,0.0,0.0,1.0
-0.5267586,0.5299697,0.3621317,0.0,0.0,1.0
-0.8044603,0.5145658,0.3621317,0.0,0.0,1.0
-0.7522393,0.5593048,0.3621317,0.0,0.0,1.0
-0.8154933,0.5976857,0.3621317,0.0,0.0,1.0
-0.8326825,0.5829593,0.3621317,0.0,0.0,1.0
-0.5921469,0.5721502,0.3621317,0.0,0.0,1.0
-0.7441381,0.5637193,0.3621317,0.0,0.0,1.0
-0.7522393,0.5593048,0.3621317,0.0,0.0,1.0
-0.5334605,0.5363102,0.3621317,0.0,0.0,1.0
-0.5921469,0.5721502,0.3621317,0.0,0.0,1.0
-0.7522393,0.5593048,0.3621317,0.0,0.0,1.0
-0.6782349,0.5833502,0.3621317,0.0,0.0,1.0
-0.7421023,0.637679,0.3621317,0.0,0.0,1.0
-0.7441381,0.5637193,0.3621317,0.0,0.0,1.0
-0.6008483,0.5752166,0.3621317,0.0,0.0,1.0
-0.6782349,0.5833502,0.3621317,0.0,0.0,1.0
-0.7441381,0.5637193,0.3621317,0.0,0.0,1.0
-0.5921469,0.5721502,0.3621317,0.0,0.0,1.0
-0.6008483,0.5752166,0.3621317,0.0,0.0,1.0
-0.7441381,0.5637193,0.3621317,0.0,0.0,1.0
-0.6782349,0.5833502,0.3621317,0.0,0.0,1.0
-0.7204094,0.6441407,0.3621317,0.0,0.0,1.0
-0.7421023,0.637679,0.3621317,0.0,0.0,1.0
-0.6008483,0.5752166,0.3621317,0.0,0.0,1.0
-0.6690385,0.5840881,0.3621317,0.0,0.0,1.0
-0.6782349,0.5833502,0.3621317,0.0,0.0,1.0
-0.6146509,0.6479054,0.3621317,0.0,0.0,1.0
-0.6370966,0.6508255,0.3621317,0.0,0.0,1.0
-0.6690385,0.5840881,0.3621317,0.0,0.0,1.0
-0.6008483,0.5752166,0.3621317,0.0,0.0,1.0
-0.6146509,0.6479054,0.3621317,0.0,0.0,1.0
-0.6690385,0.5840881,0.3621317,0.0,0.0,1.0
-0.5165046,0.6083287,0.3621317,0.0,0.0,1.0
-0.535822,0.6201259,0.3621317,0.0,0.0,1.0
-0.5921469,0.5721502,0.3621317,0.0,0.0,1.0
-0.5334605,0.5363102,0.3621317,0.0,0.0,1.0
-0.5165046,0.6083287,0.3621317,0.0,0.0,1.0
-0.5921469,0.5721502,0.3621317,0.0,0.0,1.0
-0.4429407,0.5322539,0.3621317,0.0,0.0,1.0
-0.4557896,0.5508883,0.3621317,0.0,0.0,1.0
-0.5267586,0.5299697,0.3621317,0.0,0.0,1.0
