0.02170188,-3.986439e-18,-0.1230983,-1.83691e-16,-1.0,0.0
0.8644132,-1.587849e-16,-0.1524284,-1.83691e-16,-1.0,0.0
0.87775,-1.612347e-16,0.0,-1.83691e-16,-1.0,0.0
0.87775,0.125,0.0,0.9961941,-8.847981e-16,-0.08716229
0.87775,-1.612347e-16,0.0,0.9961941,-8.847981e-16,-0.08716229
0.8644132,-1.587849e-16,-0.1524284,0.9961941,-8.847981e-16,-0.08716229
0.125,-2.296137e-17,0.0,-1.83691e-16,-1.0,0.0
0.87775,-1.612347e-16,0.0,-1.83691e-16,-1.0,0.0
0.8644132,-1.587849e-16,0.1524284,-1.83691e-16,-1.0,0.0
0.8644132,0.125,0.1524284,0.9961941,-9.04152e-16,0.08716229
0.8644132,-1.587849e-16,0.1524284,0.9961941,-9.04152e-16,0.08716229
0.87775,-1.612347e-16,0.0,0.9961941,-9.04152e-16,0.08716229
0.1174576,-2.15759e-17,-0.04276183,-1.83691e-16,-1.0,0.0
0.87775,-1.612347e-16,0.0,-1.83691e-16,-1.0,0.0
0.125,-2.296137e-17,0.0,-1.83691e-16,-1.0,0.0
0.0624902,-1.147888e-17,-0.1082557,-1.83691e-16,-1.0,0.0
0.02170188,-3.986439e-18,-0.1230983,-1.83691e-16,-1.0,0.0
0.87775,-1.612347e-16,0.0,-1.83691e-16,-1.0,0.0
0.09574618,-1.758771e-17,-0.08035709,-1.83691e-16,-1.0,0.0
0.0624902,-1.147888e-17,-0.1082557,-1.83691e-16,-1.0,0.0
0.87775,-1.612347e-16,0.0,-1.83691e-16,-1.0,0.0
0.1174576,-2.15759e-17,-0.04276183,-1.83691e-16,-1.0,0.0
0.09574618,-1.758771e-17,-0.08035709,-1.83691e-16,-1.0,0.0
0.87775,-1.612347e-16,0.0,-1.83691e-16,-1.0,0.0
0.87775,0.125,0.0,0.9961941,-8.847981e-16,0.08716229
0.8644132,0.125,0.1524284,0.9961941,-8.847981e-16,0.08716229
0.87775,-1.612347e-16,0.0,0.9961941,-8.847981e-16,0.08716229
-0.8248107,1.515103e-16,-0.3002184,-1.83691e-16,-1.0,0.0
0.8248107,-1.515103e-16,-0.3002184,-1.83691e-16,-1.0,0.0
0.8644132,-1.587849e-16,-0.1524284,-1.83691e-16,-1.0,0.0
0.8644132,0.125,-0.1524284,0.9659221,-9.153836e-16,-0.2588331
0.8644132,-1.587849e-16,-0.1524284,0.9659221,-9.153836e-16,-0.2588331
0.8248107,-1.515103e-16,-0.3002184,0.9659221,-9.153836e-16,-0.2588331
-0.8644132,1.587849e-16,-0.1524284,-1.83691e-16,-1.0,0.0
-0.8248107,1.515103e-16,-0.3002184,-1.83691e-16,-1.0,0.0
0.8644132,-1.587849e-16,-0.1524284,-1.83691e-16,-1.0,0.0
0.02170188,-3.986439e-18,-0.1230983,-1.83691e-16,-1.0,0.0
-0.8644132,1.587849e-16,-0.1524284,-1.83691e-16,-1.0,0.0
0.8644132,-1.587849e-16,-0.1524284,-1.83691e-16,-1.0,0.0
0.8644132,0.125,-0.1524284,0.9961941,-9.04152e-16,-0.08716229
0.87775,0.125,0.0,0.9961941,-9.04152e-16,-0.08716229
0.8644132,-1.587849e-16,-0.1524284,0.9961941,-9.04152e-16,-0.08716229
-0.7601485,1.396324e-16,-0.4388818,-1.83691e-16,-1.0,0.0
0.7601485,-1.396324e-16,-0.4388818,-1.83691e-16,-1.0,0.0
0.8248107,-1.515103e-16,-0.3002184,-1.83691e-16,-1.0,0.0
0.8248107,0.125,-0.3002184,0.9063018,-8.049577e-16,-0.4226312
0.8248107,-1.515103e-16,-0.3002184,0.9063018,-8.049577e-16,-0.4226312
0.7601485,-1.396324e-16,-0.4388818,0.9063018,-8.049577e-16,-0.4226312
-0.8248107,1.515103e-16,-0.3002184,-1.83691e-16,-1.0,0.0
-0.7601485,1.396324e-16,-0.4388818,-1.83691e-16,-1.0,0.0
0.8248107,-1.515103e-16,-0.3002184,-1.83691e-16,-1.0,0.0
0.8644132,0.125,-0.1524284,0.9659221,-8.6167e-16,-0.2588331
0.8248107,-1.515103e-16,-0.3002184,0.9659221,-8.6167e-16,-0.2588331
0.8248107,0.125,-0.3002184,0.9659221,-8.6167e-16,-0.2588331
-0.6723924,1.235124e-16,-0.5642083,-1.83691e-16,-1.0,0.0
0.6723924,-1.235124e-16,-0.5642083,-1.83691e-16,-1.0,0.0
0.7601485,-1.396324e-16,-0.4388818,-1.83691e-16,-1.0,0.0
0.7601485,0.125,-0.4388818,0.8191472,-9.82271e-16,-0.5735834
0.7601485,-1.396324e-16,-0.4388818,0.8191472,-9.82271e-16,-0.5735834
0.6723924,-1.235124e-16,-0.5642083,0.8191472,-9.82271e-16,-0.5735834
-0.7601485,1.396324e-16,-0.4388818,-1.83691e-16,-1.0,0.0
-0.6723924,1.235124e-16,-0.5642083,-1.83691e-16,-1.0,0.0
0.7601485,-1.396324e-16,-0.4388818,-1.83691e-16,-1.0,0.0
0.8248107,0.125,-0.3002184,0.9063018,-9.977545e-16,-0.4226312
0.7601485,-1.396324e-16,-0.4388818,0.9063018,-9.977545e-16,-0.4226312
0.7601485,0.125,-0.4388818,0.9063018,-9.977545e-16,-0.4226312
-0.5642083,1.0364e-16,-0.6723924,-1.83691e-16,-1.0,0.0
0.5642083,-1.0364e-16,-0.6723924,-1.83691e-16,-1.0,0.0
0.6723924,-1.235124e-16,-0.5642083,-1.83691e-16,-1.0,0.0
0.6723924,0.125,-0.5642083,0.7071068,-1.256074e-15,-0.7071068
0.6723924,-1.235124e-16,-0.5642083,0.7071068,-1.256074e-15,-0.7071068
0.5642083,-1.0364e-16,-0.6723924,0.7071068,-1.256074e-15,-0.7071068
-0.6723924,1.235124e-16,-0.5642083,-1.83691e-16,-1.0,0.0
-0.5642083,1.0364e-16,-0.6723924,-1.83691e-16,-1.0,0.0
0.6723924,-1.235124e-16,-0.5642083,-1.83691e-16,-1.0,0.0
0.7601485,0.125,-0.4388818,0.8191472,-1.269894e-15,-0.5735834
0.6723924,-1.235124e-16,-0.5642083,0.8191472,-1.269894e-15,-0.5735834
0.6723924,0.125,-0.5642083,0.8191472,-1.269894e-15,-0.5735834
-0.4388818,8.061862e-17,-0.7601485,-1.83691e-16,-1.0,0.0
0.4388818,-8.061862e-17,-0.7601485,-1.83691e-16,-1.0,0.0
0.5642083,-1.0364e-16,-0.6723924,-1.83691e-16,-1.0,0.0
0.5642083,0.125,-0.6723924,0.5735834,-5.094444e-16,-0.8191472
0.5642083,-1.0364e-16,-0.6723924,0.5735834,-5.094444e-16,-0.8191472
0.4388818,-8.061862e-17,-0.7601485,0.5735834,-5.094444e-16,-0.8191472
-0.5642083,1.0364e-16,-0.6723924,-1.83691e-16,-1.0,0.0
-0.4388818,8.061862e-17,-0.7601485,-1.83691e-16,-1.0,0.0
0.5642083,-1.0364e-16,-0.6723924,-1.83691e-16,-1.0,0.0
0.6723924,0.125,-0.5642083,0.7071068,-6.349508e-16,-0.7071068
0.5642083,-1.0364e-16,-0.6723924,0.7071068,-6.349508e-16,-0.7071068
0.5642083,0.125,-0.6723924,0.7071068,-6.349508e-16,-0.7071068
-0.3002184,5.51474e-17,-0.8248107,-1.83691e-16,-1.0,0.0
0.3002184,-5.51474e-17,-0.8248107,-1.83691e-16,-1.0,0.0
0.4388818,-8.061862e-17,-0.7601485,-1.83691e-16,-1.0,0.0
0.4388818,0.125,-0.7601485,0.4226312,-1.18033e-15,-0.9063018
0.4388818,-8.061862e-17,-0.7601485,0.4226312,-1.18033e-15,-0.9063018
0.3002184,-5.51474e-17,-0.8248107,0.4226312,-1.18033e-15,-0.9063018
-0.4388818,8.061862e-17,-0.7601485,-1.83691e-16,-1.0,0.0
-0.3002184,5.51474e-17,-0.8248107,-1.83691e-16,-1.0,0.0
0.4388818,-8.061862e-17,-0.7601485,-1.83691e-16,-1.0,0.0
0.5642083,0.125,-0.6723924,0.5735834,-1.179187e-15,-0.8191472
0.4388818,-8.061862e-17,-0.7601485,0.5735834,-1.179187e-15,-0.8191472
0.4388818,0.125,-0.7601485,0.5735834,-1.179187e-15,-0.8191472
-0.1524284,2.799971e-17,-0.8644132,-1.83691e-16,-1.0,0.0
0.1524284,-2.799971e-17,-0.8644132,-1.83691e-16,-1.0,0.0
0.3002184,-5.51474e-17,-0.8248107,-1.83691e-16,-1.0,0.0
0.3002184,0.125,-0.8248107,0.2588331,-1.087801e-15,-0.9659221
0.3002184,-5.51474e-17,-0.8248107,0.2588331,-1.087801e-15,-0.9659221
0.1524284,-2.799971e-17,-0.8644132,0.2588331,-1.087801e-15,-0.9659221
-0.3002184,5.51474e-17,-0.8248107,-1.83691e-16,-1.0,0.0
-0.1524284,2.799971e-17,-0.8644132,-1.83691e-16,-1.0,0.0
0.3002184,-5.51474e-17,-0.8248107,-1.83691e-16,-1.0,0.0
0.4388818,0.125,-0.7601485,0.4226312,-1.179164e-15,-0.9063018
0.3002184,-5.51474e-17,-0.8248107,0.4226312,-1.179164e-15,-0.9063018
0.3002184,0.125,-0.8248107,0.4226312,-1.179164e-15,-0.9063018
-0.1524284,2.799971e-17,-0.8644132,-1.83691e-16,-1.0,0.0
5.925234e-17,0.0,-0.87775,-1.83691e-16,-1.0,0.0
0.1524284,-2.799971e-17,-0.8644132,-1.83691e-16,-1.0,0.0
0.1524284,0.125,-0.8644132,0.08716229,-9.04152e-16,-0.9961941
0.1524284,-2.799971e-17,-0.8644132,0.08716229,-9.04152e-16,-0.9961941
5.925234e-17,0.0,-0.87775,0.08716229,-9.04152e-16,-0.9961941
0.3002184,0.125,-0.8248107,0.2588331,-9.07021e-16,-0.9659221
0.1524284,-2.799971e-17,-0.8644132,0.2588331,-9.07021e-16,-0.9659221
0.1524284,0.125,-0.8644132,0.2588331,-9.07021e-16,-0.9659221
8.22137e-17,0.125,-0.87775,-0.08716229,-8.687872e-16,-0.9961941
5.925234e-17,0.0,-0.87775,-0.08716229,-8.687872e-16,-0.9961941
-0.1524284,2.799971e-17,-0.8644132,-0.08716229,-8.687872e-16,-0.9961941
0.1524284,0.125,-0.8644132,0.08716229,-9.069814e-16,-0.9961941
5.925234e-17,0.0,-0.87775,0.08716229,-9.069814e-16,-0.9961941
8.22137e-17,0.125,-0.87775,0.08716229,-9.069814e-16,-0.9961941
-0.1524284,0.125,-0.8644132,-0.2588331,-8.579111e-16,-0.9659221
-0.1524284,2.799971e-17,-0.8644132,-0.2588331,-8.579111e-16,-0.9659221
-0.3002184,5.51474e-17,-0.8248107,-0.2588331,-8.579111e-16,-0.9659221
8.22137e-17,0.125,-0.87775,-0.08716229,-8.843069e-16,-0.9961941
-0.1524284,2.799971e-17,-0.8644132,-0.08716229,-8.843069e-16,-0.9961941
-0.1524284,0.125,-0.8644132,-0.08716229,-8.843069e-16,-0.9961941
-0.3002184,0.125,-0.8248107,-0.4226312,-8.049577e-16,-0.9063018
-0.3002184,5.51474e-17,-0.8248107,-0.4226312,-8.049577e-16,-0.9063018
-0.4388818,8.061862e-17,-0.7601485,-0.4226312,-8.049577e-16,-0.9063018
-0.1524284,0.125,-0.8644132,-0.2588331,-8.6167e-16,-0.9659221
-0.3002184,5.51474e-17,-0.8248107,-0.2588331,-8.6167e-16,-0.9659221
-0.3002184,0.125,-0.8248107,-0.2588331,-8.6167e-16,-0.9659221
-0.4388818,0.125,-0.7601485,-0.5735834,-9.82271e-16,-0.8191472
-0.4388818,8.061862e-17,-0.7601485,-0.5735834,-9.82271e-16,-0.8191472
-0.5642083,1.0364e-16,-0.6723924,-0.5735834,-9.82271e-16,-0.8191472
-0.3002184,0.125,-0.8248107,-0.4226312,-9.977545e-16,-0.9063018
-0.4388818,8.061862e-17,-0.7601485,-0.4226312,-9.977545e-16,-0.9063018
-0.4388818,0.125,-0.7601485,-0.4226312,-9.977545e-16,-0.9063018
-0.5642083,0.125,-0.6723924,-0.7071068,-6.28037e-16,-0.7071068
-0.5642083,1.0364e-16,-0.6723924,-0.7071068,-6.28037e-16,-0.7071068
-0.6723924,1.235124e-16,-0.5642083,-0.7071068,-6.28037e-16,-0.7071068
-0.4388818,0.125,-0.7601485,-0.5735834,-7.256535e-16,-0.8191472
-0.5642083,1.0364e-16,-0.6723924,-0.5735834,-7.256535e-16,-0.8191472
-0.5642083,0.125,-0.6723924,-0.5735834,-7.256535e-16,-0.8191472
-0.6723924,0.125,-0.5642083,-0.8191472,-7.275488e-16,-0.5735834
-0.6723924,1.235124e-16,-0.5642083,-0.8191472,-7.275488e-16,-0.5735834
-0.7601485,1.396324e-16,-0.4388818,-0.8191472,-7.275488e-16,-0.5735834
-0.5642083,0.125,-0.6723924,-0.7071068,-6.349508e-16,-0.7071068
-0.6723924,1.235124e-16,-0.5642083,-0.7071068,-6.349508e-16,-0.7071068
-0.6723924,0.125,-0.5642083,-0.7071068,-6.349508e-16,-0.7071068
-0.7601485,0.125,-0.4388818,-0.9063018,-9.926436e-16,-0.4226312
-0.7601485,1.396324e-16,-0.4388818,-0.9063018,-9.926436e-16,-0.4226312
-0.8248107,1.515103e-16,-0.3002184,-0.9063018,-9.926436e-16,-0.4226312
-0.6723924,0.125,-0.5642083,-0.8191472,-9.977735e-16,-0.5735834
-0.7601485,1.396324e-16,-0.4388818,-0.8191472,-9.977735e-16,-0.5735834
-0.7601485,0.125,-0.4388818,-0.8191472,-9.977735e-16,-0.5735834
-0.8248107,0.125,-0.3002184,-0.9659221,-1.715822e-15,-0.2588331
-0.8248107,1.515103e-16,-0.3002184,-0.9659221,-1.715822e-15,-0.2588331
-0.8644132,1.587849e-16,-0.1524284,-0.9659221,-1.715822e-15,-0.2588331
-0.7601485,0.125,-0.4388818,-0.9063018,-1.632689e-15,-0.4226312
-0.8248107,1.515103e-16,-0.3002184,-0.9063018,-1.632689e-15,-0.4226312
-0.8248107,0.125,-0.3002184,-0.9063018,-1.632689e-15,-0.4226312
-0.125,2.296137e-17,0.0,-1.83691e-16,-1.0,0.0
-0.87775,1.612347e-16,0.0,-1.83691e-16,-1.0,0.0
-0.8644132,1.587849e-16,-0.1524284,-1.83691e-16,-1.0,0.0
-0.8644132,0.125,-0.1524284,-0.9961941,-9.04152e-16,-0.08716229
-0.8644132,1.587849e-16,-0.1524284,-0.9961941,-9.04152e-16,-0.08716229
-0.87775,1.612347e-16,0.0,-0.9961941,-9.04152e-16,-0.08716229
-0.1174576,2.15759e-17,-0.04276183,-1.83691e-16,-1.0,0.0
-0.125,2.296137e-17,0.0,-1.83691e-16,-1.0,0.0
-0.8644132,1.587849e-16,-0.1524284,-1.83691e-16,-1.0,0.0
-0.09574618,1.758771e-17,-0.08035709,-1.83691e-16,-1.0,0.0
-0.1174576,2.15759e-17,-0.04276183,-1.83691e-16,-1.0,0.0
-0.8644132,1.587849e-16,-0.1524284,-1.83691e-16,-1.0,0.0
-0.0624902,1.147888e-17,-0.1082557,-1.83691e-16,-1.0,0.0
-0.09574618,1.758771e-17,-0.08035709,-1.83691e-16,-1.0,0.0
-0.8644132,1.587849e-16,-0.1524284,-1.83691e-16,-1.0,0.0
-0.02170188,3.986439e-18,-0.1230983,-1.83691e-16,-1.0,0.0
-0.0624902,1.147888e-17,-0.1082557,-1.83691e-16,-1.0,0.0
-0.8644132,1.587849e-16,-0.1524284,-1.83691e-16,-1.0,0.0
0.02170188,-3.986439e-18,-0.1230983,-1.83691e-16,-1.0,1.210292e-30
-0.02170188,3.986439e-18,-0.1230983,-1.83691e-16,-1.0,1.210292e-30
-0.8644132,1.587849e-16,-0.1524284,-1.83691e-16,-1.0,1.210292e-30
-0.8248107,0.125,-0.3002184,-0.9659221,-9.07021e-16,-0.2588331
-0.8644132,1.587849e-16,-0.1524284,-0.9659221,-9.07021e-16,-0.2588331
-0.8644132,0.125,-0.1524284,-0.9659221,-9.07021e-16,-0.2588331
-0.02170188,3.986439e-18,0.1230983,-1.83691e-16,-1.0,0.0
-0.8644132,1.587849e-16,0.1524284,-1.83691e-16,-1.0,0.0
-0.87775,1.612347e-16,0.0,-1.83691e-16,-1.0,0.0
-0.87775,0.125,0.0,-0.9961941,-8.847981e-16,0.08716229
-0.87775,1.612347e-16,0.0,-0.9961941,-8.847981e-16,0.08716229
-0.8644132,1.587849e-16,0.1524284,-0.9961941,-8.847981e-16,0.08716229
-0.0624902,1.147888e-17,0.1082557,-1.83691e-16,-1.0,0.0
-0.02170188,3.986439e-18,0.1230983,-1.83691e-16,-1.0,0.0
-0.87775,1.612347e-16,0.0,-1.83691e-16,-1.0,0.0
-0.09574618,1.758771e-17,0.08035709,-1.83691e-16,-1.0,0.0
-0.0624902,1.147888e-17,0.1082557,-1.83691e-16,-1.0,0.0
-0.87775,1.612347e-16,0.0,-1.83691e-16,-1.0,0.0
-0.1174576,2.15759e-17,0.04276183,-1.83691e-16,-1.0,0.0
-0.09574618,1.758771e-17,0.08035709,-1.83691e-16,-1.0,0.0
-0.87775,1.612347e-16,0.0,-1.83691e-16,-1.0,0.0
-0.125,2.296137e-17,0.0,-1.83691e-16,-1.0,0.0
-0.1174576,2.15759e-17,0.04276183,-1.83691e-16,-1.0,0.0
-0.87775,1.612347e-16,0.0,-1.83691e-16,-1.0,0.0
-0.8644132,0.125,-0.1524284,-0.9961941,-8.843069e-16,-0.08716229
-0.87775,1.612347e-16,0.0,-0.9961941,-8.843069e-16,-0.08716229
-0.87775,0.125,0.0,-0.9961941,-8.843069e-16,-0.08716229
0.8248107,-1.515103e-16,0.3002184,-1.83691e-16,-1.0,0.0
-0.8248107,1.515103e-16,0.3002184,-1.83691e-16,-1.0,0.0
-0.8644132,1.587849e-16,0.1524284,-1.83691e-16,-1.0,0.0
-0.8644132,0.125,0.1524284,-0.9659221,-9.153836e-16,0.2588331
-0.8644132,1.587849e-16,0.1524284,-0.9659221,-9.153836e-16,0.2588331
-0.8248107,1.515103e-16,0.3002184,-0.9659221,-9.153836e-16,0.2588331
0.8644132,-1.587849e-16,0.1524284,-1.83691e-16,-1.0,0.0
0.8248107,-1.515103e-16,0.3002184,-1.83691e-16,-1.0,0.0
-0.8644132,1.587849e-16,0.1524284,-1.83691e-16,-1.0,0.0
-0.02170188,3.986439e-18,0.1230983,-1.83691e-16,-1.0,0.0
0.8644132,-1.587849e-16,0.1524284,-1.83691e-16,-1.0,0.0
-0.8644132,1.587849e-16,0.1524284,-1.83691e-16,-1.0,0.0
-0.8644132,0.125,0.1524284,-0.9961941,-9.04152e-16,0.08716229
-0.87775,0.125,0.0,-0.9961941,-9.04152e-16,0.08716229
-0.8644132,1.587849e-16,0.1524284,-0.9961941,-9.04152e-16,0.08716229
0.7601485,-1.396324e-16,0.4388818,-1.83691e-16,-1.0,0.0
-0.7601485,1.396324e-16,0.4388818,-1.83691e-16,-1.0,0.0
-0.8248107,1.515103e-16,0.3002184,-1.83691e-16,-1.0,0.0
-0.8248107,0.125,0.3002184,-0.9063018,-1.609915e-15,0.4226312
-0.8248107,1.515103e-16,0.3002184,-0.9063018,-1.609915e-15,0.4226312
-0.7601485,1.396324e-16,0.4388818,-0.9063018,-1.609915e-15,0.4226312
0.8248107,-1.515103e-16,0.3002184,-1.83691e-16,-1.0,0.0
0.7601485,-1.396324e-16,0.4388818,-1.83691e-16,-1.0,0.0
-0.8248107,1.515103e-16,0.3002184,-1.83691e-16,-1.0,0.0
-0.8248107,0.125,0.3002184,-0.9659221,-1.715822e-15,0.2588331
-0.8644132,0.125,0.1524284,-0.9659221,-1.715822e-15,0.2588331
-0.8248107,1.515103e-16,0.3002184,-0.9659221,-1.715822e-15,0.2588331
0.6723924,-1.235124e-16,0.5642083,-1.83691e-16,-1.0,0.0
-0.6723924,1.235124e-16,0.5642083,-1.83691e-16,-1.0,0.0
-0.7601485,1.396324e-16,0.4388818,-1.83691e-16,-1.0,0.0
-0.7601485,0.125,0.4388818,-0.8191472,-9.82271e-16,0.5735834
-0.7601485,1.396324e-16,0.4388818,-0.8191472,-9.82271e-16,0.5735834
-0.6723924,1.235124e-16,0.5642083,-0.8191472,-9.82271e-16,0.5735834
0.7601485,-1.396324e-16,0.4388818,-1.83691e-16,-1.0,0.0
0.6723924,-1.235124e-16,0.5642083,-1.83691e-16,-1.0,0.0
-0.7601485,1.396324e-16,0.4388818,-1.83691e-16,-1.0,0.0
-0.7601485,0.125,0.4388818,-0.9063018,-9.926436e-16,0.4226312
-0.8248107,0.125,0.3002184,-0.9063018,-9.926436e-16,0.4226312
-0.7601485,1.396324e-16,0.4388818,-0.9063018,-9.926436e-16,0.4226312
0.5642083,-1.0364e-16,0.6723924,-1.83691e-16,-1.0,0.0
-0.5642083,1.0364e-16,0.6723924,-1.83691e-16,-1.0,0.0
-0.6723924,1.235124e-16,0.5642083,-1.83691e-16,-1.0,0.0
-0.6723924,0.125,0.5642083,-0.7071068,-6.28037e-16,0.7071068
-0.6723924,1.235124e-16,0.5642083,-0.7071068,-6.28037e-16,0.7071068
-0.5642083,1.0364e-16,0.6723924,-0.7071068,-6.28037e-16,0.7071068
0.6723924,-1.235124e-16,0.5642083,-1.83691e-16,-1.0,0.0
0.5642083,-1.0364e-16,0.6723924,-1.83691e-16,-1.0,0.0
-0.6723924,1.235124e-16,0.5642083,-1.83691e-16,-1.0,0.0
-0.6723924,0.125,0.5642083,-0.8191472,-7.275488e-16,0.5735834
-0.7601485,0.125,0.4388818,-0.8191472,-7.275488e-16,0.5735834
-0.6723924,1.235124e-16,0.5642083,-0.8191472,-7.275488e-16,0.5735834
0.4388818,-8.061862e-17,0.7601485,-1.83691e-16,-1.0,0.0
-0.4388818,8.061862e-17,0.7601485,-1.83691e-16,-1.0,0.0
-0.5642083,1.0364e-16,0.6723924,-1.83691e-16,-1.0,0.0
-0.5642083,0.125,0.6723924,-0.5735834,-7.275488e-16,0.8191472
-0.5642083,1.0364e-16,0.6723924,-0.5735834,-7.275488e-16,0.8191472
-0.4388818,8.061862e-17,0.7601485,-0.5735834,-7.275488e-16,0.8191472
0.5642083,-1.0364e-16,0.6723924,-1.83691e-16,-1.0,0.0
0.4388818,-8.061862e-17,0.7601485,-1.83691e-16,-1.0,0.0
-0.5642083,1.0364e-16,0.6723924,-1.83691e-16,-1.0,0.0
-0.5642083,0.125,0.6723924,-0.7071068,-6.28037e-16,0.7071068
-0.6723924,0.125,0.5642083,-0.7071068,-6.28037e-16,0.7071068
-0.5642083,1.0364e-16,0.6723924,-0.7071068,-6.28037e-16,0.7071068
0.3002184,-5.51474e-17,0.8248107,-1.83691e-16,-1.0,0.0
-0.3002184,5.51474e-17,0.8248107,-1.83691e-16,-1.0,0.0
-0.4388818,8.061862e-17,0.7601485,-1.83691e-16,-1.0,0.0
-0.4388818,0.125,0.7601485,-0.4226312,-9.926436e-16,0.9063018
-0.4388818,8.061862e-17,0.7601485,-0.4226312,-9.926436e-16,0.9063018
-0.3002184,5.51474e-17,0.8248107,-0.4226312,-9.926436e-16,0.9063018
0.4388818,-8.061862e-17,0.7601485,-1.83691e-16,-1.0,0.0
0.3002184,-5.51474e-17,0.8248107,-1.83691e-16,-1.0,0.0
-0.4388818,8.061862e-17,0.7601485,-1.83691e-16,-1.0,0.0
-0.4388818,0.125,0.7601485,-0.5735834,-9.82271e-16,0.8191472
-0.5642083,0.125,0.6723924,-0.5735834,-9.82271e-16,0.8191472
-0.4388818,8.061862e-17,0.7601485,-0.5735834,-9.82271e-16,0.8191472
0.1524284,-2.799971e-17,0.8644132,-1.83691e-16,-1.0,0.0
-0.1524284,2.799971e-17,0.8644132,-1.83691e-16,-1.0,0.0
-0.3002184,5.51474e-17,0.8248107,-1.83691e-16,-1.0,0.0
-0.3002184,0.125,0.8248107,-0.2588331,-8.579111e-16,0.9659221
-0.3002184,5.51474e-17,0.8248107,-0.2588331,-8.579111e-16,0.9659221
-0.1524284,2.799971e-17,0.8644132,-0.2588331,-8.579111e-16,0.9659221
0.3002184,-5.51474e-17,0.8248107,-1.83691e-16,-1.0,0.0
0.1524284,-2.799971e-17,0.8644132,-1.83691e-16,-1.0,0.0
-0.3002184,5.51474e-17,0.8248107,-1.83691e-16,-1.0,0.0
-0.3002184,0.125,0.8248107,-0.4226312,-8.049577e-16,0.9063018
-0.4388818,0.125,0.7601485,-0.4226312,-8.049577e-16,0.9063018
-0.3002184,5.51474e-17,0.8248107,-0.4226312,-8.049577e-16,0.9063018
0.1524284,-2.799971e-17,0.8644132,-1.83691e-16,-1.0,0.0
5.925234e-17,0.0,0.87775,-1.83691e-16,-1.0,0.0
-0.1524284,2.799971e-17,0.8644132,-1.83691e-16,-1.0,0.0
-0.1524284,0.125,0.8644132,-0.08716229,-8.847981e-16,0.9961941
-0.1524284,2.799971e-17,0.8644132,-0.08716229,-8.847981e-16,0.9961941
5.925234e-17,0.0,0.87775,-0.08716229,-8.847981e-16,0.9961941
-0.1524284,0.125,0.8644132,-0.2588331,-8.579111e-16,0.9659221
-0.3002184,0.125,0.8248107,-0.2588331,-8.579111e-16,0.9659221
-0.1524284,2.799971e-17,0.8644132,-0.2588331,-8.579111e-16,0.9659221
8.22137e-17,0.125,0.87775,0.08716229,-9.00809e-16,0.9961941
5.925234e-17,0.0,0.87775,0.08716229,-9.00809e-16,0.9961941
0.1524284,-2.799971e-17,0.8644132,0.08716229,-9.00809e-16,0.9961941
8.22137e-17,0.125,0.87775,-0.08716229,-8.687872e-16,0.9961941
-0.1524284,0.125,0.8644132,-0.08716229,-8.687872e-16,0.9961941
5.925234e-17,0.0,0.87775,-0.08716229,-8.687872e-16,0.9961941
0.1524284,0.125,0.8644132,0.2588331,-9.153836e-16,0.9659221
0.1524284,-2.799971e-17,0.8644132,0.2588331,-9.153836e-16,0.9659221
0.3002184,-5.51474e-17,0.8248107,0.2588331,-9.153836e-16,0.9659221
0.1524284,0.125,0.8644132,0.08716229,-9.04152e-16,0.9961941
8.22137e-17,0.125,0.87775,0.08716229,-9.04152e-16,0.9961941
0.1524284,-2.799971e-17,0.8644132,0.08716229,-9.04152e-16,0.9961941
0.3002184,0.125,0.8248107,0.4226312,-1.18033e-15,0.9063018
0.3002184,-5.51474e-17,0.8248107,0.4226312,-1.18033e-15,0.9063018
0.4388818,-8.061862e-17,0.7601485,0.4226312,-1.18033e-15,0.9063018
0.3002184,0.125,0.8248107,0.2588331,-1.087801e-15,0.9659221
0.1524284,0.125,0.8644132,0.2588331,-1.087801e-15,0.9659221
0.3002184,-5.51474e-17,0.8248107,0.2588331,-1.087801e-15,0.9659221
0.4388818,0.125,0.7601485,0.5735834,-1.236993e-15,0.8191472
0.4388818,-8.061862e-17,0.7601485,0.5735834,-1.236993e-15,0.8191472
0.5642083,-1.0364e-16,0.6723924,0.5735834,-1.236993e-15,0.8191472
0.4388818,0.125,0.7601485,0.4226312,-1.18033e-15,0.9063018
0.3002184,0.125,0.8248107,0.4226312,-1.18033e-15,0.9063018
0.4388818,-8.061862e-17,0.7601485,0.4226312,-1.18033e-15,0.9063018
0.5642083,0.125,0.6723924,0.7071068,-6.28037e-16,0.7071068
0.5642083,-1.0364e-16,0.6723924,0.7071068,-6.28037e-16,0.7071068
0.6723924,-1.235124e-16,0.5642083,0.7071068,-6.28037e-16,0.7071068
0.5642083,0.125,0.6723924,0.5735834,-5.094444e-16,0.8191472
0.4388818,0.125,0.7601485,0.5735834,-5.094444e-16,0.8191472
0.5642083,-1.0364e-16,0.6723924,0.5735834,-5.094444e-16,0.8191472
0.6723924,0.125,0.5642083,0.8191472,-1.236993e-15,0.5735834
0.6723924,-1.235124e-16,0.5642083,0.8191472,-1.236993e-15,0.5735834
0.7601485,-1.396324e-16,0.4388818,0.8191472,-1.236993e-15,0.5735834
0.6723924,0.125,0.5642083,0.7071068,-1.256074e-15,0.7071068
0.5642083,0.125,0.6723924,0.7071068,-1.256074e-15,0.7071068
0.6723924,-1.235124e-16,0.5642083,0.7071068,-1.256074e-15,0.7071068
0.7601485,0.125,0.4388818,0.9063018,-9.926436e-16,0.4226312
0.7601485,-1.396324e-16,0.4388818,0.9063018,-9.926436e-16,0.4226312
0.8248107,-1.515103e-16,0.3002184,0.9063018,-9.926436e-16,0.4226312
0.7601485,0.125,0.4388818,0.8191472,-9.82271e-16,0.5735834
0.6723924,0.125,0.5642083,0.8191472,-9.82271e-16,0.5735834
0.7601485,-1.396324e-16,0.4388818,0.8191472,-9.82271e-16,0.5735834
0.8248107,0.125,0.3002184,0.9659221,-8.579111e-16,0.2588331
0.8248107,-1.515103e-16,0.3002184,0.9659221,-8.579111e-16,0.2588331
0.8644132,-1.587849e-16,0.1524284,0.9659221,-8.579111e-16,0.2588331
0.8248107,0.125,0.3002184,0.9063018,-8.049577e-16,0.4226312
0.7601485,0.125,0.4388818,0.9063018,-8.049577e-16,0.4226312
0.8248107,-1.515103e-16,0.3002184,0.9063018,-8.049577e-16,0.4226312
0.1174576,-2.15759e-17,0.04276183,-1.83691e-16,-1.0,0.0
0.125,-2.296137e-17,0.0,-1.83691e-16,-1.0,0.0
0.8644132,-1.587849e-16,0.1524284,-1.83691e-16,-1.0,0.0
0.09574618,-1.758771e-17,0.08035709,-1.83691e-16,-1.0,0.0
0.1174576,-2.15759e-17,0.04276183,-1.83691e-16,-1.0,0.0
0.8644132,-1.587849e-16,0.1524284,-1.83691e-16,-1.0,0.0
0.0624902,-1.147888e-17,0.1082557,-1.83691e-16,-1.0,0.0
0.09574618,-1.758771e-17,0.08035709,-1.83691e-16,-1.0,0.0
0.8644132,-1.587849e-16,0.1524284,-1.83691e-16,-1.0,0.0
0.02170188,-3.986439e-18,0.1230983,-1.83691e-16,-1.0,0.0
0.0624902,-1.147888e-17,0.1082557,-1.83691e-16,-1.0,0.0
0.8644132,-1.587849e-16,0.1524284,-1.83691e-16,-1.0,0.0
-0.02170188,3.986439e-18,0.1230983,-1.83691e-16,-1.0,1.210292e-30
0.02170188,-3.986439e-18,0.1230983,-1.83691e-16,-1.0,1.210292e-30
0.8644132,-1.587849e-16,0.1524284,-1.83691e-16,-1.0,1.210292e-30
0.8644132,0.125,0.1524284,0.9659221,-9.153836e-16,0.2588331
0.8248107,0.125,0.3002184,0.9659221,-9.153836e-16,0.2588331
0.8644132,-1.587849e-16,0.1524284,0.9659221,-9.153836e-16,0.2588331
0.125,0.375,0.0,-0.9847986,1.457795e-16,-0.1736998
0.125,-2.296137e-17,0.0,-0.9847986,1.457795e-16,-0.1736998
0.1174576,-2.15759e-17,0.04276183,-0.9847986,1.457795e-16,-0.1736998
0.1174576,0.375,-0.04276183,-0.9847986,-9.642278e-18,0.1736998
0.1174576,-2.15759e-17,-0.04276183,-0.9847986,-9.642278e-18,0.1736998
0.125,-2.296137e-17,0.0,-0.9847986,-9.642278e-18,0.1736998
0.1174576,0.375,-0.04276183,-0.9847986,1.464849e-16,0.1736998
0.125,-2.296137e-17,0.0,-0.9847986,1.464849e-16,0.1736998
0.125,0.375,0.0,-0.9847986,1.464849e-16,0.1736998
0.1174576,0.375,0.04276183,-0.8659675,-2.776115e-17,-0.5001003
0.1174576,-2.15759e-17,0.04276183,-0.8659675,-2.776115e-17,-0.5001003
0.09574618,-1.758771e-17,0.08035709,-0.8659675,-2.776115e-17,-0.5001003
0.1174576,0.375,0.04276183,-0.9847986,-9.642278e-18,-0.1736998
0.125,0.375,0.0,-0.9847986,-9.642278e-18,-0.1736998
0.1174576,-2.15759e-17,0.04276183,-0.9847986,-9.642278e-18,-0.1736998
0.09574618,0.375,0.08035709,-0.6427004,-3.29194e-17,-0.7661176
0.09574618,-1.758771e-17,0.08035709,-0.6427004,-3.29194e-17,-0.7661176
0.0624902,-1.147888e-17,0.1082557,-0.6427004,-3.29194e-17,-0.7661176
0.1174576,0.375,0.04276183,-0.8659675,0.0,-0.5001003
0.09574618,-1.758771e-17,0.08035709,-0.8659675,0.0,-0.5001003
0.09574618,0.375,0.08035709,-0.8659675,0.0,-0.5001003
0.0624902,0.375,0.1082557,-0.3419563,-1.011411e-16,-0.9397158
0.0624902,-1.147888e-17,0.1082557,-0.3419563,-1.011411e-16,-0.9397158
0.02170188,-3.986439e-18,0.1230983,-0.3419563,-1.011411e-16,-0.9397158
0.09574618,0.375,0.08035709,-0.6427004,-3.99628e-17,-0.7661176
0.0624902,-1.147888e-17,0.1082557,-0.6427004,-3.99628e-17,-0.7661176
0.0624902,0.375,0.1082557,-0.6427004,-3.99628e-17,-0.7661176
0.02170188,0.375,0.1230983,0.0,-1.480297e-16,-1.0
0.02170188,-3.986439e-18,0.1230983,0.0,-1.480297e-16,-1.0
-0.02170188,3.986439e-18,0.1230983,0.0,-1.480297e-16,-1.0
0.0624902,0.375,0.1082557,-0.3419563,-8.659307e-17,-0.9397158
0.02170188,-3.986439e-18,0.1230983,-0.3419563,-8.659307e-17,-0.9397158
0.02170188,0.375,0.1230983,-0.3419563,-8.659307e-17,-0.9397158
-0.02170188,0.375,0.1230983,0.3419563,-2.466482e-16,-0.9397158
-0.02170188,3.986439e-18,0.1230983,0.3419563,-2.466482e-16,-0.9397158
-0.0624902,1.147888e-17,0.1082557,0.3419563,-2.466482e-16,-0.9397158
0.02170188,0.375,0.1230983,3.19737e-16,-1.850372e-16,-1.0
-0.02170188,3.986439e-18,0.1230983,3.19737e-16,-1.850372e-16,-1.0
-0.02170188,0.375,0.1230983,3.19737e-16,-1.850372e-16,-1.0
-0.0624902,0.375,0.1082557,0.6427004,-2.51549e-16,-0.7661176
-0.0624902,1.147888e-17,0.1082557,0.6427004,-2.51549e-16,-0.7661176
-0.09574618,1.758771e-17,0.08035709,0.6427004,-2.51549e-16,-0.7661176
-0.02170188,0.375,0.1230983,0.3419563,-1.931692e-16,-0.9397158
-0.0624902,1.147888e-17,0.1082557,0.3419563,-1.931692e-16,-0.9397158
-0.0624902,0.375,0.1082557,0.3419563,-1.931692e-16,-0.9397158
-0.09574618,0.375,0.08035709,0.8659675,-3.304076e-16,-0.5001003
-0.09574618,1.758771e-17,0.08035709,0.8659675,-3.304076e-16,-0.5001003
-0.1174576,2.15759e-17,0.04276183,0.8659675,-3.304076e-16,-0.5001003
-0.0624902,0.375,0.1082557,0.6427004,-3.063815e-16,-0.7661176
-0.09574618,1.758771e-17,0.08035709,0.6427004,-3.063815e-16,-0.7661176
-0.09574618,0.375,0.08035709,0.6427004,-3.063815e-16,-0.7661176
-0.1174576,0.375,0.04276183,0.9847986,-3.74091e-16,-0.1736998
-0.1174576,2.15759e-17,0.04276183,0.9847986,-3.74091e-16,-0.1736998
-0.125,2.296137e-17,0.0,0.9847986,-3.74091e-16,-0.1736998
-0.09574618,0.375,0.08035709,0.8659675,-3.462986e-16,-0.5001003
-0.1174576,2.15759e-17,0.04276183,0.8659675,-3.462986e-16,-0.5001003
-0.1174576,0.375,0.04276183,0.8659675,-3.462986e-16,-0.5001003
-0.125,0.375,0.0,0.9847986,-3.644487e-16,0.1736998
-0.125,2.296137e-17,0.0,0.9847986,-3.644487e-16,0.1736998
-0.1174576,2.15759e-17,-0.04276183,0.9847986,-3.644487e-16,0.1736998
-0.1174576,0.375,0.04276183,0.9847986,-3.662122e-16,-0.1736998
-0.125,2.296137e-17,0.0,0.9847986,-3.662122e-16,-0.1736998
-0.125,0.375,0.0,0.9847986,-3.662122e-16,-0.1736998
-0.1174576,0.375,-0.04276183,0.8659675,-3.482335e-16,0.5001003
-0.1174576,2.15759e-17,-0.04276183,0.8659675,-3.482335e-16,0.5001003
-0.09574618,1.758771e-17,-0.08035709,0.8659675,-3.482335e-16,0.5001003
-0.125,0.375,0.0,0.9847986,-3.728706e-16,0.1736998
-0.1174576,2.15759e-17,-0.04276183,0.9847986,-3.728706e-16,0.1736998
-0.1174576,0.375,-0.04276183,0.9847986,-3.728706e-16,0.1736998
-0.09574618,0.375,-0.08035709,0.6427004,-3.036857e-16,0.7661176
-0.09574618,1.758771e-17,-0.08035709,0.6427004,-3.036857e-16,0.7661176
-0.0624902,1.147888e-17,-0.1082557,0.6427004,-3.036857e-16,0.7661176
-0.1174576,0.375,-0.04276183,0.8659675,-3.263199e-16,0.5001003
-0.09574618,1.758771e-17,-0.08035709,0.8659675,-3.263199e-16,0.5001003
-0.09574618,0.375,-0.08035709,0.8659675,-3.263199e-16,0.5001003
-0.0624902,0.375,-0.1082557,0.3419563,-1.929139e-16,0.9397158
-0.0624902,1.147888e-17,-0.1082557,0.3419563,-1.929139e-16,0.9397158
-0.02170188,3.986439e-18,-0.1230983,0.3419563,-1.929139e-16,0.9397158
-0.09574618,0.375,-0.08035709,0.6427004,-2.530977e-16,0.7661176
-0.0624902,1.147888e-17,-0.1082557,0.6427004,-2.530977e-16,0.7661176
-0.0624902,0.375,-0.1082557,0.6427004,-2.530977e-16,0.7661176
-0.02170188,0.375,-0.1230983,0.0,-1.850372e-16,1.0
-0.02170188,3.986439e-18,-0.1230983,0.0,-1.850372e-16,1.0
0.02170188,-3.986439e-18,-0.1230983,0.0,-1.850372e-16,1.0
-0.0624902,0.375,-0.1082557,0.3419563,-2.464572e-16,0.9397158
-0.02170188,3.986439e-18,-0.1230983,0.3419563,-2.464572e-16,0.9397158
-0.02170188,0.375,-0.1230983,0.3419563,-2.464572e-16,0.9397158
0.02170188,0.375,-0.1230983,-0.3419563,-9.164991e-17,0.9397158
0.02170188,-3.986439e-18,-0.1230983,-0.3419563,-9.164991e-17,0.9397158
0.0624902,-1.147888e-17,-0.1082557,-0.3419563,-9.164991e-17,0.9397158
-0.02170188,0.375,-0.1230983,3.19737e-16,-1.480297e-16,1.0
0.02170188,-3.986439e-18,-0.1230983,3.19737e-16,-1.480297e-16,1.0
0.02170188,0.375,-0.1230983,3.19737e-16,-1.480297e-16,1.0
0.0624902,0.375,-0.1082557,-0.6427004,-4.20541e-17,0.7661176
0.0624902,-1.147888e-17,-0.1082557,-0.6427004,-4.20541e-17,0.7661176
0.09574618,-1.758771e-17,-0.08035709,-0.6427004,-4.20541e-17,0.7661176
0.02170188,0.375,-0.1230983,-0.3419563,-9.991508e-17,0.9397158
0.0624902,-1.147888e-17,-0.1082557,-0.3419563,-9.991508e-17,0.9397158
0.0624902,0.375,-0.1082557,-0.3419563,-9.991508e-17,0.9397158
0.09574618,0.375,-0.08035709,-0.8659675,-4.967627e-18,0.5001003
0.09574618,-1.758771e-17,-0.08035709,-0.8659675,-4.967627e-18,0.5001003
0.1174576,-2.15759e-17,-0.04276183,-0.8659675,-4.967627e-18,0.5001003
0.0624902,0.375,-0.1082557,-0.6427004,-2.664187e-17,0.7661176
0.09574618,-1.758771e-17,-0.08035709,-0.6427004,-2.664187e-17,0.7661176
0.09574618,0.375,-0.08035709,-0.6427004,-2.664187e-17,0.7661176
0.09574618,0.375,-0.08035709,-0.8659675,-2.663836e-17,0.5001003
0.1174576,-2.15759e-17,-0.04276183,-0.8659675,-2.663836e-17,0.5001003
0.1174576,0.375,-0.04276183,-0.8659675,-2.663836e-17,0.5001003
-0.2175,0.125,0.0,2.101899e-16,1.0,-1.839063e-17
-0.87775,0.125,0.0,2.101899e-16,1.0,-1.839063e-17
-0.8644132,0.125,0.1524284,2.101899e-16,1.0,-1.839063e-17
-0.1883605,0.125,-0.10875,2.252846e-17,1.0,-8.78082e-16
-0.1666148,0.125,-0.1398014,2.252846e-17,1.0,-8.78082e-16
-0.87775,0.125,0.0,2.252846e-17,1.0,-8.78082e-16
-0.8644132,0.125,-0.1524284,1.985652e-16,1.0,1.737352e-17
-0.87775,0.125,0.0,1.985652e-16,1.0,1.737352e-17
-0.1666148,0.125,-0.1398014,1.985652e-16,1.0,1.737352e-17
-0.2043864,0.125,-0.07437618,3.113162e-16,1.0,9.526053e-16
-0.1883605,0.125,-0.10875,3.113162e-16,1.0,9.526053e-16
-0.87775,0.125,0.0,3.113162e-16,1.0,9.526053e-16
-0.2141957,0.125,-0.03776848,1.260826e-16,1.0,-7.244047e-16
-0.2043864,0.125,-0.07437618,1.260826e-16,1.0,-7.244047e-16
-0.87775,0.125,0.0,1.260826e-16,1.0,-7.244047e-16
-0.2175,0.125,0.0,2.101899e-16,1.0,7.532765e-16
-0.2141957,0.125,-0.03776848,2.101899e-16,1.0,7.532765e-16
-0.87775,0.125,0.0,2.101899e-16,1.0,7.532765e-16
-0.1398063,0.125,0.1666147,2.273418e-16,1.0,1.268846e-16
-0.8644132,0.125,0.1524284,2.273418e-16,1.0,1.268846e-16
-0.8248107,0.125,0.3002184,2.273418e-16,1.0,1.268846e-16
-0.2141957,0.125,0.03776848,4.053046e-17,1.0,-7.384333e-16
-0.2175,0.125,0.0,4.053046e-17,1.0,-7.384333e-16
-0.8644132,0.125,0.1524284,4.053046e-17,1.0,-7.384333e-16
-0.2043864,0.125,0.07437618,2.907096e-16,1.0,6.802917e-16
-0.2141957,0.125,0.03776848,2.907096e-16,1.0,6.802917e-16
-0.8644132,0.125,0.1524284,2.907096e-16,1.0,6.802917e-16
-0.1883605,0.125,0.10875,1.087763e-16,1.0,-8.581767e-16
-0.2043864,0.125,0.07437618,1.087763e-16,1.0,-8.581767e-16
-0.8644132,0.125,0.1524284,1.087763e-16,1.0,-8.581767e-16
-0.1666148,0.125,0.1398014,2.123632e-16,1.0,7.451383e-16
-0.1883605,0.125,0.10875,2.123632e-16,1.0,7.451383e-16
-0.8644132,0.125,0.1524284,2.123632e-16,1.0,7.451383e-16
-0.1398063,0.125,0.1666147,2.137439e-16,1.0,8.214374e-16
-0.1666148,0.125,0.1398014,2.137439e-16,1.0,8.214374e-16
-0.8644132,0.125,0.1524284,2.137439e-16,1.0,8.214374e-16
0.8248107,0.125,0.3002184,1.766669e-16,1.0,-8.23842e-17
-0.8248107,0.125,0.3002184,1.766669e-16,1.0,-8.23842e-17
-0.7601485,0.125,0.4388818,1.766669e-16,1.0,-8.23842e-17
0.8644132,0.125,0.1524284,1.766669e-16,1.0,4.734051e-17
-0.8248107,0.125,0.3002184,1.766669e-16,1.0,4.734051e-17
0.8248107,0.125,0.3002184,1.766669e-16,1.0,4.734051e-17
1.51512e-17,0.125,0.2175,2.017223e-16,1.0,3.337207e-16
-0.8248107,0.125,0.3002184,2.017223e-16,1.0,3.337207e-16
0.8644132,0.125,0.1524284,2.017223e-16,1.0,3.337207e-16
-0.1087397,0.125,0.1883636,-3.622148e-17,1.0,-1.22444e-15
-0.1398063,0.125,0.1666147,-3.622148e-17,1.0,-1.22444e-15
-0.8248107,0.125,0.3002184,-3.622148e-17,1.0,-1.22444e-15
-0.07438938,0.125,0.2043831,3.188794e-16,1.0,1.048842e-15
-0.1087397,0.125,0.1883636,3.188794e-16,1.0,1.048842e-15
-0.8248107,0.125,0.3002184,3.188794e-16,1.0,1.048842e-15
-0.03775776,0.125,0.2141971,1.252353e-16,1.0,-4.674547e-16
-0.07438938,0.125,0.2043831,1.252353e-16,1.0,-4.674547e-16
-0.8248107,0.125,0.3002184,1.252353e-16,1.0,-4.674547e-16
1.51512e-17,0.125,0.2175,7.838707e-17,1.0,-8.960935e-16
-0.03775776,0.125,0.2141971,7.838707e-17,1.0,-8.960935e-16
-0.8248107,0.125,0.3002184,7.838707e-17,1.0,-8.960935e-16
0.7601485,0.125,0.4388818,1.825668e-16,1.0,9.362918e-17
-0.7601485,0.125,0.4388818,1.825668e-16,1.0,9.362918e-17
-0.6723924,0.125,0.5642083,1.825668e-16,1.0,9.362918e-17
0.8248107,0.125,0.3002184,1.825668e-16,1.0,-1.494705e-17
-0.7601485,0.125,0.4388818,1.825668e-16,1.0,-1.494705e-17
0.7601485,0.125,0.4388818,1.825668e-16,1.0,-1.494705e-17
0.6723924,0.125,0.5642083,1.754351e-16,1.0,-1.754351e-16
-0.6723924,0.125,0.5642083,1.754351e-16,1.0,-1.754351e-16
-0.5642083,0.125,0.6723924,1.754351e-16,1.0,-1.754351e-16
0.7601485,0.125,0.4388818,1.754351e-16,1.0,1.21101e-17
-0.6723924,0.125,0.5642083,1.754351e-16,1.0,1.21101e-17
0.6723924,0.125,0.5642083,1.754351e-16,1.0,1.21101e-17
0.5642083,0.125,0.6723924,1.844769e-16,1.0,5.282514e-17
-0.5642083,0.125,0.6723924,1.844769e-16,1.0,5.282514e-17
-0.4388818,0.125,0.7601485,1.844769e-16,1.0,5.282514e-17
0.6723924,0.125,0.5642083,1.844769e-16,1.0,-7.208196e-17
-0.5642083,0.125,0.6723924,1.844769e-16,1.0,-7.208196e-17
0.5642083,0.125,0.6723924,1.844769e-16,1.0,-7.208196e-17
0.4388818,0.125,0.7601485,1.897247e-16,1.0,2.238849e-17
-0.4388818,0.125,0.7601485,1.897247e-16,1.0,2.238849e-17
-0.3002184,0.125,0.8248107,1.897247e-16,1.0,2.238849e-17
0.5642083,0.125,0.6723924,1.897247e-16,1.0,1.128097e-16
-0.4388818,0.125,0.7601485,1.897247e-16,1.0,1.128097e-16
0.4388818,0.125,0.7601485,1.897247e-16,1.0,1.128097e-16
0.3002184,0.125,0.8248107,1.849026e-16,1.0,1.082827e-17
-0.3002184,0.125,0.8248107,1.849026e-16,1.0,1.082827e-17
-0.1524284,0.125,0.8644132,1.849026e-16,1.0,1.082827e-17
0.4388818,0.125,0.7601485,1.849026e-16,1.0,-3.272918e-17
-0.3002184,0.125,0.8248107,1.849026e-16,1.0,-3.272918e-17
0.3002184,0.125,0.8248107,1.849026e-16,1.0,-3.272918e-17
0.1524284,0.125,0.8644132,1.820893e-16,1.0,0.0
-0.1524284,0.125,0.8644132,1.820893e-16,1.0,0.0
8.22137e-17,0.125,0.87775,1.820893e-16,1.0,0.0
0.3002184,0.125,0.8248107,1.820893e-16,1.0,-2.132703e-17
-0.1524284,0.125,0.8644132,1.820893e-16,1.0,-2.132703e-17
0.1524284,0.125,0.8644132,1.820893e-16,1.0,-2.132703e-17
0.1666148,0.125,0.1398014,1.803536e-16,1.0,-7.526456e-17
0.8644132,0.125,0.1524284,1.803536e-16,1.0,-7.526456e-17
0.87775,0.125,0.0,1.803536e-16,1.0,-7.526456e-17
0.03775776,0.125,0.2141971,1.26646e-15,1.0,1.447773e-14
1.51512e-17,0.125,0.2175,1.26646e-15,1.0,1.447773e-14
0.8644132,0.125,0.1524284,1.26646e-15,1.0,1.447773e-14
0.07438938,0.125,0.2043831,2.56092e-16,1.0,9.558918e-16
0.03775776,0.125,0.2141971,2.56092e-16,1.0,9.558918e-16
0.8644132,0.125,0.1524284,2.56092e-16,1.0,9.558918e-16
0.1087397,0.125,0.1883636,1.586268e-16,1.0,-5.261642e-16
0.07438938,0.125,0.2043831,1.586268e-16,1.0,-5.261642e-16
0.8644132,0.125,0.1524284,1.586268e-16,1.0,-5.261642e-16
0.1398063,0.125,0.1666147,2.295867e-16,1.0,9.660353e-16
0.1087397,0.125,0.1883636,2.295867e-16,1.0,9.660353e-16
0.8644132,0.125,0.1524284,2.295867e-16,1.0,9.660353e-16
0.1666148,0.125,0.1398014,1.942094e-16,1.0,-8.409684e-16
0.1398063,0.125,0.1666147,1.942094e-16,1.0,-8.409684e-16
0.8644132,0.125,0.1524284,1.942094e-16,1.0,-8.409684e-16
0.2141957,0.125,0.03776848,1.891709e-16,1.0,3.83994e-16
0.87775,0.125,0.0,1.891709e-16,1.0,3.83994e-16
0.2175,0.125,0.0,1.891709e-16,1.0,3.83994e-16
0.8644132,0.125,-0.1524284,1.891709e-16,1.0,7.449308e-17
0.2175,0.125,0.0,1.891709e-16,1.0,7.449308e-17
0.87775,0.125,0.0,1.891709e-16,1.0,7.449308e-17
0.1883605,0.125,0.10875,2.252846e-17,1.0,-8.78082e-16
0.1666148,0.125,0.1398014,2.252846e-17,1.0,-8.78082e-16
0.87775,0.125,0.0,2.252846e-17,1.0,-8.78082e-16
0.2043864,0.125,0.07437618,2.425725e-16,1.0,5.168241e-16
0.1883605,0.125,0.10875,2.425725e-16,1.0,5.168241e-16
0.87775,0.125,0.0,2.425725e-16,1.0,5.168241e-16
0.2141957,0.125,0.03776848,1.479943e-16,1.0,-3.394386e-16
0.2043864,0.125,0.07437618,1.479943e-16,1.0,-3.394386e-16
0.87775,0.125,0.0,1.479943e-16,1.0,-3.394386e-16
0.8644132,0.125,-0.1524284,8.33223e-17,1.0,-3.747334e-16
0.2141957,0.125,-0.03776848,8.33223e-17,1.0,-3.747334e-16
0.2175,0.125,0.0,8.33223e-17,1.0,-3.747334e-16
0.2175,0.375,0.0,0.9961947,-1.105998e-16,-0.08715574
0.2175,0.125,0.0,0.9961947,-1.105998e-16,-0.08715574
0.2141957,0.125,-0.03776848,0.9961947,-1.105998e-16,-0.08715574
0.2141957,0.375,0.03776848,0.9961947,-2.211997e-16,0.08715574
0.2141957,0.125,0.03776848,0.9961947,-2.211997e-16,0.08715574
0.2175,0.125,0.0,0.9961947,-2.211997e-16,0.08715574
0.2175,0.375,0.0,0.9961947,-1.105998e-16,0.08715574
0.2141957,0.375,0.03776848,0.9961947,-1.105998e-16,0.08715574
0.2175,0.125,0.0,0.9961947,-1.105998e-16,0.08715574
0.8644132,0.125,-0.1524284,2.064957e-16,1.0,3.237627e-16
0.2043864,0.125,-0.07437618,2.064957e-16,1.0,3.237627e-16
0.2141957,0.125,-0.03776848,2.064957e-16,1.0,3.237627e-16
0.2141957,0.375,-0.03776848,0.9659238,-2.144782e-16,-0.2588266
0.2141957,0.125,-0.03776848,0.9659238,-2.144782e-16,-0.2588266
0.2043864,0.125,-0.07437618,0.9659238,-2.144782e-16,-0.2588266
0.2141957,0.375,-0.03776848,0.9961947,-2.211997e-16,-0.08715574
0.2175,0.375,0.0,0.9961947,-2.211997e-16,-0.08715574
0.2141957,0.125,-0.03776848,0.9961947,-2.211997e-16,-0.08715574
0.8644132,0.125,-0.1524284,1.141704e-16,1.0,-4.569602e-16
0.1883605,0.125,-0.10875,1.141704e-16,1.0,-4.569602e-16
0.2043864,0.125,-0.07437618,1.141704e-16,1.0,-4.569602e-16
0.2043864,0.375,-0.07437618,0.9063373,-7.716715e-17,-0.4225549
0.2043864,0.125,-0.07437618,0.9063373,-7.716715e-17,-0.4225549
0.1883605,0.125,-0.10875,0.9063373,-7.716715e-17,-0.4225549
0.2141957,0.375,-0.03776848,0.9659238,-9.154416e-17,-0.2588266
0.2043864,0.125,-0.07437618,0.9659238,-9.154416e-17,-0.2588266
0.2043864,0.375,-0.07437618,0.9659238,-9.154416e-17,-0.2588266
0.8644132,0.125,-0.1524284,1.927241e-16,1.0,7.588918e-16
0.1666148,0.125,-0.1398014,1.927241e-16,1.0,7.588918e-16
0.1883605,0.125,-0.10875,1.927241e-16,1.0,7.588918e-16
0.1883605,0.375,-0.10875,0.8191116,-1.818793e-16,-0.5736342
0.1883605,0.125,-0.10875,0.8191116,-1.818793e-16,-0.5736342
0.1666148,0.125,-0.1398014,0.8191116,-1.818793e-16,-0.5736342
0.2043864,0.375,-0.07437618,0.9063373,-1.943933e-16,-0.4225549
0.1883605,0.125,-0.10875,0.9063373,-1.943933e-16,-0.4225549
0.1883605,0.375,-0.10875,0.9063373,-1.943933e-16,-0.4225549
0.8644132,0.125,-0.1524284,1.942094e-16,1.0,8.409684e-16
0.1398063,0.125,-0.1666147,1.942094e-16,1.0,8.409684e-16
0.1666148,0.125,-0.1398014,1.942094e-16,1.0,8.409684e-16
0.1666148,0.375,-0.1398014,0.7071692,7.849769e-17,-0.7070444
0.1666148,0.125,-0.1398014,0.7071692,7.849769e-17,-0.7070444
0.1398063,0.125,-0.1666147,0.7071692,7.849769e-17,-0.7070444
0.1883605,0.375,-0.10875,0.8191116,5.72008e-17,-0.5736342
0.1666148,0.125,-0.1398014,0.8191116,5.72008e-17,-0.5736342
0.1666148,0.375,-0.1398014,0.8191116,5.72008e-17,-0.5736342
0.8248107,0.125,-0.3002184,7.69593e-17,1.0,-7.480198e-16
0.1087397,0.125,-0.1883636,7.69593e-17,1.0,-7.480198e-16
0.1398063,0.125,-0.1666147,7.69593e-17,1.0,-7.480198e-16
0.1398063,0.375,-0.1666147,0.5735042,-1.273435e-16,-0.8192027
0.1398063,0.125,-0.1666147,0.5735042,-1.273435e-16,-0.8192027
0.1087397,0.125,-0.1883636,0.5735042,-1.273435e-16,-0.8192027
0.8644132,0.125,-0.1524284,2.117848e-16,1.0,-5.675086e-17
0.8248107,0.125,-0.3002184,2.117848e-16,1.0,-5.675086e-17
0.1398063,0.125,-0.1666147,2.117848e-16,1.0,-5.675086e-17
0.1666148,0.375,-0.1398014,0.7071692,-1.601297e-16,-0.7070444
0.1398063,0.125,-0.1666147,0.7071692,-1.601297e-16,-0.7070444
0.1398063,0.375,-0.1666147,0.7071692,-1.601297e-16,-0.7070444
0.8248107,0.125,-0.3002184,2.465462e-16,1.0,3.376403e-16
0.07438938,0.125,-0.2043831,2.465462e-16,1.0,3.376403e-16
0.1087397,0.125,-0.1883636,2.465462e-16,1.0,3.376403e-16
0.1087397,0.375,-0.1883636,0.4226548,-7.038617e-17,-0.9062907
0.1087397,0.125,-0.1883636,0.4226548,-7.038617e-17,-0.9062907
0.07438938,0.125,-0.2043831,0.4226548,-7.038617e-17,-0.9062907
0.1398063,0.375,-0.1666147,0.5735042,-9.14868e-17,-0.8192027
0.1087397,0.125,-0.1883636,0.5735042,-9.14868e-17,-0.8192027
0.1087397,0.375,-0.1883636,0.5735042,-9.14868e-17,-0.8192027
0.8248107,0.125,-0.3002184,1.377589e-16,1.0,-5.142002e-16
0.03775776,0.125,-0.2141971,1.377589e-16,1.0,-5.142002e-16
0.07438938,0.125,-0.2043831,1.377589e-16,1.0,-5.142002e-16
0.07438938,0.375,-0.2043831,0.2587828,-5.746133e-17,-0.9659355
0.07438938,0.125,-0.2043831,0.2587828,-5.746133e-17,-0.9659355
0.03775776,0.125,-0.2141971,0.2587828,-5.746133e-17,-0.9659355
0.1087397,0.375,-0.1883636,0.4226548,-1.029791e-16,-0.9062907
0.07438938,0.125,-0.2043831,0.4226548,-1.029791e-16,-0.9062907
0.07438938,0.375,-0.2043831,0.4226548,-1.029791e-16,-0.9062907
0.8248107,0.125,-0.3002184,8.622578e-17,1.0,-9.857029e-16
6.842158e-17,0.125,-0.2175,8.622578e-17,1.0,-9.857029e-16
0.03775776,0.125,-0.2141971,8.622578e-17,1.0,-9.857029e-16
0.03775776,0.375,-0.2141971,0.08714366,9.608761e-17,-0.9961958
0.03775776,0.125,-0.2141971,0.08714366,9.608761e-17,-0.9961958
6.842158e-17,0.125,-0.2175,0.08714366,9.608761e-17,-0.9961958
0.07438938,0.375,-0.2043831,0.2587828,6.289629e-17,-0.9659355
0.03775776,0.125,-0.2141971,0.2587828,6.289629e-17,-0.9659355
0.03775776,0.375,-0.2141971,0.2587828,6.289629e-17,-0.9659355
-0.8644132,0.125,-0.1524284,1.381593e-15,1.0,1.579388e-14
-0.03775776,0.125,-0.2141971,1.381593e-15,1.0,1.579388e-14
6.842158e-17,0.125,-0.2175,1.381593e-15,1.0,1.579388e-14
1.143443e-16,0.375,-0.2175,-0.08714366,1.60075e-17,-0.9961958
6.842158e-17,0.125,-0.2175,-0.08714366,1.60075e-17,-0.9961958
-0.03775776,0.125,-0.2141971,-0.08714366,1.60075e-17,-0.9961958
0.8248107,0.125,-0.3002184,2.154566e-16,1.0,3.028984e-16
-0.8644132,0.125,-0.1524284,2.154566e-16,1.0,3.028984e-16
6.842158e-17,0.125,-0.2175,2.154566e-16,1.0,3.028984e-16
0.03775776,0.375,-0.2141971,0.08714366,-1.430272e-17,-0.9961958
6.842158e-17,0.125,-0.2175,0.08714366,-1.430272e-17,-0.9961958
1.143443e-16,0.375,-0.2175,0.08714366,-1.430272e-17,-0.9961958
-0.8644132,0.125,-0.1524284,2.793731e-16,1.0,1.042791e-15
-0.07438938,0.125,-0.2043831,2.793731e-16,1.0,1.042791e-15
-0.03775776,0.125,-0.2141971,2.793731e-16,1.0,1.042791e-15
-0.03775776,0.375,-0.2141971,-0.2587828,5.027866e-17,-0.9659355
-0.03775776,0.125,-0.2141971,-0.2587828,5.027866e-17,-0.9659355
-0.07438938,0.125,-0.2043831,-0.2587828,5.027866e-17,-0.9659355
1.143443e-16,0.375,-0.2175,-0.08714366,1.716327e-17,-0.9961958
-0.03775776,0.125,-0.2141971,-0.08714366,1.716327e-17,-0.9961958
-0.03775776,0.375,-0.2141971,-0.08714366,1.716327e-17,-0.9961958
-0.8644132,0.125,-0.1524284,1.127529e-16,1.0,-1.490835e-15
-0.1087397,0.125,-0.1883636,1.127529e-16,1.0,-1.490835e-15
-0.07438938,0.125,-0.2043831,1.127529e-16,1.0,-1.490835e-15
-0.07438938,0.375,-0.2043831,-0.4226548,9.384822e-17,-0.9062907
-0.07438938,0.125,-0.2043831,-0.4226548,9.384822e-17,-0.9062907
-0.1087397,0.125,-0.1883636,-0.4226548,9.384822e-17,-0.9062907
-0.03775776,0.375,-0.2141971,-0.2587828,5.717844e-17,-0.9659355
-0.07438938,0.125,-0.2043831,-0.2587828,5.717844e-17,-0.9659355
-0.07438938,0.375,-0.2043831,-0.2587828,5.717844e-17,-0.9659355
-0.8644132,0.125,-0.1524284,2.621417e-16,1.0,1.650627e-15
-0.1398063,0.125,-0.1666147,2.621417e-16,1.0,1.650627e-15
-0.1087397,0.125,-0.1883636,2.621417e-16,1.0,1.650627e-15
-0.1087397,0.375,-0.1883636,-0.5735042,3.09243e-16,-0.8192027
-0.1087397,0.125,-0.1883636,-0.5735042,3.09243e-16,-0.8192027
-0.1398063,0.125,-0.1666147,-0.5735042,3.09243e-16,-0.8192027
-0.07438938,0.375,-0.2043831,-0.4226548,2.86053e-16,-0.9062907
-0.1087397,0.125,-0.1883636,-0.4226548,2.86053e-16,-0.9062907
-0.1087397,0.375,-0.1883636,-0.4226548,2.86053e-16,-0.9062907
-0.8644132,0.125,-0.1524284,2.137439e-16,1.0,-8.214374e-16
-0.1666148,0.125,-0.1398014,2.137439e-16,1.0,-8.214374e-16
-0.1398063,0.125,-0.1666147,2.137439e-16,1.0,-8.214374e-16
-0.1398063,0.375,-0.1666147,-0.7071692,1.570231e-16,-0.7070444
-0.1398063,0.125,-0.1666147,-0.7071692,1.570231e-16,-0.7070444
-0.1666148,0.125,-0.1398014,-0.7071692,1.570231e-16,-0.7070444
-0.1087397,0.375,-0.1883636,-0.5735042,1.257944e-16,-0.8192027
-0.1398063,0.125,-0.1666147,-0.5735042,1.257944e-16,-0.8192027
-0.1398063,0.375,-0.1666147,-0.5735042,1.257944e-16,-0.8192027
-0.1666148,0.375,-0.1398014,-0.8191116,1.818793e-16,-0.5736342
-0.1666148,0.125,-0.1398014,-0.8191116,1.818793e-16,-0.5736342
-0.1883605,0.125,-0.10875,-0.8191116,1.818793e-16,-0.5736342
-0.1398063,0.375,-0.1666147,-0.7071692,1.601297e-16,-0.7070444
-0.1666148,0.125,-0.1398014,-0.7071692,1.601297e-16,-0.7070444
-0.1666148,0.375,-0.1398014,-0.7071692,1.601297e-16,-0.7070444
-0.1883605,0.375,-0.10875,-0.9063373,2.012473e-16,-0.4225549
-0.1883605,0.125,-0.10875,-0.9063373,2.012473e-16,-0.4225549
-0.2043864,0.125,-0.07437618,-0.9063373,2.012473e-16,-0.4225549
-0.1666148,0.375,-0.1398014,-0.8191116,1.830426e-16,-0.5736342
-0.1883605,0.125,-0.10875,-0.8191116,1.830426e-16,-0.5736342
-0.1883605,0.375,-0.10875,-0.8191116,1.830426e-16,-0.5736342
-0.2043864,0.375,-0.07437618,-0.9659238,3.36085e-16,-0.2588266
-0.2043864,0.125,-0.07437618,-0.9659238,3.36085e-16,-0.2588266
-0.2141957,0.125,-0.03776848,-0.9659238,3.36085e-16,-0.2588266
-0.1883605,0.375,-0.10875,-0.9063373,3.316121e-16,-0.4225549
-0.2043864,0.125,-0.07437618,-0.9063373,3.316121e-16,-0.4225549
-0.2043864,0.375,-0.07437618,-0.9063373,3.316121e-16,-0.4225549
-0.2141957,0.375,-0.03776848,-0.9961947,2.211997e-16,-0.08715574
-0.2141957,0.125,-0.03776848,-0.9961947,2.211997e-16,-0.08715574
-0.2175,0.125,0.0,-0.9961947,2.211997e-16,-0.08715574
-0.2043864,0.375,-0.07437618,-0.9659238,2.116959e-16,-0.2588266
-0.2141957,0.125,-0.03776848,-0.9659238,2.116959e-16,-0.2588266
-0.2141957,0.375,-0.03776848,-0.9659238,2.116959e-16,-0.2588266
-0.2175,0.375,0.0,-0.9961947,3.317995e-16,0.08715574
-0.2175,0.125,0.0,-0.9961947,3.317995e-16,0.08715574
-0.2141957,0.125,0.03776848,-0.9961947,3.317995e-16,0.08715574
-0.2141957,0.375,-0.03776848,-0.9961947,3.317287e-16,-0.08715574
-0.2175,0.125,0.0,-0.9961947,3.317287e-16,-0.08715574
-0.2175,0.375,0.0,-0.9961947,3.317287e-16,-0.08715574
-0.2141957,0.375,0.03776848,-0.9659238,2.144782e-16,0.2588266
-0.2141957,0.125,0.03776848,-0.9659238,2.144782e-16,0.2588266
-0.2043864,0.125,0.07437618,-0.9659238,2.144782e-16,0.2588266
-0.2141957,0.375,0.03776848,-0.9961947,2.211997e-16,0.08715574
-0.2175,0.375,0.0,-0.9961947,2.211997e-16,0.08715574
-0.2141957,0.125,0.03776848,-0.9961947,2.211997e-16,0.08715574
-0.2043864,0.375,0.07437618,-0.9063373,3.253275e-16,0.4225549
-0.2043864,0.125,0.07437618,-0.9063373,3.253275e-16,0.4225549
-0.1883605,0.125,0.10875,-0.9063373,3.253275e-16,0.4225549
-0.2043864,0.375,0.07437618,-0.9659238,3.36085e-16,0.2588266
-0.2141957,0.375,0.03776848,-0.9659238,3.36085e-16,0.2588266
-0.2043864,0.125,0.07437618,-0.9659238,3.36085e-16,0.2588266
-0.1883605,0.375,0.10875,-0.8191116,1.818793e-16,0.5736342
-0.1883605,0.125,0.10875,-0.8191116,1.818793e-16,0.5736342
-0.1666148,0.125,0.1398014,-0.8191116,1.818793e-16,0.5736342
-0.1883605,0.375,0.10875,-0.9063373,2.012473e-16,0.4225549
-0.2043864,0.375,0.07437618,-0.9063373,2.012473e-16,0.4225549
-0.1883605,0.125,0.10875,-0.9063373,2.012473e-16,0.4225549
-0.1666148,0.375,0.1398014,-0.7071692,1.570231e-16,0.7070444
-0.1666148,0.125,0.1398014,-0.7071692,1.570231e-16,0.7070444
-0.1398063,0.125,0.1666147,-0.7071692,1.570231e-16,0.7070444
-0.1666148,0.375,0.1398014,-0.8191116,1.818793e-16,0.5736342
-0.1883605,0.375,0.10875,-0.8191116,1.818793e-16,0.5736342
-0.1666148,0.125,0.1398014,-0.8191116,1.818793e-16,0.5736342
-0.1398063,0.375,0.1666147,-0.5735042,1.273435e-16,0.8192027
-0.1398063,0.125,0.1666147,-0.5735042,1.273435e-16,0.8192027
-0.1087397,0.125,0.1883636,-0.5735042,1.273435e-16,0.8192027
-0.1398063,0.375,0.1666147,-0.7071692,1.570231e-16,0.7070444
-0.1666148,0.375,0.1398014,-0.7071692,1.570231e-16,0.7070444
-0.1398063,0.125,0.1666147,-0.7071692,1.570231e-16,0.7070444
-0.1087397,0.375,0.1883636,-0.4226548,2.950852e-16,0.9062907
-0.1087397,0.125,0.1883636,-0.4226548,2.950852e-16,0.9062907
-0.07438938,0.125,0.2043831,-0.4226548,2.950852e-16,0.9062907
-0.1087397,0.375,0.1883636,-0.5735042,3.09243e-16,0.8192027
-0.1398063,0.375,0.1666147,-0.5735042,3.09243e-16,0.8192027
-0.1087397,0.125,0.1883636,-0.5735042,3.09243e-16,0.8192027
-0.07438938,0.375,0.2043831,-0.2587828,5.746133e-17,0.9659355
-0.07438938,0.125,0.2043831,-0.2587828,5.746133e-17,0.9659355
-0.03775776,0.125,0.2141971,-0.2587828,5.746133e-17,0.9659355
-0.07438938,0.375,0.2043831,-0.4226548,9.384822e-17,0.9062907
-0.1087397,0.375,0.1883636,-0.4226548,9.384822e-17,0.9062907
-0.07438938,0.125,0.2043831,-0.4226548,9.384822e-17,0.9062907
-0.03775776,0.375,0.2141971,-0.08714366,1.693106e-17,0.9961958
-0.03775776,0.125,0.2141971,-0.08714366,1.693106e-17,0.9961958
1.51512e-17,0.125,0.2175,-0.08714366,1.693106e-17,0.9961958
-0.03775776,0.375,0.2141971,-0.2587828,5.027866e-17,0.9659355
-0.07438938,0.375,0.2043831,-0.2587828,5.027866e-17,0.9659355
-0.03775776,0.125,0.2141971,-0.2587828,5.027866e-17,0.9659355
6.107394e-17,0.375,0.2175,0.08714366,-1.60075e-17,0.9961958
1.51512e-17,0.125,0.2175,0.08714366,-1.60075e-17,0.9961958
0.03775776,0.125,0.2141971,0.08714366,-1.60075e-17,0.9961958
6.107394e-17,0.375,0.2175,-0.08714366,1.60075e-17,0.9961958
-0.03775776,0.375,0.2141971,-0.08714366,1.60075e-17,0.9961958
1.51512e-17,0.125,0.2175,-0.08714366,1.60075e-17,0.9961958
0.03775776,0.375,0.2141971,0.2587828,6.414439e-17,0.9659355
0.03775776,0.125,0.2141971,0.2587828,6.414439e-17,0.9659355
0.07438938,0.125,0.2043831,0.2587828,6.414439e-17,0.9659355
0.03775776,0.375,0.2141971,0.08714366,9.608761e-17,0.9961958
6.107394e-17,0.375,0.2175,0.08714366,9.608761e-17,0.9961958
0.03775776,0.125,0.2141971,0.08714366,9.608761e-17,0.9961958
0.07438938,0.375,0.2043831,0.4226548,-9.384822e-17,0.9062907
0.07438938,0.125,0.2043831,0.4226548,-9.384822e-17,0.9062907
0.1087397,0.125,0.1883636,0.4226548,-9.384822e-17,0.9062907
0.07438938,0.375,0.2043831,0.2587828,-5.746133e-17,0.9659355
0.03775776,0.375,0.2141971,0.2587828,-5.746133e-17,0.9659355
0.07438938,0.125,0.2043831,0.2587828,-5.746133e-17,0.9659355
0.1087397,0.375,0.1883636,0.5735042,-9.550763e-17,0.8192027
0.1087397,0.125,0.1883636,0.5735042,-9.550763e-17,0.8192027
0.1398063,0.125,0.1666147,0.5735042,-9.550763e-17,0.8192027
0.1087397,0.375,0.1883636,0.4226548,-7.038617e-17,0.9062907
0.07438938,0.375,0.2043831,0.4226548,-7.038617e-17,0.9062907
0.1087397,0.125,0.1883636,0.4226548,-7.038617e-17,0.9062907
0.1398063,0.375,0.1666147,0.7071692,-1.570231e-16,0.7070444
0.1398063,0.125,0.1666147,0.7071692,-1.570231e-16,0.7070444
0.1666148,0.125,0.1398014,0.7071692,-1.570231e-16,0.7070444
0.1398063,0.375,0.1666147,0.5735042,-1.273435e-16,0.8192027
0.1087397,0.375,0.1883636,0.5735042,-1.273435e-16,0.8192027
0.1398063,0.125,0.1666147,0.5735042,-1.273435e-16,0.8192027
0.1666148,0.375,0.1398014,0.8191116,6.368619e-17,0.5736342
0.1666148,0.125,0.1398014,0.8191116,6.368619e-17,0.5736342
0.1883605,0.125,0.10875,0.8191116,6.368619e-17,0.5736342
0.1666148,0.375,0.1398014,0.7071692,7.849769e-17,0.7070444
0.1398063,0.375,0.1666147,0.7071692,7.849769e-17,0.7070444
0.1666148,0.125,0.1398014,0.7071692,7.849769e-17,0.7070444
0.1883605,0.375,0.10875,0.9063373,-2.012473e-16,0.4225549
0.1883605,0.125,0.10875,0.9063373,-2.012473e-16,0.4225549
0.2043864,0.125,0.07437618,0.9063373,-2.012473e-16,0.4225549
0.1883605,0.375,0.10875,0.8191116,-1.818793e-16,0.5736342
0.1666148,0.375,0.1398014,0.8191116,-1.818793e-16,0.5736342
0.1883605,0.125,0.10875,0.8191116,-1.818793e-16,0.5736342
0.2043864,0.375,0.07437618,0.9659238,-9.287132e-17,0.2588266
0.2043864,0.125,0.07437618,0.9659238,-9.287132e-17,0.2588266
0.2141957,0.125,0.03776848,0.9659238,-9.287132e-17,0.2588266
0.2043864,0.375,0.07437618,0.9063373,-7.716715e-17,0.4225549
0.1883605,0.375,0.10875,0.9063373,-7.716715e-17,0.4225549
0.2043864,0.125,0.07437618,0.9063373,-7.716715e-17,0.4225549
0.2141957,0.375,0.03776848,0.9659238,-2.144782e-16,0.2588266
0.2043864,0.375,0.07437618,0.9659238,-2.144782e-16,0.2588266
0.2141957,0.125,0.03776848,0.9659238,-2.144782e-16,0.2588266
0.8248107,0.125,-0.3002184,1.766669e-16,1.0,-1.404637e-16
-0.8248107,0.125,-0.3002184,1.766669e-16,1.0,-1.404637e-16
-0.8644132,0.125,-0.1524284,1.766669e-16,1.0,-1.404637e-16
0.7601485,0.125,-0.4388818,1.825668e-16,1.0,8.513546e-17
-0.7601485,0.125,-0.4388818,1.825668e-16,1.0,8.513546e-17
-0.8248107,0.125,-0.3002184,1.825668e-16,1.0,8.513546e-17
0.8248107,0.125,-0.3002184,1.766669e-16,1.0,1.769831e-17
0.7601485,0.125,-0.4388818,1.766669e-16,1.0,1.769831e-17
-0.8248107,0.125,-0.3002184,1.766669e-16,1.0,1.769831e-17
0.6723924,0.125,-0.5642083,1.754351e-16,1.0,-9.862297e-17
-0.6723924,0.125,-0.5642083,1.754351e-16,1.0,-9.862297e-17
-0.7601485,0.125,-0.4388818,1.754351e-16,1.0,-9.862297e-17
0.7601485,0.125,-0.4388818,1.825668e-16,1.0,-1.710389e-17
0.6723924,0.125,-0.5642083,1.825668e-16,1.0,-1.710389e-17
-0.7601485,0.125,-0.4388818,1.825668e-16,1.0,-1.710389e-17
0.5642083,0.125,-0.6723924,1.844769e-16,1.0,1.844769e-16
-0.5642083,0.125,-0.6723924,1.844769e-16,1.0,1.844769e-16
-0.6723924,0.125,-0.5642083,1.844769e-16,1.0,1.844769e-16
0.6723924,0.125,-0.5642083,1.754351e-16,1.0,8.112381e-17
0.5642083,0.125,-0.6723924,1.754351e-16,1.0,8.112381e-17
-0.6723924,0.125,-0.5642083,1.754351e-16,1.0,8.112381e-17
0.4388818,0.125,-0.7601485,1.897247e-16,1.0,-4.533064e-17
-0.4388818,0.125,-0.7601485,1.897247e-16,1.0,-4.533064e-17
-0.5642083,0.125,-0.6723924,1.897247e-16,1.0,-4.533064e-17
0.5642083,0.125,-0.6723924,1.844769e-16,1.0,-1.053152e-16
0.4388818,0.125,-0.7601485,1.844769e-16,1.0,-1.053152e-16
-0.5642083,0.125,-0.6723924,1.844769e-16,1.0,-1.053152e-16
0.3002184,0.125,-0.8248107,1.849026e-16,1.0,-3.272918e-17
-0.3002184,0.125,-0.8248107,1.849026e-16,1.0,-3.272918e-17
-0.4388818,0.125,-0.7601485,1.849026e-16,1.0,-3.272918e-17
0.4388818,0.125,-0.7601485,1.897247e-16,1.0,2.238849e-17
0.3002184,0.125,-0.8248107,1.897247e-16,1.0,2.238849e-17
-0.4388818,0.125,-0.7601485,1.897247e-16,1.0,2.238849e-17
0.1524284,0.125,-0.8644132,1.820893e-16,1.0,-2.132703e-17
-0.1524284,0.125,-0.8644132,1.820893e-16,1.0,-2.132703e-17
-0.3002184,0.125,-0.8248107,1.820893e-16,1.0,-2.132703e-17
0.3002184,0.125,-0.8248107,1.849026e-16,1.0,1.082827e-17
0.1524284,0.125,-0.8644132,1.849026e-16,1.0,1.082827e-17
-0.3002184,0.125,-0.8248107,1.849026e-16,1.0,1.082827e-17
0.1524284,0.125,-0.8644132,1.820893e-16,1.0,0.0
8.22137e-17,0.125,-0.87775,1.820893e-16,1.0,0.0
-0.1524284,0.125,-0.8644132,1.820893e-16,1.0,0.0
-0.125,0.375,0.0,6.001206e-16,1.0,4.35682e-15
-0.2175,0.375,0.0,6.001206e-16,1.0,4.35682e-15
-0.2141957,0.375,0.03776848,6.001206e-16,1.0,4.35682e-15
-0.125,0.375,0.0,6.001206e-16,1.0,1.058499e-16
-0.1174576,0.375,-0.04276183,6.001206e-16,1.0,1.058499e-16
-0.2175,0.375,0.0,6.001206e-16,1.0,1.058499e-16
-0.2141957,0.375,-0.03776848,-1.381495e-15,1.0,-4.530189e-15
-0.2175,0.375,0.0,-1.381495e-15,1.0,-4.530189e-15
-0.1174576,0.375,-0.04276183,-1.381495e-15,1.0,-4.530189e-15
-0.1174576,0.375,0.04276183,-9.256479e-16,1.0,-4.301103e-15
-0.2141957,0.375,0.03776848,-9.256479e-16,1.0,-4.301103e-15
-0.2043864,0.375,0.07437618,-9.256479e-16,1.0,-4.301103e-15
-0.1174576,0.375,0.04276183,-1.158204e-15,1.0,2.042852e-16
-0.125,0.375,0.0,-1.158204e-15,1.0,2.042852e-16
-0.2141957,0.375,0.03776848,-1.158204e-15,1.0,2.042852e-16
-0.09574618,0.375,0.08035709,2.506805e-16,1.0,4.727903e-15
-0.2043864,0.375,0.07437618,2.506805e-16,1.0,4.727903e-15
-0.1883605,0.375,0.10875,2.506805e-16,1.0,4.727903e-15
-0.09574618,0.375,0.08035709,5.277418e-16,1.0,-3.047734e-16
-0.1174576,0.375,0.04276183,5.277418e-16,1.0,-3.047734e-16
-0.2043864,0.375,0.07437618,5.277418e-16,1.0,-3.047734e-16
-0.02170188,0.375,0.1230983,-2.175465e-16,1.0,-5.210803e-15
-0.1883605,0.375,0.10875,-2.175465e-16,1.0,-5.210803e-15
-0.1666148,0.375,0.1398014,-2.175465e-16,1.0,-5.210803e-15
-0.0624902,0.375,0.1082557,-8.779276e-16,1.0,1.046515e-15
-0.09574618,0.375,0.08035709,-8.779276e-16,1.0,1.046515e-15
-0.1883605,0.375,0.10875,-8.779276e-16,1.0,1.046515e-15
-0.02170188,0.375,0.1230983,-8.726205e-16,1.0,2.398012e-15
-0.0624902,0.375,0.1082557,-8.726205e-16,1.0,2.398012e-15
-0.1883605,0.375,0.10875,-8.726205e-16,1.0,2.398012e-15
0.1666148,0.375,0.1398014,3.331705e-16,1.0,5.877749e-15
-0.1666148,0.375,0.1398014,3.331705e-16,1.0,5.877749e-15
-0.1398063,0.375,0.1666147,3.331705e-16,1.0,5.877749e-15
0.1883605,0.375,0.10875,3.331705e-16,1.0,-3.342112e-15
-0.1666148,0.375,0.1398014,3.331705e-16,1.0,-3.342112e-15
0.1666148,0.375,0.1398014,3.331705e-16,1.0,-3.342112e-15
0.02170188,0.375,0.1230983,2.430282e-14,1.0,2.706757e-13
-0.1666148,0.375,0.1398014,2.430282e-14,1.0,2.706757e-13
0.1883605,0.375,0.10875,2.430282e-14,1.0,2.706757e-13
0.02170188,0.375,0.1230983,1.062617e-30,1.0,-3.323408e-15
-0.02170188,0.375,0.1230983,1.062617e-30,1.0,-3.323408e-15
-0.1666148,0.375,0.1398014,1.062617e-30,1.0,-3.323408e-15
0.1398063,0.375,0.1666147,1.985288e-16,1.0,-5.388301e-15
-0.1398063,0.375,0.1666147,1.985288e-16,1.0,-5.388301e-15
-0.1087397,0.375,0.1883636,1.985288e-16,1.0,-5.388301e-15
0.1666148,0.375,0.1398014,1.985288e-16,1.0,4.339068e-15
-0.1398063,0.375,0.1666147,1.985288e-16,1.0,4.339068e-15
0.1398063,0.375,0.1666147,1.985288e-16,1.0,4.339068e-15
0.1087397,0.375,0.1883636,0.0,1.0,6.930437e-15
-0.1087397,0.375,0.1883636,0.0,1.0,6.930437e-15
-0.07438938,0.375,0.2043831,0.0,1.0,6.930437e-15
0.1398063,0.375,0.1666147,0.0,1.0,-7.657079e-15
-0.1087397,0.375,0.1883636,0.0,1.0,-7.657079e-15
0.1087397,0.375,0.1883636,0.0,1.0,-7.657079e-15
0.07438938,0.375,0.2043831,0.0,1.0,-1.131271e-14
-0.07438938,0.375,0.2043831,0.0,1.0,-1.131271e-14
-0.03775776,0.375,0.2141971,0.0,1.0,-1.131271e-14
0.1087397,0.375,0.1883636,0.0,1.0,6.930437e-15
-0.07438938,0.375,0.2043831,0.0,1.0,6.930437e-15
0.07438938,0.375,0.2043831,0.0,1.0,6.930437e-15
0.03775776,0.375,0.2141971,0.0,1.0,3.361343e-14
-0.03775776,0.375,0.2141971,0.0,1.0,3.361343e-14
6.107394e-17,0.375,0.2175,0.0,1.0,3.361343e-14
0.07438938,0.375,0.2043831,0.0,1.0,-1.131271e-14
-0.03775776,0.375,0.2141971,0.0,1.0,-1.131271e-14
0.03775776,0.375,0.2141971,0.0,1.0,-1.131271e-14
0.0624902,0.375,0.1082557,1.307978e-15,1.0,3.839659e-15
0.1883605,0.375,0.10875,1.307978e-15,1.0,3.839659e-15
0.2043864,0.375,0.07437618,1.307978e-15,1.0,3.839659e-15
0.0624902,0.375,0.1082557,1.308931e-15,1.0,3.597018e-15
0.02170188,0.375,0.1230983,1.308931e-15,1.0,3.597018e-15
0.1883605,0.375,0.10875,1.308931e-15,1.0,3.597018e-15
0.1174576,0.375,0.04276183,1.586895e-15,1.0,-2.607538e-15
0.2043864,0.375,0.07437618,1.586895e-15,1.0,-2.607538e-15
0.2141957,0.375,0.03776848,1.586895e-15,1.0,-2.607538e-15
0.09574618,0.375,0.08035709,5.468498e-16,1.0,6.518609e-16
0.0624902,0.375,0.1082557,5.468498e-16,1.0,6.518609e-16
0.2043864,0.375,0.07437618,5.468498e-16,1.0,6.518609e-16
0.1174576,0.375,0.04276183,5.277418e-16,1.0,3.047734e-16
0.09574618,0.375,0.08035709,5.277418e-16,1.0,3.047734e-16
0.2043864,0.375,0.07437618,5.277418e-16,1.0,3.047734e-16
0.1174576,0.375,0.04276183,1.881717e-15,1.0,3.104178e-15
0.2141957,0.375,0.03776848,1.881717e-15,1.0,3.104178e-15
0.2175,0.375,0.0,1.881717e-15,1.0,3.104178e-15
0.1174576,0.375,0.04276183,6.001206e-16,1.0,1.058499e-16
0.2175,0.375,0.0,6.001206e-16,1.0,1.058499e-16
0.125,0.375,0.0,6.001206e-16,1.0,1.058499e-16
0.2141957,0.375,-0.03776848,6.001206e-16,1.0,-2.992053e-15
0.125,0.375,0.0,6.001206e-16,1.0,-2.992053e-15
0.2175,0.375,0.0,6.001206e-16,1.0,-2.992053e-15
0.2141957,0.375,-0.03776848,1.737305e-15,1.0,-3.064278e-16
0.1174576,0.375,-0.04276183,1.737305e-15,1.0,-3.064278e-16
0.125,0.375,0.0,1.737305e-15,1.0,-3.064278e-16
0.2043864,0.375,-0.07437618,5.277418e-16,1.0,-3.047734e-16
0.09574618,0.375,-0.08035709,5.277418e-16,1.0,-3.047734e-16
0.1174576,0.375,-0.04276183,5.277418e-16,1.0,-3.047734e-16
0.2141957,0.375,-0.03776848,1.586895e-15,1.0,2.607538e-15
0.2043864,0.375,-0.07437618,1.586895e-15,1.0,2.607538e-15
0.1174576,0.375,-0.04276183,1.586895e-15,1.0,2.607538e-15
0.1883605,0.375,-0.10875,1.316891e-15,1.0,-1.569773e-15
0.0624902,0.375,-0.1082557,1.316891e-15,1.0,-1.569773e-15
0.09574618,0.375,-0.08035709,1.316891e-15,1.0,-1.569773e-15
0.2043864,0.375,-0.07437618,7.069189e-16,1.0,-3.559432e-15
0.1883605,0.375,-0.10875,7.069189e-16,1.0,-3.559432e-15
0.09574618,0.375,-0.08035709,7.069189e-16,1.0,-3.559432e-15
0.1883605,0.375,-0.10875,1.308931e-15,1.0,-3.597018e-15
0.02170188,0.375,-0.1230983,1.308931e-15,1.0,-3.597018e-15
0.0624902,0.375,-0.1082557,1.308931e-15,1.0,-3.597018e-15
0.1666148,0.375,-0.1398014,-1.062617e-30,1.0,-3.323408e-15
-0.02170188,0.375,-0.1230983,-1.062617e-30,1.0,-3.323408e-15
0.02170188,0.375,-0.1230983,-1.062617e-30,1.0,-3.323408e-15
0.1883605,0.375,-0.10875,7.357876e-16,1.0,3.060155e-15
0.1666148,0.375,-0.1398014,7.357876e-16,1.0,3.060155e-15
0.02170188,0.375,-0.1230983,7.357876e-16,1.0,3.060155e-15
-0.1883605,0.375,-0.10875,-8.726205e-16,1.0,-2.398012e-15
-0.0624902,0.375,-0.1082557,-8.726205e-16,1.0,-2.398012e-15
-0.02170188,0.375,-0.1230983,-8.726205e-16,1.0,-2.398012e-15
0.1666148,0.375,-0.1398014,-3.245356e-14,1.0,-3.692169e-13
-0.1883605,0.375,-0.10875,-3.245356e-14,1.0,-3.692169e-13
-0.02170188,0.375,-0.1230983,-3.245356e-14,1.0,-3.692169e-13
-0.2043864,0.375,-0.07437618,5.468498e-16,1.0,6.518609e-16
-0.09574618,0.375,-0.08035709,5.468498e-16,1.0,6.518609e-16
-0.0624902,0.375,-0.1082557,5.468498e-16,1.0,6.518609e-16
-0.1883605,0.375,-0.10875,-8.614354e-16,1.0,-5.246397e-15
-0.2043864,0.375,-0.07437618,-8.614354e-16,1.0,-5.246397e-15
-0.0624902,0.375,-0.1082557,-8.614354e-16,1.0,-5.246397e-15
-0.2043864,0.375,-0.07437618,5.277418e-16,1.0,3.047734e-16
-0.1174576,0.375,-0.04276183,5.277418e-16,1.0,3.047734e-16
-0.09574618,0.375,-0.08035709,5.277418e-16,1.0,3.047734e-16
-0.2043864,0.375,-0.07437618,-9.256479e-16,1.0,4.301103e-15
-0.2141957,0.375,-0.03776848,-9.256479e-16,1.0,4.301103e-15
-0.1174576,0.375,-0.04276183,-9.256479e-16,1.0,4.301103e-15
0.1666148,0.375,-0.1398014,3.331705e-16,1.0,5.596477e-15
-0.1666148,0.375,-0.1398014,3.331705e-16,1.0,5.596477e-15
-0.1883605,0.375,-0.10875,3.331705e-16,1.0,5.596477e-15
0.1398063,0.375,-0.1666147,1.985288e-16,1.0,-6.012367e-15
-0.1398063,0.375,-0.1666147,1.985288e-16,1.0,-6.012367e-15
-0.1666148,0.375,-0.1398014,1.985288e-16,1.0,-6.012367e-15
0.1666148,0.375,-0.1398014,3.331705e-16,1.0,-4.473686e-15
0.1398063,0.375,-0.1666147,3.331705e-16,1.0,-4.473686e-15
-0.1666148,0.375,-0.1398014,3.331705e-16,1.0,-4.473686e-15
0.1087397,0.375,-0.1883636,0.0,1.0,5.104719e-15
-0.1087397,0.375,-0.1883636,0.0,1.0,5.104719e-15
-0.1398063,0.375,-0.1666147,0.0,1.0,5.104719e-15
0.1398063,0.375,-0.1666147,1.985288e-16,1.0,7.373497e-15
0.1087397,0.375,-0.1883636,1.985288e-16,1.0,7.373497e-15
-0.1398063,0.375,-0.1666147,1.985288e-16,1.0,7.373497e-15
0.07438938,0.375,-0.2043831,1.292915e-30,1.0,-6.930437e-15
-0.07438938,0.375,-0.2043831,1.292915e-30,1.0,-6.930437e-15
-0.1087397,0.375,-0.1883636,1.292915e-30,1.0,-6.930437e-15
0.1087397,0.375,-0.1883636,0.0,1.0,-6.930437e-15
0.07438938,0.375,-0.2043831,0.0,1.0,-6.930437e-15
-0.1087397,0.375,-0.1883636,0.0,1.0,-6.930437e-15
0.03775776,0.375,-0.2141971,0.0,1.0,1.131271e-14
-0.03775776,0.375,-0.2141971,0.0,1.0,1.131271e-14
-0.07438938,0.375,-0.2043831,0.0,1.0,1.131271e-14
0.07438938,0.375,-0.2043831,-2.110455e-30,1.0,1.131271e-14
0.03775776,0.375,-0.2141971,-2.110455e-30,1.0,1.131271e-14
-0.07438938,0.375,-0.2043831,-2.110455e-30,1.0,1.131271e-14
0.03775776,0.375,-0.2141971,0.0,1.0,-3.361343e-14
1.143443e-16,0.375,-0.2175,0.0,1.0,-3.361343e-14
-0.03775776,0.375,-0.2141971,0.0,1.0,-3.361343e-14
