4.0,-0.05124639,-0.1064134,1.0,0.0,0.0
4.0,-0.08541019,-0.1773561,1.0,0.0,0.0
4.0,0.0,-0.1968504,1.0,0.0,0.0
3.96063,-2.892771e-17,-0.2362205,0.6980737,-0.1593308,-0.6980737
4.0,0.0,-0.1968504,0.6980737,-0.1593308,-0.6980737
4.0,-0.08541019,-0.1773561,0.6980737,-0.1593308,-0.6980737
4.0,0.0,-0.1181102,1.0,0.0,0.0
4.0,0.0,-0.1968504,1.0,0.0,0.0
4.0,0.08541019,-0.1773561,1.0,0.0,0.0
3.96063,0.1024922,-0.2128273,0.6980737,0.1593308,-0.6980737
4.0,0.08541019,-0.1773561,0.6980737,0.1593308,-0.6980737
4.0,0.0,-0.1968504,0.6980737,0.1593308,-0.6980737
4.0,-0.05124639,-0.1064134,1.0,0.0,0.0
4.0,0.0,-0.1968504,1.0,0.0,0.0
4.0,0.0,-0.1181102,1.0,0.0,0.0
3.96063,0.1024922,-0.2128273,0.6980737,0.1593308,-0.6980737
4.0,0.0,-0.1968504,0.6980737,0.1593308,-0.6980737
3.96063,-2.892771e-17,-0.2362205,0.6980737,0.1593308,-0.6980737
4.0,-0.1539038,0.1227342,1.0,0.0,0.0
4.0,-0.1539038,-0.1227342,1.0,0.0,0.0
4.0,-0.08541019,-0.1773561,1.0,0.0,0.0
3.96063,-0.1024922,-0.2128273,0.6980737,-0.4464349,-0.5598116
4.0,-0.08541019,-0.1773561,0.6980737,-0.4464349,-0.5598116
4.0,-0.1539038,-0.1227342,0.6980737,-0.4464349,-0.5598116
4.0,-0.1151491,-0.0262811,1.0,0.0,0.0
4.0,-0.1539038,0.1227342,1.0,0.0,0.0
4.0,-0.08541019,-0.1773561,1.0,0.0,0.0
4.0,-0.09234172,-0.07364121,1.0,0.0,0.0
4.0,-0.1151491,-0.0262811,1.0,0.0,0.0
4.0,-0.08541019,-0.1773561,1.0,0.0,0.0
4.0,-0.05124639,-0.1064134,1.0,0.0,0.0
4.0,-0.09234172,-0.07364121,1.0,0.0,0.0
4.0,-0.08541019,-0.1773561,1.0,0.0,0.0
3.96063,-0.1024922,-0.2128273,0.6980737,-0.1593308,-0.6980737
3.96063,-2.892771e-17,-0.2362205,0.6980737,-0.1593308,-0.6980737
4.0,-0.08541019,-0.1773561,0.6980737,-0.1593308,-0.6980737
4.0,-0.1919149,0.04380332,1.0,0.0,0.0
4.0,-0.1919149,-0.04380332,1.0,0.0,0.0
4.0,-0.1539038,-0.1227342,1.0,0.0,0.0
3.96063,-0.1846846,-0.1472811,0.6980737,-0.6451171,-0.310672
4.0,-0.1539038,-0.1227342,0.6980737,-0.6451171,-0.310672
4.0,-0.1919149,-0.04380332,0.6980737,-0.6451171,-0.310672
4.0,-0.1539038,0.1227342,1.0,0.0,0.0
4.0,-0.1919149,0.04380332,1.0,0.0,0.0
4.0,-0.1539038,-0.1227342,1.0,0.0,0.0
3.96063,-0.1846846,-0.1472811,0.6980737,-0.4464349,-0.5598116
3.96063,-0.1024922,-0.2128273,0.6980737,-0.4464349,-0.5598116
4.0,-0.1539038,-0.1227342,0.6980737,-0.4464349,-0.5598116
3.96063,-0.2302979,-0.052564,0.6980737,-0.716026,2.250794e-16
4.0,-0.1919149,-0.04380332,0.6980737,-0.716026,2.250794e-16
4.0,-0.1919149,0.04380332,0.6980737,-0.716026,2.250794e-16
3.96063,-0.2302979,-0.052564,0.6980737,-0.6451171,-0.310672
3.96063,-0.1846846,-0.1472811,0.6980737,-0.6451171,-0.310672
4.0,-0.1919149,-0.04380332,0.6980737,-0.6451171,-0.310672
3.96063,-0.2302979,0.052564,0.6980737,-0.6451171,0.310672
4.0,-0.1919149,0.04380332,0.6980737,-0.6451171,0.310672
4.0,-0.1539038,0.1227342,0.6980737,-0.6451171,0.310672
3.96063,-0.2302979,0.052564,0.6980737,-0.716026,1.89043e-16
3.96063,-0.2302979,-0.052564,0.6980737,-0.716026,1.89043e-16
4.0,-0.1919149,0.04380332,0.6980737,-0.716026,1.89043e-16
4.0,-0.09234172,0.07364121,1.0,0.0,0.0
4.0,-0.08541019,0.1773561,1.0,0.0,0.0
4.0,-0.1539038,0.1227342,1.0,0.0,0.0
3.96063,-0.1846846,0.1472811,0.6980737,-0.4464349,0.5598116
4.0,-0.1539038,0.1227342,0.6980737,-0.4464349,0.5598116
4.0,-0.08541019,0.1773561,0.6980737,-0.4464349,0.5598116
4.0,-0.1151491,0.0262811,1.0,0.0,0.0
4.0,-0.09234172,0.07364121,1.0,0.0,0.0
4.0,-0.1539038,0.1227342,1.0,0.0,0.0
4.0,-0.1151491,-0.0262811,1.0,0.0,0.0
4.0,-0.1151491,0.0262811,1.0,0.0,0.0
4.0,-0.1539038,0.1227342,1.0,0.0,0.0
3.96063,-0.1846846,0.1472811,0.6980737,-0.6451171,0.310672
3.96063,-0.2302979,0.052564,0.6980737,-0.6451171,0.310672
4.0,-0.1539038,0.1227342,0.6980737,-0.6451171,0.310672
4.0,0.0,0.1181102,1.0,0.0,0.0
4.0,0.0,0.1968504,1.0,0.0,0.0
4.0,-0.08541019,0.1773561,1.0,0.0,0.0
3.96063,-0.1024922,0.2128273,0.6980737,-0.1593308,0.6980737
4.0,-0.08541019,0.1773561,0.6980737,-0.1593308,0.6980737
4.0,0.0,0.1968504,0.6980737,-0.1593308,0.6980737
4.0,-0.05124639,0.1064134,1.0,0.0,0.0
4.0,0.0,0.1181102,1.0,0.0,0.0
4.0,-0.08541019,0.1773561,1.0,0.0,0.0
4.0,-0.09234172,0.07364121,1.0,0.0,0.0
4.0,-0.05124639,0.1064134,1.0,0.0,0.0
4.0,-0.08541019,0.1773561,1.0,0.0,0.0
3.96063,-0.1024922,0.2128273,0.6980737,-0.4464349,0.5598116
3.96063,-0.1846846,0.1472811,0.6980737,-0.4464349,0.5598116
4.0,-0.08541019,0.1773561,0.6980737,-0.4464349,0.5598116
4.0,0.05124639,0.1064134,1.0,0.0,0.0
4.0,0.08541019,0.1773561,1.0,0.0,0.0
4.0,0.0,0.1968504,1.0,0.0,0.0
3.96063,0.0,0.2362205,0.6980737,0.1593308,0.6980737
4.0,0.0,0.1968504,0.6980737,0.1593308,0.6980737
4.0,0.08541019,0.1773561,0.6980737,0.1593308,0.6980737
4.0,0.0,0.1181102,1.0,0.0,0.0
4.0,0.05124639,0.1064134,1.0,0.0,0.0
4.0,0.0,0.1968504,1.0,0.0,0.0
3.96063,-0.1024922,0.2128273,0.6980737,-0.1593308,0.6980737
4.0,0.0,0.1968504,0.6980737,-0.1593308,0.6980737
3.96063,0.0,0.2362205,0.6980737,-0.1593308,0.6980737
4.0,0.1539038,-0.1227342,1.0,0.0,0.0
4.0,0.1539038,0.1227342,1.0,0.0,0.0
4.0,0.08541019,0.1773561,1.0,0.0,0.0
3.96063,0.1024922,0.2128273,0.6980737,0.4464349,0.5598116
4.0,0.08541019,0.1773561,0.6980737,0.4464349,0.5598116
4.0,0.1539038,0.1227342,0.6980737,0.4464349,0.5598116
4.0,0.1151491,0.0262811,1.0,0.0,0.0
4.0,0.1539038,-0.1227342,1.0,0.0,0.0
4.0,0.08541019,0.1773561,1.0,0.0,0.0
4.0,0.09234172,0.07364121,1.0,0.0,0.0
4.0,0.1151491,0.0262811,1.0,0.0,0.0
4.0,0.08541019,0.1773561,1.0,0.0,0.0
4.0,0.05124639,0.1064134,1.0,0.0,0.0
4.0,0.09234172,0.07364121,1.0,0.0,0.0
4.0,0.08541019,0.1773561,1.0,0.0,0.0
3.96063,0.1024922,0.2128273,0.6980737,0.1593308,0.6980737
3.96063,0.0,0.2362205,0.6980737,0.1593308,0.6980737
4.0,0.08541019,0.1773561,0.6980737,0.1593308,0.6980737
4.0,0.1919149,-0.04380332,1.0,0.0,0.0
4.0,0.1919149,0.04380332,1.0,0.0,0.0
4.0,0.1539038,0.1227342,1.0,0.0,0.0
3.96063,0.1846846,0.1472811,0.6980737,0.6451171,0.310672
4.0,0.1539038,0.1227342,0.6980737,0.6451171,0.310672
4.0,0.1919149,0.04380332,0.6980737,0.6451171,0.310672
4.0,0.1539038,-0.1227342,1.0,0.0,0.0
4.0,0.1919149,-0.04380332,1.0,0.0,0.0
4.0,0.1539038,0.1227342,1.0,0.0,0.0
3.96063,0.1846846,0.1472811,0.6980737,0.4464349,0.5598116
3.96063,0.1024922,0.2128273,0.6980737,0.4464349,0.5598116
4.0,0.1539038,0.1227342,0.6980737,0.4464349,0.5598116
3.96063,0.2302979,0.052564,0.6980737,0.716026,2.250794e-16
4.0,0.1919149,0.04380332,0.6980737,0.716026,2.250794e-16
4.0,0.1919149,-0.04380332,0.6980737,0.716026,2.250794e-16
3.96063,0.2302979,0.052564,0.6980737,0.6451171,0.310672
3.96063,0.1846846,0.1472811,0.6980737,0.6451171,0.310672
4.0,0.1919149,0.04380332,0.6980737,0.6451171,0.310672
3.96063,0.2302979,-0.052564,0.6980737,0.6451171,-0.310672
4.0,0.1919149,-0.04380332,0.6980737,0.6451171,-0.310672
4.0,0.1539038,-0.1227342,0.6980737,0.6451171,-0.310672
3.96063,0.2302979,-0.052564,0.6980737,0.716026,1.89043e-16
3.96063,0.2302979,0.052564,0.6980737,0.716026,1.89043e-16
4.0,0.1919149,-0.04380332,0.6980737,0.716026,1.89043e-16
4.0,0.09234172,-0.07364121,1.0,0.0,0.0
4.0,0.08541019,-0.1773561,1.0,0.0,0.0
4.0,0.1539038,-0.1227342,1.0,0.0,0.0
3.96063,0.1846846,-0.1472811,0.6980737,0.4464349,-0.5598116
4.0,0.1539038,-0.1227342,0.6980737,0.4464349,-0.5598116
4.0,0.08541019,-0.1773561,0.6980737,0.4464349,-0.5598116
4.0,0.1151491,-0.0262811,1.0,0.0,0.0
4.0,0.09234172,-0.07364121,1.0,0.0,0.0
4.0,0.1539038,-0.1227342,1.0,0.0,0.0
4.0,0.1151491,0.0262811,1.0,0.0,0.0
4.0,0.1151491,-0.0262811,1.0,0.0,0.0
4.0,0.1539038,-0.1227342,1.0,0.0,0.0
3.96063,0.1846846,-0.1472811,0.6980737,0.6451171,-0.310672
3.96063,0.2302979,-0.052564,0.6980737,0.6451171,-0.310672
4.0,0.1539038,-0.1227342,0.6980737,0.6451171,-0.310672
4.0,0.05124639,-0.1064134,1.0,0.0,0.0
4.0,0.0,-0.1181102,1.0,0.0,0.0
4.0,0.08541019,-0.1773561,1.0,0.0,0.0
4.0,0.09234172,-0.07364121,1.0,0.0,0.0
4.0,0.05124639,-0.1064134,1.0,0.0,0.0
4.0,0.08541019,-0.1773561,1.0,0.0,0.0
3.96063,0.1024922,-0.2128273,0.6980737,0.4464349,-0.5598116
3.96063,0.1846846,-0.1472811,0.6980737,0.4464349,-0.5598116
4.0,0.08541019,-0.1773561,0.6980737,0.4464349,-0.5598116
3.987692,-1.185313e-17,-0.09679134,0.8604403,-0.1133876,0.4967754
4.0,0.0,-0.1181102,0.8604403,-0.1133876,0.4967754
4.0,0.05124639,-0.1064134,0.8604403,-0.1133876,0.4967754
3.987692,-0.04199619,-0.08720598,0.8604386,0.1133883,0.4967782
4.0,-0.05124639,-0.1064134,0.8604386,0.1133883,0.4967782
4.0,0.0,-0.1181102,0.8604386,0.1133883,0.4967782
3.987692,-1.185313e-17,-0.09679134,0.8604404,0.1133858,0.4967755
3.987692,-0.04199619,-0.08720598,0.8604404,0.1133858,0.4967755
4.0,0.0,-0.1181102,0.8604404,0.1133858,0.4967755
3.987692,0.04199619,-0.08720598,0.8604403,-0.3176985,0.3983844
4.0,0.05124639,-0.1064134,0.8604403,-0.3176985,0.3983844
4.0,0.09234172,-0.07364121,0.8604403,-0.3176985,0.3983844
3.987692,0.04199619,-0.08720598,0.8604384,-0.1133865,0.4967789
3.987692,-1.185313e-17,-0.09679134,0.8604384,-0.1133865,0.4967789
4.0,0.05124639,-0.1064134,0.8604384,-0.1133865,0.4967789
3.987692,0.07567452,-0.06034841,0.8604379,-0.4590936,0.2210873
4.0,0.09234172,-0.07364121,0.8604379,-0.4590936,0.2210873
4.0,0.1151491,-0.0262811,0.8604379,-0.4590936,0.2210873
3.987692,0.07567452,-0.06034841,0.8604423,-0.3176979,0.3983806
3.987692,0.04199619,-0.08720598,0.8604423,-0.3176979,0.3983806
4.0,0.09234172,-0.07364121,0.8604423,-0.3176979,0.3983806
3.987692,0.09436458,-0.0215381,0.8604418,-0.5095488,-1.280883e-16
4.0,0.1151491,-0.0262811,0.8604418,-0.5095488,-1.280883e-16
4.0,0.1151491,0.0262811,0.8604418,-0.5095488,-1.280883e-16
3.987692,0.09436458,-0.0215381,0.8604375,-0.4590941,0.2210881
3.987692,0.07567452,-0.06034841,0.8604375,-0.4590941,0.2210881
4.0,0.1151491,-0.0262811,0.8604375,-0.4590941,0.2210881
3.987692,0.09436458,0.0215381,0.8604375,-0.4590943,-0.2210876
4.0,0.1151491,0.0262811,0.8604375,-0.4590943,-0.2210876
4.0,0.09234172,0.07364121,0.8604375,-0.4590943,-0.2210876
3.987692,0.09436458,0.0215381,0.8604418,-0.5095488,-4.924815e-16
3.987692,0.09436458,-0.0215381,0.8604418,-0.5095488,-4.924815e-16
4.0,0.1151491,0.0262811,0.8604418,-0.5095488,-4.924815e-16
3.987692,0.07567452,0.06034841,0.8604421,-0.3176966,-0.3983821
4.0,0.09234172,0.07364121,0.8604421,-0.3176966,-0.3983821
4.0,0.05124639,0.1064134,0.8604421,-0.3176966,-0.3983821
3.987692,0.07567452,0.06034841,0.860438,-0.4590933,-0.2210877
3.987692,0.09436458,0.0215381,0.860438,-0.4590933,-0.2210877
4.0,0.09234172,0.07364121,0.860438,-0.4590933,-0.2210877
3.987692,0.04199619,0.08720598,0.8604386,-0.1133883,-0.4967782
4.0,0.05124639,0.1064134,0.8604386,-0.1133883,-0.4967782
4.0,0.0,0.1181102,0.8604386,-0.1133883,-0.4967782
3.987692,0.04199619,0.08720598,0.8604401,-0.3177002,-0.3983834
3.987692,0.07567452,0.06034841,0.8604401,-0.3177002,-0.3983834
4.0,0.05124639,0.1064134,0.8604401,-0.3177002,-0.3983834
3.987692,0.0,0.09679134,0.8604403,0.1133876,-0.4967754
4.0,0.0,0.1181102,0.8604403,0.1133876,-0.4967754
4.0,-0.05124639,0.1064134,0.8604403,0.1133876,-0.4967754
3.987692,0.04199619,0.08720598,0.8604404,-0.1133858,-0.4967755
4.0,0.0,0.1181102,0.8604404,-0.1133858,-0.4967755
3.987692,0.0,0.09679134,0.8604404,-0.1133858,-0.4967755
3.987692,-0.04199619,0.08720598,0.8604403,0.3176985,-0.3983844
4.0,-0.05124639,0.1064134,0.8604403,0.3176985,-0.3983844
4.0,-0.09234172,0.07364121,0.8604403,0.3176985,-0.3983844
3.987692,-0.04199619,0.08720598,0.8604384,0.1133865,-0.4967789
3.987692,0.0,0.09679134,0.8604384,0.1133865,-0.4967789
4.0,-0.05124639,0.1064134,0.8604384,0.1133865,-0.4967789
3.987692,-0.07567452,0.06034841,0.8604379,0.4590936,-0.2210873
4.0,-0.09234172,0.07364121,0.8604379,0.4590936,-0.2210873
4.0,-0.1151491,0.0262811,0.8604379,0.4590936,-0.2210873
3.987692,-0.07567452,0.06034841,0.8604423,0.3176979,-0.3983806
3.987692,-0.04199619,0.08720598,0.8604423,0.3176979,-0.3983806
4.0,-0.09234172,0.07364121,0.8604423,0.3176979,-0.3983806
3.987692,-0.09436458,0.0215381,0.8604418,0.5095488,1.280883e-16
4.0,-0.1151491,0.0262811,0.8604418,0.5095488,1.280883e-16
4.0,-0.1151491,-0.0262811,0.8604418,0.5095488,1.280883e-16
3.987692,-0.09436458,0.0215381,0.8604375,0.4590941,-0.2210881
3.987692,-0.07567452,0.06034841,0.8604375,0.4590941,-0.2210881
4.0,-0.1151491,0.0262811,0.8604375,0.4590941,-0.2210881
3.987692,-0.09436458,-0.0215381,0.8604375,0.4590943,0.2210876
4.0,-0.1151491,-0.0262811,0.8604375,0.4590943,0.2210876
4.0,-0.09234172,-0.07364121,0.8604375,0.4590943,0.2210876
3.987692,-0.09436458,-0.0215381,0.8604418,0.5095488,4.924815e-16
3.987692,-0.09436458,0.0215381,0.8604418,0.5095488,4.924815e-16
4.0,-0.1151491,-0.0262811,0.8604418,0.5095488,4.924815e-16
3.987692,-0.07567452,-0.06034841,0.8604421,0.3176966,0.3983821
4.0,-0.09234172,-0.07364121,0.8604421,0.3176966,0.3983821
4.0,-0.05124639,-0.1064134,0.8604421,0.3176966,0.3983821
3.987692,-0.07567452,-0.06034841,0.860438,0.4590933,0.2210877
3.987692,-0.09436458,-0.0215381,0.860438,0.4590933,0.2210877
4.0,-0.09234172,-0.07364121,0.860438,0.4590933,0.2210877
3.987692,-0.04199619,-0.08720598,0.8604401,0.3177002,0.3983834
3.987692,-0.07567452,-0.06034841,0.8604401,0.3177002,0.3983834
4.0,-0.05124639,-0.1064134,0.8604401,0.3177002,0.3983834
0.03937008,0.1024922,-0.2128273,0.0,0.2225209,-0.9749279
3.96063,0.1024922,-0.2128273,0.0,0.2225209,-0.9749279
3.96063,-2.892771e-17,-0.2362205,0.0,0.2225209,-0.9749279
0.03937008,-2.892771e-17,-0.2362205,0.0,-0.2225209,-0.9749279
3.96063,-2.892771e-17,-0.2362205,0.0,-0.2225209,-0.9749279
3.96063,-0.1024922,-0.2128273,0.0,-0.2225209,-0.9749279
0.03937008,0.1024922,-0.2128273,0.0,0.2225209,-0.9749279
3.96063,-2.892771e-17,-0.2362205,0.0,0.2225209,-0.9749279
0.03937008,-2.892771e-17,-0.2362205,0.0,0.2225209,-0.9749279
0.03937008,0.0,0.2362205,0.0,0.2225209,0.9749279
3.96063,0.0,0.2362205,0.0,0.2225209,0.9749279
3.96063,0.1024922,0.2128273,0.0,0.2225209,0.9749279
0.03937008,-0.1024922,0.2128273,0.0,-0.2225209,0.9749279
3.96063,-0.1024922,0.2128273,0.0,-0.2225209,0.9749279
3.96063,0.0,0.2362205,0.0,-0.2225209,0.9749279
0.03937008,0.0,0.2362205,0.0,-0.2225209,0.9749279
0.03937008,-0.1024922,0.2128273,0.0,-0.2225209,0.9749279
3.96063,0.0,0.2362205,0.0,-0.2225209,0.9749279
0.03937008,0.1024922,0.2128273,0.0,0.6234898,0.7818315
3.96063,0.1024922,0.2128273,0.0,0.6234898,0.7818315
3.96063,0.1846846,0.1472811,0.0,0.6234898,0.7818315
0.03937008,0.1024922,0.2128273,0.0,0.2225209,0.9749279
0.03937008,0.0,0.2362205,0.0,0.2225209,0.9749279
3.96063,0.1024922,0.2128273,0.0,0.2225209,0.9749279
0.03937008,0.1846846,0.1472811,0.0,0.9009689,0.4338837
3.96063,0.1846846,0.1472811,0.0,0.9009689,0.4338837
3.96063,0.2302979,0.052564,0.0,0.9009689,0.4338837
0.03937008,0.1846846,0.1472811,0.0,0.6234898,0.7818315
0.03937008,0.1024922,0.2128273,0.0,0.6234898,0.7818315
3.96063,0.1846846,0.1472811,0.0,0.6234898,0.7818315
0.03937008,0.2302979,0.052564,0.0,1.0,2.64017e-16
3.96063,0.2302979,0.052564,0.0,1.0,2.64017e-16
3.96063,0.2302979,-0.052564,0.0,1.0,2.64017e-16
0.03937008,0.2302979,0.052564,0.0,0.9009689,0.4338837
0.03937008,0.1846846,0.1472811,0.0,0.9009689,0.4338837
3.96063,0.2302979,0.052564,0.0,0.9009689,0.4338837
0.03937008,0.2302979,-0.052564,0.0,0.9009689,-0.4338837
3.96063,0.2302979,-0.052564,0.0,0.9009689,-0.4338837
3.96063,0.1846846,-0.1472811,0.0,0.9009689,-0.4338837
0.03937008,0.2302979,-0.052564,0.0,1.0,2.64017e-16
0.03937008,0.2302979,0.052564,0.0,1.0,2.64017e-16
3.96063,0.2302979,-0.052564,0.0,1.0,2.64017e-16
0.03937008,0.1846846,-0.1472811,0.0,0.6234898,-0.7818315
3.96063,0.1846846,-0.1472811,0.0,0.6234898,-0.7818315
3.96063,0.1024922,-0.2128273,0.0,0.6234898,-0.7818315
0.03937008,0.1846846,-0.1472811,0.0,0.9009689,-0.4338837
0.03937008,0.2302979,-0.052564,0.0,0.9009689,-0.4338837
3.96063,0.1846846,-0.1472811,0.0,0.9009689,-0.4338837
0.03937008,0.1024922,-0.2128273,0.0,0.6234898,-0.7818315
0.03937008,0.1846846,-0.1472811,0.0,0.6234898,-0.7818315
3.96063,0.1024922,-0.2128273,0.0,0.6234898,-0.7818315
0.03937008,-0.1024922,-0.2128273,0.0,-0.6234898,-0.7818315
3.96063,-0.1024922,-0.2128273,0.0,-0.6234898,-0.7818315
3.96063,-0.1846846,-0.1472811,0.0,-0.6234898,-0.7818315
0.03937008,-0.1024922,-0.2128273,0.0,-0.2225209,-0.9749279
0.03937008,-2.892771e-17,-0.2362205,0.0,-0.2225209,-0.9749279
3.96063,-0.1024922,-0.2128273,0.0,-0.2225209,-0.9749279
0.03937008,-0.1846846,-0.1472811,0.0,-0.9009689,-0.4338837
3.96063,-0.1846846,-0.1472811,0.0,-0.9009689,-0.4338837
3.96063,-0.2302979,-0.052564,0.0,-0.9009689,-0.4338837
0.03937008,-0.1846846,-0.1472811,0.0,-0.6234898,-0.7818315
0.03937008,-0.1024922,-0.2128273,0.0,-0.6234898,-0.7818315
3.96063,-0.1846846,-0.1472811,0.0,-0.6234898,-0.7818315
0.03937008,-0.2302979,-0.052564,0.0,-1.0,2.64017e-16
3.96063,-0.2302979,-0.052564,0.0,-1.0,2.64017e-16
3.96063,-0.2302979,0.052564,0.0,-1.0,2.64017e-16
0.03937008,-0.2302979,-0.052564,0.0,-0.9009689,-0.4338837
0.03937008,-0.1846846,-0.1472811,0.0,-0.9009689,-0.4338837
3.96063,-0.2302979,-0.052564,0.0,-0.9009689,-0.4338837
0.03937008,-0.2302979,0.052564,0.0,-0.9009689,0.4338837
3.96063,-0.2302979,0.052564,0.0,-0.9009689,0.4338837
3.96063,-0.1846846,0.1472811,0.0,-0.9009689,0.4338837
0.03937008,-0.2302979,0.052564,0.0,-1.0,2.64017e-16
0.03937008,-0.2302979,-0.052564,0.0,-1.0,2.64017e-16
3.96063,-0.2302979,0.052564,0.0,-1.0,2.64017e-16
0.03937008,-0.1846846,0.1472811,0.0,-0.6234898,0.7818315
3.96063,-0.1846846,0.1472811,0.0,-0.6234898,0.7818315
3.96063,-0.1024922,0.2128273,0.0,-0.6234898,0.7818315
0.03937008,-0.1846846,0.1472811,0.0,-0.9009689,0.4338837
0.03937008,-0.2302979,0.052564,0.0,-0.9009689,0.4338837
3.96063,-0.1846846,0.1472811,0.0,-0.9009689,0.4338837
0.03937008,-0.1024922,0.2128273,0.0,-0.6234898,0.7818315
0.03937008,-0.1846846,0.1472811,0.0,-0.6234898,0.7818315
3.96063,-0.1024922,0.2128273,0.0,-0.6234898,0.7818315
-1.4e-14,0.0,-0.1968504,-0.6980737,-0.1593308,-0.6980737
0.03937008,-2.892771e-17,-0.2362205,-0.6980737,-0.1593308,-0.6980737
0.03937008,-0.1024922,-0.2128273,-0.6980737,-0.1593308,-0.6980737
-1.4e-14,0.08541019,-0.1773561,-0.6980737,0.1593308,-0.6980737
0.03937008,0.1024922,-0.2128273,-0.6980737,0.1593308,-0.6980737
0.03937008,-2.892771e-17,-0.2362205,-0.6980737,0.1593308,-0.6980737
-1.4e-14,0.08541019,-0.1773561,-0.6980737,0.1593308,-0.6980737
0.03937008,-2.892771e-17,-0.2362205,-0.6980737,0.1593308,-0.6980737
-1.4e-14,0.0,-0.1968504,-0.6980737,0.1593308,-0.6980737
-1.4e-14,-0.08541019,-0.1773561,-0.6980737,-0.4464349,-0.5598116
0.03937008,-0.1024922,-0.2128273,-0.6980737,-0.4464349,-0.5598116
0.03937008,-0.1846846,-0.1472811,-0.6980737,-0.4464349,-0.5598116
-1.4e-14,-0.08541019,-0.1773561,-0.6980737,-0.1593308,-0.6980737
-1.4e-14,0.0,-0.1968504,-0.6980737,-0.1593308,-0.6980737
0.03937008,-0.1024922,-0.2128273,-0.6980737,-0.1593308,-0.6980737
-1.4e-14,-0.1539038,-0.1227342,-0.6980737,-0.6451171,-0.310672
0.03937008,-0.1846846,-0.1472811,-0.6980737,-0.6451171,-0.310672
0.03937008,-0.2302979,-0.052564,-0.6980737,-0.6451171,-0.310672
-1.4e-14,-0.1539038,-0.1227342,-0.6980737,-0.4464349,-0.5598116
-1.4e-14,-0.08541019,-0.1773561,-0.6980737,-0.4464349,-0.5598116
0.03937008,-0.1846846,-0.1472811,-0.6980737,-0.4464349,-0.5598116
-1.4e-14,-0.1919149,-0.04380332,-0.6980737,-0.716026,1.875661e-16
0.03937008,-0.2302979,-0.052564,-0.6980737,-0.716026,1.875661e-16
0.03937008,-0.2302979,0.052564,-0.6980737,-0.716026,1.875661e-16
-1.4e-14,-0.1919149,-0.04380332,-0.6980737,-0.6451171,-0.310672
-1.4e-14,-0.1539038,-0.1227342,-0.6980737,-0.6451171,-0.310672
0.03937008,-0.2302979,-0.052564,-0.6980737,-0.6451171,-0.310672
-1.4e-14,-0.1919149,0.04380332,-0.6980737,-0.6451171,0.310672
0.03937008,-0.2302979,0.052564,-0.6980737,-0.6451171,0.310672
0.03937008,-0.1846846,0.1472811,-0.6980737,-0.6451171,0.310672
-1.4e-14,-0.1919149,0.04380332,-0.6980737,-0.716026,-2.268517e-16
-1.4e-14,-0.1919149,-0.04380332,-0.6980737,-0.716026,-2.268517e-16
0.03937008,-0.2302979,0.052564,-0.6980737,-0.716026,-2.268517e-16
-1.4e-14,-0.1539038,0.1227342,-0.6980737,-0.4464349,0.5598116
0.03937008,-0.1846846,0.1472811,-0.6980737,-0.4464349,0.5598116
0.03937008,-0.1024922,0.2128273,-0.6980737,-0.4464349,0.5598116
-1.4e-14,-0.1539038,0.1227342,-0.6980737,-0.6451171,0.310672
-1.4e-14,-0.1919149,0.04380332,-0.6980737,-0.6451171,0.310672
0.03937008,-0.1846846,0.1472811,-0.6980737,-0.6451171,0.310672
-1.4e-14,-0.08541019,0.1773561,-0.6980737,-0.1593308,0.6980737
0.03937008,-0.1024922,0.2128273,-0.6980737,-0.1593308,0.6980737
0.03937008,0.0,0.2362205,-0.6980737,-0.1593308,0.6980737
-1.4e-14,-0.08541019,0.1773561,-0.6980737,-0.4464349,0.5598116
-1.4e-14,-0.1539038,0.1227342,-0.6980737,-0.4464349,0.5598116
0.03937008,-0.1024922,0.2128273,-0.6980737,-0.4464349,0.5598116
-1.4e-14,0.0,0.1968504,-0.6980737,0.1593308,0.6980737
0.03937008,0.0,0.2362205,-0.6980737,0.1593308,0.6980737
0.03937008,0.1024922,0.2128273,-0.6980737,0.1593308,0.6980737
-1.4e-14,-0.08541019,0.1773561,-0.6980737,-0.1593308,0.6980737
0.03937008,0.0,0.2362205,-0.6980737,-0.1593308,0.6980737
-1.4e-14,0.0,0.1968504,-0.6980737,-0.1593308,0.6980737
-1.4e-14,0.08541019,0.1773561,-0.6980737,0.4464349,0.5598116
0.03937008,0.1024922,0.2128273,-0.6980737,0.4464349,0.5598116
0.03937008,0.1846846,0.1472811,-0.6980737,0.4464349,0.5598116
-1.4e-14,0.08541019,0.1773561,-0.6980737,0.1593308,0.6980737
-1.4e-14,0.0,0.1968504,-0.6980737,0.1593308,0.6980737
0.03937008,0.1024922,0.2128273,-0.6980737,0.1593308,0.6980737
-1.4e-14,0.1539038,0.1227342,-0.6980737,0.6451171,0.310672
0.03937008,0.1846846,0.1472811,-0.6980737,0.6451171,0.310672
0.03937008,0.2302979,0.052564,-0.6980737,0.6451171,0.310672
-1.4e-14,0.1539038,0.1227342,-0.6980737,0.4464349,0.5598116
-1.4e-14,0.08541019,0.1773561,-0.6980737,0.4464349,0.5598116
0.03937008,0.1846846,0.1472811,-0.6980737,0.4464349,0.5598116
-1.4e-14,0.1919149,0.04380332,-0.6980737,0.716026,1.875661e-16
0.03937008,0.2302979,0.052564,-0.6980737,0.716026,1.875661e-16
0.03937008,0.2302979,-0.052564,-0.6980737,0.716026,1.875661e-16
-1.4e-14,0.1919149,0.04380332,-0.6980737,0.6451171,0.310672
-1.4e-14,0.1539038,0.1227342,-0.6980737,0.6451171,0.310672
0.03937008,0.2302979,0.052564,-0.6980737,0.6451171,0.310672
-1.4e-14,0.1919149,-0.04380332,-0.6980737,0.6451171,-0.310672
0.03937008,0.2302979,-0.052564,-0.6980737,0.6451171,-0.310672
0.03937008,0.1846846,-0.1472811,-0.6980737,0.6451171,-0.310672
-1.4e-14,0.1919149,-0.04380332,-0.6980737,0.716026,-2.268517e-16
-1.4e-14,0.1919149,0.04380332,-0.6980737,0.716026,-2.268517e-16
0.03937008,0.2302979,-0.052564,-0.6980737,0.716026,-2.268517e-16
-1.4e-14,0.1539038,-0.1227342,-0.6980737,0.4464349,-0.5598116
0.03937008,0.1846846,-0.1472811,-0.6980737,0.4464349,-0.5598116
0.03937008,0.1024922,-0.2128273,-0.6980737,0.4464349,-0.5598116
-1.4e-14,0.1539038,-0.1227342,-0.6980737,0.6451171,-0.310672
-1.4e-14,0.1919149,-0.04380332,-0.6980737,0.6451171,-0.310672
0.03937008,0.1846846,-0.1472811,-0.6980737,0.6451171,-0.310672
-1.4e-14,0.08541019,-0.1773561,-0.6980737,0.4464349,-0.5598116
-1.4e-14,0.1539038,-0.1227342,-0.6980737,0.4464349,-0.5598116
0.03937008,0.1024922,-0.2128273,-0.6980737,0.4464349,-0.5598116
-1.4e-14,0.05978713,-0.1241493,-1.0,0.0,0.0
-1.4e-14,0.08541019,-0.1773561,-1.0,0.0,0.0
-1.4e-14,0.0,-0.1968504,-1.0,0.0,0.0
-1.4e-14,0.0,-0.1377953,-1.0,0.0,0.0
-1.4e-14,0.0,-0.1968504,-1.0,0.0,0.0
-1.4e-14,-0.08541019,-0.1773561,-1.0,0.0,0.0
-1.4e-14,0.05978713,-0.1241493,-1.0,0.0,0.0
-1.4e-14,0.0,-0.1968504,-1.0,0.0,0.0
-1.4e-14,0.0,-0.1377953,-1.0,0.0,0.0
-1.4e-14,0.0,0.1377953,-1.0,0.0,0.0
-1.4e-14,0.0,0.1968504,-1.0,0.0,0.0
-1.4e-14,0.08541019,0.1773561,-1.0,0.0,0.0
-1.4e-14,-0.05978713,0.1241493,-1.0,0.0,0.0
-1.4e-14,-0.08541019,0.1773561,-1.0,0.0,0.0
-1.4e-14,0.0,0.1968504,-1.0,0.0,0.0
-1.4e-14,0.0,0.1377953,-1.0,0.0,0.0
-1.4e-14,-0.05978713,0.1241493,-1.0,0.0,0.0
-1.4e-14,0.0,0.1968504,-1.0,0.0,0.0
-1.4e-14,0.1077327,0.08591395,-1.0,0.0,0.0
-1.4e-14,0.08541019,0.1773561,-1.0,0.0,0.0
-1.4e-14,0.1539038,0.1227342,-1.0,0.0,0.0
-1.4e-14,0.05978713,0.1241493,-1.0,0.0,0.0
-1.4e-14,0.0,0.1377953,-1.0,0.0,0.0
-1.4e-14,0.08541019,0.1773561,-1.0,0.0,0.0
-1.4e-14,0.1077327,0.08591395,-1.0,0.0,0.0
-1.4e-14,0.05978713,0.1241493,-1.0,0.0,0.0
-1.4e-14,0.08541019,0.1773561,-1.0,0.0,0.0
-1.4e-14,0.1539038,-0.1227342,-1.0,0.0,0.0
-1.4e-14,0.1539038,0.1227342,-1.0,0.0,0.0
-1.4e-14,0.1919149,0.04380332,-1.0,0.0,0.0
-1.4e-14,0.1343405,-0.03066233,-1.0,0.0,0.0
-1.4e-14,0.1539038,0.1227342,-1.0,0.0,0.0
-1.4e-14,0.1539038,-0.1227342,-1.0,0.0,0.0
-1.4e-14,0.1343405,0.03066233,-1.0,0.0,0.0
-1.4e-14,0.1077327,0.08591395,-1.0,0.0,0.0
-1.4e-14,0.1539038,0.1227342,-1.0,0.0,0.0
-1.4e-14,0.1343405,-0.03066233,-1.0,0.0,0.0
-1.4e-14,0.1343405,0.03066233,-1.0,0.0,0.0
-1.4e-14,0.1539038,0.1227342,-1.0,0.0,0.0
-1.4e-14,0.1539038,-0.1227342,-1.0,0.0,0.0
-1.4e-14,0.1919149,0.04380332,-1.0,0.0,0.0
-1.4e-14,0.1919149,-0.04380332,-1.0,0.0,0.0
-1.4e-14,0.1343405,-0.03066233,-1.0,0.0,0.0
-1.4e-14,0.1539038,-0.1227342,-1.0,0.0,0.0
-1.4e-14,0.08541019,-0.1773561,-1.0,0.0,0.0
-1.4e-14,0.1077327,-0.08591395,-1.0,0.0,0.0
-1.4e-14,0.1343405,-0.03066233,-1.0,0.0,0.0
-1.4e-14,0.08541019,-0.1773561,-1.0,0.0,0.0
-1.4e-14,0.05978713,-0.1241493,-1.0,0.0,0.0
-1.4e-14,0.1077327,-0.08591395,-1.0,0.0,0.0
-1.4e-14,0.08541019,-0.1773561,-1.0,0.0,0.0
-1.4e-14,-0.1077327,-0.08591395,-1.0,0.0,0.0
-1.4e-14,-0.08541019,-0.1773561,-1.0,0.0,0.0
-1.4e-14,-0.1539038,-0.1227342,-1.0,0.0,0.0
-1.4e-14,-0.05978713,-0.1241493,-1.0,0.0,0.0
-1.4e-14,0.0,-0.1377953,-1.0,0.0,0.0
-1.4e-14,-0.08541019,-0.1773561,-1.0,0.0,0.0
-1.4e-14,-0.1077327,-0.08591395,-1.0,0.0,0.0
-1.4e-14,-0.05978713,-0.1241493,-1.0,0.0,0.0
-1.4e-14,-0.08541019,-0.1773561,-1.0,0.0,0.0
-1.4e-14,-0.1539038,0.1227342,-1.0,0.0,0.0
-1.4e-14,-0.1539038,-0.1227342,-1.0,0.0,0.0
-1.4e-14,-0.1919149,-0.04380332,-1.0,0.0,0.0
-1.4e-14,-0.1343405,0.03066233,-1.0,0.0,0.0
-1.4e-14,-0.1539038,-0.1227342,-1.0,0.0,0.0
-1.4e-14,-0.1539038,0.1227342,-1.0,0.0,0.0
-1.4e-14,-0.1343405,-0.03066233,-1.0,0.0,0.0
-1.4e-14,-0.1077327,-0.08591395,-1.0,0.0,0.0
-1.4e-14,-0.1539038,-0.1227342,-1.0,0.0,0.0
-1.4e-14,-0.1343405,0.03066233,-1.0,0.0,0.0
-1.4e-14,-0.1343405,-0.03066233,-1.0,0.0,0.0
-1.4e-14,-0.1539038,-0.1227342,-1.0,0.0,0.0
-1.4e-14,-0.1539038,0.1227342,-1.0,0.0,0.0
-1.4e-14,-0.1919149,-0.04380332,-1.0,0.0,0.0
-1.4e-14,-0.1919149,0.04380332,-1.0,0.0,0.0
-1.4e-14,-0.1343405,0.03066233,-1.0,0.0,0.0
-1.4e-14,-0.1539038,0.1227342,-1.0,0.0,0.0
-1.4e-14,-0.08541019,0.1773561,-1.0,0.0,0.0
-1.4e-14,-0.1077327,0.08591395,-1.0,0.0,0.0
-1.4e-14,-0.1343405,0.03066233,-1.0,0.0,0.0
-1.4e-14,-0.08541019,0.1773561,-1.0,0.0,0.0
-1.4e-14,-0.05978713,0.1241493,-1.0,0.0,0.0
-1.4e-14,-0.1077327,0.08591395,-1.0,0.0,0.0
-1.4e-14,-0.08541019,0.1773561,-1.0,0.0,0.0
-0.001492523,-1.595373e-17,-0.1302764,-0.9798947,-0.04439636,-0.1945132
-1.4e-14,0.0,-0.1377953,-0.9798947,-0.04439636,-0.1945132
-1.4e-14,-0.05978713,-0.1241493,-0.9798947,-0.04439636,-0.1945132
-0.001492523,0.04985463,-0.1203597,-0.9695077,0.05453116,-0.2389166
-1.4e-14,0.05978713,-0.1241493,-0.9695077,0.05453116,-0.2389166
-1.4e-14,0.0,-0.1377953,-0.9695077,0.05453116,-0.2389166
-0.001492523,0.04985463,-0.1203597,-0.980127,0.03870025,-0.1945593
-1.4e-14,0.0,-0.1377953,-0.980127,0.03870025,-0.1945593
-0.001492523,-1.595373e-17,-0.1302764,-0.980127,0.03870025,-0.1945593
-0.001492523,-0.09211934,-0.09211934,-0.9563276,-0.1822442,-0.228527
-1.4e-14,-0.05978713,-0.1241493,-0.9563276,-0.1822442,-0.228527
-1.4e-14,-0.1077327,-0.08591395,-0.9563276,-0.1822442,-0.228527
-0.001492523,-0.04985463,-0.1203597,-0.9668845,-0.04978986,-0.2503105
-0.001492523,-1.595373e-17,-0.1302764,-0.9668845,-0.04978986,-0.2503105
-1.4e-14,-0.05978713,-0.1241493,-0.9668845,-0.04978986,-0.2503105
-0.001492523,-0.04985463,-0.1203597,-0.9855009,-0.0942636,-0.1410755
-1.4e-14,-0.05978713,-0.1241493,-0.9855009,-0.0942636,-0.1410755
-0.001492523,-0.09211934,-0.09211934,-0.9855009,-0.0942636,-0.1410755
-0.001492523,-0.1203597,-0.04985463,-0.9439701,-0.2973476,-0.1431951
-1.4e-14,-0.1077327,-0.08591395,-0.9439701,-0.2973476,-0.1431951
-1.4e-14,-0.1343405,-0.03066233,-0.9439701,-0.2973476,-0.1431951
-0.001492523,-0.09211934,-0.09211934,-0.9879684,-0.1285918,-0.08592228
-1.4e-14,-0.1077327,-0.08591395,-0.9879684,-0.1285918,-0.08592228
-0.001492523,-0.1203597,-0.04985463,-0.9879684,-0.1285918,-0.08592228
-0.001492523,-0.1302764,-1.399202e-14,-0.9386988,-0.3447385,-5.614956e-15
-1.4e-14,-0.1343405,-0.03066233,-0.9386988,-0.3447385,-5.614956e-15
-1.4e-14,-0.1343405,0.03066233,-0.9386988,-0.3447385,-5.614956e-15
-0.001492523,-0.1203597,-0.04985463,-0.988975,-0.1452372,-0.02888948
-1.4e-14,-0.1343405,-0.03066233,-0.988975,-0.1452372,-0.02888948
-0.001492523,-0.1302764,-1.399202e-14,-0.988975,-0.1452372,-0.02888948
-0.001492523,-0.1203597,0.04985463,-0.9439701,-0.2973476,0.1431951
-1.4e-14,-0.1343405,0.03066233,-0.9439701,-0.2973476,0.1431951
-1.4e-14,-0.1077327,0.08591395,-0.9439701,-0.2973476,0.1431951
-0.001492523,-0.1302764,-1.399202e-14,-0.988975,-0.1452372,0.02888948
-1.4e-14,-0.1343405,0.03066233,-0.988975,-0.1452372,0.02888948
-0.001492523,-0.1203597,0.04985463,-0.988975,-0.1452372,0.02888948
-0.001492523,-0.09211934,0.09211934,-0.9563276,-0.1822442,0.228527
-1.4e-14,-0.1077327,0.08591395,-0.9563276,-0.1822442,0.228527
-1.4e-14,-0.05978713,0.1241493,-0.9563276,-0.1822442,0.228527
-0.001492523,-0.1203597,0.04985463,-0.9879684,-0.1285918,0.08592228
-1.4e-14,-0.1077327,0.08591395,-0.9879684,-0.1285918,0.08592228
-0.001492523,-0.09211934,0.09211934,-0.9879684,-0.1285918,0.08592228
-0.001492523,-0.04985463,0.1203597,-0.9695077,-0.05453116,0.2389166
-1.4e-14,-0.05978713,0.1241493,-0.9695077,-0.05453116,0.2389166
-1.4e-14,0.0,0.1377953,-0.9695077,-0.05453116,0.2389166
-0.001492523,-0.09211934,0.09211934,-0.9855009,-0.0942636,0.1410755
-1.4e-14,-0.05978713,0.1241493,-0.9855009,-0.0942636,0.1410755
-0.001492523,-0.04985463,0.1203597,-0.9855009,-0.0942636,0.1410755
-0.001492523,0.0,0.1302764,-0.9798947,0.04439636,0.1945132
-1.4e-14,0.0,0.1377953,-0.9798947,0.04439636,0.1945132
-1.4e-14,0.05978713,0.1241493,-0.9798947,0.04439636,0.1945132
-0.001492523,-0.04985463,0.1203597,-0.980127,-0.03870025,0.1945593
-1.4e-14,0.0,0.1377953,-0.980127,-0.03870025,0.1945593
-0.001492523,0.0,0.1302764,-0.980127,-0.03870025,0.1945593
-0.001492523,0.09211934,0.09211934,-0.9563276,0.1822442,0.228527
-1.4e-14,0.05978713,0.1241493,-0.9563276,0.1822442,0.228527
-1.4e-14,0.1077327,0.08591395,-0.9563276,0.1822442,0.228527
-0.001492523,0.04985463,0.1203597,-0.9668845,0.04978986,0.2503105
-0.001492523,0.0,0.1302764,-0.9668845,0.04978986,0.2503105
-1.4e-14,0.05978713,0.1241493,-0.9668845,0.04978986,0.2503105
-0.001492523,0.04985463,0.1203597,-0.9855009,0.0942636,0.1410755
-1.4e-14,0.05978713,0.1241493,-0.9855009,0.0942636,0.1410755
-0.001492523,0.09211934,0.09211934,-0.9855009,0.0942636,0.1410755
-0.001492523,0.1203597,0.04985463,-0.9439701,0.2973476,0.1431951
-1.4e-14,0.1077327,0.08591395,-0.9439701,0.2973476,0.1431951
-1.4e-14,0.1343405,0.03066233,-0.9439701,0.2973476,0.1431951
-0.001492523,0.09211934,0.09211934,-0.9879684,0.1285918,0.08592228
-1.4e-14,0.1077327,0.08591395,-0.9879684,0.1285918,0.08592228
-0.001492523,0.1203597,0.04985463,-0.9879684,0.1285918,0.08592228
-0.001492523,0.1302764,-1.402393e-14,-0.9386988,0.3447385,0.0
-1.4e-14,0.1343405,0.03066233,-0.9386988,0.3447385,0.0
-1.4e-14,0.1343405,-0.03066233,-0.9386988,0.3447385,0.0
-0.001492523,0.1203597,0.04985463,-0.988975,0.1452372,0.02888948
-1.4e-14,0.1343405,0.03066233,-0.988975,0.1452372,0.02888948
-0.001492523,0.1302764,-1.402393e-14,-0.988975,0.1452372,0.02888948
-0.001492523,0.1203597,-0.04985463,-0.9439701,0.2973476,-0.1431951
-1.4e-14,0.1343405,-0.03066233,-0.9439701,0.2973476,-0.1431951
-1.4e-14,0.1077327,-0.08591395,-0.9439701,0.2973476,-0.1431951
-0.001492523,0.1302764,-1.402393e-14,-0.988975,0.1452372,-0.02888948
-1.4e-14,0.1343405,-0.03066233,-0.988975,0.1452372,-0.02888948
-0.001492523,0.1203597,-0.04985463,-0.988975,0.1452372,-0.02888948
-0.001492523,0.09211934,-0.09211934,-0.9563276,0.1822442,-0.228527
-1.4e-14,0.1077327,-0.08591395,-0.9563276,0.1822442,-0.228527
-1.4e-14,0.05978713,-0.1241493,-0.9563276,0.1822442,-0.228527
-0.001492523,0.1203597,-0.04985463,-0.9879684,0.1285918,-0.08592228
-1.4e-14,0.1077327,-0.08591395,-0.9879684,0.1285918,-0.08592228
-0.001492523,0.09211934,-0.09211934,-0.9879684,0.1285918,-0.08592228
-0.001492523,0.09211934,-0.09211934,-0.9855009,0.0942636,-0.1410755
-1.4e-14,0.05978713,-0.1241493,-0.9855009,0.0942636,-0.1410755
-0.001492523,0.04985463,-0.1203597,-0.9855009,0.0942636,-0.1410755
-0.0121519,-0.04577226,-0.110504,-0.3450898,-0.2088514,-0.9150378
-0.01968504,-0.05124611,-0.1064136,-0.3450898,-0.2088514,-0.9150378
-0.01968504,-1.446385e-17,-0.1181102,-0.3450898,-0.2088514,-0.9150378
-0.9606299,-1.446385e-17,-0.1181102,0.0,-0.2225209,-0.9749279
-0.01968504,-1.446385e-17,-0.1181102,0.0,-0.2225209,-0.9749279
-0.01968504,-0.05124611,-0.1064136,0.0,-0.2225209,-0.9749279
-0.0121519,-1.464735e-17,-0.1196087,-0.1914805,-0.1914805,-0.9626372
-0.0121519,-0.04577226,-0.110504,-0.1914805,-0.1914805,-0.9626372
-0.01968504,-1.446385e-17,-0.1181102,-0.1914805,-0.1914805,-0.9626372
-0.01968504,0.05124611,-0.1064136,-0.1903785,0.2184512,-0.9570972
-0.0121519,-1.464735e-17,-0.1196087,-0.1903785,0.2184512,-0.9570972
-0.01968504,-1.446385e-17,-0.1181102,-0.1903785,0.2184512,-0.9570972
-0.9606299,0.05124611,-0.1064136,0.0,0.2225209,-0.9749279
-0.01968504,0.05124611,-0.1064136,0.0,0.2225209,-0.9749279
-0.01968504,-1.446385e-17,-0.1181102,0.0,0.2225209,-0.9749279
-0.9606299,0.05124611,-0.1064136,0.0,0.2225209,-0.9749279
-0.01968504,-1.446385e-17,-0.1181102,0.0,0.2225209,-0.9749279
-0.9606299,-1.446385e-17,-0.1181102,0.0,0.2225209,-0.9749279
-0.0121519,-0.0845761,-0.0845761,-0.441589,-0.5594059,-0.7014729
-0.01968504,-0.0923423,-0.07364053,-0.441589,-0.5594059,-0.7014729
-0.01968504,-0.05124611,-0.1064136,-0.441589,-0.5594059,-0.7014729
-0.9606299,-0.05124611,-0.1064136,0.0,-0.6234898,-0.7818315
-0.01968504,-0.05124611,-0.1064136,0.0,-0.6234898,-0.7818315
-0.01968504,-0.0923423,-0.07364053,0.0,-0.6234898,-0.7818315
-0.0121519,-0.04577226,-0.110504,-0.04772074,-0.5549373,-0.8305223
-0.0121519,-0.0845761,-0.0845761,-0.04772074,-0.5549373,-0.8305223
-0.01968504,-0.05124611,-0.1064136,-0.04772074,-0.5549373,-0.8305223
-0.9606299,-0.05124611,-0.1064136,0.0,-0.2225209,-0.9749279
-0.9606299,-1.446385e-17,-0.1181102,0.0,-0.2225209,-0.9749279
-0.01968504,-0.05124611,-0.1064136,0.0,-0.2225209,-0.9749279
-0.0121519,-0.110504,-0.04577226,-0.4932538,-0.7837397,-0.3774292
-0.01968504,-0.115149,-0.026282,-0.4932538,-0.7837397,-0.3774292
-0.01968504,-0.0923423,-0.07364053,-0.4932538,-0.7837397,-0.3774292
-0.9606299,-0.0923423,-0.07364053,0.0,-0.9009689,-0.4338837
-0.01968504,-0.0923423,-0.07364053,0.0,-0.9009689,-0.4338837
-0.01968504,-0.115149,-0.026282,0.0,-0.9009689,-0.4338837
-0.0121519,-0.0845761,-0.0845761,0.05062819,-0.8304033,-0.5548578
-0.0121519,-0.110504,-0.04577226,0.05062819,-0.8304033,-0.5548578
-0.01968504,-0.0923423,-0.07364053,0.05062819,-0.8304033,-0.5548578
-0.9606299,-0.0923423,-0.07364053,0.0,-0.6234898,-0.7818315
-0.9606299,-0.05124611,-0.1064136,0.0,-0.6234898,-0.7818315
-0.01968504,-0.0923423,-0.07364053,0.0,-0.6234898,-0.7818315
-0.0121519,-0.1196087,-1.399268e-14,-0.5094323,-0.8605108,2.356146e-16
-0.01968504,-0.115149,0.026282,-0.5094323,-0.8605108,2.356146e-16
-0.01968504,-0.115149,-0.026282,-0.5094323,-0.8605108,2.356146e-16
-0.9606299,-0.115149,-0.026282,0.0,-1.0,2.64017e-16
-0.01968504,-0.115149,-0.026282,0.0,-1.0,2.64017e-16
-0.01968504,-0.115149,0.026282,0.0,-1.0,2.64017e-16
-0.0121519,-0.110504,-0.04577226,0.09950861,-0.9759174,-0.194122
-0.0121519,-0.1196087,-1.399268e-14,0.09950861,-0.9759174,-0.194122
-0.01968504,-0.115149,-0.026282,0.09950861,-0.9759174,-0.194122
-0.9606299,-0.115149,-0.026282,0.0,-0.9009689,-0.4338837
-0.9606299,-0.0923423,-0.07364053,0.0,-0.9009689,-0.4338837
-0.01968504,-0.115149,-0.026282,0.0,-0.9009689,-0.4338837
-0.0121519,-0.110504,0.04577226,-0.4932538,-0.7837397,0.3774292
-0.01968504,-0.0923423,0.07364053,-0.4932538,-0.7837397,0.3774292
-0.01968504,-0.115149,0.026282,-0.4932538,-0.7837397,0.3774292
-0.9606299,-0.115149,0.026282,0.0,-0.9009689,0.4338837
-0.01968504,-0.115149,0.026282,0.0,-0.9009689,0.4338837
-0.01968504,-0.0923423,0.07364053,0.0,-0.9009689,0.4338837
-0.0121519,-0.1196087,-1.399268e-14,0.09950861,-0.9759174,0.194122
-0.0121519,-0.110504,0.04577226,0.09950861,-0.9759174,0.194122
-0.01968504,-0.115149,0.026282,0.09950861,-0.9759174,0.194122
-0.9606299,-0.115149,0.026282,0.0,-1.0,2.64017e-16
-0.9606299,-0.115149,-0.026282,0.0,-1.0,2.64017e-16
-0.01968504,-0.115149,0.026282,0.0,-1.0,2.64017e-16
-0.0121519,-0.0845761,0.0845761,-0.441589,-0.5594059,0.7014729
-0.01968504,-0.05124611,0.1064136,-0.441589,-0.5594059,0.7014729
-0.01968504,-0.0923423,0.07364053,-0.441589,-0.5594059,0.7014729
-0.9606299,-0.0923423,0.07364053,0.0,-0.6234898,0.7818315
-0.01968504,-0.0923423,0.07364053,0.0,-0.6234898,0.7818315
-0.01968504,-0.05124611,0.1064136,0.0,-0.6234898,0.7818315
-0.0121519,-0.110504,0.04577226,0.05062819,-0.8304033,0.5548578
-0.0121519,-0.0845761,0.0845761,0.05062819,-0.8304033,0.5548578
-0.01968504,-0.0923423,0.07364053,0.05062819,-0.8304033,0.5548578
-0.9606299,-0.0923423,0.07364053,0.0,-0.9009689,0.4338837
-0.9606299,-0.115149,0.026282,0.0,-0.9009689,0.4338837
-0.01968504,-0.0923423,0.07364053,0.0,-0.9009689,0.4338837
-0.0121519,0.0,0.1196087,-0.1903785,-0.2184512,0.9570972
-0.01968504,0.0,0.1181102,-0.1903785,-0.2184512,0.9570972
-0.01968504,-0.05124611,0.1064136,-0.1903785,-0.2184512,0.9570972
-0.9606299,-0.05124611,0.1064136,0.0,-0.2225209,0.9749279
-0.01968504,-0.05124611,0.1064136,0.0,-0.2225209,0.9749279
-0.01968504,0.0,0.1181102,0.0,-0.2225209,0.9749279
-0.0121519,-0.04577226,0.110504,-0.3639829,-0.1817082,0.9135089
-0.0121519,0.0,0.1196087,-0.3639829,-0.1817082,0.9135089
-0.01968504,-0.05124611,0.1064136,-0.3639829,-0.1817082,0.9135089
-0.0121519,-0.0845761,0.0845761,-0.04772074,-0.5549373,0.8305223
-0.0121519,-0.04577226,0.110504,-0.04772074,-0.5549373,0.8305223
-0.01968504,-0.05124611,0.1064136,-0.04772074,-0.5549373,0.8305223
-0.9606299,-0.05124611,0.1064136,0.0,-0.6234898,0.7818315
-0.9606299,-0.0923423,0.07364053,0.0,-0.6234898,0.7818315
-0.01968504,-0.05124611,0.1064136,0.0,-0.6234898,0.7818315
-0.0121519,0.04577226,0.110504,-0.1914805,0.1914805,0.9626372
-0.01968504,0.0,0.1181102,-0.1914805,0.1914805,0.9626372
-0.0121519,0.0,0.1196087,-0.1914805,0.1914805,0.9626372
-0.01968504,0.05124611,0.1064136,-0.3450898,0.2088514,0.9150378
-0.01968504,0.0,0.1181102,-0.3450898,0.2088514,0.9150378
-0.0121519,0.04577226,0.110504,-0.3450898,0.2088514,0.9150378
-0.9606299,0.0,0.1181102,0.0,0.2225209,0.9749279
-0.01968504,0.0,0.1181102,0.0,0.2225209,0.9749279
-0.01968504,0.05124611,0.1064136,0.0,0.2225209,0.9749279
-0.9606299,-0.05124611,0.1064136,0.0,-0.2225209,0.9749279
-0.01968504,0.0,0.1181102,0.0,-0.2225209,0.9749279
-0.9606299,0.0,0.1181102,0.0,-0.2225209,0.9749279
-0.005760149,0.0,0.1238813,-0.5482872,-0.1631521,0.820221
-0.0121519,0.0,0.1196087,-0.5482872,-0.1631521,0.820221
-0.0121519,-0.04577226,0.110504,-0.5482872,-0.1631521,0.820221
-0.005760149,0.04740733,0.1144514,-0.5482872,0.1631521,0.820221
-0.0121519,0.0,0.1196087,-0.5482872,0.1631521,0.820221
-0.005760149,0.0,0.1238813,-0.5482872,0.1631521,0.820221
-0.005760149,0.04740733,0.1144514,-0.5482872,0.1631521,0.820221
-0.0121519,0.04577226,0.110504,-0.5482872,0.1631521,0.820221
-0.0121519,0.0,0.1196087,-0.5482872,0.1631521,0.820221
-0.005760149,-0.04740733,0.1144514,-0.5482872,-0.4646179,0.6953498
-0.0121519,-0.04577226,0.110504,-0.5482872,-0.4646179,0.6953498
-0.0121519,-0.0845761,0.0845761,-0.5482872,-0.4646179,0.6953498
-0.005760149,-0.04740733,0.1144514,-0.5482872,-0.1631521,0.820221
-0.005760149,0.0,0.1238813,-0.5482872,-0.1631521,0.820221
-0.0121519,-0.04577226,0.110504,-0.5482872,-0.1631521,0.820221
-0.005760149,-0.08759732,0.08759732,-0.5482872,-0.6953498,0.4646179
-0.0121519,-0.0845761,0.0845761,-0.5482872,-0.6953498,0.4646179
-0.0121519,-0.110504,0.04577226,-0.5482872,-0.6953498,0.4646179
-0.005760149,-0.08759732,0.08759732,-0.5482872,-0.4646179,0.6953498
-0.005760149,-0.04740733,0.1144514,-0.5482872,-0.4646179,0.6953498
-0.0121519,-0.0845761,0.0845761,-0.5482872,-0.4646179,0.6953498
-0.005760149,-0.1144514,0.04740733,-0.5482872,-0.820221,0.1631521
-0.0121519,-0.110504,0.04577226,-0.5482872,-0.820221,0.1631521
-0.0121519,-0.1196087,-1.399268e-14,-0.5482872,-0.820221,0.1631521
-0.005760149,-0.1144514,0.04740733,-0.5482872,-0.6953498,0.4646179
-0.005760149,-0.08759732,0.08759732,-0.5482872,-0.6953498,0.4646179
-0.0121519,-0.110504,0.04577226,-0.5482872,-0.6953498,0.4646179
-0.005760149,-0.1238813,-1.399241e-14,-0.5482872,-0.820221,-0.1631521
-0.0121519,-0.1196087,-1.399268e-14,-0.5482872,-0.820221,-0.1631521
-0.0121519,-0.110504,-0.04577226,-0.5482872,-0.820221,-0.1631521
-0.005760149,-0.1238813,-1.399241e-14,-0.5482872,-0.820221,0.1631521
-0.005760149,-0.1144514,0.04740733,-0.5482872,-0.820221,0.1631521
-0.0121519,-0.1196087,-1.399268e-14,-0.5482872,-0.820221,0.1631521
-0.005760149,-0.1144514,-0.04740733,-0.5482872,-0.6953498,-0.4646179
-0.0121519,-0.110504,-0.04577226,-0.5482872,-0.6953498,-0.4646179
-0.0121519,-0.0845761,-0.0845761,-0.5482872,-0.6953498,-0.4646179
-0.005760149,-0.1144514,-0.04740733,-0.5482872,-0.820221,-0.1631521
-0.005760149,-0.1238813,-1.399241e-14,-0.5482872,-0.820221,-0.1631521
-0.0121519,-0.110504,-0.04577226,-0.5482872,-0.820221,-0.1631521
-0.005760149,-0.08759732,-0.08759732,-0.5482872,-0.4646179,-0.6953498
-0.0121519,-0.0845761,-0.0845761,-0.5482872,-0.4646179,-0.6953498
-0.0121519,-0.04577226,-0.110504,-0.5482872,-0.4646179,-0.6953498
-0.005760149,-0.08759732,-0.08759732,-0.5482872,-0.6953498,-0.4646179
-0.005760149,-0.1144514,-0.04740733,-0.5482872,-0.6953498,-0.4646179
-0.0121519,-0.0845761,-0.0845761,-0.5482872,-0.6953498,-0.4646179
-0.005760149,-0.04740733,-0.1144514,-0.5482872,-0.1631521,-0.820221
-0.0121519,-0.04577226,-0.110504,-0.5482872,-0.1631521,-0.820221
-0.0121519,-1.464735e-17,-0.1196087,-0.5482872,-0.1631521,-0.820221
-0.005760149,-0.04740733,-0.1144514,-0.5482872,-0.4646179,-0.6953498
-0.005760149,-0.08759732,-0.08759732,-0.5482872,-0.4646179,-0.6953498
-0.0121519,-0.04577226,-0.110504,-0.5482872,-0.4646179,-0.6953498
-0.005760149,-0.04740733,-0.1144514,-0.5482872,-0.1631521,-0.820221
-0.0121519,-1.464735e-17,-0.1196087,-0.5482872,-0.1631521,-0.820221
-0.005760149,-1.517058e-17,-0.1238813,-0.5482872,-0.1631521,-0.820221
-0.0121519,0.04577226,-0.110504,-0.5482872,0.1631521,-0.820221
-0.005760149,-1.517058e-17,-0.1238813,-0.5482872,0.1631521,-0.820221
-0.0121519,-1.464735e-17,-0.1196087,-0.5482872,0.1631521,-0.820221
-0.01968504,0.05124611,-0.1064136,-0.3639829,0.1817082,-0.9135089
-0.0121519,0.04577226,-0.110504,-0.3639829,0.1817082,-0.9135089
-0.0121519,-1.464735e-17,-0.1196087,-0.3639829,0.1817082,-0.9135089
-0.001492523,-0.04985463,-0.1203597,-0.8267724,-0.1097454,-0.5517275
-0.005760149,-0.04740733,-0.1144514,-0.8267724,-0.1097454,-0.5517275
-0.005760149,-1.517058e-17,-0.1238813,-0.8267724,-0.1097454,-0.5517275
-0.001492523,-0.04985463,-0.1203597,-0.8267724,-0.1097454,-0.5517275
-0.005760149,-1.517058e-17,-0.1238813,-0.8267724,-0.1097454,-0.5517275
-0.001492523,-1.595373e-17,-0.1302764,-0.8267724,-0.1097454,-0.5517275
-0.005760149,0.04740733,-0.1144514,-0.8267724,0.1097454,-0.5517275
-0.001492523,-1.595373e-17,-0.1302764,-0.8267724,0.1097454,-0.5517275
-0.005760149,-1.517058e-17,-0.1238813,-0.8267724,0.1097454,-0.5517275
-0.005760149,0.04740733,-0.1144514,-0.5482872,0.1631521,-0.820221
-0.005760149,-1.517058e-17,-0.1238813,-0.5482872,0.1631521,-0.820221
-0.0121519,0.04577226,-0.110504,-0.5482872,0.1631521,-0.820221
-0.001492523,0.0,0.1302764,-0.8267724,-0.1097454,0.5517275
-0.005760149,0.0,0.1238813,-0.8267724,-0.1097454,0.5517275
-0.005760149,-0.04740733,0.1144514,-0.8267724,-0.1097454,0.5517275
-0.001492523,0.04985463,0.1203597,-0.8267724,0.1097454,0.5517275
-0.005760149,0.0,0.1238813,-0.8267724,0.1097454,0.5517275
-0.001492523,0.0,0.1302764,-0.8267724,0.1097454,0.5517275
-0.001492523,0.04985463,0.1203597,-0.8267724,0.1097454,0.5517275
-0.005760149,0.04740733,0.1144514,-0.8267724,0.1097454,0.5517275
-0.005760149,0.0,0.1238813,-0.8267724,0.1097454,0.5517275
-0.001492523,-0.04985463,0.1203597,-0.8267724,-0.3125285,0.467732
-0.005760149,-0.04740733,0.1144514,-0.8267724,-0.3125285,0.467732
-0.005760149,-0.08759732,0.08759732,-0.8267724,-0.3125285,0.467732
-0.001492523,-0.04985463,0.1203597,-0.8267724,-0.1097454,0.5517275
-0.001492523,0.0,0.1302764,-0.8267724,-0.1097454,0.5517275
-0.005760149,-0.04740733,0.1144514,-0.8267724,-0.1097454,0.5517275
-0.001492523,-0.09211934,0.09211934,-0.8267724,-0.467732,0.3125285
-0.005760149,-0.08759732,0.08759732,-0.8267724,-0.467732,0.3125285
-0.005760149,-0.1144514,0.04740733,-0.8267724,-0.467732,0.3125285
-0.001492523,-0.09211934,0.09211934,-0.8267724,-0.3125285,0.467732
-0.001492523,-0.04985463,0.1203597,-0.8267724,-0.3125285,0.467732
-0.005760149,-0.08759732,0.08759732,-0.8267724,-0.3125285,0.467732
-0.001492523,-0.1203597,0.04985463,-0.8267724,-0.5517275,0.1097454
-0.005760149,-0.1144514,0.04740733,-0.8267724,-0.5517275,0.1097454
-0.005760149,-0.1238813,-1.399241e-14,-0.8267724,-0.5517275,0.1097454
-0.001492523,-0.1203597,0.04985463,-0.8267724,-0.467732,0.3125285
-0.001492523,-0.09211934,0.09211934,-0.8267724,-0.467732,0.3125285
-0.005760149,-0.1144514,0.04740733,-0.8267724,-0.467732,0.3125285
-0.001492523,-0.1302764,-1.399202e-14,-0.8267724,-0.5517275,-0.1097454
-0.005760149,-0.1238813,-1.399241e-14,-0.8267724,-0.5517275,-0.1097454
-0.005760149,-0.1144514,-0.04740733,-0.8267724,-0.5517275,-0.1097454
-0.001492523,-0.1302764,-1.399202e-14,-0.8267724,-0.5517275,0.1097454
-0.001492523,-0.1203597,0.04985463,-0.8267724,-0.5517275,0.1097454
-0.005760149,-0.1238813,-1.399241e-14,-0.8267724,-0.5517275,0.1097454
-0.001492523,-0.1203597,-0.04985463,-0.8267724,-0.467732,-0.3125285
-0.005760149,-0.1144514,-0.04740733,-0.8267724,-0.467732,-0.3125285
-0.005760149,-0.08759732,-0.08759732,-0.8267724,-0.467732,-0.3125285
-0.001492523,-0.1203597,-0.04985463,-0.8267724,-0.5517275,-0.1097454
-0.001492523,-0.1302764,-1.399202e-14,-0.8267724,-0.5517275,-0.1097454
-0.005760149,-0.1144514,-0.04740733,-0.8267724,-0.5517275,-0.1097454
-0.001492523,-0.09211934,-0.09211934,-0.8267724,-0.3125285,-0.467732
-0.005760149,-0.08759732,-0.08759732,-0.8267724,-0.3125285,-0.467732
-0.005760149,-0.04740733,-0.1144514,-0.8267724,-0.3125285,-0.467732
-0.001492523,-0.09211934,-0.09211934,-0.8267724,-0.467732,-0.3125285
-0.001492523,-0.1203597,-0.04985463,-0.8267724,-0.467732,-0.3125285
-0.005760149,-0.08759732,-0.08759732,-0.8267724,-0.467732,-0.3125285
-0.001492523,-0.04985463,-0.1203597,-0.8267724,-0.3125285,-0.467732
-0.001492523,-0.09211934,-0.09211934,-0.8267724,-0.3125285,-0.467732
-0.005760149,-0.04740733,-0.1144514,-0.8267724,-0.3125285,-0.467732
-0.001492523,0.04985463,-0.1203597,-0.8267724,0.1097454,-0.5517275
-0.001492523,-1.595373e-17,-0.1302764,-0.8267724,0.1097454,-0.5517275
-0.005760149,0.04740733,-0.1144514,-0.8267724,0.1097454,-0.5517275
-0.01968504,0.05124611,-0.1064136,-0.04772074,0.5549373,-0.8305223
-0.0121519,0.0845761,-0.0845761,-0.04772074,0.5549373,-0.8305223
-0.0121519,0.04577226,-0.110504,-0.04772074,0.5549373,-0.8305223
-0.005760149,0.04740733,-0.1144514,-0.5482872,0.4646179,-0.6953498
-0.0121519,0.04577226,-0.110504,-0.5482872,0.4646179,-0.6953498
-0.0121519,0.0845761,-0.0845761,-0.5482872,0.4646179,-0.6953498
-0.01968504,0.0923423,-0.07364053,0.05062819,0.8304033,-0.5548578
-0.0121519,0.110504,-0.04577226,0.05062819,0.8304033,-0.5548578
-0.0121519,0.0845761,-0.0845761,0.05062819,0.8304033,-0.5548578
-0.005760149,0.08759732,-0.08759732,-0.5482872,0.6953498,-0.4646179
-0.0121519,0.0845761,-0.0845761,-0.5482872,0.6953498,-0.4646179
-0.0121519,0.110504,-0.04577226,-0.5482872,0.6953498,-0.4646179
-0.01968504,0.05124611,-0.1064136,-0.441589,0.5594059,-0.7014729
-0.01968504,0.0923423,-0.07364053,-0.441589,0.5594059,-0.7014729
-0.0121519,0.0845761,-0.0845761,-0.441589,0.5594059,-0.7014729
-0.005760149,0.08759732,-0.08759732,-0.5482872,0.4646179,-0.6953498
-0.005760149,0.04740733,-0.1144514,-0.5482872,0.4646179,-0.6953498
-0.0121519,0.0845761,-0.0845761,-0.5482872,0.4646179,-0.6953498
-0.01968504,0.115149,-0.026282,0.09950861,0.9759174,-0.194122
-0.0121519,0.1196087,-1.402197e-14,0.09950861,0.9759174,-0.194122
-0.0121519,0.110504,-0.04577226,0.09950861,0.9759174,-0.194122
-0.005760149,0.1144514,-0.04740733,-0.5482872,0.820221,-0.1631521
-0.0121519,0.110504,-0.04577226,-0.5482872,0.820221,-0.1631521
-0.0121519,0.1196087,-1.402197e-14,-0.5482872,0.820221,-0.1631521
-0.01968504,0.0923423,-0.07364053,-0.4932538,0.7837397,-0.3774292
-0.01968504,0.115149,-0.026282,-0.4932538,0.7837397,-0.3774292
-0.0121519,0.110504,-0.04577226,-0.4932538,0.7837397,-0.3774292
-0.005760149,0.1144514,-0.04740733,-0.5482872,0.6953498,-0.4646179
-0.005760149,0.08759732,-0.08759732,-0.5482872,0.6953498,-0.4646179
-0.0121519,0.110504,-0.04577226,-0.5482872,0.6953498,-0.4646179
-0.01968504,0.115149,0.026282,0.09950861,0.9759174,0.194122
-0.0121519,0.110504,0.04577226,0.09950861,0.9759174,0.194122
-0.0121519,0.1196087,-1.402197e-14,0.09950861,0.9759174,0.194122
-0.005760149,0.1238813,-1.402276e-14,-0.5482872,0.820221,0.1631521
-0.0121519,0.1196087,-1.402197e-14,-0.5482872,0.820221,0.1631521
-0.0121519,0.110504,0.04577226,-0.5482872,0.820221,0.1631521
-0.01968504,0.115149,-0.026282,-0.5094323,0.8605108,2.271894e-16
-0.01968504,0.115149,0.026282,-0.5094323,0.8605108,2.271894e-16
-0.0121519,0.1196087,-1.402197e-14,-0.5094323,0.8605108,2.271894e-16
-0.005760149,0.1238813,-1.402276e-14,-0.5482872,0.820221,-0.1631521
-0.005760149,0.1144514,-0.04740733,-0.5482872,0.820221,-0.1631521
-0.0121519,0.1196087,-1.402197e-14,-0.5482872,0.820221,-0.1631521
-0.01968504,0.0923423,0.07364053,0.05062819,0.8304033,0.5548578
-0.0121519,0.0845761,0.0845761,0.05062819,0.8304033,0.5548578
-0.0121519,0.110504,0.04577226,0.05062819,0.8304033,0.5548578
-0.005760149,0.1144514,0.04740733,-0.5482872,0.6953498,0.4646179
-0.0121519,0.110504,0.04577226,-0.5482872,0.6953498,0.4646179
-0.0121519,0.0845761,0.0845761,-0.5482872,0.6953498,0.4646179
-0.01968504,0.115149,0.026282,-0.4932538,0.7837397,0.3774292
-0.01968504,0.0923423,0.07364053,-0.4932538,0.7837397,0.3774292
-0.0121519,0.110504,0.04577226,-0.4932538,0.7837397,0.3774292
-0.005760149,0.1144514,0.04740733,-0.5482872,0.820221,0.1631521
-0.005760149,0.1238813,-1.402276e-14,-0.5482872,0.820221,0.1631521
-0.0121519,0.110504,0.04577226,-0.5482872,0.820221,0.1631521
-0.01968504,0.05124611,0.1064136,-0.04772074,0.5549373,0.8305223
-0.0121519,0.04577226,0.110504,-0.04772074,0.5549373,0.8305223
-0.0121519,0.0845761,0.0845761,-0.04772074,0.5549373,0.8305223
-0.005760149,0.08759732,0.08759732,-0.5482872,0.4646179,0.6953498
-0.0121519,0.0845761,0.0845761,-0.5482872,0.4646179,0.6953498
-0.0121519,0.04577226,0.110504,-0.5482872,0.4646179,0.6953498
-0.01968504,0.0923423,0.07364053,-0.441589,0.5594059,0.7014729
-0.01968504,0.05124611,0.1064136,-0.441589,0.5594059,0.7014729
-0.0121519,0.0845761,0.0845761,-0.441589,0.5594059,0.7014729
-0.005760149,0.08759732,0.08759732,-0.5482872,0.6953498,0.4646179
-0.005760149,0.1144514,0.04740733,-0.5482872,0.6953498,0.4646179
-0.0121519,0.0845761,0.0845761,-0.5482872,0.6953498,0.4646179
-0.005760149,0.04740733,0.1144514,-0.5482872,0.4646179,0.6953498
-0.005760149,0.08759732,0.08759732,-0.5482872,0.4646179,0.6953498
-0.0121519,0.04577226,0.110504,-0.5482872,0.4646179,0.6953498
-0.9606299,0.05124611,0.1064136,0.0,0.6234898,0.7818315
-0.01968504,0.05124611,0.1064136,0.0,0.6234898,0.7818315
-0.01968504,0.0923423,0.07364053,0.0,0.6234898,0.7818315
-0.9606299,0.05124611,0.1064136,0.0,0.2225209,0.9749279
-0.9606299,0.0,0.1181102,0.0,0.2225209,0.9749279
-0.01968504,0.05124611,0.1064136,0.0,0.2225209,0.9749279
-0.9606299,0.0923423,0.07364053,0.0,0.9009689,0.4338837
-0.01968504,0.0923423,0.07364053,0.0,0.9009689,0.4338837
-0.01968504,0.115149,0.026282,0.0,0.9009689,0.4338837
-0.9606299,0.0923423,0.07364053,0.0,0.6234898,0.7818315
-0.9606299,0.05124611,0.1064136,0.0,0.6234898,0.7818315
-0.01968504,0.0923423,0.07364053,0.0,0.6234898,0.7818315
-0.9606299,0.115149,0.026282,0.0,1.0,2.64017e-16
-0.01968504,0.115149,0.026282,0.0,1.0,2.64017e-16
-0.01968504,0.115149,-0.026282,0.0,1.0,2.64017e-16
-0.9606299,0.115149,0.026282,0.0,0.9009689,0.4338837
-0.9606299,0.0923423,0.07364053,0.0,0.9009689,0.4338837
-0.01968504,0.115149,0.026282,0.0,0.9009689,0.4338837
-0.9606299,0.115149,-0.026282,0.0,0.9009689,-0.4338837
-0.01968504,0.115149,-0.026282,0.0,0.9009689,-0.4338837
-0.01968504,0.0923423,-0.07364053,0.0,0.9009689,-0.4338837
-0.9606299,0.115149,-0.026282,0.0,1.0,2.64017e-16
-0.9606299,0.115149,0.026282,0.0,1.0,2.64017e-16
-0.01968504,0.115149,-0.026282,0.0,1.0,2.64017e-16
-0.9606299,0.0923423,-0.07364053,0.0,0.6234898,-0.7818315
-0.01968504,0.0923423,-0.07364053,0.0,0.6234898,-0.7818315
-0.01968504,0.05124611,-0.1064136,0.0,0.6234898,-0.7818315
-0.9606299,0.0923423,-0.07364053,0.0,0.9009689,-0.4338837
-0.9606299,0.115149,-0.026282,0.0,0.9009689,-0.4338837
-0.01968504,0.0923423,-0.07364053,0.0,0.9009689,-0.4338837
-0.9606299,0.05124611,-0.1064136,0.0,0.6234898,-0.7818315
-0.9606299,0.0923423,-0.07364053,0.0,0.6234898,-0.7818315
-0.01968504,0.05124611,-0.1064136,0.0,0.6234898,-0.7818315
-0.001492523,0.04985463,-0.1203597,-0.8267724,0.3125285,-0.467732
-0.005760149,0.04740733,-0.1144514,-0.8267724,0.3125285,-0.467732
-0.005760149,0.08759732,-0.08759732,-0.8267724,0.3125285,-0.467732
-0.001492523,0.09211934,-0.09211934,-0.8267724,0.467732,-0.3125285
-0.005760149,0.08759732,-0.08759732,-0.8267724,0.467732,-0.3125285
-0.005760149,0.1144514,-0.04740733,-0.8267724,0.467732,-0.3125285
-0.001492523,0.09211934,-0.09211934,-0.8267724,0.3125285,-0.467732
-0.001492523,0.04985463,-0.1203597,-0.8267724,0.3125285,-0.467732
-0.005760149,0.08759732,-0.08759732,-0.8267724,0.3125285,-0.467732
-0.001492523,0.1203597,-0.04985463,-0.8267724,0.5517275,-0.1097454
-0.005760149,0.1144514,-0.04740733,-0.8267724,0.5517275,-0.1097454
-0.005760149,0.1238813,-1.402276e-14,-0.8267724,0.5517275,-0.1097454
-0.001492523,0.1203597,-0.04985463,-0.8267724,0.467732,-0.3125285
-0.001492523,0.09211934,-0.09211934,-0.8267724,0.467732,-0.3125285
-0.005760149,0.1144514,-0.04740733,-0.8267724,0.467732,-0.3125285
-0.001492523,0.1302764,-1.402393e-14,-0.8267724,0.5517275,0.1097454
-0.005760149,0.1238813,-1.402276e-14,-0.8267724,0.5517275,0.1097454
-0.005760149,0.1144514,0.04740733,-0.8267724,0.5517275,0.1097454
-0.001492523,0.1302764,-1.402393e-14,-0.8267724,0.5517275,-0.1097454
-0.001492523,0.1203597,-0.04985463,-0.8267724,0.5517275,-0.1097454
-0.005760149,0.1238813,-1.402276e-14,-0.8267724,0.5517275,-0.1097454
-0.001492523,0.1203597,0.04985463,-0.8267724,0.467732,0.3125285
-0.005760149,0.1144514,0.04740733,-0.8267724,0.467732,0.3125285
-0.005760149,0.08759732,0.08759732,-0.8267724,0.467732,0.3125285
-0.001492523,0.1203597,0.04985463,-0.8267724,0.5517275,0.1097454
-0.001492523,0.1302764,-1.402393e-14,-0.8267724,0.5517275,0.1097454
-0.005760149,0.1144514,0.04740733,-0.8267724,0.5517275,0.1097454
-0.001492523,0.09211934,0.09211934,-0.8267724,0.3125285,0.467732
-0.005760149,0.08759732,0.08759732,-0.8267724,0.3125285,0.467732
-0.005760149,0.04740733,0.1144514,-0.8267724,0.3125285,0.467732
-0.001492523,0.09211934,0.09211934,-0.8267724,0.467732,0.3125285
-0.001492523,0.1203597,0.04985463,-0.8267724,0.467732,0.3125285
-0.005760149,0.08759732,0.08759732,-0.8267724,0.467732,0.3125285
-0.001492523,0.04985463,0.1203597,-0.8267724,0.3125285,0.467732
-0.001492523,0.09211934,0.09211934,-0.8267724,0.3125285,0.467732
-0.005760149,0.04740733,0.1144514,-0.8267724,0.3125285,0.467732
-1.0,0.03416407,-0.07094243,-0.6980737,0.1593308,-0.6980737
-0.9606299,0.05124611,-0.1064136,-0.6980737,0.1593308,-0.6980737
-0.9606299,-1.446385e-17,-0.1181102,-0.6980737,0.1593308,-0.6980737
-1.0,0.0,-0.07874016,-0.6980737,-0.1593308,-0.6980737
-0.9606299,-1.446385e-17,-0.1181102,-0.6980737,-0.1593308,-0.6980737
-0.9606299,-0.05124611,-0.1064136,-0.6980737,-0.1593308,-0.6980737
-1.0,0.03416407,-0.07094243,-0.6980737,0.1593308,-0.6980737
-0.9606299,-1.446385e-17,-0.1181102,-0.6980737,0.1593308,-0.6980737
-1.0,0.0,-0.07874016,-0.6980737,0.1593308,-0.6980737
-1.0,0.0,0.07874016,-0.6980737,0.1593308,0.6980737
-0.9606299,0.0,0.1181102,-0.6980737,0.1593308,0.6980737
-0.9606299,0.05124611,0.1064136,-0.6980737,0.1593308,0.6980737
-1.0,-0.03416407,0.07094243,-0.6980737,-0.1593308,0.6980737
-0.9606299,-0.05124611,0.1064136,-0.6980737,-0.1593308,0.6980737
-0.9606299,0.0,0.1181102,-0.6980737,-0.1593308,0.6980737
-1.0,0.0,0.07874016,-0.6980737,-0.1593308,0.6980737
-1.0,-0.03416407,0.07094243,-0.6980737,-0.1593308,0.6980737
-0.9606299,0.0,0.1181102,-0.6980737,-0.1593308,0.6980737
-1.0,0.03416407,0.07094243,-0.6980737,0.4464349,0.5598116
-0.9606299,0.05124611,0.1064136,-0.6980737,0.4464349,0.5598116
-0.9606299,0.0923423,0.07364053,-0.6980737,0.4464349,0.5598116
-1.0,0.03416407,0.07094243,-0.6980737,0.1593308,0.6980737
-1.0,0.0,0.07874016,-0.6980737,0.1593308,0.6980737
-0.9606299,0.05124611,0.1064136,-0.6980737,0.1593308,0.6980737
-1.0,0.06156154,0.04909368,-0.6980737,0.6451171,0.310672
-0.9606299,0.0923423,0.07364053,-0.6980737,0.6451171,0.310672
-0.9606299,0.115149,0.026282,-0.6980737,0.6451171,0.310672
-1.0,0.06156154,0.04909368,-0.6980737,0.4464349,0.5598116
-1.0,0.03416407,0.07094243,-0.6980737,0.4464349,0.5598116
-0.9606299,0.0923423,0.07364053,-0.6980737,0.4464349,0.5598116
-1.0,0.07676598,0.01752134,-0.6980737,0.7160259,1.500529e-16
-0.9606299,0.115149,0.026282,-0.6980737,0.7160259,1.500529e-16
-0.9606299,0.115149,-0.026282,-0.6980737,0.7160259,1.500529e-16
-1.0,0.07676598,0.01752134,-0.6980737,0.6451171,0.310672
-1.0,0.06156154,0.04909368,-0.6980737,0.6451171,0.310672
-0.9606299,0.115149,0.026282,-0.6980737,0.6451171,0.310672
-1.0,0.07676598,-0.01752134,-0.6980737,0.6451171,-0.310672
-0.9606299,0.115149,-0.026282,-0.6980737,0.6451171,-0.310672
-0.9606299,0.0923423,-0.07364053,-0.6980737,0.6451171,-0.310672
-1.0,0.07676598,-0.01752134,-0.6980737,0.7160259,0.0
-1.0,0.07676598,0.01752134,-0.6980737,0.7160259,0.0
-0.9606299,0.115149,-0.026282,-0.6980737,0.7160259,0.0
-1.0,0.06156154,-0.04909368,-0.6980737,0.4464349,-0.5598116
-0.9606299,0.0923423,-0.07364053,-0.6980737,0.4464349,-0.5598116
-0.9606299,0.05124611,-0.1064136,-0.6980737,0.4464349,-0.5598116
-1.0,0.06156154,-0.04909368,-0.6980737,0.6451171,-0.310672
-1.0,0.07676598,-0.01752134,-0.6980737,0.6451171,-0.310672
-0.9606299,0.0923423,-0.07364053,-0.6980737,0.6451171,-0.310672
-1.0,0.03416407,-0.07094243,-0.6980737,0.4464349,-0.5598116
-1.0,0.06156154,-0.04909368,-0.6980737,0.4464349,-0.5598116
-0.9606299,0.05124611,-0.1064136,-0.6980737,0.4464349,-0.5598116
-1.0,-0.03416407,-0.07094243,-0.6980737,-0.4464349,-0.5598116
-0.9606299,-0.05124611,-0.1064136,-0.6980737,-0.4464349,-0.5598116
-0.9606299,-0.0923423,-0.07364053,-0.6980737,-0.4464349,-0.5598116
-1.0,-0.03416407,-0.07094243,-0.6980737,-0.1593308,-0.6980737
-1.0,0.0,-0.07874016,-0.6980737,-0.1593308,-0.6980737
-0.9606299,-0.05124611,-0.1064136,-0.6980737,-0.1593308,-0.6980737
-1.0,-0.06156154,-0.04909368,-0.6980737,-0.6451171,-0.310672
-0.9606299,-0.0923423,-0.07364053,-0.6980737,-0.6451171,-0.310672
-0.9606299,-0.115149,-0.026282,-0.6980737,-0.6451171,-0.310672
-1.0,-0.06156154,-0.04909368,-0.6980737,-0.4464349,-0.5598116
-1.0,-0.03416407,-0.07094243,-0.6980737,-0.4464349,-0.5598116
-0.9606299,-0.0923423,-0.07364053,-0.6980737,-0.4464349,-0.5598116
-1.0,-0.07676598,-0.01752134,-0.6980737,-0.7160259,2.250793e-16
-0.9606299,-0.115149,-0.026282,-0.6980737,-0.7160259,2.250793e-16
-0.9606299,-0.115149,0.026282,-0.6980737,-0.7160259,2.250793e-16
-1.0,-0.07676598,-0.01752134,-0.6980737,-0.6451171,-0.310672
-1.0,-0.06156154,-0.04909368,-0.6980737,-0.6451171,-0.310672
-0.9606299,-0.115149,-0.026282,-0.6980737,-0.6451171,-0.310672
-1.0,-0.07676598,0.01752134,-0.6980737,-0.6451171,0.310672
-0.9606299,-0.115149,0.026282,-0.6980737,-0.6451171,0.310672
-0.9606299,-0.0923423,0.07364053,-0.6980737,-0.6451171,0.310672
-1.0,-0.07676598,0.01752134,-0.6980737,-0.7160259,0.0
-1.0,-0.07676598,-0.01752134,-0.6980737,-0.7160259,0.0
-0.9606299,-0.115149,0.026282,-0.6980737,-0.7160259,0.0
-1.0,-0.06156154,0.04909368,-0.6980737,-0.4464349,0.5598116
-0.9606299,-0.0923423,0.07364053,-0.6980737,-0.4464349,0.5598116
-0.9606299,-0.05124611,0.1064136,-0.6980737,-0.4464349,0.5598116
-1.0,-0.06156154,0.04909368,-0.6980737,-0.6451171,0.310672
-1.0,-0.07676598,0.01752134,-0.6980737,-0.6451171,0.310672
-0.9606299,-0.0923423,0.07364053,-0.6980737,-0.6451171,0.310672
-1.0,-0.03416407,0.07094243,-0.6980737,-0.4464349,0.5598116
-1.0,-0.06156154,0.04909368,-0.6980737,-0.4464349,0.5598116
-0.9606299,-0.05124611,0.1064136,-0.6980737,-0.4464349,0.5598116
-1.0,0.0,0.07874016,-1.0,0.0,0.0
-1.0,0.0,-0.07874016,-1.0,0.0,0.0
-1.0,-0.03416407,-0.07094243,-1.0,0.0,0.0
-1.0,0.03416407,0.07094243,-1.0,0.0,0.0
-1.0,0.0,-0.07874016,-1.0,0.0,0.0
-1.0,0.0,0.07874016,-1.0,0.0,0.0
-1.0,0.03416407,-0.07094243,-1.0,0.0,0.0
-1.0,0.0,-0.07874016,-1.0,0.0,0.0
-1.0,0.03416407,0.07094243,-1.0,0.0,0.0
-1.0,-0.03416407,0.07094243,-1.0,0.0,0.0
-1.0,-0.03416407,-0.07094243,-1.0,0.0,0.0
-1.0,-0.06156154,-0.04909368,-1.0,0.0,0.0
-1.0,0.0,0.07874016,-1.0,0.0,0.0
-1.0,-0.03416407,-0.07094243,-1.0,0.0,0.0
-1.0,-0.03416407,0.07094243,-1.0,0.0,0.0
-1.0,-0.06156154,0.04909368,-1.0,0.0,0.0
-1.0,-0.06156154,-0.04909368,-1.0,0.0,0.0
-1.0,-0.07676598,-0.01752134,-1.0,0.0,0.0
-1.0,-0.03416407,0.07094243,-1.0,0.0,0.0
-1.0,-0.06156154,-0.04909368,-1.0,0.0,0.0
-1.0,-0.06156154,0.04909368,-1.0,0.0,0.0
-1.0,-0.06156154,0.04909368,-1.0,0.0,0.0
-1.0,-0.07676598,-0.01752134,-1.0,0.0,0.0
-1.0,-0.07676598,0.01752134,-1.0,0.0,0.0
-1.0,0.03416407,-0.07094243,-1.0,0.0,0.0
-1.0,0.03416407,0.07094243,-1.0,0.0,0.0
-1.0,0.06156154,0.04909368,-1.0,0.0,0.0
-1.0,0.06156154,-0.04909368,-1.0,0.0,0.0
-1.0,0.06156154,0.04909368,-1.0,0.0,0.0
-1.0,0.07676598,0.01752134,-1.0,0.0,0.0
-1.0,0.03416407,-0.07094243,-1.0,0.0,0.0
-1.0,0.06156154,0.04909368,-1.0,0.0,0.0
-1.0,0.06156154,-0.04909368,-1.0,0.0,0.0
-1.0,0.06156154,-0.04909368,-1.0,0.0,0.0
-1.0,0.07676598,0.01752134,-1.0,0.0,0.0
-1.0,0.07676598,-0.01752134,-1.0,0.0,0.0
3.291339,0.0,0.09679134,0.0,0.2225209,-0.9749279
3.987692,0.0,0.09679134,0.0,0.2225209,-0.9749279
3.987692,-0.04199619,0.08720598,0.0,0.2225209,-0.9749279
3.291339,0.04199619,0.08720598,-4.836647e-17,-0.2225209,-0.9749279
3.987692,0.04199619,0.08720598,-4.836647e-17,-0.2225209,-0.9749279
3.987692,0.0,0.09679134,-4.836647e-17,-0.2225209,-0.9749279
3.291339,0.0215381,0.09436458,-0.006925925,-0.3302711,-0.9438607
3.291339,0.04199619,0.08720598,-0.006925925,-0.3302711,-0.9438607
3.987692,0.0,0.09679134,-0.006925925,-0.3302711,-0.9438607
3.291339,0.0,0.09679134,0.0,-0.1119645,-0.9937122
3.291339,0.0215381,0.09436458,0.0,-0.1119645,-0.9937122
3.987692,0.0,0.09679134,0.0,-0.1119645,-0.9937122
3.291339,-0.04199619,0.08720598,-7.41604e-17,0.6234898,-0.7818315
3.987692,-0.04199619,0.08720598,-7.41604e-17,0.6234898,-0.7818315
3.987692,-0.07567452,0.06034841,-7.41604e-17,0.6234898,-0.7818315
3.291339,-0.0215381,0.09436458,-0.006925925,0.1119618,-0.9936884
3.291339,0.0,0.09679134,-0.006925925,0.1119618,-0.9936884
3.987692,-0.04199619,0.08720598,-0.006925925,0.1119618,-0.9936884
3.291339,-0.04199619,0.08720598,4.517166e-17,0.3302791,-0.9438833
3.291339,-0.0215381,0.09436458,4.517166e-17,0.3302791,-0.9438833
3.987692,-0.04199619,0.08720598,4.517166e-17,0.3302791,-0.9438833
3.291339,-0.07567452,0.06034841,-1.861731e-17,0.9009689,-0.4338837
3.987692,-0.07567452,0.06034841,-1.861731e-17,0.9009689,-0.4338837
3.987692,-0.09436458,0.0215381,-1.861731e-17,0.9009689,-0.4338837
3.291339,-0.06034841,0.07567452,-0.006925925,0.5320193,-0.8467039
3.291339,-0.04199619,0.08720598,-0.006925925,0.5320193,-0.8467039
3.987692,-0.07567452,0.06034841,-0.006925925,0.5320193,-0.8467039
3.291339,-0.07567452,0.06034841,5.317259e-29,0.7071068,-0.7071068
3.291339,-0.06034841,0.07567452,5.317259e-29,0.7071068,-0.7071068
3.987692,-0.07567452,0.06034841,5.317259e-29,0.7071068,-0.7071068
3.291339,-0.09436458,0.0215381,9.964622e-17,1.0,9.665051e-16
3.987692,-0.09436458,0.0215381,9.964622e-17,1.0,9.665051e-16
3.987692,-0.09436458,-0.0215381,9.964622e-17,1.0,9.665051e-16
3.291339,-0.08720598,0.04199619,-0.006925925,0.8467039,-0.5320193
3.291339,-0.07567452,0.06034841,-0.006925925,0.8467039,-0.5320193
3.987692,-0.09436458,0.0215381,-0.006925925,0.8467039,-0.5320193
3.291339,-0.09436458,0.0215381,-6.556424e-17,0.9438833,-0.3302791
3.291339,-0.08720598,0.04199619,-6.556424e-17,0.9438833,-0.3302791
3.987692,-0.09436458,0.0215381,-6.556424e-17,0.9438833,-0.3302791
3.291339,-0.09436458,-0.0215381,-5.488198e-17,0.9009689,0.4338837
3.987692,-0.09436458,-0.0215381,-5.488198e-17,0.9009689,0.4338837
3.987692,-0.07567452,-0.06034841,-5.488198e-17,0.9009689,0.4338837
3.291339,-0.09679134,-1.399407e-14,-0.006925925,0.9936884,-0.1119618
3.291339,-0.09436458,0.0215381,-0.006925925,0.9936884,-0.1119618
3.987692,-0.09436458,-0.0215381,-0.006925925,0.9936884,-0.1119618
3.291339,-0.09436458,-0.0215381,1.617851e-17,0.9937122,0.1119645
3.291339,-0.09679134,-1.399407e-14,1.617851e-17,0.9937122,0.1119645
3.987692,-0.09436458,-0.0215381,1.617851e-17,0.9937122,0.1119645
3.291339,-0.07567452,-0.06034841,6.271892e-17,0.6234898,0.7818315
3.987692,-0.07567452,-0.06034841,6.271892e-17,0.6234898,0.7818315
3.987692,-0.04199619,-0.08720598,6.271892e-17,0.6234898,0.7818315
3.291339,-0.08720598,-0.04199619,-0.006925925,0.9438607,0.3302711
3.291339,-0.09436458,-0.0215381,-0.006925925,0.9438607,0.3302711
3.987692,-0.07567452,-0.06034841,-0.006925925,0.9438607,0.3302711
3.291339,-0.07567452,-0.06034841,-4.150977e-17,0.8467242,0.5320321
3.291339,-0.08720598,-0.04199619,-4.150977e-17,0.8467242,0.5320321
3.987692,-0.07567452,-0.06034841,-4.150977e-17,0.8467242,0.5320321
3.291339,-0.04199619,-0.08720598,-8.226449e-17,0.2225209,0.9749279
3.987692,-0.04199619,-0.08720598,-8.226449e-17,0.2225209,0.9749279
3.987692,-1.185313e-17,-0.09679134,-8.226449e-17,0.2225209,0.9749279
3.291339,-0.06034841,-0.07567452,-0.006925925,0.7070898,0.7070898
3.291339,-0.07567452,-0.06034841,-0.006925925,0.7070898,0.7070898
3.987692,-0.04199619,-0.08720598,-0.006925925,0.7070898,0.7070898
3.291339,-0.04199619,-0.08720598,3.995287e-17,0.5320321,0.8467242
3.291339,-0.06034841,-0.07567452,3.995287e-17,0.5320321,0.8467242
3.987692,-0.04199619,-0.08720598,3.995287e-17,0.5320321,0.8467242
3.291339,-1.185313e-17,-0.09679134,0.0,-0.2225209,0.9749279
3.987692,-1.185313e-17,-0.09679134,0.0,-0.2225209,0.9749279
3.987692,0.04199619,-0.08720598,0.0,-0.2225209,0.9749279
3.291339,-0.0215381,-0.09436458,0.0,0.1119645,0.9937122
3.987692,-1.185313e-17,-0.09679134,0.0,0.1119645,0.9937122
3.291339,-1.185313e-17,-0.09679134,0.0,0.1119645,0.9937122
3.291339,-0.0215381,-0.09436458,-0.006925925,0.3302711,0.9438607
3.291339,-0.04199619,-0.08720598,-0.006925925,0.3302711,0.9438607
3.987692,-1.185313e-17,-0.09679134,-0.006925925,0.3302711,0.9438607
3.291339,0.04199619,-0.08720598,-2.169573e-17,-0.6234898,0.7818315
3.987692,0.04199619,-0.08720598,-2.169573e-17,-0.6234898,0.7818315
3.987692,0.07567452,-0.06034841,-2.169573e-17,-0.6234898,0.7818315
3.291339,0.0215381,-0.09436458,-0.006925925,-0.1119618,0.9936884
3.291339,-1.185313e-17,-0.09679134,-0.006925925,-0.1119618,0.9936884
3.987692,0.04199619,-0.08720598,-0.006925925,-0.1119618,0.9936884
3.291339,0.04199619,-0.08720598,-9.357548e-19,-0.3302791,0.9438833
3.291339,0.0215381,-0.09436458,-9.357548e-19,-0.3302791,0.9438833
3.987692,0.04199619,-0.08720598,-9.357548e-19,-0.3302791,0.9438833
3.291339,0.07567452,-0.06034841,-9.00864e-17,-0.9009689,0.4338837
3.987692,0.07567452,-0.06034841,-9.00864e-17,-0.9009689,0.4338837
3.987692,0.09436458,-0.0215381,-9.00864e-17,-0.9009689,0.4338837
3.291339,0.06034841,-0.07567452,-0.006925925,-0.5320193,0.8467039
3.291339,0.04199619,-0.08720598,-0.006925925,-0.5320193,0.8467039
3.987692,0.07567452,-0.06034841,-0.006925925,-0.5320193,0.8467039
3.291339,0.07567452,-0.06034841,3.523026e-17,-0.7071068,0.7071068
3.291339,0.06034841,-0.07567452,3.523026e-17,-0.7071068,0.7071068
3.987692,0.07567452,-0.06034841,3.523026e-17,-0.7071068,0.7071068
3.291339,0.09436458,-0.0215381,9.964622e-17,-1.0,-9.665051e-16
3.987692,0.09436458,-0.0215381,9.964622e-17,-1.0,-9.665051e-16
3.987692,0.09436458,0.0215381,9.964622e-17,-1.0,-9.665051e-16
3.291339,0.08720598,-0.04199619,-0.006925925,-0.8467039,0.5320193
3.291339,0.07567452,-0.06034841,-0.006925925,-0.8467039,0.5320193
3.987692,0.09436458,-0.0215381,-0.006925925,-0.8467039,0.5320193
3.291339,0.09436458,-0.0215381,-6.556424e-17,-0.9438833,0.3302791
3.291339,0.08720598,-0.04199619,-6.556424e-17,-0.9438833,0.3302791
3.987692,0.09436458,-0.0215381,-6.556424e-17,-0.9438833,0.3302791
3.291339,0.09436458,0.0215381,-4.989681e-17,-0.9009689,-0.4338837
3.987692,0.09436458,0.0215381,-4.989681e-17,-0.9009689,-0.4338837
3.987692,0.07567452,0.06034841,-4.989681e-17,-0.9009689,-0.4338837
3.291339,0.09679134,-1.401778e-14,-0.006925925,-0.9936884,0.1119618
3.291339,0.09436458,-0.0215381,-0.006925925,-0.9936884,0.1119618
3.987692,0.09436458,0.0215381,-0.006925925,-0.9936884,0.1119618
3.291339,0.09436458,0.0215381,3.263539e-17,-0.9937122,-0.1119645
3.291339,0.09679134,-1.401778e-14,3.263539e-17,-0.9937122,-0.1119645
3.987692,0.09436458,0.0215381,3.263539e-17,-0.9937122,-0.1119645
3.291339,0.07567452,0.06034841,-2.820383e-17,-0.6234898,-0.7818315
3.987692,0.07567452,0.06034841,-2.820383e-17,-0.6234898,-0.7818315
3.987692,0.04199619,0.08720598,-2.820383e-17,-0.6234898,-0.7818315
3.291339,0.08720598,0.04199619,-0.006925925,-0.9438607,-0.3302711
3.291339,0.09436458,0.0215381,-0.006925925,-0.9438607,-0.3302711
3.987692,0.07567452,0.06034841,-0.006925925,-0.9438607,-0.3302711
3.291339,0.07567452,0.06034841,1.448331e-17,-0.8467242,-0.5320321
3.291339,0.08720598,0.04199619,1.448331e-17,-0.8467242,-0.5320321
3.987692,0.07567452,0.06034841,1.448331e-17,-0.8467242,-0.5320321
3.291339,0.06034841,0.07567452,-0.006925925,-0.7070898,-0.7070898
3.291339,0.07567452,0.06034841,-0.006925925,-0.7070898,-0.7070898
3.987692,0.04199619,0.08720598,-0.006925925,-0.7070898,-0.7070898
3.291339,0.04199619,0.08720598,3.22601e-17,-0.5320321,-0.8467242
3.291339,0.06034841,0.07567452,3.22601e-17,-0.5320321,-0.8467242
3.987692,0.04199619,0.08720598,3.22601e-17,-0.5320321,-0.8467242
3.235456,0.0,-1.4e-14,0.8646544,-0.05624728,0.4992084
3.291339,-1.185313e-17,-0.09679134,0.8646544,-0.05624728,0.4992084
3.291339,0.0215381,-0.09436458,0.8646544,-0.05624728,0.4992084
3.235456,0.0,-1.4e-14,0.8646544,0.05624728,0.4992084
3.291339,-0.0215381,-0.09436458,0.8646544,0.05624728,0.4992084
3.291339,-1.185313e-17,-0.09679134,0.8646544,0.05624728,0.4992084
3.235456,0.0,-1.4e-14,0.8646544,-0.1659214,0.474176
3.291339,0.0215381,-0.09436458,0.8646544,-0.1659214,0.474176
3.291339,0.04199619,-0.08720598,0.8646544,-0.1659214,0.474176
3.235456,0.0,-1.4e-14,0.8646544,-0.2672755,0.4253665
3.291339,0.04199619,-0.08720598,0.8646544,-0.2672755,0.4253665
3.291339,0.06034841,-0.07567452,0.8646544,-0.2672755,0.4253665
3.235456,0.0,-1.4e-14,0.8646544,-0.3552273,0.3552273
3.291339,0.06034841,-0.07567452,0.8646544,-0.3552273,0.3552273
3.291339,0.07567452,-0.06034841,0.8646544,-0.3552273,0.3552273
3.235456,0.0,-1.4e-14,0.8646544,-0.4253665,0.2672755
3.291339,0.07567452,-0.06034841,0.8646544,-0.4253665,0.2672755
3.291339,0.08720598,-0.04199619,0.8646544,-0.4253665,0.2672755
3.235456,0.0,-1.4e-14,0.8646544,-0.474176,0.1659214
3.291339,0.08720598,-0.04199619,0.8646544,-0.474176,0.1659214
3.291339,0.09436458,-0.0215381,0.8646544,-0.474176,0.1659214
3.235456,0.0,-1.4e-14,0.8646544,-0.4992084,0.05624728
3.291339,0.09436458,-0.0215381,0.8646544,-0.4992084,0.05624728
3.291339,0.09679134,-1.401778e-14,0.8646544,-0.4992084,0.05624728
3.235456,0.0,-1.4e-14,0.8646544,-0.4992084,-0.05624728
3.291339,0.09679134,-1.401778e-14,0.8646544,-0.4992084,-0.05624728
3.291339,0.09436458,0.0215381,0.8646544,-0.4992084,-0.05624728
3.235456,0.0,-1.4e-14,0.8646544,-0.474176,-0.1659214
3.291339,0.09436458,0.0215381,0.8646544,-0.474176,-0.1659214
3.291339,0.08720598,0.04199619,0.8646544,-0.474176,-0.1659214
3.235456,0.0,-1.4e-14,0.8646544,-0.4253665,-0.2672755
3.291339,0.08720598,0.04199619,0.8646544,-0.4253665,-0.2672755
3.291339,0.07567452,0.06034841,0.8646544,-0.4253665,-0.2672755
3.235456,0.0,-1.4e-14,0.8646544,-0.3552273,-0.3552273
3.291339,0.07567452,0.06034841,0.8646544,-0.3552273,-0.3552273
3.291339,0.06034841,0.07567452,0.8646544,-0.3552273,-0.3552273
3.235456,0.0,-1.4e-14,0.8646544,-0.2672755,-0.4253665
3.291339,0.06034841,0.07567452,0.8646544,-0.2672755,-0.4253665
3.291339,0.04199619,0.08720598,0.8646544,-0.2672755,-0.4253665
3.235456,0.0,-1.4e-14,0.8646544,-0.1659214,-0.474176
3.291339,0.04199619,0.08720598,0.8646544,-0.1659214,-0.474176
3.291339,0.0215381,0.09436458,0.8646544,-0.1659214,-0.474176
3.235456,0.0,-1.4e-14,0.8646544,-0.05624728,-0.4992084
3.291339,0.0215381,0.09436458,0.8646544,-0.05624728,-0.4992084
3.291339,0.0,0.09679134,0.8646544,-0.05624728,-0.4992084
3.235456,0.0,-1.4e-14,0.8646544,0.05624728,-0.4992084
3.291339,0.0,0.09679134,0.8646544,0.05624728,-0.4992084
3.291339,-0.0215381,0.09436458,0.8646544,0.05624728,-0.4992084
3.235456,0.0,-1.4e-14,0.8646544,0.1659214,-0.474176
3.291339,-0.0215381,0.09436458,0.8646544,0.1659214,-0.474176
3.291339,-0.04199619,0.08720598,0.8646544,0.1659214,-0.474176
3.235456,0.0,-1.4e-14,0.8646544,0.2672755,-0.4253665
3.291339,-0.04199619,0.08720598,0.8646544,0.2672755,-0.4253665
3.291339,-0.06034841,0.07567452,0.8646544,0.2672755,-0.4253665
3.235456,0.0,-1.4e-14,0.8646544,0.3552273,-0.3552273
3.291339,-0.06034841,0.07567452,0.8646544,0.3552273,-0.3552273
3.291339,-0.07567452,0.06034841,0.8646544,0.3552273,-0.3552273
3.235456,0.0,-1.4e-14,0.8646544,0.4253665,-0.2672755
3.291339,-0.07567452,0.06034841,0.8646544,0.4253665,-0.2672755
3.291339,-0.08720598,0.04199619,0.8646544,0.4253665,-0.2672755
3.235456,0.0,-1.4e-14,0.8646544,0.474176,-0.1659214
3.291339,-0.08720598,0.04199619,0.8646544,0.474176,-0.1659214
3.291339,-0.09436458,0.0215381,0.8646544,0.474176,-0.1659214
3.235456,0.0,-1.4e-14,0.8646544,0.4992084,-0.05624728
3.291339,-0.09436458,0.0215381,0.8646544,0.4992084,-0.05624728
3.291339,-0.09679134,-1.399407e-14,0.8646544,0.4992084,-0.05624728
3.235456,0.0,-1.4e-14,0.8646544,0.4992084,0.05624728
3.291339,-0.09679134,-1.399407e-14,0.8646544,0.4992084,0.05624728
3.291339,-0.09436458,-0.0215381,0.8646544,0.4992084,0.05624728
3.235456,0.0,-1.4e-14,0.8646544,0.474176,0.1659214
3.291339,-0.09436458,-0.0215381,0.8646544,0.474176,0.1659214
3.291339,-0.08720598,-0.04199619,0.8646544,0.474176,0.1659214
3.235456,0.0,-1.4e-14,0.8646544,0.4253665,0.2672755
3.291339,-0.08720598,-0.04199619,0.8646544,0.4253665,0.2672755
3.291339,-0.07567452,-0.06034841,0.8646544,0.4253665,0.2672755
3.235456,0.0,-1.4e-14,0.8646544,0.3552273,0.3552273
3.291339,-0.07567452,-0.06034841,0.8646544,0.3552273,0.3552273
3.291339,-0.06034841,-0.07567452,0.8646544,0.3552273,0.3552273
3.235456,0.0,-1.4e-14,0.8646544,0.2672755,0.4253665
3.291339,-0.06034841,-0.07567452,0.8646544,0.2672755,0.4253665
3.291339,-0.04199619,-0.08720598,0.8646544,0.2672755,0.4253665
3.235456,0.0,-1.4e-14,0.8646544,0.1659214,0.474176
3.291339,-0.04199619,-0.08720598,0.8646544,0.1659214,0.474176
3.291339,-0.0215381,-0.09436458,0.8646544,0.1659214,0.474176
