27.6025,1500.0,158.746,0.0,1.0,0.0
34.2428,1500.0,175.271,0.0,1.0,0.0
43.5803,1500.0,190.436,0.0,1.0,0.0
23.0946,1500.0,123.544,0.0,1.0,0.0
23.8505,1500.0,141.337,0.0,1.0,0.0
232.15,1500.0,141.337,0.0,1.0,0.0
23.0946,1500.0,123.544,0.0,1.0,0.0
232.15,1500.0,141.337,0.0,1.0,0.0
25.3567,1500.0,105.879,0.0,1.0,0.0
25.3567,1500.0,105.879,0.0,1.0,0.0
232.15,1500.0,141.337,0.0,1.0,0.0
232.905,1500.0,123.544,0.0,1.0,0.0
25.3567,1500.0,105.879,0.0,1.0,0.0
232.905,1500.0,123.544,0.0,1.0,0.0
230.643,1500.0,105.879,0.0,1.0,0.0
43.5803,1500.0,190.436,0.0,1.0,0.0
55.3464,1500.0,203.805,0.0,1.0,0.0
154.458,1500.0,229.612,0.0,1.0,0.0
154.458,1500.0,229.612,0.0,1.0,0.0
55.3464,1500.0,203.805,0.0,1.0,0.0
69.2027,1500.0,214.994,0.0,1.0,0.0
23.8505,1500.0,141.337,0.0,1.0,0.0
27.6025,1500.0,158.746,0.0,1.0,0.0
232.15,1500.0,141.337,0.0,1.0,0.0
232.15,1500.0,141.337,0.0,1.0,0.0
27.6025,1500.0,158.746,0.0,1.0,0.0
43.5803,1500.0,190.436,0.0,1.0,0.0
232.15,1500.0,141.337,0.0,1.0,0.0
43.5803,1500.0,190.436,0.0,1.0,0.0
228.398,1500.0,158.746,0.0,1.0,0.0
228.398,1500.0,158.746,0.0,1.0,0.0
43.5803,1500.0,190.436,0.0,1.0,0.0
212.42,1500.0,190.436,0.0,1.0,0.0
228.398,1500.0,158.746,0.0,1.0,0.0
212.42,1500.0,190.436,0.0,1.0,0.0
221.757,1500.0,175.271,0.0,1.0,0.0
193.963,1500.0,46.3063,0.0,1.0,0.0
179.208,1500.0,36.3335,0.0,1.0,0.0
206.821,1500.0,58.6292,0.0,1.0,0.0
206.821,1500.0,58.6292,0.0,1.0,0.0
179.208,1500.0,36.3335,0.0,1.0,0.0
25.3567,1500.0,105.879,0.0,1.0,0.0
206.821,1500.0,58.6292,0.0,1.0,0.0
25.3567,1500.0,105.879,0.0,1.0,0.0
217.411,1500.0,72.9477,0.0,1.0,0.0
217.411,1500.0,72.9477,0.0,1.0,0.0
25.3567,1500.0,105.879,0.0,1.0,0.0
230.643,1500.0,105.879,0.0,1.0,0.0
217.411,1500.0,72.9477,0.0,1.0,0.0
230.643,1500.0,105.879,0.0,1.0,0.0
225.428,1500.0,88.8501,0.0,1.0,0.0
119.095,1500.0,232.622,0.0,1.0,0.0
136.905,1500.0,232.622,0.0,1.0,0.0
101.542,1500.0,229.612,0.0,1.0,0.0
101.542,1500.0,229.612,0.0,1.0,0.0
136.905,1500.0,232.622,0.0,1.0,0.0
154.458,1500.0,229.612,0.0,1.0,0.0
101.542,1500.0,229.612,0.0,1.0,0.0
154.458,1500.0,229.612,0.0,1.0,0.0
84.7504,1500.0,223.679,0.0,1.0,0.0
84.7504,1500.0,223.679,0.0,1.0,0.0
154.458,1500.0,229.612,0.0,1.0,0.0
69.2027,1500.0,214.994,0.0,1.0,0.0
110.255,1500.0,24.5103,0.0,1.0,0.0
93.0203,1500.0,28.9979,0.0,1.0,0.0
128.0,1500.0,23.0,0.0,1.0,0.0
128.0,1500.0,23.0,0.0,1.0,0.0
93.0203,1500.0,28.9979,0.0,1.0,0.0
76.792,1500.0,36.3335,0.0,1.0,0.0
128.0,1500.0,23.0,0.0,1.0,0.0
76.792,1500.0,36.3335,0.0,1.0,0.0
145.745,1500.0,24.5103,0.0,1.0,0.0
145.745,1500.0,24.5103,0.0,1.0,0.0
76.792,1500.0,36.3335,0.0,1.0,0.0
179.208,1500.0,36.3335,0.0,1.0,0.0
145.745,1500.0,24.5103,0.0,1.0,0.0
179.208,1500.0,36.3335,0.0,1.0,0.0
162.98,1500.0,28.9979,0.0,1.0,0.0
30.5717,1500.0,88.8501,0.0,1.0,0.0
25.3567,1500.0,105.879,0.0,1.0,0.0
38.5894,1500.0,72.9477,0.0,1.0,0.0
38.5894,1500.0,72.9477,0.0,1.0,0.0
25.3567,1500.0,105.879,0.0,1.0,0.0
179.208,1500.0,36.3335,0.0,1.0,0.0
38.5894,1500.0,72.9477,0.0,1.0,0.0
179.208,1500.0,36.3335,0.0,1.0,0.0
49.1794,1500.0,58.6292,0.0,1.0,0.0
49.1794,1500.0,58.6292,0.0,1.0,0.0
179.208,1500.0,36.3335,0.0,1.0,0.0
76.792,1500.0,36.3335,0.0,1.0,0.0
49.1794,1500.0,58.6292,0.0,1.0,0.0
76.792,1500.0,36.3335,0.0,1.0,0.0
62.0369,1500.0,46.3063,0.0,1.0,0.0
200.654,1500.0,203.805,0.0,1.0,0.0
212.42,1500.0,190.436,0.0,1.0,0.0
186.797,1500.0,214.994,0.0,1.0,0.0
186.797,1500.0,214.994,0.0,1.0,0.0
212.42,1500.0,190.436,0.0,1.0,0.0
43.5803,1500.0,190.436,0.0,1.0,0.0
186.797,1500.0,214.994,0.0,1.0,0.0
43.5803,1500.0,190.436,0.0,1.0,0.0
171.25,1500.0,223.679,0.0,1.0,0.0
171.25,1500.0,223.679,0.0,1.0,0.0
43.5803,1500.0,190.436,0.0,1.0,0.0
154.458,1500.0,229.612,0.0,1.0,0.0
149.125,1480.0,4.79802,0.178497,0.70583,-0.685524
145.745,1500.0,24.5103,0.178497,0.70583,-0.685524
169.642,1480.0,10.1403,0.178497,0.70583,-0.685524
169.642,1480.0,10.1403,0.178497,0.70583,-0.685524
145.745,1500.0,24.5103,0.178497,0.70583,-0.685524
162.98,1500.0,28.9979,0.178497,0.70583,-0.685524
169.642,1480.0,10.1403,0.291783,0.70583,-0.645498
162.98,1500.0,28.9979,0.291783,0.70583,-0.645498
188.962,1480.0,18.8732,0.291783,0.70583,-0.645498
188.962,1480.0,18.8732,0.291783,0.70583,-0.645498
162.98,1500.0,28.9979,0.291783,0.70583,-0.645498
179.208,1500.0,36.3335,0.291783,0.70583,-0.645498
188.962,1480.0,18.8732,0.396676,0.70583,-0.586901
179.208,1500.0,36.3335,0.396676,0.70583,-0.586901
206.527,1480.0,30.7455,0.396676,0.70583,-0.586901
206.527,1480.0,30.7455,0.396676,0.70583,-0.586901
179.208,1500.0,36.3335,0.396676,0.70583,-0.586901
193.963,1500.0,46.3063,0.396676,0.70583,-0.586901
206.527,1480.0,30.7455,0.490157,0.70583,-0.51142
193.963,1500.0,46.3063,0.490157,0.70583,-0.51142
221.834,1480.0,45.4157,0.490157,0.70583,-0.51142
221.834,1480.0,45.4157,0.490157,0.70583,-0.511421
193.963,1500.0,46.3063,0.490157,0.70583,-0.511421
206.821,1500.0,58.6292,0.490157,0.70583,-0.511421
221.834,1480.0,45.4157,0.569537,0.705829,-0.421228
206.821,1500.0,58.6292,0.569537,0.705829,-0.421228
234.441,1480.0,62.4616,0.569537,0.705829,-0.421228
234.441,1480.0,62.4616,0.569537,0.70583,-0.421227
206.821,1500.0,58.6292,0.569537,0.70583,-0.421227
217.411,1500.0,72.9477,0.569537,0.70583,-0.421227
234.441,1480.0,62.4616,0.632532,0.70583,-0.318916
217.411,1500.0,72.9477,0.632532,0.70583,-0.318916
243.986,1480.0,81.3929,0.632532,0.70583,-0.318916
243.986,1480.0,81.3929,0.632532,0.70583,-0.318915
217.411,1500.0,72.9477,0.632532,0.70583,-0.318915
225.428,1500.0,88.8501,0.632532,0.70583,-0.318915
243.986,1480.0,81.3929,0.677331,0.70583,-0.20743
225.428,1500.0,88.8501,0.677331,0.70583,-0.20743
250.194,1480.0,101.665,0.677331,0.70583,-0.20743
250.194,1480.0,101.665,0.677331,0.70583,-0.20743
225.428,1500.0,88.8501,0.677331,0.70583,-0.20743
230.643,1500.0,105.879,0.677331,0.70583,-0.20743
250.194,1480.0,101.665,0.702644,0.70583,-0.0899775
230.643,1500.0,105.879,0.702644,0.70583,-0.0899775
252.887,1480.0,122.695,0.702644,0.70583,-0.0899775
252.887,1480.0,122.695,0.702644,0.70583,-0.0899774
230.643,1500.0,105.879,0.702644,0.70583,-0.0899774
232.905,1500.0,123.544,0.702644,0.70583,-0.0899774
252.887,1480.0,122.695,0.707743,0.70583,0.0300639
232.905,1500.0,123.544,0.707743,0.70583,0.0300639
251.988,1480.0,143.877,0.707743,0.70583,0.0300639
251.988,1480.0,143.877,0.707743,0.70583,0.0300651
232.905,1500.0,123.544,0.707743,0.70583,0.0300651
232.15,1500.0,141.337,0.707743,0.70583,0.0300651
251.988,1480.0,143.877,0.692481,0.70583,0.149242
232.15,1500.0,141.337,0.692481,0.70583,0.149242
247.521,1480.0,164.603,0.692481,0.70583,0.149242
247.521,1480.0,164.603,0.692483,0.705829,0.14924
232.15,1500.0,141.337,0.692483,0.705829,0.14924
228.398,1500.0,158.746,0.692483,0.705829,0.14924
247.521,1480.0,164.603,0.6573,0.705829,0.264124
228.398,1500.0,158.746,0.6573,0.705829,0.264124
239.616,1480.0,184.275,0.6573,0.705829,0.264124
239.616,1480.0,184.275,0.657299,0.70583,0.264125
228.398,1500.0,158.746,0.657299,0.70583,0.264125
221.757,1500.0,175.271,0.657299,0.70583,0.264125
239.616,1480.0,184.275,0.603207,0.70583,0.371409
221.757,1500.0,175.271,0.603207,0.70583,0.371409
228.5,1480.0,202.329,0.603207,0.70583,0.371409
228.5,1480.0,202.329,0.603208,0.70583,0.371409
221.757,1500.0,175.271,0.603208,0.70583,0.371409
212.42,1500.0,190.436,0.603208,0.70583,0.371409
228.5,1480.0,202.329,0.531762,0.70583,0.46801
212.42,1500.0,190.436,0.531762,0.70583,0.46801
214.492,1480.0,218.245,0.531762,0.70583,0.46801
214.492,1480.0,218.245,0.531762,0.70583,0.46801
212.42,1500.0,190.436,0.531762,0.70583,0.46801
200.654,1500.0,203.805,0.531762,0.70583,0.46801
214.492,1480.0,218.245,0.445019,0.70583,0.551146
200.654,1500.0,203.805,0.445019,0.70583,0.551146
197.997,1480.0,231.564,0.445019,0.70583,0.551146
197.997,1480.0,231.564,0.445019,0.70583,0.551146
200.654,1500.0,203.805,0.445019,0.70583,0.551146
186.797,1500.0,214.994,0.445019,0.70583,0.551146
197.997,1480.0,231.564,0.345474,0.70583,0.618427
186.797,1500.0,214.994,0.345474,0.70583,0.618427
179.488,1480.0,241.904,0.345474,0.70583,0.618427
179.488,1480.0,241.904,0.345474,0.70583,0.618427
186.797,1500.0,214.994,0.345474,0.70583,0.618427
171.25,1500.0,223.679,0.345474,0.70583,0.618427
179.488,1480.0,241.904,0.23599,0.70583,0.667917
171.25,1500.0,223.679,0.23599,0.70583,0.667917
159.497,1480.0,248.967,0.23599,0.70583,0.667917
159.497,1480.0,248.967,0.23599,0.70583,0.667917
171.25,1500.0,223.679,0.23599,0.70583,0.667917
154.458,1500.0,229.612,0.23599,0.70583,0.667917
159.497,1480.0,248.967,0.119718,0.70583,0.698192
154.458,1500.0,229.612,0.119718,0.70583,0.698192
138.601,1480.0,252.55,0.119718,0.70583,0.698192
138.601,1480.0,252.55,0.119717,0.70583,0.698192
154.458,1500.0,229.612,0.119717,0.70583,0.698192
136.905,1500.0,232.622,0.119717,0.70583,0.698192
138.601,1480.0,252.55,0.0,0.70583,0.708381
136.905,1500.0,232.622,0.0,0.70583,0.708381
117.399,1480.0,252.55,0.0,0.70583,0.708381
117.399,1480.0,252.55,0.0,0.70583,0.708381
136.905,1500.0,232.622,0.0,0.70583,0.708381
119.095,1500.0,232.622,0.0,0.70583,0.708381
117.399,1480.0,252.55,-0.119718,0.70583,0.698192
119.095,1500.0,232.622,-0.119718,0.70583,0.698192
96.5028,1480.0,248.967,-0.119718,0.70583,0.698192
96.5028,1480.0,248.967,-0.119717,0.70583,0.698192
119.095,1500.0,232.622,-0.119717,0.70583,0.698192
101.542,1500.0,229.612,-0.119717,0.70583,0.698192
96.5028,1480.0,248.967,-0.23599,0.70583,0.667917
101.542,1500.0,229.612,-0.23599,0.70583,0.667917
76.5124,1480.0,241.904,-0.23599,0.70583,0.667917
76.5124,1480.0,241.904,-0.23599,0.70583,0.667917
101.542,1500.0,229.612,-0.23599,0.70583,0.667917
84.7504,1500.0,223.679,-0.23599,0.70583,0.667917
76.5124,1480.0,241.904,-0.345474,0.70583,0.618427
84.7504,1500.0,223.679,-0.345474,0.70583,0.618427
58.0032,1480.0,231.564,-0.345474,0.70583,0.618427
58.0032,1480.0,231.564,-0.345474,0.70583,0.618427
84.7504,1500.0,223.679,-0.345474,0.70583,0.618427
69.2027,1500.0,214.994,-0.345474,0.70583,0.618427
58.0032,1480.0,231.564,-0.445019,0.70583,0.551146
69.2027,1500.0,214.994,-0.445019,0.70583,0.551146
41.5076,1480.0,218.245,-0.445019,0.70583,0.551146
41.5076,1480.0,218.245,-0.445019,0.70583,0.551146
69.2027,1500.0,214.994,-0.445019,0.70583,0.551146
55.3464,1500.0,203.805,-0.445019,0.70583,0.551146
41.5076,1480.0,218.245,-0.531762,0.70583,0.46801
55.3464,1500.0,203.805,-0.531762,0.70583,0.46801
27.5004,1480.0,202.329,-0.531762,0.70583,0.46801
27.5004,1480.0,202.329,-0.531762,0.70583,0.468009
55.3464,1500.0,203.805,-0.531762,0.70583,0.468009
43.5803,1500.0,190.436,-0.531762,0.70583,0.468009
27.5004,1480.0,202.329,-0.603207,0.70583,0.371409
43.5803,1500.0,190.436,-0.603207,0.70583,0.371409
16.3843,1480.0,184.275,-0.603207,0.70583,0.371409
16.3843,1480.0,184.275,-0.603207,0.70583,0.37141
43.5803,1500.0,190.436,-0.603207,0.70583,0.37141
34.2428,1500.0,175.271,-0.603207,0.70583,0.37141
16.3843,1480.0,184.275,-0.657299,0.70583,0.264124
34.2428,1500.0,175.271,-0.657299,0.70583,0.264124
8.47916,1480.0,164.603,-0.657299,0.70583,0.264124
8.47916,1480.0,164.603,-0.657299,0.70583,0.264125
34.2428,1500.0,175.271,-0.657299,0.70583,0.264125
27.6025,1500.0,158.746,-0.657299,0.70583,0.264125
8.47916,1480.0,164.603,-0.692482,0.70583,0.149241
27.6025,1500.0,158.746,-0.692482,0.70583,0.149241
4.01245,1480.0,143.877,-0.692482,0.70583,0.149241
4.01245,1480.0,143.877,-0.692482,0.70583,0.149241
27.6025,1500.0,158.746,-0.692482,0.70583,0.149241
23.8505,1500.0,141.337,-0.692482,0.70583,0.149241
4.01245,1480.0,143.877,-0.707743,0.70583,0.0300645
23.8505,1500.0,141.337,-0.707743,0.70583,0.0300645
3.11264,1480.0,122.695,-0.707743,0.70583,0.0300645
3.11264,1480.0,122.695,-0.707743,0.70583,0.0300647
23.8505,1500.0,141.337,-0.707743,0.70583,0.0300647
23.0946,1500.0,123.544,-0.707743,0.70583,0.0300647
3.11264,1480.0,122.695,-0.702644,0.70583,-0.0899771
23.0946,1500.0,123.544,-0.702644,0.70583,-0.0899771
5.8056,1480.0,101.665,-0.702644,0.70583,-0.0899771
5.8056,1480.0,101.665,-0.702644,0.70583,-0.0899769
23.0946,1500.0,123.544,-0.702644,0.70583,-0.0899769
25.3567,1500.0,105.879,-0.702644,0.70583,-0.0899769
5.8056,1480.0,101.665,-0.677331,0.70583,-0.20743
25.3567,1500.0,105.879,-0.677331,0.70583,-0.20743
12.0139,1480.0,81.3929,-0.677331,0.70583,-0.20743
12.0139,1480.0,81.3929,-0.677331,0.70583,-0.207431
25.3567,1500.0,105.879,-0.677331,0.70583,-0.207431
30.5717,1500.0,88.8501,-0.677331,0.70583,-0.207431
12.0139,1480.0,81.3929,-0.632532,0.70583,-0.318916
30.5717,1500.0,88.8501,-0.632532,0.70583,-0.318916
21.5589,1480.0,62.4616,-0.632532,0.70583,-0.318916
21.5589,1480.0,62.4616,-0.632532,0.70583,-0.318916
30.5717,1500.0,88.8501,-0.632532,0.70583,-0.318916
38.5894,1500.0,72.9477,-0.632532,0.70583,-0.318916
21.5589,1480.0,62.4616,-0.569537,0.70583,-0.421227
38.5894,1500.0,72.9477,-0.569537,0.70583,-0.421227
34.166,1480.0,45.4157,-0.569537,0.70583,-0.421227
34.166,1480.0,45.4157,-0.569537,0.70583,-0.421227
38.5894,1500.0,72.9477,-0.569537,0.70583,-0.421227
49.1794,1500.0,58.6292,-0.569537,0.70583,-0.421227
34.166,1480.0,45.4157,-0.490157,0.70583,-0.51142
49.1794,1500.0,58.6292,-0.490157,0.70583,-0.51142
49.4725,1480.0,30.7455,-0.490157,0.70583,-0.51142
49.4725,1480.0,30.7455,-0.490157,0.70583,-0.51142
49.1794,1500.0,58.6292,-0.490157,0.70583,-0.51142
62.0369,1500.0,46.3063,-0.490157,0.70583,-0.51142
49.4725,1480.0,30.7455,-0.396676,0.70583,-0.586901
62.0369,1500.0,46.3063,-0.396676,0.70583,-0.586901
67.0381,1480.0,18.8732,-0.396676,0.70583,-0.586901
67.0381,1480.0,18.8732,-0.396676,0.70583,-0.586901
62.0369,1500.0,46.3063,-0.396676,0.70583,-0.586901
76.792,1500.0,36.3335,-0.396676,0.70583,-0.586901
67.0381,1480.0,18.8732,-0.291783,0.70583,-0.645498
76.792,1500.0,36.3335,-0.291783,0.70583,-0.645498
86.3575,1480.0,10.1403,-0.291783,0.70583,-0.645498
86.3575,1480.0,10.1403,-0.291783,0.70583,-0.645498
76.792,1500.0,36.3335,-0.291783,0.70583,-0.645498
93.0203,1500.0,28.9979,-0.291783,0.70583,-0.645498
86.3575,1480.0,10.1403,-0.178496,0.70583,-0.685524
93.0203,1500.0,28.9979,-0.178496,0.70583,-0.685524
106.875,1480.0,4.79802,-0.178496,0.70583,-0.685524
106.875,1480.0,4.79802,-0.178496,0.70583,-0.685524
93.0203,1500.0,28.9979,-0.178496,0.70583,-0.685524
110.255,1500.0,24.5103,-0.178496,0.70583,-0.685524
106.875,1480.0,4.79802,-0.060075,0.70583,-0.70583
110.255,1500.0,24.5103,-0.060075,0.70583,-0.70583
128.0,1480.0,3.00001,-0.060075,0.70583,-0.70583
128.0,1480.0,3.00001,-0.060075,0.70583,-0.70583
110.255,1500.0,24.5103,-0.060075,0.70583,-0.70583
128.0,1500.0,23.0,-0.060075,0.70583,-0.70583
128.0,1480.0,3.00001,0.0600749,0.70583,-0.70583
128.0,1500.0,23.0,0.0600749,0.70583,-0.70583
149.125,1480.0,4.79802,0.0600749,0.70583,-0.70583
149.125,1480.0,4.79802,0.0600749,0.70583,-0.70583
128.0,1500.0,23.0,0.0600749,0.70583,-0.70583
145.745,1500.0,24.5103,0.0600749,0.70583,-0.70583
149.125,875.0,4.79802,0.251978,0.0,-0.967733
149.125,1480.0,4.79802,0.251978,0.0,-0.967733
169.642,875.0,10.1403,0.251978,0.0,-0.967733
169.642,875.0,10.1403,0.251978,0.0,-0.967733
149.125,1480.0,4.79802,0.251978,0.0,-0.967733
169.642,1480.0,10.1403,0.251978,0.0,-0.967733
169.642,875.0,10.1403,0.411901,0.0,-0.911229
169.642,1480.0,10.1403,0.411901,0.0,-0.911229
188.962,875.0,18.8732,0.411901,0.0,-0.911229
188.962,875.0,18.8732,0.411901,0.0,-0.911229
169.642,1480.0,10.1403,0.411901,0.0,-0.911229
188.962,1480.0,18.8732,0.411901,0.0,-0.911229
188.962,875.0,18.8732,0.559975,0.0,-0.828509
188.962,1480.0,18.8732,0.559975,0.0,-0.828509
206.527,875.0,30.7455,0.559975,0.0,-0.828509
206.527,875.0,30.7455,0.559975,0.0,-0.828509
188.962,1480.0,18.8732,0.559975,0.0,-0.828509
206.527,1480.0,30.7455,0.559975,0.0,-0.828509
206.527,875.0,30.7455,0.691939,0.0,-0.721956
206.527,1480.0,30.7455,0.691939,0.0,-0.721956
221.834,875.0,45.4157,0.691939,0.0,-0.721956
221.834,875.0,45.4157,0.691939,0.0,-0.721956
206.527,1480.0,30.7455,0.691939,0.0,-0.721956
221.834,1480.0,45.4157,0.691939,0.0,-0.721956
221.834,875.0,45.4157,0.803997,0.0,-0.594633
221.834,1480.0,45.4157,0.803997,0.0,-0.594633
234.441,875.0,62.4616,0.803997,0.0,-0.594633
234.441,875.0,62.4616,0.803997,0.0,-0.594633
221.834,1480.0,45.4157,0.803997,0.0,-0.594633
234.441,1480.0,62.4616,0.803997,0.0,-0.594633
234.441,875.0,62.4616,0.892926,0.0,-0.450204
234.441,1480.0,62.4616,0.892926,0.0,-0.450204
243.986,875.0,81.3929,0.892926,0.0,-0.450204
243.986,875.0,81.3929,0.892926,0.0,-0.450204
234.441,1480.0,62.4616,0.892926,0.0,-0.450204
243.986,1480.0,81.3929,0.892926,0.0,-0.450204
243.986,875.0,81.3929,0.956167,0.0,-0.292822
243.986,1480.0,81.3929,0.956167,0.0,-0.292822
250.194,875.0,101.665,0.956167,0.0,-0.292822
250.194,875.0,101.665,0.956167,0.0,-0.292822
243.986,1480.0,81.3929,0.956167,0.0,-0.292822
250.194,1480.0,101.665,0.956167,0.0,-0.292822
250.194,875.0,101.665,0.9919,0.0,-0.127018
250.194,1480.0,101.665,0.9919,0.0,-0.127018
252.887,875.0,122.695,0.9919,0.0,-0.127018
252.887,875.0,122.695,0.9919,0.0,-0.127018
250.194,1480.0,101.665,0.9919,0.0,-0.127018
252.887,1480.0,122.695,0.9919,0.0,-0.127018
252.887,875.0,122.695,0.999099,0.0,0.0424402
252.887,1480.0,122.695,0.999099,0.0,0.0424402
251.988,875.0,143.877,0.999099,0.0,0.0424402
251.988,875.0,143.877,0.999099,0.0,0.0424402
252.887,1480.0,122.695,0.999099,0.0,0.0424402
251.988,1480.0,143.877,0.999099,0.0,0.0424402
251.988,875.0,143.877,0.977555,0.0,0.21068
251.988,1480.0,143.877,0.977555,0.0,0.21068
247.521,875.0,164.603,0.977555,0.0,0.21068
247.521,875.0,164.603,0.977555,0.0,0.21068
251.988,1480.0,143.877,0.977555,0.0,0.21068
247.521,1480.0,164.603,0.977555,0.0,0.21068
247.521,875.0,164.603,0.927889,0.0,0.372856
247.521,1480.0,164.603,0.927889,0.0,0.372856
239.616,875.0,184.275,0.927889,0.0,0.372856
239.616,875.0,184.275,0.927889,0.0,0.372856
247.521,1480.0,164.603,0.927889,0.0,0.372856
239.616,1480.0,184.275,0.927889,0.0,0.372856
239.616,875.0,184.275,0.851529,0.0,0.524307
239.616,1480.0,184.275,0.851529,0.0,0.524307
228.5,875.0,202.329,0.851529,0.0,0.524307
228.5,875.0,202.329,0.851529,0.0,0.524307
239.616,1480.0,184.275,0.851529,0.0,0.524307
228.5,1480.0,202.329,0.851529,0.0,0.524307
228.5,875.0,202.329,0.750672,0.0,0.660675
228.5,1480.0,202.329,0.750672,0.0,0.660675
214.492,875.0,218.245,0.750672,0.0,0.660675
214.492,875.0,218.245,0.750672,0.0,0.660675
228.5,1480.0,202.329,0.750672,0.0,0.660675
214.492,1480.0,218.245,0.750672,0.0,0.660675
214.492,875.0,218.245,0.62822,0.0,0.778036
214.492,1480.0,218.245,0.62822,0.0,0.778036
197.997,875.0,231.564,0.62822,0.0,0.778036
197.997,875.0,231.564,0.62822,0.0,0.778036
214.492,1480.0,218.245,0.62822,0.0,0.778036
197.997,1480.0,231.564,0.62822,0.0,0.778036
197.997,875.0,231.564,0.487695,0.0,0.873014
197.997,1480.0,231.564,0.487695,0.0,0.873014
179.488,875.0,241.904,0.487695,0.0,0.873014
179.488,875.0,241.904,0.487695,0.0,0.873014
197.997,1480.0,231.564,0.487695,0.0,0.873014
179.488,1480.0,241.904,0.487695,0.0,0.873014
179.488,875.0,241.904,0.333139,0.0,0.942878
179.488,1480.0,241.904,0.333139,0.0,0.942878
159.497,875.0,248.967,0.333139,0.0,0.942878
159.497,875.0,248.967,0.333139,0.0,0.942878
179.488,1480.0,241.904,0.333139,0.0,0.942878
159.497,1480.0,248.967,0.333139,0.0,0.942878
159.497,875.0,248.967,0.169002,0.0,0.985616
159.497,1480.0,248.967,0.169002,0.0,0.985616
138.601,875.0,252.55,0.169002,0.0,0.985616
138.601,875.0,252.55,0.169002,0.0,0.985616
159.497,1480.0,248.967,0.169002,0.0,0.985616
138.601,1480.0,252.55,0.169002,0.0,0.985616
138.601,875.0,252.55,0.0,0.0,1.0
138.601,1480.0,252.55,0.0,0.0,1.0
117.399,875.0,252.55,0.0,0.0,1.0
117.399,875.0,252.55,0.0,0.0,1.0
138.601,1480.0,252.55,0.0,0.0,1.0
117.399,1480.0,252.55,0.0,0.0,1.0
117.399,875.0,252.55,-0.169002,0.0,0.985616
117.399,1480.0,252.55,-0.169002,0.0,0.985616
96.5028,875.0,248.967,-0.169002,0.0,0.985616
96.5028,875.0,248.967,-0.169002,0.0,0.985616
117.399,1480.0,252.55,-0.169002,0.0,0.985616
96.5028,1480.0,248.967,-0.169002,0.0,0.985616
96.5028,875.0,248.967,-0.333139,0.0,0.942878
96.5028,1480.0,248.967,-0.333139,0.0,0.942878
76.5124,875.0,241.904,-0.333139,0.0,0.942878
76.5124,875.0,241.904,-0.333139,0.0,0.942878
96.5028,1480.0,248.967,-0.333139,0.0,0.942878
76.5124,1480.0,241.904,-0.333139,0.0,0.942878
76.5124,875.0,241.904,-0.487695,0.0,0.873014
76.5124,1480.0,241.904,-0.487695,0.0,0.873014
58.0032,875.0,231.564,-0.487695,0.0,0.873014
58.0032,875.0,231.564,-0.487695,0.0,0.873014
76.5124,1480.0,241.904,-0.487695,0.0,0.873014
58.0032,1480.0,231.564,-0.487695,0.0,0.873014
58.0032,875.0,231.564,-0.62822,0.0,0.778036
58.0032,1480.0,231.564,-0.62822,0.0,0.778036
41.5076,875.0,218.245,-0.62822,0.0,0.778036
41.5076,875.0,218.245,-0.62822,0.0,0.778036
58.0032,1480.0,231.564,-0.62822,0.0,0.778036
41.5076,1480.0,218.245,-0.62822,0.0,0.778036
41.5076,875.0,218.245,-0.750672,0.0,0.660675
41.5076,1480.0,218.245,-0.750672,0.0,0.660675
27.5004,875.0,202.329,-0.750672,0.0,0.660675
27.5004,875.0,202.329,-0.750672,0.0,0.660675
41.5076,1480.0,218.245,-0.750672,0.0,0.660675
27.5004,1480.0,202.329,-0.750672,0.0,0.660675
27.5004,875.0,202.329,-0.851529,0.0,0.524307
27.5004,1480.0,202.329,-0.851529,0.0,0.524307
16.3843,875.0,184.275,-0.851529,0.0,0.524307
16.3843,875.0,184.275,-0.851529,0.0,0.524307
27.5004,1480.0,202.329,-0.851529,0.0,0.524307
16.3843,1480.0,184.275,-0.851529,0.0,0.524307
16.3843,875.0,184.275,-0.927889,0.0,0.372856
16.3843,1480.0,184.275,-0.927889,0.0,0.372856
8.47916,875.0,164.603,-0.927889,0.0,0.372856
8.47916,875.0,164.603,-0.927889,0.0,0.372856
16.3843,1480.0,184.275,-0.927889,0.0,0.372856
8.47916,1480.0,164.603,-0.927889,0.0,0.372856
8.47916,875.0,164.603,-0.977555,0.0,0.210679
8.47916,1480.0,164.603,-0.977555,0.0,0.210679
4.01245,875.0,143.877,-0.977555,0.0,0.210679
4.01245,875.0,143.877,-0.977555,0.0,0.210679
8.47916,1480.0,164.603,-0.977555,0.0,0.210679
4.01245,1480.0,143.877,-0.977555,0.0,0.210679
4.01245,875.0,143.877,-0.999099,0.0,0.0424411
4.01245,1480.0,143.877,-0.999099,0.0,0.0424411
3.11264,875.0,122.695,-0.999099,0.0,0.0424411
3.11264,875.0,122.695,-0.999099,0.0,0.0424411
4.01245,1480.0,143.877,-0.999099,0.0,0.0424411
3.11264,1480.0,122.695,-0.999099,0.0,0.0424411
3.11264,875.0,122.695,-0.9919,0.0,-0.127018
3.11264,1480.0,122.695,-0.9919,0.0,-0.127018
5.8056,875.0,101.665,-0.9919,0.0,-0.127018
5.8056,875.0,101.665,-0.9919,0.0,-0.127018
3.11264,1480.0,122.695,-0.9919,0.0,-0.127018
5.8056,1480.0,101.665,-0.9919,0.0,-0.127018
5.8056,875.0,101.665,-0.956167,0.0,-0.292823
5.8056,1480.0,101.665,-0.956167,0.0,-0.292823
12.0139,875.0,81.3929,-0.956167,0.0,-0.292823
12.0139,875.0,81.3929,-0.956167,0.0,-0.292823
5.8056,1480.0,101.665,-0.956167,0.0,-0.292823
12.0139,1480.0,81.3929,-0.956167,0.0,-0.292823
12.0139,875.0,81.3929,-0.892926,0.0,-0.450204
12.0139,1480.0,81.3929,-0.892926,0.0,-0.450204
21.5589,875.0,62.4616,-0.892926,0.0,-0.450204
21.5589,875.0,62.4616,-0.892926,0.0,-0.450204
12.0139,1480.0,81.3929,-0.892926,0.0,-0.450204
21.5589,1480.0,62.4616,-0.892926,0.0,-0.450204
21.5589,875.0,62.4616,-0.803997,0.0,-0.594633
21.5589,1480.0,62.4616,-0.803997,0.0,-0.594633
34.166,875.0,45.4157,-0.803997,0.0,-0.594633
34.166,875.0,45.4157,-0.803997,0.0,-0.594633
21.5589,1480.0,62.4616,-0.803997,0.0,-0.594633
34.166,1480.0,45.4157,-0.803997,0.0,-0.594633
34.166,875.0,45.4157,-0.691939,0.0,-0.721956
34.166,1480.0,45.4157,-0.691939,0.0,-0.721956
49.4725,875.0,30.7455,-0.691939,0.0,-0.721956
49.4725,875.0,30.7455,-0.691939,0.0,-0.721956
34.166,1480.0,45.4157,-0.691939,0.0,-0.721956
49.4725,1480.0,30.7455,-0.691939,0.0,-0.721956
49.4725,875.0,30.7455,-0.559975,0.0,-0.82851
49.4725,1480.0,30.7455,-0.559975,0.0,-0.82851
67.0381,875.0,18.8732,-0.559975,0.0,-0.82851
67.0381,875.0,18.8732,-0.559975,0.0,-0.82851
49.4725,1480.0,30.7455,-0.559975,0.0,-0.82851
67.0381,1480.0,18.8732,-0.559975,0.0,-0.82851
67.0381,875.0,18.8732,-0.411901,0.0,-0.911228
67.0381,1480.0,18.8732,-0.411901,0.0,-0.911228
86.3575,875.0,10.1403,-0.411901,0.0,-0.911228
86.3575,875.0,10.1403,-0.411901,0.0,-0.911228
67.0381,1480.0,18.8732,-0.411901,0.0,-0.911228
86.3575,1480.0,10.1403,-0.411901,0.0,-0.911228
86.3575,875.0,10.1403,-0.251978,0.0,-0.967733
86.3575,1480.0,10.1403,-0.251978,0.0,-0.967733
106.875,875.0,4.79802,-0.251978,0.0,-0.967733
106.875,875.0,4.79802,-0.251978,0.0,-0.967733
86.3575,1480.0,10.1403,-0.251978,0.0,-0.967733
106.875,1480.0,4.79802,-0.251978,0.0,-0.967733
106.875,875.0,4.79802,-0.084806,0.0,-0.996397
106.875,1480.0,4.79802,-0.084806,0.0,-0.996397
128.0,875.0,3.00001,-0.084806,0.0,-0.996397
128.0,875.0,3.00001,-0.084806,0.0,-0.996397
106.875,1480.0,4.79802,-0.084806,0.0,-0.996397
128.0,1480.0,3.00001,-0.084806,0.0,-0.996397
128.0,875.0,3.00001,0.0848059,0.0,-0.996397
128.0,1480.0,3.00001,0.0848059,0.0,-0.996397
149.125,875.0,4.79802,0.0848059,0.0,-0.996397
149.125,875.0,4.79802,0.0848059,0.0,-0.996397
128.0,1480.0,3.00001,0.0848059,0.0,-0.996397
149.125,1480.0,4.79802,0.0848059,0.0,-0.996397
4.01245,875.0,143.877,0.0,1.0,0.0
1.03675,875.0,144.258,0.0,1.0,0.0
8.47916,875.0,164.603,0.0,1.0,0.0
8.47916,875.0,164.603,0.0,1.0,0.0
1.03675,875.0,144.258,0.0,1.0,0.0
5.61067,875.0,165.481,0.0,1.0,0.0
8.47916,875.0,164.603,0.0,1.0,0.0
5.61067,875.0,165.481,0.0,1.0,0.0
16.3843,875.0,184.275,0.0,1.0,0.0
16.3843,875.0,184.275,0.0,1.0,0.0
5.61067,875.0,165.481,0.0,1.0,0.0
13.7055,875.0,185.626,0.0,1.0,0.0
16.3843,875.0,184.275,0.0,1.0,0.0
13.7055,875.0,185.626,0.0,1.0,0.0
27.5004,875.0,202.329,0.0,1.0,0.0
27.5004,875.0,202.329,0.0,1.0,0.0
13.7055,875.0,185.626,0.0,1.0,0.0
25.0884,875.0,204.113,0.0,1.0,0.0
27.5004,875.0,202.329,0.0,1.0,0.0
25.0884,875.0,204.113,0.0,1.0,0.0
41.5076,875.0,218.245,0.0,1.0,0.0
41.5076,875.0,218.245,0.0,1.0,0.0
25.0884,875.0,204.113,0.0,1.0,0.0
39.4318,875.0,220.41,0.0,1.0,0.0
41.5076,875.0,218.245,0.0,1.0,0.0
39.4318,875.0,220.41,0.0,1.0,0.0
58.0032,875.0,231.564,0.0,1.0,0.0
58.0032,875.0,231.564,0.0,1.0,0.0
39.4318,875.0,220.41,0.0,1.0,0.0
56.3232,875.0,234.049,0.0,1.0,0.0
58.0032,875.0,231.564,0.0,1.0,0.0
56.3232,875.0,234.049,0.0,1.0,0.0
76.5124,875.0,241.904,0.0,1.0,0.0
76.5124,875.0,241.904,0.0,1.0,0.0
56.3232,875.0,234.049,0.0,1.0,0.0
75.2766,875.0,244.637,0.0,1.0,0.0
76.5124,875.0,241.904,0.0,1.0,0.0
75.2766,875.0,244.637,0.0,1.0,0.0
96.5028,875.0,248.967,0.0,1.0,0.0
96.5028,875.0,248.967,0.0,1.0,0.0
75.2766,875.0,244.637,0.0,1.0,0.0
95.7468,875.0,251.87,0.0,1.0,0.0
96.5028,875.0,248.967,0.0,1.0,0.0
95.7468,875.0,251.87,0.0,1.0,0.0
117.399,875.0,252.55,0.0,1.0,0.0
117.399,875.0,252.55,0.0,1.0,0.0
95.7468,875.0,251.87,0.0,1.0,0.0
117.145,875.0,255.539,0.0,1.0,0.0
117.399,875.0,252.55,0.0,1.0,0.0
117.145,875.0,255.539,0.0,1.0,0.0
138.601,875.0,252.55,0.0,1.0,0.0
138.601,875.0,252.55,0.0,1.0,0.0
117.145,875.0,255.539,0.0,1.0,0.0
138.855,875.0,255.539,0.0,1.0,0.0
138.601,875.0,252.55,0.0,1.0,0.0
138.855,875.0,255.539,0.0,1.0,0.0
159.497,875.0,248.967,0.0,1.0,0.0
159.497,875.0,248.967,0.0,1.0,0.0
138.855,875.0,255.539,0.0,1.0,0.0
160.253,875.0,251.87,0.0,1.0,0.0
159.497,875.0,248.967,0.0,1.0,0.0
160.253,875.0,251.87,0.0,1.0,0.0
179.488,875.0,241.904,0.0,1.0,0.0
179.488,875.0,241.904,0.0,1.0,0.0
160.253,875.0,251.87,0.0,1.0,0.0
180.723,875.0,244.637,0.0,1.0,0.0
179.488,875.0,241.904,0.0,1.0,0.0
180.723,875.0,244.637,0.0,1.0,0.0
197.997,875.0,231.564,0.0,1.0,0.0
197.997,875.0,231.564,0.0,1.0,0.0
180.723,875.0,244.637,0.0,1.0,0.0
199.677,875.0,234.049,0.0,1.0,0.0
197.997,875.0,231.564,0.0,1.0,0.0
199.677,875.0,234.049,0.0,1.0,0.0
214.492,875.0,218.245,0.0,1.0,0.0
214.492,875.0,218.245,0.0,1.0,0.0
199.677,875.0,234.049,0.0,1.0,0.0
216.568,875.0,220.41,0.0,1.0,0.0
214.492,875.0,218.245,0.0,1.0,0.0
216.568,875.0,220.41,0.0,1.0,0.0
228.5,875.0,202.329,0.0,1.0,0.0
228.5,875.0,202.329,0.0,1.0,0.0
216.568,875.0,220.41,0.0,1.0,0.0
230.912,875.0,204.113,0.0,1.0,0.0
228.5,875.0,202.329,0.0,1.0,0.0
230.912,875.0,204.113,0.0,1.0,0.0
239.616,875.0,184.275,0.0,1.0,0.0
239.616,875.0,184.275,0.0,1.0,0.0
230.912,875.0,204.113,0.0,1.0,0.0
242.295,875.0,185.626,0.0,1.0,0.0
239.616,875.0,184.275,0.0,1.0,0.0
242.295,875.0,185.626,0.0,1.0,0.0
247.521,875.0,164.603,0.0,1.0,0.0
247.521,875.0,164.603,0.0,1.0,0.0
242.295,875.0,185.626,0.0,1.0,0.0
250.389,875.0,165.481,0.0,1.0,0.0
247.521,875.0,164.603,0.0,1.0,0.0
250.389,875.0,165.481,0.0,1.0,0.0
251.988,875.0,143.877,0.0,1.0,0.0
251.988,875.0,143.877,0.0,1.0,0.0
250.389,875.0,165.481,0.0,1.0,0.0
254.963,875.0,144.258,0.0,1.0,0.0
251.988,875.0,143.877,0.0,1.0,0.0
254.963,875.0,144.258,0.0,1.0,0.0
252.887,875.0,122.695,0.0,1.0,0.0
252.887,875.0,122.695,0.0,1.0,0.0
254.963,875.0,144.258,0.0,1.0,0.0
255.885,875.0,122.568,0.0,1.0,0.0
252.887,875.0,122.695,0.0,1.0,0.0
255.885,875.0,122.568,0.0,1.0,0.0
250.194,875.0,101.665,0.0,1.0,0.0
250.194,875.0,101.665,0.0,1.0,0.0
255.885,875.0,122.568,0.0,1.0,0.0
253.127,875.0,101.033,0.0,1.0,0.0
250.194,875.0,101.665,0.0,1.0,0.0
253.127,875.0,101.033,0.0,1.0,0.0
243.986,875.0,81.3929,0.0,1.0,0.0
243.986,875.0,81.3929,0.0,1.0,0.0
253.127,875.0,101.033,0.0,1.0,0.0
246.77,875.0,80.2744,0.0,1.0,0.0
243.986,875.0,81.3929,0.0,1.0,0.0
246.77,875.0,80.2744,0.0,1.0,0.0
234.441,875.0,62.4616,0.0,1.0,0.0
234.441,875.0,62.4616,0.0,1.0,0.0
246.77,875.0,80.2744,0.0,1.0,0.0
236.996,875.0,60.8887,0.0,1.0,0.0
234.441,875.0,62.4616,0.0,1.0,0.0
236.996,875.0,60.8887,0.0,1.0,0.0
221.834,875.0,45.4157,0.0,1.0,0.0
221.834,875.0,45.4157,0.0,1.0,0.0
236.996,875.0,60.8887,0.0,1.0,0.0
224.086,875.0,43.4336,0.0,1.0,0.0
221.834,875.0,45.4157,0.0,1.0,0.0
224.086,875.0,43.4336,0.0,1.0,0.0
206.527,875.0,30.7455,0.0,1.0,0.0
206.527,875.0,30.7455,0.0,1.0,0.0
224.086,875.0,43.4336,0.0,1.0,0.0
208.412,875.0,28.4114,0.0,1.0,0.0
206.527,875.0,30.7455,0.0,1.0,0.0
208.412,875.0,28.4114,0.0,1.0,0.0
188.962,875.0,18.8732,0.0,1.0,0.0
188.962,875.0,18.8732,0.0,1.0,0.0
208.412,875.0,28.4114,0.0,1.0,0.0
190.425,875.0,16.2542,0.0,1.0,0.0
188.962,875.0,18.8732,0.0,1.0,0.0
190.425,875.0,16.2542,0.0,1.0,0.0
169.642,875.0,10.1403,0.0,1.0,0.0
169.642,875.0,10.1403,0.0,1.0,0.0
190.425,875.0,16.2542,0.0,1.0,0.0
170.642,875.0,7.31169,0.0,1.0,0.0
169.642,875.0,10.1403,0.0,1.0,0.0
170.642,875.0,7.31169,0.0,1.0,0.0
149.125,875.0,4.79802,0.0,1.0,0.0
149.125,875.0,4.79802,0.0,1.0,0.0
170.642,875.0,7.31169,0.0,1.0,0.0
149.632,875.0,1.84117,0.0,1.0,0.0
149.125,875.0,4.79802,0.0,1.0,0.0
149.632,875.0,1.84117,0.0,1.0,0.0
128.0,875.0,3.00001,0.0,1.0,0.0
128.0,875.0,3.00001,0.0,1.0,0.0
149.632,875.0,1.84117,0.0,1.0,0.0
128.0,875.0,0.0,0.0,1.0,0.0
128.0,875.0,3.00001,0.0,1.0,0.0
128.0,875.0,0.0,0.0,1.0,0.0
106.875,875.0,4.79802,0.0,1.0,0.0
106.875,875.0,4.79802,0.0,1.0,0.0
128.0,875.0,0.0,0.0,1.0,0.0
106.368,875.0,1.84117,0.0,1.0,0.0
106.875,875.0,4.79802,0.0,1.0,0.0
106.368,875.0,1.84117,0.0,1.0,0.0
86.3575,875.0,10.1403,0.0,1.0,0.0
86.3575,875.0,10.1403,0.0,1.0,0.0
106.368,875.0,1.84117,0.0,1.0,0.0
85.3581,875.0,7.31169,0.0,1.0,0.0
86.3575,875.0,10.1403,0.0,1.0,0.0
85.3581,875.0,7.31169,0.0,1.0,0.0
67.0381,875.0,18.8732,0.0,1.0,0.0
67.0381,875.0,18.8732,0.0,1.0,0.0
85.3581,875.0,7.31169,0.0,1.0,0.0
65.5751,875.0,16.2542,0.0,1.0,0.0
67.0381,875.0,18.8732,0.0,1.0,0.0
65.5751,875.0,16.2542,0.0,1.0,0.0
49.4725,875.0,30.7455,0.0,1.0,0.0
49.4725,875.0,30.7455,0.0,1.0,0.0
65.5751,875.0,16.2542,0.0,1.0,0.0
47.5878,875.0,28.4114,0.0,1.0,0.0
49.4725,875.0,30.7455,0.0,1.0,0.0
47.5878,875.0,28.4114,0.0,1.0,0.0
34.166,875.0,45.4157,0.0,1.0,0.0
34.166,875.0,45.4157,0.0,1.0,0.0
47.5878,875.0,28.4114,0.0,1.0,0.0
31.914,875.0,43.4336,0.0,1.0,0.0
34.166,875.0,45.4157,0.0,1.0,0.0
31.914,875.0,43.4336,0.0,1.0,0.0
21.5589,875.0,62.4616,0.0,1.0,0.0
21.5589,875.0,62.4616,0.0,1.0,0.0
31.914,875.0,43.4336,0.0,1.0,0.0
19.0043,875.0,60.8887,0.0,1.0,0.0
21.5589,875.0,62.4616,0.0,1.0,0.0
19.0043,875.0,60.8887,0.0,1.0,0.0
12.0139,875.0,81.3929,0.0,1.0,0.0
12.0139,875.0,81.3929,0.0,1.0,0.0
19.0043,875.0,60.8887,0.0,1.0,0.0
9.23021,875.0,80.2744,0.0,1.0,0.0
12.0139,875.0,81.3929,0.0,1.0,0.0
9.23021,875.0,80.2744,0.0,1.0,0.0
5.8056,875.0,101.665,0.0,1.0,0.0
5.8056,875.0,101.665,0.0,1.0,0.0
9.23021,875.0,80.2744,0.0,1.0,0.0
2.87293,875.0,101.033,0.0,1.0,0.0
5.8056,875.0,101.665,0.0,1.0,0.0
2.87293,875.0,101.033,0.0,1.0,0.0
3.11264,875.0,122.695,0.0,1.0,0.0
3.11264,875.0,122.695,0.0,1.0,0.0
2.87293,875.0,101.033,0.0,1.0,0.0
0.115335,875.0,122.568,0.0,1.0,0.0
3.11264,875.0,122.695,0.0,1.0,0.0
0.115335,875.0,122.568,0.0,1.0,0.0
4.01245,875.0,143.877,0.0,1.0,0.0
4.01245,875.0,143.877,0.0,1.0,0.0
0.115335,875.0,122.568,0.0,1.0,0.0
1.03675,875.0,144.258,0.0,1.0,0.0
27.6025,0.0,97.2536,0.0,-1.0,0.0
34.2428,0.0,80.7286,0.0,-1.0,0.0
43.5803,0.0,65.5635,0.0,-1.0,0.0
23.0946,0.0,132.456,0.0,-1.0,0.0
23.8505,0.0,114.663,0.0,-1.0,0.0
232.15,0.0,114.663,0.0,-1.0,0.0
23.0946,0.0,132.456,0.0,-1.0,0.0
232.15,0.0,114.663,0.0,-1.0,0.0
25.3567,0.0,150.121,0.0,-1.0,0.0
25.3567,0.0,150.121,0.0,-1.0,0.0
232.15,0.0,114.663,0.0,-1.0,0.0
232.905,0.0,132.456,0.0,-1.0,0.0
25.3567,0.0,150.121,0.0,-1.0,0.0
232.905,0.0,132.456,0.0,-1.0,0.0
230.643,0.0,150.121,0.0,-1.0,0.0
43.5803,0.0,65.5635,0.0,-1.0,0.0
55.3464,0.0,52.1946,0.0,-1.0,0.0
154.458,0.0,26.3881,0.0,-1.0,0.0
154.458,0.0,26.3881,0.0,-1.0,0.0
55.3464,0.0,52.1946,0.0,-1.0,0.0
69.2027,0.0,41.0065,0.0,-1.0,0.0
23.8505,0.0,114.663,0.0,-1.0,0.0
27.6025,0.0,97.2536,0.0,-1.0,0.0
232.15,0.0,114.663,0.0,-1.0,0.0
232.15,0.0,114.663,0.0,-1.0,0.0
27.6025,0.0,97.2536,0.0,-1.0,0.0
43.5803,0.0,65.5635,0.0,-1.0,0.0
232.15,0.0,114.663,0.0,-1.0,0.0
43.5803,0.0,65.5635,0.0,-1.0,0.0
228.398,0.0,97.2536,0.0,-1.0,0.0
228.398,0.0,97.2536,0.0,-1.0,0.0
43.5803,0.0,65.5635,0.0,-1.0,0.0
212.42,0.0,65.5635,0.0,-1.0,0.0
228.398,0.0,97.2536,0.0,-1.0,0.0
212.42,0.0,65.5635,0.0,-1.0,0.0
221.757,0.0,80.7286,0.0,-1.0,0.0
193.963,0.0,209.694,0.0,-1.0,0.0
179.208,0.0,219.666,0.0,-1.0,0.0
206.821,0.0,197.371,0.0,-1.0,0.0
206.821,0.0,197.371,0.0,-1.0,0.0
179.208,0.0,219.666,0.0,-1.0,0.0
25.3567,0.0,150.121,0.0,-1.0,0.0
206.821,0.0,197.371,0.0,-1.0,0.0
25.3567,0.0,150.121,0.0,-1.0,0.0
217.411,0.0,183.052,0.0,-1.0,0.0
217.411,0.0,183.052,0.0,-1.0,0.0
25.3567,0.0,150.121,0.0,-1.0,0.0
230.643,0.0,150.121,0.0,-1.0,0.0
217.411,0.0,183.052,0.0,-1.0,0.0
230.643,0.0,150.121,0.0,-1.0,0.0
225.428,0.0,167.15,0.0,-1.0,0.0
119.095,0.0,23.3783,0.0,-1.0,0.0
136.905,0.0,23.3783,0.0,-1.0,0.0
101.542,0.0,26.3881,0.0,-1.0,0.0
101.542,0.0,26.3881,0.0,-1.0,0.0
136.905,0.0,23.3783,0.0,-1.0,0.0
154.458,0.0,26.3881,0.0,-1.0,0.0
101.542,0.0,26.3881,0.0,-1.0,0.0
154.458,0.0,26.3881,0.0,-1.0,0.0
84.7504,0.0,32.321,0.0,-1.0,0.0
84.7504,0.0,32.321,0.0,-1.0,0.0
154.458,0.0,26.3881,0.0,-1.0,0.0
69.2027,0.0,41.0065,0.0,-1.0,0.0
110.255,0.0,231.49,0.0,-1.0,0.0
93.0203,0.0,227.002,0.0,-1.0,0.0
128.0,0.0,233.0,0.0,-1.0,0.0
128.0,0.0,233.0,0.0,-1.0,0.0
93.0203,0.0,227.002,0.0,-1.0,0.0
76.792,0.0,219.666,0.0,-1.0,0.0
128.0,0.0,233.0,0.0,-1.0,0.0
76.792,0.0,219.666,0.0,-1.0,0.0
145.745,0.0,231.49,0.0,-1.0,0.0
145.745,0.0,231.49,0.0,-1.0,0.0
76.792,0.0,219.666,0.0,-1.0,0.0
179.208,0.0,219.666,0.0,-1.0,0.0
145.745,0.0,231.49,0.0,-1.0,0.0
179.208,0.0,219.666,0.0,-1.0,0.0
162.98,0.0,227.002,0.0,-1.0,0.0
30.5717,0.0,167.15,0.0,-1.0,0.0
25.3567,0.0,150.121,0.0,-1.0,0.0
38.5894,0.0,183.052,0.0,-1.0,0.0
38.5894,0.0,183.052,0.0,-1.0,0.0
25.3567,0.0,150.121,0.0,-1.0,0.0
179.208,0.0,219.666,0.0,-1.0,0.0
38.5894,0.0,183.052,0.0,-1.0,0.0
179.208,0.0,219.666,0.0,-1.0,0.0
49.1794,0.0,197.371,0.0,-1.0,0.0
49.1794,0.0,197.371,0.0,-1.0,0.0
179.208,0.0,219.666,0.0,-1.0,0.0
76.792,0.0,219.666,0.0,-1.0,0.0
49.1794,0.0,197.371,0.0,-1.0,0.0
76.792,0.0,219.666,0.0,-1.0,0.0
62.0369,0.0,209.694,0.0,-1.0,0.0
200.654,0.0,52.1946,0.0,-1.0,0.0
212.42,0.0,65.5635,0.0,-1.0,0.0
186.797,0.0,41.0065,0.0,-1.0,0.0
186.797,0.0,41.0065,0.0,-1.0,0.0
212.42,0.0,65.5635,0.0,-1.0,0.0
43.5803,0.0,65.5635,0.0,-1.0,0.0
186.797,0.0,41.0065,0.0,-1.0,0.0
43.5803,0.0,65.5635,0.0,-1.0,0.0
171.25,0.0,32.321,0.0,-1.0,0.0
171.25,0.0,32.321,0.0,-1.0,0.0
43.5803,0.0,65.5635,0.0,-1.0,0.0
154.458,0.0,26.3881,0.0,-1.0,0.0
149.632,625.0,1.84117,0.251978,0.0,-0.967733
149.632,875.0,1.84117,0.251978,0.0,-0.967733
170.642,625.0,7.31169,0.251978,0.0,-0.967733
170.642,625.0,7.31169,0.251978,0.0,-0.967733
149.632,875.0,1.84117,0.251978,0.0,-0.967733
170.642,875.0,7.31169,0.251978,0.0,-0.967733
170.642,625.0,7.31169,0.411901,0.0,-0.911228
170.642,875.0,7.31169,0.411901,0.0,-0.911228
190.425,625.0,16.2542,0.411901,0.0,-0.911228
190.425,625.0,16.2542,0.411901,0.0,-0.911228
170.642,875.0,7.31169,0.411901,0.0,-0.911228
190.425,875.0,16.2542,0.411901,0.0,-0.911228
190.425,625.0,16.2542,0.559975,0.0,-0.82851
190.425,875.0,16.2542,0.559975,0.0,-0.82851
208.412,625.0,28.4114,0.559975,0.0,-0.82851
208.412,625.0,28.4114,0.559975,0.0,-0.82851
190.425,875.0,16.2542,0.559975,0.0,-0.82851
208.412,875.0,28.4114,0.559975,0.0,-0.82851
208.412,625.0,28.4114,0.691939,0.0,-0.721956
208.412,875.0,28.4114,0.691939,0.0,-0.721956
224.086,625.0,43.4336,0.691939,0.0,-0.721956
224.086,625.0,43.4336,0.691939,0.0,-0.721956
208.412,875.0,28.4114,0.691939,0.0,-0.721956
224.086,875.0,43.4336,0.691939,0.0,-0.721956
224.086,625.0,43.4336,0.803997,0.0,-0.594633
224.086,875.0,43.4336,0.803997,0.0,-0.594633
236.996,625.0,60.8887,0.803997,0.0,-0.594633
236.996,625.0,60.8887,0.803997,0.0,-0.594633
224.086,875.0,43.4336,0.803997,0.0,-0.594633
236.996,875.0,60.8887,0.803997,0.0,-0.594633
236.996,625.0,60.8887,0.892926,0.0,-0.450204
236.996,875.0,60.8887,0.892926,0.0,-0.450204
246.77,625.0,80.2744,0.892926,0.0,-0.450204
246.77,625.0,80.2744,0.892926,0.0,-0.450204
236.996,875.0,60.8887,0.892926,0.0,-0.450204
246.77,875.0,80.2744,0.892926,0.0,-0.450204
246.77,625.0,80.2744,0.956166,0.0,-0.292824
246.77,875.0,80.2744,0.956166,0.0,-0.292824
253.127,625.0,101.033,0.956166,0.0,-0.292824
253.127,625.0,101.033,0.956166,0.0,-0.292824
246.77,875.0,80.2744,0.956166,0.0,-0.292824
253.127,875.0,101.033,0.956166,0.0,-0.292824
253.127,625.0,101.033,0.991901,0.0,-0.127016
253.127,875.0,101.033,0.991901,0.0,-0.127016
255.885,625.0,122.568,0.991901,0.0,-0.127016
255.885,625.0,122.568,0.991901,0.0,-0.127016
253.127,875.0,101.033,0.991901,0.0,-0.127016
255.885,875.0,122.568,0.991901,0.0,-0.127016
255.885,625.0,122.568,0.999099,0.0,0.0424408
255.885,875.0,122.568,0.999099,0.0,0.0424408
254.963,625.0,144.258,0.999099,0.0,0.0424408
254.963,625.0,144.258,0.999099,0.0,0.0424408
255.885,875.0,122.568,0.999099,0.0,0.0424408
254.963,875.0,144.258,0.999099,0.0,0.0424408
254.963,625.0,144.258,0.977555,0.0,0.21068
254.963,875.0,144.258,0.977555,0.0,0.21068
250.389,625.0,165.481,0.977555,0.0,0.21068
250.389,625.0,165.481,0.977555,0.0,0.21068
254.963,875.0,144.258,0.977555,0.0,0.21068
250.389,875.0,165.481,0.977555,0.0,0.21068
250.389,625.0,165.481,0.927889,0.0,0.372856
250.389,875.0,165.481,0.927889,0.0,0.372856
242.295,625.0,185.626,0.927889,0.0,0.372856
242.295,625.0,185.626,0.927889,0.0,0.372856
250.389,875.0,165.481,0.927889,0.0,0.372856
242.295,875.0,185.626,0.927889,0.0,0.372856
242.295,625.0,185.626,0.851529,0.0,0.524308
242.295,875.0,185.626,0.851529,0.0,0.524308
230.912,625.0,204.113,0.851529,0.0,0.524308
230.912,625.0,204.113,0.851529,0.0,0.524308
242.295,875.0,185.626,0.851529,0.0,0.524308
230.912,875.0,204.113,0.851529,0.0,0.524308
230.912,625.0,204.113,0.750672,0.0,0.660675
230.912,875.0,204.113,0.750672,0.0,0.660675
216.568,625.0,220.41,0.750672,0.0,0.660675
216.568,625.0,220.41,0.750672,0.0,0.660675
230.912,875.0,204.113,0.750672,0.0,0.660675
216.568,875.0,220.41,0.750672,0.0,0.660675
216.568,625.0,220.41,0.62822,0.0,0.778035
216.568,875.0,220.41,0.62822,0.0,0.778035
199.677,625.0,234.049,0.62822,0.0,0.778035
199.677,625.0,234.049,0.62822,0.0,0.778035
216.568,875.0,220.41,0.62822,0.0,0.778035
199.677,875.0,234.049,0.62822,0.0,0.778035
199.677,625.0,234.049,0.487695,0.0,0.873014
199.677,875.0,234.049,0.487695,0.0,0.873014
180.723,625.0,244.637,0.487695,0.0,0.873014
180.723,625.0,244.637,0.487695,0.0,0.873014
199.677,875.0,234.049,0.487695,0.0,0.873014
180.723,875.0,244.637,0.487695,0.0,0.873014
180.723,625.0,244.637,0.33314,0.0,0.942877
180.723,875.0,244.637,0.33314,0.0,0.942877
160.253,625.0,251.87,0.33314,0.0,0.942877
160.253,625.0,251.87,0.33314,0.0,0.942877
180.723,875.0,244.637,0.33314,0.0,0.942877
160.253,875.0,251.87,0.33314,0.0,0.942877
160.253,625.0,251.87,0.169,0.0,0.985616
160.253,875.0,251.87,0.169,0.0,0.985616
138.855,625.0,255.539,0.169,0.0,0.985616
138.855,625.0,255.539,0.169,0.0,0.985616
160.253,875.0,251.87,0.169,0.0,0.985616
138.855,875.0,255.539,0.169,0.0,0.985616
138.855,625.0,255.539,0.0,0.0,1.0
138.855,875.0,255.539,0.0,0.0,1.0
117.145,625.0,255.539,0.0,0.0,1.0
117.145,625.0,255.539,0.0,0.0,1.0
138.855,875.0,255.539,0.0,0.0,1.0
117.145,875.0,255.539,0.0,0.0,1.0
117.145,625.0,255.539,-0.169,0.0,0.985616
117.145,875.0,255.539,-0.169,0.0,0.985616
95.7468,625.0,251.87,-0.169,0.0,0.985616
95.7468,625.0,251.87,-0.169,0.0,0.985616
117.145,875.0,255.539,-0.169,0.0,0.985616
95.7468,875.0,251.87,-0.169,0.0,0.985616
95.7468,625.0,251.87,-0.33314,0.0,0.942877
95.7468,875.0,251.87,-0.33314,0.0,0.942877
75.2766,625.0,244.637,-0.33314,0.0,0.942877
75.2766,625.0,244.637,-0.33314,0.0,0.942877
95.7468,875.0,251.87,-0.33314,0.0,0.942877
75.2766,875.0,244.637,-0.33314,0.0,0.942877
75.2766,625.0,244.637,-0.487696,0.0,0.873014
75.2766,875.0,244.637,-0.487696,0.0,0.873014
56.3232,625.0,234.049,-0.487696,0.0,0.873014
56.3232,625.0,234.049,-0.487696,0.0,0.873014
75.2766,875.0,244.637,-0.487696,0.0,0.873014
56.3232,875.0,234.049,-0.487696,0.0,0.873014
56.3232,625.0,234.049,-0.62822,0.0,0.778036
56.3232,875.0,234.049,-0.62822,0.0,0.778036
39.4318,625.0,220.41,-0.62822,0.0,0.778036
39.4318,625.0,220.41,-0.62822,0.0,0.778036
56.3232,875.0,234.049,-0.62822,0.0,0.778036
39.4318,875.0,220.41,-0.62822,0.0,0.778036
39.4318,625.0,220.41,-0.750672,0.0,0.660675
39.4318,875.0,220.41,-0.750672,0.0,0.660675
25.0884,625.0,204.113,-0.750672,0.0,0.660675
25.0884,625.0,204.113,-0.750672,0.0,0.660675
39.4318,875.0,220.41,-0.750672,0.0,0.660675
25.0884,875.0,204.113,-0.750672,0.0,0.660675
25.0884,625.0,204.113,-0.851529,0.0,0.524307
25.0884,875.0,204.113,-0.851529,0.0,0.524307
13.7055,625.0,185.626,-0.851529,0.0,0.524307
13.7055,625.0,185.626,-0.851529,0.0,0.524307
25.0884,875.0,204.113,-0.851529,0.0,0.524307
13.7055,875.0,185.626,-0.851529,0.0,0.524307
13.7055,625.0,185.626,-0.927889,0.0,0.372857
13.7055,875.0,185.626,-0.927889,0.0,0.372857
5.61067,625.0,165.481,-0.927889,0.0,0.372857
5.61067,625.0,165.481,-0.927889,0.0,0.372857
13.7055,875.0,185.626,-0.927889,0.0,0.372857
5.61067,875.0,165.481,-0.927889,0.0,0.372857
5.61067,625.0,165.481,-0.977555,0.0,0.210679
5.61067,875.0,165.481,-0.977555,0.0,0.210679
1.03675,625.0,144.258,-0.977555,0.0,0.210679
1.03675,625.0,144.258,-0.977555,0.0,0.210679
5.61067,875.0,165.481,-0.977555,0.0,0.210679
1.03675,875.0,144.258,-0.977555,0.0,0.210679
1.03675,625.0,144.258,-0.999099,0.0,0.0424413
1.03675,875.0,144.258,-0.999099,0.0,0.0424413
0.115335,625.0,122.568,-0.999099,0.0,0.0424413
0.115335,625.0,122.568,-0.999099,0.0,0.0424413
1.03675,875.0,144.258,-0.999099,0.0,0.0424413
0.115335,875.0,122.568,-0.999099,0.0,0.0424413
0.115335,625.0,122.568,-0.9919,0.0,-0.127018
0.115335,875.0,122.568,-0.9919,0.0,-0.127018
2.87293,625.0,101.033,-0.9919,0.0,-0.127018
2.87293,625.0,101.033,-0.9919,0.0,-0.127018
0.115335,875.0,122.568,-0.9919,0.0,-0.127018
2.87293,875.0,101.033,-0.9919,0.0,-0.127018
2.87293,625.0,101.033,-0.956167,0.0,-0.292823
2.87293,875.0,101.033,-0.956167,0.0,-0.292823
9.23021,625.0,80.2744,-0.956167,0.0,-0.292823
9.23021,625.0,80.2744,-0.956167,0.0,-0.292823
2.87293,875.0,101.033,-0.956167,0.0,-0.292823
9.23021,875.0,80.2744,-0.956167,0.0,-0.292823
9.23021,625.0,80.2744,-0.892926,0.0,-0.450204
9.23021,875.0,80.2744,-0.892926,0.0,-0.450204
19.0043,625.0,60.8887,-0.892926,0.0,-0.450204
19.0043,625.0,60.8887,-0.892926,0.0,-0.450204
9.23021,875.0,80.2744,-0.892926,0.0,-0.450204
19.0043,875.0,60.8887,-0.892926,0.0,-0.450204
19.0043,625.0,60.8887,-0.803997,0.0,-0.594633
19.0043,875.0,60.8887,-0.803997,0.0,-0.594633
31.914,625.0,43.4336,-0.803997,0.0,-0.594633
31.914,625.0,43.4336,-0.803997,0.0,-0.594633
19.0043,875.0,60.8887,-0.803997,0.0,-0.594633
31.914,875.0,43.4336,-0.803997,0.0,-0.594633
31.914,625.0,43.4336,-0.691939,0.0,-0.721956
31.914,875.0,43.4336,-0.691939,0.0,-0.721956
47.5878,625.0,28.4114,-0.691939,0.0,-0.721956
47.5878,625.0,28.4114,-0.691939,0.0,-0.721956
31.914,875.0,43.4336,-0.691939,0.0,-0.721956
47.5878,875.0,28.4114,-0.691939,0.0,-0.721956
47.5878,625.0,28.4114,-0.559975,0.0,-0.82851
47.5878,875.0,28.4114,-0.559975,0.0,-0.82851
65.5751,625.0,16.2542,-0.559975,0.0,-0.82851
65.5751,625.0,16.2542,-0.559975,0.0,-0.82851
47.5878,875.0,28.4114,-0.559975,0.0,-0.82851
65.5751,875.0,16.2542,-0.559975,0.0,-0.82851
65.5751,625.0,16.2542,-0.411901,0.0,-0.911229
65.5751,875.0,16.2542,-0.411901,0.0,-0.911229
85.3581,625.0,7.31169,-0.411901,0.0,-0.911229
85.3581,625.0,7.31169,-0.411901,0.0,-0.911229
65.5751,875.0,16.2542,-0.411901,0.0,-0.911229
85.3581,875.0,7.31169,-0.411901,0.0,-0.911229
85.3581,625.0,7.31169,-0.251978,0.0,-0.967733
85.3581,875.0,7.31169,-0.251978,0.0,-0.967733
106.368,625.0,1.84117,-0.251978,0.0,-0.967733
106.368,625.0,1.84117,-0.251978,0.0,-0.967733
85.3581,875.0,7.31169,-0.251978,0.0,-0.967733
106.368,875.0,1.84117,-0.251978,0.0,-0.967733
106.368,625.0,1.84117,-0.0848064,0.0,-0.996397
106.368,875.0,1.84117,-0.0848064,0.0,-0.996397
128.0,625.0,0.0,-0.0848064,0.0,-0.996397
128.0,625.0,0.0,-0.0848064,0.0,-0.996397
106.368,875.0,1.84117,-0.0848064,0.0,-0.996397
128.0,875.0,0.0,-0.0848064,0.0,-0.996397
128.0,625.0,0.0,0.0848063,0.0,-0.996397
128.0,875.0,0.0,0.0848063,0.0,-0.996397
149.632,625.0,1.84117,0.0848063,0.0,-0.996397
149.632,625.0,1.84117,0.0848063,0.0,-0.996397
128.0,875.0,0.0,0.0848063,0.0,-0.996397
149.632,875.0,1.84117,0.0848063,0.0,-0.996397
110.255,0.0,231.49,-0.0600756,-0.70583,0.705829
128.0,0.0,233.0,-0.0600756,-0.70583,0.705829
117.437,20.0,252.101,-0.0600756,-0.70583,0.705829
117.437,20.0,252.101,-0.0600757,-0.70583,0.705829
106.875,20.0,251.202,-0.0600757,-0.70583,0.705829
110.255,0.0,231.49,-0.0600757,-0.70583,0.705829
110.255,0.0,231.49,-0.178496,-0.70583,0.685524
106.875,20.0,251.202,-0.178496,-0.70583,0.685524
96.6162,20.0,248.531,-0.178496,-0.70583,0.685524
110.255,0.0,231.49,-0.178496,-0.70583,0.685524
96.6162,20.0,248.531,-0.178496,-0.70583,0.685524
93.0203,0.0,227.002,-0.178496,-0.70583,0.685524
96.6162,20.0,248.531,-0.178497,-0.70583,0.685524
86.3575,20.0,245.86,-0.178497,-0.70583,0.685524
93.0203,0.0,227.002,-0.178497,-0.70583,0.685524
93.0203,0.0,227.002,-0.291783,-0.70583,0.645497
86.3575,20.0,245.86,-0.291783,-0.70583,0.645497
76.6978,20.0,241.493,-0.291783,-0.70583,0.645497
93.0203,0.0,227.002,-0.291783,-0.70583,0.645497
76.6978,20.0,241.493,-0.291783,-0.70583,0.645497
76.792,0.0,219.666,-0.291783,-0.70583,0.645497
76.6978,20.0,241.493,-0.291783,-0.70583,0.645497
67.0381,20.0,237.127,-0.291783,-0.70583,0.645497
76.792,0.0,219.666,-0.291783,-0.70583,0.645497
76.792,0.0,219.666,-0.396675,-0.70583,0.586901
67.0381,20.0,237.127,-0.396675,-0.70583,0.586901
58.2553,20.0,231.191,-0.396675,-0.70583,0.586901
76.792,0.0,219.666,-0.396675,-0.70583,0.586901
58.2553,20.0,231.191,-0.396675,-0.70583,0.586901
62.0369,0.0,209.694,-0.396675,-0.70583,0.586901
58.2553,20.0,231.191,-0.396676,-0.70583,0.5869
49.4725,20.0,225.254,-0.396676,-0.70583,0.5869
62.0369,0.0,209.694,-0.396676,-0.70583,0.5869
62.0369,0.0,209.694,-0.490157,-0.70583,0.51142
49.4725,20.0,225.254,-0.490157,-0.70583,0.51142
41.8192,20.0,217.919,-0.490157,-0.70583,0.51142
62.0369,0.0,209.694,-0.490156,-0.70583,0.51142
41.8192,20.0,217.919,-0.490156,-0.70583,0.51142
49.1794,0.0,197.371,-0.490156,-0.70583,0.51142
41.8192,20.0,217.919,-0.490157,-0.70583,0.51142
34.166,20.0,210.584,-0.490157,-0.70583,0.51142
49.1794,0.0,197.371,-0.490157,-0.70583,0.51142
49.1794,0.0,197.371,-0.569536,-0.70583,0.421228
34.166,20.0,210.584,-0.569536,-0.70583,0.421228
27.8624,20.0,202.061,-0.569536,-0.70583,0.421228
49.1794,0.0,197.371,-0.569536,-0.70583,0.421227
27.8624,20.0,202.061,-0.569536,-0.70583,0.421227
38.5894,0.0,183.052,-0.569536,-0.70583,0.421227
27.8624,20.0,202.061,-0.569537,-0.70583,0.421227
21.5589,20.0,193.538,-0.569537,-0.70583,0.421227
38.5894,0.0,183.052,-0.569537,-0.70583,0.421227
38.5894,0.0,183.052,-0.632532,-0.70583,0.318916
21.5589,20.0,193.538,-0.632532,-0.70583,0.318916
16.7864,20.0,184.073,-0.632532,-0.70583,0.318916
38.5894,0.0,183.052,-0.632532,-0.70583,0.318916
16.7864,20.0,184.073,-0.632532,-0.70583,0.318916
30.5717,0.0,167.15,-0.632532,-0.70583,0.318916
16.7864,20.0,184.073,-0.632532,-0.70583,0.318916
12.0139,20.0,174.607,-0.632532,-0.70583,0.318916
30.5717,0.0,167.15,-0.632532,-0.70583,0.318916
30.5717,0.0,167.15,-0.677331,-0.70583,0.20743
12.0139,20.0,174.607,-0.677331,-0.70583,0.20743
8.90974,20.0,164.471,-0.677331,-0.70583,0.20743
30.5717,0.0,167.15,-0.677331,-0.70583,0.207431
8.90974,20.0,164.471,-0.677331,-0.70583,0.207431
25.3567,0.0,150.121,-0.677331,-0.70583,0.207431
8.90974,20.0,164.471,-0.677331,-0.70583,0.20743
5.8056,20.0,154.335,-0.677331,-0.70583,0.20743
25.3567,0.0,150.121,-0.677331,-0.70583,0.20743
25.3567,0.0,150.121,-0.702644,-0.70583,0.0899771
5.8056,20.0,154.335,-0.702644,-0.70583,0.0899771
4.45912,20.0,143.82,-0.702644,-0.70583,0.0899771
25.3567,0.0,150.121,-0.702644,-0.70583,0.0899768
4.45912,20.0,143.82,-0.702644,-0.70583,0.0899768
23.0946,0.0,132.456,-0.702644,-0.70583,0.0899768
4.45912,20.0,143.82,-0.702644,-0.70583,0.0899771
3.11264,20.0,133.305,-0.702644,-0.70583,0.0899771
23.0946,0.0,132.456,-0.702644,-0.70583,0.0899771
23.0946,0.0,132.456,-0.707743,-0.70583,-0.0300642
3.11264,20.0,133.305,-0.707743,-0.70583,-0.0300642
3.56254,20.0,122.714,-0.707743,-0.70583,-0.0300642
23.0946,0.0,132.456,-0.707743,-0.70583,-0.0300646
3.56254,20.0,122.714,-0.707743,-0.70583,-0.0300646
23.8505,0.0,114.663,-0.707743,-0.70583,-0.0300646
3.56254,20.0,122.714,-0.707743,-0.70583,-0.0300647
4.01245,20.0,112.123,-0.707743,-0.70583,-0.0300647
23.8505,0.0,114.663,-0.707743,-0.70583,-0.0300647
23.8505,0.0,114.663,-0.692482,-0.70583,-0.149241
4.01245,20.0,112.123,-0.692482,-0.70583,-0.149241
6.24581,20.0,101.76,-0.692482,-0.70583,-0.149241
23.8505,0.0,114.663,-0.692482,-0.70583,-0.149241
6.24581,20.0,101.76,-0.692482,-0.70583,-0.149241
27.6025,0.0,97.2536,-0.692482,-0.70583,-0.149241
6.24581,20.0,101.76,-0.692482,-0.70583,-0.149241
8.47916,20.0,91.3972,-0.692482,-0.70583,-0.149241
27.6025,0.0,97.2536,-0.692482,-0.70583,-0.149241
27.6025,0.0,97.2536,-0.657299,-0.70583,-0.264125
8.47916,20.0,91.3972,-0.657299,-0.70583,-0.264125
12.4317,20.0,81.5609,-0.657299,-0.70583,-0.264125
27.6025,0.0,97.2536,-0.657299,-0.70583,-0.264125
12.4317,20.0,81.5609,-0.657299,-0.70583,-0.264125
34.2428,0.0,80.7286,-0.657299,-0.70583,-0.264125
12.4317,20.0,81.5609,-0.657299,-0.70583,-0.264124
16.3843,20.0,71.7245,-0.657299,-0.70583,-0.264124
34.2428,0.0,80.7286,-0.657299,-0.70583,-0.264124
34.2428,0.0,80.7286,-0.603207,-0.70583,-0.37141
16.3843,20.0,71.7245,-0.603207,-0.70583,-0.37141
21.9423,20.0,62.6977,-0.603207,-0.70583,-0.37141
34.2428,0.0,80.7286,-0.603207,-0.70583,-0.371409
21.9423,20.0,62.6977,-0.603207,-0.70583,-0.371409
43.5803,0.0,65.5635,-0.603207,-0.70583,-0.371409
21.9423,20.0,62.6977,-0.603207,-0.70583,-0.371409
27.5004,20.0,53.6709,-0.603207,-0.70583,-0.371409
43.5803,0.0,65.5635,-0.603207,-0.70583,-0.371409
43.5803,0.0,65.5635,-0.531762,-0.70583,-0.46801
27.5004,20.0,53.6709,-0.531762,-0.70583,-0.46801
34.504,20.0,45.7132,-0.531762,-0.70583,-0.46801
43.5803,0.0,65.5635,-0.531762,-0.70583,-0.46801
34.504,20.0,45.7132,-0.531762,-0.70583,-0.46801
55.3464,0.0,52.1946,-0.531762,-0.70583,-0.46801
34.504,20.0,45.7132,-0.531762,-0.70583,-0.46801
41.5076,20.0,37.7555,-0.531762,-0.70583,-0.46801
55.3464,0.0,52.1946,-0.531762,-0.70583,-0.46801
55.3464,0.0,52.1946,-0.445019,-0.70583,-0.551146
41.5076,20.0,37.7555,-0.445019,-0.70583,-0.551146
49.7554,20.0,31.0959,-0.445019,-0.70583,-0.551146
55.3464,0.0,52.1946,-0.445019,-0.70583,-0.551146
49.7554,20.0,31.0959,-0.445019,-0.70583,-0.551146
69.2027,0.0,41.0065,-0.445019,-0.70583,-0.551146
49.7554,20.0,31.0959,-0.445019,-0.70583,-0.551146
58.0032,20.0,24.4363,-0.445019,-0.70583,-0.551146
69.2027,0.0,41.0065,-0.445019,-0.70583,-0.551146
69.2027,0.0,41.0065,-0.345474,-0.70583,-0.618427
58.0032,20.0,24.4363,-0.345474,-0.70583,-0.618427
67.2578,20.0,19.2664,-0.345474,-0.70583,-0.618427
69.2027,0.0,41.0065,-0.345474,-0.70583,-0.618427
67.2578,20.0,19.2664,-0.345474,-0.70583,-0.618427
84.7504,0.0,32.321,-0.345474,-0.70583,-0.618427
67.2578,20.0,19.2664,-0.345474,-0.70583,-0.618427
76.5124,20.0,14.0964,-0.345474,-0.70583,-0.618427
84.7504,0.0,32.321,-0.345474,-0.70583,-0.618427
84.7504,0.0,32.321,-0.23599,-0.70583,-0.667917
76.5124,20.0,14.0964,-0.23599,-0.70583,-0.667917
86.5075,20.0,10.5649,-0.23599,-0.70583,-0.667917
84.7504,0.0,32.321,-0.23599,-0.70583,-0.667917
86.5075,20.0,10.5649,-0.23599,-0.70583,-0.667917
101.542,0.0,26.3881,-0.23599,-0.70583,-0.667917
86.5075,20.0,10.5649,-0.23599,-0.70583,-0.667917
96.5028,20.0,7.03339,-0.23599,-0.70583,-0.667917
101.542,0.0,26.3881,-0.23599,-0.70583,-0.667917
101.542,0.0,26.3881,-0.119717,-0.70583,-0.698192
96.5028,20.0,7.03339,-0.119717,-0.70583,-0.698192
106.951,20.0,5.24186,-0.119717,-0.70583,-0.698192
101.542,0.0,26.3881,-0.119717,-0.70583,-0.698192
106.951,20.0,5.24186,-0.119717,-0.70583,-0.698192
119.095,0.0,23.3783,-0.119717,-0.70583,-0.698192
106.951,20.0,5.24186,-0.119717,-0.70583,-0.698192
117.399,20.0,3.45032,-0.119717,-0.70583,-0.698192
119.095,0.0,23.3783,-0.119717,-0.70583,-0.698192
119.095,0.0,23.3783,-0.0300239,-0.706788,-0.706788
117.399,20.0,3.45032,-0.0300239,-0.706788,-0.706788
128.0,20.0,3.00001,-0.0300239,-0.706788,-0.706788
119.095,0.0,23.3783,0.0,-0.7137,-0.700452
128.0,20.0,3.00001,0.0,-0.7137,-0.700452
136.905,0.0,23.3783,0.0,-0.7137,-0.700452
128.0,20.0,3.00001,0.0300239,-0.706788,-0.706788
138.601,20.0,3.45032,0.0300239,-0.706788,-0.706788
136.905,0.0,23.3783,0.0300239,-0.706788,-0.706788
136.905,0.0,23.3783,0.119717,-0.70583,-0.698192
138.601,20.0,3.45032,0.119717,-0.70583,-0.698192
149.049,20.0,5.24186,0.119717,-0.70583,-0.698192
136.905,0.0,23.3783,0.119717,-0.70583,-0.698192
149.049,20.0,5.24186,0.119717,-0.70583,-0.698192
154.458,0.0,26.3881,0.119717,-0.70583,-0.698192
149.049,20.0,5.24186,0.119717,-0.70583,-0.698192
159.497,20.0,7.03339,0.119717,-0.70583,-0.698192
154.458,0.0,26.3881,0.119717,-0.70583,-0.698192
154.458,0.0,26.3881,0.23599,-0.70583,-0.667917
159.497,20.0,7.03339,0.23599,-0.70583,-0.667917
169.492,20.0,10.5649,0.23599,-0.70583,-0.667917
154.458,0.0,26.3881,0.23599,-0.70583,-0.667917
169.492,20.0,10.5649,0.23599,-0.70583,-0.667917
171.25,0.0,32.321,0.23599,-0.70583,-0.667917
169.492,20.0,10.5649,0.23599,-0.70583,-0.667917
179.488,20.0,14.0964,0.23599,-0.70583,-0.667917
171.25,0.0,32.321,0.23599,-0.70583,-0.667917
171.25,0.0,32.321,0.345474,-0.70583,-0.618427
179.488,20.0,14.0964,0.345474,-0.70583,-0.618427
188.742,20.0,19.2664,0.345474,-0.70583,-0.618427
171.25,0.0,32.321,0.345474,-0.70583,-0.618427
188.742,20.0,19.2664,0.345474,-0.70583,-0.618427
186.797,0.0,41.0065,0.345474,-0.70583,-0.618427
188.742,20.0,19.2664,0.345474,-0.70583,-0.618427
197.997,20.0,24.4363,0.345474,-0.70583,-0.618427
186.797,0.0,41.0065,0.345474,-0.70583,-0.618427
186.797,0.0,41.0065,0.445019,-0.70583,-0.551146
197.997,20.0,24.4363,0.445019,-0.70583,-0.551146
206.245,20.0,31.0959,0.445019,-0.70583,-0.551146
186.797,0.0,41.0065,0.445019,-0.70583,-0.551146
206.245,20.0,31.0959,0.445019,-0.70583,-0.551146
200.654,0.0,52.1946,0.445019,-0.70583,-0.551146
206.245,20.0,31.0959,0.445019,-0.70583,-0.551146
214.492,20.0,37.7555,0.445019,-0.70583,-0.551146
200.654,0.0,52.1946,0.445019,-0.70583,-0.551146
200.654,0.0,52.1946,0.531762,-0.70583,-0.46801
214.492,20.0,37.7555,0.531762,-0.70583,-0.46801
221.496,20.0,45.7132,0.531762,-0.70583,-0.46801
200.654,0.0,52.1946,0.531762,-0.70583,-0.46801
221.496,20.0,45.7132,0.531762,-0.70583,-0.46801
212.42,0.0,65.5635,0.531762,-0.70583,-0.46801
221.496,20.0,45.7132,0.531762,-0.70583,-0.468009
228.5,20.0,53.6709,0.531762,-0.70583,-0.468009
212.42,0.0,65.5635,0.531762,-0.70583,-0.468009
212.42,0.0,65.5635,0.603207,-0.70583,-0.371409
228.5,20.0,53.6709,0.603207,-0.70583,-0.371409
234.058,20.0,62.6977,0.603207,-0.70583,-0.371409
212.42,0.0,65.5635,0.603207,-0.70583,-0.371409
234.058,20.0,62.6977,0.603207,-0.70583,-0.371409
221.757,0.0,80.7286,0.603207,-0.70583,-0.371409
234.058,20.0,62.6977,0.603207,-0.70583,-0.37141
239.616,20.0,71.7245,0.603207,-0.70583,-0.37141
221.757,0.0,80.7286,0.603207,-0.70583,-0.37141
221.757,0.0,80.7286,0.657299,-0.70583,-0.264125
239.616,20.0,71.7245,0.657299,-0.70583,-0.264125
243.568,20.0,81.5609,0.657299,-0.70583,-0.264125
221.757,0.0,80.7286,0.657299,-0.70583,-0.264125
243.568,20.0,81.5609,0.657299,-0.70583,-0.264125
228.398,0.0,97.2536,0.657299,-0.70583,-0.264125
243.568,20.0,81.5609,0.6573,-0.70583,-0.264124
247.521,20.0,91.3972,0.6573,-0.70583,-0.264124
228.398,0.0,97.2536,0.6573,-0.70583,-0.264124
228.398,0.0,97.2536,0.692482,-0.70583,-0.149242
247.521,20.0,91.3972,0.692482,-0.70583,-0.149242
249.754,20.0,101.76,0.692482,-0.70583,-0.149242
228.398,0.0,97.2536,0.692482,-0.70583,-0.14924
249.754,20.0,101.76,0.692482,-0.70583,-0.14924
232.15,0.0,114.663,0.692482,-0.70583,-0.14924
249.754,20.0,101.76,0.692481,-0.705831,-0.149242
251.988,20.0,112.123,0.692481,-0.705831,-0.149242
232.15,0.0,114.663,0.692481,-0.705831,-0.149242
232.15,0.0,114.663,0.707742,-0.705831,-0.0300633
251.988,20.0,112.123,0.707742,-0.705831,-0.0300633
252.437,20.0,122.714,0.707742,-0.705831,-0.0300633
232.15,0.0,114.663,0.707743,-0.70583,-0.0300651
252.437,20.0,122.714,0.707743,-0.70583,-0.0300651
232.905,0.0,132.456,0.707743,-0.70583,-0.0300651
252.437,20.0,122.714,0.707743,-0.70583,-0.0300644
252.887,20.0,133.305,0.707743,-0.70583,-0.0300644
232.905,0.0,132.456,0.707743,-0.70583,-0.0300644
232.905,0.0,132.456,0.702644,-0.70583,0.089977
252.887,20.0,133.305,0.702644,-0.70583,0.089977
251.541,20.0,143.82,0.702644,-0.70583,0.089977
232.905,0.0,132.456,0.702644,-0.70583,0.0899773
251.541,20.0,143.82,0.702644,-0.70583,0.0899773
230.643,0.0,150.121,0.702644,-0.70583,0.0899773
251.541,20.0,143.82,0.702644,-0.70583,0.089978
250.194,20.0,154.335,0.702644,-0.70583,0.089978
230.643,0.0,150.121,0.702644,-0.70583,0.089978
230.643,0.0,150.121,0.677331,-0.70583,0.207428
250.194,20.0,154.335,0.677331,-0.70583,0.207428
247.09,20.0,164.471,0.677331,-0.70583,0.207428
230.643,0.0,150.121,0.67733,-0.70583,0.20743
247.09,20.0,164.471,0.67733,-0.70583,0.20743
225.428,0.0,167.15,0.67733,-0.70583,0.20743
247.09,20.0,164.471,0.67733,-0.70583,0.207431
243.986,20.0,174.607,0.67733,-0.70583,0.207431
225.428,0.0,167.15,0.67733,-0.70583,0.207431
225.428,0.0,167.15,0.632532,-0.70583,0.318916
243.986,20.0,174.607,0.632532,-0.70583,0.318916
239.214,20.0,184.073,0.632532,-0.70583,0.318916
225.428,0.0,167.15,0.632532,-0.70583,0.318915
239.214,20.0,184.073,0.632532,-0.70583,0.318915
217.411,0.0,183.052,0.632532,-0.70583,0.318915
239.214,20.0,184.073,0.632532,-0.70583,0.318916
234.441,20.0,193.538,0.632532,-0.70583,0.318916
217.411,0.0,183.052,0.632532,-0.70583,0.318916
217.411,0.0,183.052,0.569537,-0.70583,0.421227
234.441,20.0,193.538,0.569537,-0.70583,0.421227
228.138,20.0,202.061,0.569537,-0.70583,0.421227
217.411,0.0,183.052,0.569536,-0.70583,0.421227
228.138,20.0,202.061,0.569536,-0.70583,0.421227
206.821,0.0,197.371,0.569536,-0.70583,0.421227
228.138,20.0,202.061,0.569536,-0.70583,0.421229
221.834,20.0,210.584,0.569536,-0.70583,0.421229
206.821,0.0,197.371,0.569536,-0.70583,0.421229
206.821,0.0,197.371,0.490157,-0.70583,0.51142
221.834,20.0,210.584,0.490157,-0.70583,0.51142
214.181,20.0,217.919,0.490157,-0.70583,0.51142
206.821,0.0,197.371,0.490156,-0.70583,0.51142
214.181,20.0,217.919,0.490156,-0.70583,0.51142
193.963,0.0,209.694,0.490156,-0.70583,0.51142
214.181,20.0,217.919,0.490157,-0.70583,0.51142
206.527,20.0,225.254,0.490157,-0.70583,0.51142
193.963,0.0,209.694,0.490157,-0.70583,0.51142
193.963,0.0,209.694,0.396676,-0.70583,0.5869
206.527,20.0,225.254,0.396676,-0.70583,0.5869
197.745,20.0,231.191,0.396676,-0.70583,0.5869
193.963,0.0,209.694,0.396675,-0.70583,0.586901
197.745,20.0,231.191,0.396675,-0.70583,0.586901
179.208,0.0,219.666,0.396675,-0.70583,0.586901
197.745,20.0,231.191,0.396676,-0.70583,0.5869
188.962,20.0,237.127,0.396676,-0.70583,0.5869
179.208,0.0,219.666,0.396676,-0.70583,0.5869
179.208,0.0,219.666,0.291783,-0.70583,0.645497
188.962,20.0,237.127,0.291783,-0.70583,0.645497
179.302,20.0,241.493,0.291783,-0.70583,0.645497
179.208,0.0,219.666,0.291784,-0.70583,0.645497
179.302,20.0,241.493,0.291784,-0.70583,0.645497
162.98,0.0,227.002,0.291784,-0.70583,0.645497
179.302,20.0,241.493,0.291783,-0.70583,0.645498
169.642,20.0,245.86,0.291783,-0.70583,0.645498
162.98,0.0,227.002,0.291783,-0.70583,0.645498
162.98,0.0,227.002,0.178497,-0.70583,0.685524
169.642,20.0,245.86,0.178497,-0.70583,0.685524
159.384,20.0,248.531,0.178497,-0.70583,0.685524
162.98,0.0,227.002,0.178496,-0.70583,0.685524
159.384,20.0,248.531,0.178496,-0.70583,0.685524
145.745,0.0,231.49,0.178496,-0.70583,0.685524
159.384,20.0,248.531,0.178496,-0.70583,0.685524
149.125,20.0,251.202,0.178496,-0.70583,0.685524
145.745,0.0,231.49,0.178496,-0.70583,0.685524
145.745,0.0,231.49,0.0600757,-0.70583,0.705829
149.125,20.0,251.202,0.0600757,-0.70583,0.705829
138.563,20.0,252.101,0.0600757,-0.70583,0.705829
145.745,0.0,231.49,0.0600755,-0.70583,0.705829
138.563,20.0,252.101,0.0600755,-0.70583,0.705829
128.0,0.0,233.0,0.0600755,-0.70583,0.705829
128.0,0.0,233.0,0.0600757,-0.70583,0.705829
138.563,20.0,252.101,0.0600757,-0.70583,0.705829
128.0,20.0,253.0,0.0600757,-0.70583,0.705829
128.0,0.0,233.0,-0.0600757,-0.70583,0.705829
128.0,20.0,253.0,-0.0600757,-0.70583,0.705829
117.437,20.0,252.101,-0.0600757,-0.70583,0.705829
228.5,625.0,202.329,0.0,-1.0,0.0
230.912,625.0,204.113,0.0,-1.0,0.0
214.492,625.0,218.245,0.0,-1.0,0.0
214.492,625.0,218.245,0.0,-1.0,0.0
230.912,625.0,204.113,0.0,-1.0,0.0
216.568,625.0,220.41,0.0,-1.0,0.0
214.492,625.0,218.245,0.0,-1.0,0.0
216.568,625.0,220.41,0.0,-1.0,0.0
197.997,625.0,231.564,0.0,-1.0,0.0
197.997,625.0,231.564,0.0,-1.0,0.0
216.568,625.0,220.41,0.0,-1.0,0.0
199.677,625.0,234.049,0.0,-1.0,0.0
197.997,625.0,231.564,0.0,-1.0,0.0
199.677,625.0,234.049,0.0,-1.0,0.0
179.488,625.0,241.904,0.0,-1.0,0.0
179.488,625.0,241.904,0.0,-1.0,0.0
199.677,625.0,234.049,0.0,-1.0,0.0
180.723,625.0,244.637,0.0,-1.0,0.0
179.488,625.0,241.904,0.0,-1.0,0.0
180.723,625.0,244.637,0.0,-1.0,0.0
159.497,625.0,248.967,0.0,-1.0,0.0
159.497,625.0,248.967,0.0,-1.0,0.0
180.723,625.0,244.637,0.0,-1.0,0.0
160.253,625.0,251.87,0.0,-1.0,0.0
159.497,625.0,248.967,0.0,-1.0,0.0
160.253,625.0,251.87,0.0,-1.0,0.0
138.601,625.0,252.55,0.0,-1.0,0.0
138.601,625.0,252.55,0.0,-1.0,0.0
160.253,625.0,251.87,0.0,-1.0,0.0
138.855,625.0,255.539,0.0,-1.0,0.0
138.601,625.0,252.55,0.0,-1.0,0.0
138.855,625.0,255.539,0.0,-1.0,0.0
117.399,625.0,252.55,0.0,-1.0,0.0
117.399,625.0,252.55,0.0,-1.0,0.0
138.855,625.0,255.539,0.0,-1.0,0.0
117.145,625.0,255.539,0.0,-1.0,0.0
117.399,625.0,252.55,0.0,-1.0,0.0
117.145,625.0,255.539,0.0,-1.0,0.0
96.5028,625.0,248.967,0.0,-1.0,0.0
96.5028,625.0,248.967,0.0,-1.0,0.0
117.145,625.0,255.539,0.0,-1.0,0.0
95.7468,625.0,251.87,0.0,-1.0,0.0
96.5028,625.0,248.967,0.0,-1.0,0.0
95.7468,625.0,251.87,0.0,-1.0,0.0
76.5124,625.0,241.904,0.0,-1.0,0.0
76.5124,625.0,241.904,0.0,-1.0,0.0
95.7468,625.0,251.87,0.0,-1.0,0.0
75.2766,625.0,244.637,0.0,-1.0,0.0
76.5124,625.0,241.904,0.0,-1.0,0.0
75.2766,625.0,244.637,0.0,-1.0,0.0
58.0032,625.0,231.564,0.0,-1.0,0.0
58.0032,625.0,231.564,0.0,-1.0,0.0
75.2766,625.0,244.637,0.0,-1.0,0.0
56.3232,625.0,234.049,0.0,-1.0,0.0
58.0032,625.0,231.564,0.0,-1.0,0.0
56.3232,625.0,234.049,0.0,-1.0,0.0
41.5076,625.0,218.245,0.0,-1.0,0.0
41.5076,625.0,218.245,0.0,-1.0,0.0
56.3232,625.0,234.049,0.0,-1.0,0.0
39.4318,625.0,220.41,0.0,-1.0,0.0
41.5076,625.0,218.245,0.0,-1.0,0.0
39.4318,625.0,220.41,0.0,-1.0,0.0
27.5004,625.0,202.329,0.0,-1.0,0.0
27.5004,625.0,202.329,0.0,-1.0,0.0
39.4318,625.0,220.41,0.0,-1.0,0.0
25.0884,625.0,204.113,0.0,-1.0,0.0
27.5004,625.0,202.329,0.0,-1.0,0.0
25.0884,625.0,204.113,0.0,-1.0,0.0
16.3843,625.0,184.275,0.0,-1.0,0.0
16.3843,625.0,184.275,0.0,-1.0,0.0
25.0884,625.0,204.113,0.0,-1.0,0.0
13.7055,625.0,185.626,0.0,-1.0,0.0
16.3843,625.0,184.275,0.0,-1.0,0.0
13.7055,625.0,185.626,0.0,-1.0,0.0
8.47916,625.0,164.603,0.0,-1.0,0.0
8.47916,625.0,164.603,0.0,-1.0,0.0
13.7055,625.0,185.626,0.0,-1.0,0.0
5.61067,625.0,165.481,0.0,-1.0,0.0
8.47916,625.0,164.603,0.0,-1.0,0.0
5.61067,625.0,165.481,0.0,-1.0,0.0
4.01245,625.0,143.877,0.0,-1.0,0.0
4.01245,625.0,143.877,0.0,-1.0,0.0
5.61067,625.0,165.481,0.0,-1.0,0.0
1.03675,625.0,144.258,0.0,-1.0,0.0
4.01245,625.0,143.877,0.0,-1.0,0.0
1.03675,625.0,144.258,0.0,-1.0,0.0
3.11264,625.0,122.695,0.0,-1.0,0.0
3.11264,625.0,122.695,0.0,-1.0,0.0
1.03675,625.0,144.258,0.0,-1.0,0.0
0.115335,625.0,122.568,0.0,-1.0,0.0
3.11264,625.0,122.695,0.0,-1.0,0.0
0.115335,625.0,122.568,0.0,-1.0,0.0
5.8056,625.0,101.665,0.0,-1.0,0.0
5.8056,625.0,101.665,0.0,-1.0,0.0
0.115335,625.0,122.568,0.0,-1.0,0.0
2.87293,625.0,101.033,0.0,-1.0,0.0
5.8056,625.0,101.665,0.0,-1.0,0.0
2.87293,625.0,101.033,0.0,-1.0,0.0
12.0139,625.0,81.3929,0.0,-1.0,0.0
12.0139,625.0,81.3929,0.0,-1.0,0.0
2.87293,625.0,101.033,0.0,-1.0,0.0
9.23021,625.0,80.2744,0.0,-1.0,0.0
12.0139,625.0,81.3929,0.0,-1.0,0.0
9.23021,625.0,80.2744,0.0,-1.0,0.0
21.5589,625.0,62.4616,0.0,-1.0,0.0
21.5589,625.0,62.4616,0.0,-1.0,0.0
9.23021,625.0,80.2744,0.0,-1.0,0.0
19.0043,625.0,60.8887,0.0,-1.0,0.0
21.5589,625.0,62.4616,0.0,-1.0,0.0
19.0043,625.0,60.8887,0.0,-1.0,0.0
34.166,625.0,45.4157,0.0,-1.0,0.0
34.166,625.0,45.4157,0.0,-1.0,0.0
19.0043,625.0,60.8887,0.0,-1.0,0.0
31.914,625.0,43.4336,0.0,-1.0,0.0
34.166,625.0,45.4157,0.0,-1.0,0.0
31.914,625.0,43.4336,0.0,-1.0,0.0
49.4725,625.0,30.7455,0.0,-1.0,0.0
49.4725,625.0,30.7455,0.0,-1.0,0.0
31.914,625.0,43.4336,0.0,-1.0,0.0
47.5878,625.0,28.4114,0.0,-1.0,0.0
49.4725,625.0,30.7455,0.0,-1.0,0.0
47.5878,625.0,28.4114,0.0,-1.0,0.0
67.0381,625.0,18.8732,0.0,-1.0,0.0
67.0381,625.0,18.8732,0.0,-1.0,0.0
47.5878,625.0,28.4114,0.0,-1.0,0.0
65.5751,625.0,16.2542,0.0,-1.0,0.0
67.0381,625.0,18.8732,0.0,-1.0,0.0
65.5751,625.0,16.2542,0.0,-1.0,0.0
86.3575,625.0,10.1403,0.0,-1.0,0.0
86.3575,625.0,10.1403,0.0,-1.0,0.0
65.5751,625.0,16.2542,0.0,-1.0,0.0
85.3581,625.0,7.31169,0.0,-1.0,0.0
86.3575,625.0,10.1403,0.0,-1.0,0.0
85.3581,625.0,7.31169,0.0,-1.0,0.0
106.875,625.0,4.79802,0.0,-1.0,0.0
106.875,625.0,4.79802,0.0,-1.0,0.0
85.3581,625.0,7.31169,0.0,-1.0,0.0
106.368,625.0,1.84117,0.0,-1.0,0.0
106.875,625.0,4.79802,0.0,-1.0,0.0
106.368,625.0,1.84117,0.0,-1.0,0.0
128.0,625.0,3.00001,0.0,-1.0,0.0
128.0,625.0,3.00001,0.0,-1.0,0.0
106.368,625.0,1.84117,0.0,-1.0,0.0
128.0,625.0,0.0,0.0,-1.0,0.0
128.0,625.0,3.00001,0.0,-1.0,0.0
128.0,625.0,0.0,0.0,-1.0,0.0
149.125,625.0,4.79802,0.0,-1.0,0.0
149.125,625.0,4.79802,0.0,-1.0,0.0
128.0,625.0,0.0,0.0,-1.0,0.0
149.632,625.0,1.84117,0.0,-1.0,0.0
149.125,625.0,4.79802,0.0,-1.0,0.0
149.632,625.0,1.84117,0.0,-1.0,0.0
169.642,625.0,10.1403,0.0,-1.0,0.0
169.642,625.0,10.1403,0.0,-1.0,0.0
149.632,625.0,1.84117,0.0,-1.0,0.0
170.642,625.0,7.31169,0.0,-1.0,0.0
169.642,625.0,10.1403,0.0,-1.0,0.0
170.642,625.0,7.31169,0.0,-1.0,0.0
188.962,625.0,18.8732,0.0,-1.0,0.0
188.962,625.0,18.8732,0.0,-1.0,0.0
170.642,625.0,7.31169,0.0,-1.0,0.0
190.425,625.0,16.2542,0.0,-1.0,0.0
188.962,625.0,18.8732,0.0,-1.0,0.0
190.425,625.0,16.2542,0.0,-1.0,0.0
206.527,625.0,30.7455,0.0,-1.0,0.0
206.527,625.0,30.7455,0.0,-1.0,0.0
190.425,625.0,16.2542,0.0,-1.0,0.0
208.412,625.0,28.4114,0.0,-1.0,0.0
206.527,625.0,30.7455,0.0,-1.0,0.0
208.412,625.0,28.4114,0.0,-1.0,0.0
221.834,625.0,45.4157,0.0,-1.0,0.0
221.834,625.0,45.4157,0.0,-1.0,0.0
208.412,625.0,28.4114,0.0,-1.0,0.0
224.086,625.0,43.4336,0.0,-1.0,0.0
221.834,625.0,45.4157,0.0,-1.0,0.0
224.086,625.0,43.4336,0.0,-1.0,0.0
234.441,625.0,62.4616,0.0,-1.0,0.0
234.441,625.0,62.4616,0.0,-1.0,0.0
224.086,625.0,43.4336,0.0,-1.0,0.0
236.996,625.0,60.8887,0.0,-1.0,0.0
234.441,625.0,62.4616,0.0,-1.0,0.0
236.996,625.0,60.8887,0.0,-1.0,0.0
243.986,625.0,81.3929,0.0,-1.0,0.0
243.986,625.0,81.3929,0.0,-1.0,0.0
236.996,625.0,60.8887,0.0,-1.0,0.0
246.77,625.0,80.2744,0.0,-1.0,0.0
243.986,625.0,81.3929,0.0,-1.0,0.0
246.77,625.0,80.2744,0.0,-1.0,0.0
250.194,625.0,101.665,0.0,-1.0,0.0
250.194,625.0,101.665,0.0,-1.0,0.0
246.77,625.0,80.2744,0.0,-1.0,0.0
253.127,625.0,101.033,0.0,-1.0,0.0
250.194,625.0,101.665,0.0,-1.0,0.0
253.127,625.0,101.033,0.0,-1.0,0.0
252.887,625.0,122.695,0.0,-1.0,0.0
252.887,625.0,122.695,0.0,-1.0,0.0
253.127,625.0,101.033,0.0,-1.0,0.0
255.885,625.0,122.568,0.0,-1.0,0.0
252.887,625.0,122.695,0.0,-1.0,0.0
255.885,625.0,122.568,0.0,-1.0,0.0
251.988,625.0,143.877,0.0,-1.0,0.0
251.988,625.0,143.877,0.0,-1.0,0.0
255.885,625.0,122.568,0.0,-1.0,0.0
254.963,625.0,144.258,0.0,-1.0,0.0
251.988,625.0,143.877,0.0,-1.0,0.0
254.963,625.0,144.258,0.0,-1.0,0.0
247.521,625.0,164.603,0.0,-1.0,0.0
247.521,625.0,164.603,0.0,-1.0,0.0
254.963,625.0,144.258,0.0,-1.0,0.0
250.389,625.0,165.481,0.0,-1.0,0.0
247.521,625.0,164.603,0.0,-1.0,0.0
250.389,625.0,165.481,0.0,-1.0,0.0
239.616,625.0,184.275,0.0,-1.0,0.0
239.616,625.0,184.275,0.0,-1.0,0.0
250.389,625.0,165.481,0.0,-1.0,0.0
242.295,625.0,185.626,0.0,-1.0,0.0
239.616,625.0,184.275,0.0,-1.0,0.0
242.295,625.0,185.626,0.0,-1.0,0.0
228.5,625.0,202.329,0.0,-1.0,0.0
228.5,625.0,202.329,0.0,-1.0,0.0
242.295,625.0,185.626,0.0,-1.0,0.0
230.912,625.0,204.113,0.0,-1.0,0.0
117.399,20.0,3.45032,-0.0848059,0.000744321,-0.996397
106.875,625.0,4.79802,-0.0848059,0.000744321,-0.996397
128.0,625.0,3.00001,-0.0848059,0.000744321,-0.996397
117.399,20.0,3.45032,-0.169001,-0.000744321,-0.985616
106.951,20.0,5.24186,-0.169001,-0.000744321,-0.985616
106.875,625.0,4.79802,-0.169001,-0.000744321,-0.985616
106.875,625.0,4.79802,-0.169,-0.000744321,-0.985616
106.951,20.0,5.24186,-0.169,-0.000744321,-0.985616
96.5028,20.0,7.03339,-0.169,-0.000744321,-0.985616
106.875,625.0,4.79802,-0.251978,0.000744321,-0.967733
96.5028,20.0,7.03339,-0.251978,0.000744321,-0.967733
86.3575,625.0,10.1403,-0.251978,0.000744321,-0.967733
96.5028,20.0,7.03339,-0.33314,-0.000744321,-0.942877
86.5075,20.0,10.5649,-0.33314,-0.000744321,-0.942877
86.3575,625.0,10.1403,-0.33314,-0.000744321,-0.942877
86.3575,625.0,10.1403,-0.33314,-0.000744321,-0.942877
86.5075,20.0,10.5649,-0.33314,-0.000744321,-0.942877
76.5124,20.0,14.0964,-0.33314,-0.000744321,-0.942877
86.3575,625.0,10.1403,-0.411901,0.000744316,-0.911228
76.5124,20.0,14.0964,-0.411901,0.000744316,-0.911228
67.0381,625.0,18.8732,-0.411901,0.000744316,-0.911228
76.5124,20.0,14.0964,-0.487695,-0.000744322,-0.873014
67.2578,20.0,19.2664,-0.487695,-0.000744322,-0.873014
67.0381,625.0,18.8732,-0.487695,-0.000744322,-0.873014
67.0381,625.0,18.8732,-0.487695,-0.000744322,-0.873014
67.2578,20.0,19.2664,-0.487695,-0.000744322,-0.873014
58.0032,20.0,24.4363,-0.487695,-0.000744322,-0.873014
67.0381,625.0,18.8732,-0.559975,0.000744315,-0.828509
58.0032,20.0,24.4363,-0.559975,0.000744315,-0.828509
49.4725,625.0,30.7455,-0.559975,0.000744315,-0.828509
58.0032,20.0,24.4363,-0.62822,-0.000744325,-0.778036
49.7554,20.0,31.0959,-0.62822,-0.000744325,-0.778036
49.4725,625.0,30.7455,-0.62822,-0.000744325,-0.778036
49.4725,625.0,30.7455,-0.62822,-0.000744325,-0.778036
49.7554,20.0,31.0959,-0.62822,-0.000744325,-0.778036
41.5076,20.0,37.7555,-0.62822,-0.000744325,-0.778036
49.4725,625.0,30.7455,-0.691939,0.000744317,-0.721956
41.5076,20.0,37.7555,-0.691939,0.000744317,-0.721956
34.166,625.0,45.4157,-0.691939,0.000744317,-0.721956
41.5076,20.0,37.7555,-0.750672,-0.000744327,-0.660674
34.504,20.0,45.7132,-0.750672,-0.000744327,-0.660674
34.166,625.0,45.4157,-0.750672,-0.000744327,-0.660674
34.166,625.0,45.4157,-0.750672,-0.000744327,-0.660675
34.504,20.0,45.7132,-0.750672,-0.000744327,-0.660675
27.5004,20.0,53.6709,-0.750672,-0.000744327,-0.660675
34.166,625.0,45.4157,-0.803997,0.000744324,-0.594633
27.5004,20.0,53.6709,-0.803997,0.000744324,-0.594633
21.5589,625.0,62.4616,-0.803997,0.000744324,-0.594633
27.5004,20.0,53.6709,-0.851529,-0.000744318,-0.524307
21.9423,20.0,62.6977,-0.851529,-0.000744318,-0.524307
21.5589,625.0,62.4616,-0.851529,-0.000744318,-0.524307
21.5589,625.0,62.4616,-0.851529,-0.000744318,-0.524307
21.9423,20.0,62.6977,-0.851529,-0.000744318,-0.524307
16.3843,20.0,71.7245,-0.851529,-0.000744318,-0.524307
21.5589,625.0,62.4616,-0.892926,0.000744323,-0.450204
16.3843,20.0,71.7245,-0.892926,0.000744323,-0.450204
12.0139,625.0,81.3929,-0.892926,0.000744323,-0.450204
16.3843,20.0,71.7245,-0.927889,-0.000744327,-0.372856
12.4317,20.0,81.5609,-0.927889,-0.000744327,-0.372856
12.0139,625.0,81.3929,-0.927889,-0.000744327,-0.372856
12.0139,625.0,81.3929,-0.927889,-0.000744327,-0.372857
12.4317,20.0,81.5609,-0.927889,-0.000744327,-0.372857
8.47916,20.0,91.3972,-0.927889,-0.000744327,-0.372857
12.0139,625.0,81.3929,-0.956167,0.000744322,-0.292822
8.47916,20.0,91.3972,-0.956167,0.000744322,-0.292822
5.8056,625.0,101.665,-0.956167,0.000744322,-0.292822
8.47916,20.0,91.3972,-0.977555,-0.000744316,-0.210679
6.24581,20.0,101.76,-0.977555,-0.000744316,-0.210679
5.8056,625.0,101.665,-0.977555,-0.000744316,-0.210679
5.8056,625.0,101.665,-0.977555,-0.000744316,-0.210679
6.24581,20.0,101.76,-0.977555,-0.000744316,-0.210679
4.01245,20.0,112.123,-0.977555,-0.000744316,-0.210679
5.8056,625.0,101.665,-0.9919,0.000744326,-0.127018
4.01245,20.0,112.123,-0.9919,0.000744326,-0.127018
3.11264,625.0,122.695,-0.9919,0.000744326,-0.127018
4.01245,20.0,112.123,-0.999099,-0.000744312,-0.0424414
3.56254,20.0,122.714,-0.999099,-0.000744312,-0.0424414
3.11264,625.0,122.695,-0.999099,-0.000744312,-0.0424414
3.11264,625.0,122.695,-0.999099,-0.000744312,-0.0424407
3.56254,20.0,122.714,-0.999099,-0.000744312,-0.0424407
3.11264,20.0,133.305,-0.999099,-0.000744312,-0.0424407
3.11264,625.0,122.695,-0.999099,0.000744318,0.0424411
3.11264,20.0,133.305,-0.999099,0.000744318,0.0424411
4.01245,625.0,143.877,-0.999099,0.000744318,0.0424411
3.11264,20.0,133.305,-0.9919,-0.000744327,0.127018
4.45912,20.0,143.82,-0.9919,-0.000744327,0.127018
4.01245,625.0,143.877,-0.9919,-0.000744327,0.127018
4.01245,625.0,143.877,-0.9919,-0.000744327,0.127018
4.45912,20.0,143.82,-0.9919,-0.000744327,0.127018
5.8056,20.0,154.335,-0.9919,-0.000744327,0.127018
4.01245,625.0,143.877,-0.977555,0.000744314,0.210679
5.8056,20.0,154.335,-0.977555,0.000744314,0.210679
8.47916,625.0,164.603,-0.977555,0.000744314,0.210679
5.8056,20.0,154.335,-0.956167,-0.000744317,0.292822
8.90974,20.0,164.471,-0.956167,-0.000744317,0.292822
8.47916,625.0,164.603,-0.956167,-0.000744317,0.292822
8.47916,625.0,164.603,-0.956167,-0.000744317,0.292822
8.90974,20.0,164.471,-0.956167,-0.000744317,0.292822
12.0139,20.0,174.607,-0.956167,-0.000744317,0.292822
8.47916,625.0,164.603,-0.927889,0.000744327,0.372856
12.0139,20.0,174.607,-0.927889,0.000744327,0.372856
16.3843,625.0,184.275,-0.927889,0.000744327,0.372856
12.0139,20.0,174.607,-0.892925,-0.000744335,0.450204
16.7864,20.0,184.073,-0.892925,-0.000744335,0.450204
16.3843,625.0,184.275,-0.892925,-0.000744335,0.450204
16.3843,625.0,184.275,-0.892926,-0.000744335,0.450203
16.7864,20.0,184.073,-0.892926,-0.000744335,0.450203
21.5589,20.0,193.538,-0.892926,-0.000744335,0.450203
16.3843,625.0,184.275,-0.851529,0.00074431,0.524307
21.5589,20.0,193.538,-0.851529,0.00074431,0.524307
27.5004,625.0,202.329,-0.851529,0.00074431,0.524307
21.5589,20.0,193.538,-0.803997,-0.00074433,0.594633
27.8624,20.0,202.061,-0.803997,-0.00074433,0.594633
27.5004,625.0,202.329,-0.803997,-0.00074433,0.594633
27.5004,625.0,202.329,-0.803996,-0.00074433,0.594634
27.8624,20.0,202.061,-0.803996,-0.00074433,0.594634
34.166,20.0,210.584,-0.803996,-0.00074433,0.594634
27.5004,625.0,202.329,-0.750672,0.000744294,0.660675
34.166,20.0,210.584,-0.750672,0.000744294,0.660675
41.5076,625.0,218.245,-0.750672,0.000744294,0.660675
34.166,20.0,210.584,-0.691939,-0.000744338,0.721956
41.8192,20.0,217.919,-0.691939,-0.000744338,0.721956
41.5076,625.0,218.245,-0.691939,-0.000744338,0.721956
41.5076,625.0,218.245,-0.691939,-0.000744338,0.721956
41.8192,20.0,217.919,-0.691939,-0.000744338,0.721956
49.4725,20.0,225.254,-0.691939,-0.000744338,0.721956
41.5076,625.0,218.245,-0.62822,0.000744308,0.778036
49.4725,20.0,225.254,-0.62822,0.000744308,0.778036
58.0032,625.0,231.564,-0.62822,0.000744308,0.778036
49.4725,20.0,225.254,-0.559975,-0.000744323,0.828509
58.2553,20.0,231.191,-0.559975,-0.000744323,0.828509
58.0032,625.0,231.564,-0.559975,-0.000744323,0.828509
58.0032,625.0,231.564,-0.559975,-0.000744323,0.828509
58.2553,20.0,231.191,-0.559975,-0.000744323,0.828509
67.0381,20.0,237.127,-0.559975,-0.000744323,0.828509
58.0032,625.0,231.564,-0.487695,0.000744311,0.873014
67.0381,20.0,237.127,-0.487695,0.000744311,0.873014
76.5124,625.0,241.904,-0.487695,0.000744311,0.873014
67.0381,20.0,237.127,-0.411901,-0.000744339,0.911228
76.6978,20.0,241.493,-0.411901,-0.000744339,0.911228
76.5124,625.0,241.904,-0.411901,-0.000744339,0.911228
76.5124,625.0,241.904,-0.411901,-0.000744339,0.911228
76.6978,20.0,241.493,-0.411901,-0.000744339,0.911228
86.3575,20.0,245.86,-0.411901,-0.000744339,0.911228
76.5124,625.0,241.904,-0.333139,0.000744296,0.942877
86.3575,20.0,245.86,-0.333139,0.000744296,0.942877
96.5028,625.0,248.967,-0.333139,0.000744296,0.942877
86.3575,20.0,245.86,-0.251978,-0.00074433,0.967733
96.6162,20.0,248.531,-0.251978,-0.00074433,0.967733
96.5028,625.0,248.967,-0.251978,-0.00074433,0.967733
96.5028,625.0,248.967,-0.251977,-0.00074433,0.967733
96.6162,20.0,248.531,-0.251977,-0.00074433,0.967733
106.875,20.0,251.202,-0.251977,-0.00074433,0.967733
96.5028,625.0,248.967,-0.169002,0.000744276,0.985616
106.875,20.0,251.202,-0.169002,0.000744276,0.985616
117.399,625.0,252.55,-0.169002,0.000744276,0.985616
106.875,20.0,251.202,-0.084807,-0.000744359,0.996397
117.437,20.0,252.101,-0.084807,-0.000744359,0.996397
117.399,625.0,252.55,-0.084807,-0.000744359,0.996397
117.399,625.0,252.55,-0.084807,-0.000744359,0.996397
117.437,20.0,252.101,-0.084807,-0.000744359,0.996397
128.0,20.0,253.0,-0.084807,-0.000744359,0.996397
117.399,625.0,252.55,0.0,0.000744301,1.0
128.0,20.0,253.0,0.0,0.000744301,1.0
138.601,625.0,252.55,0.0,0.000744301,1.0
128.0,20.0,253.0,0.0848069,-0.00074436,0.996397
138.563,20.0,252.101,0.0848069,-0.00074436,0.996397
138.601,625.0,252.55,0.0848069,-0.00074436,0.996397
138.601,625.0,252.55,0.084807,-0.00074436,0.996397
138.563,20.0,252.101,0.084807,-0.00074436,0.996397
149.125,20.0,251.202,0.084807,-0.00074436,0.996397
138.601,625.0,252.55,0.169002,0.000744276,0.985615
149.125,20.0,251.202,0.169002,0.000744276,0.985615
159.497,625.0,248.967,0.169002,0.000744276,0.985615
149.125,20.0,251.202,0.251977,-0.000744324,0.967733
159.384,20.0,248.531,0.251977,-0.000744324,0.967733
159.497,625.0,248.967,0.251977,-0.000744324,0.967733
159.497,625.0,248.967,0.251979,-0.000744324,0.967732
159.384,20.0,248.531,0.251979,-0.000744324,0.967732
169.642,20.0,245.86,0.251979,-0.000744324,0.967732
159.497,625.0,248.967,0.333139,0.000744296,0.942877
169.642,20.0,245.86,0.333139,0.000744296,0.942877
179.488,625.0,241.904,0.333139,0.000744296,0.942877
169.642,20.0,245.86,0.4119,-0.000744334,0.911229
179.302,20.0,241.493,0.4119,-0.000744334,0.911229
179.488,625.0,241.904,0.4119,-0.000744334,0.911229
179.488,625.0,241.904,0.411901,-0.000744334,0.911228
179.302,20.0,241.493,0.411901,-0.000744334,0.911228
188.962,20.0,237.127,0.411901,-0.000744334,0.911228
179.488,625.0,241.904,0.487695,0.000744314,0.873014
188.962,20.0,237.127,0.487695,0.000744314,0.873014
197.997,625.0,231.564,0.487695,0.000744314,0.873014
188.962,20.0,237.127,0.559975,-0.000744327,0.828509
197.745,20.0,231.191,0.559975,-0.000744327,0.828509
197.997,625.0,231.564,0.559975,-0.000744327,0.828509
197.997,625.0,231.564,0.559976,-0.000744327,0.828509
197.745,20.0,231.191,0.559976,-0.000744327,0.828509
206.527,20.0,225.254,0.559976,-0.000744327,0.828509
197.997,625.0,231.564,0.62822,0.000744292,0.778036
206.527,20.0,225.254,0.62822,0.000744292,0.778036
214.492,625.0,218.245,0.62822,0.000744292,0.778036
206.527,20.0,225.254,0.691939,-0.000744346,0.721956
214.181,20.0,217.919,0.691939,-0.000744346,0.721956
214.492,625.0,218.245,0.691939,-0.000744346,0.721956
214.492,625.0,218.245,0.691939,-0.000744346,0.721955
214.181,20.0,217.919,0.691939,-0.000744346,0.721955
221.834,20.0,210.584,0.691939,-0.000744346,0.721955
214.492,625.0,218.245,0.750672,0.000744278,0.660675
221.834,20.0,210.584,0.750672,0.000744278,0.660675
228.5,625.0,202.329,0.750672,0.000744278,0.660675
221.834,20.0,210.584,0.803995,-0.000744317,0.594635
228.138,20.0,202.061,0.803995,-0.000744317,0.594635
228.5,625.0,202.329,0.803995,-0.000744317,0.594635
228.5,625.0,202.329,0.803997,-0.000744317,0.594632
228.138,20.0,202.061,0.803997,-0.000744317,0.594632
234.441,20.0,193.538,0.803997,-0.000744317,0.594632
228.5,625.0,202.329,0.851529,0.000744314,0.524307
234.441,20.0,193.538,0.851529,0.000744314,0.524307
239.616,625.0,184.275,0.851529,0.000744314,0.524307
234.441,20.0,193.538,0.892926,-0.000744332,0.450203
239.214,20.0,184.073,0.892926,-0.000744332,0.450203
239.616,625.0,184.275,0.892926,-0.000744332,0.450203
239.616,625.0,184.275,0.892926,-0.000744332,0.450204
239.214,20.0,184.073,0.892926,-0.000744332,0.450204
243.986,20.0,174.607,0.892926,-0.000744332,0.450204
239.616,625.0,184.275,0.927889,0.00074432,0.372856
243.986,20.0,174.607,0.927889,0.00074432,0.372856
247.521,625.0,164.603,0.927889,0.00074432,0.372856
243.986,20.0,174.607,0.956166,-0.000744287,0.292824
247.09,20.0,164.471,0.956166,-0.000744287,0.292824
247.521,625.0,164.603,0.956166,-0.000744287,0.292824
247.521,625.0,164.603,0.956167,-0.000744287,0.29282
247.09,20.0,164.471,0.956167,-0.000744287,0.29282
250.194,20.0,154.335,0.956167,-0.000744287,0.29282
247.521,625.0,164.603,0.977555,0.000744286,0.21068
250.194,20.0,154.335,0.977555,0.000744286,0.21068
251.988,625.0,143.877,0.977555,0.000744286,0.21068
250.194,20.0,154.335,0.9919,-0.000744353,0.127019
251.541,20.0,143.82,0.9919,-0.000744353,0.127019
251.988,625.0,143.877,0.9919,-0.000744353,0.127019
251.988,625.0,143.877,0.9919,-0.000744353,0.127018
251.541,20.0,143.82,0.9919,-0.000744353,0.127018
252.887,20.0,133.305,0.9919,-0.000744353,0.127018
251.988,625.0,143.877,0.999099,0.000744303,0.0424402
252.887,20.0,133.305,0.999099,0.000744303,0.0424402
252.887,625.0,122.695,0.999099,0.000744303,0.0424402
252.887,20.0,133.305,0.999099,-0.000744316,-0.0424409
252.437,20.0,122.714,0.999099,-0.000744316,-0.0424409
252.887,625.0,122.695,0.999099,-0.000744316,-0.0424409
252.887,625.0,122.695,0.999099,-0.000744316,-0.0424395
252.437,20.0,122.714,0.999099,-0.000744316,-0.0424395
251.988,20.0,112.123,0.999099,-0.000744316,-0.0424395
252.887,625.0,122.695,0.9919,0.000744365,-0.127018
251.988,20.0,112.123,0.9919,0.000744365,-0.127018
250.194,625.0,101.665,0.9919,0.000744365,-0.127018
251.988,20.0,112.123,0.977555,-0.000744289,-0.21068
249.754,20.0,101.76,0.977555,-0.000744289,-0.21068
250.194,625.0,101.665,0.977555,-0.000744289,-0.21068
250.194,625.0,101.665,0.977555,-0.000744289,-0.21068
249.754,20.0,101.76,0.977555,-0.000744289,-0.21068
247.521,20.0,91.3972,0.977555,-0.000744289,-0.21068
250.194,625.0,101.665,0.956167,0.000744328,-0.292822
247.521,20.0,91.3972,0.956167,0.000744328,-0.292822
243.986,625.0,81.3929,0.956167,0.000744328,-0.292822
247.521,20.0,91.3972,0.927889,-0.000744308,-0.372856
243.568,20.0,81.5609,0.927889,-0.000744308,-0.372856
243.986,625.0,81.3929,0.927889,-0.000744308,-0.372856
243.986,625.0,81.3929,0.927889,-0.000744308,-0.372857
243.568,20.0,81.5609,0.927889,-0.000744308,-0.372857
239.616,20.0,71.7245,0.927889,-0.000744308,-0.372857
243.986,625.0,81.3929,0.892926,0.000744326,-0.450203
239.616,20.0,71.7245,0.892926,0.000744326,-0.450203
234.441,625.0,62.4616,0.892926,0.000744326,-0.450203
239.616,20.0,71.7245,0.851529,-0.000744321,-0.524307
234.058,20.0,62.6977,0.851529,-0.000744321,-0.524307
234.441,625.0,62.4616,0.851529,-0.000744321,-0.524307
234.441,625.0,62.4616,0.851529,-0.000744321,-0.524307
234.058,20.0,62.6977,0.851529,-0.000744321,-0.524307
228.5,20.0,53.6709,0.851529,-0.000744321,-0.524307
234.441,625.0,62.4616,0.803997,0.000744328,-0.594633
228.5,20.0,53.6709,0.803997,0.000744328,-0.594633
221.834,625.0,45.4157,0.803997,0.000744328,-0.594633
228.5,20.0,53.6709,0.750672,-0.000744298,-0.660674
221.496,20.0,45.7132,0.750672,-0.000744298,-0.660674
221.834,625.0,45.4157,0.750672,-0.000744298,-0.660674
221.834,625.0,45.4157,0.750672,-0.000744298,-0.660675
221.496,20.0,45.7132,0.750672,-0.000744298,-0.660675
214.492,20.0,37.7555,0.750672,-0.000744298,-0.660675
221.834,625.0,45.4157,0.691939,0.000744334,-0.721956
214.492,20.0,37.7555,0.691939,0.000744334,-0.721956
206.527,625.0,30.7455,0.691939,0.000744334,-0.721956
214.492,20.0,37.7555,0.62822,-0.000744309,-0.778036
206.245,20.0,31.0959,0.62822,-0.000744309,-0.778036
206.527,625.0,30.7455,0.62822,-0.000744309,-0.778036
206.527,625.0,30.7455,0.62822,-0.000744309,-0.778036
206.245,20.0,31.0959,0.62822,-0.000744309,-0.778036
197.997,20.0,24.4363,0.62822,-0.000744309,-0.778036
206.527,625.0,30.7455,0.559975,0.000744322,-0.828509
197.997,20.0,24.4363,0.559975,0.000744322,-0.828509
188.962,625.0,18.8732,0.559975,0.000744322,-0.828509
197.997,20.0,24.4363,0.487694,-0.000744334,-0.873014
188.742,20.0,19.2664,0.487694,-0.000744334,-0.873014
188.962,625.0,18.8732,0.487694,-0.000744334,-0.873014
188.962,625.0,18.8732,0.487695,-0.000744334,-0.873014
188.742,20.0,19.2664,0.487695,-0.000744334,-0.873014
179.488,20.0,14.0964,0.487695,-0.000744334,-0.873014
188.962,625.0,18.8732,0.411901,0.000744314,-0.911228
179.488,20.0,14.0964,0.411901,0.000744314,-0.911228
169.642,625.0,10.1403,0.411901,0.000744314,-0.911228
179.488,20.0,14.0964,0.33314,-0.000744321,-0.942877
169.492,20.0,10.5649,0.33314,-0.000744321,-0.942877
169.642,625.0,10.1403,0.33314,-0.000744321,-0.942877
169.642,625.0,10.1403,0.33314,-0.000744321,-0.942877
169.492,20.0,10.5649,0.33314,-0.000744321,-0.942877
159.497,20.0,7.03339,0.33314,-0.000744321,-0.942877
169.642,625.0,10.1403,0.251978,0.000744319,-0.967733
159.497,20.0,7.03339,0.251978,0.000744319,-0.967733
149.125,625.0,4.79802,0.251978,0.000744319,-0.967733
159.497,20.0,7.03339,0.169,-0.000744326,-0.985616
149.049,20.0,5.24186,0.169,-0.000744326,-0.985616
149.125,625.0,4.79802,0.169,-0.000744326,-0.985616
149.125,625.0,4.79802,0.169001,-0.000744326,-0.985616
149.049,20.0,5.24186,0.169001,-0.000744326,-0.985616
138.601,20.0,3.45032,0.169001,-0.000744326,-0.985616
149.125,625.0,4.79802,0.0848059,0.000744323,-0.996397
138.601,20.0,3.45032,0.0848059,0.000744323,-0.996397
128.0,625.0,3.00001,0.0848059,0.000744323,-0.996397
128.0,625.0,3.00001,0.0424411,0.0,-0.999099
138.601,20.0,3.45032,0.0424411,0.0,-0.999099
128.0,20.0,3.00001,0.0424411,0.0,-0.999099
128.0,625.0,3.00001,-0.0424412,0.0,-0.999099
128.0,20.0,3.00001,-0.0424412,0.0,-0.999099
117.399,20.0,3.45032,-0.0424412,0.0,-0.999099
