3.543307,-0.05124639,-0.1064134,1.0,0.0,0.0
3.543307,-0.08541019,-0.1773561,1.0,0.0,0.0
3.543307,0.0,-0.1968504,1.0,0.0,0.0
3.503937,-2.892771e-17,-0.2362205,0.6980737,-0.1593308,-0.6980737
3.543307,0.0,-0.1968504,0.6980737,-0.1593308,-0.6980737
3.543307,-0.08541019,-0.1773561,0.6980737,-0.1593308,-0.6980737
3.543307,0.0,-0.1181102,1.0,0.0,0.0
3.543307,0.0,-0.1968504,1.0,0.0,0.0
3.543307,0.08541019,-0.1773561,1.0,0.0,0.0
3.503937,0.1024922,-0.2128273,0.6980737,0.1593308,-0.6980737
3.543307,0.08541019,-0.1773561,0.6980737,0.1593308,-0.6980737
3.543307,0.0,-0.1968504,0.6980737,0.1593308,-0.6980737
3.543307,-0.05124639,-0.1064134,1.0,0.0,0.0
3.543307,0.0,-0.1968504,1.0,0.0,0.0
3.543307,0.0,-0.1181102,1.0,0.0,0.0
3.503937,0.1024922,-0.2128273,0.6980737,0.1593308,-0.6980737
3.543307,0.0,-0.1968504,0.6980737,0.1593308,-0.6980737
3.503937,-2.892771e-17,-0.2362205,0.6980737,0.1593308,-0.6980737
3.543307,-0.1539038,0.1227342,1.0,0.0,0.0
3.543307,-0.1539038,-0.1227342,1.0,0.0,0.0
3.543307,-0.08541019,-0.1773561,1.0,0.0,0.0
3.503937,-0.1024922,-0.2128273,0.6980737,-0.4464349,-0.5598116
3.543307,-0.08541019,-0.1773561,0.6980737,-0.4464349,-0.5598116
3.543307,-0.1539038,-0.1227342,0.6980737,-0.4464349,-0.5598116
3.543307,-0.1151491,-0.0262811,1.0,0.0,0.0
3.543307,-0.1539038,0.1227342,1.0,0.0,0.0
3.543307,-0.08541019,-0.1773561,1.0,0.0,0.0
3.543307,-0.09234172,-0.07364121,1.0,0.0,0.0
3.543307,-0.1151491,-0.0262811,1.0,0.0,0.0
3.543307,-0.08541019,-0.1773561,1.0,0.0,0.0
3.543307,-0.05124639,-0.1064134,1.0,0.0,0.0
3.543307,-0.09234172,-0.07364121,1.0,0.0,0.0
3.543307,-0.08541019,-0.1773561,1.0,0.0,0.0
3.503937,-0.1024922,-0.2128273,0.6980737,-0.1593308,-0.6980737
3.503937,-2.892771e-17,-0.2362205,0.6980737,-0.1593308,-0.6980737
3.543307,-0.08541019,-0.1773561,0.6980737,-0.1593308,-0.6980737
3.543307,-0.1919149,0.04380333,1.0,0.0,0.0
3.543307,-0.1919149,-0.04380333,1.0,0.0,0.0
3.543307,-0.1539038,-0.1227342,1.0,0.0,0.0
3.503937,-0.1846846,-0.1472811,0.6980737,-0.6451171,-0.310672
3.543307,-0.1539038,-0.1227342,0.6980737,-0.6451171,-0.310672
3.543307,-0.1919149,-0.04380333,0.6980737,-0.6451171,-0.310672
3.543307,-0.1539038,0.1227342,1.0,0.0,0.0
3.543307,-0.1919149,0.04380333,1.0,0.0,0.0
3.543307,-0.1539038,-0.1227342,1.0,0.0,0.0
3.503937,-0.1846846,-0.1472811,0.6980737,-0.4464349,-0.5598116
3.503937,-0.1024922,-0.2128273,0.6980737,-0.4464349,-0.5598116
3.543307,-0.1539038,-0.1227342,0.6980737,-0.4464349,-0.5598116
3.503937,-0.2302979,-0.052564,0.6980737,-0.7160259,0.0
3.543307,-0.1919149,-0.04380333,0.6980737,-0.7160259,0.0
3.543307,-0.1919149,0.04380333,0.6980737,-0.7160259,0.0
3.503937,-0.2302979,-0.052564,0.6980737,-0.6451171,-0.310672
3.503937,-0.1846846,-0.1472811,0.6980737,-0.6451171,-0.310672
3.543307,-0.1919149,-0.04380333,0.6980737,-0.6451171,-0.310672
3.503937,-0.2302979,0.052564,0.6980737,-0.6451171,0.310672
3.543307,-0.1919149,0.04380333,0.6980737,-0.6451171,0.310672
3.543307,-0.1539038,0.1227342,0.6980737,-0.6451171,0.310672
3.503937,-0.2302979,0.052564,0.6980737,-0.7160259,0.0
3.503937,-0.2302979,-0.052564,0.6980737,-0.7160259,0.0
3.543307,-0.1919149,0.04380333,0.6980737,-0.7160259,0.0
3.543307,-0.09234172,0.07364121,1.0,0.0,0.0
3.543307,-0.08541019,0.1773561,1.0,0.0,0.0
3.543307,-0.1539038,0.1227342,1.0,0.0,0.0
3.503937,-0.1846846,0.1472811,0.6980737,-0.4464349,0.5598116
3.543307,-0.1539038,0.1227342,0.6980737,-0.4464349,0.5598116
3.543307,-0.08541019,0.1773561,0.6980737,-0.4464349,0.5598116
3.543307,-0.1151491,0.0262811,1.0,0.0,0.0
3.543307,-0.09234172,0.07364121,1.0,0.0,0.0
3.543307,-0.1539038,0.1227342,1.0,0.0,0.0
3.543307,-0.1151491,-0.0262811,1.0,0.0,0.0
3.543307,-0.1151491,0.0262811,1.0,0.0,0.0
3.543307,-0.1539038,0.1227342,1.0,0.0,0.0
3.503937,-0.1846846,0.1472811,0.6980737,-0.6451171,0.310672
3.503937,-0.2302979,0.052564,0.6980737,-0.6451171,0.310672
3.543307,-0.1539038,0.1227342,0.6980737,-0.6451171,0.310672
3.543307,0.0,0.1181102,1.0,0.0,0.0
3.543307,0.0,0.1968504,1.0,0.0,0.0
3.543307,-0.08541019,0.1773561,1.0,0.0,0.0
3.503937,-0.1024922,0.2128273,0.6980737,-0.1593308,0.6980737
3.543307,-0.08541019,0.1773561,0.6980737,-0.1593308,0.6980737
3.543307,0.0,0.1968504,0.6980737,-0.1593308,0.6980737
3.543307,-0.05124639,0.1064134,1.0,0.0,0.0
3.543307,0.0,0.1181102,1.0,0.0,0.0
3.543307,-0.08541019,0.1773561,1.0,0.0,0.0
3.543307,-0.09234172,0.07364121,1.0,0.0,0.0
3.543307,-0.05124639,0.1064134,1.0,0.0,0.0
3.543307,-0.08541019,0.1773561,1.0,0.0,0.0
3.503937,-0.1024922,0.2128273,0.6980737,-0.4464349,0.5598116
3.503937,-0.1846846,0.1472811,0.6980737,-0.4464349,0.5598116
3.543307,-0.08541019,0.1773561,0.6980737,-0.4464349,0.5598116
3.543307,0.05124639,0.1064134,1.0,0.0,0.0
3.543307,0.08541019,0.1773561,1.0,0.0,0.0
3.543307,0.0,0.1968504,1.0,0.0,0.0
3.503937,0.0,0.2362205,0.6980737,0.1593308,0.6980737
3.543307,0.0,0.1968504,0.6980737,0.1593308,0.6980737
3.543307,0.08541019,0.1773561,0.6980737,0.1593308,0.6980737
3.543307,0.0,0.1181102,1.0,0.0,0.0
3.543307,0.05124639,0.1064134,1.0,0.0,0.0
3.543307,0.0,0.1968504,1.0,0.0,0.0
3.503937,-0.1024922,0.2128273,0.6980737,-0.1593308,0.6980737
3.543307,0.0,0.1968504,0.6980737,-0.1593308,0.6980737
3.503937,0.0,0.2362205,0.6980737,-0.1593308,0.6980737
3.543307,0.1539038,-0.1227342,1.0,0.0,0.0
3.543307,0.1539038,0.1227342,1.0,0.0,0.0
3.543307,0.08541019,0.1773561,1.0,0.0,0.0
3.503937,0.1024922,0.2128273,0.6980737,0.4464349,0.5598116
3.543307,0.08541019,0.1773561,0.6980737,0.4464349,0.5598116
3.543307,0.1539038,0.1227342,0.6980737,0.4464349,0.5598116
3.543307,0.1151491,0.0262811,1.0,0.0,0.0
3.543307,0.1539038,-0.1227342,1.0,0.0,0.0
3.543307,0.08541019,0.1773561,1.0,0.0,0.0
3.543307,0.09234172,0.07364121,1.0,0.0,0.0
3.543307,0.1151491,0.0262811,1.0,0.0,0.0
3.543307,0.08541019,0.1773561,1.0,0.0,0.0
3.543307,0.05124639,0.1064134,1.0,0.0,0.0
3.543307,0.09234172,0.07364121,1.0,0.0,0.0
3.543307,0.08541019,0.1773561,1.0,0.0,0.0
3.503937,0.1024922,0.2128273,0.6980737,0.1593308,0.6980737
3.503937,0.0,0.2362205,0.6980737,0.1593308,0.6980737
3.543307,0.08541019,0.1773561,0.6980737,0.1593308,0.6980737
3.543307,0.1919149,-0.04380333,1.0,0.0,0.0
3.543307,0.1919149,0.04380333,1.0,0.0,0.0
3.543307,0.1539038,0.1227342,1.0,0.0,0.0
3.503937,0.1846846,0.1472811,0.6980737,0.6451171,0.310672
3.543307,0.1539038,0.1227342,0.6980737,0.6451171,0.310672
3.543307,0.1919149,0.04380333,0.6980737,0.6451171,0.310672
3.543307,0.1539038,-0.1227342,1.0,0.0,0.0
3.543307,0.1919149,-0.04380333,1.0,0.0,0.0
3.543307,0.1539038,0.1227342,1.0,0.0,0.0
3.503937,0.1846846,0.1472811,0.6980737,0.4464349,0.5598116
3.503937,0.1024922,0.2128273,0.6980737,0.4464349,0.5598116
3.543307,0.1539038,0.1227342,0.6980737,0.4464349,0.5598116
3.503937,0.2302979,0.052564,0.6980737,0.7160259,0.0
3.543307,0.1919149,0.04380333,0.6980737,0.7160259,0.0
3.543307,0.1919149,-0.04380333,0.6980737,0.7160259,0.0
3.503937,0.2302979,0.052564,0.6980737,0.6451171,0.310672
3.503937,0.1846846,0.1472811,0.6980737,0.6451171,0.310672
3.543307,0.1919149,0.04380333,0.6980737,0.6451171,0.310672
3.503937,0.2302979,-0.052564,0.6980737,0.6451171,-0.310672
3.543307,0.1919149,-0.04380333,0.6980737,0.6451171,-0.310672
3.543307,0.1539038,-0.1227342,0.6980737,0.6451171,-0.310672
3.503937,0.2302979,-0.052564,0.6980737,0.7160259,0.0
3.503937,0.2302979,0.052564,0.6980737,0.7160259,0.0
3.543307,0.1919149,-0.04380333,0.6980737,0.7160259,0.0
3.543307,0.09234172,-0.07364121,1.0,0.0,0.0
3.543307,0.08541019,-0.1773561,1.0,0.0,0.0
3.543307,0.1539038,-0.1227342,1.0,0.0,0.0
3.503937,0.1846846,-0.1472811,0.6980737,0.4464349,-0.5598116
3.543307,0.1539038,-0.1227342,0.6980737,0.4464349,-0.5598116
3.543307,0.08541019,-0.1773561,0.6980737,0.4464349,-0.5598116
3.543307,0.1151491,-0.0262811,1.0,0.0,0.0
3.543307,0.09234172,-0.07364121,1.0,0.0,0.0
3.543307,0.1539038,-0.1227342,1.0,0.0,0.0
3.543307,0.1151491,0.0262811,1.0,0.0,0.0
3.543307,0.1151491,-0.0262811,1.0,0.0,0.0
3.543307,0.1539038,-0.1227342,1.0,0.0,0.0
3.503937,0.1846846,-0.1472811,0.6980737,0.6451171,-0.310672
3.503937,0.2302979,-0.052564,0.6980737,0.6451171,-0.310672
3.543307,0.1539038,-0.1227342,0.6980737,0.6451171,-0.310672
3.543307,0.05124639,-0.1064134,1.0,0.0,0.0
3.543307,0.0,-0.1181102,1.0,0.0,0.0
3.543307,0.08541019,-0.1773561,1.0,0.0,0.0
3.543307,0.09234172,-0.07364121,1.0,0.0,0.0
3.543307,0.05124639,-0.1064134,1.0,0.0,0.0
3.543307,0.08541019,-0.1773561,1.0,0.0,0.0
3.503937,0.1024922,-0.2128273,0.6980737,0.4464349,-0.5598116
3.503937,0.1846846,-0.1472811,0.6980737,0.4464349,-0.5598116
3.543307,0.08541019,-0.1773561,0.6980737,0.4464349,-0.5598116
3.530999,-1.185313e-17,-0.09679134,0.8604403,-0.1133876,0.4967754
3.543307,0.0,-0.1181102,0.8604403,-0.1133876,0.4967754
3.543307,0.05124639,-0.1064134,0.8604403,-0.1133876,0.4967754
3.530999,-0.04199619,-0.08720598,0.8604386,0.1133883,0.4967782
3.543307,-0.05124639,-0.1064134,0.8604386,0.1133883,0.4967782
3.543307,0.0,-0.1181102,0.8604386,0.1133883,0.4967782
3.530999,-1.185313e-17,-0.09679134,0.8604404,0.1133858,0.4967755
3.530999,-0.04199619,-0.08720598,0.8604404,0.1133858,0.4967755
3.543307,0.0,-0.1181102,0.8604404,0.1133858,0.4967755
3.530999,0.04199619,-0.08720598,0.8604403,-0.3176985,0.3983844
3.543307,0.05124639,-0.1064134,0.8604403,-0.3176985,0.3983844
3.543307,0.09234172,-0.07364121,0.8604403,-0.3176985,0.3983844
3.530999,0.04199619,-0.08720598,0.8604384,-0.1133865,0.4967789
3.530999,-1.185313e-17,-0.09679134,0.8604384,-0.1133865,0.4967789
3.543307,0.05124639,-0.1064134,0.8604384,-0.1133865,0.4967789
3.530999,0.07567452,-0.06034841,0.8604379,-0.4590936,0.2210873
3.543307,0.09234172,-0.07364121,0.8604379,-0.4590936,0.2210873
3.543307,0.1151491,-0.0262811,0.8604379,-0.4590936,0.2210873
3.530999,0.07567452,-0.06034841,0.8604423,-0.3176979,0.3983806
3.530999,0.04199619,-0.08720598,0.8604423,-0.3176979,0.3983806
3.543307,0.09234172,-0.07364121,0.8604423,-0.3176979,0.3983806
3.530999,0.09436458,-0.0215381,0.8604418,-0.5095488,-1.31931e-14
3.543307,0.1151491,-0.0262811,0.8604418,-0.5095488,-1.31931e-14
3.543307,0.1151491,0.0262811,0.8604418,-0.5095488,-1.31931e-14
3.530999,0.09436458,-0.0215381,0.8604375,-0.4590941,0.2210881
3.530999,0.07567452,-0.06034841,0.8604375,-0.4590941,0.2210881
3.543307,0.1151491,-0.0262811,0.8604375,-0.4590941,0.2210881
3.530999,0.09436458,0.0215381,0.8604375,-0.4590943,-0.2210876
3.543307,0.1151491,0.0262811,0.8604375,-0.4590943,-0.2210876
3.543307,0.09234172,0.07364121,0.8604375,-0.4590943,-0.2210876
3.530999,0.09436458,0.0215381,0.8604418,-0.5095488,2.267203e-14
3.530999,0.09436458,-0.0215381,0.8604418,-0.5095488,2.267203e-14
3.543307,0.1151491,0.0262811,0.8604418,-0.5095488,2.267203e-14
3.530999,0.07567452,0.06034841,0.8604421,-0.3176966,-0.3983821
3.543307,0.09234172,0.07364121,0.8604421,-0.3176966,-0.3983821
3.543307,0.05124639,0.1064134,0.8604421,-0.3176966,-0.3983821
3.530999,0.07567452,0.06034841,0.860438,-0.4590933,-0.2210877
3.530999,0.09436458,0.0215381,0.860438,-0.4590933,-0.2210877
3.543307,0.09234172,0.07364121,0.860438,-0.4590933,-0.2210877
3.530999,0.04199619,0.08720598,0.8604386,-0.1133883,-0.4967782
3.543307,0.05124639,0.1064134,0.8604386,-0.1133883,-0.4967782
3.543307,0.0,0.1181102,0.8604386,-0.1133883,-0.4967782
3.530999,0.04199619,0.08720598,0.8604401,-0.3177002,-0.3983834
3.530999,0.07567452,0.06034841,0.8604401,-0.3177002,-0.3983834
3.543307,0.05124639,0.1064134,0.8604401,-0.3177002,-0.3983834
3.530999,0.0,0.09679134,0.8604403,0.1133876,-0.4967754
3.543307,0.0,0.1181102,0.8604403,0.1133876,-0.4967754
3.543307,-0.05124639,0.1064134,0.8604403,0.1133876,-0.4967754
3.530999,0.04199619,0.08720598,0.8604404,-0.1133858,-0.4967755
3.543307,0.0,0.1181102,0.8604404,-0.1133858,-0.4967755
3.530999,0.0,0.09679134,0.8604404,-0.1133858,-0.4967755
3.530999,-0.04199619,0.08720598,0.8604403,0.3176985,-0.3983844
3.543307,-0.05124639,0.1064134,0.8604403,0.3176985,-0.3983844
3.543307,-0.09234172,0.07364121,0.8604403,0.3176985,-0.3983844
3.530999,-0.04199619,0.08720598,0.8604384,0.1133865,-0.4967789
3.530999,0.0,0.09679134,0.8604384,0.1133865,-0.4967789
3.543307,-0.05124639,0.1064134,0.8604384,0.1133865,-0.4967789
3.530999,-0.07567452,0.06034841,0.8604379,0.4590936,-0.2210873
3.543307,-0.09234172,0.07364121,0.8604379,0.4590936,-0.2210873
3.543307,-0.1151491,0.0262811,0.8604379,0.4590936,-0.2210873
3.530999,-0.07567452,0.06034841,0.8604423,0.3176979,-0.3983806
3.530999,-0.04199619,0.08720598,0.8604423,0.3176979,-0.3983806
3.543307,-0.09234172,0.07364121,0.8604423,0.3176979,-0.3983806
3.530999,-0.09436458,0.0215381,0.8604418,0.5095488,1.31931e-14
3.543307,-0.1151491,0.0262811,0.8604418,0.5095488,1.31931e-14
3.543307,-0.1151491,-0.0262811,0.8604418,0.5095488,1.31931e-14
3.530999,-0.09436458,0.0215381,0.8604375,0.4590941,-0.2210881
3.530999,-0.07567452,0.06034841,0.8604375,0.4590941,-0.2210881
3.543307,-0.1151491,0.0262811,0.8604375,0.4590941,-0.2210881
3.530999,-0.09436458,-0.0215381,0.8604375,0.4590943,0.2210876
3.543307,-0.1151491,-0.0262811,0.8604375,0.4590943,0.2210876
3.543307,-0.09234172,-0.07364121,0.8604375,0.4590943,0.2210876
3.530999,-0.09436458,-0.0215381,0.8604418,0.5095488,3.120838e-14
3.530999,-0.09436458,0.0215381,0.8604418,0.5095488,3.120838e-14
3.543307,-0.1151491,-0.0262811,0.8604418,0.5095488,3.120838e-14
3.530999,-0.07567452,-0.06034841,0.8604421,0.3176966,0.3983821
3.543307,-0.09234172,-0.07364121,0.8604421,0.3176966,0.3983821
3.543307,-0.05124639,-0.1064134,0.8604421,0.3176966,0.3983821
3.530999,-0.07567452,-0.06034841,0.860438,0.4590933,0.2210877
3.530999,-0.09436458,-0.0215381,0.860438,0.4590933,0.2210877
3.543307,-0.09234172,-0.07364121,0.860438,0.4590933,0.2210877
3.530999,-0.04199619,-0.08720598,0.8604401,0.3177002,0.3983834
3.530999,-0.07567452,-0.06034841,0.8604401,0.3177002,0.3983834
3.543307,-0.05124639,-0.1064134,0.8604401,0.3177002,0.3983834
0.03937008,0.1024922,-0.2128273,0.0,0.2225209,-0.9749279
3.503937,0.1024922,-0.2128273,0.0,0.2225209,-0.9749279
3.503937,-2.892771e-17,-0.2362205,0.0,0.2225209,-0.9749279
0.03937008,-2.892771e-17,-0.2362205,0.0,-0.2225209,-0.9749279
3.503937,-2.892771e-17,-0.2362205,0.0,-0.2225209,-0.9749279
3.503937,-0.1024922,-0.2128273,0.0,-0.2225209,-0.9749279
0.03937008,0.1024922,-0.2128273,0.0,0.2225209,-0.9749279
3.503937,-2.892771e-17,-0.2362205,0.0,0.2225209,-0.9749279
0.03937008,-2.892771e-17,-0.2362205,0.0,0.2225209,-0.9749279
0.03937008,0.0,0.2362205,0.0,0.2225209,0.9749279
3.503937,0.0,0.2362205,0.0,0.2225209,0.9749279
3.503937,0.1024922,0.2128273,0.0,0.2225209,0.9749279
0.03937008,-0.1024922,0.2128273,0.0,-0.2225209,0.9749279
3.503937,-0.1024922,0.2128273,0.0,-0.2225209,0.9749279
3.503937,0.0,0.2362205,0.0,-0.2225209,0.9749279
0.03937008,0.0,0.2362205,0.0,-0.2225209,0.9749279
0.03937008,-0.1024922,0.2128273,0.0,-0.2225209,0.9749279
3.503937,0.0,0.2362205,0.0,-0.2225209,0.9749279
0.03937008,0.1024922,0.2128273,0.0,0.6234898,0.7818315
3.503937,0.1024922,0.2128273,0.0,0.6234898,0.7818315
3.503937,0.1846846,0.1472811,0.0,0.6234898,0.7818315
0.03937008,0.1024922,0.2128273,0.0,0.2225209,0.9749279
0.03937008,0.0,0.2362205,0.0,0.2225209,0.9749279
3.503937,0.1024922,0.2128273,0.0,0.2225209,0.9749279
0.03937008,0.1846846,0.1472811,0.0,0.9009689,0.4338837
3.503937,0.1846846,0.1472811,0.0,0.9009689,0.4338837
3.503937,0.2302979,0.052564,0.0,0.9009689,0.4338837
0.03937008,0.1846846,0.1472811,0.0,0.6234898,0.7818315
0.03937008,0.1024922,0.2128273,0.0,0.6234898,0.7818315
3.503937,0.1846846,0.1472811,0.0,0.6234898,0.7818315
0.6889764,0.2317331,0.04582458,0.000509828,0.9999999,0.0
3.503937,0.2302979,0.052564,0.000509828,0.9999999,0.0
3.503937,0.2302979,-0.052564,0.000509828,0.9999999,0.0
0.6889764,0.1968504,0.1305758,0.0299186,-0.2799468,0.9595492
0.03937008,0.1846846,0.1472811,0.0299186,-0.2799468,0.9595492
3.503937,0.2302979,0.052564,0.0299186,-0.2799468,0.9595492
0.6889764,0.2317331,0.04582458,-0.0004397816,0.9247351,0.3806111
0.6889764,0.1968504,0.1305758,-0.0004397816,0.9247351,0.3806111
3.503937,0.2302979,0.052564,-0.0004397816,0.9247351,0.3806111
0.6889764,0.1968504,-0.1305758,0.00131897,0.9009681,-0.4338834
3.503937,0.2302979,-0.052564,0.00131897,0.9009681,-0.4338834
3.503937,0.1846846,-0.1472811,0.00131897,0.9009681,-0.4338834
0.6889764,0.2317331,-0.04582458,0.000509828,0.9999999,8.297977e-14
0.6889764,0.2317331,0.04582458,0.000509828,0.9999999,8.297977e-14
3.503937,0.2302979,-0.052564,0.000509828,0.9999999,8.297977e-14
0.6889764,0.1968504,-0.1305758,-0.0004397816,0.9247351,-0.3806111
0.6889764,0.2317331,-0.04582458,-0.0004397816,0.9247351,-0.3806111
3.503937,0.2302979,-0.052564,-0.0004397816,0.9247351,-0.3806111
0.03937008,0.1846846,-0.1472811,0.0,0.6234898,-0.7818315
3.503937,0.1846846,-0.1472811,0.0,0.6234898,-0.7818315
3.503937,0.1024922,-0.2128273,0.0,0.6234898,-0.7818315
0.2952756,0.1968504,-0.1305758,0.0,0.8083561,-0.5886938
3.503937,0.1846846,-0.1472811,0.0,0.8083561,-0.5886938
0.03937008,0.1846846,-0.1472811,0.0,0.8083561,-0.5886938
0.2952756,0.1968504,-0.1305758,0.0,0.8083561,-0.5886938
0.6889764,0.1968504,-0.1305758,0.0,0.8083561,-0.5886938
3.503937,0.1846846,-0.1472811,0.0,0.8083561,-0.5886938
0.03937008,0.1024922,-0.2128273,0.0,0.6234898,-0.7818315
0.03937008,0.1846846,-0.1472811,0.0,0.6234898,-0.7818315
3.503937,0.1024922,-0.2128273,0.0,0.6234898,-0.7818315
0.03937008,-0.1024922,-0.2128273,0.0,-0.6234898,-0.7818315
3.503937,-0.1024922,-0.2128273,0.0,-0.6234898,-0.7818315
3.503937,-0.1846846,-0.1472811,0.0,-0.6234898,-0.7818315
0.03937008,-0.1024922,-0.2128273,0.0,-0.2225209,-0.9749279
0.03937008,-2.892771e-17,-0.2362205,0.0,-0.2225209,-0.9749279
3.503937,-0.1024922,-0.2128273,0.0,-0.2225209,-0.9749279
0.03937008,-0.1846846,-0.1472811,0.0,-0.9009689,-0.4338837
3.503937,-0.1846846,-0.1472811,0.0,-0.9009689,-0.4338837
3.503937,-0.2302979,-0.052564,0.0,-0.9009689,-0.4338837
0.03937008,-0.1846846,-0.1472811,0.0,-0.6234898,-0.7818315
0.03937008,-0.1024922,-0.2128273,0.0,-0.6234898,-0.7818315
3.503937,-0.1846846,-0.1472811,0.0,-0.6234898,-0.7818315
0.6889764,-0.2317331,-0.04582458,0.000509828,-0.9999999,0.0
3.503937,-0.2302979,-0.052564,0.000509828,-0.9999999,0.0
3.503937,-0.2302979,0.052564,0.000509828,-0.9999999,0.0
0.6889764,-0.1968504,-0.1305758,0.0299186,0.2799468,-0.9595492
0.03937008,-0.1846846,-0.1472811,0.0299186,0.2799468,-0.9595492
3.503937,-0.2302979,-0.052564,0.0299186,0.2799468,-0.9595492
0.6889764,-0.2317331,-0.04582458,-0.0004397816,-0.9247351,-0.3806111
0.6889764,-0.1968504,-0.1305758,-0.0004397816,-0.9247351,-0.3806111
3.503937,-0.2302979,-0.052564,-0.0004397816,-0.9247351,-0.3806111
0.6889764,-0.1968504,0.1305758,0.00131897,-0.9009681,0.4338834
3.503937,-0.2302979,0.052564,0.00131897,-0.9009681,0.4338834
3.503937,-0.1846846,0.1472811,0.00131897,-0.9009681,0.4338834
0.6889764,-0.2317331,0.04582458,0.000509828,-0.9999999,1.826161e-13
0.6889764,-0.2317331,-0.04582458,0.000509828,-0.9999999,1.826161e-13
3.503937,-0.2302979,0.052564,0.000509828,-0.9999999,1.826161e-13
0.6889764,-0.1968504,0.1305758,-0.0004397816,-0.9247351,0.3806111
0.6889764,-0.2317331,0.04582458,-0.0004397816,-0.9247351,0.3806111
3.503937,-0.2302979,0.052564,-0.0004397816,-0.9247351,0.3806111
0.03937008,-0.1846846,0.1472811,0.0,-0.6234898,0.7818315
3.503937,-0.1846846,0.1472811,0.0,-0.6234898,0.7818315
3.503937,-0.1024922,0.2128273,0.0,-0.6234898,0.7818315
0.2952756,-0.1968504,0.1305758,0.0,-0.8083561,0.5886938
3.503937,-0.1846846,0.1472811,0.0,-0.8083561,0.5886938
0.03937008,-0.1846846,0.1472811,0.0,-0.8083561,0.5886938
0.2952756,-0.1968504,0.1305758,0.0,-0.8083561,0.5886938
0.6889764,-0.1968504,0.1305758,0.0,-0.8083561,0.5886938
3.503937,-0.1846846,0.1472811,0.0,-0.8083561,0.5886938
0.03937008,-0.1024922,0.2128273,0.0,-0.6234898,0.7818315
0.03937008,-0.1846846,0.1472811,0.0,-0.6234898,0.7818315
3.503937,-0.1024922,0.2128273,0.0,-0.6234898,0.7818315
-5.7e-14,0.0,-0.1968504,-0.6980737,-0.1593308,-0.6980737
0.03937008,-2.892771e-17,-0.2362205,-0.6980737,-0.1593308,-0.6980737
0.03937008,-0.1024922,-0.2128273,-0.6980737,-0.1593308,-0.6980737
-5.7e-14,0.08541019,-0.1773561,-0.6980737,0.1593308,-0.6980737
0.03937008,0.1024922,-0.2128273,-0.6980737,0.1593308,-0.6980737
0.03937008,-2.892771e-17,-0.2362205,-0.6980737,0.1593308,-0.6980737
-5.7e-14,0.08541019,-0.1773561,-0.6980737,0.1593308,-0.6980737
0.03937008,-2.892771e-17,-0.2362205,-0.6980737,0.1593308,-0.6980737
-5.7e-14,0.0,-0.1968504,-0.6980737,0.1593308,-0.6980737
-5.7e-14,-0.08541019,-0.1773561,-0.6980737,-0.4464349,-0.5598116
0.03937008,-0.1024922,-0.2128273,-0.6980737,-0.4464349,-0.5598116
0.03937008,-0.1846846,-0.1472811,-0.6980737,-0.4464349,-0.5598116
-5.7e-14,-0.08541019,-0.1773561,-0.6980737,-0.1593308,-0.6980737
-5.7e-14,0.0,-0.1968504,-0.6980737,-0.1593308,-0.6980737
0.03937008,-0.1024922,-0.2128273,-0.6980737,-0.1593308,-0.6980737
0.2952756,-0.1968504,-0.1305758,-0.01450715,-0.9008741,-0.4338381
0.03937008,-0.2302979,-0.052564,-0.01450715,-0.9008741,-0.4338381
0.03937008,-0.1846846,-0.1472811,-0.01450715,-0.9008741,-0.4338381
-5.7e-14,-0.1539038,-0.1227342,-0.6980737,-0.6451171,-0.310672
0.03937008,-0.1846846,-0.1472811,-0.6980737,-0.6451171,-0.310672
0.03937008,-0.2302979,-0.052564,-0.6980737,-0.6451171,-0.310672
0.6889764,-0.1968504,-0.1305758,0.0,-0.8083561,-0.5886938
0.2952756,-0.1968504,-0.1305758,0.0,-0.8083561,-0.5886938
0.03937008,-0.1846846,-0.1472811,0.0,-0.8083561,-0.5886938
-5.7e-14,-0.1539038,-0.1227342,-0.6980737,-0.4464349,-0.5598116
-5.7e-14,-0.08541019,-0.1773561,-0.6980737,-0.4464349,-0.5598116
0.03937008,-0.1846846,-0.1472811,-0.6980737,-0.4464349,-0.5598116
0.2952756,-0.2317331,0.04582458,-0.00560802,-0.9999843,2.418002e-17
0.03937008,-0.2302979,0.052564,-0.00560802,-0.9999843,2.418002e-17
0.03937008,-0.2302979,-0.052564,-0.00560802,-0.9999843,2.418002e-17
-5.7e-14,-0.1919149,-0.04380333,-0.6980737,-0.7160259,2.926031e-15
0.03937008,-0.2302979,-0.052564,-0.6980737,-0.7160259,2.926031e-15
0.03937008,-0.2302979,0.052564,-0.6980737,-0.7160259,2.926031e-15
0.2952756,-0.2317331,-0.04582458,0.004837541,-0.9247244,-0.3806066
0.03937008,-0.2302979,-0.052564,0.004837541,-0.9247244,-0.3806066
0.2952756,-0.1968504,-0.1305758,0.004837541,-0.9247244,-0.3806066
0.2952756,-0.2317331,-0.04582458,-0.00560802,-0.9999843,1.826132e-13
0.2952756,-0.2317331,0.04582458,-0.00560802,-0.9999843,1.826132e-13
0.03937008,-0.2302979,-0.052564,-0.00560802,-0.9999843,1.826132e-13
-5.7e-14,-0.1919149,-0.04380333,-0.6980737,-0.6451171,-0.310672
-5.7e-14,-0.1539038,-0.1227342,-0.6980737,-0.6451171,-0.310672
0.03937008,-0.2302979,-0.052564,-0.6980737,-0.6451171,-0.310672
0.2952756,-0.1968504,0.1305758,-0.01450715,-0.9008741,0.4338381
0.03937008,-0.1846846,0.1472811,-0.01450715,-0.9008741,0.4338381
0.03937008,-0.2302979,0.052564,-0.01450715,-0.9008741,0.4338381
-5.7e-14,-0.1919149,0.04380333,-0.6980737,-0.6451171,0.310672
0.03937008,-0.2302979,0.052564,-0.6980737,-0.6451171,0.310672
0.03937008,-0.1846846,0.1472811,-0.6980737,-0.6451171,0.310672
0.2952756,-0.2317331,0.04582458,0.004837541,-0.9247244,0.3806066
0.2952756,-0.1968504,0.1305758,0.004837541,-0.9247244,0.3806066
0.03937008,-0.2302979,0.052564,0.004837541,-0.9247244,0.3806066
-5.7e-14,-0.1919149,0.04380333,-0.6980737,-0.7160259,0.0
-5.7e-14,-0.1919149,-0.04380333,-0.6980737,-0.7160259,0.0
0.03937008,-0.2302979,0.052564,-0.6980737,-0.7160259,0.0
-5.7e-14,-0.1539038,0.1227342,-0.6980737,-0.4464349,0.5598116
0.03937008,-0.1846846,0.1472811,-0.6980737,-0.4464349,0.5598116
0.03937008,-0.1024922,0.2128273,-0.6980737,-0.4464349,0.5598116
-5.7e-14,-0.1539038,0.1227342,-0.6980737,-0.6451171,0.310672
-5.7e-14,-0.1919149,0.04380333,-0.6980737,-0.6451171,0.310672
0.03937008,-0.1846846,0.1472811,-0.6980737,-0.6451171,0.310672
-5.7e-14,-0.08541019,0.1773561,-0.6980737,-0.1593308,0.6980737
0.03937008,-0.1024922,0.2128273,-0.6980737,-0.1593308,0.6980737
0.03937008,0.0,0.2362205,-0.6980737,-0.1593308,0.6980737
-5.7e-14,-0.08541019,0.1773561,-0.6980737,-0.4464349,0.5598116
-5.7e-14,-0.1539038,0.1227342,-0.6980737,-0.4464349,0.5598116
0.03937008,-0.1024922,0.2128273,-0.6980737,-0.4464349,0.5598116
-5.7e-14,0.0,0.1968504,-0.6980737,0.1593308,0.6980737
0.03937008,0.0,0.2362205,-0.6980737,0.1593308,0.6980737
0.03937008,0.1024922,0.2128273,-0.6980737,0.1593308,0.6980737
-5.7e-14,-0.08541019,0.1773561,-0.6980737,-0.1593308,0.6980737
0.03937008,0.0,0.2362205,-0.6980737,-0.1593308,0.6980737
-5.7e-14,0.0,0.1968504,-0.6980737,-0.1593308,0.6980737
0.2952756,-0.1968504,0.1305758,0.0,-1.0,0.0
0.2952756,-0.1968504,-0.1305758,0.0,-1.0,0.0
0.6889764,-0.1968504,-0.1305758,0.0,-1.0,0.0
0.2952756,-0.2317331,0.04582458,1.0,0.0,0.0
0.2952756,-0.1968504,-0.1305758,1.0,0.0,0.0
0.2952756,-0.1968504,0.1305758,1.0,0.0,0.0
0.2952756,-0.2317331,-0.04582458,1.0,0.0,0.0
0.2952756,-0.1968504,-0.1305758,1.0,0.0,0.0
0.2952756,-0.2317331,0.04582458,1.0,0.0,0.0
0.6889764,-0.1968504,0.1305758,-1.0,0.0,0.0
0.6889764,-0.1968504,-0.1305758,-1.0,0.0,0.0
0.6889764,-0.2317331,-0.04582458,-1.0,0.0,0.0
0.2952756,-0.1968504,0.1305758,0.0,-1.0,0.0
0.6889764,-0.1968504,-0.1305758,0.0,-1.0,0.0
0.6889764,-0.1968504,0.1305758,0.0,-1.0,0.0
0.6889764,-0.1968504,0.1305758,-1.0,0.0,0.0
0.6889764,-0.2317331,-0.04582458,-1.0,0.0,0.0
0.6889764,-0.2317331,0.04582458,-1.0,0.0,0.0
-5.7e-14,0.08541019,0.1773561,-0.6980737,0.4464349,0.5598116
0.03937008,0.1024922,0.2128273,-0.6980737,0.4464349,0.5598116
0.03937008,0.1846846,0.1472811,-0.6980737,0.4464349,0.5598116
-5.7e-14,0.08541019,0.1773561,-0.6980737,0.1593308,0.6980737
-5.7e-14,0.0,0.1968504,-0.6980737,0.1593308,0.6980737
0.03937008,0.1024922,0.2128273,-0.6980737,0.1593308,0.6980737
0.2952756,0.1968504,0.1305758,-0.01450715,0.9008741,0.4338381
0.03937008,0.2302979,0.052564,-0.01450715,0.9008741,0.4338381
0.03937008,0.1846846,0.1472811,-0.01450715,0.9008741,0.4338381
-5.7e-14,0.1539038,0.1227342,-0.6980737,0.6451171,0.310672
0.03937008,0.1846846,0.1472811,-0.6980737,0.6451171,0.310672
0.03937008,0.2302979,0.052564,-0.6980737,0.6451171,0.310672
0.6889764,0.1968504,0.1305758,0.0,0.8083561,0.5886938
0.2952756,0.1968504,0.1305758,0.0,0.8083561,0.5886938
0.03937008,0.1846846,0.1472811,0.0,0.8083561,0.5886938
-5.7e-14,0.1539038,0.1227342,-0.6980737,0.4464349,0.5598116
-5.7e-14,0.08541019,0.1773561,-0.6980737,0.4464349,0.5598116
0.03937008,0.1846846,0.1472811,-0.6980737,0.4464349,0.5598116
0.2952756,0.2317331,-0.04582458,-0.00560802,0.9999843,2.216502e-17
0.03937008,0.2302979,-0.052564,-0.00560802,0.9999843,2.216502e-17
0.03937008,0.2302979,0.052564,-0.00560802,0.9999843,2.216502e-17
-5.7e-14,0.1919149,0.04380333,-0.6980737,0.7160259,2.926031e-15
0.03937008,0.2302979,0.052564,-0.6980737,0.7160259,2.926031e-15
0.03937008,0.2302979,-0.052564,-0.6980737,0.7160259,2.926031e-15
0.2952756,0.2317331,0.04582458,0.004837541,0.9247244,0.3806066
0.03937008,0.2302979,0.052564,0.004837541,0.9247244,0.3806066
0.2952756,0.1968504,0.1305758,0.004837541,0.9247244,0.3806066
0.2952756,0.2317331,0.04582458,-0.00560802,0.9999843,8.297848e-14
0.2952756,0.2317331,-0.04582458,-0.00560802,0.9999843,8.297848e-14
0.03937008,0.2302979,0.052564,-0.00560802,0.9999843,8.297848e-14
-5.7e-14,0.1919149,0.04380333,-0.6980737,0.6451171,0.310672
-5.7e-14,0.1539038,0.1227342,-0.6980737,0.6451171,0.310672
0.03937008,0.2302979,0.052564,-0.6980737,0.6451171,0.310672
0.2952756,0.1968504,-0.1305758,-0.01450715,0.9008741,-0.4338381
0.03937008,0.1846846,-0.1472811,-0.01450715,0.9008741,-0.4338381
0.03937008,0.2302979,-0.052564,-0.01450715,0.9008741,-0.4338381
-5.7e-14,0.1919149,-0.04380333,-0.6980737,0.6451171,-0.310672
0.03937008,0.2302979,-0.052564,-0.6980737,0.6451171,-0.310672
0.03937008,0.1846846,-0.1472811,-0.6980737,0.6451171,-0.310672
0.2952756,0.2317331,-0.04582458,0.004837541,0.9247244,-0.3806066
0.2952756,0.1968504,-0.1305758,0.004837541,0.9247244,-0.3806066
0.03937008,0.2302979,-0.052564,0.004837541,0.9247244,-0.3806066
-5.7e-14,0.1919149,-0.04380333,-0.6980737,0.7160259,0.0
-5.7e-14,0.1919149,0.04380333,-0.6980737,0.7160259,0.0
0.03937008,0.2302979,-0.052564,-0.6980737,0.7160259,0.0
-5.7e-14,0.1539038,-0.1227342,-0.6980737,0.4464349,-0.5598116
0.03937008,0.1846846,-0.1472811,-0.6980737,0.4464349,-0.5598116
0.03937008,0.1024922,-0.2128273,-0.6980737,0.4464349,-0.5598116
-5.7e-14,0.1539038,-0.1227342,-0.6980737,0.6451171,-0.310672
-5.7e-14,0.1919149,-0.04380333,-0.6980737,0.6451171,-0.310672
0.03937008,0.1846846,-0.1472811,-0.6980737,0.6451171,-0.310672
-5.7e-14,0.08541019,-0.1773561,-0.6980737,0.4464349,-0.5598116
-5.7e-14,0.1539038,-0.1227342,-0.6980737,0.4464349,-0.5598116
0.03937008,0.1024922,-0.2128273,-0.6980737,0.4464349,-0.5598116
0.2952756,0.1968504,-0.1305758,0.0,1.0,0.0
0.2952756,0.1968504,0.1305758,0.0,1.0,0.0
0.6889764,0.1968504,0.1305758,0.0,1.0,0.0
0.2952756,0.2317331,-0.04582458,1.0,0.0,0.0
0.2952756,0.1968504,0.1305758,1.0,0.0,0.0
0.2952756,0.1968504,-0.1305758,1.0,0.0,0.0
0.2952756,0.2317331,0.04582458,1.0,0.0,0.0
0.2952756,0.1968504,0.1305758,1.0,0.0,0.0
0.2952756,0.2317331,-0.04582458,1.0,0.0,0.0
0.6889764,0.1968504,-0.1305758,-1.0,0.0,0.0
0.6889764,0.1968504,0.1305758,-1.0,0.0,0.0
0.6889764,0.2317331,0.04582458,-1.0,0.0,0.0
0.2952756,0.1968504,-0.1305758,0.0,1.0,0.0
0.6889764,0.1968504,0.1305758,0.0,1.0,0.0
0.6889764,0.1968504,-0.1305758,0.0,1.0,0.0
0.6889764,0.1968504,-0.1305758,-1.0,0.0,0.0
0.6889764,0.2317331,0.04582458,-1.0,0.0,0.0
0.6889764,0.2317331,-0.04582458,-1.0,0.0,0.0
-5.7e-14,0.08444258,-0.01927347,-1.0,0.0,0.0
-5.7e-14,0.08541019,-0.1773561,-1.0,0.0,0.0
-5.7e-14,0.0,-0.1968504,-1.0,0.0,0.0
-5.7e-14,0.0,-0.08661417,-1.0,0.0,0.0
-5.7e-14,0.0,-0.1968504,-1.0,0.0,0.0
-5.7e-14,-0.08541019,-0.1773561,-1.0,0.0,0.0
-5.7e-14,0.03758048,-0.07803667,-1.0,0.0,0.0
-5.7e-14,0.0,-0.1968504,-1.0,0.0,0.0
-5.7e-14,0.0,-0.08661417,-1.0,0.0,0.0
-5.7e-14,0.06771769,-0.05400305,-1.0,0.0,0.0
-5.7e-14,0.08444258,-0.01927347,-1.0,0.0,0.0
-5.7e-14,0.0,-0.1968504,-1.0,0.0,0.0
-5.7e-14,0.03758048,-0.07803667,-1.0,0.0,0.0
-5.7e-14,0.06771769,-0.05400305,-1.0,0.0,0.0
-5.7e-14,0.0,-0.1968504,-1.0,0.0,0.0
-5.7e-14,0.0,0.08661417,-1.0,0.0,0.0
-5.7e-14,0.0,0.1968504,-1.0,0.0,0.0
-5.7e-14,0.08541019,0.1773561,-1.0,0.0,0.0
-5.7e-14,-0.08444258,0.01927347,-1.0,0.0,0.0
-5.7e-14,-0.08541019,0.1773561,-1.0,0.0,0.0
-5.7e-14,0.0,0.1968504,-1.0,0.0,0.0
-5.7e-14,-0.06771769,0.05400305,-1.0,0.0,0.0
-5.7e-14,-0.08444258,0.01927347,-1.0,0.0,0.0
-5.7e-14,0.0,0.1968504,-1.0,0.0,0.0
-5.7e-14,-0.03758048,0.07803667,-1.0,0.0,0.0
-5.7e-14,-0.06771769,0.05400305,-1.0,0.0,0.0
-5.7e-14,0.0,0.1968504,-1.0,0.0,0.0
-5.7e-14,0.0,0.08661417,-1.0,0.0,0.0
-5.7e-14,-0.03758048,0.07803667,-1.0,0.0,0.0
-5.7e-14,0.0,0.1968504,-1.0,0.0,0.0
-5.7e-14,0.08541019,-0.1773561,-1.0,0.0,0.0
-5.7e-14,0.08541019,0.1773561,-1.0,0.0,0.0
-5.7e-14,0.1539038,0.1227342,-1.0,0.0,0.0
-5.7e-14,0.08444258,-0.01927347,-1.0,0.0,0.0
-5.7e-14,0.08541019,0.1773561,-1.0,0.0,0.0
-5.7e-14,0.08541019,-0.1773561,-1.0,0.0,0.0
-5.7e-14,0.03758048,0.07803667,-1.0,0.0,0.0
-5.7e-14,0.0,0.08661417,-1.0,0.0,0.0
-5.7e-14,0.08541019,0.1773561,-1.0,0.0,0.0
-5.7e-14,0.06771769,0.05400305,-1.0,0.0,0.0
-5.7e-14,0.03758048,0.07803667,-1.0,0.0,0.0
-5.7e-14,0.08541019,0.1773561,-1.0,0.0,0.0
-5.7e-14,0.08444258,0.01927347,-1.0,0.0,0.0
-5.7e-14,0.06771769,0.05400305,-1.0,0.0,0.0
-5.7e-14,0.08541019,0.1773561,-1.0,0.0,0.0
-5.7e-14,0.08444258,-0.01927347,-1.0,0.0,0.0
-5.7e-14,0.08444258,0.01927347,-1.0,0.0,0.0
-5.7e-14,0.08541019,0.1773561,-1.0,0.0,0.0
-5.7e-14,0.1539038,-0.1227342,-1.0,0.0,0.0
-5.7e-14,0.1539038,0.1227342,-1.0,0.0,0.0
-5.7e-14,0.1919149,0.04380333,-1.0,0.0,0.0
-5.7e-14,0.08541019,-0.1773561,-1.0,0.0,0.0
-5.7e-14,0.1539038,0.1227342,-1.0,0.0,0.0
-5.7e-14,0.1539038,-0.1227342,-1.0,0.0,0.0
-5.7e-14,0.1539038,-0.1227342,-1.0,0.0,0.0
-5.7e-14,0.1919149,0.04380333,-1.0,0.0,0.0
-5.7e-14,0.1919149,-0.04380333,-1.0,0.0,0.0
-5.7e-14,-0.08541019,0.1773561,-1.0,0.0,0.0
-5.7e-14,-0.08541019,-0.1773561,-1.0,0.0,0.0
-5.7e-14,-0.1539038,-0.1227342,-1.0,0.0,0.0
-5.7e-14,-0.08444258,0.01927347,-1.0,0.0,0.0
-5.7e-14,-0.08541019,-0.1773561,-1.0,0.0,0.0
-5.7e-14,-0.08541019,0.1773561,-1.0,0.0,0.0
-5.7e-14,-0.03758048,-0.07803667,-1.0,0.0,0.0
-5.7e-14,0.0,-0.08661417,-1.0,0.0,0.0
-5.7e-14,-0.08541019,-0.1773561,-1.0,0.0,0.0
-5.7e-14,-0.06771769,-0.05400305,-1.0,0.0,0.0
-5.7e-14,-0.03758048,-0.07803667,-1.0,0.0,0.0
-5.7e-14,-0.08541019,-0.1773561,-1.0,0.0,0.0
-5.7e-14,-0.08444258,-0.01927347,-1.0,0.0,0.0
-5.7e-14,-0.06771769,-0.05400305,-1.0,0.0,0.0
-5.7e-14,-0.08541019,-0.1773561,-1.0,0.0,0.0
-5.7e-14,-0.08444258,0.01927347,-1.0,0.0,0.0
-5.7e-14,-0.08444258,-0.01927347,-1.0,0.0,0.0
-5.7e-14,-0.08541019,-0.1773561,-1.0,0.0,0.0
-5.7e-14,-0.1539038,0.1227342,-1.0,0.0,0.0
-5.7e-14,-0.1539038,-0.1227342,-1.0,0.0,0.0
-5.7e-14,-0.1919149,-0.04380333,-1.0,0.0,0.0
-5.7e-14,-0.08541019,0.1773561,-1.0,0.0,0.0
-5.7e-14,-0.1539038,-0.1227342,-1.0,0.0,0.0
-5.7e-14,-0.1539038,0.1227342,-1.0,0.0,0.0
-5.7e-14,-0.1539038,0.1227342,-1.0,0.0,0.0
-5.7e-14,-0.1919149,-0.04380333,-1.0,0.0,0.0
-5.7e-14,-0.1919149,0.04380333,-1.0,0.0,0.0
-0.03937008,0.0,-0.08661417,-4.952112e-13,-0.2225209,-0.9749279
-5.7e-14,0.0,-0.08661417,-4.952112e-13,-0.2225209,-0.9749279
-5.7e-14,-0.03758048,-0.07803667,-4.952112e-13,-0.2225209,-0.9749279
-0.03937008,0.03758048,-0.07803667,-4.965913e-13,0.2225209,-0.9749279
-5.7e-14,0.03758048,-0.07803667,-4.965913e-13,0.2225209,-0.9749279
-5.7e-14,0.0,-0.08661417,-4.965913e-13,0.2225209,-0.9749279
-0.03937008,0.03758048,-0.07803667,-4.952009e-13,0.2225209,-0.9749279
-5.7e-14,0.0,-0.08661417,-4.952009e-13,0.2225209,-0.9749279
-0.03937008,0.0,-0.08661417,-4.952009e-13,0.2225209,-0.9749279
-0.03937008,-0.03758048,-0.07803667,-4.99969e-13,-0.6234898,-0.7818315
-5.7e-14,-0.03758048,-0.07803667,-4.99969e-13,-0.6234898,-0.7818315
-5.7e-14,-0.06771769,-0.05400305,-4.99969e-13,-0.6234898,-0.7818315
-0.03937008,-0.03758048,-0.07803667,-4.965913e-13,-0.2225209,-0.9749279
-0.03937008,0.0,-0.08661417,-4.965913e-13,-0.2225209,-0.9749279
-5.7e-14,-0.03758048,-0.07803667,-4.965913e-13,-0.2225209,-0.9749279
-0.03937008,-0.06771769,-0.05400305,-5.094855e-13,-0.9009689,-0.4338837
-5.7e-14,-0.06771769,-0.05400305,-5.094855e-13,-0.9009689,-0.4338837
-5.7e-14,-0.08444258,-0.01927347,-5.094855e-13,-0.9009689,-0.4338837
-0.03937008,-0.06771769,-0.05400305,-5.116335e-13,-0.6234898,-0.7818315
-0.03937008,-0.03758048,-0.07803667,-5.116335e-13,-0.6234898,-0.7818315
-5.7e-14,-0.06771769,-0.05400305,-5.116335e-13,-0.6234898,-0.7818315
-0.03937008,-0.08444258,-0.01927347,-5.079465e-13,-1.0,0.0
-5.7e-14,-0.08444258,-0.01927347,-5.079465e-13,-1.0,0.0
-5.7e-14,-0.08444258,0.01927347,-5.079465e-13,-1.0,0.0
-0.03937008,-0.08444258,-0.01927347,-5.127414e-13,-0.9009689,-0.4338837
-0.03937008,-0.06771769,-0.05400305,-5.127414e-13,-0.9009689,-0.4338837
-5.7e-14,-0.08444258,-0.01927347,-5.127414e-13,-0.9009689,-0.4338837
-0.03937008,-0.08444258,0.01927347,-5.127414e-13,-0.9009689,0.4338837
-5.7e-14,-0.08444258,0.01927347,-5.127414e-13,-0.9009689,0.4338837
-5.7e-14,-0.06771769,0.05400305,-5.127414e-13,-0.9009689,0.4338837
-0.03937008,-0.08444258,0.01927347,-5.079465e-13,-1.0,0.0
-0.03937008,-0.08444258,-0.01927347,-5.079465e-13,-1.0,0.0
-5.7e-14,-0.08444258,0.01927347,-5.079465e-13,-1.0,0.0
-0.03937008,-0.06771769,0.05400305,-5.116335e-13,-0.6234898,0.7818315
-5.7e-14,-0.06771769,0.05400305,-5.116335e-13,-0.6234898,0.7818315
-5.7e-14,-0.03758048,0.07803667,-5.116335e-13,-0.6234898,0.7818315
-0.03937008,-0.06771769,0.05400305,-5.094855e-13,-0.9009689,0.4338837
-0.03937008,-0.08444258,0.01927347,-5.094855e-13,-0.9009689,0.4338837
-5.7e-14,-0.06771769,0.05400305,-5.094855e-13,-0.9009689,0.4338837
-0.03937008,-0.03758048,0.07803667,-4.965913e-13,-0.2225209,0.9749279
-5.7e-14,-0.03758048,0.07803667,-4.965913e-13,-0.2225209,0.9749279
-5.7e-14,0.0,0.08661417,-4.965913e-13,-0.2225209,0.9749279
-0.03937008,-0.03758048,0.07803667,-4.99969e-13,-0.6234898,0.7818315
-0.03937008,-0.06771769,0.05400305,-4.99969e-13,-0.6234898,0.7818315
-5.7e-14,-0.03758048,0.07803667,-4.99969e-13,-0.6234898,0.7818315
-0.03937008,0.0,0.08661417,-4.952112e-13,0.2225209,0.9749279
-5.7e-14,0.0,0.08661417,-4.952112e-13,0.2225209,0.9749279
-5.7e-14,0.03758048,0.07803667,-4.952112e-13,0.2225209,0.9749279
-0.03937008,0.0,0.08661417,-4.952112e-13,-0.2225209,0.9749279
-0.03937008,-0.03758048,0.07803667,-4.952112e-13,-0.2225209,0.9749279
-5.7e-14,0.0,0.08661417,-4.952112e-13,-0.2225209,0.9749279
-0.03937008,0.03758048,0.07803667,-4.99969e-13,0.6234898,0.7818315
-5.7e-14,0.03758048,0.07803667,-4.99969e-13,0.6234898,0.7818315
-5.7e-14,0.06771769,0.05400305,-4.99969e-13,0.6234898,0.7818315
-0.03937008,0.03758048,0.07803667,-4.965913e-13,0.2225209,0.9749279
-0.03937008,0.0,0.08661417,-4.965913e-13,0.2225209,0.9749279
-5.7e-14,0.03758048,0.07803667,-4.965913e-13,0.2225209,0.9749279
-0.03937008,0.06771769,0.05400305,-5.094855e-13,0.9009689,0.4338837
-5.7e-14,0.06771769,0.05400305,-5.094855e-13,0.9009689,0.4338837
-5.7e-14,0.08444258,0.01927347,-5.094855e-13,0.9009689,0.4338837
-0.03937008,0.06771769,0.05400305,-5.116335e-13,0.6234898,0.7818315
-0.03937008,0.03758048,0.07803667,-5.116335e-13,0.6234898,0.7818315
-5.7e-14,0.06771769,0.05400305,-5.116335e-13,0.6234898,0.7818315
-0.03937008,0.08444258,0.01927347,-5.079465e-13,1.0,0.0
-5.7e-14,0.08444258,0.01927347,-5.079465e-13,1.0,0.0
-5.7e-14,0.08444258,-0.01927347,-5.079465e-13,1.0,0.0
-0.03937008,0.08444258,0.01927347,-5.127414e-13,0.9009689,0.4338837
-0.03937008,0.06771769,0.05400305,-5.127414e-13,0.9009689,0.4338837
-5.7e-14,0.08444258,0.01927347,-5.127414e-13,0.9009689,0.4338837
-0.03937008,0.08444258,-0.01927347,-5.127414e-13,0.9009689,-0.4338837
-5.7e-14,0.08444258,-0.01927347,-5.127414e-13,0.9009689,-0.4338837
-5.7e-14,0.06771769,-0.05400305,-5.127414e-13,0.9009689,-0.4338837
-0.03937008,0.08444258,-0.01927347,-5.079465e-13,1.0,0.0
-0.03937008,0.08444258,0.01927347,-5.079465e-13,1.0,0.0
-5.7e-14,0.08444258,-0.01927347,-5.079465e-13,1.0,0.0
-0.03937008,0.06771769,-0.05400305,-5.116335e-13,0.6234898,-0.7818315
-5.7e-14,0.06771769,-0.05400305,-5.116335e-13,0.6234898,-0.7818315
-5.7e-14,0.03758048,-0.07803667,-5.116335e-13,0.6234898,-0.7818315
-0.03937008,0.06771769,-0.05400305,-5.094855e-13,0.9009689,-0.4338837
-0.03937008,0.08444258,-0.01927347,-5.094855e-13,0.9009689,-0.4338837
-5.7e-14,0.06771769,-0.05400305,-5.094855e-13,0.9009689,-0.4338837
-0.03937008,0.03758048,-0.07803667,-4.99969e-13,0.6234898,-0.7818315
-0.03937008,0.06771769,-0.05400305,-4.99969e-13,0.6234898,-0.7818315
-5.7e-14,0.03758048,-0.07803667,-4.99969e-13,0.6234898,-0.7818315
-0.03937008,0.0,-0.1181102,1.0,0.0,0.0
-0.03937008,0.0,-0.08661417,1.0,0.0,0.0
-0.03937008,-0.03758048,-0.07803667,1.0,0.0,0.0
-0.03937008,0.05124611,-0.1064136,1.0,0.0,0.0
-0.03937008,0.03758048,-0.07803667,1.0,0.0,0.0
-0.03937008,0.0,-0.08661417,1.0,0.0,0.0
-0.03937008,0.05124611,-0.1064136,1.0,0.0,0.0
-0.03937008,0.0,-0.08661417,1.0,0.0,0.0
-0.03937008,0.0,-0.1181102,1.0,0.0,0.0
-0.03937008,-0.05124611,-0.1064136,1.0,0.0,0.0
-0.03937008,-0.03758048,-0.07803667,1.0,0.0,0.0
-0.03937008,-0.06771769,-0.05400305,1.0,0.0,0.0
-0.03937008,-0.05124611,-0.1064136,1.0,0.0,0.0
-0.03937008,0.0,-0.1181102,1.0,0.0,0.0
-0.03937008,-0.03758048,-0.07803667,1.0,0.0,0.0
-0.03937008,-0.05124611,-0.1064136,1.0,0.0,0.0
-0.03937008,-0.06771769,-0.05400305,1.0,0.0,0.0
-0.03937008,-0.08444258,-0.01927347,1.0,0.0,0.0
-0.03937008,-0.0923423,0.07364052,1.0,0.0,0.0
-0.03937008,-0.08444258,-0.01927347,1.0,0.0,0.0
-0.03937008,-0.08444258,0.01927347,1.0,0.0,0.0
-0.03937008,-0.0923423,-0.07364052,1.0,0.0,0.0
-0.03937008,-0.05124611,-0.1064136,1.0,0.0,0.0
-0.03937008,-0.08444258,-0.01927347,1.0,0.0,0.0
-0.03937008,-0.0923423,0.07364052,1.0,0.0,0.0
-0.03937008,-0.0923423,-0.07364052,1.0,0.0,0.0
-0.03937008,-0.08444258,-0.01927347,1.0,0.0,0.0
-0.03937008,-0.0923423,0.07364052,1.0,0.0,0.0
-0.03937008,-0.08444258,0.01927347,1.0,0.0,0.0
-0.03937008,-0.06771769,0.05400305,1.0,0.0,0.0
-0.03937008,-0.05124611,0.1064136,1.0,0.0,0.0
-0.03937008,-0.06771769,0.05400305,1.0,0.0,0.0
-0.03937008,-0.03758048,0.07803667,1.0,0.0,0.0
-0.03937008,-0.05124611,0.1064136,1.0,0.0,0.0
-0.03937008,-0.0923423,0.07364052,1.0,0.0,0.0
-0.03937008,-0.06771769,0.05400305,1.0,0.0,0.0
-0.03937008,-0.05124611,0.1064136,1.0,0.0,0.0
-0.03937008,-0.03758048,0.07803667,1.0,0.0,0.0
-0.03937008,0.0,0.08661417,1.0,0.0,0.0
-0.03937008,0.0,0.1181102,1.0,0.0,0.0
-0.03937008,0.0,0.08661417,1.0,0.0,0.0
-0.03937008,0.03758048,0.07803667,1.0,0.0,0.0
-0.03937008,0.0,0.1181102,1.0,0.0,0.0
-0.03937008,-0.05124611,0.1064136,1.0,0.0,0.0
-0.03937008,0.0,0.08661417,1.0,0.0,0.0
-0.03937008,0.05124611,0.1064136,1.0,0.0,0.0
-0.03937008,0.03758048,0.07803667,1.0,0.0,0.0
-0.03937008,0.06771769,0.05400305,1.0,0.0,0.0
-0.03937008,0.05124611,0.1064136,1.0,0.0,0.0
-0.03937008,0.0,0.1181102,1.0,0.0,0.0
-0.03937008,0.03758048,0.07803667,1.0,0.0,0.0
-0.03937008,0.05124611,0.1064136,1.0,0.0,0.0
-0.03937008,0.06771769,0.05400305,1.0,0.0,0.0
-0.03937008,0.08444258,0.01927347,1.0,0.0,0.0
-0.03937008,0.0923423,-0.07364052,1.0,0.0,0.0
-0.03937008,0.08444258,0.01927347,1.0,0.0,0.0
-0.03937008,0.08444258,-0.01927347,1.0,0.0,0.0
-0.03937008,0.0923423,0.07364052,1.0,0.0,0.0
-0.03937008,0.05124611,0.1064136,1.0,0.0,0.0
-0.03937008,0.08444258,0.01927347,1.0,0.0,0.0
-0.03937008,0.0923423,-0.07364052,1.0,0.0,0.0
-0.03937008,0.0923423,0.07364052,1.0,0.0,0.0
-0.03937008,0.08444258,0.01927347,1.0,0.0,0.0
-0.03937008,0.0923423,-0.07364052,1.0,0.0,0.0
-0.03937008,0.08444258,-0.01927347,1.0,0.0,0.0
-0.03937008,0.06771769,-0.05400305,1.0,0.0,0.0
-0.03937008,0.05124611,-0.1064136,1.0,0.0,0.0
-0.03937008,0.06771769,-0.05400305,1.0,0.0,0.0
-0.03937008,0.03758048,-0.07803667,1.0,0.0,0.0
-0.03937008,0.05124611,-0.1064136,1.0,0.0,0.0
-0.03937008,0.0923423,-0.07364052,1.0,0.0,0.0
-0.03937008,0.06771769,-0.05400305,1.0,0.0,0.0
-0.3149606,-1.446385e-17,-0.1181102,1.415497e-13,-0.2225209,-0.9749279
-0.03937008,0.0,-0.1181102,1.415497e-13,-0.2225209,-0.9749279
-0.03937008,-0.05124611,-0.1064136,1.415497e-13,-0.2225209,-0.9749279
-0.3149606,0.05124611,-0.1064136,-1.129167e-09,0.2225209,-0.9749279
-0.03937008,0.05124611,-0.1064136,-1.129167e-09,0.2225209,-0.9749279
-0.03937008,0.0,-0.1181102,-1.129167e-09,0.2225209,-0.9749279
-0.3149606,0.05124611,-0.1064136,1.415302e-13,0.2225209,-0.9749279
-0.03937008,0.0,-0.1181102,1.415302e-13,0.2225209,-0.9749279
-0.3149606,-1.446385e-17,-0.1181102,1.415302e-13,0.2225209,-0.9749279
-0.3149606,-0.05124611,-0.1064136,1.818919e-09,-0.6234898,-0.7818315
-0.03937008,-0.05124611,-0.1064136,1.818919e-09,-0.6234898,-0.7818315
-0.03937008,-0.0923423,-0.07364052,1.818919e-09,-0.6234898,-0.7818315
-0.3149606,-0.05124611,-0.1064136,-1.129167e-09,-0.2225209,-0.9749279
-0.3149606,-1.446385e-17,-0.1181102,-1.129167e-09,-0.2225209,-0.9749279
-0.03937008,-0.05124611,-0.1064136,-1.129167e-09,-0.2225209,-0.9749279
-0.03937008,-0.115149,0.026282,1.0,0.0,0.0
-0.03937008,-0.115149,-0.026282,1.0,0.0,0.0
-0.03937008,-0.0923423,-0.07364052,1.0,0.0,0.0
-0.3149606,-0.0923423,-0.07364053,-3.59873e-09,-0.9009689,-0.4338837
-0.03937008,-0.0923423,-0.07364052,-3.59873e-09,-0.9009689,-0.4338837
-0.03937008,-0.115149,-0.026282,-3.59873e-09,-0.9009689,-0.4338837
-0.03937008,-0.0923423,0.07364052,1.0,0.0,0.0
-0.03937008,-0.115149,0.026282,1.0,0.0,0.0
-0.03937008,-0.0923423,-0.07364052,1.0,0.0,0.0
-0.3149606,-0.0923423,-0.07364053,3.771379e-09,-0.6234898,-0.7818315
-0.3149606,-0.05124611,-0.1064136,3.771379e-09,-0.6234898,-0.7818315
-0.03937008,-0.0923423,-0.07364052,3.771379e-09,-0.6234898,-0.7818315
-0.3149606,-0.115149,-0.026282,3.924629e-09,-1.0,0.0
-0.03937008,-0.115149,-0.026282,3.924629e-09,-1.0,0.0
-0.03937008,-0.115149,0.026282,3.924629e-09,-1.0,0.0
-0.3149606,-0.115149,-0.026282,-3.44555e-09,-0.9009689,-0.4338837
-0.3149606,-0.0923423,-0.07364053,-3.44555e-09,-0.9009689,-0.4338837
-0.03937008,-0.115149,-0.026282,-3.44555e-09,-0.9009689,-0.4338837
-0.3149606,-0.115149,0.026282,-3.44555e-09,-0.9009689,0.4338837
-0.03937008,-0.115149,0.026282,-3.44555e-09,-0.9009689,0.4338837
-0.03937008,-0.0923423,0.07364052,-3.44555e-09,-0.9009689,0.4338837
-0.3149606,-0.115149,0.026282,3.92463e-09,-1.0,-2.64017e-16
-0.3149606,-0.115149,-0.026282,3.92463e-09,-1.0,-2.64017e-16
-0.03937008,-0.115149,0.026282,3.92463e-09,-1.0,-2.64017e-16
-0.3149606,-0.0923423,0.07364053,3.771379e-09,-0.6234898,0.7818315
-0.03937008,-0.0923423,0.07364052,3.771379e-09,-0.6234898,0.7818315
-0.03937008,-0.05124611,0.1064136,3.771379e-09,-0.6234898,0.7818315
-0.3149606,-0.0923423,0.07364053,-3.59873e-09,-0.9009689,0.4338837
-0.3149606,-0.115149,0.026282,-3.59873e-09,-0.9009689,0.4338837
-0.03937008,-0.0923423,0.07364052,-3.59873e-09,-0.9009689,0.4338837
-0.3149606,-0.05124611,0.1064136,-1.129167e-09,-0.2225209,0.9749279
-0.03937008,-0.05124611,0.1064136,-1.129167e-09,-0.2225209,0.9749279
-0.03937008,0.0,0.1181102,-1.129167e-09,-0.2225209,0.9749279
-0.3149606,-0.05124611,0.1064136,1.818919e-09,-0.6234898,0.7818315
-0.3149606,-0.0923423,0.07364053,1.818919e-09,-0.6234898,0.7818315
-0.03937008,-0.05124611,0.1064136,1.818919e-09,-0.6234898,0.7818315
-0.3149606,0.0,0.1181102,1.41538e-13,0.2225209,0.9749279
-0.03937008,0.0,0.1181102,1.41538e-13,0.2225209,0.9749279
-0.03937008,0.05124611,0.1064136,1.41538e-13,0.2225209,0.9749279
-0.3149606,0.0,0.1181102,1.41538e-13,-0.2225209,0.9749279
-0.3149606,-0.05124611,0.1064136,1.41538e-13,-0.2225209,0.9749279
-0.03937008,0.0,0.1181102,1.41538e-13,-0.2225209,0.9749279
-0.3149606,0.05124611,0.1064136,1.818919e-09,0.6234898,0.7818315
-0.03937008,0.05124611,0.1064136,1.818919e-09,0.6234898,0.7818315
-0.03937008,0.0923423,0.07364052,1.818919e-09,0.6234898,0.7818315
-0.3149606,0.05124611,0.1064136,-1.129167e-09,0.2225209,0.9749279
-0.3149606,0.0,0.1181102,-1.129167e-09,0.2225209,0.9749279
-0.03937008,0.05124611,0.1064136,-1.129167e-09,0.2225209,0.9749279
-0.03937008,0.115149,-0.026282,1.0,0.0,0.0
-0.03937008,0.115149,0.026282,1.0,0.0,0.0
-0.03937008,0.0923423,0.07364052,1.0,0.0,0.0
-0.3149606,0.0923423,0.07364053,-3.59873e-09,0.9009689,0.4338837
-0.03937008,0.0923423,0.07364052,-3.59873e-09,0.9009689,0.4338837
-0.03937008,0.115149,0.026282,-3.59873e-09,0.9009689,0.4338837
-0.03937008,0.0923423,-0.07364052,1.0,0.0,0.0
-0.03937008,0.115149,-0.026282,1.0,0.0,0.0
-0.03937008,0.0923423,0.07364052,1.0,0.0,0.0
-0.3149606,0.0923423,0.07364053,3.771379e-09,0.6234898,0.7818315
-0.3149606,0.05124611,0.1064136,3.771379e-09,0.6234898,0.7818315
-0.03937008,0.0923423,0.07364052,3.771379e-09,0.6234898,0.7818315
-0.3149606,0.115149,0.026282,3.92463e-09,1.0,0.0
-0.03937008,0.115149,0.026282,3.92463e-09,1.0,0.0
-0.03937008,0.115149,-0.026282,3.92463e-09,1.0,0.0
-0.3149606,0.115149,0.026282,-3.44555e-09,0.9009689,0.4338837
-0.3149606,0.0923423,0.07364053,-3.44555e-09,0.9009689,0.4338837
-0.03937008,0.115149,0.026282,-3.44555e-09,0.9009689,0.4338837
-0.3149606,0.115149,-0.026282,-3.44555e-09,0.9009689,-0.4338837
-0.03937008,0.115149,-0.026282,-3.44555e-09,0.9009689,-0.4338837
-0.03937008,0.0923423,-0.07364052,-3.44555e-09,0.9009689,-0.4338837
-0.3149606,0.115149,-0.026282,3.92463e-09,1.0,2.640169e-16
-0.3149606,0.115149,0.026282,3.92463e-09,1.0,2.640169e-16
-0.03937008,0.115149,-0.026282,3.92463e-09,1.0,2.640169e-16
-0.3149606,0.0923423,-0.07364053,3.771379e-09,0.6234898,-0.7818315
-0.03937008,0.0923423,-0.07364052,3.771379e-09,0.6234898,-0.7818315
-0.03937008,0.05124611,-0.1064136,3.771379e-09,0.6234898,-0.7818315
-0.3149606,0.0923423,-0.07364053,-3.59873e-09,0.9009689,-0.4338837
-0.3149606,0.115149,-0.026282,-3.59873e-09,0.9009689,-0.4338837
-0.03937008,0.0923423,-0.07364052,-3.59873e-09,0.9009689,-0.4338837
-0.3149606,0.05124611,-0.1064136,1.818919e-09,0.6234898,-0.7818315
-0.3149606,0.0923423,-0.07364053,1.818919e-09,0.6234898,-0.7818315
-0.03937008,0.05124611,-0.1064136,1.818919e-09,0.6234898,-0.7818315
-0.3543307,0.0,-0.07874016,-0.6980737,-0.1593308,-0.6980737
-0.3149606,-1.446385e-17,-0.1181102,-0.6980737,-0.1593308,-0.6980737
-0.3149606,-0.05124611,-0.1064136,-0.6980737,-0.1593308,-0.6980737
-0.3543307,0.03416407,-0.07094243,-0.6980737,0.1593308,-0.6980737
-0.3149606,0.05124611,-0.1064136,-0.6980737,0.1593308,-0.6980737
-0.3149606,-1.446385e-17,-0.1181102,-0.6980737,0.1593308,-0.6980737
-0.3543307,0.03416407,-0.07094243,-0.6980737,0.1593307,-0.6980737
-0.3149606,-1.446385e-17,-0.1181102,-0.6980737,0.1593307,-0.6980737
-0.3543307,0.0,-0.07874016,-0.6980737,0.1593307,-0.6980737
-0.3543307,-0.03416407,-0.07094243,-0.6980737,-0.4464349,-0.5598116
-0.3149606,-0.05124611,-0.1064136,-0.6980737,-0.4464349,-0.5598116
-0.3149606,-0.0923423,-0.07364053,-0.6980737,-0.4464349,-0.5598116
-0.3543307,-0.03416407,-0.07094243,-0.6980737,-0.1593307,-0.6980737
-0.3543307,0.0,-0.07874016,-0.6980737,-0.1593307,-0.6980737
-0.3149606,-0.05124611,-0.1064136,-0.6980737,-0.1593307,-0.6980737
-0.3543307,-0.06156154,-0.04909368,-0.6980737,-0.6451171,-0.310672
-0.3149606,-0.0923423,-0.07364053,-0.6980737,-0.6451171,-0.310672
-0.3149606,-0.115149,-0.026282,-0.6980737,-0.6451171,-0.310672
-0.3543307,-0.06156154,-0.04909368,-0.6980737,-0.4464349,-0.5598116
-0.3543307,-0.03416407,-0.07094243,-0.6980737,-0.4464349,-0.5598116
-0.3149606,-0.0923423,-0.07364053,-0.6980737,-0.4464349,-0.5598116
-0.3543307,-0.07676598,-0.01752133,-0.6980737,-0.7160259,5.702009e-15
-0.3149606,-0.115149,-0.026282,-0.6980737,-0.7160259,5.702009e-15
-0.3149606,-0.115149,0.026282,-0.6980737,-0.7160259,5.702009e-15
-0.3543307,-0.07676598,-0.01752133,-0.6980737,-0.6451171,-0.310672
-0.3543307,-0.06156154,-0.04909368,-0.6980737,-0.6451171,-0.310672
-0.3149606,-0.115149,-0.026282,-0.6980737,-0.6451171,-0.310672
-0.3543307,-0.07676598,0.01752133,-0.6980737,-0.6451171,0.310672
-0.3149606,-0.115149,0.026282,-0.6980737,-0.6451171,0.310672
-0.3149606,-0.0923423,0.07364053,-0.6980737,-0.6451171,0.310672
-0.3543307,-0.07676598,0.01752133,-0.6980737,-0.7160259,-2.835646e-16
-0.3543307,-0.07676598,-0.01752133,-0.6980737,-0.7160259,-2.835646e-16
-0.3149606,-0.115149,0.026282,-0.6980737,-0.7160259,-2.835646e-16
-0.3543307,-0.06156154,0.04909368,-0.6980737,-0.4464349,0.5598116
-0.3149606,-0.0923423,0.07364053,-0.6980737,-0.4464349,0.5598116
-0.3149606,-0.05124611,0.1064136,-0.6980737,-0.4464349,0.5598116
-0.3543307,-0.06156154,0.04909368,-0.6980737,-0.6451171,0.310672
-0.3543307,-0.07676598,0.01752133,-0.6980737,-0.6451171,0.310672
-0.3149606,-0.0923423,0.07364053,-0.6980737,-0.6451171,0.310672
-0.3543307,-0.03416407,0.07094243,-0.6980737,-0.1593308,0.6980737
-0.3149606,-0.05124611,0.1064136,-0.6980737,-0.1593308,0.6980737
-0.3149606,0.0,0.1181102,-0.6980737,-0.1593308,0.6980737
-0.3543307,-0.03416407,0.07094243,-0.6980737,-0.4464349,0.5598116
-0.3543307,-0.06156154,0.04909368,-0.6980737,-0.4464349,0.5598116
-0.3149606,-0.05124611,0.1064136,-0.6980737,-0.4464349,0.5598116
-0.3543307,0.0,0.07874016,-0.6980737,0.1593308,0.6980737
-0.3149606,0.0,0.1181102,-0.6980737,0.1593308,0.6980737
-0.3149606,0.05124611,0.1064136,-0.6980737,0.1593308,0.6980737
-0.3543307,-0.03416407,0.07094243,-0.6980737,-0.1593307,0.6980737
-0.3149606,0.0,0.1181102,-0.6980737,-0.1593307,0.6980737
-0.3543307,0.0,0.07874016,-0.6980737,-0.1593307,0.6980737
-0.3543307,0.03416407,0.07094243,-0.6980737,0.4464349,0.5598116
-0.3149606,0.05124611,0.1064136,-0.6980737,0.4464349,0.5598116
-0.3149606,0.0923423,0.07364053,-0.6980737,0.4464349,0.5598116
-0.3543307,0.03416407,0.07094243,-0.6980737,0.1593307,0.6980737
-0.3543307,0.0,0.07874016,-0.6980737,0.1593307,0.6980737
-0.3149606,0.05124611,0.1064136,-0.6980737,0.1593307,0.6980737
-0.3543307,0.06156154,0.04909368,-0.6980737,0.6451171,0.310672
-0.3149606,0.0923423,0.07364053,-0.6980737,0.6451171,0.310672
-0.3149606,0.115149,0.026282,-0.6980737,0.6451171,0.310672
-0.3543307,0.06156154,0.04909368,-0.6980737,0.4464349,0.5598116
-0.3543307,0.03416407,0.07094243,-0.6980737,0.4464349,0.5598116
-0.3149606,0.0923423,0.07364053,-0.6980737,0.4464349,0.5598116
-0.3543307,0.07676598,0.01752133,-0.6980737,0.7160259,6.077142e-15
-0.3149606,0.115149,0.026282,-0.6980737,0.7160259,6.077142e-15
-0.3149606,0.115149,-0.026282,-0.6980737,0.7160259,6.077142e-15
-0.3543307,0.07676598,0.01752133,-0.6980737,0.6451171,0.310672
-0.3543307,0.06156154,0.04909368,-0.6980737,0.6451171,0.310672
-0.3149606,0.115149,0.026282,-0.6980737,0.6451171,0.310672
-0.3543307,0.07676598,-0.01752133,-0.6980737,0.6451171,-0.310672
-0.3149606,0.115149,-0.026282,-0.6980737,0.6451171,-0.310672
-0.3149606,0.0923423,-0.07364053,-0.6980737,0.6451171,-0.310672
-0.3543307,0.07676598,-0.01752133,-0.6980737,0.7160259,0.0
-0.3543307,0.07676598,0.01752133,-0.6980737,0.7160259,0.0
-0.3149606,0.115149,-0.026282,-0.6980737,0.7160259,0.0
-0.3543307,0.06156154,-0.04909368,-0.6980737,0.4464349,-0.5598116
-0.3149606,0.0923423,-0.07364053,-0.6980737,0.4464349,-0.5598116
-0.3149606,0.05124611,-0.1064136,-0.6980737,0.4464349,-0.5598116
-0.3543307,0.06156154,-0.04909368,-0.6980737,0.6451171,-0.310672
-0.3543307,0.07676598,-0.01752133,-0.6980737,0.6451171,-0.310672
-0.3149606,0.0923423,-0.07364053,-0.6980737,0.6451171,-0.310672
-0.3543307,0.03416407,-0.07094243,-0.6980737,0.4464349,-0.5598116
-0.3543307,0.06156154,-0.04909368,-0.6980737,0.4464349,-0.5598116
-0.3149606,0.05124611,-0.1064136,-0.6980737,0.4464349,-0.5598116
-0.3543307,0.03416407,0.07094243,-1.0,0.0,0.0
-0.3543307,0.0,-0.07874016,-1.0,0.0,0.0
-0.3543307,0.0,0.07874016,-1.0,0.0,0.0
-0.3543307,-0.03416407,-0.07094243,-1.0,0.0,0.0
-0.3543307,0.0,0.07874016,-1.0,0.0,0.0
-0.3543307,0.0,-0.07874016,-1.0,0.0,0.0
-0.3543307,0.03416407,-0.07094243,-1.0,0.0,0.0
-0.3543307,0.0,-0.07874016,-1.0,0.0,0.0
-0.3543307,0.03416407,0.07094243,-1.0,0.0,0.0
-0.3543307,-0.03416407,0.07094243,-1.0,0.0,0.0
-0.3543307,0.0,0.07874016,-1.0,0.0,0.0
-0.3543307,-0.03416407,-0.07094243,-1.0,0.0,0.0
-0.3543307,0.03416407,-0.07094243,-1.0,0.0,0.0
-0.3543307,0.03416407,0.07094243,-1.0,0.0,0.0
-0.3543307,0.06156154,0.04909368,-1.0,0.0,0.0
-0.3543307,0.06156154,-0.04909368,-1.0,0.0,0.0
-0.3543307,0.06156154,0.04909368,-1.0,0.0,0.0
-0.3543307,0.07676598,0.01752133,-1.0,0.0,0.0
-0.3543307,0.03416407,-0.07094243,-1.0,0.0,0.0
-0.3543307,0.06156154,0.04909368,-1.0,0.0,0.0
-0.3543307,0.06156154,-0.04909368,-1.0,0.0,0.0
-0.3543307,0.06156154,-0.04909368,-1.0,0.0,0.0
-0.3543307,0.07676598,0.01752133,-1.0,0.0,0.0
-0.3543307,0.07676598,-0.01752133,-1.0,0.0,0.0
-0.3543307,-0.03416407,0.07094243,-1.0,0.0,0.0
-0.3543307,-0.03416407,-0.07094243,-1.0,0.0,0.0
-0.3543307,-0.06156154,-0.04909368,-1.0,0.0,0.0
-0.3543307,-0.06156154,0.04909368,-1.0,0.0,0.0
-0.3543307,-0.06156154,-0.04909368,-1.0,0.0,0.0
-0.3543307,-0.07676598,-0.01752133,-1.0,0.0,0.0
-0.3543307,-0.03416407,0.07094243,-1.0,0.0,0.0
-0.3543307,-0.06156154,-0.04909368,-1.0,0.0,0.0
-0.3543307,-0.06156154,0.04909368,-1.0,0.0,0.0
-0.3543307,-0.06156154,0.04909368,-1.0,0.0,0.0
-0.3543307,-0.07676598,-0.01752133,-1.0,0.0,0.0
-0.3543307,-0.07676598,0.01752133,-1.0,0.0,0.0
2.834646,0.0,0.09679134,0.0,0.2225209,-0.9749279
3.530999,0.0,0.09679134,0.0,0.2225209,-0.9749279
3.530999,-0.04199619,0.08720598,0.0,0.2225209,-0.9749279
2.834646,0.04199619,0.08720598,-4.614913e-17,-0.2225209,-0.9749279
3.530999,0.04199619,0.08720598,-4.614913e-17,-0.2225209,-0.9749279
3.530999,0.0,0.09679134,-4.614913e-17,-0.2225209,-0.9749279
2.834646,0.0215381,0.09436458,-0.006925925,-0.3302711,-0.9438607
2.834646,0.04199619,0.08720598,-0.006925925,-0.3302711,-0.9438607
3.530999,0.0,0.09679134,-0.006925925,-0.3302711,-0.9438607
2.834646,0.0,0.09679134,0.0,-0.1119645,-0.9937122
2.834646,0.0215381,0.09436458,0.0,-0.1119645,-0.9937122
3.530999,0.0,0.09679134,0.0,-0.1119645,-0.9937122
2.834646,-0.04199619,0.08720598,-1.082818e-16,0.6234898,-0.7818315
3.530999,-0.04199619,0.08720598,-1.082818e-16,0.6234898,-0.7818315
3.530999,-0.07567452,0.06034841,-1.082818e-16,0.6234898,-0.7818315
2.834646,-0.0215381,0.09436458,-0.006925925,0.1119618,-0.9936884
2.834646,0.0,0.09679134,-0.006925925,0.1119618,-0.9936884
3.530999,-0.04199619,0.08720598,-0.006925925,0.1119618,-0.9936884
2.834646,-0.04199619,0.08720598,3.765369e-17,0.3302791,-0.9438833
2.834646,-0.0215381,0.09436458,3.765369e-17,0.3302791,-0.9438833
3.530999,-0.04199619,0.08720598,3.765369e-17,0.3302791,-0.9438833
2.834646,-0.07567452,0.06034841,-1.300076e-15,0.9009689,-0.4338837
3.530999,-0.07567452,0.06034841,-1.300076e-15,0.9009689,-0.4338837
3.530999,-0.09436458,0.0215381,-1.300076e-15,0.9009689,-0.4338837
2.834646,-0.06034841,0.07567452,-0.006925925,0.5320193,-0.8467039
2.834646,-0.04199619,0.08720598,-0.006925925,0.5320193,-0.8467039
3.530999,-0.07567452,0.06034841,-0.006925925,0.5320193,-0.8467039
2.834646,-0.07567452,0.06034841,6.270986e-16,0.7071068,-0.7071068
2.834646,-0.06034841,0.07567452,6.270986e-16,0.7071068,-0.7071068
3.530999,-0.07567452,0.06034841,6.270986e-16,0.7071068,-0.7071068
2.834646,-0.09436458,0.0215381,1.215684e-15,1.0,9.020714e-15
3.530999,-0.09436458,0.0215381,1.215684e-15,1.0,9.020714e-15
3.530999,-0.09436458,-0.0215381,1.215684e-15,1.0,9.020714e-15
2.834646,-0.08720598,0.04199619,-0.006925925,0.8467039,-0.5320193
2.834646,-0.07567452,0.06034841,-0.006925925,0.8467039,-0.5320193
3.530999,-0.09436458,0.0215381,-0.006925925,0.8467039,-0.5320193
2.834646,-0.09436458,0.0215381,-6.215057e-16,0.9438833,-0.3302791
2.834646,-0.08720598,0.04199619,-6.215057e-16,0.9438833,-0.3302791
3.530999,-0.09436458,0.0215381,-6.215057e-16,0.9438833,-0.3302791
2.834646,-0.09436458,-0.0215381,-6.850548e-16,0.9009689,0.4338837
3.530999,-0.09436458,-0.0215381,-6.850548e-16,0.9009689,0.4338837
3.530999,-0.07567452,-0.06034841,-6.850548e-16,0.9009689,0.4338837
2.834646,-0.09679134,-2.803706e-14,-0.006925925,0.9936884,-0.1119618
2.834646,-0.09436458,0.0215381,-0.006925925,0.9936884,-0.1119618
3.530999,-0.09436458,-0.0215381,-0.006925925,0.9936884,-0.1119618
2.834646,-0.09436458,-0.0215381,3.238453e-16,0.9937122,0.1119645
2.834646,-0.09679134,-2.803706e-14,3.238453e-16,0.9937122,0.1119645
3.530999,-0.09436458,-0.0215381,3.238453e-16,0.9937122,0.1119645
2.834646,-0.07567452,-0.06034841,-1.082692e-15,0.6234898,0.7818315
3.530999,-0.07567452,-0.06034841,-1.082692e-15,0.6234898,0.7818315
3.530999,-0.04199619,-0.08720598,-1.082692e-15,0.6234898,0.7818315
2.834646,-0.08720598,-0.04199619,-0.006925925,0.9438607,0.3302711
2.834646,-0.09436458,-0.0215381,-0.006925925,0.9438607,0.3302711
3.530999,-0.07567452,-0.06034841,-0.006925925,0.9438607,0.3302711
2.834646,-0.07567452,-0.06034841,5.513358e-16,0.8467242,0.5320321
2.834646,-0.08720598,-0.04199619,5.513358e-16,0.8467242,0.5320321
3.530999,-0.07567452,-0.06034841,5.513358e-16,0.8467242,0.5320321
2.834646,-0.04199619,-0.08720598,0.0,0.2225209,0.9749279
3.530999,-0.04199619,-0.08720598,0.0,0.2225209,0.9749279
3.530999,-1.185313e-17,-0.09679134,0.0,0.2225209,0.9749279
2.834646,-0.06034841,-0.07567452,-0.006925925,0.7070898,0.7070898
2.834646,-0.07567452,-0.06034841,-0.006925925,0.7070898,0.7070898
3.530999,-0.04199619,-0.08720598,-0.006925925,0.7070898,0.7070898
2.834646,-0.04199619,-0.08720598,0.0,0.5320321,0.8467242
2.834646,-0.06034841,-0.07567452,0.0,0.5320321,0.8467242
3.530999,-0.04199619,-0.08720598,0.0,0.5320321,0.8467242
2.834646,-1.185313e-17,-0.09679134,0.0,-0.2225209,0.9749279
3.530999,-1.185313e-17,-0.09679134,0.0,-0.2225209,0.9749279
3.530999,0.04199619,-0.08720598,0.0,-0.2225209,0.9749279
2.834646,-0.0215381,-0.09436458,0.0,0.1119645,0.9937122
3.530999,-1.185313e-17,-0.09679134,0.0,0.1119645,0.9937122
2.834646,-1.185313e-17,-0.09679134,0.0,0.1119645,0.9937122
2.834646,-0.0215381,-0.09436458,-0.006925925,0.3302711,0.9438607
2.834646,-0.04199619,-0.08720598,-0.006925925,0.3302711,0.9438607
3.530999,-1.185313e-17,-0.09679134,-0.006925925,0.3302711,0.9438607
2.834646,0.04199619,-0.08720598,-7.100477e-17,-0.6234898,0.7818315
3.530999,0.04199619,-0.08720598,-7.100477e-17,-0.6234898,0.7818315
3.530999,0.07567452,-0.06034841,-7.100477e-17,-0.6234898,0.7818315
2.834646,0.0215381,-0.09436458,-0.006925925,-0.1119618,0.9936884
2.834646,-1.185313e-17,-0.09679134,-0.006925925,-0.1119618,0.9936884
3.530999,0.04199619,-0.08720598,-0.006925925,-0.1119618,0.9936884
2.834646,0.04199619,-0.08720598,5.740033e-17,-0.3302791,0.9438833
2.834646,0.0215381,-0.09436458,5.740033e-17,-0.3302791,0.9438833
3.530999,0.04199619,-0.08720598,5.740033e-17,-0.3302791,0.9438833
2.834646,0.07567452,-0.06034841,-1.344281e-15,-0.9009689,0.4338837
3.530999,0.07567452,-0.06034841,-1.344281e-15,-0.9009689,0.4338837
3.530999,0.09436458,-0.0215381,-1.344281e-15,-0.9009689,0.4338837
2.834646,0.06034841,-0.07567452,-0.006925925,-0.5320193,0.8467039
2.834646,0.04199619,-0.08720598,-0.006925925,-0.5320193,0.8467039
3.530999,0.07567452,-0.06034841,-0.006925925,-0.5320193,0.8467039
2.834646,0.07567452,-0.06034841,6.76421e-16,-0.7071068,0.7071068
2.834646,0.06034841,-0.07567452,6.76421e-16,-0.7071068,0.7071068
3.530999,0.07567452,-0.06034841,6.76421e-16,-0.7071068,0.7071068
2.834646,0.09436458,-0.0215381,1.175825e-15,-1.0,-7.73204e-15
3.530999,0.09436458,-0.0215381,1.175825e-15,-1.0,-7.73204e-15
3.530999,0.09436458,0.0215381,1.175825e-15,-1.0,-7.73204e-15
2.834646,0.08720598,-0.04199619,-0.006925925,-0.8467039,0.5320193
2.834646,0.07567452,-0.06034841,-0.006925925,-0.8467039,0.5320193
3.530999,0.09436458,-0.0215381,-0.006925925,-0.8467039,0.5320193
2.834646,0.09436458,-0.0215381,-5.998876e-16,-0.9438833,0.3302791
2.834646,0.08720598,-0.04199619,-5.998876e-16,-0.9438833,0.3302791
3.530999,0.09436458,-0.0215381,-5.998876e-16,-0.9438833,0.3302791
2.834646,0.09436458,0.0215381,-6.772462e-16,-0.9009689,-0.4338837
3.530999,0.09436458,0.0215381,-6.772462e-16,-0.9009689,-0.4338837
3.530999,0.07567452,0.06034841,-6.772462e-16,-0.9009689,-0.4338837
2.834646,0.09679134,-2.801778e-14,-0.006925925,-0.9936884,0.1119618
2.834646,0.09436458,-0.0215381,-0.006925925,-0.9936884,0.1119618
3.530999,0.09436458,0.0215381,-0.006925925,-0.9936884,0.1119618
2.834646,0.09436458,0.0215381,3.562012e-16,-0.9937122,-0.1119645
2.834646,0.09679134,-2.801778e-14,3.562012e-16,-0.9937122,-0.1119645
3.530999,0.09436458,0.0215381,3.562012e-16,-0.9937122,-0.1119645
2.834646,0.07567452,0.06034841,-1.18604e-15,-0.6234898,-0.7818315
3.530999,0.07567452,0.06034841,-1.18604e-15,-0.6234898,-0.7818315
3.530999,0.04199619,0.08720598,-1.18604e-15,-0.6234898,-0.7818315
2.834646,0.08720598,0.04199619,-0.006925925,-0.9438607,-0.3302711
2.834646,0.09436458,0.0215381,-0.006925925,-0.9438607,-0.3302711
3.530999,0.07567452,0.06034841,-0.006925925,-0.9438607,-0.3302711
2.834646,0.07567452,0.06034841,5.904543e-16,-0.8467242,-0.5320321
2.834646,0.08720598,0.04199619,5.904543e-16,-0.8467242,-0.5320321
3.530999,0.07567452,0.06034841,5.904543e-16,-0.8467242,-0.5320321
2.834646,0.06034841,0.07567452,-0.006925925,-0.7070898,-0.7070898
2.834646,0.07567452,0.06034841,-0.006925925,-0.7070898,-0.7070898
3.530999,0.04199619,0.08720598,-0.006925925,-0.7070898,-0.7070898
2.834646,0.04199619,0.08720598,3.75616e-17,-0.5320321,-0.8467242
2.834646,0.06034841,0.07567452,3.75616e-17,-0.5320321,-0.8467242
3.530999,0.04199619,0.08720598,3.75616e-17,-0.5320321,-0.8467242
2.778763,0.0,-2.8e-14,0.8646544,-0.05624728,0.4992084
2.834646,-1.185313e-17,-0.09679134,0.8646544,-0.05624728,0.4992084
2.834646,0.0215381,-0.09436458,0.8646544,-0.05624728,0.4992084
2.778763,0.0,-2.8e-14,0.8646544,0.05624728,0.4992084
2.834646,-0.0215381,-0.09436458,0.8646544,0.05624728,0.4992084
2.834646,-1.185313e-17,-0.09679134,0.8646544,0.05624728,0.4992084
2.778763,0.0,-2.8e-14,0.8646544,-0.1659214,0.474176
2.834646,0.0215381,-0.09436458,0.8646544,-0.1659214,0.474176
2.834646,0.04199619,-0.08720598,0.8646544,-0.1659214,0.474176
2.778763,0.0,-2.8e-14,0.8646544,-0.2672755,0.4253665
2.834646,0.04199619,-0.08720598,0.8646544,-0.2672755,0.4253665
2.834646,0.06034841,-0.07567452,0.8646544,-0.2672755,0.4253665
2.778763,0.0,-2.8e-14,0.8646544,-0.3552273,0.3552273
2.834646,0.06034841,-0.07567452,0.8646544,-0.3552273,0.3552273
2.834646,0.07567452,-0.06034841,0.8646544,-0.3552273,0.3552273
2.778763,0.0,-2.8e-14,0.8646544,-0.4253665,0.2672755
2.834646,0.07567452,-0.06034841,0.8646544,-0.4253665,0.2672755
2.834646,0.08720598,-0.04199619,0.8646544,-0.4253665,0.2672755
2.778763,0.0,-2.8e-14,0.8646544,-0.474176,0.1659214
2.834646,0.08720598,-0.04199619,0.8646544,-0.474176,0.1659214
2.834646,0.09436458,-0.0215381,0.8646544,-0.474176,0.1659214
2.778763,0.0,-2.8e-14,0.8646544,-0.4992084,0.05624728
2.834646,0.09436458,-0.0215381,0.8646544,-0.4992084,0.05624728
2.834646,0.09679134,-2.801778e-14,0.8646544,-0.4992084,0.05624728
2.778763,0.0,-2.8e-14,0.8646544,-0.4992084,-0.05624728
2.834646,0.09679134,-2.801778e-14,0.8646544,-0.4992084,-0.05624728
2.834646,0.09436458,0.0215381,0.8646544,-0.4992084,-0.05624728
2.778763,0.0,-2.8e-14,0.8646544,-0.474176,-0.1659214
2.834646,0.09436458,0.0215381,0.8646544,-0.474176,-0.1659214
2.834646,0.08720598,0.04199619,0.8646544,-0.474176,-0.1659214
2.778763,0.0,-2.8e-14,0.8646544,-0.4253665,-0.2672755
2.834646,0.08720598,0.04199619,0.8646544,-0.4253665,-0.2672755
2.834646,0.07567452,0.06034841,0.8646544,-0.4253665,-0.2672755
2.778763,0.0,-2.8e-14,0.8646544,-0.3552273,-0.3552273
2.834646,0.07567452,0.06034841,0.8646544,-0.3552273,-0.3552273
2.834646,0.06034841,0.07567452,0.8646544,-0.3552273,-0.3552273
2.778763,0.0,-2.8e-14,0.8646544,-0.2672755,-0.4253665
2.834646,0.06034841,0.07567452,0.8646544,-0.2672755,-0.4253665
2.834646,0.04199619,0.08720598,0.8646544,-0.2672755,-0.4253665
2.778763,0.0,-2.8e-14,0.8646544,-0.1659214,-0.474176
2.834646,0.04199619,0.08720598,0.8646544,-0.1659214,-0.474176
2.834646,0.0215381,0.09436458,0.8646544,-0.1659214,-0.474176
2.778763,0.0,-2.8e-14,0.8646544,-0.05624728,-0.4992084
2.834646,0.0215381,0.09436458,0.8646544,-0.05624728,-0.4992084
2.834646,0.0,0.09679134,0.8646544,-0.05624728,-0.4992084
2.778763,0.0,-2.8e-14,0.8646544,0.05624728,-0.4992084
2.834646,0.0,0.09679134,0.8646544,0.05624728,-0.4992084
2.834646,-0.0215381,0.09436458,0.8646544,0.05624728,-0.4992084
2.778763,0.0,-2.8e-14,0.8646544,0.1659214,-0.474176
2.834646,-0.0215381,0.09436458,0.8646544,0.1659214,-0.474176
2.834646,-0.04199619,0.08720598,0.8646544,0.1659214,-0.474176
2.778763,0.0,-2.8e-14,0.8646544,0.2672755,-0.4253665
2.834646,-0.04199619,0.08720598,0.8646544,0.2672755,-0.4253665
2.834646,-0.06034841,0.07567452,0.8646544,0.2672755,-0.4253665
2.778763,0.0,-2.8e-14,0.8646544,0.3552273,-0.3552273
2.834646,-0.06034841,0.07567452,0.8646544,0.3552273,-0.3552273
2.834646,-0.07567452,0.06034841,0.8646544,0.3552273,-0.3552273
2.778763,0.0,-2.8e-14,0.8646544,0.4253665,-0.2672755
2.834646,-0.07567452,0.06034841,0.8646544,0.4253665,-0.2672755
2.834646,-0.08720598,0.04199619,0.8646544,0.4253665,-0.2672755
2.778763,0.0,-2.8e-14,0.8646544,0.474176,-0.1659214
2.834646,-0.08720598,0.04199619,0.8646544,0.474176,-0.1659214
2.834646,-0.09436458,0.0215381,0.8646544,0.474176,-0.1659214
2.778763,0.0,-2.8e-14,0.8646544,0.4992084,-0.05624728
2.834646,-0.09436458,0.0215381,0.8646544,0.4992084,-0.05624728
2.834646,-0.09679134,-2.803706e-14,0.8646544,0.4992084,-0.05624728
2.778763,0.0,-2.8e-14,0.8646544,0.4992084,0.05624728
2.834646,-0.09679134,-2.803706e-14,0.8646544,0.4992084,0.05624728
2.834646,-0.09436458,-0.0215381,0.8646544,0.4992084,0.05624728
2.778763,0.0,-2.8e-14,0.8646544,0.474176,0.1659214
2.834646,-0.09436458,-0.0215381,0.8646544,0.474176,0.1659214
2.834646,-0.08720598,-0.04199619,0.8646544,0.474176,0.1659214
2.778763,0.0,-2.8e-14,0.8646544,0.4253665,0.2672755
2.834646,-0.08720598,-0.04199619,0.8646544,0.4253665,0.2672755
2.834646,-0.07567452,-0.06034841,0.8646544,0.4253665,0.2672755
2.778763,0.0,-2.8e-14,0.8646544,0.3552273,0.3552273
2.834646,-0.07567452,-0.06034841,0.8646544,0.3552273,0.3552273
2.834646,-0.06034841,-0.07567452,0.8646544,0.3552273,0.3552273
2.778763,0.0,-2.8e-14,0.8646544,0.2672755,0.4253665
2.834646,-0.06034841,-0.07567452,0.8646544,0.2672755,0.4253665
2.834646,-0.04199619,-0.08720598,0.8646544,0.2672755,0.4253665
2.778763,0.0,-2.8e-14,0.8646544,0.1659214,0.474176
2.834646,-0.04199619,-0.08720598,0.8646544,0.1659214,0.474176
2.834646,-0.0215381,-0.09436458,0.8646544,0.1659214,0.474176
