5.4,-0.05807892,0.1206021,1.0,0.0,0.0
5.4,-0.05807892,-0.1206021,1.0,0.0,0.0
5.4,0.0,-0.1338583,1.0,0.0,0.0
5.337008,-2.410642e-17,-0.1968504,0.6980737,-0.1593308,-0.6980737
5.4,0.0,-0.1338583,0.6980737,-0.1593308,-0.6980737
5.4,-0.05807892,-0.1206021,0.6980737,-0.1593308,-0.6980737
5.4,0.0,0.1338583,1.0,0.0,0.0
5.4,-0.05807892,0.1206021,1.0,0.0,0.0
5.4,0.0,-0.1338583,1.0,0.0,0.0
5.4,0.05807892,-0.1206021,1.0,0.0,0.0
5.4,0.0,0.1338583,1.0,0.0,0.0
5.4,0.0,-0.1338583,1.0,0.0,0.0
5.337008,0.08541018,-0.1773561,0.6980737,0.1593308,-0.6980737
5.4,0.05807892,-0.1206021,0.6980737,0.1593308,-0.6980737
5.4,0.0,-0.1338583,0.6980737,0.1593308,-0.6980737
5.337008,0.08541018,-0.1773561,0.6980737,0.1593308,-0.6980737
5.4,0.0,-0.1338583,0.6980737,0.1593308,-0.6980737
5.337008,-2.410642e-17,-0.1968504,0.6980737,0.1593308,-0.6980737
5.4,-0.1046546,0.08345927,1.0,0.0,0.0
5.4,-0.1046546,-0.08345927,1.0,0.0,0.0
5.4,-0.05807892,-0.1206021,1.0,0.0,0.0
5.337008,-0.08541018,-0.1773561,0.6980737,-0.4464349,-0.5598116
5.4,-0.05807892,-0.1206021,0.6980737,-0.4464349,-0.5598116
5.4,-0.1046546,-0.08345927,0.6980737,-0.4464349,-0.5598116
5.4,-0.05807892,0.1206021,1.0,0.0,0.0
5.4,-0.1046546,0.08345927,1.0,0.0,0.0
5.4,-0.05807892,-0.1206021,1.0,0.0,0.0
5.337008,-0.08541018,-0.1773561,0.6980737,-0.1593308,-0.6980737
5.337008,-2.410642e-17,-0.1968504,0.6980737,-0.1593308,-0.6980737
5.4,-0.05807892,-0.1206021,0.6980737,-0.1593308,-0.6980737
5.4,-0.1305022,0.02978627,1.0,0.0,0.0
5.4,-0.1305022,-0.02978627,1.0,0.0,0.0
5.4,-0.1046546,-0.08345927,1.0,0.0,0.0
5.337008,-0.1539038,-0.1227342,0.6980737,-0.6451171,-0.310672
5.4,-0.1046546,-0.08345927,0.6980737,-0.6451171,-0.310672
5.4,-0.1305022,-0.02978627,0.6980737,-0.6451171,-0.310672
5.4,-0.1046546,0.08345927,1.0,0.0,0.0
5.4,-0.1305022,0.02978627,1.0,0.0,0.0
5.4,-0.1046546,-0.08345927,1.0,0.0,0.0
5.337008,-0.1539038,-0.1227342,0.6980737,-0.4464349,-0.5598116
5.337008,-0.08541018,-0.1773561,0.6980737,-0.4464349,-0.5598116
5.4,-0.1046546,-0.08345927,0.6980737,-0.4464349,-0.5598116
5.337008,-0.1919149,-0.04380333,0.6980737,-0.7160259,0.0
5.4,-0.1305022,-0.02978627,0.6980737,-0.7160259,0.0
5.4,-0.1305022,0.02978627,0.6980737,-0.7160259,0.0
5.337008,-0.1919149,-0.04380333,0.6980737,-0.6451171,-0.310672
5.337008,-0.1539038,-0.1227342,0.6980737,-0.6451171,-0.310672
5.4,-0.1305022,-0.02978627,0.6980737,-0.6451171,-0.310672
5.337008,-0.1919149,0.04380333,0.6980737,-0.6451171,0.310672
5.4,-0.1305022,0.02978627,0.6980737,-0.6451171,0.310672
5.4,-0.1046546,0.08345927,0.6980737,-0.6451171,0.310672
5.337008,-0.1919149,0.04380333,0.6980737,-0.7160259,2.268516e-16
5.337008,-0.1919149,-0.04380333,0.6980737,-0.7160259,2.268516e-16
5.4,-0.1305022,0.02978627,0.6980737,-0.7160259,2.268516e-16
5.337008,-0.1539038,0.1227342,0.6980737,-0.4464349,0.5598116
5.4,-0.1046546,0.08345927,0.6980737,-0.4464349,0.5598116
5.4,-0.05807892,0.1206021,0.6980737,-0.4464349,0.5598116
5.337008,-0.1539038,0.1227342,0.6980737,-0.6451171,0.310672
5.337008,-0.1919149,0.04380333,0.6980737,-0.6451171,0.310672
5.4,-0.1046546,0.08345927,0.6980737,-0.6451171,0.310672
5.337008,-0.08541018,0.1773561,0.6980737,-0.1593308,0.6980737
5.4,-0.05807892,0.1206021,0.6980737,-0.1593308,0.6980737
5.4,0.0,0.1338583,0.6980737,-0.1593308,0.6980737
5.337008,-0.08541018,0.1773561,0.6980737,-0.4464349,0.5598116
5.337008,-0.1539038,0.1227342,0.6980737,-0.4464349,0.5598116
5.4,-0.05807892,0.1206021,0.6980737,-0.4464349,0.5598116
5.4,0.05807892,-0.1206021,1.0,0.0,0.0
5.4,0.05807892,0.1206021,1.0,0.0,0.0
5.4,0.0,0.1338583,1.0,0.0,0.0
5.337008,0.0,0.1968504,0.6980737,0.1593308,0.6980737
5.4,0.0,0.1338583,0.6980737,0.1593308,0.6980737
5.4,0.05807892,0.1206021,0.6980737,0.1593308,0.6980737
5.337008,-0.08541018,0.1773561,0.6980737,-0.1593308,0.6980737
5.4,0.0,0.1338583,0.6980737,-0.1593308,0.6980737
5.337008,0.0,0.1968504,0.6980737,-0.1593308,0.6980737
5.4,0.1046546,-0.08345927,1.0,0.0,0.0
5.4,0.1046546,0.08345927,1.0,0.0,0.0
5.4,0.05807892,0.1206021,1.0,0.0,0.0
5.337008,0.08541018,0.1773561,0.6980737,0.4464349,0.5598116
5.4,0.05807892,0.1206021,0.6980737,0.4464349,0.5598116
5.4,0.1046546,0.08345927,0.6980737,0.4464349,0.5598116
5.4,0.05807892,-0.1206021,1.0,0.0,0.0
5.4,0.1046546,-0.08345927,1.0,0.0,0.0
5.4,0.05807892,0.1206021,1.0,0.0,0.0
5.337008,0.08541018,0.1773561,0.6980737,0.1593308,0.6980737
5.337008,0.0,0.1968504,0.6980737,0.1593308,0.6980737
5.4,0.05807892,0.1206021,0.6980737,0.1593308,0.6980737
5.4,0.1305022,-0.02978627,1.0,0.0,0.0
5.4,0.1305022,0.02978627,1.0,0.0,0.0
5.4,0.1046546,0.08345927,1.0,0.0,0.0
5.337008,0.1539038,0.1227342,0.6980737,0.6451171,0.310672
5.4,0.1046546,0.08345927,0.6980737,0.6451171,0.310672
5.4,0.1305022,0.02978627,0.6980737,0.6451171,0.310672
5.4,0.1046546,-0.08345927,1.0,0.0,0.0
5.4,0.1305022,-0.02978627,1.0,0.0,0.0
5.4,0.1046546,0.08345927,1.0,0.0,0.0
5.337008,0.1539038,0.1227342,0.6980737,0.4464349,0.5598116
5.337008,0.08541018,0.1773561,0.6980737,0.4464349,0.5598116
5.4,0.1046546,0.08345927,0.6980737,0.4464349,0.5598116
5.337008,0.1919149,0.04380333,0.6980737,0.7160259,0.0
5.4,0.1305022,0.02978627,0.6980737,0.7160259,0.0
5.4,0.1305022,-0.02978627,0.6980737,0.7160259,0.0
5.337008,0.1919149,0.04380333,0.6980737,0.6451171,0.310672
5.337008,0.1539038,0.1227342,0.6980737,0.6451171,0.310672
5.4,0.1305022,0.02978627,0.6980737,0.6451171,0.310672
5.337008,0.1919149,-0.04380333,0.6980737,0.6451171,-0.310672
5.4,0.1305022,-0.02978627,0.6980737,0.6451171,-0.310672
5.4,0.1046546,-0.08345927,0.6980737,0.6451171,-0.310672
5.337008,0.1919149,-0.04380333,0.6980737,0.7160259,-2.268516e-16
5.337008,0.1919149,0.04380333,0.6980737,0.7160259,-2.268516e-16
5.4,0.1305022,-0.02978627,0.6980737,0.7160259,-2.268516e-16
5.337008,0.1539038,-0.1227342,0.6980737,0.4464349,-0.5598116
5.4,0.1046546,-0.08345927,0.6980737,0.4464349,-0.5598116
5.4,0.05807892,-0.1206021,0.6980737,0.4464349,-0.5598116
5.337008,0.1539038,-0.1227342,0.6980737,0.6451171,-0.310672
5.337008,0.1919149,-0.04380333,0.6980737,0.6451171,-0.310672
5.4,0.1046546,-0.08345927,0.6980737,0.6451171,-0.310672
5.337008,0.08541018,-0.1773561,0.6980737,0.4464349,-0.5598116
5.337008,0.1539038,-0.1227342,0.6980737,0.4464349,-0.5598116
5.4,0.05807892,-0.1206021,0.6980737,0.4464349,-0.5598116
5.03937,0.08541019,-0.1773561,-2.896249e-09,0.2225209,-0.9749279
5.337008,0.08541018,-0.1773561,-2.896249e-09,0.2225209,-0.9749279
5.337008,-2.410642e-17,-0.1968504,-2.896249e-09,0.2225209,-0.9749279
5.03937,0.0,-0.1968504,-1.802252e-17,-0.2225209,-0.9749279
5.337008,-2.410642e-17,-0.1968504,-1.802252e-17,-0.2225209,-0.9749279
5.337008,-0.08541018,-0.1773561,-1.802252e-17,-0.2225209,-0.9749279
5.03937,0.08541019,-0.1773561,1.663202e-17,0.2225209,-0.9749279
5.337008,-2.410642e-17,-0.1968504,1.663202e-17,0.2225209,-0.9749279
5.03937,0.0,-0.1968504,1.663202e-17,0.2225209,-0.9749279
5.03937,0.0,0.1968504,0.0,0.2225209,0.9749279
5.337008,0.0,0.1968504,0.0,0.2225209,0.9749279
5.337008,0.08541018,0.1773561,0.0,0.2225209,0.9749279
5.03937,-0.08541019,0.1773561,-2.896249e-09,-0.2225209,0.9749279
5.337008,-0.08541018,0.1773561,-2.896249e-09,-0.2225209,0.9749279
5.337008,0.0,0.1968504,-2.896249e-09,-0.2225209,0.9749279
5.03937,0.0,0.1968504,0.0,-0.2225209,0.9749279
5.03937,-0.08541019,0.1773561,0.0,-0.2225209,0.9749279
5.337008,0.0,0.1968504,0.0,-0.2225209,0.9749279
5.03937,0.08541019,0.1773561,2.790679e-09,0.6234898,0.7818315
5.337008,0.08541018,0.1773561,2.790679e-09,0.6234898,0.7818315
5.337008,0.1539038,0.1227342,2.790679e-09,0.6234898,0.7818315
5.03937,0.08541019,0.1773561,-2.896248e-09,0.2225209,0.9749279
5.03937,0.0,0.1968504,-2.896248e-09,0.2225209,0.9749279
5.337008,0.08541018,0.1773561,-2.896248e-09,0.2225209,0.9749279
5.03937,0.1539038,0.1227342,2.696859e-09,0.9009689,0.4338837
5.337008,0.1539038,0.1227342,2.696859e-09,0.9009689,0.4338837
5.337008,0.1919149,0.04380333,2.696859e-09,0.9009689,0.4338837
5.03937,0.1539038,0.1227342,-2.990101e-09,0.6234898,0.7818315
5.03937,0.08541019,0.1773561,-2.990101e-09,0.6234898,0.7818315
5.337008,0.1539038,0.1227342,-2.990101e-09,0.6234898,0.7818315
5.03937,0.1919149,0.04380333,9.262641e-10,1.0,-3.168204e-16
5.337008,0.1919149,0.04380333,9.262641e-10,1.0,-3.168204e-16
5.337008,0.1919149,-0.04380333,9.262641e-10,1.0,-3.168204e-16
5.03937,0.1919149,0.04380333,-1.348527e-09,0.9009689,0.4338837
5.03937,0.1539038,0.1227342,-1.348527e-09,0.9009689,0.4338837
5.337008,0.1919149,0.04380333,-1.348527e-09,0.9009689,0.4338837
5.03937,0.1919149,-0.04380333,-1.348527e-09,0.9009689,-0.4338837
5.337008,0.1919149,-0.04380333,-1.348527e-09,0.9009689,-0.4338837
5.337008,0.1539038,-0.1227342,-1.348527e-09,0.9009689,-0.4338837
5.03937,0.1919149,-0.04380333,9.262641e-10,1.0,-3.168204e-16
5.03937,0.1919149,0.04380333,9.262641e-10,1.0,-3.168204e-16
5.337008,0.1919149,-0.04380333,9.262641e-10,1.0,-3.168204e-16
5.03937,0.1539038,-0.1227342,-2.990102e-09,0.6234898,-0.7818315
5.337008,0.1539038,-0.1227342,-2.990102e-09,0.6234898,-0.7818315
5.337008,0.08541018,-0.1773561,-2.990102e-09,0.6234898,-0.7818315
5.03937,0.1539038,-0.1227342,2.696859e-09,0.9009689,-0.4338837
5.03937,0.1919149,-0.04380333,2.696859e-09,0.9009689,-0.4338837
5.337008,0.1539038,-0.1227342,2.696859e-09,0.9009689,-0.4338837
5.03937,0.08541019,-0.1773561,2.790679e-09,0.6234898,-0.7818315
5.03937,0.1539038,-0.1227342,2.790679e-09,0.6234898,-0.7818315
5.337008,0.08541018,-0.1773561,2.790679e-09,0.6234898,-0.7818315
5.03937,-0.08541019,-0.1773561,2.790679e-09,-0.6234898,-0.7818315
5.337008,-0.08541018,-0.1773561,2.790679e-09,-0.6234898,-0.7818315
5.337008,-0.1539038,-0.1227342,2.790679e-09,-0.6234898,-0.7818315
5.03937,-0.08541019,-0.1773561,-2.896249e-09,-0.2225209,-0.9749279
5.03937,0.0,-0.1968504,-2.896249e-09,-0.2225209,-0.9749279
5.337008,-0.08541018,-0.1773561,-2.896249e-09,-0.2225209,-0.9749279
5.03937,-0.1539038,-0.1227342,2.696859e-09,-0.9009689,-0.4338837
5.337008,-0.1539038,-0.1227342,2.696859e-09,-0.9009689,-0.4338837
5.337008,-0.1919149,-0.04380333,2.696859e-09,-0.9009689,-0.4338837
5.03937,-0.1539038,-0.1227342,-2.990102e-09,-0.6234898,-0.7818315
5.03937,-0.08541019,-0.1773561,-2.990102e-09,-0.6234898,-0.7818315
5.337008,-0.1539038,-0.1227342,-2.990102e-09,-0.6234898,-0.7818315
5.03937,-0.1919149,-0.04380333,9.262618e-10,-1.0,3.168204e-16
5.337008,-0.1919149,-0.04380333,9.262618e-10,-1.0,3.168204e-16
5.337008,-0.1919149,0.04380333,9.262618e-10,-1.0,3.168204e-16
5.03937,-0.1919149,-0.04380333,-1.348529e-09,-0.9009689,-0.4338837
5.03937,-0.1539038,-0.1227342,-1.348529e-09,-0.9009689,-0.4338837
5.337008,-0.1919149,-0.04380333,-1.348529e-09,-0.9009689,-0.4338837
5.03937,-0.1919149,0.04380333,-1.348529e-09,-0.9009689,0.4338837
5.337008,-0.1919149,0.04380333,-1.348529e-09,-0.9009689,0.4338837
5.337008,-0.1539038,0.1227342,-1.348529e-09,-0.9009689,0.4338837
5.03937,-0.1919149,0.04380333,9.262619e-10,-1.0,0.0
5.03937,-0.1919149,-0.04380333,9.262619e-10,-1.0,0.0
5.337008,-0.1919149,0.04380333,9.262619e-10,-1.0,0.0
5.03937,-0.1539038,0.1227342,-2.990102e-09,-0.6234898,0.7818315
5.337008,-0.1539038,0.1227342,-2.990102e-09,-0.6234898,0.7818315
5.337008,-0.08541018,0.1773561,-2.990102e-09,-0.6234898,0.7818315
5.03937,-0.1539038,0.1227342,2.696859e-09,-0.9009689,0.4338837
5.03937,-0.1919149,0.04380333,2.696859e-09,-0.9009689,0.4338837
5.337008,-0.1539038,0.1227342,2.696859e-09,-0.9009689,0.4338837
5.03937,-0.08541019,0.1773561,2.790679e-09,-0.6234898,0.7818315
5.03937,-0.1539038,0.1227342,2.790679e-09,-0.6234898,0.7818315
5.337008,-0.08541018,0.1773561,2.790679e-09,-0.6234898,0.7818315
5.03937,0.0,-0.1476378,-1.0,0.0,0.0
5.03937,0.0,-0.1968504,-1.0,0.0,0.0
5.03937,-0.08541019,-0.1773561,-1.0,0.0,0.0
5.03937,0.06405764,-0.1330171,-1.0,0.0,0.0
5.03937,0.08541019,-0.1773561,-1.0,0.0,0.0
5.03937,0.0,-0.1968504,-1.0,0.0,0.0
5.03937,0.06405764,-0.1330171,-1.0,0.0,0.0
5.03937,0.0,-0.1968504,-1.0,0.0,0.0
5.03937,0.0,-0.1476378,-1.0,0.0,0.0
5.03937,-0.1154279,-0.09205066,-1.0,0.0,0.0
5.03937,-0.08541019,-0.1773561,-1.0,0.0,0.0
5.03937,-0.1539038,-0.1227342,-1.0,0.0,0.0
5.03937,-0.06405764,-0.1330171,-1.0,0.0,0.0
5.03937,0.0,-0.1476378,-1.0,0.0,0.0
5.03937,-0.08541019,-0.1773561,-1.0,0.0,0.0
5.03937,-0.1154279,-0.09205066,-1.0,0.0,0.0
5.03937,-0.06405764,-0.1330171,-1.0,0.0,0.0
5.03937,-0.08541019,-0.1773561,-1.0,0.0,0.0
5.03937,-0.1539038,0.1227342,-1.0,0.0,0.0
5.03937,-0.1539038,-0.1227342,-1.0,0.0,0.0
5.03937,-0.1919149,-0.04380333,-1.0,0.0,0.0
5.03937,-0.1439362,0.0328525,-1.0,0.0,0.0
5.03937,-0.1539038,-0.1227342,-1.0,0.0,0.0
5.03937,-0.1539038,0.1227342,-1.0,0.0,0.0
5.03937,-0.1439362,-0.0328525,-1.0,0.0,0.0
5.03937,-0.1154279,-0.09205066,-1.0,0.0,0.0
5.03937,-0.1539038,-0.1227342,-1.0,0.0,0.0
5.03937,-0.1439362,0.0328525,-1.0,0.0,0.0
5.03937,-0.1439362,-0.0328525,-1.0,0.0,0.0
5.03937,-0.1539038,-0.1227342,-1.0,0.0,0.0
5.03937,-0.1539038,0.1227342,-1.0,0.0,0.0
5.03937,-0.1919149,-0.04380333,-1.0,0.0,0.0
5.03937,-0.1919149,0.04380333,-1.0,0.0,0.0
5.03937,-0.1439362,0.0328525,-1.0,0.0,0.0
5.03937,-0.1539038,0.1227342,-1.0,0.0,0.0
5.03937,-0.08541019,0.1773561,-1.0,0.0,0.0
5.03937,-0.06405764,0.1330171,-1.0,0.0,0.0
5.03937,-0.08541019,0.1773561,-1.0,0.0,0.0
5.03937,0.0,0.1968504,-1.0,0.0,0.0
5.03937,-0.1154279,0.09205066,-1.0,0.0,0.0
5.03937,-0.1439362,0.0328525,-1.0,0.0,0.0
5.03937,-0.08541019,0.1773561,-1.0,0.0,0.0
5.03937,-0.06405764,0.1330171,-1.0,0.0,0.0
5.03937,-0.1154279,0.09205066,-1.0,0.0,0.0
5.03937,-0.08541019,0.1773561,-1.0,0.0,0.0
5.03937,0.0,0.1476378,-1.0,0.0,0.0
5.03937,0.0,0.1968504,-1.0,0.0,0.0
5.03937,0.08541019,0.1773561,-1.0,0.0,0.0
5.03937,0.0,0.1476378,-1.0,0.0,0.0
5.03937,-0.06405764,0.1330171,-1.0,0.0,0.0
5.03937,0.0,0.1968504,-1.0,0.0,0.0
5.03937,0.1154279,0.09205066,-1.0,0.0,0.0
5.03937,0.08541019,0.1773561,-1.0,0.0,0.0
5.03937,0.1539038,0.1227342,-1.0,0.0,0.0
5.03937,0.06405764,0.1330171,-1.0,0.0,0.0
5.03937,0.0,0.1476378,-1.0,0.0,0.0
5.03937,0.08541019,0.1773561,-1.0,0.0,0.0
5.03937,0.1154279,0.09205066,-1.0,0.0,0.0
5.03937,0.06405764,0.1330171,-1.0,0.0,0.0
5.03937,0.08541019,0.1773561,-1.0,0.0,0.0
5.03937,0.1539038,-0.1227342,-1.0,0.0,0.0
5.03937,0.1539038,0.1227342,-1.0,0.0,0.0
5.03937,0.1919149,0.04380333,-1.0,0.0,0.0
5.03937,0.1439362,-0.0328525,-1.0,0.0,0.0
5.03937,0.1539038,0.1227342,-1.0,0.0,0.0
5.03937,0.1539038,-0.1227342,-1.0,0.0,0.0
5.03937,0.1439362,0.0328525,-1.0,0.0,0.0
5.03937,0.1154279,0.09205066,-1.0,0.0,0.0
5.03937,0.1539038,0.1227342,-1.0,0.0,0.0
5.03937,0.1439362,-0.0328525,-1.0,0.0,0.0
5.03937,0.1439362,0.0328525,-1.0,0.0,0.0
5.03937,0.1539038,0.1227342,-1.0,0.0,0.0
5.03937,0.1539038,-0.1227342,-1.0,0.0,0.0
5.03937,0.1919149,0.04380333,-1.0,0.0,0.0
5.03937,0.1919149,-0.04380333,-1.0,0.0,0.0
5.03937,0.1439362,-0.0328525,-1.0,0.0,0.0
5.03937,0.1539038,-0.1227342,-1.0,0.0,0.0
5.03937,0.08541019,-0.1773561,-1.0,0.0,0.0
5.03937,0.1154279,-0.09205066,-1.0,0.0,0.0
5.03937,0.1439362,-0.0328525,-1.0,0.0,0.0
5.03937,0.08541019,-0.1773561,-1.0,0.0,0.0
5.03937,0.06405764,-0.1330171,-1.0,0.0,0.0
5.03937,0.1154279,-0.09205066,-1.0,0.0,0.0
5.03937,0.08541019,-0.1773561,-1.0,0.0,0.0
5.0,0.0,-0.1476378,1.485977e-12,-0.2225209,-0.9749279
5.03937,0.0,-0.1476378,1.485977e-12,-0.2225209,-0.9749279
5.03937,-0.06405764,-0.1330171,1.485977e-12,-0.2225209,-0.9749279
5.0,0.06405764,-0.1330171,1.508565e-12,0.2225209,-0.9749279
5.03937,0.06405764,-0.1330171,1.508565e-12,0.2225209,-0.9749279
5.03937,0.0,-0.1476378,1.508565e-12,0.2225209,-0.9749279
5.0,0.06405764,-0.1330171,1.486015e-12,0.2225209,-0.9749279
5.03937,0.0,-0.1476378,1.486015e-12,0.2225209,-0.9749279
5.0,0.0,-0.1476378,1.486015e-12,0.2225209,-0.9749279
5.0,-0.06405764,-0.1330171,1.50376e-12,-0.6234898,-0.7818315
5.03937,-0.06405764,-0.1330171,1.50376e-12,-0.6234898,-0.7818315
5.03937,-0.1154279,-0.09205066,1.50376e-12,-0.6234898,-0.7818315
5.0,-0.06405764,-0.1330171,1.508565e-12,-0.2225209,-0.9749279
5.0,0.0,-0.1476378,1.508565e-12,-0.2225209,-0.9749279
5.03937,-0.06405764,-0.1330171,1.508565e-12,-0.2225209,-0.9749279
5.0,-0.1154279,-0.09205066,1.494425e-12,-0.9009689,-0.4338837
5.03937,-0.1154279,-0.09205066,1.494425e-12,-0.9009689,-0.4338837
5.03937,-0.1439362,-0.0328525,1.494425e-12,-0.9009689,-0.4338837
5.0,-0.1154279,-0.09205066,1.498958e-12,-0.6234898,-0.7818315
5.0,-0.06405764,-0.1330171,1.498958e-12,-0.6234898,-0.7818315
5.03937,-0.1154279,-0.09205066,1.498958e-12,-0.6234898,-0.7818315
5.0,-0.1439362,-0.0328525,1.472727e-12,-1.0,0.0
5.03937,-0.1439362,-0.0328525,1.472727e-12,-1.0,0.0
5.03937,-0.1439362,0.0328525,1.472727e-12,-1.0,0.0
5.0,-0.1439362,-0.0328525,1.481124e-12,-0.9009689,-0.4338837
5.0,-0.1154279,-0.09205066,1.481124e-12,-0.9009689,-0.4338837
5.03937,-0.1439362,-0.0328525,1.481124e-12,-0.9009689,-0.4338837
5.0,-0.1439362,0.0328525,1.481124e-12,-0.9009689,0.4338837
5.03937,-0.1439362,0.0328525,1.481124e-12,-0.9009689,0.4338837
5.03937,-0.1154279,0.09205066,1.481124e-12,-0.9009689,0.4338837
5.0,-0.1439362,0.0328525,1.472727e-12,-1.0,0.0
5.0,-0.1439362,-0.0328525,1.472727e-12,-1.0,0.0
5.03937,-0.1439362,0.0328525,1.472727e-12,-1.0,0.0
5.0,-0.1154279,0.09205066,1.498958e-12,-0.6234898,0.7818315
5.03937,-0.1154279,0.09205066,1.498958e-12,-0.6234898,0.7818315
5.03937,-0.06405764,0.1330171,1.498958e-12,-0.6234898,0.7818315
5.0,-0.1154279,0.09205066,1.494425e-12,-0.9009689,0.4338837
5.0,-0.1439362,0.0328525,1.494425e-12,-0.9009689,0.4338837
5.03937,-0.1154279,0.09205066,1.494425e-12,-0.9009689,0.4338837
5.0,-0.06405764,0.1330171,1.508565e-12,-0.2225209,0.9749279
5.03937,-0.06405764,0.1330171,1.508565e-12,-0.2225209,0.9749279
5.03937,0.0,0.1476378,1.508565e-12,-0.2225209,0.9749279
5.0,-0.06405764,0.1330171,1.50376e-12,-0.6234898,0.7818315
5.0,-0.1154279,0.09205066,1.50376e-12,-0.6234898,0.7818315
5.03937,-0.06405764,0.1330171,1.50376e-12,-0.6234898,0.7818315
5.0,0.0,0.1476378,1.485977e-12,0.2225209,0.9749279
5.03937,0.0,0.1476378,1.485977e-12,0.2225209,0.9749279
5.03937,0.06405764,0.1330171,1.485977e-12,0.2225209,0.9749279
5.0,0.0,0.1476378,1.485977e-12,-0.2225209,0.9749279
5.0,-0.06405764,0.1330171,1.485977e-12,-0.2225209,0.9749279
5.03937,0.0,0.1476378,1.485977e-12,-0.2225209,0.9749279
5.0,0.06405764,0.1330171,1.50376e-12,0.6234898,0.7818315
5.03937,0.06405764,0.1330171,1.50376e-12,0.6234898,0.7818315
5.03937,0.1154279,0.09205066,1.50376e-12,0.6234898,0.7818315
5.0,0.06405764,0.1330171,1.508565e-12,0.2225209,0.9749279
5.0,0.0,0.1476378,1.508565e-12,0.2225209,0.9749279
5.03937,0.06405764,0.1330171,1.508565e-12,0.2225209,0.9749279
5.0,0.1154279,0.09205066,1.494425e-12,0.9009689,0.4338837
5.03937,0.1154279,0.09205066,1.494425e-12,0.9009689,0.4338837
5.03937,0.1439362,0.0328525,1.494425e-12,0.9009689,0.4338837
5.0,0.1154279,0.09205066,1.498958e-12,0.6234898,0.7818315
5.0,0.06405764,0.1330171,1.498958e-12,0.6234898,0.7818315
5.03937,0.1154279,0.09205066,1.498958e-12,0.6234898,0.7818315
5.0,0.1439362,0.0328525,1.498107e-12,1.0,0.0
5.03937,0.1439362,0.0328525,1.498107e-12,1.0,0.0
5.03937,0.1439362,-0.0328525,1.498107e-12,1.0,0.0
5.0,0.1439362,0.0328525,1.50399e-12,0.9009689,0.4338837
5.0,0.1154279,0.09205066,1.50399e-12,0.9009689,0.4338837
5.03937,0.1439362,0.0328525,1.50399e-12,0.9009689,0.4338837
5.0,0.1439362,-0.0328525,1.50399e-12,0.9009689,-0.4338837
5.03937,0.1439362,-0.0328525,1.50399e-12,0.9009689,-0.4338837
5.03937,0.1154279,-0.09205066,1.50399e-12,0.9009689,-0.4338837
5.0,0.1439362,-0.0328525,1.498107e-12,1.0,0.0
5.0,0.1439362,0.0328525,1.498107e-12,1.0,0.0
5.03937,0.1439362,-0.0328525,1.498107e-12,1.0,0.0
5.0,0.1154279,-0.09205066,1.498958e-12,0.6234898,-0.7818315
5.03937,0.1154279,-0.09205066,1.498958e-12,0.6234898,-0.7818315
5.03937,0.06405764,-0.1330171,1.498958e-12,0.6234898,-0.7818315
5.0,0.1154279,-0.09205066,1.494425e-12,0.9009689,-0.4338837
5.0,0.1439362,-0.0328525,1.494425e-12,0.9009689,-0.4338837
5.03937,0.1154279,-0.09205066,1.494425e-12,0.9009689,-0.4338837
5.0,0.06405764,-0.1330171,1.50376e-12,0.6234898,-0.7818315
5.0,0.1154279,-0.09205066,1.50376e-12,0.6234898,-0.7818315
5.03937,0.06405764,-0.1330171,1.50376e-12,0.6234898,-0.7818315
5.0,-0.2898116,-0.1673229,1.0,0.0,0.0
5.0,0.0,-0.1476378,1.0,0.0,0.0
5.0,-0.06405764,-0.1330171,1.0,0.0,0.0
5.0,0.2898117,-0.1673228,1.0,0.0,0.0
5.0,0.06405764,-0.1330171,1.0,0.0,0.0
5.0,0.0,-0.1476378,1.0,0.0,0.0
5.0,0.2898117,-0.1673228,1.0,0.0,0.0
5.0,0.0,-0.1476378,1.0,0.0,0.0
5.0,-0.2898116,-0.1673229,1.0,0.0,0.0
5.0,-0.2898116,-0.1673229,1.0,0.0,0.0
5.0,-0.06405764,-0.1330171,1.0,0.0,0.0
5.0,-0.1154279,-0.09205066,1.0,0.0,0.0
5.0,-0.2898116,-0.1673229,1.0,0.0,0.0
5.0,-0.1154279,-0.09205066,1.0,0.0,0.0
5.0,-0.1439362,-0.0328525,1.0,0.0,0.0
5.0,-0.3341358,-0.0184662,1.0,0.0,0.0
5.0,-0.1439362,-0.0328525,1.0,0.0,0.0
5.0,-0.1439362,0.0328525,1.0,0.0,0.0
5.0,-0.3341358,-0.0184662,1.0,0.0,0.0
5.0,-0.2898116,-0.1673229,1.0,0.0,0.0
5.0,-0.1439362,-0.0328525,1.0,0.0,0.0
5.0,-0.3341358,0.0184662,1.0,0.0,0.0
5.0,-0.1439362,0.0328525,1.0,0.0,0.0
5.0,-0.1154279,0.09205066,1.0,0.0,0.0
5.0,-0.3341358,0.0184662,1.0,0.0,0.0
5.0,-0.3341358,-0.0184662,1.0,0.0,0.0
5.0,-0.1439362,0.0328525,1.0,0.0,0.0
5.0,-0.3341358,0.0184662,1.0,0.0,0.0
5.0,-0.1154279,0.09205066,1.0,0.0,0.0
5.0,-0.06405764,0.1330171,1.0,0.0,0.0
5.0,-0.2898117,0.1673228,1.0,0.0,0.0
5.0,-0.06405764,0.1330171,1.0,0.0,0.0
5.0,0.0,0.1476378,1.0,0.0,0.0
5.0,-0.2898117,0.1673228,1.0,0.0,0.0
5.0,-0.3341358,0.0184662,1.0,0.0,0.0
5.0,-0.06405764,0.1330171,1.0,0.0,0.0
5.0,0.2898116,0.1673229,1.0,0.0,0.0
5.0,0.0,0.1476378,1.0,0.0,0.0
5.0,0.06405764,0.1330171,1.0,0.0,0.0
5.0,0.2898116,0.1673229,1.0,0.0,0.0
5.0,-0.2898117,0.1673228,1.0,0.0,0.0
5.0,0.0,0.1476378,1.0,0.0,0.0
5.0,0.2898116,0.1673229,1.0,0.0,0.0
5.0,0.06405764,0.1330171,1.0,0.0,0.0
5.0,0.1154279,0.09205066,1.0,0.0,0.0
5.0,0.2898116,0.1673229,1.0,0.0,0.0
5.0,0.1154279,0.09205066,1.0,0.0,0.0
5.0,0.1439362,0.0328525,1.0,0.0,0.0
5.0,0.3341358,0.0184662,1.0,0.0,0.0
5.0,0.1439362,0.0328525,1.0,0.0,0.0
5.0,0.1439362,-0.0328525,1.0,0.0,0.0
5.0,0.3341358,0.0184662,1.0,0.0,0.0
5.0,0.2898116,0.1673229,1.0,0.0,0.0
5.0,0.1439362,0.0328525,1.0,0.0,0.0
5.0,0.3341358,-0.0184662,1.0,0.0,0.0
5.0,0.1439362,-0.0328525,1.0,0.0,0.0
5.0,0.1154279,-0.09205066,1.0,0.0,0.0
5.0,0.3341358,-0.0184662,1.0,0.0,0.0
5.0,0.3341358,0.0184662,1.0,0.0,0.0
5.0,0.1439362,-0.0328525,1.0,0.0,0.0
5.0,0.3341358,-0.0184662,1.0,0.0,0.0
5.0,0.1154279,-0.09205066,1.0,0.0,0.0
5.0,0.06405764,-0.1330171,1.0,0.0,0.0
5.0,0.2898117,-0.1673228,1.0,0.0,0.0
5.0,0.3341358,-0.0184662,1.0,0.0,0.0
5.0,0.06405764,-0.1330171,1.0,0.0,0.0
5.0,0.1830601,-0.280137,1.0,0.0,0.0
5.0,-0.1830601,-0.280137,1.0,0.0,0.0
5.0,-0.1510757,-0.2986032,1.0,0.0,0.0
4.991075,-0.2575922,-0.2371058,-3.904988e-12,-0.5,-0.8660254
5.0,-0.1510757,-0.2986032,-3.904988e-12,-0.5,-0.8660254
5.0,-0.1830601,-0.280137,-3.904988e-12,-0.5,-0.8660254
5.0,0.1510757,-0.2986032,1.0,0.0,0.0
5.0,0.1830601,-0.280137,1.0,0.0,0.0
5.0,-0.1510757,-0.2986032,1.0,0.0,0.0
5.0,-1.9e-14,-0.3346457,1.0,0.0,0.0
5.0,0.1510757,-0.2986032,1.0,0.0,0.0
5.0,-0.1510757,-0.2986032,1.0,0.0,0.0
4.991078,-0.07655782,-0.3416261,0.9398828,-0.07924776,-0.3321749
5.0,-1.9e-14,-0.3346457,0.9398828,-0.07924776,-0.3321749
5.0,-0.1510757,-0.2986032,0.9398828,-0.07924776,-0.3321749
4.991075,-0.2575922,-0.2371058,8.090837e-14,-0.5,-0.8660254
4.991078,-0.07655782,-0.3416261,8.090837e-14,-0.5,-0.8660254
5.0,-0.1510757,-0.2986032,8.090837e-14,-0.5,-0.8660254
5.0,0.2898117,-0.1673228,1.0,0.0,0.0
5.0,-0.2898116,-0.1673229,1.0,0.0,0.0
5.0,-0.1830601,-0.280137,1.0,0.0,0.0
4.991075,-0.2575922,-0.2371058,0.9398688,-0.2480759,-0.2347444
5.0,-0.1830601,-0.280137,0.9398688,-0.2480759,-0.2347444
5.0,-0.2898116,-0.1673229,0.9398688,-0.2480759,-0.2347444
5.0,0.1830601,-0.280137,1.0,0.0,0.0
5.0,0.2898117,-0.1673228,1.0,0.0,0.0
5.0,-0.1830601,-0.280137,1.0,0.0,0.0
4.991078,-0.3341358,-0.104512,0.9398828,-0.3272957,-0.09745688
5.0,-0.2898116,-0.1673229,0.9398828,-0.3272957,-0.09745688
5.0,-0.3341358,-0.0184662,0.9398828,-0.3272957,-0.09745688
4.970451,-0.3341358,-0.1929134,0.8647029,-0.4047303,-0.2974597
4.991075,-0.2575922,-0.2371058,0.8647029,-0.4047303,-0.2974597
5.0,-0.2898116,-0.1673229,0.8647029,-0.4047303,-0.2974597
4.991078,-0.3341358,-0.104512,0.8647024,-0.459978,-0.2017669
4.970451,-0.3341358,-0.1929134,0.8647024,-0.459978,-0.2017669
5.0,-0.2898116,-0.1673229,0.8647024,-0.459978,-0.2017669
4.991075,-0.3341358,0.1045285,-3.041182e-14,-1.0,-5.41097e-14
5.0,-0.3341358,-0.0184662,-3.041182e-14,-1.0,-5.41097e-14
5.0,-0.3341358,0.0184662,-3.041182e-14,-1.0,-5.41097e-14
4.991075,-0.3341358,0.1045285,-2.002867e-15,-1.0,-5.204824e-14
4.991078,-0.3341358,-0.104512,-2.002867e-15,-1.0,-5.204824e-14
5.0,-0.3341358,-0.0184662,-2.002867e-15,-1.0,-5.204824e-14
4.991075,-0.3341358,0.1045285,0.9398688,-0.3273325,0.09746779
5.0,-0.3341358,0.0184662,0.9398688,-0.3273325,0.09746779
5.0,-0.2898117,0.1673228,0.9398688,-0.3273325,0.09746779
5.0,0.1830601,0.280137,1.0,0.0,0.0
5.0,-0.1830601,0.280137,1.0,0.0,0.0
5.0,-0.2898117,0.1673228,1.0,0.0,0.0
4.991078,-0.257578,0.2371141,0.9398828,-0.248048,0.234718
5.0,-0.2898117,0.1673228,0.9398828,-0.248048,0.234718
5.0,-0.1830601,0.280137,0.9398828,-0.248048,0.234718
5.0,0.2898116,0.1673229,1.0,0.0,0.0
5.0,0.1830601,0.280137,1.0,0.0,0.0
5.0,-0.2898117,0.1673228,1.0,0.0,0.0
4.970451,-0.3341358,0.1929134,0.8647029,-0.4599728,0.2017769
4.991075,-0.3341358,0.1045285,0.8647029,-0.4599728,0.2017769
5.0,-0.2898117,0.1673228,0.8647029,-0.4599728,0.2017769
4.991078,-0.257578,0.2371141,0.8647024,-0.4047243,0.2974692
4.970451,-0.3341358,0.1929134,0.8647024,-0.4047243,0.2974692
5.0,-0.2898117,0.1673228,0.8647024,-0.4047243,0.2974692
5.0,0.1510757,0.2986032,1.0,0.0,0.0
5.0,-0.1510757,0.2986032,1.0,0.0,0.0
5.0,-0.1830601,0.280137,1.0,0.0,0.0
4.991075,-0.07654355,0.3416343,1.294646e-12,-0.5,0.8660254
5.0,-0.1830601,0.280137,1.294646e-12,-0.5,0.8660254
5.0,-0.1510757,0.2986032,1.294646e-12,-0.5,0.8660254
5.0,0.1830601,0.280137,1.0,0.0,0.0
5.0,0.1510757,0.2986032,1.0,0.0,0.0
5.0,-0.1830601,0.280137,1.0,0.0,0.0
4.991075,-0.07654355,0.3416343,-3.245635e-13,-0.5,0.8660254
4.991078,-0.257578,0.2371141,-3.245635e-13,-0.5,0.8660254
5.0,-0.1830601,0.280137,-3.245635e-13,-0.5,0.8660254
5.0,0.1510757,0.2986032,1.0,0.0,0.0
5.0,-6e-15,0.3346457,1.0,0.0,0.0
5.0,-0.1510757,0.2986032,1.0,0.0,0.0
4.991075,-0.07654355,0.3416343,0.9398689,-0.07925664,0.3322121
5.0,-0.1510757,0.2986032,0.9398689,-0.07925664,0.3322121
5.0,-6e-15,0.3346457,0.9398689,-0.07925664,0.3322121
4.991078,0.07655782,0.3416261,0.9398828,0.07924776,0.3321749
5.0,-6e-15,0.3346457,0.9398828,0.07924776,0.3321749
5.0,0.1510757,0.2986032,0.9398828,0.07924776,0.3321749
4.970451,1.554312e-15,0.3858268,0.864703,-0.05524245,0.4992365
4.991075,-0.07654355,0.3416343,0.864703,-0.05524245,0.4992365
5.0,-6e-15,0.3346457,0.864703,-0.05524245,0.4992365
4.991078,0.07655782,0.3416261,0.8647024,0.05525377,0.4992362
4.970451,1.554312e-15,0.3858268,0.8647024,0.05525377,0.4992362
5.0,-6e-15,0.3346457,0.8647024,0.05525377,0.4992362
4.991075,0.2575922,0.2371058,-2.405093e-12,0.5,0.8660254
5.0,0.1510757,0.2986032,-2.405093e-12,0.5,0.8660254
5.0,0.1830601,0.280137,-2.405093e-12,0.5,0.8660254
4.991078,0.07655782,0.3416261,1.462861e-12,0.5,0.8660254
5.0,0.1510757,0.2986032,1.462861e-12,0.5,0.8660254
4.991075,0.2575922,0.2371058,1.462861e-12,0.5,0.8660254
4.991075,0.2575922,0.2371058,0.9398688,0.2480759,0.2347444
5.0,0.1830601,0.280137,0.9398688,0.2480759,0.2347444
5.0,0.2898116,0.1673229,0.9398688,0.2480759,0.2347444
4.991078,0.3341358,0.104512,0.9398828,0.3272957,0.09745688
5.0,0.2898116,0.1673229,0.9398828,0.3272957,0.09745688
5.0,0.3341358,0.0184662,0.9398828,0.3272957,0.09745688
4.970451,0.3341358,0.1929134,0.8647029,0.4047303,0.2974597
4.991075,0.2575922,0.2371058,0.8647029,0.4047303,0.2974597
5.0,0.2898116,0.1673229,0.8647029,0.4047303,0.2974597
4.991078,0.3341358,0.104512,0.8647024,0.459978,0.2017669
4.970451,0.3341358,0.1929134,0.8647024,0.459978,0.2017669
5.0,0.2898116,0.1673229,0.8647024,0.459978,0.2017669
4.991075,0.3341358,-0.1045285,0.0,1.0,0.0
5.0,0.3341358,0.0184662,0.0,1.0,0.0
5.0,0.3341358,-0.0184662,0.0,1.0,0.0
4.991078,0.3341358,0.104512,0.0,1.0,0.0
5.0,0.3341358,0.0184662,0.0,1.0,0.0
4.991075,0.3341358,-0.1045285,0.0,1.0,0.0
4.991075,0.3341358,-0.1045285,0.9398688,0.3273325,-0.09746779
5.0,0.3341358,-0.0184662,0.9398688,0.3273325,-0.09746779
5.0,0.2898117,-0.1673228,0.9398688,0.3273325,-0.09746779
4.991078,0.257578,-0.2371141,0.9398828,0.248048,-0.234718
5.0,0.2898117,-0.1673228,0.9398828,0.248048,-0.234718
5.0,0.1830601,-0.280137,0.9398828,0.248048,-0.234718
4.970451,0.3341358,-0.1929134,0.8647029,0.4599728,-0.2017769
4.991075,0.3341358,-0.1045285,0.8647029,0.4599728,-0.2017769
5.0,0.2898117,-0.1673228,0.8647029,0.4599728,-0.2017769
4.991078,0.257578,-0.2371141,0.8647024,0.4047243,-0.2974692
4.970451,0.3341358,-0.1929134,0.8647024,0.4047243,-0.2974692
5.0,0.2898117,-0.1673228,0.8647024,0.4047243,-0.2974692
4.991075,0.07654355,-0.3416343,3.4366e-12,0.5,-0.8660254
5.0,0.1830601,-0.280137,3.4366e-12,0.5,-0.8660254
5.0,0.1510757,-0.2986032,3.4366e-12,0.5,-0.8660254
4.991075,0.07654355,-0.3416343,-5.012599e-13,0.5,-0.8660254
4.991078,0.257578,-0.2371141,-5.012599e-13,0.5,-0.8660254
5.0,0.1830601,-0.280137,-5.012599e-13,0.5,-0.8660254
4.991075,0.07654355,-0.3416343,0.9398689,0.07925664,-0.3322121
5.0,0.1510757,-0.2986032,0.9398689,0.07925664,-0.3322121
5.0,-1.9e-14,-0.3346457,0.9398689,0.07925664,-0.3322121
4.970451,-1.498801e-15,-0.3858268,0.864703,0.05524245,-0.4992365
4.991075,0.07654355,-0.3416343,0.864703,0.05524245,-0.4992365
5.0,-1.9e-14,-0.3346457,0.864703,0.05524245,-0.4992365
4.991078,-0.07655782,-0.3416261,0.8647024,-0.05525377,-0.4992362
4.970451,-1.498801e-15,-0.3858268,0.8647024,-0.05525377,-0.4992362
5.0,-1.9e-14,-0.3346457,0.8647024,-0.05525377,-0.4992362
4.991078,0.3341358,0.104512,8.075034e-15,1.0,-1.097431e-19
4.991075,0.3341358,-0.1045285,8.075034e-15,1.0,-1.097431e-19
4.970451,0.3341358,-0.1929134,8.075034e-15,1.0,-1.097431e-19
4.970451,-1.498801e-15,-0.3858268,-1.482192e-14,0.5,-0.8660254
4.970451,0.3341358,-0.1929134,-1.482192e-14,0.5,-0.8660254
4.991078,0.257578,-0.2371141,-1.482192e-14,0.5,-0.8660254
4.991078,0.3341358,0.104512,1.849805e-15,1.0,4.316275e-16
4.970451,0.3341358,-0.1929134,1.849805e-15,1.0,4.316275e-16
4.970451,0.3341358,0.1929134,1.849805e-15,1.0,4.316275e-16
0.02954942,0.3341358,-0.1929134,0.0,1.0,4.316275e-16
4.970451,0.3341358,0.1929134,0.0,1.0,4.316275e-16
4.970451,0.3341358,-0.1929134,0.0,1.0,4.316275e-16
0.02954942,-3.219647e-15,-0.3858268,-3.492796e-16,0.5,-0.8660254
4.970451,0.3341358,-0.1929134,-3.492796e-16,0.5,-0.8660254
4.970451,-1.498801e-15,-0.3858268,-3.492796e-16,0.5,-0.8660254
0.02954942,-3.219647e-15,-0.3858268,0.0,0.5,-0.8660254
0.02954942,0.3341358,-0.1929134,0.0,0.5,-0.8660254
4.970451,0.3341358,-0.1929134,0.0,0.5,-0.8660254
4.970451,-1.498801e-15,-0.3858268,-6.23698e-14,0.5,-0.8660254
4.991078,0.257578,-0.2371141,-6.23698e-14,0.5,-0.8660254
4.991075,0.07654355,-0.3416343,-6.23698e-14,0.5,-0.8660254
4.991078,0.07655782,0.3416261,-2.518935e-13,0.5,0.8660254
4.991075,0.2575922,0.2371058,-2.518935e-13,0.5,0.8660254
4.970451,0.3341358,0.1929134,-2.518935e-13,0.5,0.8660254
4.991078,0.07655782,0.3416261,-5.536425e-14,0.5,0.8660254
4.970451,0.3341358,0.1929134,-5.536425e-14,0.5,0.8660254
4.970451,1.554312e-15,0.3858268,-5.536425e-14,0.5,0.8660254
0.02954942,0.3341358,0.1929134,1.225957e-15,0.5,0.8660254
4.970451,1.554312e-15,0.3858268,1.225957e-15,0.5,0.8660254
4.970451,0.3341358,0.1929134,1.225957e-15,0.5,0.8660254
0.02954942,0.3341358,-0.1929134,0.0,1.0,4.316275e-16
0.02954942,0.3341358,0.1929134,0.0,1.0,4.316275e-16
4.970451,0.3341358,0.1929134,0.0,1.0,4.316275e-16
4.970451,-0.3341358,-0.1929134,0.0,-0.5,-0.8660254
4.970451,-1.498801e-15,-0.3858268,0.0,-0.5,-0.8660254
4.991078,-0.07655782,-0.3416261,0.0,-0.5,-0.8660254
0.02954942,-0.3341358,-0.1929134,0.0,-0.5,-0.8660254
4.970451,-1.498801e-15,-0.3858268,0.0,-0.5,-0.8660254
4.970451,-0.3341358,-0.1929134,0.0,-0.5,-0.8660254
0.02954942,-3.219647e-15,-0.3858268,-9.938197e-19,-0.5,-0.8660254
4.970451,-1.498801e-15,-0.3858268,-9.938197e-19,-0.5,-0.8660254
0.02954942,-0.3341358,-0.1929134,-9.938197e-19,-0.5,-0.8660254
4.970451,-0.3341358,-0.1929134,8.047716e-16,-0.5,-0.8660254
4.991078,-0.07655782,-0.3416261,8.047716e-16,-0.5,-0.8660254
4.991075,-0.2575922,-0.2371058,8.047716e-16,-0.5,-0.8660254
4.970451,-0.3341358,0.1929134,5.843142e-15,-1.0,-5.222693e-14
4.970451,-0.3341358,-0.1929134,5.843142e-15,-1.0,-5.222693e-14
4.991078,-0.3341358,-0.104512,5.843142e-15,-1.0,-5.222693e-14
0.02954942,-0.3341358,0.1929134,0.0,-1.0,-5.222693e-14
4.970451,-0.3341358,-0.1929134,0.0,-1.0,-5.222693e-14
4.970451,-0.3341358,0.1929134,0.0,-1.0,-5.222693e-14
0.02954942,-0.3341358,-0.1929134,0.0,-1.0,-5.222693e-14
4.970451,-0.3341358,-0.1929134,0.0,-1.0,-5.222693e-14
0.02954942,-0.3341358,0.1929134,0.0,-1.0,-5.222693e-14
4.970451,-0.3341358,0.1929134,8.421791e-15,-1.0,-5.204809e-14
4.991078,-0.3341358,-0.104512,8.421791e-15,-1.0,-5.204809e-14
4.991075,-0.3341358,0.1045285,8.421791e-15,-1.0,-5.204809e-14
4.970451,1.554312e-15,0.3858268,-1.220629e-14,-0.5,0.8660254
4.970451,-0.3341358,0.1929134,-1.220629e-14,-0.5,0.8660254
4.991078,-0.257578,0.2371141,-1.220629e-14,-0.5,0.8660254
0.02954942,3.275158e-15,0.3858268,-3.492796e-16,-0.5,0.8660254
4.970451,-0.3341358,0.1929134,-3.492796e-16,-0.5,0.8660254
4.970451,1.554312e-15,0.3858268,-3.492796e-16,-0.5,0.8660254
0.02954942,-0.3341358,0.1929134,0.0,-0.5,0.8660254
4.970451,-0.3341358,0.1929134,0.0,-0.5,0.8660254
0.02954942,3.275158e-15,0.3858268,0.0,-0.5,0.8660254
4.970451,1.554312e-15,0.3858268,-5.231015e-14,-0.5,0.8660254
4.991078,-0.257578,0.2371141,-5.231015e-14,-0.5,0.8660254
4.991075,-0.07654355,0.3416343,-5.231015e-14,-0.5,0.8660254
0.02954942,3.275158e-15,0.3858268,-9.938197e-19,0.5,0.8660254
4.970451,1.554312e-15,0.3858268,-9.938197e-19,0.5,0.8660254
0.02954942,0.3341358,0.1929134,-9.938197e-19,0.5,0.8660254
0.008927048,0.3341358,-0.1045406,0.0,1.0,0.0
0.00892417,0.3341358,0.1045239,0.0,1.0,0.0
0.02954942,0.3341358,0.1929134,0.0,1.0,0.0
0.0,0.2898116,0.1673229,-0.8647028,0.4599742,0.2017741
0.02954942,0.3341358,0.1929134,-0.8647028,0.4599742,0.2017741
0.00892417,0.3341358,0.1045239,-0.8647028,0.4599742,0.2017741
0.02954942,0.3341358,-0.1929134,-6.225728e-15,1.0,4.316275e-16
0.008927048,0.3341358,-0.1045406,-6.225728e-15,1.0,4.316275e-16
0.02954942,0.3341358,0.1929134,-6.225728e-15,1.0,4.316275e-16
0.008927048,0.2576027,0.2370998,-3.226717e-14,0.5,0.8660254
0.02954942,3.275158e-15,0.3858268,-3.226717e-14,0.5,0.8660254
0.02954942,0.3341358,0.1929134,-3.226717e-14,0.5,0.8660254
0.0,0.2898116,0.1673229,-0.8647033,0.4047346,0.2974526
0.008927048,0.2576027,0.2370998,-0.8647033,0.4047346,0.2974526
0.02954942,0.3341358,0.1929134,-0.8647033,0.4047346,0.2974526
0.0,0.3341358,-0.0184662,0.0,1.0,0.0
0.0,0.3341358,0.0184662,0.0,1.0,0.0
0.00892417,0.3341358,0.1045239,0.0,1.0,0.0
0.0,0.2898116,0.1673229,-0.9398728,0.327322,0.09746472
0.00892417,0.3341358,0.1045239,-0.9398728,0.327322,0.09746472
0.0,0.3341358,0.0184662,-0.9398728,0.327322,0.09746472
0.008927048,0.3341358,-0.1045406,0.0,1.0,0.0
0.0,0.3341358,-0.0184662,0.0,1.0,0.0
0.00892417,0.3341358,0.1045239,0.0,1.0,0.0
0.0,0.1439362,0.0328525,-1.0,0.0,0.0
0.0,0.3341358,0.0184662,-1.0,0.0,0.0
0.0,0.3341358,-0.0184662,-1.0,0.0,0.0
0.0,0.06405764,0.1330171,-1.0,0.0,0.0
0.0,0.2898116,0.1673229,-1.0,0.0,0.0
0.0,0.3341358,0.0184662,-1.0,0.0,0.0
0.0,0.1154279,0.09205066,-1.0,0.0,0.0
0.0,0.06405764,0.1330171,-1.0,0.0,0.0
0.0,0.3341358,0.0184662,-1.0,0.0,0.0
0.0,0.1439362,0.0328525,-1.0,0.0,0.0
0.0,0.1154279,0.09205066,-1.0,0.0,0.0
0.0,0.3341358,0.0184662,-1.0,0.0,0.0
0.0,0.2898117,-0.1673228,-0.9398587,0.3273592,-0.09747577
0.0,0.3341358,-0.0184662,-0.9398587,0.3273592,-0.09747577
0.008927048,0.3341358,-0.1045406,-0.9398587,0.3273592,-0.09747577
0.0,0.1439362,-0.0328525,-1.0,0.0,0.0
0.0,0.3341358,-0.0184662,-1.0,0.0,0.0
0.0,0.2898117,-0.1673228,-1.0,0.0,0.0
0.0,0.1439362,-0.0328525,-1.0,0.0,0.0
0.0,0.1439362,0.0328525,-1.0,0.0,0.0
0.0,0.3341358,-0.0184662,-1.0,0.0,0.0
0.0,0.2898117,-0.1673228,-0.8647034,0.4599688,-0.2017842
0.008927048,0.3341358,-0.1045406,-0.8647034,0.4599688,-0.2017842
0.02954942,0.3341358,-0.1929134,-0.8647034,0.4599688,-0.2017842
0.008927048,0.07653312,-0.3416404,1.129351e-13,0.5,-0.8660254
0.02954942,0.3341358,-0.1929134,1.129351e-13,0.5,-0.8660254
0.02954942,-3.219647e-15,-0.3858268,1.129351e-13,0.5,-0.8660254
0.008927048,0.07653312,-0.3416404,0.0,0.5,-0.8660254
0.00892417,0.2575882,-0.2371081,0.0,0.5,-0.8660254
0.02954942,0.3341358,-0.1929134,0.0,0.5,-0.8660254
0.0,0.2898117,-0.1673228,-0.8647028,0.4047286,-0.2974623
0.02954942,0.3341358,-0.1929134,-0.8647028,0.4047286,-0.2974623
0.00892417,0.2575882,-0.2371081,-0.8647028,0.4047286,-0.2974623
0.008927048,0.2576027,0.2370998,1.609108e-15,0.5,0.8660254
0.00892417,0.07654757,0.341632,1.609108e-15,0.5,0.8660254
0.02954942,3.275158e-15,0.3858268,1.609108e-15,0.5,0.8660254
0.0,-2.4e-14,0.3346457,-0.8647028,0.05524564,0.4992364
0.02954942,3.275158e-15,0.3858268,-0.8647028,0.05524564,0.4992364
0.00892417,0.07654757,0.341632,-0.8647028,0.05524564,0.4992364
0.008927048,-0.07653312,0.3416404,1.048683e-13,-0.5,0.8660254
0.02954942,-0.3341358,0.1929134,1.048683e-13,-0.5,0.8660254
0.02954942,3.275158e-15,0.3858268,1.048683e-13,-0.5,0.8660254
0.0,-2.4e-14,0.3346457,-0.8647034,-0.05523418,0.4992367
0.008927048,-0.07653312,0.3416404,-0.8647034,-0.05523418,0.4992367
0.02954942,3.275158e-15,0.3858268,-0.8647034,-0.05523418,0.4992367
0.0,0.1830601,0.280137,1.113179e-12,0.5,0.8660254
0.0,0.1510757,0.2986032,1.113179e-12,0.5,0.8660254
0.00892417,0.07654757,0.341632,1.113179e-12,0.5,0.8660254
0.0,-2.4e-14,0.3346457,-0.9398728,0.07925413,0.3322016
0.00892417,0.07654757,0.341632,-0.9398728,0.07925413,0.3322016
0.0,0.1510757,0.2986032,-0.9398728,0.07925413,0.3322016
0.008927048,0.2576027,0.2370998,-1.11553e-13,0.5,0.8660254
0.0,0.1830601,0.280137,-1.11553e-13,0.5,0.8660254
0.00892417,0.07654757,0.341632,-1.11553e-13,0.5,0.8660254
0.0,-0.1510757,0.2986032,-1.0,0.0,0.0
0.0,0.1510757,0.2986032,-1.0,0.0,0.0
0.0,0.1830601,0.280137,-1.0,0.0,0.0
0.0,-2.4e-14,0.3346457,-1.0,0.0,0.0
0.0,0.1510757,0.2986032,-1.0,0.0,0.0
0.0,-0.1510757,0.2986032,-1.0,0.0,0.0
0.0,0.2898116,0.1673229,-0.9398587,0.2480962,0.2347636
0.0,0.1830601,0.280137,-0.9398587,0.2480962,0.2347636
0.008927048,0.2576027,0.2370998,-0.9398587,0.2480962,0.2347636
0.0,-0.1510757,0.2986032,-1.0,0.0,0.0
0.0,0.1830601,0.280137,-1.0,0.0,0.0
0.0,-0.1830601,0.280137,-1.0,0.0,0.0
0.0,0.2898116,0.1673229,-1.0,0.0,0.0
0.0,-0.1830601,0.280137,-1.0,0.0,0.0
0.0,0.1830601,0.280137,-1.0,0.0,0.0
0.008927048,-0.07653312,0.3416404,0.0,-0.5,0.8660254
0.00892417,-0.2575882,0.2371081,0.0,-0.5,0.8660254
0.02954942,-0.3341358,0.1929134,0.0,-0.5,0.8660254
0.0,-0.2898117,0.1673228,-0.8647028,-0.4047286,0.2974623
0.02954942,-0.3341358,0.1929134,-0.8647028,-0.4047286,0.2974623
0.00892417,-0.2575882,0.2371081,-0.8647028,-0.4047286,0.2974623
0.008927048,-0.3341358,0.1045406,-7.686666e-15,-1.0,-5.222693e-14
0.02954942,-0.3341358,-0.1929134,-7.686666e-15,-1.0,-5.222693e-14
0.02954942,-0.3341358,0.1929134,-7.686666e-15,-1.0,-5.222693e-14
0.0,-0.2898117,0.1673228,-0.8647034,-0.4599688,0.2017842
0.008927048,-0.3341358,0.1045406,-0.8647034,-0.4599688,0.2017842
0.02954942,-0.3341358,0.1929134,-0.8647034,-0.4599688,0.2017842
0.0,-0.1510757,0.2986032,-2.793475e-12,-0.5,0.8660254
0.0,-0.1830601,0.280137,-2.793475e-12,-0.5,0.8660254
0.00892417,-0.2575882,0.2371081,-2.793475e-12,-0.5,0.8660254
0.0,-0.2898117,0.1673228,-0.9398728,-0.248068,0.2347369
0.00892417,-0.2575882,0.2371081,-0.9398728,-0.248068,0.2347369
0.0,-0.1830601,0.280137,-0.9398728,-0.248068,0.2347369
0.008927048,-0.07653312,0.3416404,1.093684e-12,-0.5,0.8660254
0.0,-0.1510757,0.2986032,1.093684e-12,-0.5,0.8660254
0.00892417,-0.2575882,0.2371081,1.093684e-12,-0.5,0.8660254
0.0,-0.2898117,0.1673228,-1.0,0.0,0.0
0.0,-0.1830601,0.280137,-1.0,0.0,0.0
0.0,0.2898116,0.1673229,-1.0,0.0,0.0
0.0,-2.4e-14,0.3346457,-0.9398587,-0.07926313,0.3322393
0.0,-0.1510757,0.2986032,-0.9398587,-0.07926313,0.3322393
0.008927048,-0.07653312,0.3416404,-0.9398587,-0.07926313,0.3322393
0.008927048,-0.3341358,0.1045406,-5.022081e-15,-1.0,-5.20422e-14
0.00892417,-0.3341358,-0.1045239,-5.022081e-15,-1.0,-5.20422e-14
0.02954942,-0.3341358,-0.1929134,-5.022081e-15,-1.0,-5.20422e-14
0.0,-0.2898116,-0.1673229,-0.8647028,-0.4599742,-0.2017741
0.02954942,-0.3341358,-0.1929134,-0.8647028,-0.4599742,-0.2017741
0.00892417,-0.3341358,-0.1045239,-0.8647028,-0.4599742,-0.2017741
0.008927048,-0.2576027,-0.2370998,4.360429e-16,-0.5,-0.8660254
0.02954942,-3.219647e-15,-0.3858268,4.360429e-16,-0.5,-0.8660254
0.02954942,-0.3341358,-0.1929134,4.360429e-16,-0.5,-0.8660254
0.0,-0.2898116,-0.1673229,-0.8647033,-0.4047346,-0.2974526
0.008927048,-0.2576027,-0.2370998,-0.8647033,-0.4047346,-0.2974526
0.02954942,-0.3341358,-0.1929134,-0.8647033,-0.4047346,-0.2974526
0.0,-0.3341358,0.0184662,-1.794572e-14,-1.0,-5.41097e-14
0.0,-0.3341358,-0.0184662,-1.794572e-14,-1.0,-5.41097e-14
0.00892417,-0.3341358,-0.1045239,-1.794572e-14,-1.0,-5.41097e-14
0.0,-0.2898116,-0.1673229,-0.9398728,-0.327322,-0.09746472
0.00892417,-0.3341358,-0.1045239,-0.9398728,-0.327322,-0.09746472
0.0,-0.3341358,-0.0184662,-0.9398728,-0.327322,-0.09746472
0.008927048,-0.3341358,0.1045406,1.0545e-14,-1.0,-5.204241e-14
0.0,-0.3341358,0.0184662,1.0545e-14,-1.0,-5.204241e-14
0.00892417,-0.3341358,-0.1045239,1.0545e-14,-1.0,-5.204241e-14
0.0,-0.1439362,-0.0328525,-1.0,0.0,0.0
0.0,-0.3341358,-0.0184662,-1.0,0.0,0.0
0.0,-0.3341358,0.0184662,-1.0,0.0,0.0
0.0,-0.06405764,-0.1330171,-1.0,0.0,0.0
0.0,-0.2898116,-0.1673229,-1.0,0.0,0.0
0.0,-0.3341358,-0.0184662,-1.0,0.0,0.0
0.0,-0.1154279,-0.09205066,-1.0,0.0,0.0
0.0,-0.06405764,-0.1330171,-1.0,0.0,0.0
0.0,-0.3341358,-0.0184662,-1.0,0.0,0.0
0.0,-0.1439362,-0.0328525,-1.0,0.0,0.0
0.0,-0.1154279,-0.09205066,-1.0,0.0,0.0
0.0,-0.3341358,-0.0184662,-1.0,0.0,0.0
0.0,-0.2898117,0.1673228,-0.9398587,-0.3273592,0.09747577
0.0,-0.3341358,0.0184662,-0.9398587,-0.3273592,0.09747577
0.008927048,-0.3341358,0.1045406,-0.9398587,-0.3273592,0.09747577
0.0,-0.1439362,0.0328525,-1.0,0.0,0.0
0.0,-0.3341358,0.0184662,-1.0,0.0,0.0
0.0,-0.2898117,0.1673228,-1.0,0.0,0.0
0.0,-0.1439362,0.0328525,-1.0,0.0,0.0
0.0,-0.1439362,-0.0328525,-1.0,0.0,0.0
0.0,-0.3341358,0.0184662,-1.0,0.0,0.0
0.008927048,-0.2576027,-0.2370998,8.045541e-16,-0.5,-0.8660254
0.00892417,-0.07654757,-0.341632,8.045541e-16,-0.5,-0.8660254
0.02954942,-3.219647e-15,-0.3858268,8.045541e-16,-0.5,-0.8660254
0.0,-2.8e-14,-0.3346457,-0.8647028,-0.05524564,-0.4992364
0.02954942,-3.219647e-15,-0.3858268,-0.8647028,-0.05524564,-0.4992364
0.00892417,-0.07654757,-0.341632,-0.8647028,-0.05524564,-0.4992364
0.0,-2.8e-14,-0.3346457,-0.8647034,0.05523418,-0.4992367
0.008927048,0.07653312,-0.3416404,-0.8647034,0.05523418,-0.4992367
0.02954942,-3.219647e-15,-0.3858268,-0.8647034,0.05523418,-0.4992367
0.0,-0.1830601,-0.280137,5.855376e-13,-0.5,-0.8660254
0.0,-0.1510757,-0.2986032,5.855376e-13,-0.5,-0.8660254
0.00892417,-0.07654757,-0.341632,5.855376e-13,-0.5,-0.8660254
0.0,-2.8e-14,-0.3346457,-0.9398728,-0.07925413,-0.3322016
0.00892417,-0.07654757,-0.341632,-0.9398728,-0.07925413,-0.3322016
0.0,-0.1510757,-0.2986032,-0.9398728,-0.07925413,-0.3322016
0.008927048,-0.2576027,-0.2370998,1.076951e-12,-0.5,-0.8660254
0.0,-0.1830601,-0.280137,1.076951e-12,-0.5,-0.8660254
0.00892417,-0.07654757,-0.341632,1.076951e-12,-0.5,-0.8660254
0.0,0.1510757,-0.2986032,-1.0,0.0,0.0
0.0,-0.1510757,-0.2986032,-1.0,0.0,0.0
0.0,-0.1830601,-0.280137,-1.0,0.0,0.0
0.0,-2.8e-14,-0.3346457,-1.0,0.0,0.0
0.0,-0.1510757,-0.2986032,-1.0,0.0,0.0
0.0,0.1510757,-0.2986032,-1.0,0.0,0.0
0.0,-0.2898116,-0.1673229,-0.9398587,-0.2480962,-0.2347636
0.0,-0.1830601,-0.280137,-0.9398587,-0.2480962,-0.2347636
0.008927048,-0.2576027,-0.2370998,-0.9398587,-0.2480962,-0.2347636
0.0,0.1510757,-0.2986032,-1.0,0.0,0.0
0.0,-0.1830601,-0.280137,-1.0,0.0,0.0
0.0,0.1830601,-0.280137,-1.0,0.0,0.0
0.0,-0.2898116,-0.1673229,-1.0,0.0,0.0
0.0,0.1830601,-0.280137,-1.0,0.0,0.0
0.0,-0.1830601,-0.280137,-1.0,0.0,0.0
0.0,0.1510757,-0.2986032,-5.559318e-12,0.5,-0.8660254
0.0,0.1830601,-0.280137,-5.559318e-12,0.5,-0.8660254
0.00892417,0.2575882,-0.2371081,-5.559318e-12,0.5,-0.8660254
0.0,0.2898117,-0.1673228,-0.9398728,0.248068,-0.2347369
0.00892417,0.2575882,-0.2371081,-0.9398728,0.248068,-0.2347369
0.0,0.1830601,-0.280137,-0.9398728,0.248068,-0.2347369
0.008927048,0.07653312,-0.3416404,2.170635e-13,0.5,-0.8660254
0.0,0.1510757,-0.2986032,2.170635e-13,0.5,-0.8660254
0.00892417,0.2575882,-0.2371081,2.170635e-13,0.5,-0.8660254
0.0,-0.2898116,-0.1673229,-1.0,0.0,0.0
0.0,0.2898117,-0.1673228,-1.0,0.0,0.0
0.0,0.1830601,-0.280137,-1.0,0.0,0.0
0.0,-2.8e-14,-0.3346457,-0.9398587,0.07926313,-0.3322393
0.0,0.1510757,-0.2986032,-0.9398587,0.07926313,-0.3322393
0.008927048,0.07653312,-0.3416404,-0.9398587,0.07926313,-0.3322393
0.0,0.0,-0.1476378,-1.0,0.0,0.0
0.0,0.2898117,-0.1673228,-1.0,0.0,0.0
0.0,-0.2898116,-0.1673229,-1.0,0.0,0.0
0.0,0.06405764,-0.1330171,-1.0,0.0,0.0
0.0,0.2898117,-0.1673228,-1.0,0.0,0.0
0.0,0.0,-0.1476378,-1.0,0.0,0.0
0.0,0.1154279,-0.09205066,-1.0,0.0,0.0
0.0,0.1439362,-0.0328525,-1.0,0.0,0.0
0.0,0.2898117,-0.1673228,-1.0,0.0,0.0
0.0,0.06405764,-0.1330171,-1.0,0.0,0.0
0.0,0.1154279,-0.09205066,-1.0,0.0,0.0
0.0,0.2898117,-0.1673228,-1.0,0.0,0.0
0.0,0.0,0.1476378,-1.0,0.0,0.0
0.0,-0.2898117,0.1673228,-1.0,0.0,0.0
0.0,0.2898116,0.1673229,-1.0,0.0,0.0
0.0,0.06405764,0.1330171,-1.0,0.0,0.0
0.0,0.0,0.1476378,-1.0,0.0,0.0
0.0,0.2898116,0.1673229,-1.0,0.0,0.0
0.0,-0.06405764,-0.1330171,-1.0,0.0,0.0
0.0,0.0,-0.1476378,-1.0,0.0,0.0
0.0,-0.2898116,-0.1673229,-1.0,0.0,0.0
0.0,-0.1154279,0.09205066,-1.0,0.0,0.0
0.0,-0.1439362,0.0328525,-1.0,0.0,0.0
0.0,-0.2898117,0.1673228,-1.0,0.0,0.0
0.0,-0.06405764,0.1330171,-1.0,0.0,0.0
0.0,-0.1154279,0.09205066,-1.0,0.0,0.0
0.0,-0.2898117,0.1673228,-1.0,0.0,0.0
0.0,0.0,0.1476378,-1.0,0.0,0.0
0.0,-0.06405764,0.1330171,-1.0,0.0,0.0
0.0,-0.2898117,0.1673228,-1.0,0.0,0.0
-0.1181102,0.0,-0.1476378,0.0,-0.2225209,-0.9749279
0.0,0.0,-0.1476378,0.0,-0.2225209,-0.9749279
0.0,-0.06405764,-0.1330171,0.0,-0.2225209,-0.9749279
-0.1181102,0.06405764,-0.1330171,0.0,0.2225209,-0.9749279
0.0,0.06405764,-0.1330171,0.0,0.2225209,-0.9749279
0.0,0.0,-0.1476378,0.0,0.2225209,-0.9749279
-0.1181102,0.06405764,-0.1330171,0.0,0.2225209,-0.9749279
0.0,0.0,-0.1476378,0.0,0.2225209,-0.9749279
-0.1181102,0.0,-0.1476378,0.0,0.2225209,-0.9749279
-0.1181102,-0.06405764,-0.1330171,0.0,-0.6234898,-0.7818315
0.0,-0.06405764,-0.1330171,0.0,-0.6234898,-0.7818315
0.0,-0.1154279,-0.09205066,0.0,-0.6234898,-0.7818315
-0.1181102,-0.06405764,-0.1330171,0.0,-0.2225209,-0.9749279
-0.1181102,0.0,-0.1476378,0.0,-0.2225209,-0.9749279
0.0,-0.06405764,-0.1330171,0.0,-0.2225209,-0.9749279
-0.1181102,-0.1154279,-0.09205066,0.0,-0.9009689,-0.4338837
0.0,-0.1154279,-0.09205066,0.0,-0.9009689,-0.4338837
0.0,-0.1439362,-0.0328525,0.0,-0.9009689,-0.4338837
-0.1181102,-0.1154279,-0.09205066,0.0,-0.6234898,-0.7818315
-0.1181102,-0.06405764,-0.1330171,0.0,-0.6234898,-0.7818315
0.0,-0.1154279,-0.09205066,0.0,-0.6234898,-0.7818315
-0.1181102,-0.1439362,-0.0328525,0.0,-1.0,0.0
0.0,-0.1439362,-0.0328525,0.0,-1.0,0.0
0.0,-0.1439362,0.0328525,0.0,-1.0,0.0
-0.1181102,-0.1439362,-0.0328525,0.0,-0.9009689,-0.4338837
-0.1181102,-0.1154279,-0.09205066,0.0,-0.9009689,-0.4338837
0.0,-0.1439362,-0.0328525,0.0,-0.9009689,-0.4338837
-0.1181102,-0.1439362,0.0328525,0.0,-0.9009689,0.4338837
0.0,-0.1439362,0.0328525,0.0,-0.9009689,0.4338837
0.0,-0.1154279,0.09205066,0.0,-0.9009689,0.4338837
-0.1181102,-0.1439362,0.0328525,0.0,-1.0,0.0
-0.1181102,-0.1439362,-0.0328525,0.0,-1.0,0.0
0.0,-0.1439362,0.0328525,0.0,-1.0,0.0
-0.1181102,-0.1154279,0.09205066,0.0,-0.6234898,0.7818315
0.0,-0.1154279,0.09205066,0.0,-0.6234898,0.7818315
0.0,-0.06405764,0.1330171,0.0,-0.6234898,0.7818315
-0.1181102,-0.1154279,0.09205066,0.0,-0.9009689,0.4338837
-0.1181102,-0.1439362,0.0328525,0.0,-0.9009689,0.4338837
0.0,-0.1154279,0.09205066,0.0,-0.9009689,0.4338837
-0.1181102,-0.06405764,0.1330171,0.0,-0.2225209,0.9749279
0.0,-0.06405764,0.1330171,0.0,-0.2225209,0.9749279
0.0,0.0,0.1476378,0.0,-0.2225209,0.9749279
-0.1181102,-0.06405764,0.1330171,0.0,-0.6234898,0.7818315
-0.1181102,-0.1154279,0.09205066,0.0,-0.6234898,0.7818315
0.0,-0.06405764,0.1330171,0.0,-0.6234898,0.7818315
-0.1181102,0.0,0.1476378,0.0,0.2225209,0.9749279
0.0,0.0,0.1476378,0.0,0.2225209,0.9749279
0.0,0.06405764,0.1330171,0.0,0.2225209,0.9749279
-0.1181102,0.0,0.1476378,0.0,-0.2225209,0.9749279
-0.1181102,-0.06405764,0.1330171,0.0,-0.2225209,0.9749279
0.0,0.0,0.1476378,0.0,-0.2225209,0.9749279
-0.1181102,0.06405764,0.1330171,0.0,0.6234898,0.7818315
0.0,0.06405764,0.1330171,0.0,0.6234898,0.7818315
0.0,0.1154279,0.09205066,0.0,0.6234898,0.7818315
-0.1181102,0.06405764,0.1330171,0.0,0.2225209,0.9749279
-0.1181102,0.0,0.1476378,0.0,0.2225209,0.9749279
0.0,0.06405764,0.1330171,0.0,0.2225209,0.9749279
-0.1181102,0.1154279,0.09205066,0.0,0.9009689,0.4338837
0.0,0.1154279,0.09205066,0.0,0.9009689,0.4338837
0.0,0.1439362,0.0328525,0.0,0.9009689,0.4338837
-0.1181102,0.1154279,0.09205066,0.0,0.6234898,0.7818315
-0.1181102,0.06405764,0.1330171,0.0,0.6234898,0.7818315
0.0,0.1154279,0.09205066,0.0,0.6234898,0.7818315
-0.1181102,0.1439362,0.0328525,0.0,1.0,0.0
0.0,0.1439362,0.0328525,0.0,1.0,0.0
0.0,0.1439362,-0.0328525,0.0,1.0,0.0
-0.1181102,0.1439362,0.0328525,0.0,0.9009689,0.4338837
-0.1181102,0.1154279,0.09205066,0.0,0.9009689,0.4338837
0.0,0.1439362,0.0328525,0.0,0.9009689,0.4338837
-0.1181102,0.1439362,-0.0328525,0.0,0.9009689,-0.4338837
0.0,0.1439362,-0.0328525,0.0,0.9009689,-0.4338837
0.0,0.1154279,-0.09205066,0.0,0.9009689,-0.4338837
-0.1181102,0.1439362,-0.0328525,0.0,1.0,0.0
-0.1181102,0.1439362,0.0328525,0.0,1.0,0.0
0.0,0.1439362,-0.0328525,0.0,1.0,0.0
-0.1181102,0.1154279,-0.09205066,0.0,0.6234898,-0.7818315
0.0,0.1154279,-0.09205066,0.0,0.6234898,-0.7818315
0.0,0.06405764,-0.1330171,0.0,0.6234898,-0.7818315
-0.1181102,0.1154279,-0.09205066,0.0,0.9009689,-0.4338837
-0.1181102,0.1439362,-0.0328525,0.0,0.9009689,-0.4338837
0.0,0.1154279,-0.09205066,0.0,0.9009689,-0.4338837
-0.1181102,0.06405764,-0.1330171,0.0,0.6234898,-0.7818315
-0.1181102,0.1154279,-0.09205066,0.0,0.6234898,-0.7818315
0.0,0.06405764,-0.1330171,0.0,0.6234898,-0.7818315
-0.1181102,0.0,-0.1968504,1.0,0.0,0.0
-0.1181102,0.0,-0.1476378,1.0,0.0,0.0
-0.1181102,-0.06405764,-0.1330171,1.0,0.0,0.0
-0.1181102,0.08541019,-0.1773561,1.0,0.0,0.0
-0.1181102,0.06405764,-0.1330171,1.0,0.0,0.0
-0.1181102,0.0,-0.1476378,1.0,0.0,0.0
-0.1181102,0.08541019,-0.1773561,1.0,0.0,0.0
-0.1181102,0.0,-0.1476378,1.0,0.0,0.0
-0.1181102,0.0,-0.1968504,1.0,0.0,0.0
-0.1181102,-0.08541019,-0.1773561,1.0,0.0,0.0
-0.1181102,-0.06405764,-0.1330171,1.0,0.0,0.0
-0.1181102,-0.1154279,-0.09205066,1.0,0.0,0.0
-0.1181102,-0.08541019,-0.1773561,1.0,0.0,0.0
-0.1181102,0.0,-0.1968504,1.0,0.0,0.0
-0.1181102,-0.06405764,-0.1330171,1.0,0.0,0.0
-0.1181102,-0.08541019,-0.1773561,1.0,0.0,0.0
-0.1181102,-0.1154279,-0.09205066,1.0,0.0,0.0
-0.1181102,-0.1439362,-0.0328525,1.0,0.0,0.0
-0.1181102,-0.1539038,0.1227342,1.0,0.0,0.0
-0.1181102,-0.1439362,-0.0328525,1.0,0.0,0.0
-0.1181102,-0.1439362,0.0328525,1.0,0.0,0.0
-0.1181102,-0.1539038,-0.1227342,1.0,0.0,0.0
-0.1181102,-0.08541019,-0.1773561,1.0,0.0,0.0
-0.1181102,-0.1439362,-0.0328525,1.0,0.0,0.0
-0.1181102,-0.1539038,0.1227342,1.0,0.0,0.0
-0.1181102,-0.1539038,-0.1227342,1.0,0.0,0.0
-0.1181102,-0.1439362,-0.0328525,1.0,0.0,0.0
-0.1181102,-0.1539038,0.1227342,1.0,0.0,0.0
-0.1181102,-0.1439362,0.0328525,1.0,0.0,0.0
-0.1181102,-0.1154279,0.09205066,1.0,0.0,0.0
-0.1181102,-0.08541019,0.1773561,1.0,0.0,0.0
-0.1181102,-0.1154279,0.09205066,1.0,0.0,0.0
-0.1181102,-0.06405764,0.1330171,1.0,0.0,0.0
-0.1181102,-0.08541019,0.1773561,1.0,0.0,0.0
-0.1181102,-0.1539038,0.1227342,1.0,0.0,0.0
-0.1181102,-0.1154279,0.09205066,1.0,0.0,0.0
-0.1181102,-0.08541019,0.1773561,1.0,0.0,0.0
-0.1181102,-0.06405764,0.1330171,1.0,0.0,0.0
-0.1181102,0.0,0.1476378,1.0,0.0,0.0
-0.1181102,0.0,0.1968504,1.0,0.0,0.0
-0.1181102,0.0,0.1476378,1.0,0.0,0.0
-0.1181102,0.06405764,0.1330171,1.0,0.0,0.0
-0.1181102,0.0,0.1968504,1.0,0.0,0.0
-0.1181102,-0.08541019,0.1773561,1.0,0.0,0.0
-0.1181102,0.0,0.1476378,1.0,0.0,0.0
-0.1181102,0.08541019,0.1773561,1.0,0.0,0.0
-0.1181102,0.06405764,0.1330171,1.0,0.0,0.0
-0.1181102,0.1154279,0.09205066,1.0,0.0,0.0
-0.1181102,0.08541019,0.1773561,1.0,0.0,0.0
-0.1181102,0.0,0.1968504,1.0,0.0,0.0
-0.1181102,0.06405764,0.1330171,1.0,0.0,0.0
-0.1181102,0.08541019,0.1773561,1.0,0.0,0.0
-0.1181102,0.1154279,0.09205066,1.0,0.0,0.0
-0.1181102,0.1439362,0.0328525,1.0,0.0,0.0
-0.1181102,0.1539038,-0.1227342,1.0,0.0,0.0
-0.1181102,0.1439362,0.0328525,1.0,0.0,0.0
-0.1181102,0.1439362,-0.0328525,1.0,0.0,0.0
-0.1181102,0.1539038,0.1227342,1.0,0.0,0.0
-0.1181102,0.08541019,0.1773561,1.0,0.0,0.0
-0.1181102,0.1439362,0.0328525,1.0,0.0,0.0
-0.1181102,0.1539038,-0.1227342,1.0,0.0,0.0
-0.1181102,0.1539038,0.1227342,1.0,0.0,0.0
-0.1181102,0.1439362,0.0328525,1.0,0.0,0.0
-0.1181102,0.1539038,-0.1227342,1.0,0.0,0.0
-0.1181102,0.1439362,-0.0328525,1.0,0.0,0.0
-0.1181102,0.1154279,-0.09205066,1.0,0.0,0.0
-0.1181102,0.08541019,-0.1773561,1.0,0.0,0.0
-0.1181102,0.1154279,-0.09205066,1.0,0.0,0.0
-0.1181102,0.06405764,-0.1330171,1.0,0.0,0.0
-0.1181102,0.08541019,-0.1773561,1.0,0.0,0.0
-0.1181102,0.1539038,-0.1227342,1.0,0.0,0.0
-0.1181102,0.1154279,-0.09205066,1.0,0.0,0.0
-1.937008,-2.410642e-17,-0.1968504,-5.326218e-16,-0.2225209,-0.9749279
-0.1181102,0.0,-0.1968504,-5.326218e-16,-0.2225209,-0.9749279
-0.1181102,-0.08541019,-0.1773561,-5.326218e-16,-0.2225209,-0.9749279
-1.937008,0.08541018,-0.1773561,4.739311e-10,0.2225209,-0.9749279
-0.1181102,0.08541019,-0.1773561,4.739311e-10,0.2225209,-0.9749279
-0.1181102,0.0,-0.1968504,4.739311e-10,0.2225209,-0.9749279
-1.937008,0.08541018,-0.1773561,-5.388775e-16,0.2225209,-0.9749279
-0.1181102,0.0,-0.1968504,-5.388775e-16,0.2225209,-0.9749279
-1.937008,-2.410642e-17,-0.1968504,-5.388775e-16,0.2225209,-0.9749279
-1.937008,-0.08541018,-0.1773561,-4.566571e-10,-0.6234898,-0.7818315
-0.1181102,-0.08541019,-0.1773561,-4.566571e-10,-0.6234898,-0.7818315
-0.1181102,-0.1539038,-0.1227342,-4.566571e-10,-0.6234898,-0.7818315
-1.937008,-0.08541018,-0.1773561,4.739311e-10,-0.2225209,-0.9749279
-1.937008,-2.410642e-17,-0.1968504,4.739311e-10,-0.2225209,-0.9749279
-0.1181102,-0.08541019,-0.1773561,4.739311e-10,-0.2225209,-0.9749279
-0.1181102,-0.1919149,0.04380333,1.0,0.0,0.0
-0.1181102,-0.1919149,-0.04380333,1.0,0.0,0.0
-0.1181102,-0.1539038,-0.1227342,1.0,0.0,0.0
-1.937008,-0.1539038,-0.1227342,-4.413049e-10,-0.9009689,-0.4338837
-0.1181102,-0.1539038,-0.1227342,-4.413049e-10,-0.9009689,-0.4338837
-0.1181102,-0.1919149,-0.04380333,-4.413049e-10,-0.9009689,-0.4338837
-0.1181102,-0.1539038,0.1227342,1.0,0.0,0.0
-0.1181102,-0.1919149,0.04380333,1.0,0.0,0.0
-0.1181102,-0.1539038,-0.1227342,1.0,0.0,0.0
-1.937008,-0.1539038,-0.1227342,4.892887e-10,-0.6234898,-0.7818315
-1.937008,-0.08541018,-0.1773561,4.892887e-10,-0.6234898,-0.7818315
-0.1181102,-0.1539038,-0.1227342,4.892887e-10,-0.6234898,-0.7818315
-1.937008,-0.1919149,-0.04380333,-1.515707e-10,-1.0,0.0
-0.1181102,-0.1919149,-0.04380333,-1.515707e-10,-1.0,0.0
-0.1181102,-0.1919149,0.04380333,-1.515707e-10,-1.0,0.0
-1.937008,-0.1919149,-0.04380333,2.206678e-10,-0.9009689,-0.4338837
-1.937008,-0.1539038,-0.1227342,2.206678e-10,-0.9009689,-0.4338837
-0.1181102,-0.1919149,-0.04380333,2.206678e-10,-0.9009689,-0.4338837
-1.937008,-0.1919149,0.04380333,2.206678e-10,-0.9009689,0.4338837
-0.1181102,-0.1919149,0.04380333,2.206678e-10,-0.9009689,0.4338837
-0.1181102,-0.1539038,0.1227342,2.206678e-10,-0.9009689,0.4338837
-1.937008,-0.1919149,0.04380333,-1.515707e-10,-1.0,3.168204e-16
-1.937008,-0.1919149,-0.04380333,-1.515707e-10,-1.0,3.168204e-16
-0.1181102,-0.1919149,0.04380333,-1.515707e-10,-1.0,3.168204e-16
-1.937008,-0.1539038,0.1227342,4.892887e-10,-0.6234898,0.7818315
-0.1181102,-0.1539038,0.1227342,4.892887e-10,-0.6234898,0.7818315
-0.1181102,-0.08541019,0.1773561,4.892887e-10,-0.6234898,0.7818315
-1.937008,-0.1539038,0.1227342,-4.413049e-10,-0.9009689,0.4338837
-1.937008,-0.1919149,0.04380333,-4.413049e-10,-0.9009689,0.4338837
-0.1181102,-0.1539038,0.1227342,-4.413049e-10,-0.9009689,0.4338837
-1.937008,-0.08541018,0.1773561,4.739311e-10,-0.2225209,0.9749279
-0.1181102,-0.08541019,0.1773561,4.739311e-10,-0.2225209,0.9749279
-0.1181102,0.0,0.1968504,4.739311e-10,-0.2225209,0.9749279
-1.937008,-0.08541018,0.1773561,-4.566571e-10,-0.6234898,0.7818315
-1.937008,-0.1539038,0.1227342,-4.566571e-10,-0.6234898,0.7818315
-0.1181102,-0.08541019,0.1773561,-4.566571e-10,-0.6234898,0.7818315
-1.937008,0.0,0.1968504,-5.355709e-16,0.2225209,0.9749279
-0.1181102,0.0,0.1968504,-5.355709e-16,0.2225209,0.9749279
-0.1181102,0.08541019,0.1773561,-5.355709e-16,0.2225209,0.9749279
-1.937008,0.0,0.1968504,-5.355709e-16,-0.2225209,0.9749279
-1.937008,-0.08541018,0.1773561,-5.355709e-16,-0.2225209,0.9749279
-0.1181102,0.0,0.1968504,-5.355709e-16,-0.2225209,0.9749279
-1.937008,0.08541018,0.1773561,-4.566571e-10,0.6234898,0.7818315
-0.1181102,0.08541019,0.1773561,-4.566571e-10,0.6234898,0.7818315
-0.1181102,0.1539038,0.1227342,-4.566571e-10,0.6234898,0.7818315
-1.937008,0.08541018,0.1773561,4.739311e-10,0.2225209,0.9749279
-1.937008,0.0,0.1968504,4.739311e-10,0.2225209,0.9749279
-0.1181102,0.08541019,0.1773561,4.739311e-10,0.2225209,0.9749279
-0.1181102,0.1919149,-0.04380333,1.0,0.0,0.0
-0.1181102,0.1919149,0.04380333,1.0,0.0,0.0
-0.1181102,0.1539038,0.1227342,1.0,0.0,0.0
-1.937008,0.1539038,0.1227342,-4.413049e-10,0.9009689,0.4338837
-0.1181102,0.1539038,0.1227342,-4.413049e-10,0.9009689,0.4338837
-0.1181102,0.1919149,0.04380333,-4.413049e-10,0.9009689,0.4338837
-0.1181102,0.1539038,-0.1227342,1.0,0.0,0.0
-0.1181102,0.1919149,-0.04380333,1.0,0.0,0.0
-0.1181102,0.1539038,0.1227342,1.0,0.0,0.0
-1.937008,0.1539038,0.1227342,4.892887e-10,0.6234898,0.7818315
-1.937008,0.08541018,0.1773561,4.892887e-10,0.6234898,0.7818315
-0.1181102,0.1539038,0.1227342,4.892887e-10,0.6234898,0.7818315
-1.937008,0.1919149,0.04380333,-1.515707e-10,1.0,0.0
-0.1181102,0.1919149,0.04380333,-1.515707e-10,1.0,0.0
-0.1181102,0.1919149,-0.04380333,-1.515707e-10,1.0,0.0
-1.937008,0.1919149,0.04380333,2.206678e-10,0.9009689,0.4338837
-1.937008,0.1539038,0.1227342,2.206678e-10,0.9009689,0.4338837
-0.1181102,0.1919149,0.04380333,2.206678e-10,0.9009689,0.4338837
-1.937008,0.1919149,-0.04380333,2.206678e-10,0.9009689,-0.4338837
-0.1181102,0.1919149,-0.04380333,2.206678e-10,0.9009689,-0.4338837
-0.1181102,0.1539038,-0.1227342,2.206678e-10,0.9009689,-0.4338837
-1.937008,0.1919149,-0.04380333,-1.515707e-10,1.0,-3.168204e-16
-1.937008,0.1919149,0.04380333,-1.515707e-10,1.0,-3.168204e-16
-0.1181102,0.1919149,-0.04380333,-1.515707e-10,1.0,-3.168204e-16
-1.937008,0.1539038,-0.1227342,4.892887e-10,0.6234898,-0.7818315
-0.1181102,0.1539038,-0.1227342,4.892887e-10,0.6234898,-0.7818315
-0.1181102,0.08541019,-0.1773561,4.892887e-10,0.6234898,-0.7818315
-1.937008,0.1539038,-0.1227342,-4.413049e-10,0.9009689,-0.4338837
-1.937008,0.1919149,-0.04380333,-4.413049e-10,0.9009689,-0.4338837
-0.1181102,0.1539038,-0.1227342,-4.413049e-10,0.9009689,-0.4338837
-1.937008,0.08541018,-0.1773561,-4.566571e-10,0.6234898,-0.7818315
-1.937008,0.1539038,-0.1227342,-4.566571e-10,0.6234898,-0.7818315
-0.1181102,0.08541019,-0.1773561,-4.566571e-10,0.6234898,-0.7818315
-2.0,0.0,-0.1338583,-0.6980737,-0.1593308,-0.6980737
-1.937008,-2.410642e-17,-0.1968504,-0.6980737,-0.1593308,-0.6980737
-1.937008,-0.08541018,-0.1773561,-0.6980737,-0.1593308,-0.6980737
-2.0,0.05807892,-0.1206021,-0.6980737,0.1593308,-0.6980737
-1.937008,0.08541018,-0.1773561,-0.6980737,0.1593308,-0.6980737
-1.937008,-2.410642e-17,-0.1968504,-0.6980737,0.1593308,-0.6980737
-2.0,0.05807892,-0.1206021,-0.6980737,0.1593308,-0.6980737
-1.937008,-2.410642e-17,-0.1968504,-0.6980737,0.1593308,-0.6980737
-2.0,0.0,-0.1338583,-0.6980737,0.1593308,-0.6980737
-2.0,-0.05807892,-0.1206021,-0.6980737,-0.4464349,-0.5598116
-1.937008,-0.08541018,-0.1773561,-0.6980737,-0.4464349,-0.5598116
-1.937008,-0.1539038,-0.1227342,-0.6980737,-0.4464349,-0.5598116
-2.0,-0.05807892,-0.1206021,-0.6980737,-0.1593308,-0.6980737
-2.0,0.0,-0.1338583,-0.6980737,-0.1593308,-0.6980737
-1.937008,-0.08541018,-0.1773561,-0.6980737,-0.1593308,-0.6980737
-2.0,-0.1046546,-0.08345927,-0.6980737,-0.6451171,-0.310672
-1.937008,-0.1539038,-0.1227342,-0.6980737,-0.6451171,-0.310672
-1.937008,-0.1919149,-0.04380333,-0.6980737,-0.6451171,-0.310672
-2.0,-0.1046546,-0.08345927,-0.6980737,-0.4464349,-0.5598116
-2.0,-0.05807892,-0.1206021,-0.6980737,-0.4464349,-0.5598116
-1.937008,-0.1539038,-0.1227342,-0.6980737,-0.4464349,-0.5598116
-2.0,-0.1305022,-0.02978627,-0.6980737,-0.7160259,2.250793e-16
-1.937008,-0.1919149,-0.04380333,-0.6980737,-0.7160259,2.250793e-16
-1.937008,-0.1919149,0.04380333,-0.6980737,-0.7160259,2.250793e-16
-2.0,-0.1305022,-0.02978627,-0.6980737,-0.6451171,-0.310672
-2.0,-0.1046546,-0.08345927,-0.6980737,-0.6451171,-0.310672
-1.937008,-0.1919149,-0.04380333,-0.6980737,-0.6451171,-0.310672
-2.0,-0.1305022,0.02978627,-0.6980737,-0.6451171,0.310672
-1.937008,-0.1919149,0.04380333,-0.6980737,-0.6451171,0.310672
-1.937008,-0.1539038,0.1227342,-0.6980737,-0.6451171,0.310672
-2.0,-0.1305022,0.02978627,-0.6980737,-0.7160259,0.0
-2.0,-0.1305022,-0.02978627,-0.6980737,-0.7160259,0.0
-1.937008,-0.1919149,0.04380333,-0.6980737,-0.7160259,0.0
-2.0,-0.1046546,0.08345927,-0.6980737,-0.4464349,0.5598116
-1.937008,-0.1539038,0.1227342,-0.6980737,-0.4464349,0.5598116
-1.937008,-0.08541018,0.1773561,-0.6980737,-0.4464349,0.5598116
-2.0,-0.1046546,0.08345927,-0.6980737,-0.6451171,0.310672
-2.0,-0.1305022,0.02978627,-0.6980737,-0.6451171,0.310672
-1.937008,-0.1539038,0.1227342,-0.6980737,-0.6451171,0.310672
-2.0,-0.05807892,0.1206021,-0.6980737,-0.1593308,0.6980737
-1.937008,-0.08541018,0.1773561,-0.6980737,-0.1593308,0.6980737
-1.937008,0.0,0.1968504,-0.6980737,-0.1593308,0.6980737
-2.0,-0.05807892,0.1206021,-0.6980737,-0.4464349,0.5598116
-2.0,-0.1046546,0.08345927,-0.6980737,-0.4464349,0.5598116
-1.937008,-0.08541018,0.1773561,-0.6980737,-0.4464349,0.5598116
-2.0,0.0,0.1338583,-0.6980737,0.1593308,0.6980737
-1.937008,0.0,0.1968504,-0.6980737,0.1593308,0.6980737
-1.937008,0.08541018,0.1773561,-0.6980737,0.1593308,0.6980737
-2.0,-0.05807892,0.1206021,-0.6980737,-0.1593308,0.6980737
-1.937008,0.0,0.1968504,-0.6980737,-0.1593308,0.6980737
-2.0,0.0,0.1338583,-0.6980737,-0.1593308,0.6980737
-2.0,0.05807892,0.1206021,-0.6980737,0.4464349,0.5598116
-1.937008,0.08541018,0.1773561,-0.6980737,0.4464349,0.5598116
-1.937008,0.1539038,0.1227342,-0.6980737,0.4464349,0.5598116
-2.0,0.05807892,0.1206021,-0.6980737,0.1593308,0.6980737
-2.0,0.0,0.1338583,-0.6980737,0.1593308,0.6980737
-1.937008,0.08541018,0.1773561,-0.6980737,0.1593308,0.6980737
-2.0,0.1046546,0.08345927,-0.6980737,0.6451171,0.310672
-1.937008,0.1539038,0.1227342,-0.6980737,0.6451171,0.310672
-1.937008,0.1919149,0.04380333,-0.6980737,0.6451171,0.310672
-2.0,0.1046546,0.08345927,-0.6980737,0.4464349,0.5598116
-2.0,0.05807892,0.1206021,-0.6980737,0.4464349,0.5598116
-1.937008,0.1539038,0.1227342,-0.6980737,0.4464349,0.5598116
-2.0,0.1305022,0.02978627,-0.6980737,0.7160259,-2.250793e-16
-1.937008,0.1919149,0.04380333,-0.6980737,0.7160259,-2.250793e-16
-1.937008,0.1919149,-0.04380333,-0.6980737,0.7160259,-2.250793e-16
-2.0,0.1305022,0.02978627,-0.6980737,0.6451171,0.310672
-2.0,0.1046546,0.08345927,-0.6980737,0.6451171,0.310672
-1.937008,0.1919149,0.04380333,-0.6980737,0.6451171,0.310672
-2.0,0.1305022,-0.02978627,-0.6980737,0.6451171,-0.310672
-1.937008,0.1919149,-0.04380333,-0.6980737,0.6451171,-0.310672
-1.937008,0.1539038,-0.1227342,-0.6980737,0.6451171,-0.310672
-2.0,0.1305022,-0.02978627,-0.6980737,0.7160259,0.0
-2.0,0.1305022,0.02978627,-0.6980737,0.7160259,0.0
-1.937008,0.1919149,-0.04380333,-0.6980737,0.7160259,0.0
-2.0,0.1046546,-0.08345927,-0.6980737,0.4464349,-0.5598116
-1.937008,0.1539038,-0.1227342,-0.6980737,0.4464349,-0.5598116
-1.937008,0.08541018,-0.1773561,-0.6980737,0.4464349,-0.5598116
-2.0,0.1046546,-0.08345927,-0.6980737,0.6451171,-0.310672
-2.0,0.1305022,-0.02978627,-0.6980737,0.6451171,-0.310672
-1.937008,0.1539038,-0.1227342,-0.6980737,0.6451171,-0.310672
-2.0,0.05807892,-0.1206021,-0.6980737,0.4464349,-0.5598116
-2.0,0.1046546,-0.08345927,-0.6980737,0.4464349,-0.5598116
-1.937008,0.08541018,-0.1773561,-0.6980737,0.4464349,-0.5598116
-2.0,0.05807892,0.1206021,-1.0,0.0,0.0
-2.0,0.0,-0.1338583,-1.0,0.0,0.0
-2.0,0.0,0.1338583,-1.0,0.0,0.0
-2.0,-0.05807892,-0.1206021,-1.0,0.0,0.0
-2.0,0.0,0.1338583,-1.0,0.0,0.0
-2.0,0.0,-0.1338583,-1.0,0.0,0.0
-2.0,0.05807892,-0.1206021,-1.0,0.0,0.0
-2.0,0.0,-0.1338583,-1.0,0.0,0.0
-2.0,0.05807892,0.1206021,-1.0,0.0,0.0
-2.0,-0.05807892,0.1206021,-1.0,0.0,0.0
-2.0,0.0,0.1338583,-1.0,0.0,0.0
-2.0,-0.05807892,-0.1206021,-1.0,0.0,0.0
-2.0,0.05807892,-0.1206021,-1.0,0.0,0.0
-2.0,0.05807892,0.1206021,-1.0,0.0,0.0
-2.0,0.1046546,0.08345927,-1.0,0.0,0.0
-2.0,0.1046546,-0.08345927,-1.0,0.0,0.0
-2.0,0.1046546,0.08345927,-1.0,0.0,0.0
-2.0,0.1305022,0.02978627,-1.0,0.0,0.0
-2.0,0.05807892,-0.1206021,-1.0,0.0,0.0
-2.0,0.1046546,0.08345927,-1.0,0.0,0.0
-2.0,0.1046546,-0.08345927,-1.0,0.0,0.0
-2.0,0.1046546,-0.08345927,-1.0,0.0,0.0
-2.0,0.1305022,0.02978627,-1.0,0.0,0.0
-2.0,0.1305022,-0.02978627,-1.0,0.0,0.0
-2.0,-0.05807892,0.1206021,-1.0,0.0,0.0
-2.0,-0.05807892,-0.1206021,-1.0,0.0,0.0
-2.0,-0.1046546,-0.08345927,-1.0,0.0,0.0
-2.0,-0.1046546,0.08345927,-1.0,0.0,0.0
-2.0,-0.1046546,-0.08345927,-1.0,0.0,0.0
-2.0,-0.1305022,-0.02978627,-1.0,0.0,0.0
-2.0,-0.05807892,0.1206021,-1.0,0.0,0.0
-2.0,-0.1046546,-0.08345927,-1.0,0.0,0.0
-2.0,-0.1046546,0.08345927,-1.0,0.0,0.0
-2.0,-0.1046546,0.08345927,-1.0,0.0,0.0
-2.0,-0.1305022,-0.02978627,-1.0,0.0,0.0
-2.0,-0.1305022,0.02978627,-1.0,0.0,0.0
