3.0,0.1024922,-0.2128273,1.0,0.0,0.0
3.0,0.1024922,0.2128273,1.0,0.0,0.0
3.0,0.0,0.2362205,1.0,0.0,0.0
2.980315,0.0,0.2559055,0.6980737,0.1593308,0.6980737
3.0,0.0,0.2362205,0.6980737,0.1593308,0.6980737
3.0,0.1024922,0.2128273,0.6980737,0.1593308,0.6980737
3.0,0.0,-0.2362205,1.0,0.0,0.0
3.0,0.1024922,-0.2128273,1.0,0.0,0.0
3.0,0.0,0.2362205,1.0,0.0,0.0
3.0,-0.1024922,0.2128273,1.0,0.0,0.0
3.0,0.0,-0.2362205,1.0,0.0,0.0
3.0,0.0,0.2362205,1.0,0.0,0.0
2.980315,-0.1110332,0.2305629,0.6980737,-0.1593308,0.6980736
3.0,-0.1024922,0.2128273,0.6980737,-0.1593308,0.6980736
3.0,0.0,0.2362205,0.6980737,-0.1593308,0.6980736
2.980315,0.0,0.2559055,0.6980737,-0.1593308,0.6980737
2.980315,-0.1110332,0.2305629,0.6980737,-0.1593308,0.6980737
3.0,0.0,0.2362205,0.6980737,-0.1593308,0.6980737
3.0,0.1846846,-0.1472811,1.0,0.0,0.0
3.0,0.1846846,0.1472811,1.0,0.0,0.0
3.0,0.1024922,0.2128273,1.0,0.0,0.0
2.980315,0.1110332,0.2305629,0.6980736,0.4464349,0.5598116
3.0,0.1024922,0.2128273,0.6980736,0.4464349,0.5598116
3.0,0.1846846,0.1472811,0.6980736,0.4464349,0.5598116
3.0,0.1024922,-0.2128273,1.0,0.0,0.0
3.0,0.1846846,-0.1472811,1.0,0.0,0.0
3.0,0.1024922,0.2128273,1.0,0.0,0.0
2.980315,0.1110332,0.2305629,0.6980737,0.1593308,0.6980736
2.980315,0.0,0.2559055,0.6980737,0.1593308,0.6980736
3.0,0.1024922,0.2128273,0.6980737,0.1593308,0.6980736
3.0,0.2302979,-0.05256401,1.0,0.0,0.0
3.0,0.2302979,0.05256401,1.0,0.0,0.0
3.0,0.1846846,0.1472811,1.0,0.0,0.0
2.980315,0.200075,0.1595545,0.6980737,0.6451171,0.310672
3.0,0.1846846,0.1472811,0.6980737,0.6451171,0.310672
3.0,0.2302979,0.05256401,0.6980737,0.6451171,0.310672
3.0,0.1846846,-0.1472811,1.0,0.0,0.0
3.0,0.2302979,-0.05256401,1.0,0.0,0.0
3.0,0.1846846,0.1472811,1.0,0.0,0.0
2.980315,0.200075,0.1595545,0.6980737,0.4464349,0.5598116
2.980315,0.1110332,0.2305629,0.6980737,0.4464349,0.5598116
3.0,0.1846846,0.1472811,0.6980737,0.4464349,0.5598116
2.980315,0.2494894,0.05694433,0.6980737,0.7160259,2.063227e-16
3.0,0.2302979,0.05256401,0.6980737,0.7160259,2.063227e-16
3.0,0.2302979,-0.05256401,0.6980737,0.7160259,2.063227e-16
2.980315,0.2494894,0.05694433,0.6980736,0.6451171,0.310672
2.980315,0.200075,0.1595545,0.6980736,0.6451171,0.310672
3.0,0.2302979,0.05256401,0.6980736,0.6451171,0.310672
2.980315,0.2494894,-0.05694433,0.6980736,0.6451171,-0.310672
3.0,0.2302979,-0.05256401,0.6980736,0.6451171,-0.310672
3.0,0.1846846,-0.1472811,0.6980736,0.6451171,-0.310672
2.980315,0.2494894,-0.05694433,0.6980737,0.7160259,1.745012e-16
2.980315,0.2494894,0.05694433,0.6980737,0.7160259,1.745012e-16
3.0,0.2302979,-0.05256401,0.6980737,0.7160259,1.745012e-16
2.980315,0.200075,-0.1595545,0.6980737,0.4464349,-0.5598116
3.0,0.1846846,-0.1472811,0.6980737,0.4464349,-0.5598116
3.0,0.1024922,-0.2128273,0.6980737,0.4464349,-0.5598116
2.980315,0.200075,-0.1595545,0.6980737,0.6451171,-0.310672
2.980315,0.2494894,-0.05694433,0.6980737,0.6451171,-0.310672
3.0,0.1846846,-0.1472811,0.6980737,0.6451171,-0.310672
2.980315,0.1110332,-0.2305629,0.6980737,0.1593308,-0.6980736
3.0,0.1024922,-0.2128273,0.6980737,0.1593308,-0.6980736
3.0,0.0,-0.2362205,0.6980737,0.1593308,-0.6980736
2.980315,0.1110332,-0.2305629,0.6980736,0.4464349,-0.5598116
2.980315,0.200075,-0.1595545,0.6980736,0.4464349,-0.5598116
3.0,0.1024922,-0.2128273,0.6980736,0.4464349,-0.5598116
3.0,-0.1024922,0.2128273,1.0,0.0,0.0
3.0,-0.1024922,-0.2128273,1.0,0.0,0.0
3.0,0.0,-0.2362205,1.0,0.0,0.0
2.980315,3.133835e-17,-0.2559055,0.6980737,-0.1593308,-0.6980737
3.0,0.0,-0.2362205,0.6980737,-0.1593308,-0.6980737
3.0,-0.1024922,-0.2128273,0.6980737,-0.1593308,-0.6980737
2.980315,0.1110332,-0.2305629,0.6980737,0.1593308,-0.6980737
3.0,0.0,-0.2362205,0.6980737,0.1593308,-0.6980737
2.980315,3.133835e-17,-0.2559055,0.6980737,0.1593308,-0.6980737
3.0,-0.1846846,0.1472811,1.0,0.0,0.0
3.0,-0.1846846,-0.1472811,1.0,0.0,0.0
3.0,-0.1024922,-0.2128273,1.0,0.0,0.0
2.980315,-0.1110332,-0.2305629,0.6980736,-0.4464349,-0.5598116
3.0,-0.1024922,-0.2128273,0.6980736,-0.4464349,-0.5598116
3.0,-0.1846846,-0.1472811,0.6980736,-0.4464349,-0.5598116
3.0,-0.1024922,0.2128273,1.0,0.0,0.0
3.0,-0.1846846,0.1472811,1.0,0.0,0.0
3.0,-0.1024922,-0.2128273,1.0,0.0,0.0
2.980315,-0.1110332,-0.2305629,0.6980737,-0.1593308,-0.6980736
2.980315,3.133835e-17,-0.2559055,0.6980737,-0.1593308,-0.6980736
3.0,-0.1024922,-0.2128273,0.6980737,-0.1593308,-0.6980736
3.0,-0.2302979,0.05256401,1.0,0.0,0.0
3.0,-0.2302979,-0.05256401,1.0,0.0,0.0
3.0,-0.1846846,-0.1472811,1.0,0.0,0.0
2.980315,-0.200075,-0.1595545,0.6980737,-0.6451171,-0.310672
3.0,-0.1846846,-0.1472811,0.6980737,-0.6451171,-0.310672
3.0,-0.2302979,-0.05256401,0.6980737,-0.6451171,-0.310672
3.0,-0.1846846,0.1472811,1.0,0.0,0.0
3.0,-0.2302979,0.05256401,1.0,0.0,0.0
3.0,-0.1846846,-0.1472811,1.0,0.0,0.0
2.980315,-0.200075,-0.1595545,0.6980737,-0.4464349,-0.5598116
2.980315,-0.1110332,-0.2305629,0.6980737,-0.4464349,-0.5598116
3.0,-0.1846846,-0.1472811,0.6980737,-0.4464349,-0.5598116
2.980315,-0.2494894,-0.05694433,0.6980737,-0.7160259,1.875661e-16
3.0,-0.2302979,-0.05256401,0.6980737,-0.7160259,1.875661e-16
3.0,-0.2302979,0.05256401,0.6980737,-0.7160259,1.875661e-16
2.980315,-0.2494894,-0.05694433,0.6980736,-0.6451171,-0.310672
2.980315,-0.200075,-0.1595545,0.6980736,-0.6451171,-0.310672
3.0,-0.2302979,-0.05256401,0.6980736,-0.6451171,-0.310672
2.980315,-0.2494894,0.05694433,0.6980736,-0.6451171,0.310672
3.0,-0.2302979,0.05256401,0.6980736,-0.6451171,0.310672
3.0,-0.1846846,0.1472811,0.6980736,-0.6451171,0.310672
2.980315,-0.2494894,0.05694433,0.6980737,-0.7160259,1.745012e-16
2.980315,-0.2494894,-0.05694433,0.6980737,-0.7160259,1.745012e-16
3.0,-0.2302979,0.05256401,0.6980737,-0.7160259,1.745012e-16
2.980315,-0.200075,0.1595545,0.6980737,-0.4464349,0.5598116
3.0,-0.1846846,0.1472811,0.6980737,-0.4464349,0.5598116
3.0,-0.1024922,0.2128273,0.6980737,-0.4464349,0.5598116
2.980315,-0.200075,0.1595545,0.6980737,-0.6451171,0.310672
2.980315,-0.2494894,0.05694433,0.6980737,-0.6451171,0.310672
3.0,-0.1846846,0.1472811,0.6980737,-0.6451171,0.310672
2.980315,-0.1110332,0.2305629,0.6980736,-0.4464349,0.5598116
2.980315,-0.200075,0.1595545,0.6980736,-0.4464349,0.5598116
3.0,-0.1024922,0.2128273,0.6980736,-0.4464349,0.5598116
0.01968504,3.133835e-17,-0.2559055,0.0,-0.2225209,-0.9749279
2.980315,3.133835e-17,-0.2559055,0.0,-0.2225209,-0.9749279
2.980315,-0.1110332,-0.2305629,0.0,-0.2225209,-0.9749279
0.01968504,0.06385282,-0.2478113,0.002133775,0.2225204,-0.9749257
2.980315,0.1110332,-0.2305629,0.002133775,0.2225204,-0.9749257
2.980315,3.133835e-17,-0.2559055,0.002133775,0.2225204,-0.9749257
0.01968504,3.133835e-17,-0.2559055,0.0,0.125757,-0.9920611
0.01968504,0.06385282,-0.2478113,0.0,0.125757,-0.9920611
2.980315,3.133835e-17,-0.2559055,0.0,0.125757,-0.9920611
0.01968504,-0.1236664,-0.2240408,0.0009381134,-0.6234895,-0.7818311
2.980315,-0.1110332,-0.2305629,0.0009381134,-0.6234895,-0.7818311
2.980315,-0.200075,-0.1595545,0.0009381134,-0.6234895,-0.7818311
0.01968504,-0.06385282,-0.2478113,0.003775594,-0.1257561,-0.992054
0.01968504,3.133835e-17,-0.2559055,0.003775594,-0.1257561,-0.992054
2.980315,-0.1110332,-0.2305629,0.003775594,-0.1257561,-0.992054
0.01968504,-0.06385282,-0.2478113,-0.0004713327,-0.3693156,-0.9293039
2.980315,-0.1110332,-0.2305629,-0.0004713327,-0.3693156,-0.9293039
0.01968504,-0.1236664,-0.2240408,-0.0004713327,-0.3693156,-0.9293039
0.3937008,-0.2165354,-0.136382,0.001846492,-0.9009673,-0.433883
2.980315,-0.200075,-0.1595545,0.001846492,-0.9009673,-0.433883
2.980315,-0.2494894,-0.05694433,0.001846492,-0.9009673,-0.433883
0.01968504,-0.1236664,-0.2240408,0.002379778,-0.5895099,-0.8077576
2.980315,-0.200075,-0.1595545,0.002379778,-0.5895099,-0.8077576
0.01968504,-0.1756569,-0.1860976,0.002379778,-0.5895099,-0.8077576
0.3937008,-0.2165354,-0.136382,-0.0007279823,-0.7750952,-0.6318441
0.01968504,-0.1756569,-0.1860976,-0.0007279823,-0.7750952,-0.6318441
2.980315,-0.200075,-0.1595545,-0.0007279823,-0.7750952,-0.6318441
0.3937008,-0.2514272,-0.04766554,0.000749146,-0.9999997,2.414359e-16
2.980315,-0.2494894,-0.05694433,0.000749146,-0.9999997,2.414359e-16
2.980315,-0.2494894,0.05694433,0.000749146,-0.9999997,2.414359e-16
0.3937008,-0.2514272,-0.04766554,-0.0006157824,-0.9306125,-0.3660055
0.3937008,-0.2165354,-0.136382,-0.0006157824,-0.9306125,-0.3660055
2.980315,-0.2494894,-0.05694433,-0.0006157824,-0.9306125,-0.3660055
0.3937008,-0.2165354,0.136382,0.001846492,-0.9009673,0.433883
2.980315,-0.2494894,0.05694433,0.001846492,-0.9009673,0.433883
2.980315,-0.200075,0.1595545,0.001846492,-0.9009673,0.433883
0.3937008,-0.2514272,0.04766554,0.000749146,-0.9999997,3.49379e-15
0.3937008,-0.2514272,-0.04766554,0.000749146,-0.9999997,3.49379e-15
2.980315,-0.2494894,0.05694433,0.000749146,-0.9999997,3.49379e-15
0.3937008,-0.2165354,0.136382,-0.0006157824,-0.9306125,0.3660055
0.3937008,-0.2514272,0.04766554,-0.0006157824,-0.9306125,0.3660055
2.980315,-0.2494894,0.05694433,-0.0006157824,-0.9306125,0.3660055
0.01968504,-0.1756569,0.1860976,0.001867086,-0.6234887,0.7818301
2.980315,-0.200075,0.1595545,0.001867086,-0.6234887,0.7818301
2.980315,-0.1110332,0.2305629,0.001867086,-0.6234887,0.7818301
0.01968504,-0.2165354,0.136382,-0.0006765348,-0.7724154,0.6351173
2.980315,-0.200075,0.1595545,-0.0006765348,-0.7724154,0.6351173
0.01968504,-0.1756569,0.1860976,-0.0006765348,-0.7724154,0.6351173
0.3937008,-0.2165354,0.136382,0.0,-0.8152508,0.579108
2.980315,-0.200075,0.1595545,0.0,-0.8152508,0.579108
0.01968504,-0.2165354,0.136382,0.0,-0.8152508,0.579108
0.01968504,-0.06385282,0.2478113,0.002133775,-0.2225204,0.9749257
2.980315,-0.1110332,0.2305629,0.002133775,-0.2225204,0.9749257
2.980315,0.0,0.2559055,0.002133775,-0.2225204,0.9749257
0.01968504,-0.1236664,0.2240408,-0.0004713327,-0.3693156,0.9293039
2.980315,-0.1110332,0.2305629,-0.0004713327,-0.3693156,0.9293039
0.01968504,-0.06385282,0.2478113,-0.0004713327,-0.3693156,0.9293039
0.01968504,-0.1756569,0.1860976,0.0007360082,-0.5895114,0.8077597
2.980315,-0.1110332,0.2305629,0.0007360082,-0.5895114,0.8077597
0.01968504,-0.1236664,0.2240408,0.0007360082,-0.5895114,0.8077597
0.01968504,0.0,0.2559055,0.0,0.2225209,0.9749279
2.980315,0.0,0.2559055,0.0,0.2225209,0.9749279
2.980315,0.1110332,0.2305629,0.0,0.2225209,0.9749279
0.01968504,-0.06385282,0.2478113,0.0,-0.125757,0.9920611
2.980315,0.0,0.2559055,0.0,-0.125757,0.9920611
0.01968504,0.0,0.2559055,0.0,-0.125757,0.9920611
0.01968504,0.1236664,0.2240408,0.0009381134,0.6234895,0.7818311
2.980315,0.1110332,0.2305629,0.0009381134,0.6234895,0.7818311
2.980315,0.200075,0.1595545,0.0009381134,0.6234895,0.7818311
0.01968504,0.06385282,0.2478113,0.003775594,0.1257561,0.992054
0.01968504,0.0,0.2559055,0.003775594,0.1257561,0.992054
2.980315,0.1110332,0.2305629,0.003775594,0.1257561,0.992054
0.01968504,0.1236664,0.2240408,-0.0004713327,0.3693156,0.9293039
0.01968504,0.06385282,0.2478113,-0.0004713327,0.3693156,0.9293039
2.980315,0.1110332,0.2305629,-0.0004713327,0.3693156,0.9293039
0.3937008,0.2165354,0.136382,0.001846492,0.9009673,0.433883
2.980315,0.200075,0.1595545,0.001846492,0.9009673,0.433883
2.980315,0.2494894,0.05694433,0.001846492,0.9009673,0.433883
0.01968504,0.1756569,0.1860976,-0.0007279823,0.7750952,0.6318441
2.980315,0.200075,0.1595545,-0.0007279823,0.7750952,0.6318441
0.3937008,0.2165354,0.136382,-0.0007279823,0.7750952,0.6318441
0.01968504,0.1756569,0.1860976,0.002379778,0.5895099,0.8077576
0.01968504,0.1236664,0.2240408,0.002379778,0.5895099,0.8077576
2.980315,0.200075,0.1595545,0.002379778,0.5895099,0.8077576
0.3937008,0.2514272,0.04766554,0.000749146,0.9999997,2.443802e-16
2.980315,0.2494894,0.05694433,0.000749146,0.9999997,2.443802e-16
2.980315,0.2494894,-0.05694433,0.000749146,0.9999997,2.443802e-16
0.3937008,0.2514272,0.04766554,-0.0006157824,0.9306125,0.3660055
0.3937008,0.2165354,0.136382,-0.0006157824,0.9306125,0.3660055
2.980315,0.2494894,0.05694433,-0.0006157824,0.9306125,0.3660055
0.3937008,0.2165354,-0.136382,0.001846492,0.9009673,-0.433883
2.980315,0.2494894,-0.05694433,0.001846492,0.9009673,-0.433883
2.980315,0.200075,-0.1595545,0.001846492,0.9009673,-0.433883
0.3937008,0.2514272,-0.04766554,0.000749146,0.9999997,5.822983e-16
0.3937008,0.2514272,0.04766554,0.000749146,0.9999997,5.822983e-16
2.980315,0.2494894,-0.05694433,0.000749146,0.9999997,5.822983e-16
0.3937008,0.2165354,-0.136382,-0.0006157824,0.9306125,-0.3660055
0.3937008,0.2514272,-0.04766554,-0.0006157824,0.9306125,-0.3660055
2.980315,0.2494894,-0.05694433,-0.0006157824,0.9306125,-0.3660055
0.01968504,0.1756569,-0.1860976,0.001867086,0.6234887,-0.7818301
2.980315,0.200075,-0.1595545,0.001867086,0.6234887,-0.7818301
2.980315,0.1110332,-0.2305629,0.001867086,0.6234887,-0.7818301
0.01968504,0.2165354,-0.136382,0.0,0.8152508,-0.579108
0.3937008,0.2165354,-0.136382,0.0,0.8152508,-0.579108
2.980315,0.200075,-0.1595545,0.0,0.8152508,-0.579108
0.01968504,0.1756569,-0.1860976,-0.0006765348,0.7724154,-0.6351173
0.01968504,0.2165354,-0.136382,-0.0006765348,0.7724154,-0.6351173
2.980315,0.200075,-0.1595545,-0.0006765348,0.7724154,-0.6351173
0.01968504,0.1236664,-0.2240408,0.0007360082,0.5895114,-0.8077597
0.01968504,0.1756569,-0.1860976,0.0007360082,0.5895114,-0.8077597
2.980315,0.1110332,-0.2305629,0.0007360082,0.5895114,-0.8077597
0.01968504,0.06385282,-0.2478113,-0.0004713327,0.3693156,-0.9293039
0.01968504,0.1236664,-0.2240408,-0.0004713327,0.3693156,-0.9293039
2.980315,0.1110332,-0.2305629,-0.0004713327,0.3693156,-0.9293039
0.3937008,0.2514272,-0.04766554,-1.0,0.0,0.0
0.3937008,0.2165354,0.136382,-1.0,0.0,0.0
0.3937008,0.2514272,0.04766554,-1.0,0.0,0.0
0.3937008,0.2165354,-0.136382,-1.0,0.0,0.0
0.3937008,0.2165354,0.136382,-1.0,0.0,0.0
0.3937008,0.2514272,-0.04766554,-1.0,0.0,0.0
0.01968504,0.2165354,-0.136382,0.0,1.0,0.0
0.3937008,0.2165354,0.136382,0.0,1.0,0.0
0.3937008,0.2165354,-0.136382,0.0,1.0,0.0
0.01968504,0.2165354,0.136382,0.0,1.0,0.0
0.3937008,0.2165354,0.136382,0.0,1.0,0.0
0.01968504,0.2165354,-0.136382,0.0,1.0,0.0
0.01968504,0.2165354,0.136382,0.0,0.7724155,0.6351175
0.01968504,0.1756569,0.1860976,0.0,0.7724155,0.6351175
0.3937008,0.2165354,0.136382,0.0,0.7724155,0.6351175
0.008890592,0.2165354,-0.1148557,-0.7848542,0.4786508,-0.3935699
0.01968504,0.2165354,-0.136382,-0.7848542,0.4786508,-0.3935699
0.01968504,0.1756569,-0.1860976,-0.7848542,0.4786508,-0.3935699
0.008890592,0.2165354,-0.1148557,0.0,1.0,0.0
0.01968504,0.2165354,0.136382,0.0,1.0,0.0
0.01968504,0.2165354,-0.136382,0.0,1.0,0.0
-1.4e-14,0.1514163,-0.1813097,-0.678012,0.433321,-0.5937446
0.01968504,0.1756569,-0.1860976,-0.678012,0.433321,-0.5937446
0.01968504,0.1236664,-0.2240408,-0.678012,0.433321,-0.5937446
0.008890592,0.2165354,-0.1148557,-0.8354623,0.4123983,-0.3632222
0.01968504,0.1756569,-0.1860976,-0.8354623,0.4123983,-0.3632222
-1.4e-14,0.2165354,-0.09440613,-0.8354623,0.4123983,-0.3632222
-1.4e-14,0.1514163,-0.1813097,-0.7492492,0.5300019,-0.3971443
-1.4e-14,0.2165354,-0.09440613,-0.7492492,0.5300019,-0.3971443
0.01968504,0.1756569,-0.1860976,-0.7492492,0.5300019,-0.3971443
-1.4e-14,0.1514163,-0.1813097,-0.8314775,0.2051764,-0.5162827
0.01968504,0.1236664,-0.2240408,-0.8314775,0.2051764,-0.5162827
0.01968504,0.06385282,-0.2478113,-0.8314775,0.2051764,-0.5162827
-1.4e-14,0.05429712,-0.2298955,-0.6940085,0.09054084,-0.7142511
0.01968504,0.06385282,-0.2478113,-0.6940085,0.09054084,-0.7142511
0.01968504,3.133835e-17,-0.2559055,-0.6940085,0.09054084,-0.7142511
-1.4e-14,0.05429712,-0.2298955,-0.7178621,0.3114778,-0.62262
-1.4e-14,0.1514163,-0.1813097,-0.7178621,0.3114778,-0.62262
0.01968504,0.06385282,-0.2478113,-0.7178621,0.3114778,-0.62262
-1.4e-14,-0.05429712,-0.2298955,-0.7973802,3.532156e-14,-0.6034773
-1.4e-14,0.05429712,-0.2298955,-0.7973802,3.532156e-14,-0.6034773
0.01968504,3.133835e-17,-0.2559055,-0.7973802,3.532156e-14,-0.6034773
0.01968504,-0.06385282,-0.2478113,-0.6940085,-0.09054084,-0.7142511
-1.4e-14,-0.05429712,-0.2298955,-0.6940085,-0.09054084,-0.7142511
0.01968504,3.133835e-17,-0.2559055,-0.6940085,-0.09054084,-0.7142511
-1.4e-14,0.05429712,0.2298955,-0.6940085,0.09054084,0.7142511
0.01968504,0.0,0.2559055,-0.6940085,0.09054084,0.7142511
0.01968504,0.06385282,0.2478113,-0.6940085,0.09054084,0.7142511
-1.4e-14,-0.05429712,0.2298955,-0.6940085,-0.09054084,0.7142511
0.01968504,-0.06385282,0.2478113,-0.6940085,-0.09054084,0.7142511
0.01968504,0.0,0.2559055,-0.6940085,-0.09054084,0.7142511
-1.4e-14,0.05429712,0.2298955,-0.7973802,3.516731e-14,0.6034773
-1.4e-14,-0.05429712,0.2298955,-0.7973802,3.516731e-14,0.6034773
0.01968504,0.0,0.2559055,-0.7973802,3.516731e-14,0.6034773
-1.4e-14,0.05429712,0.2298955,-0.715802,0.2578943,0.6489361
0.01968504,0.06385282,0.2478113,-0.715802,0.2578943,0.6489361
0.01968504,0.1236664,0.2240408,-0.715802,0.2578943,0.6489361
-1.4e-14,0.1514163,0.1813097,-0.678012,0.433321,0.5937446
0.01968504,0.1236664,0.2240408,-0.678012,0.433321,0.5937446
0.01968504,0.1756569,0.1860976,-0.678012,0.433321,0.5937446
-1.4e-14,0.1514163,0.1813097,-0.7950192,0.2713897,0.5424869
-1.4e-14,0.05429712,0.2298955,-0.7950192,0.2713897,0.5424869
0.01968504,0.1236664,0.2240408,-0.7950192,0.2713897,0.5424869
-1.4e-14,0.1514163,0.1813097,-0.7416503,0.5181261,0.4260284
0.01968504,0.1756569,0.1860976,-0.7416503,0.5181261,0.4260284
0.01968504,0.2165354,0.136382,-0.7416503,0.5181261,0.4260284
0.008890592,0.2165354,-0.1148557,0.0,1.0,0.0
0.008885008,0.2165354,0.1148438,0.0,1.0,0.0
0.01968504,0.2165354,0.136382,0.0,1.0,0.0
-1.4e-14,0.1514163,0.1813097,-0.7734369,0.501381,0.3878305
0.01968504,0.2165354,0.136382,-0.7734369,0.501381,0.3878305
0.008885008,0.2165354,0.1148438,-0.7734369,0.501381,0.3878305
-1.4e-14,0.2165354,-0.09440613,0.0,1.0,0.0
-1.4e-14,0.2165354,0.09440613,0.0,1.0,0.0
0.008885008,0.2165354,0.1148438,0.0,1.0,0.0
-1.4e-14,0.1514163,0.1813097,-0.8096191,0.4697164,0.3519708
0.008885008,0.2165354,0.1148438,-0.8096191,0.4697164,0.3519708
-1.4e-14,0.2165354,0.09440613,-0.8096191,0.4697164,0.3519708
0.008890592,0.2165354,-0.1148557,0.0,1.0,0.0
-1.4e-14,0.2165354,-0.09440613,0.0,1.0,0.0
0.008885008,0.2165354,0.1148438,0.0,1.0,0.0
-1.4e-14,0.1650468,0.03767104,-1.0,0.0,0.0
-1.4e-14,0.2165354,0.09440613,-1.0,0.0,0.0
-1.4e-14,0.2165354,-0.09440613,-1.0,0.0,0.0
-1.4e-14,0.07345268,0.1525263,-1.0,0.0,0.0
-1.4e-14,0.1514163,0.1813097,-1.0,0.0,0.0
-1.4e-14,0.2165354,0.09440613,-1.0,0.0,0.0
-1.4e-14,0.1323572,0.1055515,-1.0,0.0,0.0
-1.4e-14,0.07345268,0.1525263,-1.0,0.0,0.0
-1.4e-14,0.2165354,0.09440613,-1.0,0.0,0.0
-1.4e-14,0.1650468,0.03767104,-1.0,0.0,0.0
-1.4e-14,0.1323572,0.1055515,-1.0,0.0,0.0
-1.4e-14,0.2165354,0.09440613,-1.0,0.0,0.0
-1.4e-14,0.1323573,-0.1055515,-1.0,0.0,0.0
-1.4e-14,0.2165354,-0.09440613,-1.0,0.0,0.0
-1.4e-14,0.1514163,-0.1813097,-1.0,0.0,0.0
-1.4e-14,0.1650468,-0.03767107,-1.0,0.0,0.0
-1.4e-14,0.1650468,0.03767104,-1.0,0.0,0.0
-1.4e-14,0.2165354,-0.09440613,-1.0,0.0,0.0
-1.4e-14,0.1323573,-0.1055515,-1.0,0.0,0.0
-1.4e-14,0.1650468,-0.03767107,-1.0,0.0,0.0
-1.4e-14,0.2165354,-0.09440613,-1.0,0.0,0.0
-1.4e-14,-0.1514163,0.1813097,-0.8314775,-0.2051764,0.5162827
0.01968504,-0.1236664,0.2240408,-0.8314775,-0.2051764,0.5162827
0.01968504,-0.06385282,0.2478113,-0.8314775,-0.2051764,0.5162827
-1.4e-14,-0.05429712,0.2298955,-0.7178621,-0.3114778,0.62262
-1.4e-14,-0.1514163,0.1813097,-0.7178621,-0.3114778,0.62262
0.01968504,-0.06385282,0.2478113,-0.7178621,-0.3114778,0.62262
-1.4e-14,-0.1514163,0.1813097,-0.678012,-0.433321,0.5937446
0.01968504,-0.1756569,0.1860976,-0.678012,-0.433321,0.5937446
0.01968504,-0.1236664,0.2240408,-0.678012,-0.433321,0.5937446
0.008890592,-0.2165354,0.1148557,-0.7848542,-0.4786508,0.3935699
0.01968504,-0.2165354,0.136382,-0.7848542,-0.4786508,0.3935699
0.01968504,-0.1756569,0.1860976,-0.7848542,-0.4786508,0.3935699
-1.4e-14,-0.2165354,0.09440613,-0.8354623,-0.4123983,0.3632222
0.008890592,-0.2165354,0.1148557,-0.8354623,-0.4123983,0.3632222
0.01968504,-0.1756569,0.1860976,-0.8354623,-0.4123983,0.3632222
-1.4e-14,-0.1514163,0.1813097,-0.7492492,-0.5300019,0.3971443
-1.4e-14,-0.2165354,0.09440613,-0.7492492,-0.5300019,0.3971443
0.01968504,-0.1756569,0.1860976,-0.7492492,-0.5300019,0.3971443
0.01968504,-0.2165354,-0.136382,0.0,-1.0,0.0
0.01968504,-0.2165354,0.136382,0.0,-1.0,0.0
0.008890592,-0.2165354,0.1148557,0.0,-1.0,0.0
0.3937008,-0.2165354,-0.136382,0.0,-1.0,0.0
0.01968504,-0.2165354,0.136382,0.0,-1.0,0.0
0.01968504,-0.2165354,-0.136382,0.0,-1.0,0.0
0.3937008,-0.2165354,0.136382,0.0,-1.0,0.0
0.01968504,-0.2165354,0.136382,0.0,-1.0,0.0
0.3937008,-0.2165354,-0.136382,0.0,-1.0,0.0
0.008885008,-0.2165354,-0.1148438,0.0,-1.0,0.0
0.008890592,-0.2165354,0.1148557,0.0,-1.0,0.0
-1.4e-14,-0.2165354,0.09440613,0.0,-1.0,0.0
0.01968504,-0.2165354,-0.136382,0.0,-1.0,0.0
0.008890592,-0.2165354,0.1148557,0.0,-1.0,0.0
0.008885008,-0.2165354,-0.1148438,0.0,-1.0,0.0
-1.4e-14,-0.1323573,0.1055515,-1.0,0.0,0.0
-1.4e-14,-0.2165354,0.09440613,-1.0,0.0,0.0
-1.4e-14,-0.1514163,0.1813097,-1.0,0.0,0.0
0.008885008,-0.2165354,-0.1148438,0.0,-1.0,0.0
-1.4e-14,-0.2165354,0.09440613,0.0,-1.0,0.0
-1.4e-14,-0.2165354,-0.09440613,0.0,-1.0,0.0
-1.4e-14,-0.1650468,-0.03767104,-1.0,0.0,0.0
-1.4e-14,-0.2165354,-0.09440613,-1.0,0.0,0.0
-1.4e-14,-0.2165354,0.09440613,-1.0,0.0,0.0
-1.4e-14,-0.1650468,0.03767107,-1.0,0.0,0.0
-1.4e-14,-0.1650468,-0.03767104,-1.0,0.0,0.0
-1.4e-14,-0.2165354,0.09440613,-1.0,0.0,0.0
-1.4e-14,-0.1323573,0.1055515,-1.0,0.0,0.0
-1.4e-14,-0.1650468,0.03767107,-1.0,0.0,0.0
-1.4e-14,-0.2165354,0.09440613,-1.0,0.0,0.0
-1.4e-14,0.1514163,0.1813097,-1.0,0.0,0.0
-1.4e-14,-0.1514163,0.1813097,-1.0,0.0,0.0
-1.4e-14,-0.05429712,0.2298955,-1.0,0.0,0.0
-1.4e-14,0.0,0.1692913,-1.0,0.0,0.0
-1.4e-14,-0.1514163,0.1813097,-1.0,0.0,0.0
-1.4e-14,0.1514163,0.1813097,-1.0,0.0,0.0
-1.4e-14,-0.07345254,0.1525263,-1.0,0.0,0.0
-1.4e-14,-0.1514163,0.1813097,-1.0,0.0,0.0
-1.4e-14,0.0,0.1692913,-1.0,0.0,0.0
-1.4e-14,-0.07345254,0.1525263,-1.0,0.0,0.0
-1.4e-14,-0.1323573,0.1055515,-1.0,0.0,0.0
-1.4e-14,-0.1514163,0.1813097,-1.0,0.0,0.0
-1.4e-14,0.1514163,0.1813097,-1.0,0.0,0.0
-1.4e-14,-0.05429712,0.2298955,-1.0,0.0,0.0
-1.4e-14,0.05429712,0.2298955,-1.0,0.0,0.0
-1.4e-14,0.07345268,0.1525263,-1.0,0.0,0.0
-1.4e-14,0.0,0.1692913,-1.0,0.0,0.0
-1.4e-14,0.1514163,0.1813097,-1.0,0.0,0.0
-1.4e-14,-0.1514163,-0.1813097,-1.0,0.0,0.0
-1.4e-14,0.1514163,-0.1813097,-1.0,0.0,0.0
-1.4e-14,0.05429712,-0.2298955,-1.0,0.0,0.0
-1.4e-14,0.0,-0.1692913,-1.0,0.0,0.0
-1.4e-14,0.1514163,-0.1813097,-1.0,0.0,0.0
-1.4e-14,-0.1514163,-0.1813097,-1.0,0.0,0.0
-1.4e-14,0.07345254,-0.1525263,-1.0,0.0,0.0
-1.4e-14,0.1323573,-0.1055515,-1.0,0.0,0.0
-1.4e-14,0.1514163,-0.1813097,-1.0,0.0,0.0
-1.4e-14,0.0,-0.1692913,-1.0,0.0,0.0
-1.4e-14,0.07345254,-0.1525263,-1.0,0.0,0.0
-1.4e-14,0.1514163,-0.1813097,-1.0,0.0,0.0
-1.4e-14,-0.1514163,-0.1813097,-1.0,0.0,0.0
-1.4e-14,0.05429712,-0.2298955,-1.0,0.0,0.0
-1.4e-14,-0.05429712,-0.2298955,-1.0,0.0,0.0
0.01968504,-0.1236664,-0.2240408,-0.7950192,-0.2713897,-0.5424869
-1.4e-14,-0.1514163,-0.1813097,-0.7950192,-0.2713897,-0.5424869
-1.4e-14,-0.05429712,-0.2298955,-0.7950192,-0.2713897,-0.5424869
0.01968504,-0.06385282,-0.2478113,-0.715802,-0.2578943,-0.6489361
0.01968504,-0.1236664,-0.2240408,-0.715802,-0.2578943,-0.6489361
-1.4e-14,-0.05429712,-0.2298955,-0.715802,-0.2578943,-0.6489361
0.008885008,-0.2165354,-0.1148438,-0.8096191,-0.4697164,-0.3519708
-1.4e-14,-0.2165354,-0.09440613,-0.8096191,-0.4697164,-0.3519708
-1.4e-14,-0.1514163,-0.1813097,-0.8096191,-0.4697164,-0.3519708
-1.4e-14,-0.07345268,-0.1525263,-1.0,0.0,0.0
-1.4e-14,-0.1514163,-0.1813097,-1.0,0.0,0.0
-1.4e-14,-0.2165354,-0.09440613,-1.0,0.0,0.0
0.01968504,-0.2165354,-0.136382,-0.7734369,-0.501381,-0.3878305
0.008885008,-0.2165354,-0.1148438,-0.7734369,-0.501381,-0.3878305
-1.4e-14,-0.1514163,-0.1813097,-0.7734369,-0.501381,-0.3878305
0.01968504,-0.1756569,-0.1860976,-0.7416503,-0.5181261,-0.4260284
0.01968504,-0.2165354,-0.136382,-0.7416503,-0.5181261,-0.4260284
-1.4e-14,-0.1514163,-0.1813097,-0.7416503,-0.5181261,-0.4260284
0.01968504,-0.1236664,-0.2240408,-0.678012,-0.433321,-0.5937446
0.01968504,-0.1756569,-0.1860976,-0.678012,-0.433321,-0.5937446
-1.4e-14,-0.1514163,-0.1813097,-0.678012,-0.433321,-0.5937446
-1.4e-14,-0.07345268,-0.1525263,-1.0,0.0,0.0
-1.4e-14,0.0,-0.1692913,-1.0,0.0,0.0
-1.4e-14,-0.1514163,-0.1813097,-1.0,0.0,0.0
-1.4e-14,-0.1323572,-0.1055515,-1.0,0.0,0.0
-1.4e-14,-0.07345268,-0.1525263,-1.0,0.0,0.0
-1.4e-14,-0.2165354,-0.09440613,-1.0,0.0,0.0
-1.4e-14,-0.1650468,-0.03767104,-1.0,0.0,0.0
-1.4e-14,-0.1323572,-0.1055515,-1.0,0.0,0.0
-1.4e-14,-0.2165354,-0.09440613,-1.0,0.0,0.0
0.3937008,-0.2165354,-0.136382,0.0,-0.7724155,-0.6351175
0.01968504,-0.2165354,-0.136382,0.0,-0.7724155,-0.6351175
0.01968504,-0.1756569,-0.1860976,0.0,-0.7724155,-0.6351175
0.3937008,-0.2514272,0.04766554,-1.0,0.0,0.0
0.3937008,-0.2165354,-0.136382,-1.0,0.0,0.0
0.3937008,-0.2514272,-0.04766554,-1.0,0.0,0.0
0.3937008,-0.2165354,0.136382,-1.0,0.0,0.0
0.3937008,-0.2165354,-0.136382,-1.0,0.0,0.0
0.3937008,-0.2514272,0.04766554,-1.0,0.0,0.0
-0.0008990606,-2.017802e-17,0.1647715,-0.9798144,0.04448396,0.1948972
-1.4e-14,0.0,0.1692913,-0.9798144,0.04448396,0.1948972
-1.4e-14,0.07345268,0.1525263,-0.9798144,0.04448396,0.1948972
-0.0008990606,-0.06305531,0.152229,-0.945227,-0.07263363,0.3182298
-1.4e-14,-0.07345254,0.1525263,-0.945227,-0.07263363,0.3182298
-1.4e-14,0.0,0.1692913,-0.945227,-0.07263363,0.3182298
-0.0008990606,-2.017802e-17,0.1647715,-0.9800476,-0.03877669,0.1949436
-0.0008990606,-0.06305531,0.152229,-0.9800476,-0.03877669,0.1949436
-1.4e-14,0.0,0.1692913,-0.9800476,-0.03877669,0.1949436
-0.0008990606,0.116511,0.116511,-0.8247962,0.3525396,0.4420713
-1.4e-14,0.07345268,0.1525263,-0.8247962,0.3525396,0.4420713
-1.4e-14,0.1323572,0.1055515,-0.8247962,0.3525396,0.4420713
-0.0008990606,0.06305531,0.152229,-0.9324334,0.0704943,0.3543988
-0.0008990606,-2.017802e-17,0.1647715,-0.9324334,0.0704943,0.3543988
-1.4e-14,0.07345268,0.1525263,-0.9324334,0.0704943,0.3543988
-0.0008990606,0.116511,0.116511,-0.9890442,0.08201313,0.1227413
-0.0008990606,0.06305531,0.152229,-0.9890442,0.08201313,0.1227413
-1.4e-14,0.07345268,0.1525263,-0.9890442,0.08201313,0.1227413
-0.0008990606,0.152229,0.06305531,-0.5111085,0.7743969,0.3729309
-1.4e-14,0.1323572,0.1055515,-0.5111085,0.7743969,0.3729309
-1.4e-14,0.1650468,0.03767104,-0.5111085,0.7743969,0.3729309
-0.0008990606,0.152229,0.06305531,-0.9920488,0.1046439,0.06992083
-0.0008990606,0.116511,0.116511,-0.9920488,0.1046439,0.06992083
-1.4e-14,0.1323572,0.1055515,-0.9920488,0.1046439,0.06992083
-0.0008990606,0.1647715,-2.807885e-14,-0.2928407,0.9561613,-5.967666e-08
-1.4e-14,0.1650468,0.03767104,-0.2928407,0.9561613,-5.967666e-08
-1.4e-14,0.1650468,-0.03767107,-0.2928407,0.9561613,-5.967666e-08
-0.0008990606,0.1647715,-2.807885e-14,-0.9931102,0.1149328,0.02286156
-0.0008990606,0.152229,0.06305531,-0.9931102,0.1149328,0.02286156
-1.4e-14,0.1650468,0.03767104,-0.9931102,0.1149328,0.02286156
-0.0008990606,0.152229,-0.06305531,-0.5111156,0.7743932,-0.3729289
-1.4e-14,0.1650468,-0.03767107,-0.5111156,0.7743932,-0.3729289
-1.4e-14,0.1323573,-0.1055515,-0.5111156,0.7743932,-0.3729289
-0.0008990606,0.152229,-0.06305531,-0.9931102,0.1149328,-0.02286156
-0.0008990606,0.1647715,-2.807885e-14,-0.9931102,0.1149328,-0.02286156
-1.4e-14,0.1650468,-0.03767107,-0.9931102,0.1149328,-0.02286156
-0.0008990606,0.116511,-0.116511,-0.8247917,0.3525436,-0.4420765
-1.4e-14,0.1323573,-0.1055515,-0.8247917,0.3525436,-0.4420765
-1.4e-14,0.07345254,-0.1525263,-0.8247917,0.3525436,-0.4420765
-0.0008990606,0.116511,-0.116511,-0.9920488,0.1046438,-0.06992076
-0.0008990606,0.152229,-0.06305531,-0.9920488,0.1046438,-0.06992076
-1.4e-14,0.1323573,-0.1055515,-0.9920488,0.1046438,-0.06992076
-0.0008990606,0.06305531,-0.152229,-0.945227,0.07263363,-0.3182298
-1.4e-14,0.07345254,-0.1525263,-0.945227,0.07263363,-0.3182298
-1.4e-14,0.0,-0.1692913,-0.945227,0.07263363,-0.3182298
-0.0008990606,0.06305531,-0.152229,-0.9890441,0.08201342,-0.1227418
-0.0008990606,0.116511,-0.116511,-0.9890441,0.08201342,-0.1227418
-1.4e-14,0.07345254,-0.1525263,-0.9890441,0.08201342,-0.1227418
-0.0008990606,0.0,-0.1647715,-0.9798144,-0.04448396,-0.1948972
-1.4e-14,0.0,-0.1692913,-0.9798144,-0.04448396,-0.1948972
-1.4e-14,-0.07345268,-0.1525263,-0.9798144,-0.04448396,-0.1948972
-0.0008990606,0.06305531,-0.152229,-0.9800476,0.03877669,-0.1949436
-1.4e-14,0.0,-0.1692913,-0.9800476,0.03877669,-0.1949436
-0.0008990606,0.0,-0.1647715,-0.9800476,0.03877669,-0.1949436
-0.0008990606,-0.116511,-0.116511,-0.8247962,-0.3525396,-0.4420713
-1.4e-14,-0.07345268,-0.1525263,-0.8247962,-0.3525396,-0.4420713
-1.4e-14,-0.1323572,-0.1055515,-0.8247962,-0.3525396,-0.4420713
-0.0008990606,-0.06305531,-0.152229,-0.9324334,-0.0704943,-0.3543988
-0.0008990606,0.0,-0.1647715,-0.9324334,-0.0704943,-0.3543988
-1.4e-14,-0.07345268,-0.1525263,-0.9324334,-0.0704943,-0.3543988
-0.0008990606,-0.116511,-0.116511,-0.9890442,-0.08201313,-0.1227413
-0.0008990606,-0.06305531,-0.152229,-0.9890442,-0.08201313,-0.1227413
-1.4e-14,-0.07345268,-0.1525263,-0.9890442,-0.08201313,-0.1227413
-0.0008990606,-0.152229,-0.06305531,-0.5111085,-0.7743969,-0.3729309
-1.4e-14,-0.1323572,-0.1055515,-0.5111085,-0.7743969,-0.3729309
-1.4e-14,-0.1650468,-0.03767104,-0.5111085,-0.7743969,-0.3729309
-0.0008990606,-0.152229,-0.06305531,-0.9920488,-0.1046439,-0.06992083
-0.0008990606,-0.116511,-0.116511,-0.9920488,-0.1046439,-0.06992083
-1.4e-14,-0.1323572,-0.1055515,-0.9920488,-0.1046439,-0.06992083
-0.0008990606,-0.1647715,-2.811921e-14,-0.2928407,-0.9561613,5.967666e-08
-1.4e-14,-0.1650468,-0.03767104,-0.2928407,-0.9561613,5.967666e-08
-1.4e-14,-0.1650468,0.03767107,-0.2928407,-0.9561613,5.967666e-08
-0.0008990606,-0.1647715,-2.811921e-14,-0.9931102,-0.1149328,-0.02286156
-0.0008990606,-0.152229,-0.06305531,-0.9931102,-0.1149328,-0.02286156
-1.4e-14,-0.1650468,-0.03767104,-0.9931102,-0.1149328,-0.02286156
-0.0008990606,-0.152229,0.06305531,-0.5111156,-0.7743932,0.3729289
-1.4e-14,-0.1650468,0.03767107,-0.5111156,-0.7743932,0.3729289
-1.4e-14,-0.1323573,0.1055515,-0.5111156,-0.7743932,0.3729289
-0.0008990606,-0.152229,0.06305531,-0.9931102,-0.1149328,0.02286156
-0.0008990606,-0.1647715,-2.811921e-14,-0.9931102,-0.1149328,0.02286156
-1.4e-14,-0.1650468,0.03767107,-0.9931102,-0.1149328,0.02286156
-0.0008990606,-0.116511,0.116511,-0.8247917,-0.3525436,0.4420765
-1.4e-14,-0.1323573,0.1055515,-0.8247917,-0.3525436,0.4420765
-1.4e-14,-0.07345254,0.1525263,-0.8247917,-0.3525436,0.4420765
-0.0008990606,-0.116511,0.116511,-0.9920488,-0.1046438,0.06992076
-0.0008990606,-0.152229,0.06305531,-0.9920488,-0.1046438,0.06992076
-1.4e-14,-0.1323573,0.1055515,-0.9920488,-0.1046438,0.06992076
-0.0008990606,-0.06305531,0.152229,-0.9890441,-0.08201342,0.1227418
-0.0008990606,-0.116511,0.116511,-0.9890441,-0.08201342,0.1227418
-1.4e-14,-0.07345254,0.1525263,-0.9890441,-0.08201342,0.1227418
-0.003462649,0.0,-0.1609364,-0.8263271,-0.109873,-0.5523689
-0.0008990606,0.0,-0.1647715,-0.8263271,-0.109873,-0.5523689
-0.0008990606,-0.06305531,-0.152229,-0.8263271,-0.109873,-0.5523689
-0.003462649,0.0615877,-0.1486859,-0.8263271,0.109873,-0.5523689
-0.0008990606,0.0,-0.1647715,-0.8263271,0.109873,-0.5523689
-0.003462649,0.0,-0.1609364,-0.8263271,0.109873,-0.5523689
-0.003462649,0.0615877,-0.1486859,-0.8263271,0.109873,-0.5523689
-0.0008990606,0.06305531,-0.152229,-0.8263271,0.109873,-0.5523689
-0.0008990606,0.0,-0.1647715,-0.8263271,0.109873,-0.5523689
-0.003462649,-0.0615877,-0.1486859,-0.8263271,-0.3128918,-0.4682757
-0.0008990606,-0.06305531,-0.152229,-0.8263271,-0.3128918,-0.4682757
-0.0008990606,-0.116511,-0.116511,-0.8263271,-0.3128918,-0.4682757
-0.003462649,-0.0615877,-0.1486859,-0.8263271,-0.109873,-0.5523689
-0.003462649,0.0,-0.1609364,-0.8263271,-0.109873,-0.5523689
-0.0008990606,-0.06305531,-0.152229,-0.8263271,-0.109873,-0.5523689
-0.003462649,-0.1137992,-0.1137992,-0.8263271,-0.4682757,-0.3128918
-0.0008990606,-0.116511,-0.116511,-0.8263271,-0.4682757,-0.3128918
-0.0008990606,-0.152229,-0.06305531,-0.8263271,-0.4682757,-0.3128918
-0.003462649,-0.1137992,-0.1137992,-0.8263271,-0.3128918,-0.4682757
-0.003462649,-0.0615877,-0.1486859,-0.8263271,-0.3128918,-0.4682757
-0.0008990606,-0.116511,-0.116511,-0.8263271,-0.3128918,-0.4682757
-0.003462649,-0.1486859,-0.0615877,-0.8263271,-0.5523689,-0.109873
-0.0008990606,-0.152229,-0.06305531,-0.8263271,-0.5523689,-0.109873
-0.0008990606,-0.1647715,-2.811921e-14,-0.8263271,-0.5523689,-0.109873
-0.003462649,-0.1486859,-0.0615877,-0.8263271,-0.4682757,-0.3128918
-0.003462649,-0.1137992,-0.1137992,-0.8263271,-0.4682757,-0.3128918
-0.0008990606,-0.152229,-0.06305531,-0.8263271,-0.4682757,-0.3128918
-0.003462649,-0.1609364,-2.809334e-14,-0.8263271,-0.5523689,0.109873
-0.0008990606,-0.1647715,-2.811921e-14,-0.8263271,-0.5523689,0.109873
-0.0008990606,-0.152229,0.06305531,-0.8263271,-0.5523689,0.109873
-0.003462649,-0.1609364,-2.809334e-14,-0.8263271,-0.5523689,-0.109873
-0.003462649,-0.1486859,-0.0615877,-0.8263271,-0.5523689,-0.109873
-0.0008990606,-0.1647715,-2.811921e-14,-0.8263271,-0.5523689,-0.109873
-0.003462649,-0.1486859,0.0615877,-0.8263271,-0.4682757,0.3128918
-0.0008990606,-0.152229,0.06305531,-0.8263271,-0.4682757,0.3128918
-0.0008990606,-0.116511,0.116511,-0.8263271,-0.4682757,0.3128918
-0.003462649,-0.1486859,0.0615877,-0.8263271,-0.5523689,0.109873
-0.003462649,-0.1609364,-2.809334e-14,-0.8263271,-0.5523689,0.109873
-0.0008990606,-0.152229,0.06305531,-0.8263271,-0.5523689,0.109873
-0.003462649,-0.1137992,0.1137992,-0.8263271,-0.3128918,0.4682757
-0.0008990606,-0.116511,0.116511,-0.8263271,-0.3128918,0.4682757
-0.0008990606,-0.06305531,0.152229,-0.8263271,-0.3128918,0.4682757
-0.003462649,-0.1137992,0.1137992,-0.8263271,-0.4682757,0.3128918
-0.003462649,-0.1486859,0.0615877,-0.8263271,-0.4682757,0.3128918
-0.0008990606,-0.116511,0.116511,-0.8263271,-0.4682757,0.3128918
-0.003462649,-0.0615877,0.1486859,-0.8263271,-0.109873,0.5523689
-0.0008990606,-0.06305531,0.152229,-0.8263271,-0.109873,0.5523689
-0.0008990606,-2.017802e-17,0.1647715,-0.8263271,-0.109873,0.5523689
-0.003462649,-0.0615877,0.1486859,-0.8263271,-0.3128918,0.4682757
-0.003462649,-0.1137992,0.1137992,-0.8263271,-0.3128918,0.4682757
-0.0008990606,-0.06305531,0.152229,-0.8263271,-0.3128918,0.4682757
-0.003462649,-1.970837e-17,0.1609364,-0.8263271,-0.109873,0.5523689
-0.003462649,-0.0615877,0.1486859,-0.8263271,-0.109873,0.5523689
-0.0008990606,-2.017802e-17,0.1647715,-0.8263271,-0.109873,0.5523689
-0.0008990606,0.06305531,0.152229,-0.8263271,0.109873,0.5523689
-0.003462649,-1.970837e-17,0.1609364,-0.8263271,0.109873,0.5523689
-0.0008990606,-2.017802e-17,0.1647715,-0.8263271,0.109873,0.5523689
-0.007299712,0.0,-0.1583758,-0.5476351,-0.1632354,-0.82064
-0.003462649,0.0,-0.1609364,-0.5476351,-0.1632354,-0.82064
-0.003462649,-0.0615877,-0.1486859,-0.5476351,-0.1632354,-0.82064
-0.007299712,0.06060781,-0.1463202,-0.5476351,0.1632354,-0.82064
-0.003462649,0.0,-0.1609364,-0.5476351,0.1632354,-0.82064
-0.007299712,0.0,-0.1583758,-0.5476351,0.1632354,-0.82064
-0.007299712,0.06060781,-0.1463202,-0.5476351,0.1632354,-0.82064
-0.003462649,0.0615877,-0.1486859,-0.5476351,0.1632354,-0.82064
-0.003462649,0.0,-0.1609364,-0.5476351,0.1632354,-0.82064
-0.007299712,-0.06060781,-0.1463202,-0.5476351,-0.4648552,-0.695705
-0.003462649,-0.0615877,-0.1486859,-0.5476351,-0.4648552,-0.695705
-0.003462649,-0.1137992,-0.1137992,-0.5476351,-0.4648552,-0.695705
-0.007299712,-0.06060781,-0.1463202,-0.5476351,-0.1632354,-0.82064
-0.007299712,0.0,-0.1583758,-0.5476351,-0.1632354,-0.82064
-0.003462649,-0.0615877,-0.1486859,-0.5476351,-0.1632354,-0.82064
-0.007299712,-0.1119886,-0.1119886,-0.5476351,-0.695705,-0.4648552
-0.003462649,-0.1137992,-0.1137992,-0.5476351,-0.695705,-0.4648552
-0.003462649,-0.1486859,-0.0615877,-0.5476351,-0.695705,-0.4648552
-0.007299712,-0.1119886,-0.1119886,-0.5476351,-0.4648552,-0.695705
-0.007299712,-0.06060781,-0.1463202,-0.5476351,-0.4648552,-0.695705
-0.003462649,-0.1137992,-0.1137992,-0.5476351,-0.4648552,-0.695705
-0.007299712,-0.1463202,-0.06060781,-0.5476351,-0.82064,-0.1632354
-0.003462649,-0.1486859,-0.0615877,-0.5476351,-0.82064,-0.1632354
-0.003462649,-0.1609364,-2.809334e-14,-0.5476351,-0.82064,-0.1632354
-0.007299712,-0.1463202,-0.06060781,-0.5476351,-0.695705,-0.4648552
-0.007299712,-0.1119886,-0.1119886,-0.5476351,-0.695705,-0.4648552
-0.003462649,-0.1486859,-0.0615877,-0.5476351,-0.695705,-0.4648552
-0.007299712,-0.1583758,-2.805481e-14,-0.5476351,-0.82064,0.1632354
-0.003462649,-0.1609364,-2.809334e-14,-0.5476351,-0.82064,0.1632354
-0.003462649,-0.1486859,0.0615877,-0.5476351,-0.82064,0.1632354
-0.007299712,-0.1583758,-2.805481e-14,-0.5476351,-0.82064,-0.1632354
-0.007299712,-0.1463202,-0.06060781,-0.5476351,-0.82064,-0.1632354
-0.003462649,-0.1609364,-2.809334e-14,-0.5476351,-0.82064,-0.1632354
-0.007299712,-0.1463202,0.06060781,-0.5476351,-0.695705,0.4648552
-0.003462649,-0.1486859,0.0615877,-0.5476351,-0.695705,0.4648552
-0.003462649,-0.1137992,0.1137992,-0.5476351,-0.695705,0.4648552
-0.007299712,-0.1463202,0.06060781,-0.5476351,-0.82064,0.1632354
-0.007299712,-0.1583758,-2.805481e-14,-0.5476351,-0.82064,0.1632354
-0.003462649,-0.1486859,0.0615877,-0.5476351,-0.82064,0.1632354
-0.007299712,-0.1119886,0.1119886,-0.5476351,-0.4648552,0.695705
-0.003462649,-0.1137992,0.1137992,-0.5476351,-0.4648552,0.695705
-0.003462649,-0.0615877,0.1486859,-0.5476351,-0.4648552,0.695705
-0.007299712,-0.1119886,0.1119886,-0.5476351,-0.695705,0.4648552
-0.007299712,-0.1463202,0.06060781,-0.5476351,-0.695705,0.4648552
-0.003462649,-0.1137992,0.1137992,-0.5476351,-0.695705,0.4648552
-0.007299712,-0.06060781,0.1463202,-0.5476351,-0.1632354,0.82064
-0.003462649,-0.0615877,0.1486859,-0.5476351,-0.1632354,0.82064
-0.003462649,-1.970837e-17,0.1609364,-0.5476351,-0.1632354,0.82064
-0.007299712,-0.06060781,0.1463202,-0.5476351,-0.4648552,0.695705
-0.007299712,-0.1119886,0.1119886,-0.5476351,-0.4648552,0.695705
-0.003462649,-0.0615877,0.1486859,-0.5476351,-0.4648552,0.695705
-0.007299712,-1.93948e-17,0.1583758,-0.5476351,-0.1632354,0.82064
-0.007299712,-0.06060781,0.1463202,-0.5476351,-0.1632354,0.82064
-0.003462649,-1.970837e-17,0.1609364,-0.5476351,-0.1632354,0.82064
-0.003462649,0.0615877,0.1486859,-0.5476351,0.1632354,0.82064
-0.007299712,-1.93948e-17,0.1583758,-0.5476351,0.1632354,0.82064
-0.003462649,-1.970837e-17,0.1609364,-0.5476351,0.1632354,0.82064
-0.003462649,0.0615877,0.1486859,-0.8263271,0.109873,0.5523689
-0.003462649,-1.970837e-17,0.1609364,-0.8263271,0.109873,0.5523689
-0.0008990606,0.06305531,0.152229,-0.8263271,0.109873,0.5523689
-0.01181102,0.0,-0.1574803,-0.1911019,-0.1914948,-0.9627096
-0.007299712,0.0,-0.1583758,-0.1911019,-0.1914948,-0.9627096
-0.007299712,-0.06060781,-0.1463202,-0.1911019,-0.1914948,-0.9627096
-0.01181102,0.06832802,-0.1418849,-0.1900019,0.218467,-0.9571685
-0.007299712,0.0,-0.1583758,-0.1900019,0.218467,-0.9571685
-0.01181102,0.0,-0.1574803,-0.1900019,0.218467,-0.9571685
-0.01181102,0.06832802,-0.1418849,-0.533276,0.165035,-0.8296868
-0.007299712,0.06060781,-0.1463202,-0.533276,0.165035,-0.8296868
-0.007299712,0.0,-0.1583758,-0.533276,0.165035,-0.8296868
-0.01181102,-0.06832812,-0.1418849,0.1321293,-0.5506993,-0.8241797
-0.007299712,-0.06060781,-0.1463202,0.1321293,-0.5506993,-0.8241797
-0.007299712,-0.1119886,-0.1119886,0.1321293,-0.5506993,-0.8241797
-0.01181102,-0.06832812,-0.1418849,-0.5002262,-0.1926796,-0.844185
-0.01181102,0.0,-0.1574803,-0.5002262,-0.1926796,-0.844185
-0.007299712,-0.06060781,-0.1463202,-0.5002262,-0.1926796,-0.844185
-0.01181102,-0.123123,-0.09818742,0.3324772,-0.7841684,-0.5239646
-0.007299712,-0.1119886,-0.1119886,0.3324772,-0.7841684,-0.5239646
-0.007299712,-0.1463202,-0.06060781,0.3324772,-0.7841684,-0.5239646
-0.01181102,-0.123123,-0.09818742,-0.6489611,-0.4743643,-0.5948344
-0.01181102,-0.06832812,-0.1418849,-0.6489611,-0.4743643,-0.5948344
-0.007299712,-0.1119886,-0.1119886,-0.6489611,-0.4743643,-0.5948344
-0.01181102,-0.1535319,-0.03504294,0.4196441,-0.8902478,-0.1770813
-0.007299712,-0.1463202,-0.06060781,0.4196441,-0.8902478,-0.1770813
-0.007299712,-0.1583758,-2.805481e-14,0.4196441,-0.8902478,-0.1770813
-0.01181102,-0.1535319,-0.03504294,-0.7135511,-0.6312213,-0.303981
-0.01181102,-0.123123,-0.09818742,-0.7135511,-0.6312213,-0.303981
-0.007299712,-0.1463202,-0.06060781,-0.7135511,-0.6312213,-0.303981
-0.01181102,-0.1535319,0.03504278,0.4196449,-0.8902474,0.1770812
-0.007299712,-0.1583758,-2.805481e-14,0.4196449,-0.8902474,0.1770812
-0.007299712,-0.1463202,0.06060781,0.4196449,-0.8902474,0.1770812
-0.01181102,-0.1535319,0.03504278,-0.7317842,-0.6815364,-3.660004e-07
-0.01181102,-0.1535319,-0.03504294,-0.7317842,-0.6815364,-3.660004e-07
-0.007299712,-0.1583758,-2.805481e-14,-0.7317842,-0.6815364,-3.660004e-07
-0.01181102,-0.123123,0.0981874,0.3324776,-0.7841683,0.5239645
-0.007299712,-0.1463202,0.06060781,0.3324776,-0.7841683,0.5239645
-0.007299712,-0.1119886,0.1119886,0.3324776,-0.7841683,0.5239645
-0.01181102,-0.123123,0.0981874,-0.7135528,-0.63122,0.3039799
-0.01181102,-0.1535319,0.03504278,-0.7135528,-0.63122,0.3039799
-0.007299712,-0.1463202,0.06060781,-0.7135528,-0.63122,0.3039799
-0.01181102,-0.06832796,0.141885,0.1321241,-0.5506996,0.8241803
-0.007299712,-0.1119886,0.1119886,0.1321241,-0.5506996,0.8241803
-0.007299712,-0.06060781,0.1463202,0.1321241,-0.5506996,0.8241803
-0.01181102,-0.06832796,0.141885,-0.6489625,-0.4743633,0.5948337
-0.01181102,-0.123123,0.0981874,-0.6489625,-0.4743633,0.5948337
-0.007299712,-0.1119886,0.1119886,-0.6489625,-0.4743633,0.5948337
-0.01181102,-0.06832796,0.141885,-0.533274,-0.1650352,0.829688
-0.007299712,-0.06060781,0.1463202,-0.533274,-0.1650352,0.829688
-0.007299712,-1.93948e-17,0.1583758,-0.533274,-0.1650352,0.829688
-0.01181102,-1.928514e-17,0.1574803,-0.1900019,-0.2184668,0.9571685
-0.01181102,-0.06832796,0.141885,-0.1900019,-0.2184668,0.9571685
-0.007299712,-1.93948e-17,0.1583758,-0.1900019,-0.2184668,0.9571685
-0.007299712,0.06060781,0.1463202,-0.1911019,0.1914948,0.9627096
-0.01181102,-1.928514e-17,0.1574803,-0.1911019,0.1914948,0.9627096
-0.007299712,-1.93948e-17,0.1583758,-0.1911019,0.1914948,0.9627096
-0.007299712,0.06060781,0.1463202,-0.5476351,0.1632354,0.82064
-0.007299712,-1.93948e-17,0.1583758,-0.5476351,0.1632354,0.82064
-0.003462649,0.0615877,0.1486859,-0.5476351,0.1632354,0.82064
-0.9606299,0.0,-0.1574803,-9.753613e-15,-0.2225208,-0.9749279
-0.01181102,0.0,-0.1574803,-9.753613e-15,-0.2225208,-0.9749279
-0.01181102,-0.06832812,-0.1418849,-9.753613e-15,-0.2225208,-0.9749279
-0.9606299,0.06832815,-0.1418849,-3.431765e-08,0.2225205,-0.974928
-0.01181102,0.06832802,-0.1418849,-3.431765e-08,0.2225205,-0.974928
-0.01181102,0.0,-0.1574803,-3.431765e-08,0.2225205,-0.974928
-0.9606299,0.0,-0.1574803,-9.753613e-15,0.2225209,-0.9749279
-0.9606299,0.06832815,-0.1418849,-9.753613e-15,0.2225209,-0.9749279
-0.01181102,0.0,-0.1574803,-9.753613e-15,0.2225209,-0.9749279
-0.9606299,-0.06832815,-0.1418849,8.035001e-09,-0.6234896,-0.7818317
-0.01181102,-0.06832812,-0.1418849,8.035001e-09,-0.6234896,-0.7818317
-0.01181102,-0.123123,-0.09818742,8.035001e-09,-0.6234896,-0.7818317
-0.9606299,-0.06832815,-0.1418849,-8.035021e-09,-0.2225209,-0.9749279
-0.9606299,0.0,-0.1574803,-8.035021e-09,-0.2225209,-0.9749279
-0.01181102,-0.06832812,-0.1418849,-8.035021e-09,-0.2225209,-0.9749279
-0.9606299,-0.1231231,-0.09818737,1.412508e-08,-0.9009684,-0.4338847
-0.01181102,-0.123123,-0.09818742,1.412508e-08,-0.9009684,-0.4338847
-0.01181102,-0.1535319,-0.03504294,1.412508e-08,-0.9009684,-0.4338847
-0.9606299,-0.1231231,-0.09818737,-1.412514e-08,-0.6234898,-0.7818315
-0.9606299,-0.06832815,-0.1418849,-1.412514e-08,-0.6234898,-0.7818315
-0.01181102,-0.123123,-0.09818742,-1.412514e-08,-0.6234898,-0.7818315
-0.9606299,-0.153532,-0.03504267,6.587374e-08,-1.0,-5.370226e-07
-0.01181102,-0.1535319,-0.03504294,6.587374e-08,-1.0,-5.370226e-07
-0.01181102,-0.1535319,0.03504278,6.587374e-08,-1.0,-5.370226e-07
-0.9606299,-0.153532,-0.03504267,-6.587338e-08,-0.9009689,-0.4338837
-0.9606299,-0.1231231,-0.09818737,-6.587338e-08,-0.9009689,-0.4338837
-0.01181102,-0.1535319,-0.03504294,-6.587338e-08,-0.9009689,-0.4338837
-0.9606299,-0.153532,0.03504267,-2.6206e-08,-0.9009687,0.4338842
-0.01181102,-0.1535319,0.03504278,-2.6206e-08,-0.9009687,0.4338842
-0.01181102,-0.123123,0.0981874,-2.6206e-08,-0.9009687,0.4338842
-0.9606299,-0.153532,0.03504267,2.620604e-08,-1.0,-2.490782e-22
-0.9606299,-0.153532,-0.03504267,2.620604e-08,-1.0,-2.490782e-22
-0.01181102,-0.1535319,0.03504278,2.620604e-08,-1.0,-2.490782e-22
-0.9606299,-0.1231231,0.09818737,-7.796486e-09,-0.6234892,0.781832
-0.01181102,-0.123123,0.0981874,-7.796486e-09,-0.6234892,0.781832
-0.01181102,-0.06832796,0.141885,-7.796486e-09,-0.6234892,0.781832
-0.9606299,-0.1231231,0.09818737,7.79648e-09,-0.9009689,0.4338837
-0.9606299,-0.153532,0.03504267,7.79648e-09,-0.9009689,0.4338837
-0.01181102,-0.123123,0.0981874,7.79648e-09,-0.9009689,0.4338837
-0.9606299,-0.06832815,0.1418849,-4.822115e-08,-0.2225203,0.9749281
-0.01181102,-0.06832796,0.141885,-4.822115e-08,-0.2225203,0.9749281
-0.01181102,-1.928514e-17,0.1574803,-4.822115e-08,-0.2225203,0.9749281
-0.9606299,-0.06832815,0.1418849,4.82213e-08,-0.6234898,0.7818315
-0.9606299,-0.1231231,0.09818737,4.82213e-08,-0.6234898,0.7818315
-0.01181102,-0.06832796,0.141885,4.82213e-08,-0.6234898,0.7818315
-0.01181102,0.06832817,0.1418849,-0.5002279,0.1926796,0.844184
-0.01181102,-1.928514e-17,0.1574803,-0.5002279,0.1926796,0.844184
-0.007299712,0.06060781,0.1463202,-0.5002279,0.1926796,0.844184
-0.9606299,-1.928514e-17,0.1574803,9.753613e-15,0.222521,0.9749279
-0.01181102,-1.928514e-17,0.1574803,9.753613e-15,0.222521,0.9749279
-0.01181102,0.06832817,0.1418849,9.753613e-15,0.222521,0.9749279
-0.9606299,-0.06832815,0.1418849,9.753179e-15,-0.2225209,0.9749279
-0.01181102,-1.928514e-17,0.1574803,9.753179e-15,-0.2225209,0.9749279
-0.9606299,-1.928514e-17,0.1574803,9.753179e-15,-0.2225209,0.9749279
-0.003462649,0.0615877,0.1486859,-0.8263271,0.3128918,0.4682757
-0.0008990606,0.06305531,0.152229,-0.8263271,0.3128918,0.4682757
-0.0008990606,0.116511,0.116511,-0.8263271,0.3128918,0.4682757
-0.003462649,0.1137992,0.1137992,-0.8263271,0.4682757,0.3128918
-0.0008990606,0.116511,0.116511,-0.8263271,0.4682757,0.3128918
-0.0008990606,0.152229,0.06305531,-0.8263271,0.4682757,0.3128918
-0.003462649,0.1137992,0.1137992,-0.8263271,0.3128918,0.4682757
-0.003462649,0.0615877,0.1486859,-0.8263271,0.3128918,0.4682757
-0.0008990606,0.116511,0.116511,-0.8263271,0.3128918,0.4682757
-0.003462649,0.1486859,0.0615877,-0.8263271,0.5523689,0.109873
-0.0008990606,0.152229,0.06305531,-0.8263271,0.5523689,0.109873
-0.0008990606,0.1647715,-2.807885e-14,-0.8263271,0.5523689,0.109873
-0.003462649,0.1486859,0.0615877,-0.8263271,0.4682757,0.3128918
-0.003462649,0.1137992,0.1137992,-0.8263271,0.4682757,0.3128918
-0.0008990606,0.152229,0.06305531,-0.8263271,0.4682757,0.3128918
-0.003462649,0.1609364,-2.805392e-14,-0.8263271,0.5523689,-0.109873
-0.0008990606,0.1647715,-2.807885e-14,-0.8263271,0.5523689,-0.109873
-0.0008990606,0.152229,-0.06305531,-0.8263271,0.5523689,-0.109873
-0.003462649,0.1609364,-2.805392e-14,-0.8263271,0.5523689,0.109873
-0.003462649,0.1486859,0.0615877,-0.8263271,0.5523689,0.109873
-0.0008990606,0.1647715,-2.807885e-14,-0.8263271,0.5523689,0.109873
-0.003462649,0.1486859,-0.0615877,-0.8263271,0.4682757,-0.3128918
-0.0008990606,0.152229,-0.06305531,-0.8263271,0.4682757,-0.3128918
-0.0008990606,0.116511,-0.116511,-0.8263271,0.4682757,-0.3128918
-0.003462649,0.1486859,-0.0615877,-0.8263271,0.5523689,-0.109873
-0.003462649,0.1609364,-2.805392e-14,-0.8263271,0.5523689,-0.109873
-0.0008990606,0.152229,-0.06305531,-0.8263271,0.5523689,-0.109873
-0.003462649,0.1137992,-0.1137992,-0.8263271,0.3128918,-0.4682757
-0.0008990606,0.116511,-0.116511,-0.8263271,0.3128918,-0.4682757
-0.0008990606,0.06305531,-0.152229,-0.8263271,0.3128918,-0.4682757
-0.003462649,0.1137992,-0.1137992,-0.8263271,0.4682757,-0.3128918
-0.003462649,0.1486859,-0.0615877,-0.8263271,0.4682757,-0.3128918
-0.0008990606,0.116511,-0.116511,-0.8263271,0.4682757,-0.3128918
-0.003462649,0.0615877,-0.1486859,-0.8263271,0.3128918,-0.4682757
-0.003462649,0.1137992,-0.1137992,-0.8263271,0.3128918,-0.4682757
-0.0008990606,0.06305531,-0.152229,-0.8263271,0.3128918,-0.4682757
-0.007299712,0.06060781,0.1463202,-0.5476351,0.4648552,0.695705
-0.003462649,0.0615877,0.1486859,-0.5476351,0.4648552,0.695705
-0.003462649,0.1137992,0.1137992,-0.5476351,0.4648552,0.695705
-0.007299712,0.1119886,0.1119886,-0.5476351,0.695705,0.4648552
-0.003462649,0.1137992,0.1137992,-0.5476351,0.695705,0.4648552
-0.003462649,0.1486859,0.0615877,-0.5476351,0.695705,0.4648552
-0.007299712,0.1119886,0.1119886,-0.5476351,0.4648552,0.695705
-0.007299712,0.06060781,0.1463202,-0.5476351,0.4648552,0.695705
-0.003462649,0.1137992,0.1137992,-0.5476351,0.4648552,0.695705
-0.007299712,0.1463202,0.06060781,-0.5476351,0.82064,0.1632354
-0.003462649,0.1486859,0.0615877,-0.5476351,0.82064,0.1632354
-0.003462649,0.1609364,-2.805392e-14,-0.5476351,0.82064,0.1632354
-0.007299712,0.1463202,0.06060781,-0.5476351,0.695705,0.4648552
-0.007299712,0.1119886,0.1119886,-0.5476351,0.695705,0.4648552
-0.003462649,0.1486859,0.0615877,-0.5476351,0.695705,0.4648552
-0.007299712,0.1583758,-2.801602e-14,-0.5476351,0.82064,-0.1632354
-0.003462649,0.1609364,-2.805392e-14,-0.5476351,0.82064,-0.1632354
-0.003462649,0.1486859,-0.0615877,-0.5476351,0.82064,-0.1632354
-0.007299712,0.1583758,-2.801602e-14,-0.5476351,0.82064,0.1632354
-0.007299712,0.1463202,0.06060781,-0.5476351,0.82064,0.1632354
-0.003462649,0.1609364,-2.805392e-14,-0.5476351,0.82064,0.1632354
-0.007299712,0.1463202,-0.06060781,-0.5476351,0.695705,-0.4648552
-0.003462649,0.1486859,-0.0615877,-0.5476351,0.695705,-0.4648552
-0.003462649,0.1137992,-0.1137992,-0.5476351,0.695705,-0.4648552
-0.007299712,0.1463202,-0.06060781,-0.5476351,0.82064,-0.1632354
-0.007299712,0.1583758,-2.801602e-14,-0.5476351,0.82064,-0.1632354
-0.003462649,0.1486859,-0.0615877,-0.5476351,0.82064,-0.1632354
-0.007299712,0.1119886,-0.1119886,-0.5476351,0.4648552,-0.695705
-0.003462649,0.1137992,-0.1137992,-0.5476351,0.4648552,-0.695705
-0.003462649,0.0615877,-0.1486859,-0.5476351,0.4648552,-0.695705
-0.007299712,0.1119886,-0.1119886,-0.5476351,0.695705,-0.4648552
-0.007299712,0.1463202,-0.06060781,-0.5476351,0.695705,-0.4648552
-0.003462649,0.1137992,-0.1137992,-0.5476351,0.695705,-0.4648552
-0.007299712,0.06060781,-0.1463202,-0.5476351,0.4648552,-0.695705
-0.007299712,0.1119886,-0.1119886,-0.5476351,0.4648552,-0.695705
-0.003462649,0.0615877,-0.1486859,-0.5476351,0.4648552,-0.695705
-0.01181102,0.06832817,0.1418849,0.1321311,0.5506991,0.8241795
-0.007299712,0.06060781,0.1463202,0.1321311,0.5506991,0.8241795
-0.007299712,0.1119886,0.1119886,0.1321311,0.5506991,0.8241795
-0.01181102,0.1231231,0.09818732,0.332479,0.7841678,0.5239642
-0.007299712,0.1119886,0.1119886,0.332479,0.7841678,0.5239642
-0.007299712,0.1463202,0.06060781,0.332479,0.7841678,0.5239642
-0.01181102,0.1231231,0.09818732,-0.6489628,0.4743638,0.594833
-0.01181102,0.06832817,0.1418849,-0.6489628,0.4743638,0.594833
-0.007299712,0.1119886,0.1119886,-0.6489628,0.4743638,0.594833
-0.01181102,0.153532,0.0350426,0.4196457,0.890247,0.1770811
-0.007299712,0.1463202,0.06060781,0.4196457,0.890247,0.1770811
-0.007299712,0.1583758,-2.801602e-14,0.4196457,0.890247,0.1770811
-0.01181102,0.153532,0.0350426,-0.7135541,0.6312191,0.3039788
-0.01181102,0.1231231,0.09818732,-0.7135541,0.6312191,0.3039788
-0.007299712,0.1463202,0.06060781,-0.7135541,0.6312191,0.3039788
-0.01181102,0.153532,-0.0350426,0.4196457,0.890247,-0.1770811
-0.007299712,0.1583758,-2.801602e-14,0.4196457,0.890247,-0.1770811
-0.007299712,0.1463202,-0.06060781,0.4196457,0.890247,-0.1770811
-0.01181102,0.153532,-0.0350426,-0.7317801,0.6815408,1.759611e-09
-0.01181102,0.153532,0.0350426,-0.7317801,0.6815408,1.759611e-09
-0.007299712,0.1583758,-2.801602e-14,-0.7317801,0.6815408,1.759611e-09
-0.01181102,0.1231231,-0.0981873,0.3324795,0.7841677,-0.5239641
-0.007299712,0.1463202,-0.06060781,0.3324795,0.7841677,-0.5239641
-0.007299712,0.1119886,-0.1119886,0.3324795,0.7841677,-0.5239641
-0.01181102,0.1231231,-0.0981873,-0.7135539,0.6312192,-0.3039788
-0.01181102,0.153532,-0.0350426,-0.7135539,0.6312192,-0.3039788
-0.007299712,0.1463202,-0.06060781,-0.7135539,0.6312192,-0.3039788
-0.01181102,0.06832802,-0.1418849,0.1321259,0.5506995,-0.8241801
-0.007299712,0.1119886,-0.1119886,0.1321259,0.5506995,-0.8241801
-0.007299712,0.06060781,-0.1463202,0.1321259,0.5506995,-0.8241801
-0.01181102,0.06832802,-0.1418849,-0.6489641,0.4743628,-0.5948323
-0.01181102,0.1231231,-0.0981873,-0.6489641,0.4743628,-0.5948323
-0.007299712,0.1119886,-0.1119886,-0.6489641,0.4743628,-0.5948323
-0.9606299,0.06832815,0.1418849,-5.868071e-09,0.62349,0.7818313
-0.01181102,0.06832817,0.1418849,-5.868071e-09,0.62349,0.7818313
-0.01181102,0.1231231,0.09818732,-5.868071e-09,0.62349,0.7818313
-0.9606299,0.06832815,0.1418849,5.868086e-09,0.2225209,0.9749279
-0.9606299,-1.928514e-17,0.1574803,5.868086e-09,0.2225209,0.9749279
-0.01181102,0.06832817,0.1418849,5.868086e-09,0.2225209,0.9749279
-0.9606299,0.1231231,0.09818737,-1.368211e-08,0.900969,0.4338834
-0.01181102,0.1231231,0.09818732,-1.368211e-08,0.900969,0.4338834
-0.01181102,0.153532,0.0350426,-1.368211e-08,0.900969,0.4338834
-0.9606299,0.1231231,0.09818737,1.368212e-08,0.6234898,0.7818315
-0.9606299,0.06832815,0.1418849,1.368212e-08,0.6234898,0.7818315
-0.01181102,0.1231231,0.09818732,1.368212e-08,0.6234898,0.7818315
-0.9606299,0.153532,0.03504267,-1.563306e-08,1.0,2.581785e-09
-0.01181102,0.153532,0.0350426,-1.563306e-08,1.0,2.581785e-09
-0.01181102,0.153532,-0.0350426,-1.563306e-08,1.0,2.581785e-09
-0.9606299,0.153532,0.03504267,1.563309e-08,0.9009689,0.4338837
-0.9606299,0.1231231,0.09818737,1.563309e-08,0.9009689,0.4338837
-0.01181102,0.153532,0.0350426,1.563309e-08,0.9009689,0.4338837
-0.9606299,0.153532,-0.03504267,1.582375e-08,0.9009691,-0.4338833
-0.01181102,0.153532,-0.0350426,1.582375e-08,0.9009691,-0.4338833
-0.01181102,0.1231231,-0.0981873,1.582375e-08,0.9009691,-0.4338833
-0.9606299,0.153532,-0.03504267,-1.582376e-08,1.0,1.503987e-22
-0.9606299,0.153532,0.03504267,-1.582376e-08,1.0,1.503987e-22
-0.01181102,0.153532,-0.0350426,-1.582376e-08,1.0,1.503987e-22
-0.9606299,0.1231231,-0.09818737,2.00104e-08,0.6234897,-0.7818316
-0.01181102,0.1231231,-0.0981873,2.00104e-08,0.6234897,-0.7818316
-0.01181102,0.06832802,-0.1418849,2.00104e-08,0.6234897,-0.7818316
-0.9606299,0.1231231,-0.09818737,-2.001034e-08,0.9009689,-0.4338837
-0.9606299,0.153532,-0.03504267,-2.001034e-08,0.9009689,-0.4338837
-0.01181102,0.1231231,-0.0981873,-2.001034e-08,0.9009689,-0.4338837
-0.9606299,0.06832815,-0.1418849,3.43177e-08,0.6234898,-0.7818315
-0.9606299,0.1231231,-0.09818737,3.43177e-08,0.6234898,-0.7818315
-0.01181102,0.06832802,-0.1418849,3.43177e-08,0.6234898,-0.7818315
-1.0,0.0,0.1181102,-0.6980737,0.1593308,0.6980737
-0.9606299,-1.928514e-17,0.1574803,-0.6980737,0.1593308,0.6980737
-0.9606299,0.06832815,0.1418849,-0.6980737,0.1593308,0.6980737
-1.0,-0.05124611,0.1064136,-0.6980737,-0.1593308,0.6980737
-0.9606299,-0.06832815,0.1418849,-0.6980737,-0.1593308,0.6980737
-0.9606299,-1.928514e-17,0.1574803,-0.6980737,-0.1593308,0.6980737
-1.0,0.0,0.1181102,-0.6980737,-0.1593307,0.6980737
-1.0,-0.05124611,0.1064136,-0.6980737,-0.1593307,0.6980737
-0.9606299,-1.928514e-17,0.1574803,-0.6980737,-0.1593307,0.6980737
-1.0,0.05124611,0.1064136,-0.6980737,0.4464349,0.5598116
-0.9606299,0.06832815,0.1418849,-0.6980737,0.4464349,0.5598116
-0.9606299,0.1231231,0.09818737,-0.6980737,0.4464349,0.5598116
-1.0,0.05124611,0.1064136,-0.6980737,0.1593307,0.6980737
-1.0,0.0,0.1181102,-0.6980737,0.1593307,0.6980737
-0.9606299,0.06832815,0.1418849,-0.6980737,0.1593307,0.6980737
-1.0,0.0923423,0.07364053,-0.6980737,0.6451171,0.310672
-0.9606299,0.1231231,0.09818737,-0.6980737,0.6451171,0.310672
-0.9606299,0.153532,0.03504267,-0.6980737,0.6451171,0.310672
-1.0,0.0923423,0.07364053,-0.6980737,0.4464349,0.5598117
-1.0,0.05124611,0.1064136,-0.6980737,0.4464349,0.5598117
-0.9606299,0.1231231,0.09818737,-0.6980737,0.4464349,0.5598117
-1.0,0.115149,0.026282,-0.6980737,0.7160259,6.63984e-15
-0.9606299,0.153532,0.03504267,-0.6980737,0.7160259,6.63984e-15
-0.9606299,0.153532,-0.03504267,-0.6980737,0.7160259,6.63984e-15
-1.0,0.115149,0.026282,-0.6980737,0.6451171,0.310672
-1.0,0.0923423,0.07364053,-0.6980737,0.6451171,0.310672
-0.9606299,0.153532,0.03504267,-0.6980737,0.6451171,0.310672
-1.0,0.115149,-0.026282,-0.6980737,0.6451171,-0.310672
-0.9606299,0.153532,-0.03504267,-0.6980737,0.6451171,-0.310672
-0.9606299,0.1231231,-0.09818737,-0.6980737,0.6451171,-0.310672
-1.0,0.115149,-0.026282,-0.6980737,0.7160259,6.086748e-15
-1.0,0.115149,0.026282,-0.6980737,0.7160259,6.086748e-15
-0.9606299,0.153532,-0.03504267,-0.6980737,0.7160259,6.086748e-15
-1.0,0.0923423,-0.07364053,-0.6980737,0.4464349,-0.5598116
-0.9606299,0.1231231,-0.09818737,-0.6980737,0.4464349,-0.5598116
-0.9606299,0.06832815,-0.1418849,-0.6980737,0.4464349,-0.5598116
-1.0,0.0923423,-0.07364053,-0.6980737,0.6451171,-0.310672
-1.0,0.115149,-0.026282,-0.6980737,0.6451171,-0.310672
-0.9606299,0.1231231,-0.09818737,-0.6980737,0.6451171,-0.310672
-1.0,0.05124611,-0.1064136,-0.6980737,0.1593308,-0.6980737
-0.9606299,0.06832815,-0.1418849,-0.6980737,0.1593308,-0.6980737
-0.9606299,0.0,-0.1574803,-0.6980737,0.1593308,-0.6980737
-1.0,0.05124611,-0.1064136,-0.6980737,0.4464348,-0.5598116
-1.0,0.0923423,-0.07364053,-0.6980737,0.4464348,-0.5598116
-0.9606299,0.06832815,-0.1418849,-0.6980737,0.4464348,-0.5598116
-1.0,0.0,-0.1181102,-0.6980737,-0.1593308,-0.6980737
-0.9606299,0.0,-0.1574803,-0.6980737,-0.1593308,-0.6980737
-0.9606299,-0.06832815,-0.1418849,-0.6980737,-0.1593308,-0.6980737
-1.0,0.05124611,-0.1064136,-0.6980737,0.1593307,-0.6980737
-0.9606299,0.0,-0.1574803,-0.6980737,0.1593307,-0.6980737
-1.0,0.0,-0.1181102,-0.6980737,0.1593307,-0.6980737
-1.0,-0.05124611,-0.1064136,-0.6980737,-0.4464349,-0.5598116
-0.9606299,-0.06832815,-0.1418849,-0.6980737,-0.4464349,-0.5598116
-0.9606299,-0.1231231,-0.09818737,-0.6980737,-0.4464349,-0.5598116
-1.0,-0.05124611,-0.1064136,-0.6980737,-0.1593307,-0.6980737
-1.0,0.0,-0.1181102,-0.6980737,-0.1593307,-0.6980737
-0.9606299,-0.06832815,-0.1418849,-0.6980737,-0.1593307,-0.6980737
-1.0,-0.0923423,-0.07364053,-0.6980737,-0.6451171,-0.310672
-0.9606299,-0.1231231,-0.09818737,-0.6980737,-0.6451171,-0.310672
-0.9606299,-0.153532,-0.03504267,-0.6980737,-0.6451171,-0.310672
-1.0,-0.0923423,-0.07364053,-0.6980737,-0.4464349,-0.5598117
-1.0,-0.05124611,-0.1064136,-0.6980737,-0.4464349,-0.5598117
-0.9606299,-0.1231231,-0.09818737,-0.6980737,-0.4464349,-0.5598117
-1.0,-0.115149,-0.026282,-0.6980737,-0.7160259,6.63984e-15
-0.9606299,-0.153532,-0.03504267,-0.6980737,-0.7160259,6.63984e-15
-0.9606299,-0.153532,0.03504267,-0.6980737,-0.7160259,6.63984e-15
-1.0,-0.115149,-0.026282,-0.6980737,-0.6451171,-0.310672
-1.0,-0.0923423,-0.07364053,-0.6980737,-0.6451171,-0.310672
-0.9606299,-0.153532,-0.03504267,-0.6980737,-0.6451171,-0.310672
-1.0,-0.115149,0.026282,-0.6980737,-0.6451171,0.310672
-0.9606299,-0.153532,0.03504267,-0.6980737,-0.6451171,0.310672
-0.9606299,-0.1231231,0.09818737,-0.6980737,-0.6451171,0.310672
-1.0,-0.115149,0.026282,-0.6980737,-0.7160259,6.086748e-15
-1.0,-0.115149,-0.026282,-0.6980737,-0.7160259,6.086748e-15
-0.9606299,-0.153532,0.03504267,-0.6980737,-0.7160259,6.086748e-15
-1.0,-0.0923423,0.07364053,-0.6980737,-0.4464349,0.5598116
-0.9606299,-0.1231231,0.09818737,-0.6980737,-0.4464349,0.5598116
-0.9606299,-0.06832815,0.1418849,-0.6980737,-0.4464349,0.5598116
-1.0,-0.0923423,0.07364053,-0.6980737,-0.6451171,0.310672
-1.0,-0.115149,0.026282,-0.6980737,-0.6451171,0.310672
-0.9606299,-0.1231231,0.09818737,-0.6980737,-0.6451171,0.310672
-1.0,-0.05124611,0.1064136,-0.6980737,-0.4464348,0.5598116
-1.0,-0.0923423,0.07364053,-0.6980737,-0.4464348,0.5598116
-0.9606299,-0.06832815,0.1418849,-0.6980737,-0.4464348,0.5598116
-1.0,0.0,0.1181102,-1.0,2.252736e-15,9.869883e-15
-1.0,0.0,-0.1181102,-1.0,2.252736e-15,9.869883e-15
-1.0,-0.05124611,-0.1064136,-1.0,2.252736e-15,9.869883e-15
-1.0,0.05124611,0.1064136,-1.0,8.628263e-17,9.869883e-15
-1.0,0.0,-0.1181102,-1.0,8.628263e-17,9.869883e-15
-1.0,0.0,0.1181102,-1.0,8.628263e-17,9.869883e-15
-1.0,0.05124611,-0.1064136,-1.0,-2.381284e-15,1.043309e-14
-1.0,0.0,-0.1181102,-1.0,-2.381284e-15,1.043309e-14
-1.0,0.05124611,0.1064136,-1.0,-2.381284e-15,1.043309e-14
-1.0,-0.05124611,0.1064136,-1.0,-2.485982e-15,1.043309e-14
-1.0,-0.05124611,-0.1064136,-1.0,-2.485982e-15,1.043309e-14
-1.0,-0.0923423,-0.07364053,-1.0,-2.485982e-15,1.043309e-14
-1.0,0.0,0.1181102,-1.0,-2.148307e-16,1.043309e-14
-1.0,-0.05124611,-0.1064136,-1.0,-2.148307e-16,1.043309e-14
-1.0,-0.05124611,0.1064136,-1.0,-2.148307e-16,1.043309e-14
-1.0,-0.0923423,0.07364053,-1.0,8.770963e-16,9.799562e-15
-1.0,-0.0923423,-0.07364053,-1.0,8.770963e-16,9.799562e-15
-1.0,-0.115149,-0.026282,-1.0,8.770963e-16,9.799562e-15
-1.0,-0.05124611,0.1064136,-1.0,2.896794e-16,9.799562e-15
-1.0,-0.0923423,-0.07364053,-1.0,2.896794e-16,9.799562e-15
-1.0,-0.0923423,0.07364053,-1.0,2.896794e-16,9.799562e-15
-1.0,-0.0923423,0.07364053,-1.0,6.796301e-15,8.448542e-15
-1.0,-0.115149,-0.026282,-1.0,6.796301e-15,8.448542e-15
-1.0,-0.115149,0.026282,-1.0,6.796301e-15,8.448542e-15
-1.0,0.05124611,-0.1064136,-1.0,2.155411e-16,1.043309e-14
-1.0,0.05124611,0.1064136,-1.0,2.155411e-16,1.043309e-14
-1.0,0.0923423,0.07364053,-1.0,2.155411e-16,1.043309e-14
-1.0,0.0923423,-0.07364053,-1.0,-3.990879e-15,9.799562e-15
-1.0,0.0923423,0.07364053,-1.0,-3.990879e-15,9.799562e-15
-1.0,0.115149,0.026282,-1.0,-3.990879e-15,9.799562e-15
-1.0,0.05124611,-0.1064136,-1.0,2.991202e-15,9.799562e-15
-1.0,0.0923423,0.07364053,-1.0,2.991202e-15,9.799562e-15
-1.0,0.0923423,-0.07364053,-1.0,2.991202e-15,9.799562e-15
-1.0,0.0923423,-0.07364053,-1.0,1.928325e-15,8.448542e-15
-1.0,0.115149,0.026282,-1.0,1.928325e-15,8.448542e-15
-1.0,0.115149,-0.026282,-1.0,1.928325e-15,8.448542e-15
