18.7756,13.4693,0.0,-0.973695,-0.227854,0.0
18.7756,13.4693,19.05,-0.973695,-0.227854,0.0
18.5541,14.4159,0.0,-0.973695,-0.227854,0.0
18.5541,14.4159,0.0,-0.973695,-0.227854,0.0
18.7756,13.4693,19.05,-0.973695,-0.227854,0.0
18.5541,14.4159,19.05,-0.973695,-0.227854,0.0
18.5541,14.4159,0.0,-0.927503,-0.373816,0.0
18.5541,14.4159,19.05,-0.927503,-0.373816,0.0
18.1907,15.3176,0.0,-0.927503,-0.373816,0.0
18.1907,15.3176,0.0,-0.927503,-0.373816,0.0
18.5541,14.4159,19.05,-0.927503,-0.373816,0.0
18.1907,15.3176,19.05,-0.927503,-0.373816,0.0
18.1907,15.3176,0.0,-0.859569,-0.511019,0.0
18.1907,15.3176,19.05,-0.859569,-0.511019,0.0
17.6939,16.1533,0.0,-0.859569,-0.511019,0.0
17.6939,16.1533,0.0,-0.859569,-0.511019,0.0
18.1907,15.3176,19.05,-0.859569,-0.511019,0.0
17.6939,16.1533,19.05,-0.859569,-0.511019,0.0
17.6939,16.1533,0.0,-0.771488,-0.636244,0.0
17.6939,16.1533,19.05,-0.771488,-0.636244,0.0
17.0753,16.9033,0.0,-0.771488,-0.636244,0.0
17.0753,16.9033,0.0,-0.771488,-0.636244,0.0
17.6939,16.1533,19.05,-0.771488,-0.636244,0.0
17.0753,16.9033,19.05,-0.771488,-0.636244,0.0
17.0753,16.9033,0.0,-0.665326,-0.746553,0.0
17.0753,16.9033,19.05,-0.665326,-0.746553,0.0
16.3495,17.5501,0.0,-0.665326,-0.746553,0.0
16.3495,17.5501,0.0,-0.665326,-0.746553,0.0
17.0753,16.9033,19.05,-0.665326,-0.746553,0.0
16.3495,17.5501,19.05,-0.665326,-0.746553,0.0
16.3495,17.5501,0.0,-0.543567,-0.839366,0.0
16.3495,17.5501,19.05,-0.543567,-0.839366,0.0
15.5335,18.0786,0.0,-0.543567,-0.839366,0.0
15.5335,18.0786,0.0,-0.543567,-0.839366,0.0
16.3495,17.5501,19.05,-0.543567,-0.839366,0.0
15.5335,18.0786,19.05,-0.543567,-0.839366,0.0
15.5335,18.0786,0.0,-0.40907,-0.912503,0.0
15.5335,18.0786,19.05,-0.40907,-0.912503,0.0
14.6464,18.4762,0.0,-0.40907,-0.912503,0.0
14.6464,18.4762,0.0,-0.40907,-0.912503,0.0
15.5335,18.0786,19.05,-0.40907,-0.912503,0.0
14.6464,18.4762,19.05,-0.40907,-0.912503,0.0
14.6464,18.4762,0.0,-0.264981,-0.964254,0.0
14.6464,18.4762,19.05,-0.264981,-0.964254,0.0
13.709,18.7338,0.0,-0.264981,-0.964254,0.0
13.709,18.7338,0.0,-0.264981,-0.964254,0.0
14.6464,18.4762,19.05,-0.264981,-0.964254,0.0
13.709,18.7338,19.05,-0.264981,-0.964254,0.0
13.709,18.7338,0.0,-0.114683,-0.993402,0.0
13.709,18.7338,19.05,-0.114683,-0.993402,0.0
12.7432,18.8453,0.0,-0.114683,-0.993402,0.0
12.7432,18.8453,0.0,-0.114683,-0.993402,0.0
13.709,18.7338,19.05,-0.114683,-0.993402,0.0
12.7432,18.8453,19.05,-0.114683,-0.993402,0.0
12.7432,18.8453,0.0,0.038303,-0.999266,0.0
12.7432,18.8453,19.05,0.038303,-0.999266,0.0
11.7718,18.8081,0.0,0.038303,-0.999266,0.0
11.7718,18.8081,0.0,0.038303,-0.999266,0.0
12.7432,18.8453,19.05,0.038303,-0.999266,0.0
11.7718,18.8081,19.05,0.038303,-0.999266,0.0
11.7718,18.8081,0.0,0.190392,-0.981708,0.0
11.7718,18.8081,19.05,0.190392,-0.981708,0.0
10.8174,18.623,0.0,0.190392,-0.981708,0.0
10.8174,18.623,0.0,0.190392,-0.981708,0.0
11.7718,18.8081,19.05,0.190392,-0.981708,0.0
10.8174,18.623,19.05,0.190392,-0.981708,0.0
10.8174,18.623,0.0,0.338017,-0.94114,0.0
10.8174,18.623,19.05,0.338017,-0.94114,0.0
9.90241,18.2944,0.0,0.338017,-0.94114,0.0
9.90241,18.2944,0.0,0.338017,-0.94114,0.0
10.8174,18.623,19.05,0.338017,-0.94114,0.0
9.90241,18.2944,19.05,0.338017,-0.94114,0.0
9.90241,18.2944,0.0,0.47772,-0.878512,0.0
9.90241,18.2944,19.05,0.47772,-0.878512,0.0
9.04835,17.83,0.0,0.47772,-0.878512,0.0
9.04835,17.83,0.0,0.47772,-0.878512,0.0
9.90241,18.2944,19.05,0.47772,-0.878512,0.0
9.04835,17.83,19.05,0.47772,-0.878512,0.0
9.04835,17.83,0.0,0.606224,-0.795294,0.0
9.04835,17.83,19.05,0.606224,-0.795294,0.0
8.27518,17.2406,0.0,0.606224,-0.795294,0.0
8.27518,17.2406,0.0,0.606224,-0.795294,0.0
9.04835,17.83,19.05,0.606224,-0.795294,0.0
8.27518,17.2406,19.05,0.606224,-0.795294,0.0
8.27518,17.2406,0.0,0.720522,-0.693432,0.0
8.27518,17.2406,19.05,0.720522,-0.693432,0.0
7.60104,16.5401,0.0,0.720522,-0.693432,0.0
7.60104,16.5401,0.0,0.720522,-0.693432,0.0
8.27518,17.2406,19.05,0.720522,-0.693432,0.0
7.60104,16.5401,19.05,0.720522,-0.693432,0.0
7.60104,16.5401,0.0,0.817929,-0.575319,0.0
7.60104,16.5401,19.05,0.817929,-0.575319,0.0
7.04173,15.745,0.0,0.817929,-0.575319,0.0
7.04173,15.745,0.0,0.817929,-0.575319,0.0
7.60104,16.5401,19.05,0.817929,-0.575319,0.0
7.04173,15.745,19.05,0.817929,-0.575319,0.0
7.04173,15.745,0.0,0.896166,-0.44372,0.0
7.04173,15.745,19.05,0.896166,-0.44372,0.0
6.61036,14.8737,0.0,0.896166,-0.44372,0.0
6.61036,14.8737,0.0,0.896166,-0.44372,0.0
7.04173,15.745,19.05,0.896166,-0.44372,0.0
6.61036,14.8737,19.05,0.896166,-0.44372,0.0
6.61036,14.8737,0.0,0.953396,-0.301721,0.0
6.61036,14.8737,19.05,0.953396,-0.301721,0.0
6.31703,13.9469,0.0,0.953396,-0.301721,0.0
6.31703,13.9469,0.0,0.953396,-0.301721,0.0
6.61036,14.8737,19.05,0.953396,-0.301721,0.0
6.31703,13.9469,19.05,0.953396,-0.301721,0.0
6.31703,13.9469,0.0,0.98828,-0.152649,0.0
6.31703,13.9469,19.05,0.98828,-0.152649,0.0
6.16863,12.9861,0.0,0.98828,-0.152649,0.0
6.16863,12.9861,0.0,0.98828,-0.152649,0.0
6.31703,13.9469,19.05,0.98828,-0.152649,0.0
6.16863,12.9861,19.05,0.98828,-0.152649,0.0
6.16863,12.9861,0.0,1.0,0.0,0.0
6.16863,12.9861,19.05,1.0,0.0,0.0
6.16863,12.0139,0.0,1.0,0.0,0.0
6.16863,12.0139,0.0,1.0,0.0,0.0
6.16863,12.9861,19.05,1.0,0.0,0.0
6.16863,12.0139,19.05,1.0,0.0,0.0
6.16863,12.0139,0.0,0.98828,0.152649,0.0
6.16863,12.0139,19.05,0.98828,0.152649,0.0
6.31703,11.0531,0.0,0.98828,0.152649,0.0
6.31703,11.0531,0.0,0.98828,0.152649,0.0
6.16863,12.0139,19.05,0.98828,0.152649,0.0
6.31703,11.0531,19.05,0.98828,0.152649,0.0
6.31703,11.0531,0.0,0.953396,0.301721,0.0
6.31703,11.0531,19.05,0.953396,0.301721,0.0
6.61036,10.1263,0.0,0.953396,0.301721,0.0
6.61036,10.1263,0.0,0.953396,0.301721,0.0
6.31703,11.0531,19.05,0.953396,0.301721,0.0
6.61036,10.1263,19.05,0.953396,0.301721,0.0
6.61036,10.1263,0.0,0.896166,0.44372,0.0
6.61036,10.1263,19.05,0.896166,0.44372,0.0
7.04173,9.25503,0.0,0.896166,0.44372,0.0
7.04173,9.25503,0.0,0.896166,0.44372,0.0
6.61036,10.1263,19.05,0.896166,0.44372,0.0
7.04173,9.25503,19.05,0.896166,0.44372,0.0
7.04173,9.25503,0.0,0.817929,0.575319,0.0
7.04173,9.25503,19.05,0.817929,0.575319,0.0
7.60104,8.45986,0.0,0.817929,0.575319,0.0
7.60104,8.45986,0.0,0.817929,0.575319,0.0
7.04173,9.25503,19.05,0.817929,0.575319,0.0
7.60104,8.45986,19.05,0.817929,0.575319,0.0
7.60104,8.45986,0.0,0.720522,0.693432,0.0
7.60104,8.45986,19.05,0.720522,0.693432,0.0
8.27518,7.75939,0.0,0.720522,0.693432,0.0
8.27518,7.75939,0.0,0.720522,0.693432,0.0
7.60104,8.45986,19.05,0.720522,0.693432,0.0
8.27518,7.75939,19.05,0.720522,0.693432,0.0
8.27518,7.75939,0.0,0.606225,0.795293,0.0
8.27518,7.75939,19.05,0.606225,0.795293,0.0
9.04835,7.17003,0.0,0.606225,0.795293,0.0
9.04835,7.17003,0.0,0.606225,0.795293,0.0
8.27518,7.75939,19.05,0.606225,0.795293,0.0
9.04835,7.17003,19.05,0.606225,0.795293,0.0
9.04835,7.17003,0.0,0.47772,0.878512,0.0
9.04835,7.17003,19.05,0.47772,0.878512,0.0
9.90241,6.7056,0.0,0.47772,0.878512,0.0
9.90241,6.7056,0.0,0.47772,0.878512,0.0
9.04835,7.17003,19.05,0.47772,0.878512,0.0
9.90241,6.7056,19.05,0.47772,0.878512,0.0
9.90241,6.7056,0.0,0.338017,0.94114,0.0
9.90241,6.7056,19.05,0.338017,0.94114,0.0
10.8174,6.37699,0.0,0.338017,0.94114,0.0
10.8174,6.37699,0.0,0.338017,0.94114,0.0
9.90241,6.7056,19.05,0.338017,0.94114,0.0
10.8174,6.37699,19.05,0.338017,0.94114,0.0
10.8174,6.37699,0.0,0.190391,0.981708,0.0
10.8174,6.37699,19.05,0.190391,0.981708,0.0
11.7718,6.1919,0.0,0.190391,0.981708,0.0
11.7718,6.1919,0.0,0.190391,0.981708,0.0
10.8174,6.37699,19.05,0.190391,0.981708,0.0
11.7718,6.1919,19.05,0.190391,0.981708,0.0
11.7718,6.1919,0.0,0.0383025,0.999266,0.0
11.7718,6.1919,19.05,0.0383025,0.999266,0.0
12.7432,6.15466,0.0,0.0383025,0.999266,0.0
12.7432,6.15466,0.0,0.0383025,0.999266,0.0
11.7718,6.1919,19.05,0.0383025,0.999266,0.0
12.7432,6.15466,19.05,0.0383025,0.999266,0.0
12.7432,6.15466,0.0,-0.114683,0.993402,0.0
12.7432,6.15466,19.05,-0.114683,0.993402,0.0
13.709,6.26615,0.0,-0.114683,0.993402,0.0
13.709,6.26615,0.0,-0.114683,0.993402,0.0
12.7432,6.15466,19.05,-0.114683,0.993402,0.0
13.709,6.26615,19.05,-0.114683,0.993402,0.0
13.709,6.26615,0.0,-0.264981,0.964254,0.0
13.709,6.26615,19.05,-0.264981,0.964254,0.0
14.6464,6.52376,0.0,-0.264981,0.964254,0.0
14.6464,6.52376,0.0,-0.264981,0.964254,0.0
13.709,6.26615,19.05,-0.264981,0.964254,0.0
14.6464,6.52376,19.05,-0.264981,0.964254,0.0
14.6464,6.52376,0.0,-0.409069,0.912504,0.0
14.6464,6.52376,19.05,-0.409069,0.912504,0.0
15.5335,6.92145,0.0,-0.409069,0.912504,0.0
15.5335,6.92145,0.0,-0.409069,0.912504,0.0
14.6464,6.52376,19.05,-0.409069,0.912504,0.0
15.5335,6.92145,19.05,-0.409069,0.912504,0.0
15.5335,6.92145,0.0,-0.543568,0.839365,0.0
15.5335,6.92145,19.05,-0.543568,0.839365,0.0
16.3495,7.44989,0.0,-0.543568,0.839365,0.0
16.3495,7.44989,0.0,-0.543568,0.839365,0.0
15.5335,6.92145,19.05,-0.543568,0.839365,0.0
16.3495,7.44989,19.05,-0.543568,0.839365,0.0
16.3495,7.44989,0.0,-0.665326,0.746553,0.0
16.3495,7.44989,19.05,-0.665326,0.746553,0.0
17.0753,8.0967,0.0,-0.665326,0.746553,0.0
17.0753,8.0967,0.0,-0.665326,0.746553,0.0
16.3495,7.44989,19.05,-0.665326,0.746553,0.0
17.0753,8.0967,19.05,-0.665326,0.746553,0.0
17.0753,8.0967,0.0,-0.771489,0.636243,0.0
17.0753,8.0967,19.05,-0.771489,0.636243,0.0
17.6939,8.84673,0.0,-0.771489,0.636243,0.0
17.6939,8.84673,0.0,-0.771489,0.636243,0.0
17.0753,8.0967,19.05,-0.771489,0.636243,0.0
17.6939,8.84673,19.05,-0.771489,0.636243,0.0
17.6939,8.84673,0.0,-0.859569,0.511019,0.0
17.6939,8.84673,19.05,-0.859569,0.511019,0.0
18.1907,9.68238,0.0,-0.859569,0.511019,0.0
18.1907,9.68238,0.0,-0.859569,0.511019,0.0
17.6939,8.84673,19.05,-0.859569,0.511019,0.0
18.1907,9.68238,19.05,-0.859569,0.511019,0.0
18.1907,9.68238,0.0,-0.927503,0.373816,0.0
18.1907,9.68238,19.05,-0.927503,0.373816,0.0
18.5541,10.5841,0.0,-0.927503,0.373816,0.0
18.5541,10.5841,0.0,-0.927503,0.373816,0.0
18.1907,9.68238,19.05,-0.927503,0.373816,0.0
18.5541,10.5841,19.05,-0.927503,0.373816,0.0
18.5541,10.5841,0.0,-0.973695,0.227854,0.0
18.5541,10.5841,19.05,-0.973695,0.227854,0.0
18.7756,11.5307,0.0,-0.973695,0.227854,0.0
18.7756,11.5307,0.0,-0.973695,0.227854,0.0
18.5541,10.5841,19.05,-0.973695,0.227854,0.0
18.7756,11.5307,19.05,-0.973695,0.227854,0.0
18.7756,11.5307,0.0,-0.997066,0.0765489,0.0
18.7756,11.5307,19.05,-0.997066,0.0765489,0.0
18.85,12.5,0.0,-0.997066,0.0765489,0.0
18.85,12.5,0.0,-0.997066,0.0765489,0.0
18.7756,11.5307,19.05,-0.997066,0.0765489,0.0
18.85,12.5,19.05,-0.997066,0.0765489,0.0
18.85,12.5,0.0,-0.997066,-0.0765489,0.0
18.85,12.5,19.05,-0.997066,-0.0765489,0.0
18.7756,13.4693,0.0,-0.997066,-0.0765489,0.0
18.7756,13.4693,0.0,-0.997066,-0.0765489,0.0
18.85,12.5,19.05,-0.997066,-0.0765489,0.0
18.7756,13.4693,19.05,-0.997066,-0.0765489,0.0
18.7756,11.5307,0.0,0.0,0.0,-1.0
24.6975,9.76649,0.0,0.0,0.0,-1.0
18.5541,10.5841,0.0,0.0,0.0,-1.0
18.5541,10.5841,0.0,0.0,0.0,-1.0
24.6975,9.76649,0.0,0.0,0.0,-1.0
24.3227,8.44126,0.0,0.0,0.0,-1.0
18.5541,10.5841,0.0,0.0,0.0,-1.0
24.3227,8.44126,0.0,0.0,0.0,-1.0
18.1907,9.68238,0.0,0.0,0.0,-1.0
17.6939,16.1533,0.0,0.0,0.0,-1.0
23.149,19.0459,0.0,0.0,0.0,-1.0
18.1907,15.3176,0.0,0.0,0.0,-1.0
18.1907,15.3176,0.0,0.0,0.0,-1.0
23.149,19.0459,0.0,0.0,0.0,-1.0
23.8045,17.8347,0.0,0.0,0.0,-1.0
18.1907,15.3176,0.0,0.0,0.0,-1.0
23.8045,17.8347,0.0,0.0,0.0,-1.0
18.5541,14.4159,0.0,0.0,0.0,-1.0
6.31703,11.0531,0.0,0.0,0.0,-1.0
0.170484,10.4426,0.0,0.0,0.0,-1.0
6.16863,12.0139,0.0,0.0,0.0,-1.0
6.16863,12.0139,0.0,0.0,0.0,-1.0
0.170484,10.4426,0.0,0.0,0.0,-1.0
0.0189813,11.8114,0.0,0.0,0.0,-1.0
6.16863,12.0139,0.0,0.0,0.0,-1.0
0.0189813,11.8114,0.0,0.0,0.0,-1.0
6.16863,12.9861,0.0,0.0,0.0,-1.0
7.60104,8.45986,0.0,0.0,0.0,-1.0
2.22778,5.3774,0.0,0.0,0.0,-1.0
7.04173,9.25503,0.0,0.0,0.0,-1.0
7.04173,9.25503,0.0,0.0,0.0,-1.0
2.22778,5.3774,0.0,0.0,0.0,-1.0
1.50658,6.55066,0.0,0.0,0.0,-1.0
7.04173,9.25503,0.0,0.0,0.0,-1.0
1.50658,6.55066,0.0,0.0,0.0,-1.0
6.61036,10.1263,0.0,0.0,0.0,-1.0
6.61036,10.1263,0.0,0.0,0.0,-1.0
1.50658,6.55066,0.0,0.0,0.0,-1.0
0.918824,7.79613,0.0,0.0,0.0,-1.0
6.61036,10.1263,0.0,0.0,0.0,-1.0
0.918824,7.79613,0.0,0.0,0.0,-1.0
6.31703,11.0531,0.0,0.0,0.0,-1.0
6.31703,11.0531,0.0,0.0,0.0,-1.0
0.918824,7.79613,0.0,0.0,0.0,-1.0
0.471651,9.09871,0.0,0.0,0.0,-1.0
6.31703,11.0531,0.0,0.0,0.0,-1.0
0.471651,9.09871,0.0,0.0,0.0,-1.0
0.170484,10.4426,0.0,0.0,0.0,-1.0
23.8045,17.8347,0.0,0.0,0.0,-1.0
24.3227,16.5587,0.0,0.0,0.0,-1.0
18.5541,14.4159,0.0,0.0,0.0,-1.0
18.5541,14.4159,0.0,0.0,0.0,-1.0
24.3227,16.5587,0.0,0.0,0.0,-1.0
24.6975,15.2335,0.0,0.0,0.0,-1.0
18.5541,14.4159,0.0,0.0,0.0,-1.0
24.6975,15.2335,0.0,0.0,0.0,-1.0
18.7756,13.4693,0.0,0.0,0.0,-1.0
18.7756,13.4693,0.0,0.0,0.0,-1.0
24.6975,15.2335,0.0,0.0,0.0,-1.0
24.9241,13.8751,0.0,0.0,0.0,-1.0
18.7756,13.4693,0.0,0.0,0.0,-1.0
24.9241,13.8751,0.0,0.0,0.0,-1.0
18.85,12.5,0.0,0.0,0.0,-1.0
18.85,12.5,0.0,0.0,0.0,-1.0
24.9241,13.8751,0.0,0.0,0.0,-1.0
25.0,12.5,0.0,0.0,0.0,-1.0
18.85,12.5,0.0,0.0,0.0,-1.0
25.0,12.5,0.0,0.0,0.0,-1.0
18.7756,11.5307,0.0,0.0,0.0,-1.0
18.7756,11.5307,0.0,0.0,0.0,-1.0
25.0,12.5,0.0,0.0,0.0,-1.0
24.9241,11.1249,0.0,0.0,0.0,-1.0
18.7756,11.5307,0.0,0.0,0.0,-1.0
24.9241,11.1249,0.0,0.0,0.0,-1.0
24.6975,9.76649,0.0,0.0,0.0,-1.0
10.8174,18.623,0.0,0.0,0.0,-1.0
10.1036,24.7681,0.0,0.0,0.0,-1.0
11.7718,18.8081,0.0,0.0,0.0,-1.0
11.7718,18.8081,0.0,0.0,0.0,-1.0
10.1036,24.7681,0.0,0.0,0.0,-1.0
11.4678,24.9573,0.0,0.0,0.0,-1.0
11.7718,18.8081,0.0,0.0,0.0,-1.0
11.4678,24.9573,0.0,0.0,0.0,-1.0
12.7432,18.8453,0.0,0.0,0.0,-1.0
12.7432,18.8453,0.0,0.0,0.0,-1.0
11.4678,24.9573,0.0,0.0,0.0,-1.0
12.8444,24.9953,0.0,0.0,0.0,-1.0
12.7432,18.8453,0.0,0.0,0.0,-1.0
12.8444,24.9953,0.0,0.0,0.0,-1.0
13.709,18.7338,0.0,0.0,0.0,-1.0
8.27518,17.2406,0.0,0.0,0.0,-1.0
5.09706,22.5721,0.0,0.0,0.0,-1.0
9.04835,17.83,0.0,0.0,0.0,-1.0
9.04835,17.83,0.0,0.0,0.0,-1.0
5.09706,22.5721,0.0,0.0,0.0,-1.0
6.25,23.3253,0.0,0.0,0.0,-1.0
9.04835,17.83,0.0,0.0,0.0,-1.0
6.25,23.3253,0.0,0.0,0.0,-1.0
9.90241,18.2944,0.0,0.0,0.0,-1.0
9.90241,18.2944,0.0,0.0,0.0,-1.0
6.25,23.3253,0.0,0.0,0.0,-1.0
7.47881,23.9472,0.0,0.0,0.0,-1.0
9.90241,18.2944,0.0,0.0,0.0,-1.0
7.47881,23.9472,0.0,0.0,0.0,-1.0
10.8174,18.623,0.0,0.0,0.0,-1.0
10.8174,18.623,0.0,0.0,0.0,-1.0
7.47881,23.9472,0.0,0.0,0.0,-1.0
8.76857,24.4301,0.0,0.0,0.0,-1.0
10.8174,18.623,0.0,0.0,0.0,-1.0
8.76857,24.4301,0.0,0.0,0.0,-1.0
10.1036,24.7681,0.0,0.0,0.0,-1.0
7.04173,15.745,0.0,0.0,0.0,-1.0
2.22778,19.6226,0.0,0.0,0.0,-1.0
7.60104,16.5401,0.0,0.0,0.0,-1.0
7.60104,16.5401,0.0,0.0,0.0,-1.0
2.22778,19.6226,0.0,0.0,0.0,-1.0
3.07367,20.7094,0.0,0.0,0.0,-1.0
7.60104,16.5401,0.0,0.0,0.0,-1.0
3.07367,20.7094,0.0,0.0,0.0,-1.0
8.27518,17.2406,0.0,0.0,0.0,-1.0
8.27518,17.2406,0.0,0.0,0.0,-1.0
3.07367,20.7094,0.0,0.0,0.0,-1.0
4.03398,21.6965,0.0,0.0,0.0,-1.0
8.27518,17.2406,0.0,0.0,0.0,-1.0
4.03398,21.6965,0.0,0.0,0.0,-1.0
5.09706,22.5721,0.0,0.0,0.0,-1.0
9.04835,7.17003,0.0,0.0,0.0,-1.0
5.09706,2.42794,0.0,0.0,0.0,-1.0
8.27518,7.75939,0.0,0.0,0.0,-1.0
8.27518,7.75939,0.0,0.0,0.0,-1.0
5.09706,2.42794,0.0,0.0,0.0,-1.0
4.03398,3.30345,0.0,0.0,0.0,-1.0
8.27518,7.75939,0.0,0.0,0.0,-1.0
4.03398,3.30345,0.0,0.0,0.0,-1.0
7.60104,8.45986,0.0,0.0,0.0,-1.0
7.60104,8.45986,0.0,0.0,0.0,-1.0
4.03398,3.30345,0.0,0.0,0.0,-1.0
3.07367,4.2906,0.0,0.0,0.0,-1.0
7.60104,8.45986,0.0,0.0,0.0,-1.0
3.07367,4.2906,0.0,0.0,0.0,-1.0
2.22778,5.3774,0.0,0.0,0.0,-1.0
11.7718,6.1919,0.0,0.0,0.0,-1.0
10.1036,0.231856,0.0,0.0,0.0,-1.0
10.8174,6.37699,0.0,0.0,0.0,-1.0
10.8174,6.37699,0.0,0.0,0.0,-1.0
10.1036,0.231856,0.0,0.0,0.0,-1.0
8.76857,0.569938,0.0,0.0,0.0,-1.0
10.8174,6.37699,0.0,0.0,0.0,-1.0
8.76857,0.569938,0.0,0.0,0.0,-1.0
9.90241,6.7056,0.0,0.0,0.0,-1.0
9.90241,6.7056,0.0,0.0,0.0,-1.0
8.76857,0.569938,0.0,0.0,0.0,-1.0
7.47881,1.05283,0.0,0.0,0.0,-1.0
9.90241,6.7056,0.0,0.0,0.0,-1.0
7.47881,1.05283,0.0,0.0,0.0,-1.0
9.04835,7.17003,0.0,0.0,0.0,-1.0
9.04835,7.17003,0.0,0.0,0.0,-1.0
7.47881,1.05283,0.0,0.0,0.0,-1.0
6.25,1.67468,0.0,0.0,0.0,-1.0
9.04835,7.17003,0.0,0.0,0.0,-1.0
6.25,1.67468,0.0,0.0,0.0,-1.0
5.09706,2.42794,0.0,0.0,0.0,-1.0
14.6464,6.52376,0.0,0.0,0.0,-1.0
15.5686,0.382497,0.0,0.0,0.0,-1.0
13.709,6.26615,0.0,0.0,0.0,-1.0
13.709,6.26615,0.0,0.0,0.0,-1.0
15.5686,0.382497,0.0,0.0,0.0,-1.0
14.2169,0.118474,0.0,0.0,0.0,-1.0
13.709,6.26615,0.0,0.0,0.0,-1.0
14.2169,0.118474,0.0,0.0,0.0,-1.0
12.7432,6.15466,0.0,0.0,0.0,-1.0
12.7432,6.15466,0.0,0.0,0.0,-1.0
14.2169,0.118474,0.0,0.0,0.0,-1.0
12.8444,0.00474602,0.0,0.0,0.0,-1.0
12.7432,6.15466,0.0,0.0,0.0,-1.0
12.8444,0.00474602,0.0,0.0,0.0,-1.0
11.7718,6.1919,0.0,0.0,0.0,-1.0
11.7718,6.1919,0.0,0.0,0.0,-1.0
12.8444,0.00474602,0.0,0.0,0.0,-1.0
11.4678,0.0426937,0.0,0.0,0.0,-1.0
11.7718,6.1919,0.0,0.0,0.0,-1.0
11.4678,0.0426937,0.0,0.0,0.0,-1.0
10.1036,0.231856,0.0,0.0,0.0,-1.0
24.3227,8.44126,0.0,0.0,0.0,-1.0
23.8045,7.16529,0.0,0.0,0.0,-1.0
18.1907,9.68238,0.0,0.0,0.0,-1.0
18.1907,9.68238,0.0,0.0,0.0,-1.0
23.8045,7.16529,0.0,0.0,0.0,-1.0
23.149,5.95409,0.0,0.0,0.0,-1.0
18.1907,9.68238,0.0,0.0,0.0,-1.0
23.149,5.95409,0.0,0.0,0.0,-1.0
17.6939,8.84673,0.0,0.0,0.0,-1.0
17.6939,8.84673,0.0,0.0,0.0,-1.0
23.149,5.95409,0.0,0.0,0.0,-1.0
22.3643,4.82234,0.0,0.0,0.0,-1.0
17.6939,8.84673,0.0,0.0,0.0,-1.0
22.3643,4.82234,0.0,0.0,0.0,-1.0
17.0753,8.0967,0.0,0.0,0.0,-1.0
17.0753,8.0967,0.0,0.0,0.0,-1.0
22.3643,4.82234,0.0,0.0,0.0,-1.0
21.4598,3.78379,0.0,0.0,0.0,-1.0
17.0753,8.0967,0.0,0.0,0.0,-1.0
21.4598,3.78379,0.0,0.0,0.0,-1.0
16.3495,7.44989,0.0,0.0,0.0,-1.0
15.5335,18.0786,0.0,0.0,0.0,-1.0
19.3369,22.9646,0.0,0.0,0.0,-1.0
16.3495,17.5501,0.0,0.0,0.0,-1.0
16.3495,17.5501,0.0,0.0,0.0,-1.0
19.3369,22.9646,0.0,0.0,0.0,-1.0
20.4465,22.149,0.0,0.0,0.0,-1.0
16.3495,17.5501,0.0,0.0,0.0,-1.0
20.4465,22.149,0.0,0.0,0.0,-1.0
17.0753,16.9033,0.0,0.0,0.0,-1.0
17.0753,16.9033,0.0,0.0,0.0,-1.0
20.4465,22.149,0.0,0.0,0.0,-1.0
21.4598,21.2162,0.0,0.0,0.0,-1.0
17.0753,16.9033,0.0,0.0,0.0,-1.0
21.4598,21.2162,0.0,0.0,0.0,-1.0
17.6939,16.1533,0.0,0.0,0.0,-1.0
17.6939,16.1533,0.0,0.0,0.0,-1.0
21.4598,21.2162,0.0,0.0,0.0,-1.0
22.3643,20.1777,0.0,0.0,0.0,-1.0
17.6939,16.1533,0.0,0.0,0.0,-1.0
22.3643,20.1777,0.0,0.0,0.0,-1.0
23.149,19.0459,0.0,0.0,0.0,-1.0
12.8444,24.9953,0.0,0.0,0.0,-1.0
14.2169,24.8815,0.0,0.0,0.0,-1.0
13.709,18.7338,0.0,0.0,0.0,-1.0
13.709,18.7338,0.0,0.0,0.0,-1.0
14.2169,24.8815,0.0,0.0,0.0,-1.0
15.5686,24.6175,0.0,0.0,0.0,-1.0
13.709,18.7338,0.0,0.0,0.0,-1.0
15.5686,24.6175,0.0,0.0,0.0,-1.0
14.6464,18.4762,0.0,0.0,0.0,-1.0
14.6464,18.4762,0.0,0.0,0.0,-1.0
15.5686,24.6175,0.0,0.0,0.0,-1.0
16.883,24.2064,0.0,0.0,0.0,-1.0
14.6464,18.4762,0.0,0.0,0.0,-1.0
16.883,24.2064,0.0,0.0,0.0,-1.0
15.5335,18.0786,0.0,0.0,0.0,-1.0
15.5335,18.0786,0.0,0.0,0.0,-1.0
16.883,24.2064,0.0,0.0,0.0,-1.0
18.1442,23.6532,0.0,0.0,0.0,-1.0
15.5335,18.0786,0.0,0.0,0.0,-1.0
18.1442,23.6532,0.0,0.0,0.0,-1.0
19.3369,22.9646,0.0,0.0,0.0,-1.0
0.0189813,11.8114,0.0,0.0,0.0,-1.0
0.0189813,13.1886,0.0,0.0,0.0,-1.0
6.16863,12.9861,0.0,0.0,0.0,-1.0
6.16863,12.9861,0.0,0.0,0.0,-1.0
0.0189813,13.1886,0.0,0.0,0.0,-1.0
0.170484,14.5574,0.0,0.0,0.0,-1.0
6.16863,12.9861,0.0,0.0,0.0,-1.0
0.170484,14.5574,0.0,0.0,0.0,-1.0
6.31703,13.9469,0.0,0.0,0.0,-1.0
6.31703,13.9469,0.0,0.0,0.0,-1.0
0.170484,14.5574,0.0,0.0,0.0,-1.0
0.471651,15.9013,0.0,0.0,0.0,-1.0
6.31703,13.9469,0.0,0.0,0.0,-1.0
0.471651,15.9013,0.0,0.0,0.0,-1.0
6.61036,14.8737,0.0,0.0,0.0,-1.0
6.61036,14.8737,0.0,0.0,0.0,-1.0
0.471651,15.9013,0.0,0.0,0.0,-1.0
0.918824,17.2039,0.0,0.0,0.0,-1.0
6.61036,14.8737,0.0,0.0,0.0,-1.0
0.918824,17.2039,0.0,0.0,0.0,-1.0
7.04173,15.745,0.0,0.0,0.0,-1.0
7.04173,15.745,0.0,0.0,0.0,-1.0
0.918824,17.2039,0.0,0.0,0.0,-1.0
1.50658,18.4493,0.0,0.0,0.0,-1.0
7.04173,15.745,0.0,0.0,0.0,-1.0
1.50658,18.4493,0.0,0.0,0.0,-1.0
2.22778,19.6226,0.0,0.0,0.0,-1.0
21.4598,3.78379,0.0,0.0,0.0,-1.0
20.4465,2.85104,0.0,0.0,0.0,-1.0
16.3495,7.44989,0.0,0.0,0.0,-1.0
16.3495,7.44989,0.0,0.0,0.0,-1.0
20.4465,2.85104,0.0,0.0,0.0,-1.0
19.3369,2.03542,0.0,0.0,0.0,-1.0
16.3495,7.44989,0.0,0.0,0.0,-1.0
19.3369,2.03542,0.0,0.0,0.0,-1.0
15.5335,6.92145,0.0,0.0,0.0,-1.0
15.5335,6.92145,0.0,0.0,0.0,-1.0
19.3369,2.03542,0.0,0.0,0.0,-1.0
18.1442,1.34682,0.0,0.0,0.0,-1.0
15.5335,6.92145,0.0,0.0,0.0,-1.0
18.1442,1.34682,0.0,0.0,0.0,-1.0
14.6464,6.52376,0.0,0.0,0.0,-1.0
14.6464,6.52376,0.0,0.0,0.0,-1.0
18.1442,1.34682,0.0,0.0,0.0,-1.0
16.883,0.79361,0.0,0.0,0.0,-1.0
14.6464,6.52376,0.0,0.0,0.0,-1.0
16.883,0.79361,0.0,0.0,0.0,-1.0
15.5686,0.382497,0.0,0.0,0.0,-1.0
18.5541,10.5841,19.05,0.0,0.0,1.0
24.6975,9.76649,19.05,0.0,0.0,1.0
18.7756,11.5307,19.05,0.0,0.0,1.0
18.7756,11.5307,19.05,0.0,0.0,1.0
24.6975,9.76649,19.05,0.0,0.0,1.0
24.9241,11.1249,19.05,0.0,0.0,1.0
18.7756,11.5307,19.05,0.0,0.0,1.0
24.9241,11.1249,19.05,0.0,0.0,1.0
18.85,12.5,19.05,0.0,0.0,1.0
18.85,12.5,19.05,0.0,0.0,1.0
24.9241,11.1249,19.05,0.0,0.0,1.0
25.0,12.5,19.05,0.0,0.0,1.0
18.85,12.5,19.05,0.0,0.0,1.0
25.0,12.5,19.05,0.0,0.0,1.0
18.7756,13.4693,19.05,0.0,0.0,1.0
17.6939,8.84673,19.05,0.0,0.0,1.0
23.149,5.95409,19.05,0.0,0.0,1.0
18.1907,9.68238,19.05,0.0,0.0,1.0
18.1907,9.68238,19.05,0.0,0.0,1.0
23.149,5.95409,19.05,0.0,0.0,1.0
23.8045,7.16529,19.05,0.0,0.0,1.0
18.1907,9.68238,19.05,0.0,0.0,1.0
23.8045,7.16529,19.05,0.0,0.0,1.0
18.5541,10.5841,19.05,0.0,0.0,1.0
18.5541,10.5841,19.05,0.0,0.0,1.0
23.8045,7.16529,19.05,0.0,0.0,1.0
24.3227,8.44126,19.05,0.0,0.0,1.0
18.5541,10.5841,19.05,0.0,0.0,1.0
24.3227,8.44126,19.05,0.0,0.0,1.0
24.6975,9.76649,19.05,0.0,0.0,1.0
15.5335,6.92145,19.05,0.0,0.0,1.0
19.3369,2.03542,19.05,0.0,0.0,1.0
16.3495,7.44989,19.05,0.0,0.0,1.0
16.3495,7.44989,19.05,0.0,0.0,1.0
19.3369,2.03542,19.05,0.0,0.0,1.0
20.4465,2.85104,19.05,0.0,0.0,1.0
16.3495,7.44989,19.05,0.0,0.0,1.0
20.4465,2.85104,19.05,0.0,0.0,1.0
17.0753,8.0967,19.05,0.0,0.0,1.0
17.0753,8.0967,19.05,0.0,0.0,1.0
20.4465,2.85104,19.05,0.0,0.0,1.0
21.4598,3.78379,19.05,0.0,0.0,1.0
17.0753,8.0967,19.05,0.0,0.0,1.0
21.4598,3.78379,19.05,0.0,0.0,1.0
17.6939,8.84673,19.05,0.0,0.0,1.0
17.6939,8.84673,19.05,0.0,0.0,1.0
21.4598,3.78379,19.05,0.0,0.0,1.0
22.3643,4.82234,19.05,0.0,0.0,1.0
17.6939,8.84673,19.05,0.0,0.0,1.0
22.3643,4.82234,19.05,0.0,0.0,1.0
23.149,5.95409,19.05,0.0,0.0,1.0
10.8174,6.37699,19.05,0.0,0.0,1.0
10.1036,0.231856,19.05,0.0,0.0,1.0
11.7718,6.1919,19.05,0.0,0.0,1.0
11.7718,6.1919,19.05,0.0,0.0,1.0
10.1036,0.231856,19.05,0.0,0.0,1.0
11.4678,0.0426937,19.05,0.0,0.0,1.0
11.7718,6.1919,19.05,0.0,0.0,1.0
11.4678,0.0426937,19.05,0.0,0.0,1.0
12.7432,6.15466,19.05,0.0,0.0,1.0
12.7432,6.15466,19.05,0.0,0.0,1.0
11.4678,0.0426937,19.05,0.0,0.0,1.0
12.8444,0.00474602,19.05,0.0,0.0,1.0
12.7432,6.15466,19.05,0.0,0.0,1.0
12.8444,0.00474602,19.05,0.0,0.0,1.0
13.709,6.26615,19.05,0.0,0.0,1.0
8.27518,7.75939,19.05,0.0,0.0,1.0
5.09706,2.42794,19.05,0.0,0.0,1.0
9.04835,7.17003,19.05,0.0,0.0,1.0
9.04835,7.17003,19.05,0.0,0.0,1.0
5.09706,2.42794,19.05,0.0,0.0,1.0
6.25,1.67468,19.05,0.0,0.0,1.0
9.04835,7.17003,19.05,0.0,0.0,1.0
6.25,1.67468,19.05,0.0,0.0,1.0
9.90241,6.7056,19.05,0.0,0.0,1.0
9.90241,6.7056,19.05,0.0,0.0,1.0
6.25,1.67468,19.05,0.0,0.0,1.0
7.47881,1.05283,19.05,0.0,0.0,1.0
9.90241,6.7056,19.05,0.0,0.0,1.0
7.47881,1.05283,19.05,0.0,0.0,1.0
10.8174,6.37699,19.05,0.0,0.0,1.0
10.8174,6.37699,19.05,0.0,0.0,1.0
7.47881,1.05283,19.05,0.0,0.0,1.0
8.76857,0.569938,19.05,0.0,0.0,1.0
10.8174,6.37699,19.05,0.0,0.0,1.0
8.76857,0.569938,19.05,0.0,0.0,1.0
10.1036,0.231856,19.05,0.0,0.0,1.0
11.7718,18.8081,19.05,0.0,0.0,1.0
10.1036,24.7681,19.05,0.0,0.0,1.0
10.8174,18.623,19.05,0.0,0.0,1.0
10.8174,18.623,19.05,0.0,0.0,1.0
10.1036,24.7681,19.05,0.0,0.0,1.0
8.76857,24.4301,19.05,0.0,0.0,1.0
10.8174,18.623,19.05,0.0,0.0,1.0
8.76857,24.4301,19.05,0.0,0.0,1.0
9.90241,18.2944,19.05,0.0,0.0,1.0
9.90241,18.2944,19.05,0.0,0.0,1.0
8.76857,24.4301,19.05,0.0,0.0,1.0
7.47881,23.9472,19.05,0.0,0.0,1.0
9.90241,18.2944,19.05,0.0,0.0,1.0
7.47881,23.9472,19.05,0.0,0.0,1.0
9.04835,17.83,19.05,0.0,0.0,1.0
12.8444,0.00474602,19.05,0.0,0.0,1.0
14.2169,0.118474,19.05,0.0,0.0,1.0
13.709,6.26615,19.05,0.0,0.0,1.0
13.709,6.26615,19.05,0.0,0.0,1.0
14.2169,0.118474,19.05,0.0,0.0,1.0
15.5686,0.382497,19.05,0.0,0.0,1.0
13.709,6.26615,19.05,0.0,0.0,1.0
15.5686,0.382497,19.05,0.0,0.0,1.0
14.6464,6.52376,19.05,0.0,0.0,1.0
14.6464,6.52376,19.05,0.0,0.0,1.0
15.5686,0.382497,19.05,0.0,0.0,1.0
16.883,0.79361,19.05,0.0,0.0,1.0
14.6464,6.52376,19.05,0.0,0.0,1.0
16.883,0.79361,19.05,0.0,0.0,1.0
15.5335,6.92145,19.05,0.0,0.0,1.0
15.5335,6.92145,19.05,0.0,0.0,1.0
16.883,0.79361,19.05,0.0,0.0,1.0
18.1442,1.34682,19.05,0.0,0.0,1.0
15.5335,6.92145,19.05,0.0,0.0,1.0
18.1442,1.34682,19.05,0.0,0.0,1.0
19.3369,2.03542,19.05,0.0,0.0,1.0
7.04173,9.25503,19.05,0.0,0.0,1.0
2.22778,5.3774,19.05,0.0,0.0,1.0
7.60104,8.45986,19.05,0.0,0.0,1.0
7.60104,8.45986,19.05,0.0,0.0,1.0
2.22778,5.3774,19.05,0.0,0.0,1.0
3.07367,4.2906,19.05,0.0,0.0,1.0
7.60104,8.45986,19.05,0.0,0.0,1.0
3.07367,4.2906,19.05,0.0,0.0,1.0
8.27518,7.75939,19.05,0.0,0.0,1.0
8.27518,7.75939,19.05,0.0,0.0,1.0
3.07367,4.2906,19.05,0.0,0.0,1.0
4.03398,3.30345,19.05,0.0,0.0,1.0
8.27518,7.75939,19.05,0.0,0.0,1.0
4.03398,3.30345,19.05,0.0,0.0,1.0
5.09706,2.42794,19.05,0.0,0.0,1.0
14.6464,18.4762,19.05,0.0,0.0,1.0
15.5686,24.6175,19.05,0.0,0.0,1.0
13.709,18.7338,19.05,0.0,0.0,1.0
13.709,18.7338,19.05,0.0,0.0,1.0
15.5686,24.6175,19.05,0.0,0.0,1.0
14.2169,24.8815,19.05,0.0,0.0,1.0
13.709,18.7338,19.05,0.0,0.0,1.0
14.2169,24.8815,19.05,0.0,0.0,1.0
12.7432,18.8453,19.05,0.0,0.0,1.0
12.7432,18.8453,19.05,0.0,0.0,1.0
14.2169,24.8815,19.05,0.0,0.0,1.0
12.8444,24.9953,19.05,0.0,0.0,1.0
12.7432,18.8453,19.05,0.0,0.0,1.0
12.8444,24.9953,19.05,0.0,0.0,1.0
11.7718,18.8081,19.05,0.0,0.0,1.0
11.7718,18.8081,19.05,0.0,0.0,1.0
12.8444,24.9953,19.05,0.0,0.0,1.0
11.4678,24.9573,19.05,0.0,0.0,1.0
11.7718,18.8081,19.05,0.0,0.0,1.0
11.4678,24.9573,19.05,0.0,0.0,1.0
10.1036,24.7681,19.05,0.0,0.0,1.0
6.16863,12.0139,19.05,0.0,0.0,1.0
0.170484,10.4426,19.05,0.0,0.0,1.0
6.31703,11.0531,19.05,0.0,0.0,1.0
6.31703,11.0531,19.05,0.0,0.0,1.0
0.170484,10.4426,19.05,0.0,0.0,1.0
0.471651,9.09871,19.05,0.0,0.0,1.0
6.31703,11.0531,19.05,0.0,0.0,1.0
0.471651,9.09871,19.05,0.0,0.0,1.0
6.61036,10.1263,19.05,0.0,0.0,1.0
6.61036,10.1263,19.05,0.0,0.0,1.0
0.471651,9.09871,19.05,0.0,0.0,1.0
0.918824,7.79613,19.05,0.0,0.0,1.0
6.61036,10.1263,19.05,0.0,0.0,1.0
0.918824,7.79613,19.05,0.0,0.0,1.0
7.04173,9.25503,19.05,0.0,0.0,1.0
7.04173,9.25503,19.05,0.0,0.0,1.0
0.918824,7.79613,19.05,0.0,0.0,1.0
1.50658,6.55066,19.05,0.0,0.0,1.0
7.04173,9.25503,19.05,0.0,0.0,1.0
1.50658,6.55066,19.05,0.0,0.0,1.0
2.22778,5.3774,19.05,0.0,0.0,1.0
6.31703,13.9469,19.05,0.0,0.0,1.0
0.170484,14.5574,19.05,0.0,0.0,1.0
6.16863,12.9861,19.05,0.0,0.0,1.0
6.16863,12.9861,19.05,0.0,0.0,1.0
0.170484,14.5574,19.05,0.0,0.0,1.0
0.0189813,13.1886,19.05,0.0,0.0,1.0
6.16863,12.9861,19.05,0.0,0.0,1.0
0.0189813,13.1886,19.05,0.0,0.0,1.0
6.16863,12.0139,19.05,0.0,0.0,1.0
6.16863,12.0139,19.05,0.0,0.0,1.0
0.0189813,13.1886,19.05,0.0,0.0,1.0
0.0189813,11.8114,19.05,0.0,0.0,1.0
6.16863,12.0139,19.05,0.0,0.0,1.0
0.0189813,11.8114,19.05,0.0,0.0,1.0
0.170484,10.4426,19.05,0.0,0.0,1.0
7.60104,16.5401,19.05,0.0,0.0,1.0
2.22778,19.6226,19.05,0.0,0.0,1.0
7.04173,15.745,19.05,0.0,0.0,1.0
7.04173,15.745,19.05,0.0,0.0,1.0
2.22778,19.6226,19.05,0.0,0.0,1.0
1.50658,18.4493,19.05,0.0,0.0,1.0
7.04173,15.745,19.05,0.0,0.0,1.0
1.50658,18.4493,19.05,0.0,0.0,1.0
6.61036,14.8737,19.05,0.0,0.0,1.0
6.61036,14.8737,19.05,0.0,0.0,1.0
1.50658,18.4493,19.05,0.0,0.0,1.0
0.918824,17.2039,19.05,0.0,0.0,1.0
6.61036,14.8737,19.05,0.0,0.0,1.0
0.918824,17.2039,19.05,0.0,0.0,1.0
6.31703,13.9469,19.05,0.0,0.0,1.0
6.31703,13.9469,19.05,0.0,0.0,1.0
0.918824,17.2039,19.05,0.0,0.0,1.0
0.471651,15.9013,19.05,0.0,0.0,1.0
6.31703,13.9469,19.05,0.0,0.0,1.0
0.471651,15.9013,19.05,0.0,0.0,1.0
0.170484,14.5574,19.05,0.0,0.0,1.0
18.1907,15.3176,19.05,0.0,0.0,1.0
23.149,19.0459,19.05,0.0,0.0,1.0
17.6939,16.1533,19.05,0.0,0.0,1.0
17.6939,16.1533,19.05,0.0,0.0,1.0
23.149,19.0459,19.05,0.0,0.0,1.0
22.3643,20.1777,19.05,0.0,0.0,1.0
17.6939,16.1533,19.05,0.0,0.0,1.0
22.3643,20.1777,19.05,0.0,0.0,1.0
17.0753,16.9033,19.05,0.0,0.0,1.0
17.0753,16.9033,19.05,0.0,0.0,1.0
22.3643,20.1777,19.05,0.0,0.0,1.0
21.4598,21.2162,19.05,0.0,0.0,1.0
17.0753,16.9033,19.05,0.0,0.0,1.0
21.4598,21.2162,19.05,0.0,0.0,1.0
16.3495,17.5501,19.05,0.0,0.0,1.0
25.0,12.5,19.05,0.0,0.0,1.0
24.9241,13.8751,19.05,0.0,0.0,1.0
18.7756,13.4693,19.05,0.0,0.0,1.0
18.7756,13.4693,19.05,0.0,0.0,1.0
24.9241,13.8751,19.05,0.0,0.0,1.0
24.6975,15.2335,19.05,0.0,0.0,1.0
18.7756,13.4693,19.05,0.0,0.0,1.0
24.6975,15.2335,19.05,0.0,0.0,1.0
18.5541,14.4159,19.05,0.0,0.0,1.0
18.5541,14.4159,19.05,0.0,0.0,1.0
24.6975,15.2335,19.05,0.0,0.0,1.0
24.3227,16.5587,19.05,0.0,0.0,1.0
18.5541,14.4159,19.05,0.0,0.0,1.0
24.3227,16.5587,19.05,0.0,0.0,1.0
18.1907,15.3176,19.05,0.0,0.0,1.0
18.1907,15.3176,19.05,0.0,0.0,1.0
24.3227,16.5587,19.05,0.0,0.0,1.0
23.8045,17.8347,19.05,0.0,0.0,1.0
18.1907,15.3176,19.05,0.0,0.0,1.0
23.8045,17.8347,19.05,0.0,0.0,1.0
23.149,19.0459,19.05,0.0,0.0,1.0
21.4598,21.2162,19.05,0.0,0.0,1.0
20.4465,22.149,19.05,0.0,0.0,1.0
16.3495,17.5501,19.05,0.0,0.0,1.0
16.3495,17.5501,19.05,0.0,0.0,1.0
20.4465,22.149,19.05,0.0,0.0,1.0
19.3369,22.9646,19.05,0.0,0.0,1.0
16.3495,17.5501,19.05,0.0,0.0,1.0
19.3369,22.9646,19.05,0.0,0.0,1.0
15.5335,18.0786,19.05,0.0,0.0,1.0
15.5335,18.0786,19.05,0.0,0.0,1.0
19.3369,22.9646,19.05,0.0,0.0,1.0
18.1442,23.6532,19.05,0.0,0.0,1.0
15.5335,18.0786,19.05,0.0,0.0,1.0
18.1442,23.6532,19.05,0.0,0.0,1.0
14.6464,18.4762,19.05,0.0,0.0,1.0
14.6464,18.4762,19.05,0.0,0.0,1.0
18.1442,23.6532,19.05,0.0,0.0,1.0
16.883,24.2064,19.05,0.0,0.0,1.0
14.6464,18.4762,19.05,0.0,0.0,1.0
16.883,24.2064,19.05,0.0,0.0,1.0
15.5686,24.6175,19.05,0.0,0.0,1.0
7.47881,23.9472,19.05,0.0,0.0,1.0
6.25,23.3253,19.05,0.0,0.0,1.0
9.04835,17.83,19.05,0.0,0.0,1.0
9.04835,17.83,19.05,0.0,0.0,1.0
6.25,23.3253,19.05,0.0,0.0,1.0
5.09706,22.5721,19.05,0.0,0.0,1.0
9.04835,17.83,19.05,0.0,0.0,1.0
5.09706,22.5721,19.05,0.0,0.0,1.0
8.27518,17.2406,19.05,0.0,0.0,1.0
8.27518,17.2406,19.05,0.0,0.0,1.0
5.09706,22.5721,19.05,0.0,0.0,1.0
4.03398,21.6965,19.05,0.0,0.0,1.0
8.27518,17.2406,19.05,0.0,0.0,1.0
4.03398,21.6965,19.05,0.0,0.0,1.0
7.60104,16.5401,19.05,0.0,0.0,1.0
7.60104,16.5401,19.05,0.0,0.0,1.0
4.03398,21.6965,19.05,0.0,0.0,1.0
3.07367,20.7094,19.05,0.0,0.0,1.0
7.60104,16.5401,19.05,0.0,0.0,1.0
3.07367,20.7094,19.05,0.0,0.0,1.0
2.22778,19.6226,19.05,0.0,0.0,1.0
24.9241,13.8751,19.05,0.986361,0.164595,0.0
24.9241,13.8751,0.0,0.986361,0.164595,0.0
24.6975,15.2335,19.05,0.986361,0.164595,0.0
24.6975,15.2335,19.05,0.986361,0.164595,0.0
24.9241,13.8751,0.0,0.986361,0.164595,0.0
24.6975,15.2335,0.0,0.986361,0.164595,0.0
24.6975,15.2335,19.05,0.962268,0.272104,0.0
24.6975,15.2335,0.0,0.962268,0.272104,0.0
24.3227,16.5587,19.05,0.962268,0.272104,0.0
24.3227,16.5587,19.05,0.962268,0.272104,0.0
24.6975,15.2335,0.0,0.962268,0.272104,0.0
24.3227,16.5587,0.0,0.962268,0.272104,0.0
24.3227,16.5587,19.05,0.926494,0.376309,0.0
24.3227,16.5587,0.0,0.926494,0.376309,0.0
23.8045,17.8347,19.05,0.926494,0.376309,0.0
23.8045,17.8347,19.05,0.926494,0.376309,0.0
24.3227,16.5587,0.0,0.926494,0.376309,0.0
23.8045,17.8347,0.0,0.926494,0.376309,0.0
23.8045,17.8347,19.05,0.879474,0.475947,0.0
23.8045,17.8347,0.0,0.879474,0.475947,0.0
23.149,19.0459,19.05,0.879474,0.475947,0.0
23.149,19.0459,19.05,0.879474,0.475947,0.0
23.8045,17.8347,0.0,0.879474,0.475947,0.0
23.149,19.0459,0.0,0.879474,0.475947,0.0
23.149,19.0459,19.05,0.821778,0.569808,0.0
23.149,19.0459,0.0,0.821778,0.569808,0.0
22.3643,20.1777,19.05,0.821778,0.569808,0.0
22.3643,20.1777,19.05,0.821778,0.569808,0.0
23.149,19.0459,0.0,0.821778,0.569808,0.0
22.3643,20.1777,0.0,0.821778,0.569808,0.0
22.3643,20.1777,19.05,0.754106,0.656753,0.0
22.3643,20.1777,0.0,0.754106,0.656753,0.0
21.4598,21.2162,19.05,0.754106,0.656753,0.0
21.4598,21.2162,19.05,0.754106,0.656753,0.0
22.3643,20.1777,0.0,0.754106,0.656753,0.0
21.4598,21.2162,0.0,0.754106,0.656753,0.0
21.4598,21.2162,19.05,0.677283,0.735723,0.0
21.4598,21.2162,0.0,0.677283,0.735723,0.0
20.4465,22.149,19.05,0.677283,0.735723,0.0
20.4465,22.149,19.05,0.677283,0.735723,0.0
21.4598,21.2162,0.0,0.677283,0.735723,0.0
20.4465,22.149,0.0,0.677283,0.735723,0.0
20.4465,22.149,19.05,0.592235,0.805765,0.0
20.4465,22.149,0.0,0.592235,0.805765,0.0
19.3369,22.9646,19.05,0.592235,0.805765,0.0
19.3369,22.9646,19.05,0.592235,0.805765,0.0
20.4465,22.149,0.0,0.592235,0.805765,0.0
19.3369,22.9646,0.0,0.592235,0.805765,0.0
19.3369,22.9646,19.05,0.5,0.866025,0.0
19.3369,22.9646,0.0,0.5,0.866025,0.0
18.1442,23.6532,19.05,0.5,0.866025,0.0
18.1442,23.6532,19.05,0.5,0.866025,0.0
19.3369,22.9646,0.0,0.5,0.866025,0.0
18.1442,23.6532,0.0,0.5,0.866025,0.0
18.1442,23.6532,19.05,0.401694,0.915774,0.0
18.1442,23.6532,0.0,0.401694,0.915774,0.0
16.883,24.2064,19.05,0.401694,0.915774,0.0
16.883,24.2064,19.05,0.401694,0.915774,0.0
18.1442,23.6532,0.0,0.401694,0.915774,0.0
16.883,24.2064,0.0,0.401694,0.915774,0.0
16.883,24.2064,19.05,0.298516,0.954405,0.0
16.883,24.2064,0.0,0.298516,0.954405,0.0
15.5686,24.6175,19.05,0.298516,0.954405,0.0
15.5686,24.6175,19.05,0.298516,0.954405,0.0
16.883,24.2064,0.0,0.298516,0.954405,0.0
15.5686,24.6175,0.0,0.298516,0.954405,0.0
15.5686,24.6175,19.05,0.191711,0.981451,0.0
15.5686,24.6175,0.0,0.191711,0.981451,0.0
14.2169,24.8815,19.05,0.191711,0.981451,0.0
14.2169,24.8815,19.05,0.191711,0.981451,0.0
15.5686,24.6175,0.0,0.191711,0.981451,0.0
14.2169,24.8815,0.0,0.191711,0.981451,0.0
14.2169,24.8815,19.05,0.0825792,0.996585,0.0
14.2169,24.8815,0.0,0.0825792,0.996585,0.0
12.8444,24.9953,19.05,0.0825792,0.996585,0.0
12.8444,24.9953,19.05,0.0825792,0.996585,0.0
14.2169,24.8815,0.0,0.0825792,0.996585,0.0
12.8444,24.9953,0.0,0.0825792,0.996585,0.0
12.8444,24.9953,19.05,-0.027555,0.99962,0.0
12.8444,24.9953,0.0,-0.027555,0.99962,0.0
11.4678,24.9573,19.05,-0.027555,0.99962,0.0
11.4678,24.9573,19.05,-0.027555,0.99962,0.0
12.8444,24.9953,0.0,-0.027555,0.99962,0.0
11.4678,24.9573,0.0,-0.027555,0.99962,0.0
11.4678,24.9573,19.05,-0.137353,0.990522,0.0
11.4678,24.9573,0.0,-0.137353,0.990522,0.0
10.1036,24.7681,19.05,-0.137353,0.990522,0.0
10.1036,24.7681,19.05,-0.137353,0.990522,0.0
11.4678,24.9573,0.0,-0.137353,0.990522,0.0
10.1036,24.7681,0.0,-0.137353,0.990522,0.0
10.1036,24.7681,19.05,-0.245486,0.9694,0.0
10.1036,24.7681,0.0,-0.245486,0.9694,0.0
8.76857,24.4301,19.05,-0.245486,0.9694,0.0
8.76857,24.4301,19.05,-0.245486,0.9694,0.0
10.1036,24.7681,0.0,-0.245486,0.9694,0.0
8.76857,24.4301,0.0,-0.245486,0.9694,0.0
8.76857,24.4301,19.05,-0.350637,0.936511,0.0
8.76857,24.4301,0.0,-0.350637,0.936511,0.0
7.47881,23.9472,19.05,-0.350637,0.936511,0.0
7.47881,23.9472,19.05,-0.350637,0.936511,0.0
8.76857,24.4301,0.0,-0.350637,0.936511,0.0
7.47881,23.9472,0.0,-0.350637,0.936511,0.0
7.47881,23.9472,19.05,-0.451534,0.892254,0.0
7.47881,23.9472,0.0,-0.451534,0.892254,0.0
6.25,23.3253,19.05,-0.451534,0.892254,0.0
6.25,23.3253,19.05,-0.451534,0.892254,0.0
7.47881,23.9472,0.0,-0.451534,0.892254,0.0
6.25,23.3253,0.0,-0.451534,0.892254,0.0
6.25,23.3253,19.05,-0.546948,0.837166,0.0
6.25,23.3253,0.0,-0.546948,0.837166,0.0
5.09706,22.5721,19.05,-0.546948,0.837166,0.0
5.09706,22.5721,19.05,-0.546948,0.837166,0.0
6.25,23.3253,0.0,-0.546948,0.837166,0.0
5.09706,22.5721,0.0,-0.546948,0.837166,0.0
5.09706,22.5721,19.05,-0.635724,0.771917,0.0
5.09706,22.5721,0.0,-0.635724,0.771917,0.0
4.03398,21.6965,19.05,-0.635724,0.771917,0.0
4.03398,21.6965,19.05,-0.635724,0.771917,0.0
5.09706,22.5721,0.0,-0.635724,0.771917,0.0
4.03398,21.6965,0.0,-0.635724,0.771917,0.0
4.03398,21.6965,19.05,-0.716783,0.697296,0.0
4.03398,21.6965,0.0,-0.716783,0.697296,0.0
3.07367,20.7094,19.05,-0.716783,0.697296,0.0
3.07367,20.7094,19.05,-0.716783,0.697296,0.0
4.03398,21.6965,0.0,-0.716783,0.697296,0.0
3.07367,20.7094,0.0,-0.716783,0.697296,0.0
3.07367,20.7094,19.05,-0.78914,0.614214,0.0
3.07367,20.7094,0.0,-0.78914,0.614214,0.0
2.22778,19.6226,19.05,-0.78914,0.614214,0.0
2.22778,19.6226,19.05,-0.78914,0.614214,0.0
3.07367,20.7094,0.0,-0.78914,0.614214,0.0
2.22778,19.6226,0.0,-0.78914,0.614214,0.0
2.22778,19.6226,19.05,-0.851919,0.523673,0.0
2.22778,19.6226,0.0,-0.851919,0.523673,0.0
1.50658,18.4493,19.05,-0.851919,0.523673,0.0
1.50658,18.4493,19.05,-0.851919,0.523673,0.0
2.22778,19.6226,0.0,-0.851919,0.523673,0.0
1.50658,18.4493,0.0,-0.851919,0.523673,0.0
1.50658,18.4493,19.05,-0.904357,0.426776,0.0
1.50658,18.4493,0.0,-0.904357,0.426776,0.0
0.918824,17.2039,19.05,-0.904357,0.426776,0.0
0.918824,17.2039,19.05,-0.904357,0.426776,0.0
1.50658,18.4493,0.0,-0.904357,0.426776,0.0
0.918824,17.2039,0.0,-0.904357,0.426776,0.0
0.918824,17.2039,19.05,-0.945817,0.324699,0.0
0.918824,17.2039,0.0,-0.945817,0.324699,0.0
0.471651,15.9013,19.05,-0.945817,0.324699,0.0
0.471651,15.9013,19.05,-0.945817,0.324699,0.0
0.918824,17.2039,0.0,-0.945817,0.324699,0.0
0.471651,15.9013,0.0,-0.945817,0.324699,0.0
0.471651,15.9013,19.05,-0.975796,0.218681,0.0
0.471651,15.9013,0.0,-0.975796,0.218681,0.0
0.170484,14.5574,19.05,-0.975796,0.218681,0.0
0.170484,14.5574,19.05,-0.975796,0.218681,0.0
0.471651,15.9013,0.0,-0.975796,0.218681,0.0
0.170484,14.5574,0.0,-0.975796,0.218681,0.0
0.170484,14.5574,19.05,-0.993931,0.110008,0.0
0.170484,14.5574,0.0,-0.993931,0.110008,0.0
0.0189813,13.1886,19.05,-0.993931,0.110008,0.0
0.0189813,13.1886,19.05,-0.993931,0.110008,0.0
0.170484,14.5574,0.0,-0.993931,0.110008,0.0
0.0189813,13.1886,0.0,-0.993931,0.110008,0.0
0.0189813,13.1886,19.05,-1.0,0.0,0.0
0.0189813,13.1886,0.0,-1.0,0.0,0.0
0.0189813,11.8114,19.05,-1.0,0.0,0.0
0.0189813,11.8114,19.05,-1.0,0.0,0.0
0.0189813,13.1886,0.0,-1.0,0.0,0.0
0.0189813,11.8114,0.0,-1.0,0.0,0.0
0.0189813,11.8114,19.05,-0.993931,-0.110008,0.0
0.0189813,11.8114,0.0,-0.993931,-0.110008,0.0
0.170484,10.4426,19.05,-0.993931,-0.110008,0.0
0.170484,10.4426,19.05,-0.993931,-0.110008,0.0
0.0189813,11.8114,0.0,-0.993931,-0.110008,0.0
0.170484,10.4426,0.0,-0.993931,-0.110008,0.0
0.170484,10.4426,19.05,-0.975796,-0.218681,0.0
0.170484,10.4426,0.0,-0.975796,-0.218681,0.0
0.471651,9.09871,19.05,-0.975796,-0.218681,0.0
0.471651,9.09871,19.05,-0.975796,-0.218681,0.0
0.170484,10.4426,0.0,-0.975796,-0.218681,0.0
0.471651,9.09871,0.0,-0.975796,-0.218681,0.0
0.471651,9.09871,19.05,-0.945817,-0.324699,0.0
0.471651,9.09871,0.0,-0.945817,-0.324699,0.0
0.918824,7.79613,19.05,-0.945817,-0.324699,0.0
0.918824,7.79613,19.05,-0.945817,-0.324699,0.0
0.471651,9.09871,0.0,-0.945817,-0.324699,0.0
0.918824,7.79613,0.0,-0.945817,-0.324699,0.0
0.918824,7.79613,19.05,-0.904357,-0.426776,0.0
0.918824,7.79613,0.0,-0.904357,-0.426776,0.0
1.50658,6.55066,19.05,-0.904357,-0.426776,0.0
1.50658,6.55066,19.05,-0.904357,-0.426776,0.0
0.918824,7.79613,0.0,-0.904357,-0.426776,0.0
1.50658,6.55066,0.0,-0.904357,-0.426776,0.0
1.50658,6.55066,19.05,-0.851919,-0.523673,0.0
1.50658,6.55066,0.0,-0.851919,-0.523673,0.0
2.22778,5.3774,19.05,-0.851919,-0.523673,0.0
2.22778,5.3774,19.05,-0.851919,-0.523673,0.0
1.50658,6.55066,0.0,-0.851919,-0.523673,0.0
2.22778,5.3774,0.0,-0.851919,-0.523673,0.0
2.22778,5.3774,19.05,-0.789141,-0.614213,0.0
2.22778,5.3774,0.0,-0.789141,-0.614213,0.0
3.07367,4.2906,19.05,-0.789141,-0.614213,0.0
3.07367,4.2906,19.05,-0.789141,-0.614213,0.0
2.22778,5.3774,0.0,-0.789141,-0.614213,0.0
3.07367,4.2906,0.0,-0.789141,-0.614213,0.0
3.07367,4.2906,19.05,-0.716782,-0.697297,0.0
3.07367,4.2906,0.0,-0.716782,-0.697297,0.0
4.03398,3.30345,19.05,-0.716782,-0.697297,0.0
4.03398,3.30345,19.05,-0.716782,-0.697297,0.0
3.07367,4.2906,0.0,-0.716782,-0.697297,0.0
4.03398,3.30345,0.0,-0.716782,-0.697297,0.0
4.03398,3.30345,19.05,-0.635724,-0.771917,0.0
4.03398,3.30345,0.0,-0.635724,-0.771917,0.0
5.09706,2.42794,19.05,-0.635724,-0.771917,0.0
5.09706,2.42794,19.05,-0.635724,-0.771917,0.0
4.03398,3.30345,0.0,-0.635724,-0.771917,0.0
5.09706,2.42794,0.0,-0.635724,-0.771917,0.0
5.09706,2.42794,19.05,-0.546948,-0.837166,0.0
5.09706,2.42794,0.0,-0.546948,-0.837166,0.0
6.25,1.67468,19.05,-0.546948,-0.837166,0.0
6.25,1.67468,19.05,-0.546948,-0.837166,0.0
5.09706,2.42794,0.0,-0.546948,-0.837166,0.0
6.25,1.67468,0.0,-0.546948,-0.837166,0.0
6.25,1.67468,19.05,-0.451534,-0.892254,0.0
6.25,1.67468,0.0,-0.451534,-0.892254,0.0
7.47881,1.05283,19.05,-0.451534,-0.892254,0.0
7.47881,1.05283,19.05,-0.451534,-0.892254,0.0
6.25,1.67468,0.0,-0.451534,-0.892254,0.0
7.47881,1.05283,0.0,-0.451534,-0.892254,0.0
7.47881,1.05283,19.05,-0.350637,-0.936511,0.0
7.47881,1.05283,0.0,-0.350637,-0.936511,0.0
8.76857,0.569938,19.05,-0.350637,-0.936511,0.0
8.76857,0.569938,19.05,-0.350637,-0.936511,0.0
7.47881,1.05283,0.0,-0.350637,-0.936511,0.0
8.76857,0.569938,0.0,-0.350637,-0.936511,0.0
8.76857,0.569938,19.05,-0.245486,-0.9694,0.0
8.76857,0.569938,0.0,-0.245486,-0.9694,0.0
10.1036,0.231856,19.05,-0.245486,-0.9694,0.0
10.1036,0.231856,19.05,-0.245486,-0.9694,0.0
8.76857,0.569938,0.0,-0.245486,-0.9694,0.0
10.1036,0.231856,0.0,-0.245486,-0.9694,0.0
10.1036,0.231856,19.05,-0.137354,-0.990522,0.0
10.1036,0.231856,0.0,-0.137354,-0.990522,0.0
11.4678,0.0426937,19.05,-0.137354,-0.990522,0.0
11.4678,0.0426937,19.05,-0.137354,-0.990522,0.0
10.1036,0.231856,0.0,-0.137354,-0.990522,0.0
11.4678,0.0426937,0.0,-0.137354,-0.990522,0.0
11.4678,0.0426937,19.05,-0.0275543,-0.99962,0.0
11.4678,0.0426937,0.0,-0.0275543,-0.99962,0.0
12.8444,0.00474602,19.05,-0.0275543,-0.99962,0.0
12.8444,0.00474602,19.05,-0.0275543,-0.99962,0.0
11.4678,0.0426937,0.0,-0.0275543,-0.99962,0.0
12.8444,0.00474602,0.0,-0.0275543,-0.99962,0.0
12.8444,0.00474602,19.05,0.0825798,-0.996584,0.0
12.8444,0.00474602,0.0,0.0825798,-0.996584,0.0
14.2169,0.118474,19.05,0.0825798,-0.996584,0.0
14.2169,0.118474,19.05,0.0825798,-0.996584,0.0
12.8444,0.00474602,0.0,0.0825798,-0.996584,0.0
14.2169,0.118474,0.0,0.0825798,-0.996584,0.0
14.2169,0.118474,19.05,0.19171,-0.981452,0.0
14.2169,0.118474,0.0,0.19171,-0.981452,0.0
15.5686,0.382497,19.05,0.19171,-0.981452,0.0
15.5686,0.382497,19.05,0.19171,-0.981452,0.0
14.2169,0.118474,0.0,0.19171,-0.981452,0.0
15.5686,0.382497,0.0,0.19171,-0.981452,0.0
15.5686,0.382497,19.05,0.298515,-0.954405,0.0
15.5686,0.382497,0.0,0.298515,-0.954405,0.0
16.883,0.79361,19.05,0.298515,-0.954405,0.0
16.883,0.79361,19.05,0.298515,-0.954405,0.0
15.5686,0.382497,0.0,0.298515,-0.954405,0.0
16.883,0.79361,0.0,0.298515,-0.954405,0.0
16.883,0.79361,19.05,0.401695,-0.915774,0.0
16.883,0.79361,0.0,0.401695,-0.915774,0.0
18.1442,1.34682,19.05,0.401695,-0.915774,0.0
18.1442,1.34682,19.05,0.401695,-0.915774,0.0
16.883,0.79361,0.0,0.401695,-0.915774,0.0
18.1442,1.34682,0.0,0.401695,-0.915774,0.0
18.1442,1.34682,19.05,0.500001,-0.866025,0.0
18.1442,1.34682,0.0,0.500001,-0.866025,0.0
19.3369,2.03542,19.05,0.500001,-0.866025,0.0
19.3369,2.03542,19.05,0.500001,-0.866025,0.0
18.1442,1.34682,0.0,0.500001,-0.866025,0.0
19.3369,2.03542,0.0,0.500001,-0.866025,0.0
19.3369,2.03542,19.05,0.592236,-0.805765,0.0
19.3369,2.03542,0.0,0.592236,-0.805765,0.0
20.4465,2.85104,19.05,0.592236,-0.805765,0.0
20.4465,2.85104,19.05,0.592236,-0.805765,0.0
19.3369,2.03542,0.0,0.592236,-0.805765,0.0
20.4465,2.85104,0.0,0.592236,-0.805765,0.0
20.4465,2.85104,19.05,0.677282,-0.735723,0.0
20.4465,2.85104,0.0,0.677282,-0.735723,0.0
21.4598,3.78379,19.05,0.677282,-0.735723,0.0
21.4598,3.78379,19.05,0.677282,-0.735723,0.0
20.4465,2.85104,0.0,0.677282,-0.735723,0.0
21.4598,3.78379,0.0,0.677282,-0.735723,0.0
21.4598,3.78379,19.05,0.754105,-0.656753,0.0
21.4598,3.78379,0.0,0.754105,-0.656753,0.0
22.3643,4.82234,19.05,0.754105,-0.656753,0.0
22.3643,4.82234,19.05,0.754105,-0.656753,0.0
21.4598,3.78379,0.0,0.754105,-0.656753,0.0
22.3643,4.82234,0.0,0.754105,-0.656753,0.0
22.3643,4.82234,19.05,0.821778,-0.569807,0.0
22.3643,4.82234,0.0,0.821778,-0.569807,0.0
23.149,5.95409,19.05,0.821778,-0.569807,0.0
23.149,5.95409,19.05,0.821778,-0.569807,0.0
22.3643,4.82234,0.0,0.821778,-0.569807,0.0
23.149,5.95409,0.0,0.821778,-0.569807,0.0
23.149,5.95409,19.05,0.879474,-0.475947,0.0
23.149,5.95409,0.0,0.879474,-0.475947,0.0
23.8045,7.16529,19.05,0.879474,-0.475947,0.0
23.8045,7.16529,19.05,0.879474,-0.475947,0.0
23.149,5.95409,0.0,0.879474,-0.475947,0.0
23.8045,7.16529,0.0,0.879474,-0.475947,0.0
23.8045,7.16529,19.05,0.926494,-0.376308,0.0
23.8045,7.16529,0.0,0.926494,-0.376308,0.0
24.3227,8.44126,19.05,0.926494,-0.376308,0.0
24.3227,8.44126,19.05,0.926494,-0.376308,0.0
23.8045,7.16529,0.0,0.926494,-0.376308,0.0
24.3227,8.44126,0.0,0.926494,-0.376308,0.0
24.3227,8.44126,19.05,0.962268,-0.272104,0.0
24.3227,8.44126,0.0,0.962268,-0.272104,0.0
24.6975,9.76649,19.05,0.962268,-0.272104,0.0
24.6975,9.76649,19.05,0.962268,-0.272104,0.0
24.3227,8.44126,0.0,0.962268,-0.272104,0.0
24.6975,9.76649,0.0,0.962268,-0.272104,0.0
24.6975,9.76649,19.05,0.986361,-0.164595,0.0
24.6975,9.76649,0.0,0.986361,-0.164595,0.0
24.9241,11.1249,19.05,0.986361,-0.164595,0.0
24.9241,11.1249,19.05,0.986361,-0.164595,0.0
24.6975,9.76649,0.0,0.986361,-0.164595,0.0
24.9241,11.1249,0.0,0.986361,-0.164595,0.0
24.9241,11.1249,19.05,0.998482,-0.0550879,0.0
24.9241,11.1249,0.0,0.998482,-0.0550879,0.0
25.0,12.5,19.05,0.998482,-0.0550879,0.0
25.0,12.5,19.05,0.998482,-0.0550879,0.0
24.9241,11.1249,0.0,0.998482,-0.0550879,0.0
25.0,12.5,0.0,0.998482,-0.0550879,0.0
25.0,12.5,19.05,0.998482,0.0550879,0.0
25.0,12.5,0.0,0.998482,0.0550879,0.0
24.9241,13.8751,19.05,0.998482,0.0550879,0.0
24.9241,13.8751,19.05,0.998482,0.0550879,0.0
25.0,12.5,0.0,0.998482,0.0550879,0.0
24.9241,13.8751,0.0,0.998482,0.0550879,0.0
