0.0,0.5,0.2,-1.0,4.087799e-13,-3.597263e-12
6.384476e-14,0.06172797,0.1324482,-1.0,4.087799e-13,-3.597263e-12
0.0,0.06,0.15,-1.0,4.087799e-13,-3.597263e-12
0.004567185,0.0370391,0.15,-0.9806046,-0.1950534,-0.01920302
0.0,0.06,0.15,-0.9806046,-0.1950534,-0.01920302
6.384476e-14,0.06172797,0.1324482,-0.9806046,-0.1950534,-0.01920302
0.0,0.06,0.2,-1.0,0.0,0.0
0.0,0.5,0.2,-1.0,0.0,0.0
0.0,0.06,0.15,-1.0,0.0,0.0
0.004567185,0.0370391,0.15,-0.9807855,-0.1950894,0.0
0.0,0.06,0.2,-0.9807855,-0.1950894,0.0
0.0,0.06,0.15,-0.9807855,-0.1950894,0.0
0.0,0.5,0.2,-1.0,-6.959884e-13,3.570408e-12
0.0,0.06684834,0.1155647,-1.0,-6.959884e-13,3.570408e-12
6.384476e-14,0.06172797,0.1324482,-1.0,-6.959884e-13,3.570408e-12
0.004567185,0.0425678,0.1150932,-0.9814374,-0.1835281,-0.05565964
6.384476e-14,0.06172797,0.1324482,-0.9814374,-0.1835281,-0.05565964
0.0,0.06684834,0.1155647,-0.9814374,-0.1835281,-0.05565964
0.004567185,0.0425678,0.1150932,-0.9784443,-0.2039685,-0.03230544
0.004567185,0.0370391,0.15,-0.9784443,-0.2039685,-0.03230544
6.384476e-14,0.06172797,0.1324482,-0.9784443,-0.2039685,-0.03230544
0.0,0.5,0.2,-1.0,4.721399e-16,-2.42207e-15
4.163336e-17,0.07516858,0.09999741,-1.0,4.721399e-16,-2.42207e-15
0.0,0.06684834,0.1155647,-1.0,4.721399e-16,-2.42207e-15
0.004567185,0.0425678,0.1150932,-0.9784384,-0.1821542,-0.09735592
0.0,0.06684834,0.1155647,-0.9784384,-0.1821542,-0.09735592
4.163336e-17,0.07516858,0.09999741,-0.9784384,-0.1821542,-0.09735592
0.0,0.5,0.2,-1.0,-6.842986e-16,2.490718e-15
0.0,0.08636319,0.0863576,-1.0,-6.842986e-16,2.490718e-15
4.163336e-17,0.07516858,0.09999741,-1.0,-6.842986e-16,2.490718e-15
0.004567185,0.05861271,0.08360325,-0.9811657,-0.1493171,-0.1225491
4.163336e-17,0.07516858,0.09999741,-0.9811657,-0.1493171,-0.1225491
0.0,0.08636319,0.0863576,-0.9811657,-0.1493171,-0.1225491
0.004567185,0.05861271,0.08360325,-0.9794763,-0.1795909,-0.09150612
0.004567185,0.0425678,0.1150932,-0.9794763,-0.1795909,-0.09150612
4.163336e-17,0.07516858,0.09999741,-0.9794763,-0.1795909,-0.09150612
0.0,0.5,0.2,-1.0,3.77707e-14,-1.374782e-13
2.053913e-15,0.1000028,0.07516502,-1.0,3.77707e-14,-1.374782e-13
0.0,0.08636319,0.0863576,-1.0,3.77707e-14,-1.374782e-13
0.004567185,0.08360325,0.05861271,-0.9811664,-0.1225347,-0.1493241
0.0,0.08636319,0.0863576,-0.9811664,-0.1225347,-0.1493241
2.053913e-15,0.1000028,0.07516502,-0.9811664,-0.1225347,-0.1493241
0.004567185,0.08360325,0.05861271,-0.9783105,-0.1464727,-0.1464727
0.004567185,0.05861271,0.08360325,-0.9783105,-0.1464727,-0.1464727
0.0,0.08636319,0.0863576,-0.9783105,-0.1464727,-0.1464727
0.0,0.5,0.2,-1.0,-5.188989e-14,1.49813e-13
0.0,0.1155689,0.06684671,-1.0,-5.188989e-14,1.49813e-13
2.053913e-15,0.1000028,0.07516502,-1.0,-5.188989e-14,1.49813e-13
0.004567185,0.08360325,0.05861271,-0.9797139,-0.09445142,-0.1767473
2.053913e-15,0.1000028,0.07516502,-0.9797139,-0.09445142,-0.1767473
0.0,0.1155689,0.06684671,-0.9797139,-0.09445142,-0.1767473
0.0,0.5,0.2,-1.0,2.034822e-12,-5.874799e-12
6.442763e-14,0.1324512,0.06172738,-1.0,2.034822e-12,-5.874799e-12
0.0,0.1155689,0.06684671,-1.0,2.034822e-12,-5.874799e-12
0.004567185,0.1150932,0.0425678,-0.9814373,-0.05565315,-0.1835309
0.0,0.1155689,0.06684671,-0.9814373,-0.05565315,-0.1835309
6.442763e-14,0.1324512,0.06172738,-0.9814373,-0.05565315,-0.1835309
0.004567185,0.1150932,0.0425678,-0.9788426,-0.09289321,-0.1823132
0.004567185,0.08360325,0.05861271,-0.9788426,-0.09289321,-0.1823132
0.0,0.1155689,0.06684671,-0.9788426,-0.09289321,-0.1823132
0.0,0.5,0.2,-1.0,-2.946308e-12,7.365769e-12
0.0,0.15,0.06,-1.0,-2.946308e-12,7.365769e-12
6.442763e-14,0.1324512,0.06172738,-1.0,-2.946308e-12,7.365769e-12
0.004567185,0.1150932,0.0425678,-0.9766616,-0.02104013,-0.2137509
6.442763e-14,0.1324512,0.06172738,-0.9766616,-0.02104013,-0.2137509
0.0,0.15,0.06,-0.9766616,-0.02104013,-0.2137509
0.0,0.5,0.2,-1.0,0.0,0.0
0.0,0.2371832,0.06,-1.0,0.0,0.0
0.0,0.15,0.06,-1.0,0.0,0.0
0.0004866653,0.2707069,0.05234668,-0.9979843,0.0,-0.0634606
0.0,0.15,0.06,-0.9979843,0.0,-0.0634606
0.0,0.2371832,0.06,-0.9979843,0.0,-0.0634606
0.001734436,0.2999431,0.04567218,-0.9735613,-0.01054253,-0.2281826
0.0,0.15,0.06,-0.9735613,-0.01054253,-0.2281826
0.0004866653,0.2707069,0.05234668,-0.9735613,-0.01054253,-0.2281826
0.003510673,0.3257582,0.0397787,-0.9179265,-0.02720435,-0.3958166
0.0,0.15,0.06,-0.9179265,-0.02720435,-0.3958166
0.001734436,0.2999431,0.04567218,-0.9179265,-0.02720435,-0.3958166
0.004567185,0.15,0.0370391,-0.9807815,-0.002854731,-0.1950886
0.0,0.15,0.06,-0.9807815,-0.002854731,-0.1950886
0.003510673,0.3257582,0.0397787,-0.9807815,-0.002854731,-0.1950886
0.004567185,0.15,0.0370391,-0.9803176,-0.03088439,-0.1949963
0.004567185,0.1150932,0.0425678,-0.9803176,-0.03088439,-0.1949963
0.0,0.15,0.06,-0.9803176,-0.03088439,-0.1949963
0.0,2.384881,-0.1636212,-1.0,0.0,0.0
0.0,2.74,-0.5113829,-1.0,0.0,0.0
0.0,0.2371832,0.06,-1.0,0.0,0.0
0.0004866653,0.2707069,0.05234668,1.110781e-14,-0.2225695,-0.9749168
0.0,0.2371832,0.06,1.110781e-14,-0.2225695,-0.9749168
0.0,2.74,-0.5113829,1.110781e-14,-0.2225695,-0.9749168
0.0,0.8294801,0.1914704,-1.0,0.0,0.0
0.0,2.384881,-0.1636212,-1.0,0.0,0.0
0.0,0.2371832,0.06,-1.0,0.0,0.0
0.0,0.7045463,0.2367641,-1.0,0.0,0.0
0.0,0.8294801,0.1914704,-1.0,0.0,0.0
0.0,0.2371832,0.06,-1.0,0.0,0.0
0.0,0.7023097,0.2379109,-1.0,0.0,0.0
0.0,0.7045463,0.2367641,-1.0,0.0,0.0
0.0,0.2371832,0.06,-1.0,0.0,0.0
0.0,0.5,0.2,-1.0,0.0,0.0
0.0,0.7023097,0.2379109,-1.0,0.0,0.0
0.0,0.2371832,0.06,-1.0,0.0,0.0
0.0,2.55267,-0.1102824,-1.0,0.0,0.0
0.0,2.74,0.09872155,-1.0,0.0,0.0
0.0,2.74,-0.5113829,-1.0,0.0,0.0
0.17,2.74,-0.5113829,0.0,1.0,0.0
0.0,2.74,-0.5113829,0.0,1.0,0.0
0.0,2.74,0.09872155,0.0,1.0,0.0
0.0,2.520124,-0.1385707,-1.0,0.0,0.0
0.0,2.55267,-0.1102824,-1.0,0.0,0.0
0.0,2.74,-0.5113829,-1.0,0.0,0.0
0.0,2.517838,-0.140083,-1.0,0.0,0.0
0.0,2.520124,-0.1385707,-1.0,0.0,0.0
0.0,2.74,-0.5113829,-1.0,0.0,0.0
0.0,2.476096,-0.1597802,-1.0,0.0,0.0
0.0,2.517838,-0.140083,-1.0,0.0,0.0
0.0,2.74,-0.5113829,-1.0,0.0,0.0
0.0,2.475589,-0.1599406,-1.0,0.0,0.0
0.0,2.476096,-0.1597802,-1.0,0.0,0.0
0.0,2.74,-0.5113829,-1.0,0.0,0.0
0.0,2.43057,-0.1678377,-1.0,0.0,0.0
0.0,2.475589,-0.1599406,-1.0,0.0,0.0
0.0,2.74,-0.5113829,-1.0,0.0,0.0
0.0,2.427058,-0.1679422,-1.0,0.0,0.0
0.0,2.43057,-0.1678377,-1.0,0.0,0.0
0.0,2.74,-0.5113829,-1.0,0.0,0.0
0.0,2.384881,-0.1636212,-1.0,0.0,0.0
0.0,2.427058,-0.1679422,-1.0,0.0,0.0
0.0,2.74,-0.5113829,-1.0,0.0,0.0
0.1666114,0.324245,0.04012414,0.0,-0.2225695,-0.9749168
0.0,2.74,-0.5113829,0.0,-0.2225695,-0.9749168
0.17,2.74,-0.5113829,0.0,-0.2225695,-0.9749168
0.06,0.5,0.0,0.0,-0.2225695,-0.9749168
0.0,2.74,-0.5113829,0.0,-0.2225695,-0.9749168
0.11,0.5,0.0,0.0,-0.2225695,-0.9749168
0.116898,0.4982618,0.0003968224,-1.191363e-15,-0.2225695,-0.9749168
0.11,0.5,0.0,-1.191363e-15,-0.2225695,-0.9749168
0.0,2.74,-0.5113829,-1.191363e-15,-0.2225695,-0.9749168
0.0532863,0.4983512,0.0003764171,9.705889e-16,-0.2225695,-0.9749168
0.0,2.74,-0.5113829,9.705889e-16,-0.2225695,-0.9749168
0.06,0.5,0.0,9.705889e-16,-0.2225695,-0.9749168
0.1232454,0.4935195,0.001479475,-3.71021e-16,-0.2225695,-0.9749168
0.116898,0.4982618,0.0003968224,-3.71021e-16,-0.2225695,-0.9749168
0.0,2.74,-0.5113829,-3.71021e-16,-0.2225695,-0.9749168
0.1289535,0.4865389,0.003073121,2.827401e-16,-0.2225695,-0.9749168
0.1232454,0.4935195,0.001479475,2.827401e-16,-0.2225695,-0.9749168
0.0,2.74,-0.5113829,2.827401e-16,-0.2225695,-0.9749168
0.1340862,0.4778921,0.005047152,-1.294565e-15,-0.2225695,-0.9749168
0.1289535,0.4865389,0.003073121,-1.294565e-15,-0.2225695,-0.9749168
0.0,2.74,-0.5113829,-1.294565e-15,-0.2225695,-0.9749168
0.1387395,0.4678913,0.007330275,-6.444167e-16,-0.2225695,-0.9749168
0.1340862,0.4778921,0.005047152,-6.444167e-16,-0.2225695,-0.9749168
0.0,2.74,-0.5113829,-6.444167e-16,-0.2225695,-0.9749168
0.1430073,0.4566587,0.009894648,4.156114e-16,-0.2225695,-0.9749168
0.1387395,0.4678913,0.007330275,4.156114e-16,-0.2225695,-0.9749168
0.0,2.74,-0.5113829,4.156114e-16,-0.2225695,-0.9749168
0.1469331,0.4443074,0.0127144,-1.292343e-15,-0.2225695,-0.9749168
0.1430073,0.4566587,0.009894648,-1.292343e-15,-0.2225695,-0.9749168
0.0,2.74,-0.5113829,-1.292343e-15,-0.2225695,-0.9749168
0.1505263,0.4309876,0.01575526,4.569533e-15,-0.2225695,-0.9749168
0.1469331,0.4443074,0.0127144,4.569533e-15,-0.2225695,-0.9749168
0.0,2.74,-0.5113829,4.569533e-15,-0.2225695,-0.9749168
0.1537882,0.4168604,0.01898044,-4.693101e-16,-0.2225695,-0.9749168
0.1505263,0.4309876,0.01575526,-4.693101e-16,-0.2225695,-0.9749168
0.0,2.74,-0.5113829,-4.693101e-16,-0.2225695,-0.9749168
0.1567747,0.4017878,0.02242144,-4.758922e-15,-0.2225695,-0.9749168
0.1537882,0.4168604,0.01898044,-4.758922e-15,-0.2225695,-0.9749168
0.0,2.74,-0.5113829,-4.758922e-15,-0.2225695,-0.9749168
0.1595517,0.3853821,0.02616679,4.312789e-16,-0.2225695,-0.9749168
0.1567747,0.4017878,0.02242144,4.312789e-16,-0.2225695,-0.9749168
0.0,2.74,-0.5113829,4.312789e-16,-0.2225695,-0.9749168
0.1621379,0.3672512,0.03030602,0.0,-0.2225695,-0.9749168
0.1595517,0.3853821,0.02616679,0.0,-0.2225695,-0.9749168
0.0,2.74,-0.5113829,0.0,-0.2225695,-0.9749168
0.1645107,0.3469993,0.03492945,2.162321e-15,-0.2225695,-0.9749168
0.1621379,0.3672512,0.03030602,2.162321e-15,-0.2225695,-0.9749168
0.0,2.74,-0.5113829,2.162321e-15,-0.2225695,-0.9749168
0.1666114,0.324245,0.04012414,-5.269188e-15,-0.2225695,-0.9749168
0.1645107,0.3469993,0.03492945,-5.269188e-15,-0.2225695,-0.9749168
0.0,2.74,-0.5113829,-5.269188e-15,-0.2225695,-0.9749168
0.001734436,0.2999431,0.04567218,-3.278241e-15,-0.2225695,-0.9749168
0.0004866653,0.2707069,0.05234668,-3.278241e-15,-0.2225695,-0.9749168
0.0,2.74,-0.5113829,-3.278241e-15,-0.2225695,-0.9749168
0.003510673,0.3257582,0.0397787,-1.931094e-15,-0.2225695,-0.9749168
0.001734436,0.2999431,0.04567218,-1.931094e-15,-0.2225695,-0.9749168
0.0,2.74,-0.5113829,-1.931094e-15,-0.2225695,-0.9749168
0.005693308,0.3489223,0.03449042,6.32142e-15,-0.2225695,-0.9749168
0.003510673,0.3257582,0.0397787,6.32142e-15,-0.2225695,-0.9749168
0.0,2.74,-0.5113829,6.32142e-15,-0.2225695,-0.9749168
0.008203559,0.3698419,0.02971456,-2.762827e-15,-0.2225695,-0.9749168
0.005693308,0.3489223,0.03449042,-2.762827e-15,-0.2225695,-0.9749168
0.0,2.74,-0.5113829,-2.762827e-15,-0.2225695,-0.9749168
0.01097562,0.388709,0.02540729,-2.51481e-16,-0.2225695,-0.9749168
0.008203559,0.3698419,0.02971456,-2.51481e-16,-0.2225695,-0.9749168
0.0,2.74,-0.5113829,-2.51481e-16,-0.2225695,-0.9749168
0.0139637,0.405733,0.02152078,2.110297e-15,-0.2225695,-0.9749168
0.01097562,0.388709,0.02540729,2.110297e-15,-0.2225695,-0.9749168
0.0,2.74,-0.5113829,2.110297e-15,-0.2225695,-0.9749168
0.01714649,0.4211321,0.01800521,-3.097245e-15,-0.2225695,-0.9749168
0.0139637,0.405733,0.02152078,-3.097245e-15,-0.2225695,-0.9749168
0.0,2.74,-0.5113829,-3.097245e-15,-0.2225695,-0.9749168
0.02052579,0.4351116,0.01481376,2.512994e-15,-0.2225695,-0.9749168
0.01714649,0.4211321,0.01800521,2.512994e-15,-0.2225695,-0.9749168
0.0,2.74,-0.5113829,2.512994e-15,-0.2225695,-0.9749168
0.02411235,0.4478057,0.01191575,9.916585e-16,-0.2225695,-0.9749168
0.02052579,0.4351116,0.01481376,9.916585e-16,-0.2225695,-0.9749168
0.0,2.74,-0.5113829,9.916585e-16,-0.2225695,-0.9749168
0.02793076,0.4593117,0.00928897,-6.555103e-16,-0.2225695,-0.9749168
0.02411235,0.4478057,0.01191575,-6.555103e-16,-0.2225695,-0.9749168
0.0,2.74,-0.5113829,-6.555103e-16,-0.2225695,-0.9749168
0.03203981,0.4697219,0.006912371,-7.876503e-16,-0.2225695,-0.9749168
0.02793076,0.4593117,0.00928897,-7.876503e-16,-0.2225695,-0.9749168
0.0,2.74,-0.5113829,-7.876503e-16,-0.2225695,-0.9749168
0.03653038,0.4790576,0.004781072,1.531023e-15,-0.2225695,-0.9749168
0.03203981,0.4697219,0.006912371,1.531023e-15,-0.2225695,-0.9749168
0.0,2.74,-0.5113829,1.531023e-15,-0.2225695,-0.9749168
0.04152585,0.487228,0.002915807,-8.752966e-16,-0.2225695,-0.9749168
0.03653038,0.4790576,0.004781072,-8.752966e-16,-0.2225695,-0.9749168
0.0,2.74,-0.5113829,-8.752966e-16,-0.2225695,-0.9749168
0.04707412,0.4938346,0.001407547,2.317031e-16,-0.2225695,-0.9749168
0.04152585,0.487228,0.002915807,2.317031e-16,-0.2225695,-0.9749168
0.0,2.74,-0.5113829,2.317031e-16,-0.2225695,-0.9749168
0.0532863,0.4983512,0.0003764171,9.849139e-16,-0.2225695,-0.9749168
0.04707412,0.4938346,0.001407547,9.849139e-16,-0.2225695,-0.9749168
0.0,2.74,-0.5113829,9.849139e-16,-0.2225695,-0.9749168
0.004567228,2.535571,-0.09495728,-0.9807853,-0.1452764,0.1302113
0.0,2.74,0.09872155,-0.9807853,-0.1452764,0.1302113
0.0,2.55267,-0.1102824,-0.9807853,-0.1452764,0.1302113
0.17,2.74,-0.5113829,0.0,1.0,0.0
0.0,2.74,0.09872155,0.0,1.0,0.0
0.17,2.74,0.09872155,0.0,1.0,0.0
0.002665928,2.74,0.1252619,0.0,1.0,0.0
0.17,2.74,0.09872155,0.0,1.0,0.0
0.0,2.74,0.09872155,0.0,1.0,0.0
0.004567228,2.535571,-0.09495728,-0.9882611,-0.1161281,0.0992689
0.002665928,2.74,0.1252619,-0.9882611,-0.1161281,0.0992689
0.0,2.74,0.09872155,-0.9882611,-0.1161281,0.0992689
0.004567228,2.535571,-0.09495728,-0.9804931,-0.1289428,0.1483477
0.0,2.55267,-0.1102824,-0.9804931,-0.1289428,0.1483477
0.0,2.520124,-0.1385707,-0.9804931,-0.1289428,0.1483477
0.004567305,2.505274,-0.1208535,-0.9807988,-0.1075813,0.1626654
0.0,2.520124,-0.1385707,-0.9807988,-0.1075813,0.1626654
0.0,2.517838,-0.140083,-0.9807988,-0.1075813,0.1626654
0.004567305,2.505274,-0.1208535,-0.9810354,-0.1259378,0.1473402
0.004567228,2.535571,-0.09495728,-0.9810354,-0.1259378,0.1473402
0.0,2.520124,-0.1385707,-0.9810354,-0.1259378,0.1473402
0.004567234,2.469127,-0.1379261,-0.9804178,-0.08404033,0.178096
0.0,2.517838,-0.140083,-0.9804178,-0.08404033,0.178096
0.0,2.476096,-0.1597802,-0.9804178,-0.08404033,0.178096
0.004567305,2.505274,-0.1208535,-0.9804425,-0.08404884,0.177956
0.0,2.517838,-0.140083,-0.9804425,-0.08404884,0.177956
0.004567234,2.469127,-0.1379261,-0.9804425,-0.08404884,0.177956
0.0,2.43057,-0.1678377,-1.0,0.0,0.0
0.0,2.476096,-0.1597802,-1.0,0.0,0.0
0.0,2.475589,-0.1599406,-1.0,0.0,0.0
0.004567255,2.429761,-0.1448807,-0.980432,-0.03430848,0.1938453
0.0,2.476096,-0.1597802,-0.980432,-0.03430848,0.1938453
0.0,2.43057,-0.1678377,-0.980432,-0.03430848,0.1938453
0.004567234,2.469127,-0.1379261,-0.9804097,-0.03426765,0.1939654
0.0,2.476096,-0.1597802,-0.9804097,-0.03426765,0.1939654
0.004567255,2.429761,-0.1448807,-0.9804097,-0.03426765,0.1939654
0.004567248,2.389991,-0.1412361,-0.9867679,-0.004819003,0.1620675
0.0,2.43057,-0.1678377,-0.9867679,-0.004819003,0.1620675
0.0,2.427058,-0.1679422,-0.9867679,-0.004819003,0.1620675
0.004567248,2.389991,-0.1412361,-0.9804995,0.0179351,0.1957012
0.004567255,2.429761,-0.1448807,-0.9804995,0.0179351,0.1957012
0.0,2.43057,-0.1678377,-0.9804995,0.0179351,0.1957012
0.004567248,2.389991,-0.1412361,-0.9805031,0.02002629,0.1954807
0.0,2.427058,-0.1679422,-0.9805031,0.02002629,0.1954807
0.0,2.384881,-0.1636212,-0.9805031,0.02002629,0.1954807
0.004567228,0.8345905,0.2138555,-0.9807853,0.04342117,0.1901968
0.0,2.384881,-0.1636212,-0.9807853,0.04342117,0.1901968
0.0,0.8294801,0.1914704,-0.9807853,0.04342117,0.1901968
0.004567228,0.8345905,0.2138555,-0.9807852,0.04342127,0.1901972
0.004567248,2.389991,-0.1412361,-0.9807852,0.04342127,0.1901972
0.0,2.384881,-0.1636212,-0.9807852,0.04342127,0.1901972
0.002936609,0.7129529,0.2532907,-0.9875054,0.05371047,0.1481498
0.0,0.8294801,0.1914704,-0.9875054,0.05371047,0.1481498
0.0,0.7045463,0.2367641,-0.9875054,0.05371047,0.1481498
0.002936609,0.7129529,0.2532907,-0.9803449,0.07261435,0.1834423
0.004567228,0.8345905,0.2138555,-0.9803449,0.07261435,0.1834423
0.0,0.8294801,0.1914704,-0.9803449,0.07261435,0.1834423
0.002936609,0.6063462,0.3254337,-0.9963123,0.0391461,0.07635013
0.0,0.7045463,0.2367641,-0.9963123,0.0391461,0.07635013
0.0,0.7023097,0.2379109,-0.9963123,0.0391461,0.07635013
0.002936609,0.7129529,0.2532907,-0.9875004,0.0883364,0.1305358
0.0,0.7045463,0.2367641,-0.9875004,0.0883364,0.1305358
0.002936609,0.6063462,0.3254337,-0.9875004,0.0883364,0.1305358
0.0,0.5,0.2,-1.0,0.0,0.0
0.0,0.5941354,0.3114822,-1.0,0.0,0.0
0.0,0.7023097,0.2379109,-1.0,0.0,0.0
0.002936609,0.6063462,0.3254337,-0.9875068,0.08861726,0.1302969
0.0,0.7023097,0.2379109,-0.9875068,0.08861726,0.1302969
0.0,0.5941354,0.3114822,-0.9875068,0.08861726,0.1302969
0.0,0.5,0.2,-1.0,0.0,0.0
0.0,0.5895609,0.3155288,-1.0,0.0,0.0
0.0,0.5941354,0.3114822,-1.0,0.0,0.0
0.002936609,0.5206601,0.4214935,-0.9962285,0.05749,0.06498998
0.0,0.5941354,0.3114822,-0.9962285,0.05749,0.06498998
0.0,0.5895609,0.3155288,-0.9962285,0.05749,0.06498998
0.002936609,0.6063462,0.3254337,-0.9875015,0.1176164,0.1049148
0.0,0.5941354,0.3114822,-0.9875015,0.1176164,0.1049148
0.002936609,0.5206601,0.4214935,-0.9875015,0.1176164,0.1049148
0.0,0.5,0.2,-1.0,0.0,0.0
0.0,0.5054146,0.4109422,-1.0,0.0,0.0
0.0,0.5895609,0.3155288,-1.0,0.0,0.0
0.002936609,0.5206601,0.4214935,-0.9875199,0.1181208,0.1041723
0.0,0.5895609,0.3155288,-0.9875199,0.1181208,0.1041723
0.0,0.5054146,0.4109422,-0.9875199,0.1181208,0.1041723
0.0,0.5,0.2,-1.0,0.0,0.0
0.0,0.5,0.4189289,-1.0,0.0,0.0
0.0,0.5054146,0.4109422,-1.0,0.0,0.0
0.001680415,0.5,0.4453177,-0.9936227,0.09332963,0.06327307
0.0,0.5054146,0.4109422,-0.9936227,0.09332963,0.06327307
0.0,0.5,0.4189289,-0.9936227,0.09332963,0.06327307
0.002936609,0.5206601,0.4214935,-0.9874387,0.1413821,0.07053971
0.0,0.5054146,0.4109422,-0.9874387,0.1413821,0.07053971
0.001680415,0.5,0.4453177,-0.9874387,0.1413821,0.07053971
0.17,0.5,0.4189289,0.0,-1.0,0.0
0.0,0.5,0.4189289,0.0,-1.0,0.0
0.0,0.5,0.2,0.0,-1.0,0.0
0.1683208,0.5,0.4453073,0.0,-1.0,0.0
0.0,0.5,0.4189289,0.0,-1.0,0.0
0.17,0.5,0.4189289,0.0,-1.0,0.0
0.1683208,0.5,0.4453073,0.0,-1.0,0.0
0.001680415,0.5,0.4453177,0.0,-1.0,0.0
0.0,0.5,0.4189289,0.0,-1.0,0.0
0.17,0.5,0.2,0.0,0.0,1.0
0.0,0.5,0.2,0.0,0.0,1.0
0.0,0.06,0.2,0.0,0.0,1.0
0.17,0.5,0.4189289,0.0,-1.0,0.0
0.0,0.5,0.2,0.0,-1.0,0.0
0.17,0.5,0.2,0.0,-1.0,0.0
0.17,0.5,0.2,0.0,0.0,1.0
0.0,0.06,0.2,0.0,0.0,1.0
0.17,0.06,0.2,0.0,0.0,1.0
0.004552818,0.03713351,0.2,0.0,0.0,1.0
0.17,0.06,0.2,0.0,0.0,1.0
0.0,0.06,0.2,0.0,0.0,1.0
0.004567185,0.0370391,0.15,-0.9807492,-0.1952714,8.689838e-05
0.004552818,0.03713351,0.2,-0.9807492,-0.1952714,8.689838e-05
0.0,0.06,0.2,-0.9807492,-0.1952714,8.689838e-05
0.17,0.2371832,0.06,1.0,0.0,0.0
0.17,0.5,0.2,1.0,0.0,0.0
0.17,0.06,0.2,1.0,0.0,0.0
0.17,0.15,0.06,1.0,0.0,0.0
0.17,0.2371832,0.06,1.0,0.0,0.0
0.17,0.06,0.2,1.0,0.0,0.0
0.17,0.1324512,0.06172738,1.0,-3.91893e-12,-2.519312e-12
0.17,0.15,0.06,1.0,-3.91893e-12,-2.519312e-12
0.17,0.06,0.2,1.0,-3.91893e-12,-2.519312e-12
0.17,0.1155689,0.06684671,1.0,4.368719e-12,1.823197e-12
0.17,0.1324512,0.06172738,1.0,4.368719e-12,1.823197e-12
0.17,0.06,0.2,1.0,4.368719e-12,1.823197e-12
0.17,0.1000028,0.07516502,1.0,-1.698206e-13,-7.087121e-14
0.17,0.1155689,0.06684671,1.0,-1.698206e-13,-7.087121e-14
0.17,0.06,0.2,1.0,-1.698206e-13,-7.087121e-14
0.17,0.08636319,0.0863576,1.0,1.859908e-13,4.314683e-14
0.17,0.1000028,0.07516502,1.0,1.859908e-13,4.314683e-14
0.17,0.06,0.2,1.0,1.859908e-13,4.314683e-14
0.17,0.07516858,0.09999741,1.0,-3.456316e-15,-8.018091e-16
0.17,0.08636319,0.0863576,1.0,-3.456316e-15,-8.018091e-16
0.17,0.06,0.2,1.0,-3.456316e-15,-8.018091e-16
0.17,0.06684834,0.1155647,1.0,3.932711e-15,3.189724e-16
0.17,0.07516858,0.09999741,1.0,3.932711e-15,3.189724e-16
0.17,0.06,0.2,1.0,3.932711e-15,3.189724e-16
0.17,0.06172797,0.1324482,1.0,-1.701896e-11,-1.380365e-12
0.17,0.06684834,0.1155647,1.0,-1.701896e-11,-1.380365e-12
0.17,0.06,0.2,1.0,-1.701896e-11,-1.380365e-12
0.17,0.06,0.15,1.0,3.694372e-11,0.0
0.17,0.06172797,0.1324482,1.0,3.694372e-11,0.0
0.17,0.06,0.2,1.0,3.694372e-11,0.0
0.1654472,0.03713351,0.2,0.9807492,-0.1952714,0.0
0.17,0.06,0.15,0.9807492,-0.1952714,0.0
0.17,0.06,0.2,0.9807492,-0.1952714,0.0
0.1654472,0.03713351,0.2,0.0,0.0,1.0
0.17,0.06,0.2,0.0,0.0,1.0
0.004552818,0.03713351,0.2,0.0,0.0,1.0
0.17,0.5054146,0.4109422,1.0,0.0,0.0
0.17,0.5,0.4189289,1.0,0.0,0.0
0.17,0.5,0.2,1.0,0.0,0.0
0.17,0.5895609,0.3155288,1.0,0.0,0.0
0.17,0.5054146,0.4109422,1.0,0.0,0.0
0.17,0.5,0.2,1.0,0.0,0.0
0.17,0.5941354,0.3114822,1.0,0.0,0.0
0.17,0.5895609,0.3155288,1.0,0.0,0.0
0.17,0.5,0.2,1.0,0.0,0.0
0.17,0.7023097,0.2379109,1.0,0.0,0.0
0.17,0.5941354,0.3114822,1.0,0.0,0.0
0.17,0.5,0.2,1.0,0.0,0.0
0.17,2.74,-0.5113829,1.0,0.0,0.0
0.17,0.7023097,0.2379109,1.0,0.0,0.0
0.17,0.5,0.2,1.0,0.0,0.0
0.17,0.2371832,0.06,1.0,0.0,0.0
0.17,2.74,-0.5113829,1.0,0.0,0.0
0.17,0.5,0.2,1.0,0.0,0.0
0.1670634,0.5206601,0.4214935,0.9876867,0.1294916,0.08778916
0.17,0.5,0.4189289,0.9876867,0.1294916,0.08778916
0.17,0.5054146,0.4109422,0.9876867,0.1294916,0.08778916
0.1670634,0.5206601,0.4214935,0.9891435,0.13278,0.06296577
0.1683208,0.5,0.4453073,0.9891435,0.13278,0.06296577
0.17,0.5,0.4189289,0.9891435,0.13278,0.06296577
0.1670634,0.6063462,0.3254337,0.9884343,0.1137376,0.1003067
0.17,0.5054146,0.4109422,0.9884343,0.1137376,0.1003067
0.17,0.5895609,0.3155288,0.9884343,0.1137376,0.1003067
0.1670634,0.6063462,0.3254337,0.9875032,0.1176085,0.1049078
0.1670634,0.5206601,0.4214935,0.9875032,0.1176085,0.1049078
0.17,0.5054146,0.4109422,0.9875032,0.1176085,0.1049078
0.1670634,0.6063462,0.3254337,0.9876872,0.1036529,0.1171752
0.17,0.5895609,0.3155288,0.9876872,0.1036529,0.1171752
0.17,0.5941354,0.3114822,0.9876872,0.1036529,0.1171752
0.1670634,0.7129529,0.2532907,0.9878964,0.08723305,0.1282616
0.17,0.5941354,0.3114822,0.9878964,0.08723305,0.1282616
0.17,0.7023097,0.2379109,0.9878964,0.08723305,0.1282616
0.1670634,0.6063462,0.3254337,0.9874998,0.0883387,0.1305392
0.17,0.5941354,0.3114822,0.9874998,0.0883387,0.1305392
0.1670634,0.7129529,0.2532907,0.9874998,0.0883387,0.1305392
0.17,2.74,-0.5113829,-1.0,0.0,0.0
0.17,0.7045463,0.2367641,-1.0,0.0,0.0
0.17,0.7023097,0.2379109,-1.0,0.0,0.0
0.1670634,0.7129529,0.2532907,0.9876891,0.07137012,0.1391995
0.17,0.7023097,0.2379109,0.9876891,0.07137012,0.1391995
0.17,0.7045463,0.2367641,0.9876891,0.07137012,0.1391995
0.17,2.74,-0.5113829,1.0,0.0,0.0
0.17,0.8294801,0.1914704,1.0,0.0,0.0
0.17,0.7045463,0.2367641,1.0,0.0,0.0
0.1654328,0.8345905,0.2138556,0.9804984,0.06698305,0.1847596
0.17,0.7045463,0.2367641,0.9804984,0.06698305,0.1847596
0.17,0.8294801,0.1914704,0.9804984,0.06698305,0.1847596
0.1670634,0.7129529,0.2532907,0.9876179,0.06020543,0.144866
0.17,0.7045463,0.2367641,0.9876179,0.06020543,0.144866
0.1654328,0.8345905,0.2138556,0.9876179,0.06020543,0.144866
0.17,2.74,-0.5113829,1.0,0.0,0.0
0.17,2.384881,-0.1636212,1.0,0.0,0.0
0.17,0.8294801,0.1914704,1.0,0.0,0.0
0.1654328,2.389991,-0.1412361,0.9807853,0.04342117,0.1901968
0.17,0.8294801,0.1914704,0.9807853,0.04342117,0.1901968
0.17,2.384881,-0.1636212,0.9807853,0.04342117,0.1901968
0.1654328,2.389991,-0.1412361,0.9807852,0.04342124,0.1901972
0.1654328,0.8345905,0.2138556,0.9807852,0.04342124,0.1901972
0.17,0.8294801,0.1914704,0.9807852,0.04342124,0.1901972
0.17,2.74,-0.5113829,1.0,0.0,0.0
0.17,2.427058,-0.1679422,1.0,0.0,0.0
0.17,2.384881,-0.1636212,1.0,0.0,0.0
0.1654327,2.429761,-0.1448807,0.9811942,0.01967155,0.192018
0.17,2.384881,-0.1636212,0.9811942,0.01967155,0.192018
0.17,2.427058,-0.1679422,0.9811942,0.01967155,0.192018
0.1654327,2.429761,-0.1448807,0.9804511,0.01795741,0.1959419
0.1654328,2.389991,-0.1412361,0.9804511,0.01795741,0.1959419
0.17,2.384881,-0.1636212,0.9804511,0.01795741,0.1959419
0.17,2.74,-0.5113829,1.0,0.0,0.0
0.17,2.43057,-0.1678377,1.0,0.0,0.0
0.17,2.427058,-0.1679422,1.0,0.0,0.0
0.1654327,2.429761,-0.1448807,0.9808012,-0.00579595,0.1949243
0.17,2.427058,-0.1679422,0.9808012,-0.00579595,0.1949243
0.17,2.43057,-0.1678377,0.9808012,-0.00579595,0.1949243
0.17,2.74,-0.5113829,1.0,0.0,0.0
0.17,2.475589,-0.1599406,1.0,0.0,0.0
0.17,2.43057,-0.1678377,1.0,0.0,0.0
0.1654328,2.469127,-0.1379261,0.9805207,-0.03393704,0.1934617
0.17,2.43057,-0.1678377,0.9805207,-0.03393704,0.1934617
0.17,2.475589,-0.1599406,0.9805207,-0.03393704,0.1934617
0.1654327,2.429761,-0.1448807,0.9804337,-0.03424686,0.1938478
0.17,2.43057,-0.1678377,0.9804337,-0.03424686,0.1938478
0.1654328,2.469127,-0.1379261,0.9804337,-0.03424686,0.1938478
0.17,2.74,-0.5113829,1.0,0.0,0.0
0.17,2.476096,-0.1597802,1.0,0.0,0.0
0.17,2.475589,-0.1599406,1.0,0.0,0.0
0.1654328,2.469127,-0.1379261,0.9807483,-0.05890696,0.1861794
0.17,2.475589,-0.1599406,0.9807483,-0.05890696,0.1861794
0.17,2.476096,-0.1597802,0.9807483,-0.05890696,0.1861794
0.17,2.74,-0.5113829,1.0,0.0,0.0
0.17,2.517838,-0.140083,1.0,0.0,0.0
0.17,2.476096,-0.1597802,1.0,0.0,0.0
0.1654328,2.469127,-0.1379261,0.9804178,-0.08404034,0.178096
0.17,2.476096,-0.1597802,0.9804178,-0.08404034,0.178096
0.17,2.517838,-0.140083,0.9804178,-0.08404034,0.178096
0.17,2.74,-0.5113829,1.0,0.0,0.0
0.17,2.520124,-0.1385707,1.0,0.0,0.0
0.17,2.517838,-0.140083,1.0,0.0,0.0
0.1654327,2.535571,-0.09495723,0.9868238,-0.08925375,0.1349538
0.17,2.517838,-0.140083,0.9868238,-0.08925375,0.1349538
0.17,2.520124,-0.1385707,0.9868238,-0.08925375,0.1349538
0.1654327,2.535571,-0.09495723,0.9804881,-0.1277243,0.149431
0.1654327,2.505274,-0.1208535,0.9804881,-0.1277243,0.149431
0.17,2.517838,-0.140083,0.9804881,-0.1277243,0.149431
0.1654328,2.469127,-0.1379261,0.9804425,-0.08404885,0.177956
0.17,2.517838,-0.140083,0.9804425,-0.08404885,0.177956
0.1654327,2.505274,-0.1208535,0.9804425,-0.08404885,0.177956
0.17,2.74,-0.5113829,1.0,0.0,0.0
0.17,2.55267,-0.1102824,1.0,0.0,0.0
0.17,2.520124,-0.1385707,1.0,0.0,0.0
0.1654327,2.535571,-0.09495723,0.980493,-0.1289432,0.1483482
0.17,2.520124,-0.1385707,0.980493,-0.1289432,0.1483482
0.17,2.55267,-0.1102824,0.980493,-0.1289432,0.1483482
0.17,2.74,-0.5113829,1.0,0.0,0.0
0.17,2.74,0.09872155,1.0,0.0,0.0
0.17,2.55267,-0.1102824,1.0,0.0,0.0
0.1673306,2.74,0.1252788,0.9888492,-0.1108954,0.09939556
0.17,2.55267,-0.1102824,0.9888492,-0.1108954,0.09939556
0.17,2.74,0.09872155,0.9888492,-0.1108954,0.09939556
0.1654327,2.535571,-0.09495723,0.9807813,-0.1471423,0.1281295
0.17,2.55267,-0.1102824,0.9807813,-0.1471423,0.1281295
0.1673306,2.74,0.1252788,0.9807813,-0.1471423,0.1281295
0.1673306,2.74,0.1252788,0.0,1.0,0.0
0.17,2.74,0.09872155,0.0,1.0,0.0
0.002665928,2.74,0.1252619,0.0,1.0,0.0
0.1695416,0.269701,0.05257632,-8.844149e-15,-0.2225695,-0.9749168
0.17,2.74,-0.5113829,-8.844149e-15,-0.2225695,-0.9749168
0.17,0.2371832,0.06,-8.844149e-15,-0.2225695,-0.9749168
0.1683394,0.2986035,0.04597801,3.175123e-15,-0.2225695,-0.9749168
0.1666114,0.324245,0.04012414,3.175123e-15,-0.2225695,-0.9749168
0.17,2.74,-0.5113829,3.175123e-15,-0.2225695,-0.9749168
0.1695416,0.269701,0.05257632,-2.267762e-15,-0.2225695,-0.9749168
0.1683394,0.2986035,0.04597801,-2.267762e-15,-0.2225695,-0.9749168
0.17,2.74,-0.5113829,-2.267762e-15,-0.2225695,-0.9749168
0.1654508,0.15,0.03708264,0.980862,0.0,-0.1947042
0.17,0.2371832,0.06,0.980862,0.0,-0.1947042
0.17,0.15,0.06,0.980862,0.0,-0.1947042
0.1654508,0.15,0.03708264,0.9908823,-0.01655628,-0.1337092
0.1695416,0.269701,0.05257632,0.9908823,-0.01655628,-0.1337092
0.17,0.2371832,0.06,0.9908823,-0.01655628,-0.1337092
0.1654508,0.15,0.03708264,0.9806819,-0.01916179,-0.1946685
0.17,0.15,0.06,0.9806819,-0.01916179,-0.1946685
0.17,0.1324512,0.06172738,0.9806819,-0.01916179,-0.1946685
0.1654508,0.1151066,0.04260921,0.9815125,-0.05554131,-0.1831621
0.17,0.1324512,0.06172738,0.9815125,-0.05554131,-0.1831621
0.17,0.1155689,0.06684671,0.9815125,-0.05554131,-0.1831621
0.1654508,0.1151066,0.04260921,0.9785258,-0.03224495,-0.2035866
0.1654508,0.15,0.03708264,0.9785258,-0.03224495,-0.2035866
0.17,0.1324512,0.06172738,0.9785258,-0.03224495,-0.2035866
0.1654508,0.1151066,0.04260921,0.9785228,-0.09715545,-0.1818074
0.17,0.1155689,0.06684671,0.9785228,-0.09715545,-0.1818074
0.17,0.1000028,0.07516502,0.9785228,-0.09715545,-0.1818074
0.1654508,0.08362884,0.05864794,0.9812423,-0.1222899,-0.1490258
0.17,0.1000028,0.07516502,0.9812423,-0.1222899,-0.1490258
0.17,0.08636319,0.0863576,0.9812423,-0.1222899,-0.1490258
0.1654508,0.08362884,0.05864794,0.9795549,-0.09133249,-0.1792501
0.1654508,0.1151066,0.04260921,0.9795549,-0.09133249,-0.1792501
0.17,0.1000028,0.07516502,0.9795549,-0.09133249,-0.1792501
0.1654508,0.05864794,0.08362884,0.9812416,-0.1490188,-0.1223043
0.17,0.08636319,0.0863576,0.9812416,-0.1490188,-0.1223043
0.17,0.07516858,0.09999741,0.9812416,-0.1490188,-0.1223043
0.1654508,0.05864794,0.08362884,0.9783925,-0.1461986,-0.1461986
0.1654508,0.08362884,0.05864794,0.9783925,-0.1461986,-0.1461986
0.17,0.08636319,0.0863576,0.9783925,-0.1461986,-0.1461986
0.1654508,0.05864794,0.08362884,0.979795,-0.1763911,-0.09427571
0.17,0.07516858,0.09999741,0.979795,-0.1763911,-0.09427571
0.17,0.06684834,0.1155647,0.979795,-0.1763911,-0.09427571
0.1654508,0.04260921,0.1151066,0.9815127,-0.1831593,-0.05554779
0.17,0.06684834,0.1155647,0.9815127,-0.1831593,-0.05554779
0.17,0.06172797,0.1324482,0.9815127,-0.1831593,-0.05554779
0.1654508,0.04260921,0.1151066,0.9789228,-0.1819708,-0.09271874
0.1654508,0.05864794,0.08362884,0.9789228,-0.1819708,-0.09271874
0.17,0.06684834,0.1155647,0.9789228,-0.1819708,-0.09271874
0.1654508,0.04260921,0.1151066,0.9767484,-0.2133575,-0.02100506
0.17,0.06172797,0.1324482,0.9767484,-0.2133575,-0.02100506
0.17,0.06,0.15,0.9767484,-0.2133575,-0.02100506
0.1654508,0.03708264,0.15,0.980862,-0.1947042,0.000269663
0.17,0.06,0.15,0.980862,-0.1947042,0.000269663
0.1654472,0.03713351,0.2,0.980862,-0.1947042,0.000269663
0.1654508,0.03708264,0.15,0.9803959,-0.1946117,-0.03082347
0.1654508,0.04260921,0.1151066,0.9803959,-0.1946117,-0.03082347
0.17,0.06,0.15,0.9803959,-0.1946117,-0.03082347
0.06,0.5,0.0,0.0,0.0,-1.0
0.11,0.5,0.0,0.0,0.0,-1.0
0.11,0.15,0.0,0.0,0.0,-1.0
0.116898,0.4982618,0.0003968224,0.05743237,0.0,-0.9983494
0.11,0.15,0.0,0.05743237,0.0,-0.9983494
0.11,0.5,0.0,0.05743237,0.0,-0.9983494
0.06,0.15,0.0,0.0,0.0,-1.0
0.06,0.5,0.0,0.0,0.0,-1.0
0.11,0.15,0.0,0.0,0.0,-1.0
0.11,0.1036469,0.007341702,0.0,-0.1564364,-0.987688
0.06,0.15,0.0,0.0,-0.1564364,-0.987688
0.11,0.15,0.0,0.0,-0.1564364,-0.987688
0.1232454,0.4935195,0.001479475,0.1665586,-0.002175489,-0.9860292
0.11,0.15,0.0,0.1665586,-0.002175489,-0.9860292
0.116898,0.4982618,0.0003968224,0.1665586,-0.002175489,-0.9860292
0.1289535,0.4865389,0.003073121,0.2621395,-0.005951395,-0.9650116
0.11,0.15,0.0,0.2621395,-0.005951395,-0.9650116
0.1232454,0.4935195,0.001479475,0.2621395,-0.005951395,-0.9650116
0.132961,0.15,0.004567243,0.1950902,-0.002031226,-0.9807832
0.11,0.15,0.0,0.1950902,-0.002031226,-0.9807832
0.1289535,0.4865389,0.003073121,0.1950902,-0.002031226,-0.9807832
0.132961,0.1050588,0.01168523,0.1927749,-0.1535021,-0.969162
0.11,0.1036469,0.007341702,0.1927749,-0.1535021,-0.969162
0.11,0.15,0.0,0.1927749,-0.1535021,-0.969162
0.132961,0.1050588,0.01168523,0.1927785,-0.1535001,-0.9691616
0.11,0.15,0.0,0.1927785,-0.1535001,-0.9691616
0.132961,0.15,0.004567243,0.1927785,-0.1535001,-0.9691616
0.0370825,0.15,0.004549226,-0.1947055,0.0,-0.9808618
0.06,0.5,0.0,-0.1947055,0.0,-0.9808618
0.06,0.15,0.0,-0.1947055,0.0,-0.9808618
0.0370825,0.15,0.004549226,-0.05365926,-0.009464948,-0.9985144
0.0532863,0.4983512,0.0003764171,-0.05365926,-0.009464948,-0.9985144
0.06,0.5,0.0,-0.05365926,-0.009464948,-0.9985144
0.06,0.1036469,0.007341702,-1.840627e-15,-0.1564364,-0.987688
0.06,0.15,0.0,-1.840627e-15,-0.1564364,-0.987688
0.11,0.1036469,0.007341702,-1.840627e-15,-0.1564364,-0.987688
0.0370825,0.15,0.004549226,-0.1923975,-0.1535137,-0.9692351
0.06,0.15,0.0,-0.1923975,-0.1535137,-0.9692351
0.06,0.1036469,0.007341702,-0.1923975,-0.1535137,-0.9692351
0.132961,0.15,0.004567243,0.3591658,0.0001335077,-0.9332737
0.1289535,0.4865389,0.003073121,0.3591658,0.0001335077,-0.9332737
0.1340862,0.4778921,0.005047152,0.3591658,0.0001335077,-0.9332737
0.132961,0.15,0.004567243,0.4401394,-0.0001960775,-0.8979294
0.1340862,0.4778921,0.005047152,0.4401394,-0.0001960775,-0.8979294
0.1387395,0.4678913,0.007330275,0.4401394,-0.0001960775,-0.8979294
0.132961,0.15,0.004567243,0.5115011,-0.001829183,-0.8592807
0.1387395,0.4678913,0.007330275,0.5115011,-0.001829183,-0.8592807
0.1430073,0.4566587,0.009894648,0.5115011,-0.001829183,-0.8592807
0.132961,0.15,0.004567243,0.5738434,-0.004572145,-0.8189523
0.1430073,0.4566587,0.009894648,0.5738434,-0.004572145,-0.8189523
0.1469331,0.4443074,0.0127144,0.5738434,-0.004572145,-0.8189523
0.132961,0.15,0.004567243,0.6279396,-0.008267943,-0.7782181
0.1469331,0.4443074,0.0127144,0.6279396,-0.008267943,-0.7782181
0.1505263,0.4309876,0.01575526,0.6279396,-0.008267943,-0.7782181
0.1524431,0.15,0.01759031,0.7034286,0.0001568428,-0.7107659
0.1505263,0.4309876,0.01575526,0.7034286,0.0001568428,-0.7107659
0.1537882,0.4168604,0.01898044,0.7034286,0.0001568428,-0.7107659
0.1524431,0.15,0.01759031,0.5557335,-0.001638268,-0.8313589
0.132961,0.15,0.004567243,0.5557335,-0.001638268,-0.8313589
0.1505263,0.4309876,0.01575526,0.5557335,-0.001638268,-0.8313589
0.1524431,0.15,0.01759031,0.7543987,-0.0003831905,-0.6564164
0.1537882,0.4168604,0.01898044,0.7543987,-0.0003831905,-0.6564164
0.1567747,0.4017878,0.02242144,0.7543987,-0.0003831905,-0.6564164
0.1524431,0.15,0.01759031,0.7986553,-0.00219278,-0.6017847
0.1567747,0.4017878,0.02242144,0.7986553,-0.00219278,-0.6017847
0.1595517,0.3853821,0.02616679,0.7986553,-0.00219278,-0.6017847
0.1524431,0.15,0.01759031,0.8373285,-0.005368771,-0.5466737
0.1595517,0.3853821,0.02616679,0.8373285,-0.005368771,-0.5466737
0.1621379,0.3672512,0.03030602,0.8373285,-0.005368771,-0.5466737
0.1524431,0.15,0.01759031,0.8709492,-0.01011192,-0.491269
0.1621379,0.3672512,0.03030602,0.8709492,-0.01011192,-0.491269
0.1645107,0.3469993,0.03492945,0.8709492,-0.01011192,-0.491269
0.1654508,0.15,0.03708264,0.9275824,0.0003431858,-0.3736186
0.1645107,0.3469993,0.03492945,0.9275824,0.0003431858,-0.3736186
0.1666114,0.324245,0.04012414,0.9275824,0.0003431858,-0.3736186
0.1654508,0.15,0.03708264,0.8317958,-0.002097294,-0.5550778
0.1524431,0.15,0.01759031,0.8317958,-0.002097294,-0.5550778
0.1645107,0.3469993,0.03492945,0.8317958,-0.002097294,-0.5550778
0.1654508,0.15,0.03708264,0.957478,-0.001341655,-0.2885033
0.1666114,0.324245,0.04012414,0.957478,-0.001341655,-0.2885033
0.1683394,0.2986035,0.04597801,0.957478,-0.001341655,-0.2885033
0.1654508,0.15,0.03708264,0.9782752,-0.006612425,-0.2072048
0.1683394,0.2986035,0.04597801,0.9782752,-0.006612425,-0.2072048
0.1695416,0.269701,0.05257632,0.9782752,-0.006612425,-0.2072048
0.004567185,0.15,0.0370391,-0.9249269,0.000365553,-0.3801447
0.003510673,0.3257582,0.0397787,-0.9249269,0.000365553,-0.3801447
0.005693308,0.3489223,0.03449042,-0.9249269,0.000365553,-0.3801447
0.004567185,0.15,0.0370391,-0.8833558,-0.001004418,-0.4687019
0.005693308,0.3489223,0.03449042,-0.8833558,-0.001004418,-0.4687019
0.008203559,0.3698419,0.02971456,-0.8833558,-0.001004418,-0.4687019
0.01011831,0.15,0.02665608,-0.8412882,0.0001933957,-0.5405868
0.008203559,0.3698419,0.02971456,-0.8412882,0.0001933957,-0.5405868
0.01097562,0.388709,0.02540729,-0.8412882,0.0001933957,-0.5405868
0.01011831,0.15,0.02665608,-0.8818753,-0.001121511,-0.4714814
0.004567185,0.15,0.0370391,-0.8818753,-0.001121511,-0.4714814
0.008203559,0.3698419,0.02971456,-0.8818753,-0.001121511,-0.4714814
0.01011831,0.15,0.02665608,-0.7920368,-0.0003490965,-0.6104732
0.01097562,0.388709,0.02540729,-0.7920368,-0.0003490965,-0.6104732
0.0139637,0.405733,0.02152078,-0.7920368,-0.0003490965,-0.6104732
0.01011831,0.15,0.02665608,-0.7357677,-0.00253571,-0.6772293
0.0139637,0.405733,0.02152078,-0.7357677,-0.00253571,-0.6772293
0.01714649,0.4211321,0.01800521,-0.7357677,-0.00253571,-0.6772293
0.0175902,0.15,0.01755699,-0.686782,7.768862e-05,-0.7268635
0.01714649,0.4211321,0.01800521,-0.686782,7.768862e-05,-0.7268635
0.02052579,0.4351116,0.01481376,-0.686782,7.768862e-05,-0.7268635
0.01011831,0.15,0.02665608,-0.7728245,-0.0002156152,-0.6346197
0.01714649,0.4211321,0.01800521,-0.7728245,-0.0002156152,-0.6346197
0.0175902,0.15,0.01755699,-0.7728245,-0.0002156152,-0.6346197
0.0175902,0.15,0.01755699,-0.6262309,-0.001053527,-0.779637
0.02052579,0.4351116,0.01481376,-0.6262309,-0.001053527,-0.779637
0.02411235,0.4478057,0.01191575,-0.6262309,-0.001053527,-0.779637
0.02669512,0.15,0.01009223,-0.5670251,0.0001260473,-0.8237005
0.02411235,0.4478057,0.01191575,-0.5670251,0.0001260473,-0.8237005
0.02793076,0.4593117,0.00928897,-0.5670251,0.0001260473,-0.8237005
0.02669512,0.15,0.01009223,-0.6340145,-0.0007634147,-0.7733208
0.0175902,0.15,0.01755699,-0.6340145,-0.0007634147,-0.7733208
0.02411235,0.4478057,0.01191575,-0.6340145,-0.0007634147,-0.7733208
0.02669512,0.15,0.01009223,-0.5001939,-0.0002505535,-0.8659134
0.02793076,0.4593117,0.00928897,-0.5001939,-0.0002505535,-0.8659134
0.03203981,0.4697219,0.006912371,-0.5001939,-0.0002505535,-0.8659134
0.02669512,0.15,0.01009223,-0.4255704,-0.001885991,-0.9049233
0.03203981,0.4697219,0.006912371,-0.4255704,-0.001885991,-0.9049233
0.03653038,0.4790576,0.004781072,-0.4255704,-0.001885991,-0.9049233
0.0370825,0.15,0.004549226,-0.3499063,7.29303e-05,-0.9367847
0.03653038,0.4790576,0.004781072,-0.3499063,7.29303e-05,-0.9367847
0.04152585,0.487228,0.002915807,-0.3499063,7.29303e-05,-0.9367847
0.02669512,0.15,0.01009223,-0.4707913,-0.0001683298,-0.8822446
0.03653038,0.4790576,0.004781072,-0.4707913,-0.0001683298,-0.8822446
0.0370825,0.15,0.004549226,-0.4707913,-0.0001683298,-0.8822446
0.0370825,0.15,0.004549226,-0.2609509,-0.001237522,-0.9653513
0.04152585,0.487228,0.002915807,-0.2609509,-0.001237522,-0.9653513
0.04707412,0.4938346,0.001407547,-0.2609509,-0.001237522,-0.9653513
0.0370825,0.15,0.004549226,-0.1606648,-0.004349577,-0.9869994
0.04707412,0.4938346,0.001407547,-0.1606648,-0.004349577,-0.9869994
0.0532863,0.4983512,0.0003764171,-0.1606648,-0.004349577,-0.9869994
0.1240073,2.74,0.1861223,0.0,1.0,0.0
0.06,2.74,0.1886171,0.0,1.0,0.0
0.11,2.74,0.1886171,0.0,1.0,0.0
0.06,2.50799,-0.07023593,0.0,-0.7446624,0.6674413
0.11,2.74,0.1886171,0.0,-0.7446624,0.6674413
0.06,2.74,0.1886171,0.0,-0.7446624,0.6674413
0.1329609,2.511391,-0.07328427,0.1173507,-0.7430418,0.6588761
0.1240073,2.74,0.1861223,0.1173507,-0.7430418,0.6588761
0.11,2.74,0.1886171,0.1173507,-0.7430418,0.6588761
0.06,2.50799,-0.07023593,0.0,-0.7446624,0.6674413
0.11,2.50799,-0.07023593,0.0,-0.7446624,0.6674413
0.11,2.74,0.1886171,0.0,-0.7446624,0.6674413
0.1329609,2.511391,-0.07328427,0.1950897,-0.730354,0.6546167
0.11,2.74,0.1886171,0.1950897,-0.730354,0.6546167
0.11,2.50799,-0.07023593,0.1950897,-0.730354,0.6546167
0.1240073,2.74,0.1861223,0.0,1.0,0.0
0.04604335,2.74,0.1861391,0.0,1.0,0.0
0.06,2.74,0.1886171,0.0,1.0,0.0
0.06,2.50799,-0.07023593,-0.1176799,-0.7394882,0.6628036
0.06,2.74,0.1886171,-0.1176799,-0.7394882,0.6628036
0.04604335,2.74,0.1861391,-0.1176799,-0.7394882,0.6628036
0.1240073,2.74,0.1861223,0.0,1.0,0.0
0.0321358,2.74,0.1783363,0.0,1.0,0.0
0.04604335,2.74,0.1861391,0.0,1.0,0.0
0.03703899,2.511391,-0.07328428,-0.3511442,-0.6964049,0.6258737
0.04604335,2.74,0.1861391,-0.3511442,-0.6964049,0.6258737
0.0321358,2.74,0.1783363,-0.3511442,-0.6964049,0.6258737
0.03703899,2.511391,-0.07328428,-0.1950893,-0.7324749,0.6522428
0.06,2.50799,-0.07023593,-0.1950893,-0.7324749,0.6522428
0.04604335,2.74,0.1861391,-0.1950893,-0.7324749,0.6522428
0.1379051,2.74,0.1783037,0.0,1.0,0.0
0.01961048,2.74,0.1651991,0.0,1.0,0.0
0.0321358,2.74,0.1783363,0.0,1.0,0.0
0.03703899,2.511391,-0.07328428,-0.5720619,-0.6125885,0.5454177
0.0321358,2.74,0.1783363,-0.5720619,-0.6125885,0.5454177
0.01961048,2.74,0.1651991,-0.5720619,-0.6125885,0.5454177
0.1240073,2.74,0.1861223,0.0,1.0,0.0
0.1379051,2.74,0.1783037,0.0,1.0,0.0
0.0321358,2.74,0.1783363,0.0,1.0,0.0
0.1603811,2.74,0.1475385,0.0,1.0,0.0
0.009614177,2.74,0.1475283,0.0,1.0,0.0
0.01961048,2.74,0.1651991,0.0,1.0,0.0
0.01757359,2.521076,-0.08196527,-0.7633571,-0.4804288,0.4318264
0.01961048,2.74,0.1651991,-0.7633571,-0.4804288,0.4318264
0.009614177,2.74,0.1475283,-0.7633571,-0.4804288,0.4318264
0.1504107,2.74,0.1651703,0.0,1.0,0.0
0.1603811,2.74,0.1475385,0.0,1.0,0.0
0.01961048,2.74,0.1651991,0.0,1.0,0.0
0.1379051,2.74,0.1783037,0.0,1.0,0.0
0.1504107,2.74,0.1651703,0.0,1.0,0.0
0.01961048,2.74,0.1651991,0.0,1.0,0.0
0.01757359,2.521076,-0.08196527,-0.5555696,-0.6201425,0.5538642
0.03703899,2.511391,-0.07328428,-0.5555696,-0.6201425,0.5538642
0.01961048,2.74,0.1651991,-0.5555696,-0.6201425,0.5538642
0.1673306,2.74,0.1252788,0.0,1.0,0.0
0.002665928,2.74,0.1252619,0.0,1.0,0.0
0.009614177,2.74,0.1475283,0.0,1.0,0.0
0.004567228,2.535571,-0.09495728,-0.9065784,-0.3131829,0.2828993
0.009614177,2.74,0.1475283,-0.9065784,-0.3131829,0.2828993
0.002665928,2.74,0.1252619,-0.9065784,-0.3131829,0.2828993
0.1603811,2.74,0.1475385,0.0,1.0,0.0
0.1673306,2.74,0.1252788,0.0,1.0,0.0
0.009614177,2.74,0.1475283,0.0,1.0,0.0
0.004567228,2.535571,-0.09495728,-0.8314642,-0.4161207,0.368118
0.01757359,2.521076,-0.08196527,-0.8314642,-0.4161207,0.368118
0.009614177,2.74,0.1475283,-0.8314642,-0.4161207,0.368118
0.1654327,2.535571,-0.09495723,0.9065019,-0.3133067,0.2830076
0.1673306,2.74,0.1252788,0.9065019,-0.3133067,0.2830076
0.1603811,2.74,0.1475385,0.9065019,-0.3133067,0.2830076
0.1524263,2.521076,-0.08196522,0.7634707,-0.4803353,0.4317296
0.1603811,2.74,0.1475385,0.7634707,-0.4803353,0.4317296
0.1504107,2.74,0.1651703,0.7634707,-0.4803353,0.4317296
0.1654327,2.535571,-0.09495723,0.8314633,-0.4161214,0.3681192
0.1603811,2.74,0.1475385,0.8314633,-0.4161214,0.3681192
0.1524263,2.521076,-0.08196522,0.8314633,-0.4161214,0.3681192
0.1524263,2.521076,-0.08196522,0.5733162,-0.6109776,0.5459074
0.1504107,2.74,0.1651703,0.5733162,-0.6109776,0.5459074
0.1379051,2.74,0.1783037,0.5733162,-0.6109776,0.5459074
0.1329609,2.511391,-0.07328427,0.3519843,-0.6961677,0.6256657
0.1379051,2.74,0.1783037,0.3519843,-0.6961677,0.6256657
0.1240073,2.74,0.1861223,0.3519843,-0.6961677,0.6256657
0.1524263,2.521076,-0.08196522,0.5555674,-0.6207747,0.553158
0.1379051,2.74,0.1783037,0.5555674,-0.6207747,0.553158
0.1329609,2.511391,-0.07328427,0.5555674,-0.6207747,0.553158
0.06,2.486702,-0.08873556,0.0,-0.6559462,0.7548077
0.11,2.50799,-0.07023593,0.0,-0.6559462,0.7548077
0.06,2.50799,-0.07023593,0.0,-0.6559462,0.7548077
0.06,2.486702,-0.08873556,6.423936e-14,-0.6559462,0.7548077
0.11,2.486702,-0.08873556,6.423936e-14,-0.6559462,0.7548077
0.11,2.50799,-0.07023593,6.423936e-14,-0.6559462,0.7548077
0.1329609,2.48763,-0.09359367,0.1830601,-0.6448618,0.7420527
0.11,2.50799,-0.07023593,0.1830601,-0.6448618,0.7420527
0.11,2.486702,-0.08873556,0.1830601,-0.6448618,0.7420527
0.1329609,2.511391,-0.07328427,0.1934367,-0.6374629,0.7458038
0.11,2.50799,-0.07023593,0.1934367,-0.6374629,0.7458038
0.1329609,2.48763,-0.09359367,0.1934367,-0.6374629,0.7458038
0.03703899,2.511391,-0.07328428,-0.1936349,-0.6435315,0.7405219
0.06,2.486702,-0.08873556,-0.1936349,-0.6435315,0.7405219
0.06,2.50799,-0.07023593,-0.1936349,-0.6435315,0.7405219
0.06,2.485208,-0.08972078,-4.552498e-15,-0.550494,0.8348391
0.11,2.485208,-0.08972078,-4.552498e-15,-0.550494,0.8348391
0.11,2.486702,-0.08873556,-4.552498e-15,-0.550494,0.8348391
0.1329609,2.48763,-0.09359367,0.195059,-0.5399198,0.8188032
0.11,2.486702,-0.08873556,0.195059,-0.5399198,0.8188032
0.11,2.485208,-0.08972078,0.195059,-0.5399198,0.8188032
0.06,2.486702,-0.08873556,-5.111355e-15,-0.550494,0.8348391
0.06,2.485208,-0.08972078,-5.111355e-15,-0.550494,0.8348391
0.11,2.486702,-0.08873556,-5.111355e-15,-0.550494,0.8348391
0.06,2.457569,-0.1027345,0.0009487492,-0.4273862,0.9040687
0.11,2.457904,-0.1026281,0.0009487492,-0.4273862,0.9040687
0.11,2.485208,-0.08972078,0.0009487492,-0.4273862,0.9040687
0.132961,2.459281,-0.1069829,0.1933725,-0.4193196,0.8870052
0.11,2.485208,-0.08972078,0.1933725,-0.4193196,0.8870052
0.11,2.457904,-0.1026281,0.1933725,-0.4193196,0.8870052
0.06,2.485208,-0.08972078,7.991896e-14,-0.425982,0.9047316
0.06,2.457569,-0.1027345,7.991896e-14,-0.425982,0.9047316
0.11,2.485208,-0.08972078,7.991896e-14,-0.425982,0.9047316
0.132961,2.459281,-0.1069829,0.1938169,-0.4189711,0.8870728
0.1329609,2.48763,-0.09359367,0.1938169,-0.4189711,0.8870728
0.11,2.485208,-0.08972078,0.1938169,-0.4189711,0.8870728
0.04145898,0.73044,0.2876152,-0.4512281,0.5001523,0.7390811
0.02473288,0.7265713,0.2800215,-0.4512281,0.5001523,0.7390811
0.04145898,0.6317088,0.3544287,-0.4512281,0.5001523,0.7390811
0.02473288,0.7265713,0.2800215,-0.7043879,0.3978174,0.5878597
0.01145898,0.7205456,0.2681941,-0.7043879,0.3978174,0.5878597
0.02473288,0.6260978,0.3480141,-0.7043879,0.3978174,0.5878597
0.02473288,0.7265713,0.2800215,-0.4512281,0.5001523,0.7390811
0.02473288,0.6260978,0.3480141,-0.4512281,0.5001523,0.7390811
0.04145898,0.6317088,0.3544287,-0.4512281,0.5001523,0.7390811
0.132961,2.428408,-0.1124372,0.1934732,-0.1706861,0.9661441
0.132961,2.459281,-0.1069829,0.1934732,-0.1706861,0.9661441
0.11,2.457904,-0.1026281,0.1934732,-0.1706861,0.9661441
0.06,2.428116,-0.1078782,-2.904929e-13,-0.1735675,0.984822
0.11,2.428116,-0.1078782,-2.904929e-13,-0.1735675,0.984822
0.11,2.457904,-0.1026281,-2.904929e-13,-0.1735675,0.984822
0.132961,2.428408,-0.1124372,0.1939942,-0.1702702,0.966113
0.11,2.457904,-0.1026281,0.1939942,-0.1702702,0.966113
0.11,2.428116,-0.1078782,0.1939942,-0.1702702,0.966113
0.06,2.457569,-0.1027345,-0.0009393645,-0.172038,0.9850899
0.06,2.428116,-0.1078782,-0.0009393645,-0.172038,0.9850899
0.11,2.457904,-0.1026281,-0.0009393645,-0.172038,0.9850899
0.06,2.425821,-0.1079485,1.047562e-15,-0.0306523,0.9995301
0.11,2.425821,-0.1079485,1.047562e-15,-0.0306523,0.9995301
0.11,2.428116,-0.1078782,1.047562e-15,-0.0306523,0.9995301
0.132961,2.397218,-0.1095789,0.03276934,-0.03063583,0.9989933
0.11,2.428116,-0.1078782,0.03276934,-0.03063583,0.9989933
0.11,2.425821,-0.1079485,0.03276934,-0.03063583,0.9989933
0.06,2.428116,-0.1078782,2.179815e-14,-0.0306523,0.9995301
0.06,2.425821,-0.1079485,2.179815e-14,-0.0306523,0.9995301
0.11,2.428116,-0.1078782,2.179815e-14,-0.0306523,0.9995301
0.132961,2.428408,-0.1124372,0.1928761,0.08954863,0.9771284
0.11,2.428116,-0.1078782,0.1928761,0.08954863,0.9771284
0.132961,2.397218,-0.1095789,0.1928761,0.08954863,0.9771284
0.06,2.398235,-0.1051262,-5.522289e-16,0.101777,0.9948072
0.11,2.398235,-0.1051262,-5.522289e-16,0.101777,0.9948072
0.11,2.425821,-0.1079485,-5.522289e-16,0.101777,0.9948072
0.132961,2.397218,-0.1095789,0.1936835,0.0998498,0.9759696
0.11,2.425821,-0.1079485,0.1936835,0.0998498,0.9759696
0.11,2.398235,-0.1051262,0.1936835,0.0998498,0.9759696
0.06,2.425821,-0.1079485,-1.305646e-14,0.101777,0.9948072
0.06,2.398235,-0.1051262,-1.305646e-14,0.101777,0.9948072
0.11,2.425821,-0.1079485,-1.305646e-14,0.101777,0.9948072
0.06,0.8428343,0.2499655,0.0,0.2225695,0.9749168
0.11,2.398235,-0.1051262,0.0,0.2225695,0.9749168
0.06,2.398235,-0.1051262,0.0,0.2225695,0.9749168
0.06,0.8428343,0.2499655,0.0,0.2225695,0.9749168
0.11,0.8428343,0.2499655,0.0,0.2225695,0.9749168
0.11,2.398235,-0.1051262,0.0,0.2225695,0.9749168
0.132961,0.8418178,0.2455128,0.1950901,0.218293,0.9561841
0.11,2.398235,-0.1051262,0.1950901,0.218293,0.9561841
0.11,0.8428343,0.2499655,0.1950901,0.218293,0.9561841
0.132961,2.397218,-0.1095789,0.1950903,0.2182929,0.9561841
0.11,2.398235,-0.1051262,0.1950903,0.2182929,0.9561841
0.132961,0.8418178,0.2455128,0.1950903,0.2182929,0.9561841
0.03703902,2.428408,-0.1124372,-0.180022,0.1001143,0.9785547
0.06,2.398235,-0.1051262,-0.180022,0.1001143,0.9785547
0.06,2.425821,-0.1079485,-0.180022,0.1001143,0.9785547
0.03703903,2.397218,-0.1095788,-0.19509,0.218293,0.9561841
0.06,0.8428343,0.2499655,-0.19509,0.218293,0.9561841
0.06,2.398235,-0.1051262,-0.19509,0.218293,0.9561841
0.03703903,2.397218,-0.1095788,-0.1934303,0.08953892,0.9770197
0.06,2.398235,-0.1051262,-0.1934303,0.08953892,0.9770197
0.03703902,2.428408,-0.1124372,-0.1934303,0.08953892,0.9770197
0.03703902,2.428408,-0.1124372,-0.1950345,-0.03006366,0.9803355
0.06,2.425821,-0.1079485,-0.1950345,-0.03006366,0.9803355
0.06,2.428116,-0.1078782,-0.1950345,-0.03006366,0.9803355
0.037039,2.459281,-0.1069829,-0.1914915,-0.1688544,0.9668605
0.06,2.428116,-0.1078782,-0.1914915,-0.1688544,0.9668605
0.06,2.457569,-0.1027345,-0.1914915,-0.1688544,0.9668605
0.037039,2.459281,-0.1069829,-0.1939856,-0.1706685,0.9660444
0.03703902,2.428408,-0.1124372,-0.1939856,-0.1706685,0.9660444
0.06,2.428116,-0.1078782,-0.1939856,-0.1706685,0.9660444
0.01145898,0.7205456,0.2681941,-0.8895895,0.2559926,0.3782834
0.002936609,0.7129529,0.2532907,-0.8895895,0.2559926,0.3782834
0.01145898,0.6173584,0.3380231,-0.8895895,0.2559926,0.3782834
0.03703906,2.48763,-0.09359367,-0.1937903,-0.4179067,0.8875806
0.06,2.457569,-0.1027345,-0.1937903,-0.4179067,0.8875806
0.06,2.485208,-0.08972078,-0.1937903,-0.4179067,0.8875806
0.03703906,2.48763,-0.09359367,-0.1953264,-0.4188432,0.8868021
0.037039,2.459281,-0.1069829,-0.1953264,-0.4188432,0.8868021
0.06,2.457569,-0.1027345,-0.1953264,-0.4188432,0.8868021
0.03703899,2.511391,-0.07328428,-0.03011315,-0.5502443,0.8344605
0.06,2.485208,-0.08972078,-0.03011315,-0.5502443,0.8344605
0.06,2.486702,-0.08873556,-0.03011315,-0.5502443,0.8344605
0.03703906,2.48763,-0.09359367,-0.1930495,-0.6375122,0.745862
0.06,2.485208,-0.08972078,-0.1930495,-0.6375122,0.745862
0.03703899,2.511391,-0.07328428,-0.1930495,-0.6375122,0.745862
0.06,0.7317738,0.2902314,0.0,0.3408481,0.9401184
0.11,0.8428343,0.2499655,0.0,0.3408481,0.9401184
0.06,0.8428343,0.2499655,0.0,0.3408481,0.9401184
0.06,0.7317738,0.2902314,-1.103055e-13,0.3408481,0.9401184
0.11,0.7317738,0.2902314,-1.103055e-13,0.3408481,0.9401184
0.11,0.8428343,0.2499655,-1.103055e-13,0.3408481,0.9401184
0.128541,0.73044,0.2876152,0.1552687,0.3367144,0.9287169
0.11,0.8428343,0.2499655,0.1552687,0.3367144,0.9287169
0.11,0.7317738,0.2902314,0.1552687,0.3367144,0.9287169
0.128541,0.73044,0.2876152,0.1935145,0.3401816,0.9202329
0.132961,0.8418178,0.2455128,0.1935145,0.3401816,0.9202329
0.11,0.8428343,0.2499655,0.1935145,0.3401816,0.9202329
0.03703899,0.8418178,0.2455128,-0.1936634,0.3343952,0.9223201
0.06,0.7317738,0.2902314,-0.1936634,0.3343952,0.9223201
0.06,0.8428343,0.2499655,-0.1936634,0.3343952,0.9223201
0.03703899,0.8418178,0.2455128,-0.1950903,0.2182929,0.9561841
0.06,0.8428343,0.2499655,-0.1950903,0.2182929,0.9561841
0.03703903,2.397218,-0.1095788,-0.1950903,0.2182929,0.9561841
0.06,0.680824,0.3202786,1.839086e-15,0.5079834,0.8613669
0.11,0.680824,0.3202786,1.839086e-15,0.5079834,0.8613669
0.11,0.7317738,0.2902314,1.839086e-15,0.5079834,0.8613669
0.128541,0.6317088,0.3544287,-0.2341781,0.4938582,0.8374155
0.11,0.7317738,0.2902314,-0.2341781,0.4938582,0.8374155
0.11,0.680824,0.3202786,-0.2341781,0.4938582,0.8374155
0.06,0.7317738,0.2902314,5.492472e-14,0.5079834,0.8613669
0.06,0.680824,0.3202786,5.492472e-14,0.5079834,0.8613669
0.11,0.7317738,0.2902314,5.492472e-14,0.5079834,0.8613669
0.128541,0.6317088,0.3544287,0.1552729,0.5536547,0.8181423
0.128541,0.73044,0.2876152,0.1552729,0.5536547,0.8181423
0.11,0.7317738,0.2902314,0.1552729,0.5536547,0.8181423
0.06,0.6336423,0.356639,-3.531142e-14,0.6104147,0.792082
0.11,0.6336423,0.356639,-3.531142e-14,0.6104147,0.792082
0.11,0.680824,0.3202786,-3.531142e-14,0.6104147,0.792082
0.128541,0.6317088,0.3544287,0.1561401,0.602928,0.782367
0.11,0.680824,0.3202786,0.1561401,0.602928,0.782367
0.11,0.6336423,0.356639,0.1561401,0.602928,0.782367
0.06,0.680824,0.3202786,-2.178692e-16,0.6104147,0.792082
0.06,0.6336423,0.356639,-2.178692e-16,0.6104147,0.792082
0.11,0.680824,0.3202786,-2.178692e-16,0.6104147,0.792082
0.06,0.591145,0.398768,-1.522254e-15,0.7040233,0.7101769
0.11,0.591145,0.398768,-1.522254e-15,0.7040233,0.7101769
0.11,0.6336423,0.356639,-1.522254e-15,0.7040233,0.7101769
0.128541,0.5523527,0.4433922,-0.229921,0.685162,0.6911508
0.11,0.6336423,0.356639,-0.229921,0.685162,0.6911508
0.11,0.591145,0.398768,-0.229921,0.685162,0.6911508
0.06,0.6336423,0.356639,3.446125e-14,0.7040233,0.7101769
0.06,0.591145,0.398768,3.446125e-14,0.7040233,0.7101769
0.11,0.6336423,0.356639,3.446125e-14,0.7040233,0.7101769
0.128541,0.6317088,0.3544287,0.1552679,0.7372021,0.6575903
0.11,0.6336423,0.356639,0.1552679,0.7372021,0.6575903
0.128541,0.5523527,0.4433922,0.1552679,0.7372021,0.6575903
0.06,0.5547678,0.4450628,-1.715912e-14,0.7862953,0.6178509
0.11,0.5547678,0.4450628,-1.715912e-14,0.7862953,0.6178509
0.11,0.591145,0.398768,-1.715912e-14,0.7862953,0.6178509
0.128541,0.5523527,0.4433922,0.1561519,0.7766499,0.6102717
0.11,0.591145,0.398768,0.1561519,0.7766499,0.6102717
0.11,0.5547678,0.4450628,0.1561519,0.7766499,0.6102717
0.06,0.591145,0.398768,-2.867992e-15,0.7862953,0.6178509
0.06,0.5547678,0.4450628,-2.867992e-15,0.7862953,0.6178509
0.11,0.591145,0.398768,-2.867992e-15,0.7862953,0.6178509
0.06,0.5,0.55,0.0,0.8865227,0.4626851
0.11,0.5,0.55,0.0,0.8865227,0.4626851
0.11,0.5547678,0.4450628,0.0,0.8865227,0.4626851
0.1198409,0.5,0.5476829,0.1083022,0.8813082,0.4599636
0.11,0.5547678,0.4450628,0.1083022,0.8813082,0.4599636
0.11,0.5,0.55,0.1083022,0.8813082,0.4599636
0.06,0.5547678,0.4450628,3.804855e-14,0.8865227,0.4626851
0.06,0.5,0.55,3.804855e-14,0.8865227,0.4626851
0.11,0.5547678,0.4450628,3.804855e-14,0.8865227,0.4626851
0.128541,0.5523527,0.4433922,0.1551818,0.8776378,0.4535091
0.11,0.5547678,0.4450628,0.1551818,0.8776378,0.4535091
0.1198409,0.5,0.5476829,0.1551818,0.8776378,0.4535091
0.05014187,0.5,0.5476744,0.0,-1.0,0.0
0.11,0.5,0.55,0.0,-1.0,0.0
0.06,0.5,0.55,0.0,-1.0,0.0
0.1198409,0.5,0.5476829,0.0,-1.0,0.0
0.11,0.5,0.55,0.0,-1.0,0.0
0.05014187,0.5,0.5476744,0.0,-1.0,0.0
0.04145898,0.5523527,0.4433922,-0.1552601,0.8757724,0.4570744
0.06,0.5,0.55,-0.1552601,0.8757724,0.4570744
0.06,0.5547678,0.4450628,-0.1552601,0.8757724,0.4570744
0.04145898,0.5523527,0.4433922,-0.1069079,0.8849813,0.4531874
0.05014187,0.5,0.5476744,-0.1069079,0.8849813,0.4531874
0.06,0.5,0.55,-0.1069079,0.8849813,0.4531874
0.04145898,0.6317088,0.3544287,0.2358596,0.7641117,0.6004195
0.06,0.5547678,0.4450628,0.2358596,0.7641117,0.6004195
0.06,0.591145,0.398768,0.2358596,0.7641117,0.6004195
0.04145898,0.6317088,0.3544287,-0.1552768,0.737201,0.6575894
0.04145898,0.5523527,0.4433922,-0.1552768,0.737201,0.6575894
0.06,0.5547678,0.4450628,-0.1552768,0.737201,0.6575894
0.04145898,0.6317088,0.3544287,-0.156138,0.6953886,0.7014668
0.06,0.591145,0.398768,-0.156138,0.6953886,0.7014668
0.06,0.6336423,0.356639,-0.156138,0.6953886,0.7014668
0.04145898,0.73044,0.2876152,0.2316054,0.5938175,0.7705451
0.06,0.6336423,0.356639,0.2316054,0.5938175,0.7705451
0.06,0.680824,0.3202786,0.2316054,0.5938175,0.7705451
0.04145898,0.73044,0.2876152,-0.1552667,0.5536552,0.8181431
0.04145898,0.6317088,0.3544287,-0.1552667,0.5536552,0.8181431
0.06,0.6336423,0.356639,-0.1552667,0.5536552,0.8181431
0.04145898,0.73044,0.2876152,-0.1561473,0.5017523,0.8508012
0.06,0.680824,0.3202786,-0.1561473,0.5017523,0.8508012
0.06,0.7317738,0.2902314,-0.1561473,0.5017523,0.8508012
0.04145898,0.73044,0.2876152,-0.1554101,0.3438958,0.926058
0.06,0.7317738,0.2902314,-0.1554101,0.3438958,0.926058
0.03703899,0.8418178,0.2455128,-0.1554101,0.3438958,0.926058
0.1642908,0.5,0.4679963,0.0,-1.0,0.0
0.005712421,0.5,0.4680106,0.0,-1.0,0.0
0.001680415,0.5,0.4453177,0.0,-1.0,0.0
0.002936609,0.5206601,0.4214935,-0.9525275,0.2530781,0.1692421
0.001680415,0.5,0.4453177,-0.9525275,0.2530781,0.1692421
0.005712421,0.5,0.4680106,-0.9525275,0.2530781,0.1692421
0.1683208,0.5,0.4453073,0.0,-1.0,0.0
0.1642908,0.5,0.4679963,0.0,-1.0,0.0
0.001680415,0.5,0.4453177,0.0,-1.0,0.0
0.1588652,0.5,0.487688,0.0,-1.0,0.0
0.01114107,0.5,0.4877074,0.0,-1.0,0.0
0.005712421,0.5,0.4680106,0.0,-1.0,0.0
0.002936609,0.5206601,0.4214935,-0.8729223,0.4244106,0.2405873
0.005712421,0.5,0.4680106,-0.8729223,0.4244106,0.2405873
0.01114107,0.5,0.4877074,-0.8729223,0.4244106,0.2405873
0.1642908,0.5,0.4679963,0.0,-1.0,0.0
0.1588652,0.5,0.487688,0.0,-1.0,0.0
0.005712421,0.5,0.4680106,0.0,-1.0,0.0
0.152492,0.5,0.5047552,0.0,-1.0,0.0
0.01751717,0.5,0.5047768,0.0,-1.0,0.0
0.01114107,0.5,0.4877074,0.0,-1.0,0.0
0.01145898,0.5344207,0.4310017,-0.8085384,0.5050241,0.3020205
0.01114107,0.5,0.4877074,-0.8085384,0.5050241,0.3020205
0.01751717,0.5,0.5047768,-0.8085384,0.5050241,0.3020205
0.1588652,0.5,0.487688,0.0,-1.0,0.0
0.152492,0.5,0.5047552,0.0,-1.0,0.0
0.01114107,0.5,0.4877074,0.0,-1.0,0.0
0.01145898,0.5344207,0.4310017,-0.890575,0.3910093,0.2323528
0.002936609,0.5206601,0.4214935,-0.890575,0.3910093,0.2323528
0.01114107,0.5,0.4877074,-0.890575,0.3910093,0.2323528
0.1453901,0.5,0.5193842,0.0,-1.0,0.0
0.02463003,0.5,0.5194206,0.0,-1.0,0.0
0.01751717,0.5,0.5047768,0.0,-1.0,0.0
0.01145898,0.5344207,0.4310017,-0.7099054,0.6141131,0.344818
0.01751717,0.5,0.5047768,-0.7099054,0.6141131,0.344818
0.02463003,0.5,0.5194206,-0.7099054,0.6141131,0.344818
0.152492,0.5,0.5047552,0.0,-1.0,0.0
0.1453901,0.5,0.5193842,0.0,-1.0,0.0
0.01751717,0.5,0.5047768,0.0,-1.0,0.0
0.137701,0.5,0.531509,0.0,-1.0,0.0
0.03234609,0.5,0.5315729,0.0,-1.0,0.0
0.02463003,0.5,0.5194206,0.0,-1.0,0.0
0.02473288,0.5453413,0.4385475,-0.6096067,0.6917787,0.3870683
0.02463003,0.5,0.5194206,-0.6096067,0.6917787,0.3870683
0.03234609,0.5,0.5315729,-0.6096067,0.6917787,0.3870683
0.1453901,0.5,0.5193842,0.0,-1.0,0.0
0.137701,0.5,0.531509,0.0,-1.0,0.0
0.02463003,0.5,0.5194206,0.0,-1.0,0.0
0.02473288,0.5453413,0.4385475,-0.7055151,0.6185524,0.3458922
0.01145898,0.5344207,0.4310017,-0.7055151,0.6185524,0.3458922
0.02463003,0.5,0.5194206,-0.7055151,0.6185524,0.3458922
0.1293057,0.5,0.5410783,0.0,-1.0,0.0
0.04070481,0.5,0.5410894,0.0,-1.0,0.0
0.03234609,0.5,0.5315729,0.0,-1.0,0.0
0.02473288,0.5453413,0.4385475,-0.4744746,0.7753664,0.4167503
0.03234609,0.5,0.5315729,-0.4744746,0.7753664,0.4167503
0.04070481,0.5,0.5410894,-0.4744746,0.7753664,0.4167503
0.137701,0.5,0.531509,0.0,-1.0,0.0
0.1293057,0.5,0.5410783,0.0,-1.0,0.0
0.03234609,0.5,0.5315729,0.0,-1.0,0.0
0.1198409,0.5,0.5476829,0.0,-1.0,0.0
0.05014187,0.5,0.5476744,0.0,-1.0,0.0
0.04070481,0.5,0.5410894,0.0,-1.0,0.0
0.04145898,0.5523527,0.4433922,-0.3118415,0.8384712,0.4469014
0.04070481,0.5,0.5410894,-0.3118415,0.8384712,0.4469014
0.05014187,0.5,0.5476744,-0.3118415,0.8384712,0.4469014
0.1293057,0.5,0.5410783,0.0,-1.0,0.0
0.1198409,0.5,0.5476829,0.0,-1.0,0.0
0.04070481,0.5,0.5410894,0.0,-1.0,0.0
0.04145898,0.5523527,0.4433922,-0.4515567,0.7878905,0.4187184
0.02473288,0.5453413,0.4385475,-0.4515567,0.7878905,0.4187184
0.04070481,0.5,0.5410894,-0.4515567,0.7878905,0.4187184
0.128541,0.5523527,0.4433922,0.3118576,0.8384595,0.4469123
0.1198409,0.5,0.5476829,0.3118576,0.8384595,0.4469123
0.1293057,0.5,0.5410783,0.3118576,0.8384595,0.4469123
0.128541,0.5523527,0.4433922,0.4715368,0.7787925,0.4136851
0.1293057,0.5,0.5410783,0.4715368,0.7787925,0.4136851
0.137701,0.5,0.531509,0.4715368,0.7787925,0.4136851
0.1452671,0.5453413,0.4385475,0.6100964,0.6914407,0.3869007
0.137701,0.5,0.531509,0.6100964,0.6914407,0.3869007
0.1453901,0.5,0.5193842,0.6100964,0.6914407,0.3869007
0.1452671,0.5453413,0.4385475,0.4516543,0.7868608,0.4205455
0.128541,0.5523527,0.4433922,0.4516543,0.7868608,0.4205455
0.137701,0.5,0.531509,0.4516543,0.7868608,0.4205455
0.1452671,0.5453413,0.4385475,0.70897,0.6155486,0.3441824
0.1453901,0.5,0.5193842,0.70897,0.6155486,0.3441824
0.152492,0.5,0.5047552,0.70897,0.6155486,0.3441824
0.158541,0.5344207,0.4310017,0.8086365,0.5049032,0.30196
0.152492,0.5,0.5047552,0.8086365,0.5049032,0.30196
0.1588652,0.5,0.487688,0.8086365,0.5049032,0.30196
0.158541,0.5344207,0.4310017,0.7055433,0.6182373,0.3463977
0.1452671,0.5453413,0.4385475,0.7055433,0.6182373,0.3463977
0.152492,0.5,0.5047552,0.7055433,0.6182373,0.3463977
0.158541,0.5344207,0.4310017,0.8802977,0.4077336,0.2425473
0.1588652,0.5,0.487688,0.8802977,0.4077336,0.2425473
0.1642908,0.5,0.4679963,0.8802977,0.4077336,0.2425473
0.1670634,0.5206601,0.4214935,0.9525584,0.252995,0.1691922
0.1642908,0.5,0.4679963,0.9525584,0.252995,0.1691922
0.1683208,0.5,0.4453073,0.9525584,0.252995,0.1691922
0.1670634,0.5206601,0.4214935,0.8904205,0.3938697,0.2280747
0.158541,0.5344207,0.4310017,0.8904205,0.3938697,0.2280747
0.1642908,0.5,0.4679963,0.8904205,0.3938697,0.2280747
0.1328787,0.004558442,0.2,0.0,0.0,1.0
0.06,0.0,0.2,0.0,0.0,1.0
0.11,0.0,0.2,0.0,0.0,1.0
0.11,0.0,0.15,0.0,-1.0,0.0
0.11,0.0,0.2,0.0,-1.0,0.0
0.06,0.0,0.2,0.0,-1.0,0.0
0.132961,0.004567243,0.15,0.1954031,-0.980723,0.0001491921
0.1328787,0.004558442,0.2,0.1954031,-0.980723,0.0001491921
0.11,0.0,0.2,0.1954031,-0.980723,0.0001491921
0.132961,0.004567243,0.15,0.1950906,-0.9807852,0.0
0.11,0.0,0.2,0.1950906,-0.9807852,0.0
0.11,0.0,0.15,0.1950906,-0.9807852,0.0
0.1328787,0.004558442,0.2,0.0,0.0,1.0
0.0371213,0.004558442,0.2,0.0,0.0,1.0
0.06,0.0,0.2,0.0,0.0,1.0
0.06,0.0,0.15,-0.1954031,-0.980723,0.0
0.06,0.0,0.2,-0.1954031,-0.980723,0.0
0.0371213,0.004558442,0.2,-0.1954031,-0.980723,0.0
0.06,0.0,0.15,0.0,-1.0,0.0
0.11,0.0,0.15,0.0,-1.0,0.0
0.06,0.0,0.2,0.0,-1.0,0.0
0.1433808,0.01014298,0.2,0.0,0.0,1.0
0.0266192,0.01014298,0.2,0.0,0.0,1.0
0.0371213,0.004558442,0.2,0.0,0.0,1.0
0.0370825,0.004549226,0.15,-0.4695025,-0.882931,0.0005270881
0.0371213,0.004558442,0.2,-0.4695025,-0.882931,0.0005270881
0.0266192,0.01014298,0.2,-0.4695025,-0.882931,0.0005270881
0.1328787,0.004558442,0.2,0.0,0.0,1.0
0.1433808,0.01014298,0.2,0.0,0.0,1.0
0.0371213,0.004558442,0.2,0.0,0.0,1.0
0.0370825,0.004549226,0.15,-0.1947055,-0.9808617,0.0003318875
0.06,0.0,0.15,-0.1947055,-0.9808617,0.0003318875
0.0371213,0.004558442,0.2,-0.1947055,-0.9808617,0.0003318875
0.1524365,0.01758367,0.2,0.0,0.0,1.0
0.01756352,0.01758367,0.2,0.0,0.0,1.0
0.0266192,0.01014298,0.2,0.0,0.0,1.0
0.0175902,0.01755699,0.15,-0.634846,-0.7726387,7.34665e-05
0.0266192,0.01014298,0.2,-0.634846,-0.7726387,7.34665e-05
0.01756352,0.01758367,0.2,-0.634846,-0.7726387,7.34665e-05
0.1433808,0.01014298,0.2,0.0,0.0,1.0
0.1524365,0.01758367,0.2,0.0,0.0,1.0
0.0266192,0.01014298,0.2,0.0,0.0,1.0
0.0175902,0.01755699,0.15,-0.5549331,-0.8315743,-0.02309617
0.0370825,0.004549226,0.15,-0.5549331,-0.8315743,-0.02309617
0.0266192,0.01014298,0.2,-0.5549331,-0.8315743,-0.02309617
0.1598706,0.02663951,0.2,0.0,0.0,1.0
0.01012939,0.02663951,0.2,0.0,0.0,1.0
0.01756352,0.01758367,0.2,0.0,0.0,1.0
0.0175902,0.01755699,0.15,-0.7729186,-0.6345051,-7.391342e-05
0.01756352,0.01758367,0.2,-0.7729186,-0.6345051,-7.391342e-05
0.01012939,0.02663951,0.2,-0.7729186,-0.6345051,-7.391342e-05
0.1524365,0.01758367,0.2,0.0,0.0,1.0
0.1598706,0.02663951,0.2,0.0,0.0,1.0
0.01756352,0.01758367,0.2,0.0,0.0,1.0
0.1654472,0.03713351,0.2,0.0,0.0,1.0
0.004552818,0.03713351,0.2,0.0,0.0,1.0
0.01012939,0.02663951,0.2,0.0,0.0,1.0
0.004567185,0.0370391,0.15,-0.8830585,-0.4692626,0.0006323046
0.01012939,0.02663951,0.2,-0.8830585,-0.4692626,0.0006323046
0.004552818,0.03713351,0.2,-0.8830585,-0.4692626,0.0006323046
0.1598706,0.02663951,0.2,0.0,0.0,1.0
0.1654472,0.03713351,0.2,0.0,0.0,1.0
0.01012939,0.02663951,0.2,0.0,0.0,1.0
0.004567185,0.0370391,0.15,-0.8311396,-0.5555839,-0.0230975
0.0175902,0.01755699,0.15,-0.8311396,-0.5555839,-0.0230975
0.01012939,0.02663951,0.2,-0.8311396,-0.5555839,-0.0230975
0.1654508,0.03708264,0.15,0.8830585,-0.4692626,0.0005418236
0.1654472,0.03713351,0.2,0.8830585,-0.4692626,0.0005418236
0.1598706,0.02663951,0.2,0.8830585,-0.4692626,0.0005418236
0.1524431,0.01759031,0.15,0.7729186,-0.6345051,1.832885e-05
0.1598706,0.02663951,0.2,0.7729186,-0.6345051,1.832885e-05
0.1524365,0.01758367,0.2,0.7729186,-0.6345051,1.832885e-05
0.1599079,0.02669526,0.15,0.8822458,-0.470789,0.0001323212
0.1654508,0.03708264,0.15,0.8822458,-0.470789,0.0001323212
0.1598706,0.02663951,0.2,0.8822458,-0.470789,0.0001323212
0.1599079,0.02669526,0.15,0.7733227,-0.6340126,-0.00013083
0.1598706,0.02663951,0.2,0.7733227,-0.6340126,-0.00013083
0.1524431,0.01759031,0.15,0.7733227,-0.6340126,-0.00013083
0.1524431,0.01759031,0.15,0.634846,-0.7726387,-1.836443e-05
0.1524365,0.01758367,0.2,0.634846,-0.7726387,-1.836443e-05
0.1433808,0.01014298,0.2,0.634846,-0.7726387,-1.836443e-05
0.1433441,0.0101184,0.15,0.4695025,-0.8829311,8.904262e-05
0.1433808,0.01014298,0.2,0.4695025,-0.8829311,8.904262e-05
0.1328787,0.004558442,0.2,0.4695025,-0.8829311,8.904262e-05
0.1433441,0.0101184,0.15,0.6346218,-0.7728228,-8.641891e-05
0.1524431,0.01759031,0.15,0.6346218,-0.7728228,-8.641891e-05
0.1433808,0.01014298,0.2,0.6346218,-0.7728228,-8.641891e-05
0.1433441,0.0101184,0.15,0.471484,-0.8818744,0.0006212707
0.1328787,0.004558442,0.2,0.471484,-0.8818744,0.0006212707
0.132961,0.004567243,0.15,0.471484,-0.8818744,0.0006212707
0.06,0.007341918,0.1036462,0.0,-0.9876877,-0.1564387
0.11,0.0,0.15,0.0,-0.9876877,-0.1564387
0.06,0.0,0.15,0.0,-0.9876877,-0.1564387
0.06,0.007341918,0.1036462,1.134827e-15,-0.9876877,-0.1564387
0.11,0.007341918,0.1036462,1.134827e-15,-0.9876877,-0.1564387
0.11,0.0,0.15,1.134827e-15,-0.9876877,-0.1564387
0.132961,0.004567243,0.15,0.1927784,-0.9691609,-0.1535042
0.11,0.0,0.15,0.1927784,-0.9691609,-0.1535042
0.11,0.007341918,0.1036462,0.1927784,-0.9691609,-0.1535042
0.0370825,0.01166809,0.1050532,-0.1923895,-0.9692363,-0.1535162
0.06,0.007341918,0.1036462,-0.1923895,-0.9692363,-0.1535162
0.06,0.0,0.15,-0.1923895,-0.9692363,-0.1535162
0.0370825,0.01166809,0.1050532,-0.1923976,-0.9692354,-0.1535118
0.06,0.0,0.15,-0.1923976,-0.9692354,-0.1535118
0.0370825,0.004549226,0.15,-0.1923976,-0.9692354,-0.1535118
0.06,0.02865044,0.0618281,0.0,-0.8909969,-0.4540094
0.11,0.02865044,0.0618281,0.0,-0.8909969,-0.4540094
0.11,0.007341918,0.1036462,0.0,-0.8909969,-0.4540094
0.132961,0.03234243,0.06451677,0.1927464,-0.8742895,-0.4454961
0.11,0.007341918,0.1036462,0.1927464,-0.8742895,-0.4454961
0.11,0.02865044,0.0618281,0.1927464,-0.8742895,-0.4454961
0.06,0.007341918,0.1036462,-2.189465e-15,-0.8909969,-0.4540094
0.06,0.02865044,0.0618281,-2.189465e-15,-0.8909969,-0.4540094
0.11,0.007341918,0.1036462,-2.189465e-15,-0.8909969,-0.4540094
0.132961,0.01168523,0.1050588,0.1927868,-0.8742918,-0.4454739
0.11,0.007341918,0.1036462,0.1927868,-0.8742918,-0.4454739
0.132961,0.03234243,0.06451677,0.1927868,-0.8742918,-0.4454739
0.132961,0.004567243,0.15,0.1927703,-0.9691632,-0.1535004
0.11,0.007341918,0.1036462,0.1927703,-0.9691632,-0.1535004
0.132961,0.01168523,0.1050588,0.1927703,-0.9691632,-0.1535004
0.06,0.06182873,0.02864998,-3.92517e-16,-0.7071049,-0.7071086
0.11,0.06182873,0.02864998,-3.92517e-16,-0.7071049,-0.7071086
0.11,0.02865044,0.0618281,-3.92517e-16,-0.7071049,-0.7071086
0.132961,0.03234243,0.06451677,0.1928112,-0.6938367,-0.6938403
0.11,0.02865044,0.0618281,0.1928112,-0.6938367,-0.6938403
0.11,0.06182873,0.02864998,0.1928112,-0.6938367,-0.6938403
0.06,0.02865044,0.0618281,0.0,-0.7071049,-0.7071086
0.06,0.06182873,0.02864998,0.0,-0.7071049,-0.7071086
0.11,0.02865044,0.0618281,0.0,-0.7071049,-0.7071086
0.06,0.1036469,0.007341702,2.334311e-15,-0.454005,-0.8909991
0.11,0.1036469,0.007341702,2.334311e-15,-0.454005,-0.8909991
0.11,0.06182873,0.02864998,2.334311e-15,-0.454005,-0.8909991
0.132961,0.06451677,0.03234243,0.1927513,-0.4454914,-0.8742908
0.11,0.06182873,0.02864998,0.1927513,-0.4454914,-0.8742908
0.11,0.1036469,0.007341702,0.1927513,-0.4454914,-0.8742908
0.06,0.06182873,0.02864998,3.544277e-16,-0.454005,-0.8909991
0.06,0.1036469,0.007341702,3.544277e-16,-0.454005,-0.8909991
0.11,0.06182873,0.02864998,3.544277e-16,-0.454005,-0.8909991
0.132961,0.03234243,0.06451677,0.1928063,-0.6938392,-0.6938392
0.11,0.06182873,0.02864998,0.1928063,-0.6938392,-0.6938392
0.132961,0.06451677,0.03234243,0.1928063,-0.6938392,-0.6938392
0.132961,0.06451677,0.03234243,0.1927823,-0.4454743,-0.8742926
0.11,0.1036469,0.007341702,0.1927823,-0.4454743,-0.8742926
0.132961,0.1050588,0.01168523,0.1927823,-0.4454743,-0.8742926
0.0370825,0.06450618,0.03232785,-0.1923703,-0.4455253,-0.8743574
0.06,0.1036469,0.007341702,-0.1923703,-0.4455253,-0.8743574
0.06,0.06182873,0.02864998,-0.1923703,-0.4455253,-0.8743574
0.0370825,0.1050532,0.01166809,-0.1924013,-0.4455083,-0.8743592
0.06,0.1036469,0.007341702,-0.1924013,-0.4455083,-0.8743592
0.0370825,0.06450618,0.03232785,-0.1924013,-0.4455083,-0.8743592
0.0370825,0.15,0.004549226,-0.1923938,-0.1535119,-0.9692361
0.06,0.1036469,0.007341702,-0.1923938,-0.1535119,-0.9692361
0.0370825,0.1050532,0.01166809,-0.1923938,-0.1535119,-0.9692361
0.0370825,0.06450618,0.03232785,-0.1924254,-0.6938903,-0.6938939
0.06,0.06182873,0.02864998,-0.1924254,-0.6938903,-0.6938939
0.06,0.02865044,0.0618281,-0.1924254,-0.6938903,-0.6938939
0.0370825,0.03232785,0.06450618,-0.1923654,-0.8743561,-0.44553
0.06,0.02865044,0.0618281,-0.1923654,-0.8743561,-0.44553
0.06,0.007341918,0.1036462,-0.1923654,-0.8743561,-0.44553
0.0370825,0.06450618,0.03232785,-0.1924304,-0.6938914,-0.6938914
0.06,0.02865044,0.0618281,-0.1924304,-0.6938914,-0.6938914
0.0370825,0.03232785,0.06450618,-0.1924304,-0.6938914,-0.6938914
0.0370825,0.03232785,0.06450618,-0.1924058,-0.8743585,-0.4455079
0.06,0.007341918,0.1036462,-0.1924058,-0.8743585,-0.4455079
0.0370825,0.01166809,0.1050532,-0.1924058,-0.8743585,-0.4455079
0.0175902,0.02403921,0.1090729,-0.5503259,-0.8246703,-0.130615
0.0370825,0.004549226,0.15,-0.5503259,-0.8246703,-0.130615
0.0175902,0.01755699,0.15,-0.5503259,-0.8246703,-0.130615
0.0370825,0.01166809,0.1050532,-0.5503259,-0.8246703,-0.130615
0.0370825,0.004549226,0.15,-0.5503259,-0.8246703,-0.130615
0.0175902,0.02403921,0.1090729,-0.5503259,-0.8246703,-0.130615
0.004567185,0.0425678,0.1150932,-0.8281595,-0.5535919,-0.08768034
0.0175902,0.01755699,0.15,-0.8281595,-0.5535919,-0.08768034
0.004567185,0.0370391,0.15,-0.8281595,-0.5535919,-0.08768034
0.0175902,0.02403921,0.1090729,-0.8281595,-0.5535919,-0.08768034
0.0175902,0.01755699,0.15,-0.8281595,-0.5535919,-0.08768034
0.004567185,0.0425678,0.1150932,-0.8281595,-0.5535919,-0.08768034
0.0175902,0.02403921,0.1090729,-0.8281595,-0.4994024,-0.2544582
0.004567185,0.0425678,0.1150932,-0.8281595,-0.4994024,-0.2544582
0.004567185,0.05861271,0.08360325,-0.8281595,-0.4994024,-0.2544582
0.0175902,0.04285135,0.07215195,-0.8281595,-0.396328,-0.396328
0.004567185,0.05861271,0.08360325,-0.8281595,-0.396328,-0.396328
0.004567185,0.08360325,0.05861271,-0.8281595,-0.396328,-0.396328
0.0175902,0.04285135,0.07215195,-0.8281595,-0.4994024,-0.2544582
0.0175902,0.02403921,0.1090729,-0.8281595,-0.4994024,-0.2544582
0.004567185,0.05861271,0.08360325,-0.8281595,-0.4994024,-0.2544582
0.0175902,0.07215195,0.04285135,-0.8281595,-0.2544583,-0.4994024
0.004567185,0.08360325,0.05861271,-0.8281595,-0.2544583,-0.4994024
0.004567185,0.1150932,0.0425678,-0.8281595,-0.2544583,-0.4994024
0.0175902,0.07215195,0.04285135,-0.8281595,-0.396328,-0.396328
0.0175902,0.04285135,0.07215195,-0.8281595,-0.396328,-0.396328
0.004567185,0.08360325,0.05861271,-0.8281595,-0.396328,-0.396328
0.0175902,0.1090729,0.02403921,-0.8281595,-0.08768034,-0.5535919
0.004567185,0.1150932,0.0425678,-0.8281595,-0.08768034,-0.5535919
0.004567185,0.15,0.0370391,-0.8281595,-0.08768034,-0.5535919
0.0175902,0.1090729,0.02403921,-0.8281595,-0.2544583,-0.4994024
0.0175902,0.07215195,0.04285135,-0.8281595,-0.2544583,-0.4994024
0.004567185,0.1150932,0.0425678,-0.8281595,-0.2544583,-0.4994024
0.01011831,0.15,0.02665608,-0.8744214,-0.1297478,-0.4674963
0.0175902,0.1090729,0.02403921,-0.8744214,-0.1297478,-0.4674963
0.004567185,0.15,0.0370391,-0.8744214,-0.1297478,-0.4674963
0.0370825,0.01166809,0.1050532,-0.5503259,-0.7439459,-0.3790594
0.0175902,0.02403921,0.1090729,-0.5503259,-0.7439459,-0.3790594
0.0175902,0.04285135,0.07215195,-0.5503259,-0.7439459,-0.3790594
0.0370825,0.03232785,0.06450618,-0.5503259,-0.5903988,-0.5903988
0.0175902,0.04285135,0.07215195,-0.5503259,-0.5903988,-0.5903988
0.0175902,0.07215195,0.04285135,-0.5503259,-0.5903988,-0.5903988
0.0370825,0.03232785,0.06450618,-0.5503259,-0.7439459,-0.3790594
0.0370825,0.01166809,0.1050532,-0.5503259,-0.7439459,-0.3790594
0.0175902,0.04285135,0.07215195,-0.5503259,-0.7439459,-0.3790594
0.0370825,0.06450618,0.03232785,-0.5503259,-0.3790594,-0.7439459
0.0175902,0.07215195,0.04285135,-0.5503259,-0.3790594,-0.7439459
0.0175902,0.1090729,0.02403921,-0.5503259,-0.3790594,-0.7439459
0.0370825,0.06450618,0.03232785,-0.5503259,-0.5903988,-0.5903988
0.0370825,0.03232785,0.06450618,-0.5503259,-0.5903988,-0.5903988
0.0175902,0.07215195,0.04285135,-0.5503259,-0.5903988,-0.5903988
0.01011831,0.15,0.02665608,-0.7689499,-0.10001,-0.631438
0.0175902,0.15,0.01755699,-0.7689499,-0.10001,-0.631438
0.0175902,0.1090729,0.02403921,-0.7689499,-0.10001,-0.631438
0.0370825,0.1050532,0.01166809,-0.5503259,-0.130615,-0.8246703
0.0175902,0.1090729,0.02403921,-0.5503259,-0.130615,-0.8246703
0.0175902,0.15,0.01755699,-0.5503259,-0.130615,-0.8246703
0.0370825,0.1050532,0.01166809,-0.5503259,-0.3790594,-0.7439459
0.0370825,0.06450618,0.03232785,-0.5503259,-0.3790594,-0.7439459
0.0175902,0.1090729,0.02403921,-0.5503259,-0.3790594,-0.7439459
0.02669512,0.15,0.01009223,-0.6246679,-0.1710767,-0.7619205
0.0370825,0.1050532,0.01166809,-0.6246679,-0.1710767,-0.7619205
0.0175902,0.15,0.01755699,-0.6246679,-0.1710767,-0.7619205
0.02669512,0.15,0.01009223,-0.4662613,-0.1383893,-0.8737556
0.0370825,0.15,0.004549226,-0.4662613,-0.1383893,-0.8737556
0.0370825,0.1050532,0.01166809,-0.4662613,-0.1383893,-0.8737556
0.1524431,0.1090832,0.0240709,0.5509783,-0.1305476,-0.8242452
0.132961,0.15,0.004567243,0.5509783,-0.1305476,-0.8242452
0.1524431,0.15,0.01759031,0.5509783,-0.1305476,-0.8242452
0.132961,0.1050588,0.01168523,0.5509783,-0.1305476,-0.8242452
0.132961,0.15,0.004567243,0.5509783,-0.1305476,-0.8242452
0.1524431,0.1090832,0.0240709,0.5509783,-0.1305476,-0.8242452
0.1654508,0.1151066,0.04260921,0.8286015,-0.08757808,-0.5529462
0.1524431,0.15,0.01759031,0.8286015,-0.08757808,-0.5529462
0.1654508,0.15,0.03708264,0.8286015,-0.08757808,-0.5529462
0.1524431,0.1090832,0.0240709,0.8286015,-0.08757808,-0.5529462
0.1524431,0.15,0.01759031,0.8286015,-0.08757808,-0.5529462
0.1654508,0.1151066,0.04260921,0.8286015,-0.08757808,-0.5529462
0.1524431,0.1090832,0.0240709,0.8286015,-0.2541615,-0.49882
0.1654508,0.1151066,0.04260921,0.8286015,-0.2541615,-0.49882
0.1654508,0.08362884,0.05864794,0.8286015,-0.2541615,-0.49882
0.1524431,0.07217154,0.04287831,0.8286015,-0.3958658,-0.3958658
0.1654508,0.08362884,0.05864794,0.8286015,-0.3958658,-0.3958658
0.1654508,0.05864794,0.08362884,0.8286015,-0.3958658,-0.3958658
0.1524431,0.07217154,0.04287831,0.8286015,-0.2541615,-0.49882
0.1524431,0.1090832,0.0240709,0.8286015,-0.2541615,-0.49882
0.1654508,0.08362884,0.05864794,0.8286015,-0.2541615,-0.49882
0.1524431,0.04287831,0.07217154,0.8286015,-0.49882,-0.2541615
0.1654508,0.05864794,0.08362884,0.8286015,-0.49882,-0.2541615
0.1654508,0.04260921,0.1151066,0.8286015,-0.49882,-0.2541615
0.1524431,0.04287831,0.07217154,0.8286015,-0.3958658,-0.3958658
0.1524431,0.07217154,0.04287831,0.8286015,-0.3958658,-0.3958658
0.1654508,0.05864794,0.08362884,0.8286015,-0.3958658,-0.3958658
0.1524431,0.0240709,0.1090832,0.8286015,-0.5529462,-0.08757809
0.1654508,0.04260921,0.1151066,0.8286015,-0.5529462,-0.08757809
0.1654508,0.03708264,0.15,0.8286015,-0.5529462,-0.08757809
0.1524431,0.0240709,0.1090832,0.8286015,-0.49882,-0.2541615
0.1524431,0.04287831,0.07217154,0.8286015,-0.49882,-0.2541615
0.1654508,0.04260921,0.1151066,0.8286015,-0.49882,-0.2541615
0.1599079,0.02669526,0.15,0.874799,-0.4668151,-0.1296546
0.1524431,0.0240709,0.1090832,0.874799,-0.4668151,-0.1296546
0.1654508,0.03708264,0.15,0.874799,-0.4668151,-0.1296546
0.132961,0.1050588,0.01168523,0.5509783,-0.3788639,-0.7435624
0.1524431,0.1090832,0.0240709,0.5509783,-0.3788639,-0.7435624
0.1524431,0.07217154,0.04287831,0.5509783,-0.3788639,-0.7435624
0.132961,0.06451677,0.03234243,0.5509783,-0.5900944,-0.5900944
0.1524431,0.07217154,0.04287831,0.5509783,-0.5900944,-0.5900944
0.1524431,0.04287831,0.07217154,0.5509783,-0.5900944,-0.5900944
0.132961,0.06451677,0.03234243,0.5509783,-0.378864,-0.7435624
0.132961,0.1050588,0.01168523,0.5509783,-0.378864,-0.7435624
0.1524431,0.07217154,0.04287831,0.5509783,-0.378864,-0.7435624
0.132961,0.03234243,0.06451677,0.5509783,-0.7435624,-0.378864
0.1524431,0.04287831,0.07217154,0.5509783,-0.7435624,-0.378864
0.1524431,0.0240709,0.1090832,0.5509783,-0.7435624,-0.378864
0.132961,0.03234243,0.06451677,0.5509783,-0.5900944,-0.5900944
0.132961,0.06451677,0.03234243,0.5509783,-0.5900944,-0.5900944
0.1524431,0.04287831,0.07217154,0.5509783,-0.5900944,-0.5900944
0.1599079,0.02669526,0.15,0.769453,-0.63084,-0.09991524
0.1524431,0.01759031,0.15,0.769453,-0.63084,-0.09991524
0.1524431,0.0240709,0.1090832,0.769453,-0.63084,-0.09991524
0.132961,0.01168523,0.1050588,0.5509783,-0.8242452,-0.1305476
0.1524431,0.0240709,0.1090832,0.5509783,-0.8242452,-0.1305476
0.1524431,0.01759031,0.15,0.5509783,-0.8242452,-0.1305476
0.132961,0.01168523,0.1050588,0.5509783,-0.7435624,-0.378864
0.132961,0.03234243,0.06451677,0.5509783,-0.7435624,-0.378864
0.1524431,0.0240709,0.1090832,0.5509783,-0.7435624,-0.378864
0.1433441,0.0101184,0.15,0.6252737,-0.761439,-0.1710073
0.132961,0.01168523,0.1050588,0.6252737,-0.761439,-0.1710073
0.1524431,0.01759031,0.15,0.6252737,-0.761439,-0.1710073
0.1433441,0.0101184,0.15,0.4669511,-0.8733961,-0.1383324
0.132961,0.004567243,0.15,0.4669511,-0.8733961,-0.1383324
0.132961,0.01168523,0.1050588,0.4669511,-0.8733961,-0.1383324
0.128541,0.6317088,0.3544287,0.4512281,0.665962,0.5940436
0.128541,0.5523527,0.4433922,0.4512281,0.665962,0.5940436
0.1452671,0.5453413,0.4385475,0.4512281,0.665962,0.5940436
0.1452671,0.6260978,0.3480141,0.7043879,0.5297013,0.4724979
0.1452671,0.5453413,0.4385475,0.7043879,0.5297013,0.4724979
0.158541,0.5344207,0.4310017,0.7043879,0.5297013,0.4724979
0.128541,0.6317088,0.3544287,0.4512281,0.665962,0.5940436
0.1452671,0.5453413,0.4385475,0.4512281,0.665962,0.5940436
0.1452671,0.6260978,0.3480141,0.4512281,0.665962,0.5940436
0.158541,0.6173584,0.3380231,0.8895895,0.3408589,0.304049
0.158541,0.5344207,0.4310017,0.8895895,0.3408589,0.304049
0.1670634,0.5206601,0.4214935,0.8895895,0.3408589,0.304049
0.1452671,0.6260978,0.3480141,0.7043879,0.5297013,0.4724979
0.158541,0.5344207,0.4310017,0.7043879,0.5297013,0.4724979
0.158541,0.6173584,0.3380231,0.7043879,0.5297013,0.4724979
0.158541,0.6173584,0.3380231,0.8895895,0.3408589,0.304049
0.1670634,0.5206601,0.4214935,0.8895895,0.3408589,0.304049
0.1670634,0.6063462,0.3254337,0.8895895,0.3408589,0.304049
0.1452671,0.7265713,0.2800215,0.5520979,0.2927233,0.7807054
0.1524264,0.838923,0.2328327,0.5520979,0.2927233,0.7807054
0.132961,0.8418178,0.2455128,0.5520979,0.2927233,0.7807054
0.132961,2.397218,-0.1095789,0.5555697,0.1850599,0.8106141
0.132961,0.8418178,0.2455128,0.5555697,0.1850599,0.8106141
0.1524264,0.838923,0.2328327,0.5555697,0.1850599,0.8106141
0.128541,0.73044,0.2876152,0.4510096,0.2998737,0.8406344
0.1452671,0.7265713,0.2800215,0.4510096,0.2998737,0.8406344
0.132961,0.8418178,0.2455128,0.4510096,0.2998737,0.8406344
0.158541,0.7205456,0.2681941,0.8289598,0.1989653,0.5227221
0.1654328,0.8345905,0.2138556,0.8289598,0.1989653,0.5227221
0.1524264,0.838923,0.2328327,0.8289598,0.1989653,0.5227221
0.1524264,2.394324,-0.122259,0.8314692,0.1236532,0.5416354
0.1524264,0.838923,0.2328327,0.8314692,0.1236532,0.5416354
0.1654328,0.8345905,0.2138556,0.8314692,0.1236532,0.5416354
0.1452671,0.7265713,0.2800215,0.7040191,0.2364097,0.6696772
0.158541,0.7205456,0.2681941,0.7040191,0.2364097,0.6696772
0.1524264,0.838923,0.2328327,0.7040191,0.2364097,0.6696772
0.1524264,2.394324,-0.122259,0.5555702,0.1850598,0.8106137
0.132961,2.397218,-0.1095789,0.5555702,0.1850598,0.8106137
0.1524264,0.838923,0.2328327,0.5555702,0.1850598,0.8106137
0.158541,0.7205456,0.2681941,0.8893707,0.1517411,0.4312707
0.1670634,0.7129529,0.2532907,0.8893707,0.1517411,0.4312707
0.1654328,0.8345905,0.2138556,0.8893707,0.1517411,0.4312707
0.1654328,2.389991,-0.1412361,0.8314696,0.123653,0.5416348
0.1524264,2.394324,-0.122259,0.8314696,0.123653,0.5416348
0.1654328,0.8345905,0.2138556,0.8314696,0.123653,0.5416348
0.1670634,0.6063462,0.3254337,0.8895895,0.2559926,0.3782834
0.1670634,0.7129529,0.2532907,0.8895895,0.2559926,0.3782834
0.158541,0.7205456,0.2681941,0.8895895,0.2559926,0.3782834
0.158541,0.6173584,0.3380231,0.7043879,0.3978174,0.5878597
0.158541,0.7205456,0.2681941,0.7043879,0.3978174,0.5878597
0.1452671,0.7265713,0.2800215,0.7043879,0.3978174,0.5878597
0.158541,0.6173584,0.3380231,0.8895895,0.2559926,0.3782834
0.1670634,0.6063462,0.3254337,0.8895895,0.2559926,0.3782834
0.158541,0.7205456,0.2681941,0.8895895,0.2559926,0.3782834
0.1452671,0.6260978,0.3480141,0.4512281,0.5001523,0.7390811
0.1452671,0.7265713,0.2800215,0.4512281,0.5001523,0.7390811
0.128541,0.73044,0.2876152,0.4512281,0.5001523,0.7390811
0.1452671,0.6260978,0.3480141,0.7043879,0.3978174,0.5878597
0.158541,0.6173584,0.3380231,0.7043879,0.3978174,0.5878597
0.1452671,0.7265713,0.2800215,0.7043879,0.3978174,0.5878597
0.128541,0.6317088,0.3544287,0.4512281,0.5001523,0.7390811
0.1452671,0.6260978,0.3480141,0.4512281,0.5001523,0.7390811
0.128541,0.73044,0.2876152,0.4512281,0.5001523,0.7390811
0.132961,2.428408,-0.1124372,0.5521612,0.07608902,0.8302581
0.132961,2.397218,-0.1095789,0.5521612,0.07608902,0.8302581
0.1524264,2.394324,-0.122259,0.5521612,0.07608902,0.8302581
0.1524264,2.42895,-0.1254323,0.8291801,0.05101425,0.5566488
0.1524264,2.394324,-0.122259,0.8291801,0.05101425,0.5566488
0.1654328,2.389991,-0.1412361,0.8291801,0.05101425,0.5566488
0.132961,2.428408,-0.1124372,0.5521607,0.07608863,0.8302584
0.1524264,2.394324,-0.122259,0.5521607,0.07608863,0.8302584
0.1524264,2.42895,-0.1254323,0.5521607,0.07608863,0.8302584
0.1524264,2.42895,-0.1254323,0.8291796,0.05101372,0.5566496
0.1654328,2.389991,-0.1412361,0.8291796,0.05101372,0.5566496
0.1654327,2.429761,-0.1448807,0.8291796,0.05101372,0.5566496
0.1524263,2.521076,-0.08196522,0.8291878,-0.3631824,0.4249073
0.1524263,2.494697,-0.1045124,0.8291878,-0.3631824,0.4249073
0.1654327,2.505274,-0.1208535,0.8291878,-0.3631824,0.4249073
0.1524264,2.463225,-0.119377,0.8291739,-0.238727,0.5054504
0.1654327,2.505274,-0.1208535,0.8291739,-0.238727,0.5054504
0.1524263,2.494697,-0.1045124,0.8291739,-0.238727,0.5054504
0.1654327,2.535571,-0.09495723,0.8291884,-0.3631812,0.424907
0.1524263,2.521076,-0.08196522,0.8291884,-0.3631812,0.424907
0.1654327,2.505274,-0.1208535,0.8291884,-0.3631812,0.424907
0.1524264,2.463225,-0.119377,0.8291753,-0.2387275,0.5054478
0.1654328,2.469127,-0.1379261,0.8291753,-0.2387275,0.5054478
0.1654327,2.505274,-0.1208535,0.8291753,-0.2387275,0.5054478
0.1329609,2.511391,-0.07328427,0.5521735,-0.5417027,0.6337686
0.1329609,2.48763,-0.09359367,0.5521735,-0.5417027,0.6337686
0.1524263,2.494697,-0.1045124,0.5521735,-0.5417027,0.6337686
0.1524264,2.463225,-0.119377,0.552153,-0.3560663,0.7538858
0.1524263,2.494697,-0.1045124,0.552153,-0.3560663,0.7538858
0.1329609,2.48763,-0.09359367,0.552153,-0.3560663,0.7538858
0.1524263,2.521076,-0.08196522,0.5521736,-0.5417026,0.6337686
0.1329609,2.511391,-0.07328427,0.5521736,-0.5417026,0.6337686
0.1524263,2.494697,-0.1045124,0.5521736,-0.5417026,0.6337686
0.132961,2.459281,-0.1069829,0.5521543,-0.356065,0.7538855
0.1524264,2.463225,-0.119377,0.5521543,-0.356065,0.7538855
0.1329609,2.48763,-0.09359367,0.5521543,-0.356065,0.7538855
0.1654327,2.429761,-0.1448807,0.8291754,-0.09724882,0.5504642
0.1654328,2.469127,-0.1379261,0.8291754,-0.09724882,0.5504642
0.1524264,2.463225,-0.119377,0.8291754,-0.09724882,0.5504642
0.1524264,2.42895,-0.1254323,0.5521542,-0.1450486,0.8210278
0.1524264,2.463225,-0.119377,0.5521542,-0.1450486,0.8210278
0.132961,2.459281,-0.1069829,0.5521542,-0.1450486,0.8210278
0.1524264,2.42895,-0.1254323,0.8291749,-0.0972494,0.5504648
0.1654327,2.429761,-0.1448807,0.8291749,-0.0972494,0.5504648
0.1524264,2.463225,-0.119377,0.8291749,-0.0972494,0.5504648
0.132961,2.428408,-0.1124372,0.5521539,-0.145049,0.821028
0.1524264,2.42895,-0.1254323,0.5521539,-0.145049,0.821028
0.132961,2.459281,-0.1069829,0.5521539,-0.145049,0.821028
0.03703906,2.48763,-0.09359367,-0.5521749,-0.5417025,0.6337676
0.03703899,2.511391,-0.07328428,-0.5521749,-0.5417025,0.6337676
0.01757359,2.521076,-0.08196527,-0.5521749,-0.5417025,0.6337676
0.004567305,2.505274,-0.1208535,-0.8291893,-0.3631801,0.4249063
0.01757359,2.521076,-0.08196527,-0.8291893,-0.3631801,0.4249063
0.004567228,2.535571,-0.09495728,-0.8291893,-0.3631801,0.4249063
0.01757369,2.494697,-0.1045124,-0.8291877,-0.3631829,0.4249069
0.01757359,2.521076,-0.08196527,-0.8291877,-0.3631829,0.4249069
0.004567305,2.505274,-0.1208535,-0.8291877,-0.3631829,0.4249069
0.03703906,2.48763,-0.09359367,-0.5521735,-0.5417022,0.633769
0.01757359,2.521076,-0.08196527,-0.5521735,-0.5417022,0.633769
0.01757369,2.494697,-0.1045124,-0.5521735,-0.5417022,0.633769
0.01757364,2.394324,-0.1222589,-0.8291796,0.05101398,0.5566496
0.01757363,2.42895,-0.1254323,-0.8291796,0.05101398,0.5566496
0.004567255,2.429761,-0.1448807,-0.8291796,0.05101398,0.5566496
0.004567234,2.469127,-0.1379261,-0.829175,-0.09724892,0.5504648
0.004567255,2.429761,-0.1448807,-0.829175,-0.09724892,0.5504648
0.01757363,2.42895,-0.1254323,-0.829175,-0.09724892,0.5504648
0.004567248,2.389991,-0.1412361,-0.8291796,0.05101397,0.5566496
0.01757364,2.394324,-0.1222589,-0.8291796,0.05101397,0.5566496
0.004567255,2.429761,-0.1448807,-0.8291796,0.05101397,0.5566496
0.03703903,2.397218,-0.1095788,-0.5521607,0.07608879,0.8302584
0.03703902,2.428408,-0.1124372,-0.5521607,0.07608879,0.8302584
0.01757363,2.42895,-0.1254323,-0.5521607,0.07608879,0.8302584
0.0175736,2.463225,-0.119377,-0.5521539,-0.1450487,0.821028
0.01757363,2.42895,-0.1254323,-0.5521539,-0.1450487,0.821028
0.03703902,2.428408,-0.1124372,-0.5521539,-0.1450487,0.821028
0.01757364,2.394324,-0.1222589,-0.5521605,0.076089,0.8302586
0.03703903,2.397218,-0.1095788,-0.5521605,0.076089,0.8302586
0.01757363,2.42895,-0.1254323,-0.5521605,0.076089,0.8302586
0.0175736,2.463225,-0.119377,-0.8291754,-0.09724928,0.5504641
0.004567234,2.469127,-0.1379261,-0.8291754,-0.09724928,0.5504641
0.01757363,2.42895,-0.1254323,-0.8291754,-0.09724928,0.5504641
0.037039,2.459281,-0.1069829,-0.5521543,-0.145049,0.8210277
0.0175736,2.463225,-0.119377,-0.5521543,-0.145049,0.8210277
0.03703902,2.428408,-0.1124372,-0.5521543,-0.145049,0.8210277
0.03703899,0.8418178,0.2455128,-0.5555695,0.1850599,0.8106142
0.03703903,2.397218,-0.1095788,-0.5555695,0.1850599,0.8106142
0.01757364,2.394324,-0.1222589,-0.5555695,0.1850599,0.8106142
0.01757359,0.8389229,0.2328327,-0.8314691,0.1236532,0.5416355
0.01757364,2.394324,-0.1222589,-0.8314691,0.1236532,0.5416355
0.004567248,2.389991,-0.1412361,-0.8314691,0.1236532,0.5416355
0.01757359,0.8389229,0.2328327,-0.5555702,0.1850598,0.8106137
0.03703899,0.8418178,0.2455128,-0.5555702,0.1850598,0.8106137
0.01757364,2.394324,-0.1222589,-0.5555702,0.1850598,0.8106137
0.004567228,0.8345905,0.2138555,-0.8314696,0.123653,0.5416348
0.01757359,0.8389229,0.2328327,-0.8314696,0.123653,0.5416348
0.004567248,2.389991,-0.1412361,-0.8314696,0.123653,0.5416348
0.004567305,2.505274,-0.1208535,-0.8291753,-0.2387275,0.5054478
0.004567234,2.469127,-0.1379261,-0.8291753,-0.2387275,0.5054478
0.0175736,2.463225,-0.119377,-0.8291753,-0.2387275,0.5054478
0.01757369,2.494697,-0.1045124,-0.5521542,-0.3560659,0.7538851
0.0175736,2.463225,-0.119377,-0.5521542,-0.3560659,0.7538851
0.037039,2.459281,-0.1069829,-0.5521542,-0.3560659,0.7538851
0.01757369,2.494697,-0.1045124,-0.8291739,-0.238727,0.5054504
0.004567305,2.505274,-0.1208535,-0.8291739,-0.238727,0.5054504
0.0175736,2.463225,-0.119377,-0.8291739,-0.238727,0.5054504
0.03703906,2.48763,-0.09359367,-0.5521529,-0.3560653,0.7538863
0.01757369,2.494697,-0.1045124,-0.5521529,-0.3560653,0.7538863
0.037039,2.459281,-0.1069829,-0.5521529,-0.3560653,0.7538863
0.02473288,0.7265713,0.2800215,-0.5520985,0.2927232,0.7807051
0.03703899,0.8418178,0.2455128,-0.5520985,0.2927232,0.7807051
0.01757359,0.8389229,0.2328327,-0.5520985,0.2927232,0.7807051
0.04145898,0.73044,0.2876152,-0.4510096,0.2998737,0.8406344
0.03703899,0.8418178,0.2455128,-0.4510096,0.2998737,0.8406344
0.02473288,0.7265713,0.2800215,-0.4510096,0.2998737,0.8406344
0.01145898,0.7205456,0.2681941,-0.8289603,0.198965,0.5227215
0.01757359,0.8389229,0.2328327,-0.8289603,0.198965,0.5227215
0.004567228,0.8345905,0.2138555,-0.8289603,0.198965,0.5227215
0.02473288,0.7265713,0.2800215,-0.7040191,0.2364097,0.6696772
0.01757359,0.8389229,0.2328327,-0.7040191,0.2364097,0.6696772
0.01145898,0.7205456,0.2681941,-0.7040191,0.2364097,0.6696772
0.01145898,0.7205456,0.2681941,-0.8893707,0.1517412,0.4312707
0.004567228,0.8345905,0.2138555,-0.8893707,0.1517412,0.4312707
0.002936609,0.7129529,0.2532907,-0.8893707,0.1517412,0.4312707
0.002936609,0.6063462,0.3254337,-0.8895895,0.3408589,0.304049
0.002936609,0.5206601,0.4214935,-0.8895895,0.3408589,0.304049
0.01145898,0.5344207,0.4310017,-0.8895895,0.3408589,0.304049
0.01145898,0.6173584,0.3380231,-0.7043879,0.5297013,0.4724979
0.01145898,0.5344207,0.4310017,-0.7043879,0.5297013,0.4724979
0.02473288,0.5453413,0.4385475,-0.7043879,0.5297013,0.4724979
0.01145898,0.6173584,0.3380231,-0.8895895,0.3408589,0.304049
0.002936609,0.6063462,0.3254337,-0.8895895,0.3408589,0.304049
0.01145898,0.5344207,0.4310017,-0.8895895,0.3408589,0.304049
0.02473288,0.6260978,0.3480141,-0.4512281,0.665962,0.5940436
0.02473288,0.5453413,0.4385475,-0.4512281,0.665962,0.5940436
0.04145898,0.5523527,0.4433922,-0.4512281,0.665962,0.5940436
0.02473288,0.6260978,0.3480141,-0.7043879,0.5297013,0.4724979
0.01145898,0.6173584,0.3380231,-0.7043879,0.5297013,0.4724979
0.02473288,0.5453413,0.4385475,-0.7043879,0.5297013,0.4724979
0.04145898,0.6317088,0.3544287,-0.4512281,0.665962,0.5940436
0.02473288,0.6260978,0.3480141,-0.4512281,0.665962,0.5940436
0.04145898,0.5523527,0.4433922,-0.4512281,0.665962,0.5940436
0.002936609,0.7129529,0.2532907,-0.8895895,0.2559926,0.3782834
0.002936609,0.6063462,0.3254337,-0.8895895,0.2559926,0.3782834
0.01145898,0.6173584,0.3380231,-0.8895895,0.2559926,0.3782834
0.01145898,0.7205456,0.2681941,-0.7043879,0.3978174,0.5878597
0.01145898,0.6173584,0.3380231,-0.7043879,0.3978174,0.5878597
0.02473288,0.6260978,0.3480141,-0.7043879,0.3978174,0.5878597
