5.0251,71.6944,35.245,1.0,0.0,0.0
5.0251,68.15,34.751,1.0,0.0,0.0
5.0251,73.15,28.3975,1.0,0.0,0.0
5.0251,87.7012,34.7025,1.0,0.0,0.0
5.0251,90.8262,37.1867,1.0,0.0,0.0
5.0251,93.6734,39.9851,1.0,0.0,0.0
5.0251,84.6138,41.1271,1.0,0.0,0.0
5.0251,81.6613,39.105,1.0,0.0,0.0
5.0251,73.15,28.3975,1.0,0.0,0.0
5.0251,81.6613,39.105,1.0,0.0,0.0
5.0251,78.4953,37.4366,1.0,0.0,0.0
5.0251,73.15,28.3975,1.0,0.0,0.0
5.0251,73.15,28.3975,1.0,0.0,0.0
5.0251,78.4953,37.4366,1.0,0.0,0.0
5.0251,75.1582,36.1442,1.0,0.0,0.0
5.0251,73.15,28.3975,1.0,0.0,0.0
5.0251,75.1582,36.1442,1.0,0.0,0.0
5.0251,71.6944,35.245,1.0,0.0,0.0
5.0251,60.335,27.1071,1.0,0.0,0.0
5.0251,60.544,27.143,1.0,0.0,0.0
5.0251,63.15,34.751,1.0,0.0,0.0
5.0251,69.5338,26.4602,1.0,0.0,0.0
5.0251,69.645,26.6408,1.0,0.0,0.0
5.0251,68.15,34.751,1.0,0.0,0.0
5.0251,68.15,34.751,1.0,0.0,0.0
5.0251,69.645,26.6408,1.0,0.0,0.0
5.0251,69.7851,26.7999,1.0,0.0,0.0
5.0251,70.335,27.1071,1.0,0.0,0.0
5.0251,70.544,27.143,1.0,0.0,0.0
5.0251,68.15,34.751,1.0,0.0,0.0
5.0251,73.15,23.3975,1.0,0.0,0.0
5.0251,71.4353,24.9249,1.0,0.0,0.0
5.0251,71.2596,24.8062,1.0,0.0,0.0
5.0251,63.15,23.3975,1.0,0.0,0.0
5.0251,61.4353,24.9249,1.0,0.0,0.0
5.0251,61.2596,24.8062,1.0,0.0,0.0
5.0251,70.4388,24.6655,1.0,0.0,0.0
5.0251,70.2336,24.7189,1.0,0.0,0.0
5.0251,68.15,23.3975,1.0,0.0,0.0
5.0251,68.15,23.3975,1.0,0.0,0.0
5.0251,70.2336,24.7189,1.0,0.0,0.0
5.0251,70.0404,24.8062,1.0,0.0,0.0
5.0251,68.15,23.3975,1.0,0.0,0.0
5.0251,70.0404,24.8062,1.0,0.0,0.0
5.0251,69.8647,24.9249,1.0,0.0,0.0
5.0251,69.4901,25.4314,1.0,0.0,0.0
5.0251,69.4281,25.6341,1.0,0.0,0.0
5.0251,68.15,23.3975,1.0,0.0,0.0
5.0251,69.7851,26.7999,1.0,0.0,0.0
5.0251,69.95,26.9331,1.0,0.0,0.0
5.0251,68.15,34.751,1.0,0.0,0.0
5.0251,68.15,34.751,1.0,0.0,0.0
5.0251,69.95,26.9331,1.0,0.0,0.0
5.0251,70.1351,27.0365,1.0,0.0,0.0
5.0251,68.15,34.751,1.0,0.0,0.0
5.0251,70.1351,27.0365,1.0,0.0,0.0
5.0251,70.335,27.1071,1.0,0.0,0.0
5.0251,71.2596,24.8062,1.0,0.0,0.0
5.0251,71.0664,24.7189,1.0,0.0,0.0
5.0251,73.15,23.3975,1.0,0.0,0.0
5.0251,73.15,23.3975,1.0,0.0,0.0
5.0251,71.0664,24.7189,1.0,0.0,0.0
5.0251,70.8613,24.6655,1.0,0.0,0.0
5.0251,73.15,23.3975,1.0,0.0,0.0
5.0251,70.8613,24.6655,1.0,0.0,0.0
5.0251,68.15,23.3975,1.0,0.0,0.0
5.0251,68.15,23.3975,1.0,0.0,0.0
5.0251,70.8613,24.6655,1.0,0.0,0.0
5.0251,70.65,24.6475,1.0,0.0,0.0
5.0251,68.15,23.3975,1.0,0.0,0.0
5.0251,70.65,24.6475,1.0,0.0,0.0
5.0251,70.4388,24.6655,1.0,0.0,0.0
5.0251,60.4388,24.6655,1.0,0.0,0.0
5.0251,60.2336,24.7189,1.0,0.0,0.0
5.0251,58.15,23.3975,1.0,0.0,0.0
5.0251,58.15,23.3975,1.0,0.0,0.0
5.0251,60.2336,24.7189,1.0,0.0,0.0
5.0251,60.0404,24.8062,1.0,0.0,0.0
5.0251,58.15,23.3975,1.0,0.0,0.0
5.0251,60.0404,24.8062,1.0,0.0,0.0
5.0251,59.8647,24.9249,1.0,0.0,0.0
5.0251,59.645,26.6408,1.0,0.0,0.0
5.0251,58.15,28.3975,1.0,0.0,0.0
5.0251,59.5338,26.4602,1.0,0.0,0.0
5.0251,59.5338,26.4602,1.0,0.0,0.0
5.0251,58.15,28.3975,1.0,0.0,0.0
5.0251,59.4548,26.2635,1.0,0.0,0.0
5.0251,59.645,26.6408,1.0,0.0,0.0
5.0251,59.7851,26.7999,1.0,0.0,0.0
5.0251,58.15,28.3975,1.0,0.0,0.0
5.0251,58.15,28.3975,1.0,0.0,0.0
5.0251,59.7851,26.7999,1.0,0.0,0.0
5.0251,59.95,26.9331,1.0,0.0,0.0
5.0251,58.15,28.3975,1.0,0.0,0.0
5.0251,59.95,26.9331,1.0,0.0,0.0
5.0251,60.1351,27.0365,1.0,0.0,0.0
5.0251,61.2596,24.8062,1.0,0.0,0.0
5.0251,61.0664,24.7189,1.0,0.0,0.0
5.0251,63.15,23.3975,1.0,0.0,0.0
5.0251,63.15,23.3975,1.0,0.0,0.0
5.0251,61.0664,24.7189,1.0,0.0,0.0
5.0251,60.8613,24.6655,1.0,0.0,0.0
5.0251,63.15,23.3975,1.0,0.0,0.0
5.0251,60.8613,24.6655,1.0,0.0,0.0
5.0251,58.15,23.3975,1.0,0.0,0.0
5.0251,58.15,23.3975,1.0,0.0,0.0
5.0251,60.8613,24.6655,1.0,0.0,0.0
5.0251,60.65,24.6475,1.0,0.0,0.0
5.0251,58.15,23.3975,1.0,0.0,0.0
5.0251,60.65,24.6475,1.0,0.0,0.0
5.0251,60.4388,24.6655,1.0,0.0,0.0
5.0251,69.8647,24.9249,1.0,0.0,0.0
5.0251,69.7117,25.0716,1.0,0.0,0.0
5.0251,68.15,23.3975,1.0,0.0,0.0
5.0251,68.15,23.3975,1.0,0.0,0.0
5.0251,69.7117,25.0716,1.0,0.0,0.0
5.0251,69.5856,25.2421,1.0,0.0,0.0
5.0251,68.15,23.3975,1.0,0.0,0.0
5.0251,69.5856,25.2421,1.0,0.0,0.0
5.0251,69.4901,25.4314,1.0,0.0,0.0
5.0251,59.8647,24.9249,1.0,0.0,0.0
5.0251,59.7117,25.0716,1.0,0.0,0.0
5.0251,58.15,23.3975,1.0,0.0,0.0
5.0251,58.15,23.3975,1.0,0.0,0.0
5.0251,59.7117,25.0716,1.0,0.0,0.0
5.0251,59.5856,25.2421,1.0,0.0,0.0
5.0251,58.15,23.3975,1.0,0.0,0.0
5.0251,59.5856,25.2421,1.0,0.0,0.0
5.0251,59.4901,25.4314,1.0,0.0,0.0
5.0251,69.4281,25.6341,1.0,0.0,0.0
5.0251,69.4011,25.8444,1.0,0.0,0.0
5.0251,68.15,23.3975,1.0,0.0,0.0
5.0251,68.15,23.3975,1.0,0.0,0.0
5.0251,69.4011,25.8444,1.0,0.0,0.0
5.0251,69.4101,26.0563,1.0,0.0,0.0
5.0251,68.15,23.3975,1.0,0.0,0.0
5.0251,69.4101,26.0563,1.0,0.0,0.0
5.0251,68.15,34.751,1.0,0.0,0.0
5.0251,68.15,34.751,1.0,0.0,0.0
5.0251,69.4101,26.0563,1.0,0.0,0.0
5.0251,69.4548,26.2635,1.0,0.0,0.0
5.0251,68.15,34.751,1.0,0.0,0.0
5.0251,69.4548,26.2635,1.0,0.0,0.0
5.0251,69.5338,26.4602,1.0,0.0,0.0
5.0251,71.35,26.9331,1.0,0.0,0.0
5.0251,71.5149,26.7999,1.0,0.0,0.0
5.0251,73.15,28.3975,1.0,0.0,0.0
5.0251,73.15,28.3975,1.0,0.0,0.0
5.0251,71.5149,26.7999,1.0,0.0,0.0
5.0251,71.655,26.6408,1.0,0.0,0.0
5.0251,73.15,28.3975,1.0,0.0,0.0
5.0251,71.655,26.6408,1.0,0.0,0.0
5.0251,71.7662,26.4602,1.0,0.0,0.0
5.0251,60.544,27.143,1.0,0.0,0.0
5.0251,60.756,27.143,1.0,0.0,0.0
5.0251,63.15,34.751,1.0,0.0,0.0
5.0251,63.15,34.751,1.0,0.0,0.0
5.0251,60.756,27.143,1.0,0.0,0.0
5.0251,60.965,27.1071,1.0,0.0,0.0
5.0251,63.15,34.751,1.0,0.0,0.0
5.0251,60.965,27.1071,1.0,0.0,0.0
5.0251,61.1649,27.0365,1.0,0.0,0.0
5.0251,61.1649,27.0365,1.0,0.0,0.0
5.0251,61.35,26.9331,1.0,0.0,0.0
5.0251,63.15,34.751,1.0,0.0,0.0
5.0251,63.15,34.751,1.0,0.0,0.0
5.0251,61.35,26.9331,1.0,0.0,0.0
5.0251,61.5149,26.7999,1.0,0.0,0.0
5.0251,63.15,34.751,1.0,0.0,0.0
5.0251,61.5149,26.7999,1.0,0.0,0.0
5.0251,61.655,26.6408,1.0,0.0,0.0
5.0251,70.544,27.143,1.0,0.0,0.0
5.0251,70.756,27.143,1.0,0.0,0.0
5.0251,68.15,34.751,1.0,0.0,0.0
5.0251,68.15,34.751,1.0,0.0,0.0
5.0251,70.756,27.143,1.0,0.0,0.0
5.0251,70.965,27.1071,1.0,0.0,0.0
5.0251,68.15,34.751,1.0,0.0,0.0
5.0251,70.965,27.1071,1.0,0.0,0.0
5.0251,73.15,28.3975,1.0,0.0,0.0
5.0251,73.15,28.3975,1.0,0.0,0.0
5.0251,70.965,27.1071,1.0,0.0,0.0
5.0251,71.1649,27.0365,1.0,0.0,0.0
5.0251,73.15,28.3975,1.0,0.0,0.0
5.0251,71.1649,27.0365,1.0,0.0,0.0
5.0251,71.35,26.9331,1.0,0.0,0.0
5.0251,59.4901,25.4314,1.0,0.0,0.0
5.0251,59.4281,25.6341,1.0,0.0,0.0
5.0251,58.15,23.3975,1.0,0.0,0.0
5.0251,58.15,23.3975,1.0,0.0,0.0
5.0251,59.4281,25.6341,1.0,0.0,0.0
5.0251,59.4011,25.8444,1.0,0.0,0.0
5.0251,58.15,23.3975,1.0,0.0,0.0
5.0251,59.4011,25.8444,1.0,0.0,0.0
5.0251,58.15,28.3975,1.0,0.0,0.0
5.0251,58.15,28.3975,1.0,0.0,0.0
5.0251,59.4011,25.8444,1.0,0.0,0.0
5.0251,59.4101,26.0563,1.0,0.0,0.0
5.0251,58.15,28.3975,1.0,0.0,0.0
5.0251,59.4101,26.0563,1.0,0.0,0.0
5.0251,59.4548,26.2635,1.0,0.0,0.0
5.0251,73.15,23.3975,1.0,0.0,0.0
5.0251,71.8719,25.6341,1.0,0.0,0.0
5.0251,71.8099,25.4314,1.0,0.0,0.0
5.0251,41.5752,46.1204,1.0,0.0,0.0
5.0251,37.6266,39.9851,1.0,0.0,0.0
5.0251,43.9863,43.476,1.0,0.0,0.0
5.0251,43.9863,43.476,1.0,0.0,0.0
5.0251,37.6266,39.9851,1.0,0.0,0.0
5.0251,40.4738,37.1867,1.0,0.0,0.0
5.0251,43.9863,43.476,1.0,0.0,0.0
5.0251,40.4738,37.1867,1.0,0.0,0.0
5.0251,46.6862,41.1271,1.0,0.0,0.0
5.0251,46.6862,41.1271,1.0,0.0,0.0
5.0251,40.4738,37.1867,1.0,0.0,0.0
5.0251,43.5988,34.7025,1.0,0.0,0.0
5.0251,46.6862,41.1271,1.0,0.0,0.0
5.0251,43.5988,34.7025,1.0,0.0,0.0
5.0251,49.6387,39.105,1.0,0.0,0.0
5.0251,49.6387,39.105,1.0,0.0,0.0
5.0251,43.5988,34.7025,1.0,0.0,0.0
5.0251,46.9672,32.5599,1.0,0.0,0.0
5.0251,49.6387,39.105,1.0,0.0,0.0
5.0251,46.9672,32.5599,1.0,0.0,0.0
5.0251,52.8047,37.4366,1.0,0.0,0.0
5.0251,52.8047,37.4366,1.0,0.0,0.0
5.0251,46.9672,32.5599,1.0,0.0,0.0
5.0251,50.5418,30.7825,1.0,0.0,0.0
5.0251,52.8047,37.4366,1.0,0.0,0.0
5.0251,50.5418,30.7825,1.0,0.0,0.0
5.0251,56.1418,36.1442,1.0,0.0,0.0
5.0251,56.1418,36.1442,1.0,0.0,0.0
5.0251,50.5418,30.7825,1.0,0.0,0.0
5.0251,54.2832,29.3899,1.0,0.0,0.0
5.0251,56.1418,36.1442,1.0,0.0,0.0
5.0251,54.2832,29.3899,1.0,0.0,0.0
5.0251,59.6056,35.245,1.0,0.0,0.0
5.0251,59.6056,35.245,1.0,0.0,0.0
5.0251,54.2832,29.3899,1.0,0.0,0.0
5.0251,58.15,28.3975,1.0,0.0,0.0
5.0251,59.6056,35.245,1.0,0.0,0.0
5.0251,58.15,28.3975,1.0,0.0,0.0
5.0251,63.15,34.751,1.0,0.0,0.0
5.0251,63.15,34.751,1.0,0.0,0.0
5.0251,58.15,28.3975,1.0,0.0,0.0
5.0251,60.1351,27.0365,1.0,0.0,0.0
5.0251,63.15,34.751,1.0,0.0,0.0
5.0251,60.1351,27.0365,1.0,0.0,0.0
5.0251,60.335,27.1071,1.0,0.0,0.0
5.0251,61.8989,25.8444,1.0,0.0,0.0
5.0251,61.8719,25.6341,1.0,0.0,0.0
5.0251,63.15,23.3975,1.0,0.0,0.0
5.0251,63.15,23.3975,1.0,0.0,0.0
5.0251,61.8719,25.6341,1.0,0.0,0.0
5.0251,61.8099,25.4314,1.0,0.0,0.0
5.0251,94.6846,76.5125,1.0,0.0,0.0
5.0251,100.43,80.959,1.0,0.0,0.0
5.0251,93.2392,79.7863,1.0,0.0,0.0
5.0251,93.2392,79.7863,1.0,0.0,0.0
5.0251,100.43,80.959,1.0,0.0,0.0
5.0251,98.6318,84.5233,1.0,0.0,0.0
5.0251,93.2392,79.7863,1.0,0.0,0.0
5.0251,98.6318,84.5233,1.0,0.0,0.0
5.0251,91.4262,82.8717,1.0,0.0,0.0
5.0251,91.4262,82.8717,1.0,0.0,0.0
5.0251,98.6318,84.5233,1.0,0.0,0.0
5.0251,96.4698,87.8793,1.0,0.0,0.0
5.0251,91.4262,82.8717,1.0,0.0,0.0
5.0251,96.4698,87.8793,1.0,0.0,0.0
5.0251,89.2697,85.7276,1.0,0.0,0.0
5.0251,89.2697,85.7276,1.0,0.0,0.0
5.0251,96.4698,87.8793,1.0,0.0,0.0
5.0251,93.9676,90.99,1.0,0.0,0.0
5.0251,89.2697,85.7276,1.0,0.0,0.0
5.0251,93.9676,90.99,1.0,0.0,0.0
5.0251,86.7984,88.3159,1.0,0.0,0.0
5.0251,86.7984,88.3159,1.0,0.0,0.0
5.0251,93.9676,90.99,1.0,0.0,0.0
5.0251,91.1529,93.821,1.0,0.0,0.0
5.0251,86.7984,88.3159,1.0,0.0,0.0
5.0251,91.1529,93.821,1.0,0.0,0.0
5.0251,84.0453,90.6022,1.0,0.0,0.0
5.0251,84.0453,90.6022,1.0,0.0,0.0
5.0251,91.1529,93.821,1.0,0.0,0.0
5.0251,88.0567,96.341,1.0,0.0,0.0
5.0251,84.0453,90.6022,1.0,0.0,0.0
5.0251,88.0567,96.341,1.0,0.0,0.0
5.0251,81.0471,92.556,1.0,0.0,0.0
5.0251,81.0471,92.556,1.0,0.0,0.0
5.0251,88.0567,96.341,1.0,0.0,0.0
5.0251,84.7132,98.5224,1.0,0.0,0.0
5.0251,81.0471,92.556,1.0,0.0,0.0
5.0251,84.7132,98.5224,1.0,0.0,0.0
5.0251,77.8436,94.1512,1.0,0.0,0.0
5.0251,77.8436,94.1512,1.0,0.0,0.0
5.0251,84.7132,98.5224,1.0,0.0,0.0
5.0251,81.1594,100.341,1.0,0.0,0.0
5.0251,77.8436,94.1512,1.0,0.0,0.0
5.0251,81.1594,100.341,1.0,0.0,0.0
5.0251,74.4777,95.3665,1.0,0.0,0.0
5.0251,74.4777,95.3665,1.0,0.0,0.0
5.0251,81.1594,100.341,1.0,0.0,0.0
5.0251,77.4343,101.777,1.0,0.0,0.0
5.0251,74.4777,95.3665,1.0,0.0,0.0
5.0251,77.4343,101.777,1.0,0.0,0.0
5.0251,70.9941,96.1859,1.0,0.0,0.0
5.0251,70.9941,96.1859,1.0,0.0,0.0
5.0251,77.4343,101.777,1.0,0.0,0.0
5.0251,73.5792,102.814,1.0,0.0,0.0
5.0251,70.9941,96.1859,1.0,0.0,0.0
5.0251,73.5792,102.814,1.0,0.0,0.0
5.0251,67.4393,96.5983,1.0,0.0,0.0
5.0251,73.15,28.3975,1.0,0.0,0.0
5.0251,77.0168,29.3899,1.0,0.0,0.0
5.0251,80.7582,30.7825,1.0,0.0,0.0
5.0251,84.6138,41.1271,1.0,0.0,0.0
5.0251,73.15,28.3975,1.0,0.0,0.0
5.0251,87.3137,43.476,1.0,0.0,0.0
5.0251,87.3137,43.476,1.0,0.0,0.0
5.0251,73.15,28.3975,1.0,0.0,0.0
5.0251,80.7582,30.7825,1.0,0.0,0.0
5.0251,87.3137,43.476,1.0,0.0,0.0
5.0251,80.7582,30.7825,1.0,0.0,0.0
5.0251,84.3328,32.5599,1.0,0.0,0.0
5.0251,61.655,26.6408,1.0,0.0,0.0
5.0251,61.7662,26.4602,1.0,0.0,0.0
5.0251,63.15,34.751,1.0,0.0,0.0
5.0251,63.15,34.751,1.0,0.0,0.0
5.0251,61.7662,26.4602,1.0,0.0,0.0
5.0251,61.8452,26.2635,1.0,0.0,0.0
5.0251,63.15,34.751,1.0,0.0,0.0
5.0251,61.8452,26.2635,1.0,0.0,0.0
5.0251,63.15,23.3975,1.0,0.0,0.0
5.0251,63.15,23.3975,1.0,0.0,0.0
5.0251,61.8452,26.2635,1.0,0.0,0.0
5.0251,61.8899,26.0563,1.0,0.0,0.0
5.0251,63.15,23.3975,1.0,0.0,0.0
5.0251,61.8899,26.0563,1.0,0.0,0.0
5.0251,61.8989,25.8444,1.0,0.0,0.0
5.0251,71.7662,26.4602,1.0,0.0,0.0
5.0251,71.8452,26.2635,1.0,0.0,0.0
5.0251,73.15,28.3975,1.0,0.0,0.0
5.0251,73.15,28.3975,1.0,0.0,0.0
5.0251,71.8452,26.2635,1.0,0.0,0.0
5.0251,71.8899,26.0563,1.0,0.0,0.0
5.0251,73.15,28.3975,1.0,0.0,0.0
5.0251,71.8899,26.0563,1.0,0.0,0.0
5.0251,73.15,23.3975,1.0,0.0,0.0
5.0251,73.15,23.3975,1.0,0.0,0.0
5.0251,71.8899,26.0563,1.0,0.0,0.0
5.0251,71.8989,25.8444,1.0,0.0,0.0
5.0251,73.15,23.3975,1.0,0.0,0.0
5.0251,71.8989,25.8444,1.0,0.0,0.0
5.0251,71.8719,25.6341,1.0,0.0,0.0
5.0251,71.8099,25.4314,1.0,0.0,0.0
5.0251,71.7144,25.2421,1.0,0.0,0.0
5.0251,73.15,23.3975,1.0,0.0,0.0
5.0251,73.15,23.3975,1.0,0.0,0.0
5.0251,71.7144,25.2421,1.0,0.0,0.0
5.0251,71.5883,25.0716,1.0,0.0,0.0
5.0251,73.15,23.3975,1.0,0.0,0.0
5.0251,71.5883,25.0716,1.0,0.0,0.0
5.0251,71.4353,24.9249,1.0,0.0,0.0
5.0251,38.0608,79.7863,1.0,0.0,0.0
5.0251,30.8702,80.959,1.0,0.0,0.0
5.0251,36.6154,76.5125,1.0,0.0,0.0
5.0251,36.6154,76.5125,1.0,0.0,0.0
5.0251,30.8702,80.959,1.0,0.0,0.0
5.0251,29.4561,77.2258,1.0,0.0,0.0
5.0251,36.6154,76.5125,1.0,0.0,0.0
5.0251,29.4561,77.2258,1.0,0.0,0.0
5.0251,35.557,73.094,1.0,0.0,0.0
5.0251,35.557,73.094,1.0,0.0,0.0
5.0251,29.4561,77.2258,1.0,0.0,0.0
5.0251,28.4414,73.3647,1.0,0.0,0.0
5.0251,35.557,73.094,1.0,0.0,0.0
5.0251,28.4414,73.3647,1.0,0.0,0.0
5.0251,34.8996,69.5763,1.0,0.0,0.0
5.0251,34.8996,69.5763,1.0,0.0,0.0
5.0251,28.4414,73.3647,1.0,0.0,0.0
5.0251,27.8373,69.4186,1.0,0.0,0.0
5.0251,34.8996,69.5763,1.0,0.0,0.0
5.0251,27.8373,69.4186,1.0,0.0,0.0
5.0251,34.652,66.0062,1.0,0.0,0.0
5.0251,34.652,66.0062,1.0,0.0,0.0
5.0251,27.8373,69.4186,1.0,0.0,0.0
5.0251,27.6506,65.4308,1.0,0.0,0.0
5.0251,34.652,66.0062,1.0,0.0,0.0
5.0251,27.6506,65.4308,1.0,0.0,0.0
5.0251,34.8175,62.4314,1.0,0.0,0.0
5.0251,34.8175,62.4314,1.0,0.0,0.0
5.0251,27.6506,65.4308,1.0,0.0,0.0
5.0251,27.8833,61.4455,1.0,0.0,0.0
5.0251,34.8175,62.4314,1.0,0.0,0.0
5.0251,27.8833,61.4455,1.0,0.0,0.0
5.0251,35.3939,58.8995,1.0,0.0,0.0
5.0251,35.3939,58.8995,1.0,0.0,0.0
5.0251,27.8833,61.4455,1.0,0.0,0.0
5.0251,28.5328,57.5066,1.0,0.0,0.0
5.0251,35.3939,58.8995,1.0,0.0,0.0
5.0251,28.5328,57.5066,1.0,0.0,0.0
5.0251,36.3735,55.4575,1.0,0.0,0.0
5.0251,36.3735,55.4575,1.0,0.0,0.0
5.0251,28.5328,57.5066,1.0,0.0,0.0
5.0251,29.592,53.6575,1.0,0.0,0.0
5.0251,36.3735,55.4575,1.0,0.0,0.0
5.0251,29.592,53.6575,1.0,0.0,0.0
5.0251,37.7432,52.1514,1.0,0.0,0.0
5.0251,37.7432,52.1514,1.0,0.0,0.0
5.0251,29.592,53.6575,1.0,0.0,0.0
5.0251,31.0491,49.9408,1.0,0.0,0.0
5.0251,37.7432,52.1514,1.0,0.0,0.0
5.0251,31.0491,49.9408,1.0,0.0,0.0
5.0251,39.4849,49.0251,1.0,0.0,0.0
5.0251,39.4849,49.0251,1.0,0.0,0.0
5.0251,31.0491,49.9408,1.0,0.0,0.0
5.0251,32.8881,46.3975,1.0,0.0,0.0
5.0251,39.4849,49.0251,1.0,0.0,0.0
5.0251,32.8881,46.3975,1.0,0.0,0.0
5.0251,41.5752,46.1204,1.0,0.0,0.0
5.0251,41.5752,46.1204,1.0,0.0,0.0
5.0251,32.8881,46.3975,1.0,0.0,0.0
5.0251,35.0887,43.0666,1.0,0.0,0.0
5.0251,41.5752,46.1204,1.0,0.0,0.0
5.0251,35.0887,43.0666,1.0,0.0,0.0
5.0251,37.6266,39.9851,1.0,0.0,0.0
5.0251,84.3328,32.5599,1.0,0.0,0.0
5.0251,87.7012,34.7025,1.0,0.0,0.0
5.0251,87.3137,43.476,1.0,0.0,0.0
5.0251,87.3137,43.476,1.0,0.0,0.0
5.0251,87.7012,34.7025,1.0,0.0,0.0
5.0251,93.6734,39.9851,1.0,0.0,0.0
5.0251,87.3137,43.476,1.0,0.0,0.0
5.0251,93.6734,39.9851,1.0,0.0,0.0
5.0251,89.7248,46.1204,1.0,0.0,0.0
5.0251,89.7248,46.1204,1.0,0.0,0.0
5.0251,93.6734,39.9851,1.0,0.0,0.0
5.0251,96.2113,43.0666,1.0,0.0,0.0
5.0251,89.7248,46.1204,1.0,0.0,0.0
5.0251,96.2113,43.0666,1.0,0.0,0.0
5.0251,91.8151,49.0251,1.0,0.0,0.0
5.0251,91.8151,49.0251,1.0,0.0,0.0
5.0251,96.2113,43.0666,1.0,0.0,0.0
5.0251,98.4119,46.3975,1.0,0.0,0.0
5.0251,91.8151,49.0251,1.0,0.0,0.0
5.0251,98.4119,46.3975,1.0,0.0,0.0
5.0251,93.5568,52.1514,1.0,0.0,0.0
5.0251,93.5568,52.1514,1.0,0.0,0.0
5.0251,98.4119,46.3975,1.0,0.0,0.0
5.0251,100.251,49.9408,1.0,0.0,0.0
5.0251,93.5568,52.1514,1.0,0.0,0.0
5.0251,100.251,49.9408,1.0,0.0,0.0
5.0251,94.9265,55.4575,1.0,0.0,0.0
5.0251,94.9265,55.4575,1.0,0.0,0.0
5.0251,100.251,49.9408,1.0,0.0,0.0
5.0251,101.708,53.6575,1.0,0.0,0.0
5.0251,94.9265,55.4575,1.0,0.0,0.0
5.0251,101.708,53.6575,1.0,0.0,0.0
5.0251,95.9061,58.8995,1.0,0.0,0.0
5.0251,95.9061,58.8995,1.0,0.0,0.0
5.0251,101.708,53.6575,1.0,0.0,0.0
5.0251,102.767,57.5066,1.0,0.0,0.0
5.0251,95.9061,58.8995,1.0,0.0,0.0
5.0251,102.767,57.5066,1.0,0.0,0.0
5.0251,96.4825,62.4314,1.0,0.0,0.0
5.0251,96.4825,62.4314,1.0,0.0,0.0
5.0251,102.767,57.5066,1.0,0.0,0.0
5.0251,103.417,61.4455,1.0,0.0,0.0
5.0251,96.4825,62.4314,1.0,0.0,0.0
5.0251,103.417,61.4455,1.0,0.0,0.0
5.0251,96.648,66.0062,1.0,0.0,0.0
5.0251,96.648,66.0062,1.0,0.0,0.0
5.0251,103.417,61.4455,1.0,0.0,0.0
5.0251,103.649,65.4308,1.0,0.0,0.0
5.0251,96.648,66.0062,1.0,0.0,0.0
5.0251,103.649,65.4308,1.0,0.0,0.0
5.0251,96.4004,69.5763,1.0,0.0,0.0
5.0251,96.4004,69.5763,1.0,0.0,0.0
5.0251,103.649,65.4308,1.0,0.0,0.0
5.0251,103.463,69.4186,1.0,0.0,0.0
5.0251,96.4004,69.5763,1.0,0.0,0.0
5.0251,103.463,69.4186,1.0,0.0,0.0
5.0251,95.743,73.094,1.0,0.0,0.0
5.0251,95.743,73.094,1.0,0.0,0.0
5.0251,103.463,69.4186,1.0,0.0,0.0
5.0251,102.859,73.3647,1.0,0.0,0.0
5.0251,95.743,73.094,1.0,0.0,0.0
5.0251,102.859,73.3647,1.0,0.0,0.0
5.0251,94.6846,76.5125,1.0,0.0,0.0
5.0251,94.6846,76.5125,1.0,0.0,0.0
5.0251,102.859,73.3647,1.0,0.0,0.0
5.0251,101.844,77.2258,1.0,0.0,0.0
5.0251,94.6846,76.5125,1.0,0.0,0.0
5.0251,101.844,77.2258,1.0,0.0,0.0
5.0251,100.43,80.959,1.0,0.0,0.0
5.0251,61.8099,25.4314,1.0,0.0,0.0
5.0251,61.7144,25.2421,1.0,0.0,0.0
5.0251,63.15,23.3975,1.0,0.0,0.0
5.0251,63.15,23.3975,1.0,0.0,0.0
5.0251,61.7144,25.2421,1.0,0.0,0.0
5.0251,61.5883,25.0716,1.0,0.0,0.0
5.0251,63.15,23.3975,1.0,0.0,0.0
5.0251,61.5883,25.0716,1.0,0.0,0.0
5.0251,61.4353,24.9249,1.0,0.0,0.0
5.0251,73.5792,102.814,1.0,0.0,0.0
5.0251,69.6366,103.44,1.0,0.0,0.0
5.0251,67.4393,96.5983,1.0,0.0,0.0
5.0251,67.4393,96.5983,1.0,0.0,0.0
5.0251,69.6366,103.44,1.0,0.0,0.0
5.0251,65.65,103.65,1.0,0.0,0.0
5.0251,67.4393,96.5983,1.0,0.0,0.0
5.0251,65.65,103.65,1.0,0.0,0.0
5.0251,63.8607,96.5983,1.0,0.0,0.0
5.0251,63.8607,96.5983,1.0,0.0,0.0
5.0251,65.65,103.65,1.0,0.0,0.0
5.0251,61.6634,103.44,1.0,0.0,0.0
5.0251,63.8607,96.5983,1.0,0.0,0.0
5.0251,61.6634,103.44,1.0,0.0,0.0
5.0251,60.3059,96.1859,1.0,0.0,0.0
5.0251,60.3059,96.1859,1.0,0.0,0.0
5.0251,61.6634,103.44,1.0,0.0,0.0
5.0251,57.7208,102.814,1.0,0.0,0.0
5.0251,60.3059,96.1859,1.0,0.0,0.0
5.0251,57.7208,102.814,1.0,0.0,0.0
5.0251,56.8223,95.3665,1.0,0.0,0.0
5.0251,56.8223,95.3665,1.0,0.0,0.0
5.0251,57.7208,102.814,1.0,0.0,0.0
5.0251,53.8657,101.777,1.0,0.0,0.0
5.0251,56.8223,95.3665,1.0,0.0,0.0
5.0251,53.8657,101.777,1.0,0.0,0.0
5.0251,53.4564,94.1512,1.0,0.0,0.0
5.0251,53.4564,94.1512,1.0,0.0,0.0
5.0251,53.8657,101.777,1.0,0.0,0.0
5.0251,50.1406,100.341,1.0,0.0,0.0
5.0251,53.4564,94.1512,1.0,0.0,0.0
5.0251,50.1406,100.341,1.0,0.0,0.0
5.0251,50.2529,92.556,1.0,0.0,0.0
5.0251,50.2529,92.556,1.0,0.0,0.0
5.0251,50.1406,100.341,1.0,0.0,0.0
5.0251,46.5868,98.5224,1.0,0.0,0.0
5.0251,50.2529,92.556,1.0,0.0,0.0
5.0251,46.5868,98.5224,1.0,0.0,0.0
5.0251,47.2547,90.6022,1.0,0.0,0.0
5.0251,47.2547,90.6022,1.0,0.0,0.0
5.0251,46.5868,98.5224,1.0,0.0,0.0
5.0251,43.2433,96.341,1.0,0.0,0.0
5.0251,47.2547,90.6022,1.0,0.0,0.0
5.0251,43.2433,96.341,1.0,0.0,0.0
5.0251,44.5016,88.3159,1.0,0.0,0.0
5.0251,44.5016,88.3159,1.0,0.0,0.0
5.0251,43.2433,96.341,1.0,0.0,0.0
5.0251,40.1471,93.821,1.0,0.0,0.0
5.0251,44.5016,88.3159,1.0,0.0,0.0
5.0251,40.1471,93.821,1.0,0.0,0.0
5.0251,42.0303,85.7276,1.0,0.0,0.0
5.0251,42.0303,85.7276,1.0,0.0,0.0
5.0251,40.1471,93.821,1.0,0.0,0.0
5.0251,37.3324,90.99,1.0,0.0,0.0
5.0251,42.0303,85.7276,1.0,0.0,0.0
5.0251,37.3324,90.99,1.0,0.0,0.0
5.0251,39.8738,82.8717,1.0,0.0,0.0
5.0251,39.8738,82.8717,1.0,0.0,0.0
5.0251,37.3324,90.99,1.0,0.0,0.0
5.0251,34.8302,87.8793,1.0,0.0,0.0
5.0251,39.8738,82.8717,1.0,0.0,0.0
5.0251,34.8302,87.8793,1.0,0.0,0.0
5.0251,38.0608,79.7863,1.0,0.0,0.0
5.0251,38.0608,79.7863,1.0,0.0,0.0
5.0251,34.8302,87.8793,1.0,0.0,0.0
5.0251,32.6682,84.5233,1.0,0.0,0.0
5.0251,38.0608,79.7863,1.0,0.0,0.0
5.0251,32.6682,84.5233,1.0,0.0,0.0
5.0251,30.8702,80.959,1.0,0.0,0.0
2.5251,60.8613,24.6655,0.0,-0.251978,0.967733
5.0251,60.8613,24.6655,0.0,-0.251978,0.967733
2.5251,61.0664,24.7189,0.0,-0.251978,0.967733
2.5251,61.0664,24.7189,0.0,-0.251978,0.967733
5.0251,60.8613,24.6655,0.0,-0.251978,0.967733
5.0251,61.0664,24.7189,0.0,-0.251978,0.967733
2.5251,61.0664,24.7189,0.0,-0.411901,0.911228
5.0251,61.0664,24.7189,0.0,-0.411901,0.911228
2.5251,61.2596,24.8062,0.0,-0.411901,0.911228
2.5251,61.2596,24.8062,0.0,-0.411901,0.911228
5.0251,61.0664,24.7189,0.0,-0.411901,0.911228
5.0251,61.2596,24.8062,0.0,-0.411901,0.911228
2.5251,61.2596,24.8062,0.0,-0.559983,0.828504
5.0251,61.2596,24.8062,0.0,-0.559983,0.828504
2.5251,61.4353,24.9249,0.0,-0.559983,0.828504
2.5251,61.4353,24.9249,0.0,-0.559983,0.828504
5.0251,61.2596,24.8062,0.0,-0.559983,0.828504
5.0251,61.4353,24.9249,0.0,-0.559983,0.828504
2.5251,61.4353,24.9249,0.0,-0.691932,0.721962
5.0251,61.4353,24.9249,0.0,-0.691932,0.721962
2.5251,61.5883,25.0716,0.0,-0.691932,0.721962
2.5251,61.5883,25.0716,0.0,-0.691932,0.721962
5.0251,61.4353,24.9249,0.0,-0.691932,0.721962
5.0251,61.5883,25.0716,0.0,-0.691932,0.721962
2.5251,61.5883,25.0716,0.0,-0.804008,0.594619
5.0251,61.5883,25.0716,0.0,-0.804008,0.594619
2.5251,61.7144,25.2421,0.0,-0.804008,0.594619
2.5251,61.7144,25.2421,0.0,-0.804008,0.594619
5.0251,61.5883,25.0716,0.0,-0.804008,0.594619
5.0251,61.7144,25.2421,0.0,-0.804008,0.594619
2.5251,61.7144,25.2421,0.0,-0.892914,0.450227
5.0251,61.7144,25.2421,0.0,-0.892914,0.450227
2.5251,61.8099,25.4314,0.0,-0.892914,0.450227
2.5251,61.8099,25.4314,0.0,-0.892914,0.450227
5.0251,61.7144,25.2421,0.0,-0.892914,0.450227
5.0251,61.8099,25.4314,0.0,-0.892914,0.450227
2.5251,61.8099,25.4314,0.0,-0.95617,0.292811
5.0251,61.8099,25.4314,0.0,-0.95617,0.292811
2.5251,61.8719,25.6341,0.0,-0.95617,0.292811
2.5251,61.8719,25.6341,0.0,-0.95617,0.292811
5.0251,61.8099,25.4314,0.0,-0.95617,0.292811
5.0251,61.8719,25.6341,0.0,-0.95617,0.292811
2.5251,61.8719,25.6341,0.0,-0.991899,0.127028
5.0251,61.8719,25.6341,0.0,-0.991899,0.127028
2.5251,61.8989,25.8444,0.0,-0.991899,0.127028
2.5251,61.8989,25.8444,0.0,-0.991899,0.127028
5.0251,61.8719,25.6341,0.0,-0.991899,0.127028
5.0251,61.8989,25.8444,0.0,-0.991899,0.127028
2.5251,61.8989,25.8444,0.0,-0.999099,-0.0424448
5.0251,61.8989,25.8444,0.0,-0.999099,-0.0424448
2.5251,61.8899,26.0563,0.0,-0.999099,-0.0424448
2.5251,61.8899,26.0563,0.0,-0.999099,-0.0424448
5.0251,61.8989,25.8444,0.0,-0.999099,-0.0424448
5.0251,61.8899,26.0563,0.0,-0.999099,-0.0424448
2.5251,61.8899,26.0563,0.0,-0.977556,-0.210674
5.0251,61.8899,26.0563,0.0,-0.977556,-0.210674
2.5251,61.8452,26.2635,0.0,-0.977556,-0.210674
2.5251,61.8452,26.2635,0.0,-0.977556,-0.210674
5.0251,61.8899,26.0563,0.0,-0.977556,-0.210674
5.0251,61.8452,26.2635,0.0,-0.977556,-0.210674
2.5251,61.8452,26.2635,0.0,-0.927886,-0.372864
5.0251,61.8452,26.2635,0.0,-0.927886,-0.372864
2.5251,61.7662,26.4602,0.0,-0.927886,-0.372864
2.5251,61.7662,26.4602,0.0,-0.927886,-0.372864
5.0251,61.8452,26.2635,0.0,-0.927886,-0.372864
5.0251,61.7662,26.4602,0.0,-0.927886,-0.372864
2.5251,61.7662,26.4602,0.0,-0.851524,-0.524315
5.0251,61.7662,26.4602,0.0,-0.851524,-0.524315
2.5251,61.655,26.6408,0.0,-0.851524,-0.524315
2.5251,61.655,26.6408,0.0,-0.851524,-0.524315
5.0251,61.7662,26.4602,0.0,-0.851524,-0.524315
5.0251,61.655,26.6408,0.0,-0.851524,-0.524315
2.5251,61.655,26.6408,0.0,-0.750682,-0.660664
5.0251,61.655,26.6408,0.0,-0.750682,-0.660664
2.5251,61.5149,26.7999,0.0,-0.750682,-0.660664
2.5251,61.5149,26.7999,0.0,-0.750682,-0.660664
5.0251,61.655,26.6408,0.0,-0.750682,-0.660664
5.0251,61.5149,26.7999,0.0,-0.750682,-0.660664
2.5251,61.5149,26.7999,0.0,-0.628217,-0.778038
5.0251,61.5149,26.7999,0.0,-0.628217,-0.778038
2.5251,61.35,26.9331,0.0,-0.628217,-0.778038
2.5251,61.35,26.9331,0.0,-0.628217,-0.778038
5.0251,61.5149,26.7999,0.0,-0.628217,-0.778038
5.0251,61.35,26.9331,0.0,-0.628217,-0.778038
2.5251,61.35,26.9331,0.0,-0.487703,-0.87301
5.0251,61.35,26.9331,0.0,-0.487703,-0.87301
2.5251,61.1649,27.0365,0.0,-0.487703,-0.87301
2.5251,61.1649,27.0365,0.0,-0.487703,-0.87301
5.0251,61.35,26.9331,0.0,-0.487703,-0.87301
5.0251,61.1649,27.0365,0.0,-0.487703,-0.87301
2.5251,61.1649,27.0365,0.0,-0.333124,-0.942883
5.0251,61.1649,27.0365,0.0,-0.333124,-0.942883
2.5251,60.965,27.1071,0.0,-0.333124,-0.942883
2.5251,60.965,27.1071,0.0,-0.333124,-0.942883
5.0251,61.1649,27.0365,0.0,-0.333124,-0.942883
5.0251,60.965,27.1071,0.0,-0.333124,-0.942883
2.5251,60.965,27.1071,0.0,-0.169013,-0.985614
5.0251,60.965,27.1071,0.0,-0.169013,-0.985614
2.5251,60.756,27.143,0.0,-0.169013,-0.985614
2.5251,60.756,27.143,0.0,-0.169013,-0.985614
5.0251,60.965,27.1071,0.0,-0.169013,-0.985614
5.0251,60.756,27.143,0.0,-0.169013,-0.985614
2.5251,60.756,27.143,0.0,0.0,-1.0
5.0251,60.756,27.143,0.0,0.0,-1.0
2.5251,60.544,27.143,0.0,0.0,-1.0
2.5251,60.544,27.143,0.0,0.0,-1.0
5.0251,60.756,27.143,0.0,0.0,-1.0
5.0251,60.544,27.143,0.0,0.0,-1.0
2.5251,60.544,27.143,0.0,0.169013,-0.985614
5.0251,60.544,27.143,0.0,0.169013,-0.985614
2.5251,60.335,27.1071,0.0,0.169013,-0.985614
2.5251,60.335,27.1071,0.0,0.169013,-0.985614
5.0251,60.544,27.143,0.0,0.169013,-0.985614
5.0251,60.335,27.1071,0.0,0.169013,-0.985614
2.5251,60.335,27.1071,0.0,0.333124,-0.942883
5.0251,60.335,27.1071,0.0,0.333124,-0.942883
2.5251,60.1351,27.0365,0.0,0.333124,-0.942883
2.5251,60.1351,27.0365,0.0,0.333124,-0.942883
5.0251,60.335,27.1071,0.0,0.333124,-0.942883
5.0251,60.1351,27.0365,0.0,0.333124,-0.942883
2.5251,60.1351,27.0365,0.0,0.487696,-0.873014
5.0251,60.1351,27.0365,0.0,0.487696,-0.873014
2.5251,59.95,26.9331,0.0,0.487696,-0.873014
2.5251,59.95,26.9331,0.0,0.487696,-0.873014
5.0251,60.1351,27.0365,0.0,0.487696,-0.873014
5.0251,59.95,26.9331,0.0,0.487696,-0.873014
2.5251,59.95,26.9331,0.0,0.628234,-0.778024
5.0251,59.95,26.9331,0.0,0.628234,-0.778024
2.5251,59.7851,26.7999,0.0,0.628234,-0.778024
2.5251,59.7851,26.7999,0.0,0.628234,-0.778024
5.0251,59.95,26.9331,0.0,0.628234,-0.778024
5.0251,59.7851,26.7999,0.0,0.628234,-0.778024
2.5251,59.7851,26.7999,0.0,0.750664,-0.660684
5.0251,59.7851,26.7999,0.0,0.750664,-0.660684
2.5251,59.645,26.6408,0.0,0.750664,-0.660684
2.5251,59.645,26.6408,0.0,0.750664,-0.660684
5.0251,59.7851,26.7999,0.0,0.750664,-0.660684
5.0251,59.645,26.6408,0.0,0.750664,-0.660684
2.5251,59.645,26.6408,0.0,0.851524,-0.524315
5.0251,59.645,26.6408,0.0,0.851524,-0.524315
2.5251,59.5338,26.4602,0.0,0.851524,-0.524315
2.5251,59.5338,26.4602,0.0,0.851524,-0.524315
5.0251,59.645,26.6408,0.0,0.851524,-0.524315
5.0251,59.5338,26.4602,0.0,0.851524,-0.524315
2.5251,59.5338,26.4602,0.0,0.927892,-0.372848
5.0251,59.5338,26.4602,0.0,0.927892,-0.372848
2.5251,59.4548,26.2635,0.0,0.927892,-0.372848
2.5251,59.4548,26.2635,0.0,0.927892,-0.372848
5.0251,59.5338,26.4602,0.0,0.927892,-0.372848
5.0251,59.4548,26.2635,0.0,0.927892,-0.372848
2.5251,59.4548,26.2635,0.0,0.977556,-0.210674
5.0251,59.4548,26.2635,0.0,0.977556,-0.210674
2.5251,59.4101,26.0563,0.0,0.977556,-0.210674
2.5251,59.4101,26.0563,0.0,0.977556,-0.210674
5.0251,59.4548,26.2635,0.0,0.977556,-0.210674
5.0251,59.4101,26.0563,0.0,0.977556,-0.210674
2.5251,59.4101,26.0563,0.0,0.999099,-0.0424448
5.0251,59.4101,26.0563,0.0,0.999099,-0.0424448
2.5251,59.4011,25.8444,0.0,0.999099,-0.0424448
2.5251,59.4011,25.8444,0.0,0.999099,-0.0424448
5.0251,59.4101,26.0563,0.0,0.999099,-0.0424448
5.0251,59.4011,25.8444,0.0,0.999099,-0.0424448
2.5251,59.4011,25.8444,0.0,0.991899,0.127028
5.0251,59.4011,25.8444,0.0,0.991899,0.127028
2.5251,59.4281,25.6341,0.0,0.991899,0.127028
2.5251,59.4281,25.6341,0.0,0.991899,0.127028
5.0251,59.4011,25.8444,0.0,0.991899,0.127028
5.0251,59.4281,25.6341,0.0,0.991899,0.127028
2.5251,59.4281,25.6341,0.0,0.95617,0.292811
5.0251,59.4281,25.6341,0.0,0.95617,0.292811
2.5251,59.4901,25.4314,0.0,0.95617,0.292811
2.5251,59.4901,25.4314,0.0,0.95617,0.292811
5.0251,59.4281,25.6341,0.0,0.95617,0.292811
5.0251,59.4901,25.4314,0.0,0.95617,0.292811
2.5251,59.4901,25.4314,0.0,0.892922,0.450212
5.0251,59.4901,25.4314,0.0,0.892922,0.450212
2.5251,59.5856,25.2421,0.0,0.892922,0.450212
2.5251,59.5856,25.2421,0.0,0.892922,0.450212
5.0251,59.4901,25.4314,0.0,0.892922,0.450212
5.0251,59.5856,25.2421,0.0,0.892922,0.450212
2.5251,59.5856,25.2421,0.0,0.803999,0.594631
5.0251,59.5856,25.2421,0.0,0.803999,0.594631
2.5251,59.7117,25.0716,0.0,0.803999,0.594631
2.5251,59.7117,25.0716,0.0,0.803999,0.594631
5.0251,59.5856,25.2421,0.0,0.803999,0.594631
5.0251,59.7117,25.0716,0.0,0.803999,0.594631
2.5251,59.7117,25.0716,0.0,0.691932,0.721962
5.0251,59.7117,25.0716,0.0,0.691932,0.721962
2.5251,59.8647,24.9249,0.0,0.691932,0.721962
2.5251,59.8647,24.9249,0.0,0.691932,0.721962
5.0251,59.7117,25.0716,0.0,0.691932,0.721962
5.0251,59.8647,24.9249,0.0,0.691932,0.721962
2.5251,59.8647,24.9249,0.0,0.559975,0.82851
5.0251,59.8647,24.9249,0.0,0.559975,0.82851
2.5251,60.0404,24.8062,0.0,0.559975,0.82851
2.5251,60.0404,24.8062,0.0,0.559975,0.82851
5.0251,59.8647,24.9249,0.0,0.559975,0.82851
5.0251,60.0404,24.8062,0.0,0.559975,0.82851
2.5251,60.0404,24.8062,0.0,0.411908,0.911225
5.0251,60.0404,24.8062,0.0,0.411908,0.911225
2.5251,60.2336,24.7189,0.0,0.411908,0.911225
2.5251,60.2336,24.7189,0.0,0.411908,0.911225
5.0251,60.0404,24.8062,0.0,0.411908,0.911225
5.0251,60.2336,24.7189,0.0,0.411908,0.911225
2.5251,60.2336,24.7189,0.0,0.251978,0.967733
5.0251,60.2336,24.7189,0.0,0.251978,0.967733
2.5251,60.4388,24.6655,0.0,0.251978,0.967733
2.5251,60.4388,24.6655,0.0,0.251978,0.967733
5.0251,60.2336,24.7189,0.0,0.251978,0.967733
5.0251,60.4388,24.6655,0.0,0.251978,0.967733
2.5251,60.4388,24.6655,0.0,0.0847995,0.996398
5.0251,60.4388,24.6655,0.0,0.0847995,0.996398
2.5251,60.65,24.6475,0.0,0.0847995,0.996398
2.5251,60.65,24.6475,0.0,0.0847995,0.996398
5.0251,60.4388,24.6655,0.0,0.0847995,0.996398
5.0251,60.65,24.6475,0.0,0.0847995,0.996398
2.5251,60.65,24.6475,0.0,-0.0847995,0.996398
5.0251,60.65,24.6475,0.0,-0.0847995,0.996398
2.5251,60.8613,24.6655,0.0,-0.0847995,0.996398
2.5251,60.8613,24.6655,0.0,-0.0847995,0.996398
5.0251,60.65,24.6475,0.0,-0.0847995,0.996398
5.0251,60.8613,24.6655,0.0,-0.0847995,0.996398
2.5251,70.8613,24.6655,0.0,-0.251982,0.967732
5.0251,70.8613,24.6655,0.0,-0.251982,0.967732
2.5251,71.0664,24.7189,0.0,-0.251982,0.967732
2.5251,71.0664,24.7189,0.0,-0.251982,0.967732
5.0251,70.8613,24.6655,0.0,-0.251982,0.967732
5.0251,71.0664,24.7189,0.0,-0.251982,0.967732
2.5251,71.0664,24.7189,0.0,-0.411895,0.911231
5.0251,71.0664,24.7189,0.0,-0.411895,0.911231
2.5251,71.2596,24.8062,0.0,-0.411895,0.911231
2.5251,71.2596,24.8062,0.0,-0.411895,0.911231
5.0251,71.0664,24.7189,0.0,-0.411895,0.911231
5.0251,71.2596,24.8062,0.0,-0.411895,0.911231
2.5251,71.2596,24.8062,0.0,-0.559991,0.828498
5.0251,71.2596,24.8062,0.0,-0.559991,0.828498
2.5251,71.4353,24.9249,0.0,-0.559991,0.828498
2.5251,71.4353,24.9249,0.0,-0.559991,0.828498
5.0251,71.2596,24.8062,0.0,-0.559991,0.828498
5.0251,71.4353,24.9249,0.0,-0.559991,0.828498
2.5251,71.4353,24.9249,0.0,-0.691905,0.721988
5.0251,71.4353,24.9249,0.0,-0.691905,0.721988
2.5251,71.5883,25.0716,0.0,-0.691905,0.721988
2.5251,71.5883,25.0716,0.0,-0.691905,0.721988
5.0251,71.4353,24.9249,0.0,-0.691905,0.721988
5.0251,71.5883,25.0716,0.0,-0.691905,0.721988
2.5251,71.5883,25.0716,0.0,-0.804008,0.594619
5.0251,71.5883,25.0716,0.0,-0.804008,0.594619
2.5251,71.7144,25.2421,0.0,-0.804008,0.594619
2.5251,71.7144,25.2421,0.0,-0.804008,0.594619
5.0251,71.5883,25.0716,0.0,-0.804008,0.594619
5.0251,71.7144,25.2421,0.0,-0.804008,0.594619
2.5251,71.7144,25.2421,0.0,-0.892922,0.450212
5.0251,71.7144,25.2421,0.0,-0.892922,0.450212
2.5251,71.8099,25.4314,0.0,-0.892922,0.450212
2.5251,71.8099,25.4314,0.0,-0.892922,0.450212
5.0251,71.7144,25.2421,0.0,-0.892922,0.450212
5.0251,71.8099,25.4314,0.0,-0.892922,0.450212
2.5251,71.8099,25.4314,0.0,-0.95618,0.292778
5.0251,71.8099,25.4314,0.0,-0.95618,0.292778
2.5251,71.8719,25.6341,0.0,-0.95618,0.292778
2.5251,71.8719,25.6341,0.0,-0.95618,0.292778
5.0251,71.8099,25.4314,0.0,-0.95618,0.292778
5.0251,71.8719,25.6341,0.0,-0.95618,0.292778
2.5251,71.8719,25.6341,0.0,-0.991895,0.127064
5.0251,71.8719,25.6341,0.0,-0.991895,0.127064
2.5251,71.8989,25.8444,0.0,-0.991895,0.127064
2.5251,71.8989,25.8444,0.0,-0.991895,0.127064
5.0251,71.8719,25.6341,0.0,-0.991895,0.127064
5.0251,71.8989,25.8444,0.0,-0.991895,0.127064
2.5251,71.8989,25.8444,0.0,-0.999098,-0.0424627
5.0251,71.8989,25.8444,0.0,-0.999098,-0.0424627
2.5251,71.8899,26.0563,0.0,-0.999098,-0.0424627
2.5251,71.8899,26.0563,0.0,-0.999098,-0.0424627
5.0251,71.8989,25.8444,0.0,-0.999098,-0.0424627
5.0251,71.8899,26.0563,0.0,-0.999098,-0.0424627
2.5251,71.8899,26.0563,0.0,-0.97756,-0.210656
5.0251,71.8899,26.0563,0.0,-0.97756,-0.210656
2.5251,71.8452,26.2635,0.0,-0.97756,-0.210656
2.5251,71.8452,26.2635,0.0,-0.97756,-0.210656
5.0251,71.8899,26.0563,0.0,-0.97756,-0.210656
5.0251,71.8452,26.2635,0.0,-0.97756,-0.210656
2.5251,71.8452,26.2635,0.0,-0.92788,-0.372879
5.0251,71.8452,26.2635,0.0,-0.92788,-0.372879
2.5251,71.7662,26.4602,0.0,-0.92788,-0.372879
2.5251,71.7662,26.4602,0.0,-0.92788,-0.372879
5.0251,71.8452,26.2635,0.0,-0.92788,-0.372879
5.0251,71.7662,26.4602,0.0,-0.92788,-0.372879
2.5251,71.7662,26.4602,0.0,-0.851532,-0.524302
5.0251,71.7662,26.4602,0.0,-0.851532,-0.524302
2.5251,71.655,26.6408,0.0,-0.851532,-0.524302
2.5251,71.655,26.6408,0.0,-0.851532,-0.524302
5.0251,71.7662,26.4602,0.0,-0.851532,-0.524302
5.0251,71.655,26.6408,0.0,-0.851532,-0.524302
2.5251,71.655,26.6408,0.0,-0.750664,-0.660684
5.0251,71.655,26.6408,0.0,-0.750664,-0.660684
2.5251,71.5149,26.7999,0.0,-0.750664,-0.660684
2.5251,71.5149,26.7999,0.0,-0.750664,-0.660684
5.0251,71.655,26.6408,0.0,-0.750664,-0.660684
5.0251,71.5149,26.7999,0.0,-0.750664,-0.660684
2.5251,71.5149,26.7999,0.0,-0.628226,-0.778031
5.0251,71.5149,26.7999,0.0,-0.628226,-0.778031
2.5251,71.35,26.9331,0.0,-0.628226,-0.778031
2.5251,71.35,26.9331,0.0,-0.628226,-0.778031
5.0251,71.5149,26.7999,0.0,-0.628226,-0.778031
5.0251,71.35,26.9331,0.0,-0.628226,-0.778031
2.5251,71.35,26.9331,0.0,-0.487703,-0.87301
5.0251,71.35,26.9331,0.0,-0.487703,-0.87301
2.5251,71.1649,27.0365,0.0,-0.487703,-0.87301
2.5251,71.1649,27.0365,0.0,-0.487703,-0.87301
5.0251,71.35,26.9331,0.0,-0.487703,-0.87301
5.0251,71.1649,27.0365,0.0,-0.487703,-0.87301
2.5251,71.1649,27.0365,0.0,-0.333124,-0.942883
5.0251,71.1649,27.0365,0.0,-0.333124,-0.942883
2.5251,70.965,27.1071,0.0,-0.333124,-0.942883
2.5251,70.965,27.1071,0.0,-0.333124,-0.942883
5.0251,71.1649,27.0365,0.0,-0.333124,-0.942883
5.0251,70.965,27.1071,0.0,-0.333124,-0.942883
2.5251,70.965,27.1071,0.0,-0.169016,-0.985613
5.0251,70.965,27.1071,0.0,-0.169016,-0.985613
2.5251,70.756,27.143,0.0,-0.169016,-0.985613
2.5251,70.756,27.143,0.0,-0.169016,-0.985613
5.0251,70.965,27.1071,0.0,-0.169016,-0.985613
5.0251,70.756,27.143,0.0,-0.169016,-0.985613
2.5251,70.756,27.143,0.0,0.0,-1.0
5.0251,70.756,27.143,0.0,0.0,-1.0
2.5251,70.544,27.143,0.0,0.0,-1.0
2.5251,70.544,27.143,0.0,0.0,-1.0
5.0251,70.756,27.143,0.0,0.0,-1.0
5.0251,70.544,27.143,0.0,0.0,-1.0
2.5251,70.544,27.143,0.0,0.16901,-0.985614
5.0251,70.544,27.143,0.0,0.16901,-0.985614
2.5251,70.335,27.1071,0.0,0.16901,-0.985614
2.5251,70.335,27.1071,0.0,0.16901,-0.985614
5.0251,70.544,27.143,0.0,0.16901,-0.985614
5.0251,70.335,27.1071,0.0,0.16901,-0.985614
2.5251,70.335,27.1071,0.0,0.333124,-0.942883
5.0251,70.335,27.1071,0.0,0.333124,-0.942883
2.5251,70.1351,27.0365,0.0,0.333124,-0.942883
2.5251,70.1351,27.0365,0.0,0.333124,-0.942883
5.0251,70.335,27.1071,0.0,0.333124,-0.942883
5.0251,70.1351,27.0365,0.0,0.333124,-0.942883
2.5251,70.1351,27.0365,0.0,0.487688,-0.873018
5.0251,70.1351,27.0365,0.0,0.487688,-0.873018
2.5251,69.95,26.9331,0.0,0.487688,-0.873018
2.5251,69.95,26.9331,0.0,0.487688,-0.873018
5.0251,70.1351,27.0365,0.0,0.487688,-0.873018
5.0251,69.95,26.9331,0.0,0.487688,-0.873018
2.5251,69.95,26.9331,0.0,0.628243,-0.778017
5.0251,69.95,26.9331,0.0,0.628243,-0.778017
2.5251,69.7851,26.7999,0.0,0.628243,-0.778017
2.5251,69.7851,26.7999,0.0,0.628243,-0.778017
5.0251,69.95,26.9331,0.0,0.628243,-0.778017
5.0251,69.7851,26.7999,0.0,0.628243,-0.778017
2.5251,69.7851,26.7999,0.0,0.750664,-0.660684
5.0251,69.7851,26.7999,0.0,0.750664,-0.660684
2.5251,69.645,26.6408,0.0,0.750664,-0.660684
2.5251,69.645,26.6408,0.0,0.750664,-0.660684
5.0251,69.7851,26.7999,0.0,0.750664,-0.660684
5.0251,69.645,26.6408,0.0,0.750664,-0.660684
2.5251,69.645,26.6408,0.0,0.851532,-0.524302
5.0251,69.645,26.6408,0.0,0.851532,-0.524302
2.5251,69.5338,26.4602,0.0,0.851532,-0.524302
2.5251,69.5338,26.4602,0.0,0.851532,-0.524302
5.0251,69.645,26.6408,0.0,0.851532,-0.524302
5.0251,69.5338,26.4602,0.0,0.851532,-0.524302
2.5251,69.5338,26.4602,0.0,0.92788,-0.372879
5.0251,69.5338,26.4602,0.0,0.92788,-0.372879
2.5251,69.4548,26.2635,0.0,0.92788,-0.372879
2.5251,69.4548,26.2635,0.0,0.92788,-0.372879
5.0251,69.5338,26.4602,0.0,0.92788,-0.372879
5.0251,69.4548,26.2635,0.0,0.92788,-0.372879
2.5251,69.4548,26.2635,0.0,0.97756,-0.210656
5.0251,69.4548,26.2635,0.0,0.97756,-0.210656
2.5251,69.4101,26.0563,0.0,0.97756,-0.210656
2.5251,69.4101,26.0563,0.0,0.97756,-0.210656
5.0251,69.4548,26.2635,0.0,0.97756,-0.210656
5.0251,69.4101,26.0563,0.0,0.97756,-0.210656
2.5251,69.4101,26.0563,0.0,0.9991,-0.0424268
5.0251,69.4101,26.0563,0.0,0.9991,-0.0424268
2.5251,69.4011,25.8444,0.0,0.9991,-0.0424268
2.5251,69.4011,25.8444,0.0,0.9991,-0.0424268
5.0251,69.4101,26.0563,0.0,0.9991,-0.0424268
5.0251,69.4011,25.8444,0.0,0.9991,-0.0424268
2.5251,69.4011,25.8444,0.0,0.991904,0.126993
5.0251,69.4011,25.8444,0.0,0.991904,0.126993
2.5251,69.4281,25.6341,0.0,0.991904,0.126993
2.5251,69.4281,25.6341,0.0,0.991904,0.126993
5.0251,69.4011,25.8444,0.0,0.991904,0.126993
5.0251,69.4281,25.6341,0.0,0.991904,0.126993
2.5251,69.4281,25.6341,0.0,0.95616,0.292844
5.0251,69.4281,25.6341,0.0,0.95616,0.292844
2.5251,69.4901,25.4314,0.0,0.95616,0.292844
2.5251,69.4901,25.4314,0.0,0.95616,0.292844
5.0251,69.4281,25.6341,0.0,0.95616,0.292844
5.0251,69.4901,25.4314,0.0,0.95616,0.292844
2.5251,69.4901,25.4314,0.0,0.892922,0.450212
5.0251,69.4901,25.4314,0.0,0.892922,0.450212
2.5251,69.5856,25.2421,0.0,0.892922,0.450212
2.5251,69.5856,25.2421,0.0,0.892922,0.450212
5.0251,69.4901,25.4314,0.0,0.892922,0.450212
5.0251,69.5856,25.2421,0.0,0.892922,0.450212
2.5251,69.5856,25.2421,0.0,0.804008,0.594619
5.0251,69.5856,25.2421,0.0,0.804008,0.594619
2.5251,69.7117,25.0716,0.0,0.804008,0.594619
2.5251,69.7117,25.0716,0.0,0.804008,0.594619
5.0251,69.5856,25.2421,0.0,0.804008,0.594619
5.0251,69.7117,25.0716,0.0,0.804008,0.594619
2.5251,69.7117,25.0716,0.0,0.691923,0.721971
5.0251,69.7117,25.0716,0.0,0.691923,0.721971
2.5251,69.8647,24.9249,0.0,0.691923,0.721971
2.5251,69.8647,24.9249,0.0,0.691923,0.721971
5.0251,69.7117,25.0716,0.0,0.691923,0.721971
5.0251,69.8647,24.9249,0.0,0.691923,0.721971
2.5251,69.8647,24.9249,0.0,0.559991,0.828498
5.0251,69.8647,24.9249,0.0,0.559991,0.828498
2.5251,70.0404,24.8062,0.0,0.559991,0.828498
2.5251,70.0404,24.8062,0.0,0.559991,0.828498
5.0251,69.8647,24.9249,0.0,0.559991,0.828498
5.0251,70.0404,24.8062,0.0,0.559991,0.828498
2.5251,70.0404,24.8062,0.0,0.411908,0.911225
5.0251,70.0404,24.8062,0.0,0.411908,0.911225
2.5251,70.2336,24.7189,0.0,0.411908,0.911225
2.5251,70.2336,24.7189,0.0,0.411908,0.911225
5.0251,70.0404,24.8062,0.0,0.411908,0.911225
5.0251,70.2336,24.7189,0.0,0.411908,0.911225
2.5251,70.2336,24.7189,0.0,0.251973,0.967734
5.0251,70.2336,24.7189,0.0,0.251973,0.967734
2.5251,70.4388,24.6655,0.0,0.251973,0.967734
2.5251,70.4388,24.6655,0.0,0.251973,0.967734
5.0251,70.2336,24.7189,0.0,0.251973,0.967734
5.0251,70.4388,24.6655,0.0,0.251973,0.967734
2.5251,70.4388,24.6655,0.0,0.0847995,0.996398
5.0251,70.4388,24.6655,0.0,0.0847995,0.996398
2.5251,70.65,24.6475,0.0,0.0847995,0.996398
2.5251,70.65,24.6475,0.0,0.0847995,0.996398
5.0251,70.4388,24.6655,0.0,0.0847995,0.996398
5.0251,70.65,24.6475,0.0,0.0847995,0.996398
2.5251,70.65,24.6475,0.0,-0.0847995,0.996398
5.0251,70.65,24.6475,0.0,-0.0847995,0.996398
2.5251,70.8613,24.6655,0.0,-0.0847995,0.996398
2.5251,70.8613,24.6655,0.0,-0.0847995,0.996398
5.0251,70.65,24.6475,0.0,-0.0847995,0.996398
5.0251,70.8613,24.6655,0.0,-0.0847995,0.996398
5.0251,73.15,28.3975,0.0,0.24859,-0.968609
2.5251,73.15,28.3975,0.0,0.24859,-0.968609
5.0251,77.0168,29.3899,0.0,0.24859,-0.968609
5.0251,77.0168,29.3899,0.0,0.24859,-0.968609
2.5251,73.15,28.3975,0.0,0.24859,-0.968609
2.5251,77.0168,29.3899,0.0,0.24859,-0.968609
5.0251,77.0168,29.3899,0.0,0.348836,-0.937184
2.5251,77.0168,29.3899,0.0,0.348836,-0.937184
5.0251,80.7582,30.7825,0.0,0.348836,-0.937184
5.0251,80.7582,30.7825,0.0,0.348836,-0.937184
2.5251,77.0168,29.3899,0.0,0.348836,-0.937184
2.5251,80.7582,30.7825,0.0,0.348836,-0.937184
5.0251,80.7582,30.7825,0.0,0.445232,-0.895415
2.5251,80.7582,30.7825,0.0,0.445232,-0.895415
5.0251,84.3328,32.5599,0.0,0.445232,-0.895415
5.0251,84.3328,32.5599,0.0,0.445232,-0.895415
2.5251,80.7582,30.7825,0.0,0.445232,-0.895415
2.5251,84.3328,32.5599,0.0,0.445232,-0.895415
5.0251,84.3328,32.5599,0.0,0.536713,-0.843765
2.5251,84.3328,32.5599,0.0,0.536713,-0.843765
5.0251,87.7012,34.7025,0.0,0.536713,-0.843765
5.0251,87.7012,34.7025,0.0,0.536713,-0.843765
2.5251,84.3328,32.5599,0.0,0.536713,-0.843765
2.5251,87.7012,34.7025,0.0,0.536713,-0.843765
5.0251,87.7012,34.7025,0.0,0.622273,-0.7828
2.5251,87.7012,34.7025,0.0,0.622273,-0.7828
5.0251,90.8262,37.1867,0.0,0.622273,-0.7828
5.0251,90.8262,37.1867,0.0,0.622273,-0.7828
2.5251,87.7012,34.7025,0.0,0.622273,-0.7828
2.5251,90.8262,37.1867,0.0,0.622273,-0.7828
5.0251,90.8262,37.1867,0.0,0.700963,-0.713198
2.5251,90.8262,37.1867,0.0,0.700963,-0.713198
5.0251,93.6734,39.9851,0.0,0.700963,-0.713198
5.0251,93.6734,39.9851,0.0,0.700963,-0.713198
2.5251,90.8262,37.1867,0.0,0.700963,-0.713198
2.5251,93.6734,39.9851,0.0,0.700963,-0.713198
5.0251,93.6734,39.9851,0.0,0.771916,-0.635724
2.5251,93.6734,39.9851,0.0,0.771916,-0.635724
5.0251,96.2113,43.0666,0.0,0.771916,-0.635724
5.0251,96.2113,43.0666,0.0,0.771916,-0.635724
2.5251,93.6734,39.9851,0.0,0.771916,-0.635724
2.5251,96.2113,43.0666,0.0,0.771916,-0.635724
5.0251,96.2113,43.0666,0.0,0.834351,-0.551233
2.5251,96.2113,43.0666,0.0,0.834351,-0.551233
5.0251,98.4119,46.3975,0.0,0.834351,-0.551233
5.0251,98.4119,46.3975,0.0,0.834351,-0.551233
2.5251,96.2113,43.0666,0.0,0.834351,-0.551233
2.5251,98.4119,46.3975,0.0,0.834351,-0.551233
5.0251,98.4119,46.3975,0.0,0.887577,-0.460659
2.5251,98.4119,46.3975,0.0,0.887577,-0.460659
5.0251,100.251,49.9408,0.0,0.887577,-0.460659
5.0251,100.251,49.9408,0.0,0.887577,-0.460659
2.5251,98.4119,46.3975,0.0,0.887577,-0.460659
2.5251,100.251,49.9408,0.0,0.887577,-0.460659
5.0251,100.251,49.9408,0.0,0.931008,-0.365
2.5251,100.251,49.9408,0.0,0.931008,-0.365
5.0251,101.708,53.6575,0.0,0.931008,-0.365
5.0251,101.708,53.6575,0.0,0.931008,-0.365
2.5251,100.251,49.9408,0.0,0.931008,-0.365
2.5251,101.708,53.6575,0.0,0.931008,-0.365
5.0251,101.708,53.6575,0.0,0.964163,-0.265312
2.5251,101.708,53.6575,0.0,0.964163,-0.265312
5.0251,102.767,57.5066,0.0,0.964163,-0.265312
5.0251,102.767,57.5066,0.0,0.964163,-0.265312
2.5251,101.708,53.6575,0.0,0.964163,-0.265312
2.5251,102.767,57.5066,0.0,0.964163,-0.265312
5.0251,102.767,57.5066,0.0,0.986676,-0.162699
2.5251,102.767,57.5066,0.0,0.986676,-0.162699
5.0251,103.417,61.4455,0.0,0.986676,-0.162699
5.0251,103.417,61.4455,0.0,0.986676,-0.162699
2.5251,102.767,57.5066,0.0,0.986676,-0.162699
2.5251,103.417,61.4455,0.0,0.986676,-0.162699
5.0251,103.417,61.4455,0.0,0.9983,-0.0582871
2.5251,103.417,61.4455,0.0,0.9983,-0.0582871
5.0251,103.649,65.4308,0.0,0.9983,-0.0582871
5.0251,103.649,65.4308,0.0,0.9983,-0.0582871
2.5251,103.417,61.4455,0.0,0.9983,-0.0582871
2.5251,103.649,65.4308,0.0,0.9983,-0.0582871
5.0251,103.649,65.4308,0.0,0.998906,0.0467667
2.5251,103.649,65.4308,0.0,0.998906,0.0467667
5.0251,103.463,69.4186,0.0,0.998906,0.0467667
5.0251,103.463,69.4186,0.0,0.998906,0.0467667
2.5251,103.649,65.4308,0.0,0.998906,0.0467667
2.5251,103.463,69.4186,0.0,0.998906,0.0467667
5.0251,103.463,69.4186,0.0,0.988487,0.151305
2.5251,103.463,69.4186,0.0,0.988487,0.151305
5.0251,102.859,73.3647,0.0,0.988487,0.151305
5.0251,102.859,73.3647,0.0,0.988487,0.151305
2.5251,103.463,69.4186,0.0,0.988487,0.151305
2.5251,102.859,73.3647,0.0,0.988487,0.151305
5.0251,102.859,73.3647,0.0,0.967159,0.254172
2.5251,102.859,73.3647,0.0,0.967159,0.254172
5.0251,101.844,77.2258,0.0,0.967159,0.254172
5.0251,101.844,77.2258,0.0,0.967159,0.254172
2.5251,102.859,73.3647,0.0,0.967159,0.254172
2.5251,101.844,77.2258,0.0,0.967159,0.254172
5.0251,101.844,77.2258,0.0,0.935155,0.354239
2.5251,101.844,77.2258,0.0,0.935155,0.354239
5.0251,100.43,80.959,0.0,0.935155,0.354239
5.0251,100.43,80.959,0.0,0.935155,0.354239
2.5251,101.844,77.2258,0.0,0.935155,0.354239
2.5251,100.43,80.959,0.0,0.935155,0.354239
5.0251,100.43,80.959,0.0,0.892833,0.450388
2.5251,100.43,80.959,0.0,0.892833,0.450388
5.0251,98.6318,84.5233,0.0,0.892833,0.450388
5.0251,98.6318,84.5233,0.0,0.892833,0.450388
2.5251,100.43,80.959,0.0,0.892833,0.450388
2.5251,98.6318,84.5233,0.0,0.892833,0.450388
5.0251,98.6318,84.5233,0.0,0.840654,0.541573
2.5251,98.6318,84.5233,0.0,0.840654,0.541573
5.0251,96.4698,87.8793,0.0,0.840654,0.541573
5.0251,96.4698,87.8793,0.0,0.840654,0.541573
2.5251,98.6318,84.5233,0.0,0.840654,0.541573
2.5251,96.4698,87.8793,0.0,0.840654,0.541573
5.0251,96.4698,87.8793,0.0,0.779199,0.626776
2.5251,96.4698,87.8793,0.0,0.779199,0.626776
5.0251,93.9676,90.99,0.0,0.779199,0.626776
5.0251,93.9676,90.99,0.0,0.779199,0.626776
2.5251,96.4698,87.8793,0.0,0.779199,0.626776
2.5251,93.9676,90.99,0.0,0.779199,0.626776
5.0251,93.9676,90.99,0.0,0.709143,0.705065
2.5251,93.9676,90.99,0.0,0.709143,0.705065
5.0251,91.1529,93.821,0.0,0.709143,0.705065
5.0251,91.1529,93.821,0.0,0.709143,0.705065
2.5251,93.9676,90.99,0.0,0.709143,0.705065
2.5251,91.1529,93.821,0.0,0.709143,0.705065
5.0251,91.1529,93.821,0.0,0.631261,0.775571
2.5251,91.1529,93.821,0.0,0.631261,0.775571
5.0251,88.0567,96.341,0.0,0.631261,0.775571
5.0251,88.0567,96.341,0.0,0.631261,0.775571
2.5251,91.1529,93.821,0.0,0.631261,0.775571
2.5251,88.0567,96.341,0.0,0.631261,0.775571
5.0251,88.0567,96.341,0.0,0.546412,0.837517
2.5251,88.0567,96.341,0.0,0.546412,0.837517
5.0251,84.7132,98.5224,0.0,0.546412,0.837517
5.0251,84.7132,98.5224,0.0,0.546412,0.837517
2.5251,88.0567,96.341,0.0,0.546412,0.837517
2.5251,84.7132,98.5224,0.0,0.546412,0.837517
5.0251,84.7132,98.5224,0.0,0.455533,0.890219
2.5251,84.7132,98.5224,0.0,0.455533,0.890219
5.0251,81.1594,100.341,0.0,0.455533,0.890219
5.0251,81.1594,100.341,0.0,0.455533,0.890219
2.5251,84.7132,98.5224,0.0,0.455533,0.890219
2.5251,81.1594,100.341,0.0,0.455533,0.890219
5.0251,81.1594,100.341,0.0,0.359624,0.933097
2.5251,81.1594,100.341,0.0,0.359624,0.933097
5.0251,77.4343,101.777,0.0,0.359624,0.933097
5.0251,77.4343,101.777,0.0,0.359624,0.933097
2.5251,81.1594,100.341,0.0,0.359624,0.933097
2.5251,77.4343,101.777,0.0,0.359624,0.933097
5.0251,77.4343,101.777,0.0,0.259749,0.965676
2.5251,77.4343,101.777,0.0,0.259749,0.965676
5.0251,73.5792,102.814,0.0,0.259749,0.965676
5.0251,73.5792,102.814,0.0,0.259749,0.965676
2.5251,77.4343,101.777,0.0,0.259749,0.965676
2.5251,73.5792,102.814,0.0,0.259749,0.965676
5.0251,73.5792,102.814,0.0,0.157001,0.987598
2.5251,73.5792,102.814,0.0,0.157001,0.987598
5.0251,69.6366,103.44,0.0,0.157001,0.987598
5.0251,69.6366,103.44,0.0,0.157001,0.987598
2.5251,73.5792,102.814,0.0,0.157001,0.987598
2.5251,69.6366,103.44,0.0,0.157001,0.987598
5.0251,69.6366,103.44,0.0,0.0525288,0.998619
2.5251,69.6366,103.44,0.0,0.0525288,0.998619
5.0251,65.65,103.65,0.0,0.0525288,0.998619
5.0251,65.65,103.65,0.0,0.0525288,0.998619
2.5251,69.6366,103.44,0.0,0.0525288,0.998619
2.5251,65.65,103.65,0.0,0.0525288,0.998619
5.0251,65.65,103.65,0.0,-0.0525288,0.998619
2.5251,65.65,103.65,0.0,-0.0525288,0.998619
5.0251,61.6634,103.44,0.0,-0.0525288,0.998619
5.0251,61.6634,103.44,0.0,-0.0525288,0.998619
2.5251,65.65,103.65,0.0,-0.0525288,0.998619
2.5251,61.6634,103.44,0.0,-0.0525288,0.998619
5.0251,61.6634,103.44,0.0,-0.157001,0.987598
2.5251,61.6634,103.44,0.0,-0.157001,0.987598
5.0251,57.7208,102.814,0.0,-0.157001,0.987598
5.0251,57.7208,102.814,0.0,-0.157001,0.987598
2.5251,61.6634,103.44,0.0,-0.157001,0.987598
2.5251,57.7208,102.814,0.0,-0.157001,0.987598
5.0251,57.7208,102.814,0.0,-0.259749,0.965676
2.5251,57.7208,102.814,0.0,-0.259749,0.965676
5.0251,53.8657,101.777,0.0,-0.259749,0.965676
5.0251,53.8657,101.777,0.0,-0.259749,0.965676
2.5251,57.7208,102.814,0.0,-0.259749,0.965676
2.5251,53.8657,101.777,0.0,-0.259749,0.965676
5.0251,53.8657,101.777,0.0,-0.359624,0.933097
2.5251,53.8657,101.777,0.0,-0.359624,0.933097
5.0251,50.1406,100.341,0.0,-0.359624,0.933097
5.0251,50.1406,100.341,0.0,-0.359624,0.933097
2.5251,53.8657,101.777,0.0,-0.359624,0.933097
2.5251,50.1406,100.341,0.0,-0.359624,0.933097
5.0251,50.1406,100.341,0.0,-0.455532,0.890219
2.5251,50.1406,100.341,0.0,-0.455532,0.890219
5.0251,46.5868,98.5224,0.0,-0.455532,0.890219
5.0251,46.5868,98.5224,0.0,-0.455532,0.890219
2.5251,50.1406,100.341,0.0,-0.455532,0.890219
2.5251,46.5868,98.5224,0.0,-0.455532,0.890219
5.0251,46.5868,98.5224,0.0,-0.546413,0.837516
2.5251,46.5868,98.5224,0.0,-0.546413,0.837516
5.0251,43.2433,96.341,0.0,-0.546413,0.837516
5.0251,43.2433,96.341,0.0,-0.546413,0.837516
2.5251,46.5868,98.5224,0.0,-0.546413,0.837516
2.5251,43.2433,96.341,0.0,-0.546413,0.837516
5.0251,43.2433,96.341,0.0,-0.63126,0.775572
2.5251,43.2433,96.341,0.0,-0.63126,0.775572
5.0251,40.1471,93.821,0.0,-0.63126,0.775572
5.0251,40.1471,93.821,0.0,-0.63126,0.775572
2.5251,43.2433,96.341,0.0,-0.63126,0.775572
2.5251,40.1471,93.821,0.0,-0.63126,0.775572
5.0251,40.1471,93.821,0.0,-0.709143,0.705064
2.5251,40.1471,93.821,0.0,-0.709143,0.705064
5.0251,37.3324,90.99,0.0,-0.709143,0.705064
5.0251,37.3324,90.99,0.0,-0.709143,0.705064
2.5251,40.1471,93.821,0.0,-0.709143,0.705064
2.5251,37.3324,90.99,0.0,-0.709143,0.705064
5.0251,37.3324,90.99,0.0,-0.779198,0.626778
2.5251,37.3324,90.99,0.0,-0.779198,0.626778
5.0251,34.8302,87.8793,0.0,-0.779198,0.626778
5.0251,34.8302,87.8793,0.0,-0.779198,0.626778
2.5251,37.3324,90.99,0.0,-0.779198,0.626778
2.5251,34.8302,87.8793,0.0,-0.779198,0.626778
5.0251,34.8302,87.8793,0.0,-0.840654,0.541573
2.5251,34.8302,87.8793,0.0,-0.840654,0.541573
5.0251,32.6682,84.5233,0.0,-0.840654,0.541573
5.0251,32.6682,84.5233,0.0,-0.840654,0.541573
2.5251,34.8302,87.8793,0.0,-0.840654,0.541573
2.5251,32.6682,84.5233,0.0,-0.840654,0.541573
5.0251,32.6682,84.5233,0.0,-0.892833,0.450388
2.5251,32.6682,84.5233,0.0,-0.892833,0.450388
5.0251,30.8702,80.959,0.0,-0.892833,0.450388
5.0251,30.8702,80.959,0.0,-0.892833,0.450388
2.5251,32.6682,84.5233,0.0,-0.892833,0.450388
2.5251,30.8702,80.959,0.0,-0.892833,0.450388
5.0251,30.8702,80.959,0.0,-0.935156,0.354237
2.5251,30.8702,80.959,0.0,-0.935156,0.354237
5.0251,29.4561,77.2258,0.0,-0.935156,0.354237
5.0251,29.4561,77.2258,0.0,-0.935156,0.354237
2.5251,30.8702,80.959,0.0,-0.935156,0.354237
2.5251,29.4561,77.2258,0.0,-0.935156,0.354237
5.0251,29.4561,77.2258,0.0,-0.967159,0.254173
2.5251,29.4561,77.2258,0.0,-0.967159,0.254173
5.0251,28.4414,73.3647,0.0,-0.967159,0.254173
5.0251,28.4414,73.3647,0.0,-0.967159,0.254173
2.5251,29.4561,77.2258,0.0,-0.967159,0.254173
2.5251,28.4414,73.3647,0.0,-0.967159,0.254173
5.0251,28.4414,73.3647,0.0,-0.988487,0.151306
2.5251,28.4414,73.3647,0.0,-0.988487,0.151306
5.0251,27.8373,69.4186,0.0,-0.988487,0.151306
5.0251,27.8373,69.4186,0.0,-0.988487,0.151306
2.5251,28.4414,73.3647,0.0,-0.988487,0.151306
2.5251,27.8373,69.4186,0.0,-0.988487,0.151306
5.0251,27.8373,69.4186,0.0,-0.998906,0.0467667
2.5251,27.8373,69.4186,0.0,-0.998906,0.0467667
5.0251,27.6506,65.4308,0.0,-0.998906,0.0467667
5.0251,27.6506,65.4308,0.0,-0.998906,0.0467667
2.5251,27.8373,69.4186,0.0,-0.998906,0.0467667
2.5251,27.6506,65.4308,0.0,-0.998906,0.0467667
5.0251,27.6506,65.4308,0.0,-0.9983,-0.0582871
2.5251,27.6506,65.4308,0.0,-0.9983,-0.0582871
5.0251,27.8833,61.4455,0.0,-0.9983,-0.0582871
5.0251,27.8833,61.4455,0.0,-0.9983,-0.0582871
2.5251,27.6506,65.4308,0.0,-0.9983,-0.0582871
2.5251,27.8833,61.4455,0.0,-0.9983,-0.0582871
5.0251,27.8833,61.4455,0.0,-0.986676,-0.162698
2.5251,27.8833,61.4455,0.0,-0.986676,-0.162698
5.0251,28.5328,57.5066,0.0,-0.986676,-0.162698
5.0251,28.5328,57.5066,0.0,-0.986676,-0.162698
2.5251,27.8833,61.4455,0.0,-0.986676,-0.162698
2.5251,28.5328,57.5066,0.0,-0.986676,-0.162698
5.0251,28.5328,57.5066,0.0,-0.964162,-0.265313
2.5251,28.5328,57.5066,0.0,-0.964162,-0.265313
5.0251,29.592,53.6575,0.0,-0.964162,-0.265313
5.0251,29.592,53.6575,0.0,-0.964162,-0.265313
2.5251,28.5328,57.5066,0.0,-0.964162,-0.265313
2.5251,29.592,53.6575,0.0,-0.964162,-0.265313
5.0251,29.592,53.6575,0.0,-0.931007,-0.365
2.5251,29.592,53.6575,0.0,-0.931007,-0.365
5.0251,31.0491,49.9408,0.0,-0.931007,-0.365
5.0251,31.0491,49.9408,0.0,-0.931007,-0.365
2.5251,29.592,53.6575,0.0,-0.931007,-0.365
2.5251,31.0491,49.9408,0.0,-0.931007,-0.365
5.0251,31.0491,49.9408,0.0,-0.887578,-0.460658
2.5251,31.0491,49.9408,0.0,-0.887578,-0.460658
5.0251,32.8881,46.3975,0.0,-0.887578,-0.460658
5.0251,32.8881,46.3975,0.0,-0.887578,-0.460658
2.5251,31.0491,49.9408,0.0,-0.887578,-0.460658
2.5251,32.8881,46.3975,0.0,-0.887578,-0.460658
5.0251,32.8881,46.3975,0.0,-0.834351,-0.551233
2.5251,32.8881,46.3975,0.0,-0.834351,-0.551233
5.0251,35.0887,43.0666,0.0,-0.834351,-0.551233
5.0251,35.0887,43.0666,0.0,-0.834351,-0.551233
2.5251,32.8881,46.3975,0.0,-0.834351,-0.551233
2.5251,35.0887,43.0666,0.0,-0.834351,-0.551233
5.0251,35.0887,43.0666,0.0,-0.771916,-0.635724
2.5251,35.0887,43.0666,0.0,-0.771916,-0.635724
5.0251,37.6266,39.9851,0.0,-0.771916,-0.635724
5.0251,37.6266,39.9851,0.0,-0.771916,-0.635724
2.5251,35.0887,43.0666,0.0,-0.771916,-0.635724
2.5251,37.6266,39.9851,0.0,-0.771916,-0.635724
5.0251,37.6266,39.9851,0.0,-0.700963,-0.713198
2.5251,37.6266,39.9851,0.0,-0.700963,-0.713198
5.0251,40.4738,37.1867,0.0,-0.700963,-0.713198
5.0251,40.4738,37.1867,0.0,-0.700963,-0.713198
2.5251,37.6266,39.9851,0.0,-0.700963,-0.713198
2.5251,40.4738,37.1867,0.0,-0.700963,-0.713198
5.0251,40.4738,37.1867,0.0,-0.622272,-0.782801
2.5251,40.4738,37.1867,0.0,-0.622272,-0.782801
5.0251,43.5988,34.7025,0.0,-0.622272,-0.782801
5.0251,43.5988,34.7025,0.0,-0.622272,-0.782801
2.5251,40.4738,37.1867,0.0,-0.622272,-0.782801
2.5251,43.5988,34.7025,0.0,-0.622272,-0.782801
5.0251,43.5988,34.7025,0.0,-0.536714,-0.843764
2.5251,43.5988,34.7025,0.0,-0.536714,-0.843764
5.0251,46.9672,32.5599,0.0,-0.536714,-0.843764
5.0251,46.9672,32.5599,0.0,-0.536714,-0.843764
2.5251,43.5988,34.7025,0.0,-0.536714,-0.843764
2.5251,46.9672,32.5599,0.0,-0.536714,-0.843764
5.0251,46.9672,32.5599,0.0,-0.445232,-0.895415
2.5251,46.9672,32.5599,0.0,-0.445232,-0.895415
5.0251,50.5418,30.7825,0.0,-0.445232,-0.895415
5.0251,50.5418,30.7825,0.0,-0.445232,-0.895415
2.5251,46.9672,32.5599,0.0,-0.445232,-0.895415
2.5251,50.5418,30.7825,0.0,-0.445232,-0.895415
5.0251,50.5418,30.7825,0.0,-0.348836,-0.937184
2.5251,50.5418,30.7825,0.0,-0.348836,-0.937184
5.0251,54.2832,29.3899,0.0,-0.348836,-0.937184
5.0251,54.2832,29.3899,0.0,-0.348836,-0.937184
2.5251,50.5418,30.7825,0.0,-0.348836,-0.937184
2.5251,54.2832,29.3899,0.0,-0.348836,-0.937184
5.0251,54.2832,29.3899,0.0,-0.24859,-0.968609
2.5251,54.2832,29.3899,0.0,-0.24859,-0.968609
5.0251,58.15,28.3975,0.0,-0.24859,-0.968609
5.0251,58.15,28.3975,0.0,-0.24859,-0.968609
2.5251,54.2832,29.3899,0.0,-0.24859,-0.968609
2.5251,58.15,28.3975,0.0,-0.24859,-0.968609
5.0251,73.15,28.3975,0.0,1.0,0.0
5.0251,73.15,23.3975,0.0,1.0,0.0
2.5251,73.15,28.3975,0.0,1.0,0.0
2.5251,73.15,28.3975,0.0,1.0,0.0
5.0251,73.15,23.3975,0.0,1.0,0.0
2.5251,73.15,23.3975,0.0,1.0,0.0
5.0251,73.15,23.3975,0.0,0.0,-1.0
5.0251,68.15,23.3975,0.0,0.0,-1.0
2.5251,73.15,23.3975,0.0,0.0,-1.0
2.5251,73.15,23.3975,0.0,0.0,-1.0
5.0251,68.15,23.3975,0.0,0.0,-1.0
2.5251,68.15,23.3975,0.0,0.0,-1.0
5.0251,68.15,23.3975,0.0,-1.0,0.0
5.0251,68.15,34.751,0.0,-1.0,0.0
2.5251,68.15,23.3975,0.0,-1.0,0.0
2.5251,68.15,23.3975,0.0,-1.0,0.0
5.0251,68.15,34.751,0.0,-1.0,0.0
2.5251,68.15,34.751,0.0,-1.0,0.0
2.5251,68.15,34.751,0.0,-0.138043,0.990426
5.0251,68.15,34.751,0.0,-0.138043,0.990426
2.5251,71.6944,35.245,0.0,-0.138043,0.990426
2.5251,71.6944,35.245,0.0,-0.138043,0.990426
5.0251,68.15,34.751,0.0,-0.138043,0.990426
5.0251,71.6944,35.245,0.0,-0.138043,0.990426
2.5251,71.6944,35.245,0.0,-0.251267,0.967918
5.0251,71.6944,35.245,0.0,-0.251267,0.967918
2.5251,75.1582,36.1442,0.0,-0.251267,0.967918
2.5251,75.1582,36.1442,0.0,-0.251267,0.967918
5.0251,71.6944,35.245,0.0,-0.251267,0.967918
5.0251,75.1582,36.1442,0.0,-0.251267,0.967918
2.5251,75.1582,36.1442,0.0,-0.361143,0.932511
5.0251,75.1582,36.1442,0.0,-0.361143,0.932511
2.5251,78.4953,37.4366,0.0,-0.361143,0.932511
2.5251,78.4953,37.4366,0.0,-0.361143,0.932511
5.0251,75.1582,36.1442,0.0,-0.361143,0.932511
5.0251,78.4953,37.4366,0.0,-0.361143,0.932511
2.5251,78.4953,37.4366,0.0,-0.466206,0.884676
5.0251,78.4953,37.4366,0.0,-0.466206,0.884676
2.5251,81.6613,39.105,0.0,-0.466206,0.884676
2.5251,81.6613,39.105,0.0,-0.466206,0.884676
5.0251,78.4953,37.4366,0.0,-0.466206,0.884676
5.0251,81.6613,39.105,0.0,-0.466206,0.884676
2.5251,81.6613,39.105,0.0,-0.565057,0.825052
5.0251,81.6613,39.105,0.0,-0.565057,0.825052
2.5251,84.6138,41.1271,0.0,-0.565057,0.825052
2.5251,84.6138,41.1271,0.0,-0.565057,0.825052
5.0251,81.6613,39.105,0.0,-0.565057,0.825052
5.0251,84.6138,41.1271,0.0,-0.565057,0.825052
2.5251,84.6138,41.1271,0.0,-0.656377,0.754433
5.0251,84.6138,41.1271,0.0,-0.656377,0.754433
2.5251,87.3137,43.476,0.0,-0.656377,0.754433
2.5251,87.3137,43.476,0.0,-0.656377,0.754433
5.0251,84.6138,41.1271,0.0,-0.656377,0.754433
5.0251,87.3137,43.476,0.0,-0.656377,0.754433
2.5251,87.3137,43.476,0.0,-0.738949,0.673762
5.0251,87.3137,43.476,0.0,-0.738949,0.673762
2.5251,89.7248,46.1204,0.0,-0.738949,0.673762
2.5251,89.7248,46.1204,0.0,-0.738949,0.673762
5.0251,87.3137,43.476,0.0,-0.738949,0.673762
5.0251,89.7248,46.1204,0.0,-0.738949,0.673762
2.5251,89.7248,46.1204,0.0,-0.811675,0.58411
5.0251,89.7248,46.1204,0.0,-0.811675,0.58411
2.5251,91.8151,49.0251,0.0,-0.811675,0.58411
2.5251,91.8151,49.0251,0.0,-0.811675,0.58411
5.0251,89.7248,46.1204,0.0,-0.811675,0.58411
5.0251,91.8151,49.0251,0.0,-0.811675,0.58411
2.5251,91.8151,49.0251,0.0,-0.873584,0.486674
5.0251,91.8151,49.0251,0.0,-0.873584,0.486674
2.5251,93.5568,52.1514,0.0,-0.873584,0.486674
2.5251,93.5568,52.1514,0.0,-0.873584,0.486674
5.0251,91.8151,49.0251,0.0,-0.873584,0.486674
5.0251,93.5568,52.1514,0.0,-0.873584,0.486674
2.5251,93.5568,52.1514,0.0,-0.923851,0.382751
5.0251,93.5568,52.1514,0.0,-0.923851,0.382751
2.5251,94.9265,55.4575,0.0,-0.923851,0.382751
2.5251,94.9265,55.4575,0.0,-0.923851,0.382751
5.0251,93.5568,52.1514,0.0,-0.923851,0.382751
5.0251,94.9265,55.4575,0.0,-0.923851,0.382751
2.5251,94.9265,55.4575,0.0,-0.961806,0.273733
5.0251,94.9265,55.4575,0.0,-0.961806,0.273733
2.5251,95.9061,58.8995,0.0,-0.961806,0.273733
2.5251,95.9061,58.8995,0.0,-0.961806,0.273733
5.0251,94.9265,55.4575,0.0,-0.961806,0.273733
5.0251,95.9061,58.8995,0.0,-0.961806,0.273733
2.5251,95.9061,58.8995,0.0,-0.986945,0.161059
5.0251,95.9061,58.8995,0.0,-0.986945,0.161059
2.5251,96.4825,62.4314,0.0,-0.986945,0.161059
2.5251,96.4825,62.4314,0.0,-0.986945,0.161059
5.0251,95.9061,58.8995,0.0,-0.986945,0.161059
5.0251,96.4825,62.4314,0.0,-0.986945,0.161059
2.5251,96.4825,62.4314,0.0,-0.99893,0.0462479
5.0251,96.4825,62.4314,0.0,-0.99893,0.0462479
2.5251,96.648,66.0062,0.0,-0.99893,0.0462479
2.5251,96.648,66.0062,0.0,-0.99893,0.0462479
5.0251,96.4825,62.4314,0.0,-0.99893,0.0462479
5.0251,96.648,66.0062,0.0,-0.99893,0.0462479
2.5251,96.648,66.0062,0.0,-0.997604,-0.0691875
5.0251,96.648,66.0062,0.0,-0.997604,-0.0691875
2.5251,96.4004,69.5763,0.0,-0.997604,-0.0691875
2.5251,96.4004,69.5763,0.0,-0.997604,-0.0691875
5.0251,96.648,66.0062,0.0,-0.997604,-0.0691875
5.0251,96.4004,69.5763,0.0,-0.997604,-0.0691875
2.5251,96.4004,69.5763,0.0,-0.982983,-0.183698
5.0251,96.4004,69.5763,0.0,-0.982983,-0.183698
2.5251,95.743,73.094,0.0,-0.982983,-0.183698
2.5251,95.743,73.094,0.0,-0.982983,-0.183698
5.0251,96.4004,69.5763,0.0,-0.982983,-0.183698
5.0251,95.743,73.094,0.0,-0.982983,-0.183698
2.5251,95.743,73.094,0.0,-0.955262,-0.29576
5.0251,95.743,73.094,0.0,-0.955262,-0.29576
2.5251,94.6846,76.5125,0.0,-0.955262,-0.29576
2.5251,94.6846,76.5125,0.0,-0.955262,-0.29576
5.0251,95.743,73.094,0.0,-0.955262,-0.29576
5.0251,94.6846,76.5125,0.0,-0.955262,-0.29576
2.5251,94.6846,76.5125,0.0,-0.914812,-0.403881
5.0251,94.6846,76.5125,0.0,-0.914812,-0.403881
2.5251,93.2392,79.7863,0.0,-0.914812,-0.403881
2.5251,93.2392,79.7863,0.0,-0.914812,-0.403881
5.0251,94.6846,76.5125,0.0,-0.914812,-0.403881
5.0251,93.2392,79.7863,0.0,-0.914812,-0.403881
2.5251,93.2392,79.7863,0.0,-0.86217,-0.506618
5.0251,93.2392,79.7863,0.0,-0.86217,-0.506618
2.5251,91.4262,82.8717,0.0,-0.86217,-0.506618
2.5251,91.4262,82.8717,0.0,-0.86217,-0.506618
5.0251,93.2392,79.7863,0.0,-0.86217,-0.506618
5.0251,91.4262,82.8717,0.0,-0.86217,-0.506618
2.5251,91.4262,82.8717,0.0,-0.798038,-0.602607
5.0251,91.4262,82.8717,0.0,-0.798038,-0.602607
2.5251,89.2697,85.7276,0.0,-0.798038,-0.602607
2.5251,89.2697,85.7276,0.0,-0.798038,-0.602607
5.0251,91.4262,82.8717,0.0,-0.798038,-0.602607
5.0251,89.2697,85.7276,0.0,-0.798038,-0.602607
2.5251,89.2697,85.7276,0.0,-0.723272,-0.690564
5.0251,89.2697,85.7276,0.0,-0.723272,-0.690564
2.5251,86.7984,88.3159,0.0,-0.723272,-0.690564
2.5251,86.7984,88.3159,0.0,-0.723272,-0.690564
5.0251,89.2697,85.7276,0.0,-0.723272,-0.690564
5.0251,86.7984,88.3159,0.0,-0.723272,-0.690564
2.5251,86.7984,88.3159,0.0,-0.638867,-0.769317
5.0251,86.7984,88.3159,0.0,-0.638867,-0.769317
2.5251,84.0453,90.6022,0.0,-0.638867,-0.769317
2.5251,84.0453,90.6022,0.0,-0.638867,-0.769317
5.0251,86.7984,88.3159,0.0,-0.638867,-0.769317
5.0251,84.0453,90.6022,0.0,-0.638867,-0.769317
2.5251,84.0453,90.6022,0.0,-0.545948,-0.837819
5.0251,84.0453,90.6022,0.0,-0.545948,-0.837819
2.5251,81.0471,92.556,0.0,-0.545948,-0.837819
2.5251,81.0471,92.556,0.0,-0.545948,-0.837819
5.0251,84.0453,90.6022,0.0,-0.545948,-0.837819
5.0251,81.0471,92.556,0.0,-0.545948,-0.837819
2.5251,81.0471,92.556,0.0,-0.445756,-0.895155
5.0251,81.0471,92.556,0.0,-0.445756,-0.895155
2.5251,77.8436,94.1512,0.0,-0.445756,-0.895155
2.5251,77.8436,94.1512,0.0,-0.445756,-0.895155
5.0251,81.0471,92.556,0.0,-0.445756,-0.895155
5.0251,77.8436,94.1512,0.0,-0.445756,-0.895155
2.5251,77.8436,94.1512,0.0,-0.339618,-0.940563
5.0251,77.8436,94.1512,0.0,-0.339618,-0.940563
2.5251,74.4777,95.3665,0.0,-0.339618,-0.940563
2.5251,74.4777,95.3665,0.0,-0.339618,-0.940563
5.0251,77.8436,94.1512,0.0,-0.339618,-0.940563
5.0251,74.4777,95.3665,0.0,-0.339618,-0.940563
2.5251,74.4777,95.3665,0.0,-0.228961,-0.973436
5.0251,74.4777,95.3665,0.0,-0.228961,-0.973436
2.5251,70.9941,96.1859,0.0,-0.228961,-0.973436
2.5251,70.9941,96.1859,0.0,-0.228961,-0.973436
5.0251,74.4777,95.3665,0.0,-0.228961,-0.973436
5.0251,70.9941,96.1859,0.0,-0.228961,-0.973436
2.5251,70.9941,96.1859,0.0,-0.115247,-0.993337
5.0251,70.9941,96.1859,0.0,-0.115247,-0.993337
2.5251,67.4393,96.5983,0.0,-0.115247,-0.993337
2.5251,67.4393,96.5983,0.0,-0.115247,-0.993337
5.0251,70.9941,96.1859,0.0,-0.115247,-0.993337
5.0251,67.4393,96.5983,0.0,-0.115247,-0.993337
2.5251,67.4393,96.5983,0.0,0.0,-1.0
5.0251,67.4393,96.5983,0.0,0.0,-1.0
2.5251,63.8607,96.5983,0.0,0.0,-1.0
2.5251,63.8607,96.5983,0.0,0.0,-1.0
5.0251,67.4393,96.5983,0.0,0.0,-1.0
5.0251,63.8607,96.5983,0.0,0.0,-1.0
2.5251,63.8607,96.5983,0.0,0.115248,-0.993337
5.0251,63.8607,96.5983,0.0,0.115248,-0.993337
2.5251,60.3059,96.1859,0.0,0.115248,-0.993337
2.5251,60.3059,96.1859,0.0,0.115248,-0.993337
5.0251,63.8607,96.5983,0.0,0.115248,-0.993337
5.0251,60.3059,96.1859,0.0,0.115248,-0.993337
2.5251,60.3059,96.1859,0.0,0.22896,-0.973436
5.0251,60.3059,96.1859,0.0,0.22896,-0.973436
2.5251,56.8223,95.3665,0.0,0.22896,-0.973436
2.5251,56.8223,95.3665,0.0,0.22896,-0.973436
5.0251,60.3059,96.1859,0.0,0.22896,-0.973436
5.0251,56.8223,95.3665,0.0,0.22896,-0.973436
2.5251,56.8223,95.3665,0.0,0.339618,-0.940563
5.0251,56.8223,95.3665,0.0,0.339618,-0.940563
2.5251,53.4564,94.1512,0.0,0.339618,-0.940563
2.5251,53.4564,94.1512,0.0,0.339618,-0.940563
5.0251,56.8223,95.3665,0.0,0.339618,-0.940563
5.0251,53.4564,94.1512,0.0,0.339618,-0.940563
2.5251,53.4564,94.1512,0.0,0.445755,-0.895155
5.0251,53.4564,94.1512,0.0,0.445755,-0.895155
2.5251,50.2529,92.556,0.0,0.445755,-0.895155
2.5251,50.2529,92.556,0.0,0.445755,-0.895155
5.0251,53.4564,94.1512,0.0,0.445755,-0.895155
5.0251,50.2529,92.556,0.0,0.445755,-0.895155
2.5251,50.2529,92.556,0.0,0.545948,-0.837819
5.0251,50.2529,92.556,0.0,0.545948,-0.837819
2.5251,47.2547,90.6022,0.0,0.545948,-0.837819
2.5251,47.2547,90.6022,0.0,0.545948,-0.837819
5.0251,50.2529,92.556,0.0,0.545948,-0.837819
5.0251,47.2547,90.6022,0.0,0.545948,-0.837819
2.5251,47.2547,90.6022,0.0,0.638867,-0.769317
5.0251,47.2547,90.6022,0.0,0.638867,-0.769317
2.5251,44.5016,88.3159,0.0,0.638867,-0.769317
2.5251,44.5016,88.3159,0.0,0.638867,-0.769317
5.0251,47.2547,90.6022,0.0,0.638867,-0.769317
5.0251,44.5016,88.3159,0.0,0.638867,-0.769317
2.5251,44.5016,88.3159,0.0,0.723273,-0.690563
5.0251,44.5016,88.3159,0.0,0.723273,-0.690563
2.5251,42.0303,85.7276,0.0,0.723273,-0.690563
2.5251,42.0303,85.7276,0.0,0.723273,-0.690563
5.0251,44.5016,88.3159,0.0,0.723273,-0.690563
5.0251,42.0303,85.7276,0.0,0.723273,-0.690563
2.5251,42.0303,85.7276,0.0,0.798038,-0.602607
5.0251,42.0303,85.7276,0.0,0.798038,-0.602607
2.5251,39.8738,82.8717,0.0,0.798038,-0.602607
2.5251,39.8738,82.8717,0.0,0.798038,-0.602607
5.0251,42.0303,85.7276,0.0,0.798038,-0.602607
5.0251,39.8738,82.8717,0.0,0.798038,-0.602607
2.5251,39.8738,82.8717,0.0,0.86217,-0.506619
5.0251,39.8738,82.8717,0.0,0.86217,-0.506619
2.5251,38.0608,79.7863,0.0,0.86217,-0.506619
2.5251,38.0608,79.7863,0.0,0.86217,-0.506619
5.0251,39.8738,82.8717,0.0,0.86217,-0.506619
5.0251,38.0608,79.7863,0.0,0.86217,-0.506619
2.5251,38.0608,79.7863,0.0,0.914812,-0.403881
5.0251,38.0608,79.7863,0.0,0.914812,-0.403881
2.5251,36.6154,76.5125,0.0,0.914812,-0.403881
2.5251,36.6154,76.5125,0.0,0.914812,-0.403881
5.0251,38.0608,79.7863,0.0,0.914812,-0.403881
5.0251,36.6154,76.5125,0.0,0.914812,-0.403881
2.5251,36.6154,76.5125,0.0,0.955262,-0.29576
5.0251,36.6154,76.5125,0.0,0.955262,-0.29576
2.5251,35.557,73.094,0.0,0.955262,-0.29576
2.5251,35.557,73.094,0.0,0.955262,-0.29576
5.0251,36.6154,76.5125,0.0,0.955262,-0.29576
5.0251,35.557,73.094,0.0,0.955262,-0.29576
2.5251,35.557,73.094,0.0,0.982983,-0.183698
5.0251,35.557,73.094,0.0,0.982983,-0.183698
2.5251,34.8996,69.5763,0.0,0.982983,-0.183698
2.5251,34.8996,69.5763,0.0,0.982983,-0.183698
5.0251,35.557,73.094,0.0,0.982983,-0.183698
5.0251,34.8996,69.5763,0.0,0.982983,-0.183698
2.5251,34.8996,69.5763,0.0,0.997604,-0.0691875
5.0251,34.8996,69.5763,0.0,0.997604,-0.0691875
2.5251,34.652,66.0062,0.0,0.997604,-0.0691875
2.5251,34.652,66.0062,0.0,0.997604,-0.0691875
5.0251,34.8996,69.5763,0.0,0.997604,-0.0691875
5.0251,34.652,66.0062,0.0,0.997604,-0.0691875
2.5251,34.652,66.0062,0.0,0.99893,0.0462457
5.0251,34.652,66.0062,0.0,0.99893,0.0462457
2.5251,34.8175,62.4314,0.0,0.99893,0.0462457
2.5251,34.8175,62.4314,0.0,0.99893,0.0462457
5.0251,34.652,66.0062,0.0,0.99893,0.0462457
5.0251,34.8175,62.4314,0.0,0.99893,0.0462457
2.5251,34.8175,62.4314,0.0,0.986944,0.161062
5.0251,34.8175,62.4314,0.0,0.986944,0.161062
2.5251,35.3939,58.8995,0.0,0.986944,0.161062
2.5251,35.3939,58.8995,0.0,0.986944,0.161062
5.0251,34.8175,62.4314,0.0,0.986944,0.161062
5.0251,35.3939,58.8995,0.0,0.986944,0.161062
2.5251,35.3939,58.8995,0.0,0.961806,0.273731
5.0251,35.3939,58.8995,0.0,0.961806,0.273731
2.5251,36.3735,55.4575,0.0,0.961806,0.273731
2.5251,36.3735,55.4575,0.0,0.961806,0.273731
5.0251,35.3939,58.8995,0.0,0.961806,0.273731
5.0251,36.3735,55.4575,0.0,0.961806,0.273731
2.5251,36.3735,55.4575,0.0,0.923851,0.382752
5.0251,36.3735,55.4575,0.0,0.923851,0.382752
2.5251,37.7432,52.1514,0.0,0.923851,0.382752
2.5251,37.7432,52.1514,0.0,0.923851,0.382752
5.0251,36.3735,55.4575,0.0,0.923851,0.382752
5.0251,37.7432,52.1514,0.0,0.923851,0.382752
2.5251,37.7432,52.1514,0.0,0.873584,0.486674
5.0251,37.7432,52.1514,0.0,0.873584,0.486674
2.5251,39.4849,49.0251,0.0,0.873584,0.486674
2.5251,39.4849,49.0251,0.0,0.873584,0.486674
5.0251,37.7432,52.1514,0.0,0.873584,0.486674
5.0251,39.4849,49.0251,0.0,0.873584,0.486674
2.5251,39.4849,49.0251,0.0,0.811675,0.58411
5.0251,39.4849,49.0251,0.0,0.811675,0.58411
2.5251,41.5752,46.1204,0.0,0.811675,0.58411
2.5251,41.5752,46.1204,0.0,0.811675,0.58411
5.0251,39.4849,49.0251,0.0,0.811675,0.58411
5.0251,41.5752,46.1204,0.0,0.811675,0.58411
2.5251,41.5752,46.1204,0.0,0.738949,0.673762
5.0251,41.5752,46.1204,0.0,0.738949,0.673762
2.5251,43.9863,43.476,0.0,0.738949,0.673762
2.5251,43.9863,43.476,0.0,0.738949,0.673762
5.0251,41.5752,46.1204,0.0,0.738949,0.673762
5.0251,43.9863,43.476,0.0,0.738949,0.673762
2.5251,43.9863,43.476,0.0,0.656377,0.754433
5.0251,43.9863,43.476,0.0,0.656377,0.754433
2.5251,46.6862,41.1271,0.0,0.656377,0.754433
2.5251,46.6862,41.1271,0.0,0.656377,0.754433
5.0251,43.9863,43.476,0.0,0.656377,0.754433
5.0251,46.6862,41.1271,0.0,0.656377,0.754433
2.5251,46.6862,41.1271,0.0,0.565057,0.825052
5.0251,46.6862,41.1271,0.0,0.565057,0.825052
2.5251,49.6387,39.105,0.0,0.565057,0.825052
2.5251,49.6387,39.105,0.0,0.565057,0.825052
5.0251,46.6862,41.1271,0.0,0.565057,0.825052
5.0251,49.6387,39.105,0.0,0.565057,0.825052
2.5251,49.6387,39.105,0.0,0.466206,0.884676
5.0251,49.6387,39.105,0.0,0.466206,0.884676
2.5251,52.8047,37.4366,0.0,0.466206,0.884676
2.5251,52.8047,37.4366,0.0,0.466206,0.884676
5.0251,49.6387,39.105,0.0,0.466206,0.884676
5.0251,52.8047,37.4366,0.0,0.466206,0.884676
2.5251,52.8047,37.4366,0.0,0.361143,0.932511
5.0251,52.8047,37.4366,0.0,0.361143,0.932511
2.5251,56.1418,36.1442,0.0,0.361143,0.932511
2.5251,56.1418,36.1442,0.0,0.361143,0.932511
5.0251,52.8047,37.4366,0.0,0.361143,0.932511
5.0251,56.1418,36.1442,0.0,0.361143,0.932511
2.5251,56.1418,36.1442,0.0,0.251266,0.967918
5.0251,56.1418,36.1442,0.0,0.251266,0.967918
2.5251,59.6056,35.245,0.0,0.251266,0.967918
2.5251,59.6056,35.245,0.0,0.251266,0.967918
5.0251,56.1418,36.1442,0.0,0.251266,0.967918
5.0251,59.6056,35.245,0.0,0.251266,0.967918
2.5251,59.6056,35.245,0.0,0.138043,0.990426
5.0251,59.6056,35.245,0.0,0.138043,0.990426
2.5251,63.15,34.751,0.0,0.138043,0.990426
2.5251,63.15,34.751,0.0,0.138043,0.990426
5.0251,59.6056,35.245,0.0,0.138043,0.990426
5.0251,63.15,34.751,0.0,0.138043,0.990426
5.0251,63.15,34.751,0.0,1.0,0.0
5.0251,63.15,23.3975,0.0,1.0,0.0
2.5251,63.15,34.751,0.0,1.0,0.0
2.5251,63.15,34.751,0.0,1.0,0.0
5.0251,63.15,23.3975,0.0,1.0,0.0
2.5251,63.15,23.3975,0.0,1.0,0.0
5.0251,63.15,23.3975,0.0,0.0,-1.0
5.0251,58.15,23.3975,0.0,0.0,-1.0
2.5251,63.15,23.3975,0.0,0.0,-1.0
2.5251,63.15,23.3975,0.0,0.0,-1.0
5.0251,58.15,23.3975,0.0,0.0,-1.0
2.5251,58.15,23.3975,0.0,0.0,-1.0
5.0251,58.15,23.3975,0.0,-1.0,0.0
5.0251,58.15,28.3975,0.0,-1.0,0.0
2.5251,58.15,23.3975,0.0,-1.0,0.0
2.5251,58.15,23.3975,0.0,-1.0,0.0
5.0251,58.15,28.3975,0.0,-1.0,0.0
2.5251,58.15,28.3975,0.0,-1.0,0.0
2.5251,68.15,34.751,-1.0,0.0,0.0
2.5251,71.6944,35.245,-1.0,0.0,0.0
2.5251,70.756,27.143,-1.0,0.0,0.0
2.5251,70.756,27.143,-1.0,0.0,0.0
2.5251,70.544,27.143,-1.0,0.0,0.0
2.5251,68.15,34.751,-1.0,0.0,0.0
2.5251,68.15,34.751,-1.0,0.0,0.0
2.5251,70.544,27.143,-1.0,0.0,0.0
2.5251,70.335,27.1071,-1.0,0.0,0.0
2.5251,68.15,34.751,-1.0,0.0,0.0
2.5251,70.335,27.1071,-1.0,0.0,0.0
2.5251,70.1351,27.0365,-1.0,0.0,0.0
2.5251,60.1351,27.0365,-1.0,0.0,0.0
2.5251,58.15,28.3975,-1.0,0.0,0.0
2.5251,60.335,27.1071,-1.0,0.0,0.0
2.5251,60.335,27.1071,-1.0,0.0,0.0
2.5251,58.15,28.3975,-1.0,0.0,0.0
2.5251,60.544,27.143,-1.0,0.0,0.0
2.5251,70.1351,27.0365,-1.0,0.0,0.0
2.5251,69.95,26.9331,-1.0,0.0,0.0
2.5251,68.15,34.751,-1.0,0.0,0.0
2.5251,68.15,34.751,-1.0,0.0,0.0
2.5251,69.95,26.9331,-1.0,0.0,0.0
2.5251,69.7851,26.7999,-1.0,0.0,0.0
2.5251,68.15,34.751,-1.0,0.0,0.0
2.5251,69.7851,26.7999,-1.0,0.0,0.0
2.5251,69.645,26.6408,-1.0,0.0,0.0
2.5251,69.4011,25.8444,-1.0,0.0,0.0
2.5251,69.4281,25.6341,-1.0,0.0,0.0
2.5251,68.15,23.3975,-1.0,0.0,0.0
2.5251,68.15,23.3975,-1.0,0.0,0.0
2.5251,69.4281,25.6341,-1.0,0.0,0.0
2.5251,69.4901,25.4314,-1.0,0.0,0.0
2.5251,68.15,23.3975,-1.0,0.0,0.0
2.5251,69.4901,25.4314,-1.0,0.0,0.0
2.5251,69.5856,25.2421,-1.0,0.0,0.0
2.5251,58.15,28.3975,-1.0,0.0,0.0
2.5251,59.645,26.6408,-1.0,0.0,0.0
2.5251,59.5338,26.4602,-1.0,0.0,0.0
2.5251,60.0404,24.8062,-1.0,0.0,0.0
2.5251,60.2336,24.7189,-1.0,0.0,0.0
2.5251,58.15,23.3975,-1.0,0.0,0.0
2.5251,71.8452,26.2635,-1.0,0.0,0.0
2.5251,71.7662,26.4602,-1.0,0.0,0.0
2.5251,73.15,28.3975,-1.0,0.0,0.0
2.5251,73.15,28.3975,-1.0,0.0,0.0
2.5251,71.7662,26.4602,-1.0,0.0,0.0
2.5251,71.655,26.6408,-1.0,0.0,0.0
2.5251,73.15,28.3975,-1.0,0.0,0.0
2.5251,71.655,26.6408,-1.0,0.0,0.0
2.5251,71.5149,26.7999,-1.0,0.0,0.0
2.5251,71.35,26.9331,-1.0,0.0,0.0
2.5251,71.1649,27.0365,-1.0,0.0,0.0
2.5251,71.6944,35.245,-1.0,0.0,0.0
2.5251,71.6944,35.245,-1.0,0.0,0.0
2.5251,71.1649,27.0365,-1.0,0.0,0.0
2.5251,70.965,27.1071,-1.0,0.0,0.0
2.5251,71.6944,35.245,-1.0,0.0,0.0
2.5251,70.965,27.1071,-1.0,0.0,0.0
2.5251,70.756,27.143,-1.0,0.0,0.0
2.5251,73.15,23.3975,-1.0,0.0,0.0
2.5251,70.8613,24.6655,-1.0,0.0,0.0
2.5251,71.0664,24.7189,-1.0,0.0,0.0
2.5251,71.5883,25.0716,-1.0,0.0,0.0
2.5251,71.7144,25.2421,-1.0,0.0,0.0
2.5251,73.15,23.3975,-1.0,0.0,0.0
2.5251,73.15,23.3975,-1.0,0.0,0.0
2.5251,71.7144,25.2421,-1.0,0.0,0.0
2.5251,71.8099,25.4314,-1.0,0.0,0.0
2.5251,73.15,23.3975,-1.0,0.0,0.0
2.5251,71.8099,25.4314,-1.0,0.0,0.0
2.5251,73.15,28.3975,-1.0,0.0,0.0
2.5251,73.15,28.3975,-1.0,0.0,0.0
2.5251,71.8099,25.4314,-1.0,0.0,0.0
2.5251,71.8719,25.6341,-1.0,0.0,0.0
2.5251,60.1351,27.0365,-1.0,0.0,0.0
2.5251,59.95,26.9331,-1.0,0.0,0.0
2.5251,58.15,28.3975,-1.0,0.0,0.0
2.5251,58.15,28.3975,-1.0,0.0,0.0
2.5251,59.95,26.9331,-1.0,0.0,0.0
2.5251,59.7851,26.7999,-1.0,0.0,0.0
2.5251,58.15,28.3975,-1.0,0.0,0.0
2.5251,59.7851,26.7999,-1.0,0.0,0.0
2.5251,59.645,26.6408,-1.0,0.0,0.0
2.5251,69.645,26.6408,-1.0,0.0,0.0
2.5251,69.5338,26.4602,-1.0,0.0,0.0
2.5251,68.15,34.751,-1.0,0.0,0.0
2.5251,68.15,34.751,-1.0,0.0,0.0
2.5251,69.5338,26.4602,-1.0,0.0,0.0
2.5251,69.4548,26.2635,-1.0,0.0,0.0
2.5251,68.15,34.751,-1.0,0.0,0.0
2.5251,69.4548,26.2635,-1.0,0.0,0.0
2.5251,68.15,23.3975,-1.0,0.0,0.0
2.5251,68.15,23.3975,-1.0,0.0,0.0
2.5251,69.4548,26.2635,-1.0,0.0,0.0
2.5251,69.4101,26.0563,-1.0,0.0,0.0
2.5251,68.15,23.3975,-1.0,0.0,0.0
2.5251,69.4101,26.0563,-1.0,0.0,0.0
2.5251,69.4011,25.8444,-1.0,0.0,0.0
2.5251,69.5856,25.2421,-1.0,0.0,0.0
2.5251,69.7117,25.0716,-1.0,0.0,0.0
2.5251,68.15,23.3975,-1.0,0.0,0.0
2.5251,68.15,23.3975,-1.0,0.0,0.0
2.5251,69.7117,25.0716,-1.0,0.0,0.0
2.5251,69.8647,24.9249,-1.0,0.0,0.0
2.5251,68.15,23.3975,-1.0,0.0,0.0
2.5251,69.8647,24.9249,-1.0,0.0,0.0
2.5251,70.0404,24.8062,-1.0,0.0,0.0
2.5251,71.0664,24.7189,-1.0,0.0,0.0
2.5251,71.2596,24.8062,-1.0,0.0,0.0
2.5251,73.15,23.3975,-1.0,0.0,0.0
2.5251,73.15,23.3975,-1.0,0.0,0.0
2.5251,71.2596,24.8062,-1.0,0.0,0.0
2.5251,71.4353,24.9249,-1.0,0.0,0.0
2.5251,73.15,23.3975,-1.0,0.0,0.0
2.5251,71.4353,24.9249,-1.0,0.0,0.0
2.5251,71.5883,25.0716,-1.0,0.0,0.0
2.5251,59.5856,25.2421,-1.0,0.0,0.0
2.5251,58.15,23.3975,-1.0,0.0,0.0
2.5251,59.4901,25.4314,-1.0,0.0,0.0
2.5251,59.4901,25.4314,-1.0,0.0,0.0
2.5251,58.15,23.3975,-1.0,0.0,0.0
2.5251,59.4281,25.6341,-1.0,0.0,0.0
2.5251,61.7662,26.4602,-1.0,0.0,0.0
2.5251,61.655,26.6408,-1.0,0.0,0.0
2.5251,63.15,34.751,-1.0,0.0,0.0
2.5251,63.15,34.751,-1.0,0.0,0.0
2.5251,61.655,26.6408,-1.0,0.0,0.0
2.5251,61.5149,26.7999,-1.0,0.0,0.0
2.5251,63.15,34.751,-1.0,0.0,0.0
2.5251,61.5149,26.7999,-1.0,0.0,0.0
2.5251,61.35,26.9331,-1.0,0.0,0.0
2.5251,71.8719,25.6341,-1.0,0.0,0.0
2.5251,71.8989,25.8444,-1.0,0.0,0.0
2.5251,73.15,28.3975,-1.0,0.0,0.0
2.5251,73.15,28.3975,-1.0,0.0,0.0
2.5251,71.8989,25.8444,-1.0,0.0,0.0
2.5251,71.8899,26.0563,-1.0,0.0,0.0
2.5251,73.15,28.3975,-1.0,0.0,0.0
2.5251,71.8899,26.0563,-1.0,0.0,0.0
2.5251,71.8452,26.2635,-1.0,0.0,0.0
2.5251,70.0404,24.8062,-1.0,0.0,0.0
2.5251,70.2336,24.7189,-1.0,0.0,0.0
2.5251,68.15,23.3975,-1.0,0.0,0.0
2.5251,68.15,23.3975,-1.0,0.0,0.0
2.5251,70.2336,24.7189,-1.0,0.0,0.0
2.5251,70.4388,24.6655,-1.0,0.0,0.0
2.5251,68.15,23.3975,-1.0,0.0,0.0
2.5251,70.4388,24.6655,-1.0,0.0,0.0
2.5251,73.15,23.3975,-1.0,0.0,0.0
2.5251,73.15,23.3975,-1.0,0.0,0.0
2.5251,70.4388,24.6655,-1.0,0.0,0.0
2.5251,70.65,24.6475,-1.0,0.0,0.0
2.5251,73.15,23.3975,-1.0,0.0,0.0
2.5251,70.65,24.6475,-1.0,0.0,0.0
2.5251,70.8613,24.6655,-1.0,0.0,0.0
2.5251,59.5856,25.2421,-1.0,0.0,0.0
2.5251,59.7117,25.0716,-1.0,0.0,0.0
2.5251,58.15,23.3975,-1.0,0.0,0.0
2.5251,58.15,23.3975,-1.0,0.0,0.0
2.5251,59.7117,25.0716,-1.0,0.0,0.0
2.5251,59.8647,24.9249,-1.0,0.0,0.0
2.5251,58.15,23.3975,-1.0,0.0,0.0
2.5251,59.8647,24.9249,-1.0,0.0,0.0
2.5251,60.0404,24.8062,-1.0,0.0,0.0
2.5251,60.2336,24.7189,-1.0,0.0,0.0
2.5251,60.4388,24.6655,-1.0,0.0,0.0
2.5251,58.15,23.3975,-1.0,0.0,0.0
2.5251,58.15,23.3975,-1.0,0.0,0.0
2.5251,60.4388,24.6655,-1.0,0.0,0.0
2.5251,60.65,24.6475,-1.0,0.0,0.0
2.5251,58.15,23.3975,-1.0,0.0,0.0
2.5251,60.65,24.6475,-1.0,0.0,0.0
2.5251,63.15,23.3975,-1.0,0.0,0.0
2.5251,63.15,23.3975,-1.0,0.0,0.0
2.5251,60.65,24.6475,-1.0,0.0,0.0
2.5251,60.8613,24.6655,-1.0,0.0,0.0
2.5251,63.15,23.3975,-1.0,0.0,0.0
2.5251,60.8613,24.6655,-1.0,0.0,0.0
2.5251,61.0664,24.7189,-1.0,0.0,0.0
2.5251,61.35,26.9331,-1.0,0.0,0.0
2.5251,61.1649,27.0365,-1.0,0.0,0.0
2.5251,63.15,34.751,-1.0,0.0,0.0
2.5251,63.15,34.751,-1.0,0.0,0.0
2.5251,61.1649,27.0365,-1.0,0.0,0.0
2.5251,60.965,27.1071,-1.0,0.0,0.0
2.5251,63.15,34.751,-1.0,0.0,0.0
2.5251,60.965,27.1071,-1.0,0.0,0.0
2.5251,59.6056,35.245,-1.0,0.0,0.0
2.5251,59.6056,35.245,-1.0,0.0,0.0
2.5251,60.965,27.1071,-1.0,0.0,0.0
2.5251,60.756,27.143,-1.0,0.0,0.0
2.5251,59.6056,35.245,-1.0,0.0,0.0
2.5251,60.756,27.143,-1.0,0.0,0.0
2.5251,56.1418,36.1442,-1.0,0.0,0.0
2.5251,71.5149,26.7999,-1.0,0.0,0.0
2.5251,71.35,26.9331,-1.0,0.0,0.0
2.5251,73.15,28.3975,-1.0,0.0,0.0
2.5251,73.15,28.3975,-1.0,0.0,0.0
2.5251,71.35,26.9331,-1.0,0.0,0.0
2.5251,71.6944,35.245,-1.0,0.0,0.0
2.5251,73.15,28.3975,-1.0,0.0,0.0
2.5251,71.6944,35.245,-1.0,0.0,0.0
2.5251,77.0168,29.3899,-1.0,0.0,0.0
2.5251,77.0168,29.3899,-1.0,0.0,0.0
2.5251,71.6944,35.245,-1.0,0.0,0.0
2.5251,75.1582,36.1442,-1.0,0.0,0.0
2.5251,77.0168,29.3899,-1.0,0.0,0.0
2.5251,75.1582,36.1442,-1.0,0.0,0.0
2.5251,80.7582,30.7825,-1.0,0.0,0.0
2.5251,80.7582,30.7825,-1.0,0.0,0.0
2.5251,75.1582,36.1442,-1.0,0.0,0.0
2.5251,78.4953,37.4366,-1.0,0.0,0.0
2.5251,80.7582,30.7825,-1.0,0.0,0.0
2.5251,78.4953,37.4366,-1.0,0.0,0.0
2.5251,84.3328,32.5599,-1.0,0.0,0.0
2.5251,84.3328,32.5599,-1.0,0.0,0.0
2.5251,78.4953,37.4366,-1.0,0.0,0.0
2.5251,81.6613,39.105,-1.0,0.0,0.0
2.5251,84.3328,32.5599,-1.0,0.0,0.0
2.5251,81.6613,39.105,-1.0,0.0,0.0
2.5251,87.7012,34.7025,-1.0,0.0,0.0
2.5251,87.7012,34.7025,-1.0,0.0,0.0
2.5251,81.6613,39.105,-1.0,0.0,0.0
2.5251,84.6138,41.1271,-1.0,0.0,0.0
2.5251,87.7012,34.7025,-1.0,0.0,0.0
2.5251,84.6138,41.1271,-1.0,0.0,0.0
2.5251,90.8262,37.1867,-1.0,0.0,0.0
2.5251,90.8262,37.1867,-1.0,0.0,0.0
2.5251,84.6138,41.1271,-1.0,0.0,0.0
2.5251,87.3137,43.476,-1.0,0.0,0.0
2.5251,90.8262,37.1867,-1.0,0.0,0.0
2.5251,87.3137,43.476,-1.0,0.0,0.0
2.5251,93.6734,39.9851,-1.0,0.0,0.0
2.5251,93.6734,39.9851,-1.0,0.0,0.0
2.5251,87.3137,43.476,-1.0,0.0,0.0
2.5251,89.7248,46.1204,-1.0,0.0,0.0
2.5251,59.5338,26.4602,-1.0,0.0,0.0
2.5251,59.4548,26.2635,-1.0,0.0,0.0
2.5251,58.15,28.3975,-1.0,0.0,0.0
2.5251,58.15,28.3975,-1.0,0.0,0.0
2.5251,59.4548,26.2635,-1.0,0.0,0.0
2.5251,59.4101,26.0563,-1.0,0.0,0.0
2.5251,58.15,28.3975,-1.0,0.0,0.0
2.5251,59.4101,26.0563,-1.0,0.0,0.0
2.5251,58.15,23.3975,-1.0,0.0,0.0
2.5251,58.15,23.3975,-1.0,0.0,0.0
2.5251,59.4101,26.0563,-1.0,0.0,0.0
2.5251,59.4011,25.8444,-1.0,0.0,0.0
2.5251,58.15,23.3975,-1.0,0.0,0.0
2.5251,59.4011,25.8444,-1.0,0.0,0.0
2.5251,59.4281,25.6341,-1.0,0.0,0.0
2.5251,60.544,27.143,-1.0,0.0,0.0
2.5251,58.15,28.3975,-1.0,0.0,0.0
2.5251,60.756,27.143,-1.0,0.0,0.0
2.5251,60.756,27.143,-1.0,0.0,0.0
2.5251,58.15,28.3975,-1.0,0.0,0.0
2.5251,43.9863,43.476,-1.0,0.0,0.0
2.5251,60.756,27.143,-1.0,0.0,0.0
2.5251,43.9863,43.476,-1.0,0.0,0.0
2.5251,46.6862,41.1271,-1.0,0.0,0.0
2.5251,63.8607,96.5983,-1.0,0.0,0.0
2.5251,65.65,103.65,-1.0,0.0,0.0
2.5251,67.4393,96.5983,-1.0,0.0,0.0
2.5251,67.4393,96.5983,-1.0,0.0,0.0
2.5251,65.65,103.65,-1.0,0.0,0.0
2.5251,69.6366,103.44,-1.0,0.0,0.0
2.5251,67.4393,96.5983,-1.0,0.0,0.0
2.5251,69.6366,103.44,-1.0,0.0,0.0
2.5251,70.9941,96.1859,-1.0,0.0,0.0
2.5251,70.9941,96.1859,-1.0,0.0,0.0
2.5251,69.6366,103.44,-1.0,0.0,0.0
2.5251,73.5792,102.814,-1.0,0.0,0.0
2.5251,70.9941,96.1859,-1.0,0.0,0.0
2.5251,73.5792,102.814,-1.0,0.0,0.0
2.5251,74.4777,95.3665,-1.0,0.0,0.0
2.5251,74.4777,95.3665,-1.0,0.0,0.0
2.5251,73.5792,102.814,-1.0,0.0,0.0
2.5251,77.4343,101.777,-1.0,0.0,0.0
2.5251,74.4777,95.3665,-1.0,0.0,0.0
2.5251,77.4343,101.777,-1.0,0.0,0.0
2.5251,77.8436,94.1512,-1.0,0.0,0.0
2.5251,77.8436,94.1512,-1.0,0.0,0.0
2.5251,77.4343,101.777,-1.0,0.0,0.0
2.5251,81.1594,100.341,-1.0,0.0,0.0
2.5251,77.8436,94.1512,-1.0,0.0,0.0
2.5251,81.1594,100.341,-1.0,0.0,0.0
2.5251,81.0471,92.556,-1.0,0.0,0.0
2.5251,81.0471,92.556,-1.0,0.0,0.0
2.5251,81.1594,100.341,-1.0,0.0,0.0
2.5251,84.7132,98.5224,-1.0,0.0,0.0
2.5251,81.0471,92.556,-1.0,0.0,0.0
2.5251,84.7132,98.5224,-1.0,0.0,0.0
2.5251,84.0453,90.6022,-1.0,0.0,0.0
2.5251,84.0453,90.6022,-1.0,0.0,0.0
2.5251,84.7132,98.5224,-1.0,0.0,0.0
2.5251,88.0567,96.341,-1.0,0.0,0.0
2.5251,84.0453,90.6022,-1.0,0.0,0.0
2.5251,88.0567,96.341,-1.0,0.0,0.0
2.5251,86.7984,88.3159,-1.0,0.0,0.0
2.5251,86.7984,88.3159,-1.0,0.0,0.0
2.5251,88.0567,96.341,-1.0,0.0,0.0
2.5251,91.1529,93.821,-1.0,0.0,0.0
2.5251,86.7984,88.3159,-1.0,0.0,0.0
2.5251,91.1529,93.821,-1.0,0.0,0.0
2.5251,89.2697,85.7276,-1.0,0.0,0.0
2.5251,89.2697,85.7276,-1.0,0.0,0.0
2.5251,91.1529,93.821,-1.0,0.0,0.0
2.5251,93.9676,90.99,-1.0,0.0,0.0
2.5251,89.2697,85.7276,-1.0,0.0,0.0
2.5251,93.9676,90.99,-1.0,0.0,0.0
2.5251,91.4262,82.8717,-1.0,0.0,0.0
2.5251,91.4262,82.8717,-1.0,0.0,0.0
2.5251,93.9676,90.99,-1.0,0.0,0.0
2.5251,96.4698,87.8793,-1.0,0.0,0.0
2.5251,91.4262,82.8717,-1.0,0.0,0.0
2.5251,96.4698,87.8793,-1.0,0.0,0.0
2.5251,93.2392,79.7863,-1.0,0.0,0.0
2.5251,61.0664,24.7189,-1.0,0.0,0.0
2.5251,61.2596,24.8062,-1.0,0.0,0.0
2.5251,63.15,23.3975,-1.0,0.0,0.0
2.5251,63.15,23.3975,-1.0,0.0,0.0
2.5251,61.2596,24.8062,-1.0,0.0,0.0
2.5251,61.4353,24.9249,-1.0,0.0,0.0
2.5251,63.15,23.3975,-1.0,0.0,0.0
2.5251,61.4353,24.9249,-1.0,0.0,0.0
2.5251,61.5883,25.0716,-1.0,0.0,0.0
2.5251,46.6862,41.1271,-1.0,0.0,0.0
2.5251,49.6387,39.105,-1.0,0.0,0.0
2.5251,60.756,27.143,-1.0,0.0,0.0
2.5251,60.756,27.143,-1.0,0.0,0.0
2.5251,49.6387,39.105,-1.0,0.0,0.0
2.5251,52.8047,37.4366,-1.0,0.0,0.0
2.5251,60.756,27.143,-1.0,0.0,0.0
2.5251,52.8047,37.4366,-1.0,0.0,0.0
2.5251,56.1418,36.1442,-1.0,0.0,0.0
2.5251,96.4698,87.8793,-1.0,0.0,0.0
2.5251,98.6318,84.5233,-1.0,0.0,0.0
2.5251,93.2392,79.7863,-1.0,0.0,0.0
2.5251,93.2392,79.7863,-1.0,0.0,0.0
2.5251,98.6318,84.5233,-1.0,0.0,0.0
2.5251,100.43,80.959,-1.0,0.0,0.0
2.5251,93.2392,79.7863,-1.0,0.0,0.0
2.5251,100.43,80.959,-1.0,0.0,0.0
2.5251,94.6846,76.5125,-1.0,0.0,0.0
2.5251,94.6846,76.5125,-1.0,0.0,0.0
2.5251,100.43,80.959,-1.0,0.0,0.0
2.5251,101.844,77.2258,-1.0,0.0,0.0
2.5251,94.6846,76.5125,-1.0,0.0,0.0
2.5251,101.844,77.2258,-1.0,0.0,0.0
2.5251,95.743,73.094,-1.0,0.0,0.0
2.5251,95.743,73.094,-1.0,0.0,0.0
2.5251,101.844,77.2258,-1.0,0.0,0.0
2.5251,102.859,73.3647,-1.0,0.0,0.0
2.5251,95.743,73.094,-1.0,0.0,0.0
2.5251,102.859,73.3647,-1.0,0.0,0.0
2.5251,96.4004,69.5763,-1.0,0.0,0.0
2.5251,96.4004,69.5763,-1.0,0.0,0.0
2.5251,102.859,73.3647,-1.0,0.0,0.0
2.5251,103.463,69.4186,-1.0,0.0,0.0
2.5251,96.4004,69.5763,-1.0,0.0,0.0
2.5251,103.463,69.4186,-1.0,0.0,0.0
2.5251,96.648,66.0062,-1.0,0.0,0.0
2.5251,96.648,66.0062,-1.0,0.0,0.0
2.5251,103.463,69.4186,-1.0,0.0,0.0
2.5251,103.649,65.4308,-1.0,0.0,0.0
2.5251,96.648,66.0062,-1.0,0.0,0.0
2.5251,103.649,65.4308,-1.0,0.0,0.0
2.5251,96.4825,62.4314,-1.0,0.0,0.0
2.5251,96.4825,62.4314,-1.0,0.0,0.0
2.5251,103.649,65.4308,-1.0,0.0,0.0
2.5251,103.417,61.4455,-1.0,0.0,0.0
2.5251,96.4825,62.4314,-1.0,0.0,0.0
2.5251,103.417,61.4455,-1.0,0.0,0.0
2.5251,95.9061,58.8995,-1.0,0.0,0.0
2.5251,95.9061,58.8995,-1.0,0.0,0.0
2.5251,103.417,61.4455,-1.0,0.0,0.0
2.5251,102.767,57.5066,-1.0,0.0,0.0
2.5251,95.9061,58.8995,-1.0,0.0,0.0
2.5251,102.767,57.5066,-1.0,0.0,0.0
2.5251,94.9265,55.4575,-1.0,0.0,0.0
2.5251,94.9265,55.4575,-1.0,0.0,0.0
2.5251,102.767,57.5066,-1.0,0.0,0.0
2.5251,101.708,53.6575,-1.0,0.0,0.0
2.5251,94.9265,55.4575,-1.0,0.0,0.0
2.5251,101.708,53.6575,-1.0,0.0,0.0
2.5251,93.5568,52.1514,-1.0,0.0,0.0
2.5251,93.5568,52.1514,-1.0,0.0,0.0
2.5251,101.708,53.6575,-1.0,0.0,0.0
2.5251,100.251,49.9408,-1.0,0.0,0.0
2.5251,93.5568,52.1514,-1.0,0.0,0.0
2.5251,100.251,49.9408,-1.0,0.0,0.0
2.5251,91.8151,49.0251,-1.0,0.0,0.0
2.5251,91.8151,49.0251,-1.0,0.0,0.0
2.5251,100.251,49.9408,-1.0,0.0,0.0
2.5251,98.4119,46.3975,-1.0,0.0,0.0
2.5251,91.8151,49.0251,-1.0,0.0,0.0
2.5251,98.4119,46.3975,-1.0,0.0,0.0
2.5251,89.7248,46.1204,-1.0,0.0,0.0
2.5251,89.7248,46.1204,-1.0,0.0,0.0
2.5251,98.4119,46.3975,-1.0,0.0,0.0
2.5251,96.2113,43.0666,-1.0,0.0,0.0
2.5251,89.7248,46.1204,-1.0,0.0,0.0
2.5251,96.2113,43.0666,-1.0,0.0,0.0
2.5251,93.6734,39.9851,-1.0,0.0,0.0
2.5251,61.5883,25.0716,-1.0,0.0,0.0
2.5251,61.7144,25.2421,-1.0,0.0,0.0
2.5251,63.15,23.3975,-1.0,0.0,0.0
2.5251,63.15,23.3975,-1.0,0.0,0.0
2.5251,61.7144,25.2421,-1.0,0.0,0.0
2.5251,61.8099,25.4314,-1.0,0.0,0.0
2.5251,63.15,23.3975,-1.0,0.0,0.0
2.5251,61.8099,25.4314,-1.0,0.0,0.0
2.5251,61.8719,25.6341,-1.0,0.0,0.0
2.5251,61.8719,25.6341,-1.0,0.0,0.0
2.5251,61.8989,25.8444,-1.0,0.0,0.0
2.5251,63.15,23.3975,-1.0,0.0,0.0
2.5251,63.15,23.3975,-1.0,0.0,0.0
2.5251,61.8989,25.8444,-1.0,0.0,0.0
2.5251,61.8899,26.0563,-1.0,0.0,0.0
2.5251,63.15,23.3975,-1.0,0.0,0.0
2.5251,61.8899,26.0563,-1.0,0.0,0.0
2.5251,63.15,34.751,-1.0,0.0,0.0
2.5251,63.15,34.751,-1.0,0.0,0.0
2.5251,61.8899,26.0563,-1.0,0.0,0.0
2.5251,61.8452,26.2635,-1.0,0.0,0.0
2.5251,63.15,34.751,-1.0,0.0,0.0
2.5251,61.8452,26.2635,-1.0,0.0,0.0
2.5251,61.7662,26.4602,-1.0,0.0,0.0
2.5251,36.6154,76.5125,-1.0,0.0,0.0
2.5251,30.8702,80.959,-1.0,0.0,0.0
2.5251,38.0608,79.7863,-1.0,0.0,0.0
2.5251,38.0608,79.7863,-1.0,0.0,0.0
2.5251,30.8702,80.959,-1.0,0.0,0.0
2.5251,32.6682,84.5233,-1.0,0.0,0.0
2.5251,38.0608,79.7863,-1.0,0.0,0.0
2.5251,32.6682,84.5233,-1.0,0.0,0.0
2.5251,39.8738,82.8717,-1.0,0.0,0.0
2.5251,39.8738,82.8717,-1.0,0.0,0.0
2.5251,32.6682,84.5233,-1.0,0.0,0.0
2.5251,34.8302,87.8793,-1.0,0.0,0.0
2.5251,39.8738,82.8717,-1.0,0.0,0.0
2.5251,34.8302,87.8793,-1.0,0.0,0.0
2.5251,42.0303,85.7276,-1.0,0.0,0.0
2.5251,42.0303,85.7276,-1.0,0.0,0.0
2.5251,34.8302,87.8793,-1.0,0.0,0.0
2.5251,37.3324,90.99,-1.0,0.0,0.0
2.5251,42.0303,85.7276,-1.0,0.0,0.0
2.5251,37.3324,90.99,-1.0,0.0,0.0
2.5251,44.5016,88.3159,-1.0,0.0,0.0
2.5251,44.5016,88.3159,-1.0,0.0,0.0
2.5251,37.3324,90.99,-1.0,0.0,0.0
2.5251,40.1471,93.821,-1.0,0.0,0.0
2.5251,44.5016,88.3159,-1.0,0.0,0.0
2.5251,40.1471,93.821,-1.0,0.0,0.0
2.5251,47.2547,90.6022,-1.0,0.0,0.0
2.5251,47.2547,90.6022,-1.0,0.0,0.0
2.5251,40.1471,93.821,-1.0,0.0,0.0
2.5251,43.2433,96.341,-1.0,0.0,0.0
2.5251,47.2547,90.6022,-1.0,0.0,0.0
2.5251,43.2433,96.341,-1.0,0.0,0.0
2.5251,50.2529,92.556,-1.0,0.0,0.0
2.5251,50.2529,92.556,-1.0,0.0,0.0
2.5251,43.2433,96.341,-1.0,0.0,0.0
2.5251,46.5868,98.5224,-1.0,0.0,0.0
2.5251,50.2529,92.556,-1.0,0.0,0.0
2.5251,46.5868,98.5224,-1.0,0.0,0.0
2.5251,53.4564,94.1512,-1.0,0.0,0.0
2.5251,53.4564,94.1512,-1.0,0.0,0.0
2.5251,46.5868,98.5224,-1.0,0.0,0.0
2.5251,50.1406,100.341,-1.0,0.0,0.0
2.5251,53.4564,94.1512,-1.0,0.0,0.0
2.5251,50.1406,100.341,-1.0,0.0,0.0
2.5251,56.8223,95.3665,-1.0,0.0,0.0
2.5251,56.8223,95.3665,-1.0,0.0,0.0
2.5251,50.1406,100.341,-1.0,0.0,0.0
2.5251,53.8657,101.777,-1.0,0.0,0.0
2.5251,56.8223,95.3665,-1.0,0.0,0.0
2.5251,53.8657,101.777,-1.0,0.0,0.0
2.5251,60.3059,96.1859,-1.0,0.0,0.0
2.5251,60.3059,96.1859,-1.0,0.0,0.0
2.5251,53.8657,101.777,-1.0,0.0,0.0
2.5251,57.7208,102.814,-1.0,0.0,0.0
2.5251,60.3059,96.1859,-1.0,0.0,0.0
2.5251,57.7208,102.814,-1.0,0.0,0.0
2.5251,63.8607,96.5983,-1.0,0.0,0.0
2.5251,63.8607,96.5983,-1.0,0.0,0.0
2.5251,57.7208,102.814,-1.0,0.0,0.0
2.5251,61.6634,103.44,-1.0,0.0,0.0
2.5251,63.8607,96.5983,-1.0,0.0,0.0
2.5251,61.6634,103.44,-1.0,0.0,0.0
2.5251,65.65,103.65,-1.0,0.0,0.0
2.5251,50.5418,30.7825,-1.0,0.0,0.0
2.5251,46.9672,32.5599,-1.0,0.0,0.0
2.5251,54.2832,29.3899,-1.0,0.0,0.0
2.5251,54.2832,29.3899,-1.0,0.0,0.0
2.5251,46.9672,32.5599,-1.0,0.0,0.0
2.5251,43.5988,34.7025,-1.0,0.0,0.0
2.5251,54.2832,29.3899,-1.0,0.0,0.0
2.5251,43.5988,34.7025,-1.0,0.0,0.0
2.5251,58.15,28.3975,-1.0,0.0,0.0
2.5251,58.15,28.3975,-1.0,0.0,0.0
2.5251,43.5988,34.7025,-1.0,0.0,0.0
2.5251,40.4738,37.1867,-1.0,0.0,0.0
2.5251,58.15,28.3975,-1.0,0.0,0.0
2.5251,40.4738,37.1867,-1.0,0.0,0.0
2.5251,43.9863,43.476,-1.0,0.0,0.0
2.5251,43.9863,43.476,-1.0,0.0,0.0
2.5251,40.4738,37.1867,-1.0,0.0,0.0
2.5251,37.6266,39.9851,-1.0,0.0,0.0
2.5251,43.9863,43.476,-1.0,0.0,0.0
2.5251,37.6266,39.9851,-1.0,0.0,0.0
2.5251,41.5752,46.1204,-1.0,0.0,0.0
2.5251,41.5752,46.1204,-1.0,0.0,0.0
2.5251,37.6266,39.9851,-1.0,0.0,0.0
2.5251,35.0887,43.0666,-1.0,0.0,0.0
2.5251,41.5752,46.1204,-1.0,0.0,0.0
2.5251,35.0887,43.0666,-1.0,0.0,0.0
2.5251,39.4849,49.0251,-1.0,0.0,0.0
2.5251,39.4849,49.0251,-1.0,0.0,0.0
2.5251,35.0887,43.0666,-1.0,0.0,0.0
2.5251,32.8881,46.3975,-1.0,0.0,0.0
2.5251,39.4849,49.0251,-1.0,0.0,0.0
2.5251,32.8881,46.3975,-1.0,0.0,0.0
2.5251,37.7432,52.1514,-1.0,0.0,0.0
2.5251,37.7432,52.1514,-1.0,0.0,0.0
2.5251,32.8881,46.3975,-1.0,0.0,0.0
2.5251,31.0491,49.9408,-1.0,0.0,0.0
2.5251,37.7432,52.1514,-1.0,0.0,0.0
2.5251,31.0491,49.9408,-1.0,0.0,0.0
2.5251,36.3735,55.4575,-1.0,0.0,0.0
2.5251,36.3735,55.4575,-1.0,0.0,0.0
2.5251,31.0491,49.9408,-1.0,0.0,0.0
2.5251,29.592,53.6575,-1.0,0.0,0.0
2.5251,36.3735,55.4575,-1.0,0.0,0.0
2.5251,29.592,53.6575,-1.0,0.0,0.0
2.5251,35.3939,58.8995,-1.0,0.0,0.0
2.5251,35.3939,58.8995,-1.0,0.0,0.0
2.5251,29.592,53.6575,-1.0,0.0,0.0
2.5251,28.5328,57.5066,-1.0,0.0,0.0
2.5251,35.3939,58.8995,-1.0,0.0,0.0
2.5251,28.5328,57.5066,-1.0,0.0,0.0
2.5251,34.8175,62.4314,-1.0,0.0,0.0
2.5251,34.8175,62.4314,-1.0,0.0,0.0
2.5251,28.5328,57.5066,-1.0,0.0,0.0
2.5251,27.8833,61.4455,-1.0,0.0,0.0
2.5251,34.8175,62.4314,-1.0,0.0,0.0
2.5251,27.8833,61.4455,-1.0,0.0,0.0
2.5251,34.652,66.0062,-1.0,0.0,0.0
2.5251,34.652,66.0062,-1.0,0.0,0.0
2.5251,27.8833,61.4455,-1.0,0.0,0.0
2.5251,27.6506,65.4308,-1.0,0.0,0.0
2.5251,34.652,66.0062,-1.0,0.0,0.0
2.5251,27.6506,65.4308,-1.0,0.0,0.0
2.5251,34.8996,69.5763,-1.0,0.0,0.0
2.5251,34.8996,69.5763,-1.0,0.0,0.0
2.5251,27.6506,65.4308,-1.0,0.0,0.0
2.5251,27.8373,69.4186,-1.0,0.0,0.0
2.5251,34.8996,69.5763,-1.0,0.0,0.0
2.5251,27.8373,69.4186,-1.0,0.0,0.0
2.5251,35.557,73.094,-1.0,0.0,0.0
2.5251,35.557,73.094,-1.0,0.0,0.0
2.5251,27.8373,69.4186,-1.0,0.0,0.0
2.5251,28.4414,73.3647,-1.0,0.0,0.0
2.5251,35.557,73.094,-1.0,0.0,0.0
2.5251,28.4414,73.3647,-1.0,0.0,0.0
2.5251,36.6154,76.5125,-1.0,0.0,0.0
2.5251,36.6154,76.5125,-1.0,0.0,0.0
2.5251,28.4414,73.3647,-1.0,0.0,0.0
2.5251,29.4561,77.2258,-1.0,0.0,0.0
2.5251,36.6154,76.5125,-1.0,0.0,0.0
2.5251,29.4561,77.2258,-1.0,0.0,0.0
2.5251,30.8702,80.959,-1.0,0.0,0.0
