3.0201,64.852,27.1178,-1.0,0.0,0.0
3.0201,64.6848,27.1464,-1.0,0.0,0.0
3.0201,62.6,34.677,-1.0,0.0,0.0
3.0201,41.8169,33.4671,-1.0,0.0,0.0
3.0201,39.0598,35.5996,-1.0,0.0,0.0
3.0201,36.5431,38.0109,-1.0,0.0,0.0
3.0201,64.1123,25.277,-1.0,0.0,0.0
3.0201,64.2669,25.2072,-1.0,0.0,0.0
3.0201,62.6,24.15,-1.0,0.0,0.0
3.0201,42.237,42.1934,-1.0,0.0,0.0
3.0201,56.6848,27.1464,-1.0,0.0,0.0
3.0201,54.6,28.15,-1.0,0.0,0.0
3.0201,54.6,28.15,-1.0,0.0,0.0
3.0201,56.6848,27.1464,-1.0,0.0,0.0
3.0201,56.5152,27.1464,-1.0,0.0,0.0
3.0201,66.6,28.15,-1.0,0.0,0.0
3.0201,65.16,26.9785,-1.0,0.0,0.0
3.0201,65.0119,27.0613,-1.0,0.0,0.0
3.0201,64.6848,27.1464,-1.0,0.0,0.0
3.0201,64.5152,27.1464,-1.0,0.0,0.0
3.0201,62.6,34.677,-1.0,0.0,0.0
3.0201,62.6,34.677,-1.0,0.0,0.0
3.0201,64.5152,27.1464,-1.0,0.0,0.0
3.0201,64.348,27.1178,-1.0,0.0,0.0
3.0201,62.6,34.677,-1.0,0.0,0.0
3.0201,64.348,27.1178,-1.0,0.0,0.0
3.0201,64.1881,27.0613,-1.0,0.0,0.0
3.0201,56.1123,25.277,-1.0,0.0,0.0
3.0201,56.2669,25.2072,-1.0,0.0,0.0
3.0201,54.6,24.15,-1.0,0.0,0.0
3.0201,65.5991,26.1076,-1.0,0.0,0.0
3.0201,65.5919,26.2771,-1.0,0.0,0.0
3.0201,66.6,28.15,-1.0,0.0,0.0
3.0201,66.6,28.15,-1.0,0.0,0.0
3.0201,65.5919,26.2771,-1.0,0.0,0.0
3.0201,65.5562,26.4429,-1.0,0.0,0.0
3.0201,66.6,28.15,-1.0,0.0,0.0
3.0201,65.5562,26.4429,-1.0,0.0,0.0
3.0201,65.4929,26.6002,-1.0,0.0,0.0
3.0201,65.4929,26.6002,-1.0,0.0,0.0
3.0201,65.404,26.7447,-1.0,0.0,0.0
3.0201,66.6,28.15,-1.0,0.0,0.0
3.0201,66.6,28.15,-1.0,0.0,0.0
3.0201,65.404,26.7447,-1.0,0.0,0.0
3.0201,65.2919,26.872,-1.0,0.0,0.0
3.0201,66.6,28.15,-1.0,0.0,0.0
3.0201,65.2919,26.872,-1.0,0.0,0.0
3.0201,65.16,26.9785,-1.0,0.0,0.0
3.0201,64.1881,27.0613,-1.0,0.0,0.0
3.0201,64.04,26.9785,-1.0,0.0,0.0
3.0201,62.6,34.677,-1.0,0.0,0.0
3.0201,62.6,34.677,-1.0,0.0,0.0
3.0201,64.04,26.9785,-1.0,0.0,0.0
3.0201,63.9081,26.872,-1.0,0.0,0.0
3.0201,62.6,34.677,-1.0,0.0,0.0
3.0201,63.9081,26.872,-1.0,0.0,0.0
3.0201,63.796,26.7447,-1.0,0.0,0.0
3.0201,64.2669,25.2072,-1.0,0.0,0.0
3.0201,64.431,25.1644,-1.0,0.0,0.0
3.0201,62.6,24.15,-1.0,0.0,0.0
3.0201,62.6,24.15,-1.0,0.0,0.0
3.0201,64.431,25.1644,-1.0,0.0,0.0
3.0201,64.6,25.15,-1.0,0.0,0.0
3.0201,62.6,24.15,-1.0,0.0,0.0
3.0201,64.6,25.15,-1.0,0.0,0.0
3.0201,66.6,24.15,-1.0,0.0,0.0
3.0201,66.6,24.15,-1.0,0.0,0.0
3.0201,64.6,25.15,-1.0,0.0,0.0
3.0201,64.769,25.1644,-1.0,0.0,0.0
3.0201,66.6,24.15,-1.0,0.0,0.0
3.0201,64.769,25.1644,-1.0,0.0,0.0
3.0201,64.9331,25.2072,-1.0,0.0,0.0
3.0201,64.9331,25.2072,-1.0,0.0,0.0
3.0201,65.0877,25.277,-1.0,0.0,0.0
3.0201,66.6,24.15,-1.0,0.0,0.0
3.0201,66.6,24.15,-1.0,0.0,0.0
3.0201,65.0877,25.277,-1.0,0.0,0.0
3.0201,65.2282,25.372,-1.0,0.0,0.0
3.0201,66.6,24.15,-1.0,0.0,0.0
3.0201,65.2282,25.372,-1.0,0.0,0.0
3.0201,65.3507,25.4894,-1.0,0.0,0.0
3.0201,56.5152,27.1464,-1.0,0.0,0.0
3.0201,56.348,27.1178,-1.0,0.0,0.0
3.0201,54.6,28.15,-1.0,0.0,0.0
3.0201,54.6,28.15,-1.0,0.0,0.0
3.0201,56.348,27.1178,-1.0,0.0,0.0
3.0201,56.1881,27.0613,-1.0,0.0,0.0
3.0201,54.6,28.15,-1.0,0.0,0.0
3.0201,56.1881,27.0613,-1.0,0.0,0.0
3.0201,56.04,26.9785,-1.0,0.0,0.0
3.0201,55.6224,25.9394,-1.0,0.0,0.0
3.0201,55.6721,25.7772,-1.0,0.0,0.0
3.0201,54.6,24.15,-1.0,0.0,0.0
3.0201,54.6,24.15,-1.0,0.0,0.0
3.0201,55.6721,25.7772,-1.0,0.0,0.0
3.0201,55.7485,25.6257,-1.0,0.0,0.0
3.0201,58.6,24.15,-1.0,0.0,0.0
3.0201,56.9331,25.2072,-1.0,0.0,0.0
3.0201,57.0877,25.277,-1.0,0.0,0.0
3.0201,65.3507,25.4894,-1.0,0.0,0.0
3.0201,65.4515,25.6257,-1.0,0.0,0.0
3.0201,66.6,24.15,-1.0,0.0,0.0
3.0201,66.6,24.15,-1.0,0.0,0.0
3.0201,65.4515,25.6257,-1.0,0.0,0.0
3.0201,65.5279,25.7772,-1.0,0.0,0.0
3.0201,66.6,24.15,-1.0,0.0,0.0
3.0201,65.5279,25.7772,-1.0,0.0,0.0
3.0201,66.6,28.15,-1.0,0.0,0.0
3.0201,66.6,28.15,-1.0,0.0,0.0
3.0201,65.5279,25.7772,-1.0,0.0,0.0
3.0201,65.5776,25.9394,-1.0,0.0,0.0
3.0201,66.6,28.15,-1.0,0.0,0.0
3.0201,65.5776,25.9394,-1.0,0.0,0.0
3.0201,65.5991,26.1076,-1.0,0.0,0.0
3.0201,63.7485,25.6257,-1.0,0.0,0.0
3.0201,63.8493,25.4894,-1.0,0.0,0.0
3.0201,62.6,24.15,-1.0,0.0,0.0
3.0201,62.6,24.15,-1.0,0.0,0.0
3.0201,63.8493,25.4894,-1.0,0.0,0.0
3.0201,63.9718,25.372,-1.0,0.0,0.0
3.0201,62.6,24.15,-1.0,0.0,0.0
3.0201,63.9718,25.372,-1.0,0.0,0.0
3.0201,64.1123,25.277,-1.0,0.0,0.0
3.0201,55.7485,25.6257,-1.0,0.0,0.0
3.0201,55.8493,25.4894,-1.0,0.0,0.0
3.0201,54.6,24.15,-1.0,0.0,0.0
3.0201,54.6,24.15,-1.0,0.0,0.0
3.0201,55.8493,25.4894,-1.0,0.0,0.0
3.0201,55.9718,25.372,-1.0,0.0,0.0
3.0201,54.6,24.15,-1.0,0.0,0.0
3.0201,55.9718,25.372,-1.0,0.0,0.0
3.0201,56.1123,25.277,-1.0,0.0,0.0
3.0201,56.2669,25.2072,-1.0,0.0,0.0
3.0201,56.431,25.1644,-1.0,0.0,0.0
3.0201,54.6,24.15,-1.0,0.0,0.0
3.0201,54.6,24.15,-1.0,0.0,0.0
3.0201,56.431,25.1644,-1.0,0.0,0.0
3.0201,56.6,25.15,-1.0,0.0,0.0
3.0201,54.6,24.15,-1.0,0.0,0.0
3.0201,56.6,25.15,-1.0,0.0,0.0
3.0201,58.6,24.15,-1.0,0.0,0.0
3.0201,58.6,24.15,-1.0,0.0,0.0
3.0201,56.6,25.15,-1.0,0.0,0.0
3.0201,56.769,25.1644,-1.0,0.0,0.0
3.0201,58.6,24.15,-1.0,0.0,0.0
3.0201,56.769,25.1644,-1.0,0.0,0.0
3.0201,56.9331,25.2072,-1.0,0.0,0.0
3.0201,57.0877,25.277,-1.0,0.0,0.0
3.0201,57.2282,25.372,-1.0,0.0,0.0
3.0201,58.6,24.15,-1.0,0.0,0.0
3.0201,58.6,24.15,-1.0,0.0,0.0
3.0201,57.2282,25.372,-1.0,0.0,0.0
3.0201,57.3507,25.4894,-1.0,0.0,0.0
3.0201,58.6,24.15,-1.0,0.0,0.0
3.0201,57.3507,25.4894,-1.0,0.0,0.0
3.0201,57.4515,25.6257,-1.0,0.0,0.0
3.0201,51.2109,28.9639,-1.0,0.0,0.0
3.0201,47.9265,30.1306,-1.0,0.0,0.0
3.0201,54.6,28.15,-1.0,0.0,0.0
3.0201,54.6,28.15,-1.0,0.0,0.0
3.0201,47.9265,30.1306,-1.0,0.0,0.0
3.0201,44.7834,31.6373,-1.0,0.0,0.0
3.0201,54.6,28.15,-1.0,0.0,0.0
3.0201,44.7834,31.6373,-1.0,0.0,0.0
3.0201,42.237,42.1934,-1.0,0.0,0.0
3.0201,63.796,26.7447,-1.0,0.0,0.0
3.0201,63.7071,26.6002,-1.0,0.0,0.0
3.0201,62.6,34.677,-1.0,0.0,0.0
3.0201,62.6,34.677,-1.0,0.0,0.0
3.0201,63.7071,26.6002,-1.0,0.0,0.0
3.0201,63.6438,26.4429,-1.0,0.0,0.0
3.0201,62.6,34.677,-1.0,0.0,0.0
3.0201,63.6438,26.4429,-1.0,0.0,0.0
3.0201,62.6,24.15,-1.0,0.0,0.0
3.0201,62.6,24.15,-1.0,0.0,0.0
3.0201,63.6438,26.4429,-1.0,0.0,0.0
3.0201,63.6081,26.2771,-1.0,0.0,0.0
3.0201,62.6,24.15,-1.0,0.0,0.0
3.0201,63.6081,26.2771,-1.0,0.0,0.0
3.0201,63.6009,26.1076,-1.0,0.0,0.0
3.0201,63.6009,26.1076,-1.0,0.0,0.0
3.0201,63.6224,25.9394,-1.0,0.0,0.0
3.0201,62.6,24.15,-1.0,0.0,0.0
3.0201,62.6,24.15,-1.0,0.0,0.0
3.0201,63.6224,25.9394,-1.0,0.0,0.0
3.0201,63.6721,25.7772,-1.0,0.0,0.0
3.0201,62.6,24.15,-1.0,0.0,0.0
3.0201,63.6721,25.7772,-1.0,0.0,0.0
3.0201,63.7485,25.6257,-1.0,0.0,0.0
3.0201,56.04,26.9785,-1.0,0.0,0.0
3.0201,55.9081,26.872,-1.0,0.0,0.0
3.0201,54.6,28.15,-1.0,0.0,0.0
3.0201,54.6,28.15,-1.0,0.0,0.0
3.0201,55.9081,26.872,-1.0,0.0,0.0
3.0201,55.796,26.7447,-1.0,0.0,0.0
3.0201,54.6,28.15,-1.0,0.0,0.0
3.0201,55.796,26.7447,-1.0,0.0,0.0
3.0201,55.7071,26.6002,-1.0,0.0,0.0
3.0201,57.5991,26.1076,-1.0,0.0,0.0
3.0201,57.5919,26.2771,-1.0,0.0,0.0
3.0201,58.6,24.15,-1.0,0.0,0.0
3.0201,57.4929,26.6002,-1.0,0.0,0.0
3.0201,57.404,26.7447,-1.0,0.0,0.0
3.0201,58.6,34.677,-1.0,0.0,0.0
3.0201,58.6,34.677,-1.0,0.0,0.0
3.0201,57.404,26.7447,-1.0,0.0,0.0
3.0201,57.2919,26.872,-1.0,0.0,0.0
3.0201,58.6,34.677,-1.0,0.0,0.0
3.0201,57.2919,26.872,-1.0,0.0,0.0
3.0201,57.16,26.9785,-1.0,0.0,0.0
3.0201,42.237,42.1934,-1.0,0.0,0.0
3.0201,44.529,40.1617,-1.0,0.0,0.0
3.0201,56.6848,27.1464,-1.0,0.0,0.0
3.0201,56.6848,27.1464,-1.0,0.0,0.0
3.0201,44.529,40.1617,-1.0,0.0,0.0
3.0201,47.0439,38.4137,-1.0,0.0,0.0
3.0201,56.6848,27.1464,-1.0,0.0,0.0
3.0201,47.0439,38.4137,-1.0,0.0,0.0
3.0201,49.747,36.9735,-1.0,0.0,0.0
3.0201,76.671,40.1617,-1.0,0.0,0.0
3.0201,79.3831,33.4671,-1.0,0.0,0.0
3.0201,74.156,38.4137,-1.0,0.0,0.0
3.0201,74.156,38.4137,-1.0,0.0,0.0
3.0201,79.3831,33.4671,-1.0,0.0,0.0
3.0201,76.4165,31.6373,-1.0,0.0,0.0
3.0201,74.156,38.4137,-1.0,0.0,0.0
3.0201,76.4165,31.6373,-1.0,0.0,0.0
3.0201,71.453,36.9735,-1.0,0.0,0.0
3.0201,71.453,36.9735,-1.0,0.0,0.0
3.0201,76.4165,31.6373,-1.0,0.0,0.0
3.0201,73.2735,30.1306,-1.0,0.0,0.0
3.0201,71.453,36.9735,-1.0,0.0,0.0
3.0201,73.2735,30.1306,-1.0,0.0,0.0
3.0201,68.5993,35.8611,-1.0,0.0,0.0
3.0201,68.5993,35.8611,-1.0,0.0,0.0
3.0201,73.2735,30.1306,-1.0,0.0,0.0
3.0201,69.9891,28.9639,-1.0,0.0,0.0
3.0201,68.5993,35.8611,-1.0,0.0,0.0
3.0201,69.9891,28.9639,-1.0,0.0,0.0
3.0201,65.6346,35.0921,-1.0,0.0,0.0
3.0201,65.6346,35.0921,-1.0,0.0,0.0
3.0201,69.9891,28.9639,-1.0,0.0,0.0
3.0201,66.6,28.15,-1.0,0.0,0.0
3.0201,65.6346,35.0921,-1.0,0.0,0.0
3.0201,66.6,28.15,-1.0,0.0,0.0
3.0201,62.6,34.677,-1.0,0.0,0.0
3.0201,62.6,34.677,-1.0,0.0,0.0
3.0201,66.6,28.15,-1.0,0.0,0.0
3.0201,65.0119,27.0613,-1.0,0.0,0.0
3.0201,62.6,34.677,-1.0,0.0,0.0
3.0201,65.0119,27.0613,-1.0,0.0,0.0
3.0201,64.852,27.1178,-1.0,0.0,0.0
3.0201,55.7071,26.6002,-1.0,0.0,0.0
3.0201,55.6438,26.4429,-1.0,0.0,0.0
3.0201,54.6,28.15,-1.0,0.0,0.0
3.0201,54.6,28.15,-1.0,0.0,0.0
3.0201,55.6438,26.4429,-1.0,0.0,0.0
3.0201,55.6081,26.2771,-1.0,0.0,0.0
3.0201,54.6,28.15,-1.0,0.0,0.0
3.0201,55.6081,26.2771,-1.0,0.0,0.0
3.0201,54.6,24.15,-1.0,0.0,0.0
3.0201,54.6,24.15,-1.0,0.0,0.0
3.0201,55.6081,26.2771,-1.0,0.0,0.0
3.0201,55.6009,26.1076,-1.0,0.0,0.0
3.0201,54.6,24.15,-1.0,0.0,0.0
3.0201,55.6009,26.1076,-1.0,0.0,0.0
3.0201,55.6224,25.9394,-1.0,0.0,0.0
3.0201,58.6,24.15,-1.0,0.0,0.0
3.0201,57.5919,26.2771,-1.0,0.0,0.0
3.0201,58.6,34.677,-1.0,0.0,0.0
3.0201,58.6,34.677,-1.0,0.0,0.0
3.0201,57.5919,26.2771,-1.0,0.0,0.0
3.0201,57.5562,26.4429,-1.0,0.0,0.0
3.0201,58.6,34.677,-1.0,0.0,0.0
3.0201,57.5562,26.4429,-1.0,0.0,0.0
3.0201,57.4929,26.6002,-1.0,0.0,0.0
3.0201,57.16,26.9785,-1.0,0.0,0.0
3.0201,57.0119,27.0613,-1.0,0.0,0.0
3.0201,58.6,34.677,-1.0,0.0,0.0
3.0201,58.6,34.677,-1.0,0.0,0.0
3.0201,57.0119,27.0613,-1.0,0.0,0.0
3.0201,56.852,27.1178,-1.0,0.0,0.0
3.0201,58.6,34.677,-1.0,0.0,0.0
3.0201,56.852,27.1178,-1.0,0.0,0.0
3.0201,55.5654,35.0921,-1.0,0.0,0.0
3.0201,55.5654,35.0921,-1.0,0.0,0.0
3.0201,56.852,27.1178,-1.0,0.0,0.0
3.0201,56.6848,27.1464,-1.0,0.0,0.0
3.0201,55.5654,35.0921,-1.0,0.0,0.0
3.0201,56.6848,27.1464,-1.0,0.0,0.0
3.0201,52.6007,35.8611,-1.0,0.0,0.0
3.0201,52.6007,35.8611,-1.0,0.0,0.0
3.0201,56.6848,27.1464,-1.0,0.0,0.0
3.0201,49.747,36.9735,-1.0,0.0,0.0
3.0201,57.4515,25.6257,-1.0,0.0,0.0
3.0201,57.5279,25.7772,-1.0,0.0,0.0
3.0201,58.6,24.15,-1.0,0.0,0.0
3.0201,58.6,24.15,-1.0,0.0,0.0
3.0201,57.5279,25.7772,-1.0,0.0,0.0
3.0201,57.5776,25.9394,-1.0,0.0,0.0
3.0201,58.6,24.15,-1.0,0.0,0.0
3.0201,57.5776,25.9394,-1.0,0.0,0.0
3.0201,57.5991,26.1076,-1.0,0.0,0.0
3.0201,34.6193,61.6007,-1.0,0.0,0.0
3.0201,27.7378,63.6126,-1.0,0.0,0.0
3.0201,34.9172,64.649,-1.0,0.0,0.0
3.0201,34.9172,64.649,-1.0,0.0,0.0
3.0201,27.7378,63.6126,-1.0,0.0,0.0
3.0201,28.2388,67.0619,-1.0,0.0,0.0
3.0201,34.9172,64.649,-1.0,0.0,0.0
3.0201,28.2388,67.0619,-1.0,0.0,0.0
3.0201,35.5716,67.6411,-1.0,0.0,0.0
3.0201,35.5716,67.6411,-1.0,0.0,0.0
3.0201,28.2388,67.0619,-1.0,0.0,0.0
3.0201,29.1009,70.4391,-1.0,0.0,0.0
3.0201,35.5716,67.6411,-1.0,0.0,0.0
3.0201,29.1009,70.4391,-1.0,0.0,0.0
3.0201,36.5732,70.5355,-1.0,0.0,0.0
3.0201,36.5732,70.5355,-1.0,0.0,0.0
3.0201,29.1009,70.4391,-1.0,0.0,0.0
3.0201,30.3144,73.7065,-1.0,0.0,0.0
3.0201,36.5732,70.5355,-1.0,0.0,0.0
3.0201,30.3144,73.7065,-1.0,0.0,0.0
3.0201,37.9083,73.292,-1.0,0.0,0.0
3.0201,37.9083,73.292,-1.0,0.0,0.0
3.0201,30.3144,73.7065,-1.0,0.0,0.0
3.0201,31.8657,76.8277,-1.0,0.0,0.0
3.0201,37.9083,73.292,-1.0,0.0,0.0
3.0201,31.8657,76.8277,-1.0,0.0,0.0
3.0201,39.5583,75.8724,-1.0,0.0,0.0
3.0201,39.5583,75.8724,-1.0,0.0,0.0
3.0201,31.8657,76.8277,-1.0,0.0,0.0
3.0201,33.7375,79.7679,-1.0,0.0,0.0
3.0201,39.5583,75.8724,-1.0,0.0,0.0
3.0201,33.7375,79.7679,-1.0,0.0,0.0
3.0201,41.5003,78.2409,-1.0,0.0,0.0
3.0201,41.5003,78.2409,-1.0,0.0,0.0
3.0201,33.7375,79.7679,-1.0,0.0,0.0
3.0201,35.9091,82.4943,-1.0,0.0,0.0
3.0201,41.5003,78.2409,-1.0,0.0,0.0
3.0201,35.9091,82.4943,-1.0,0.0,0.0
3.0201,43.7073,80.3645,-1.0,0.0,0.0
3.0201,43.7073,80.3645,-1.0,0.0,0.0
3.0201,35.9091,82.4943,-1.0,0.0,0.0
3.0201,38.3561,84.9764,-1.0,0.0,0.0
3.0201,43.7073,80.3645,-1.0,0.0,0.0
3.0201,38.3561,84.9764,-1.0,0.0,0.0
3.0201,46.1488,82.2139,-1.0,0.0,0.0
3.0201,44.7834,31.6373,-1.0,0.0,0.0
3.0201,41.8169,33.4671,-1.0,0.0,0.0
3.0201,42.237,42.1934,-1.0,0.0,0.0
3.0201,42.237,42.1934,-1.0,0.0,0.0
3.0201,41.8169,33.4671,-1.0,0.0,0.0
3.0201,36.5431,38.0109,-1.0,0.0,0.0
3.0201,42.237,42.1934,-1.0,0.0,0.0
3.0201,36.5431,38.0109,-1.0,0.0,0.0
3.0201,40.1999,44.4806,-1.0,0.0,0.0
3.0201,40.1999,44.4806,-1.0,0.0,0.0
3.0201,36.5431,38.0109,-1.0,0.0,0.0
3.0201,34.2948,40.6743,-1.0,0.0,0.0
3.0201,40.1999,44.4806,-1.0,0.0,0.0
3.0201,34.2948,40.6743,-1.0,0.0,0.0
3.0201,38.4459,46.9914,-1.0,0.0,0.0
3.0201,38.4459,46.9914,-1.0,0.0,0.0
3.0201,34.2948,40.6743,-1.0,0.0,0.0
3.0201,32.3399,43.5599,-1.0,0.0,0.0
3.0201,38.4459,46.9914,-1.0,0.0,0.0
3.0201,32.3399,43.5599,-1.0,0.0,0.0
3.0201,36.9993,49.6911,-1.0,0.0,0.0
3.0201,36.9993,49.6911,-1.0,0.0,0.0
3.0201,32.3399,43.5599,-1.0,0.0,0.0
3.0201,30.7002,46.6357,-1.0,0.0,0.0
3.0201,36.9993,49.6911,-1.0,0.0,0.0
3.0201,30.7002,46.6357,-1.0,0.0,0.0
3.0201,35.8802,52.5421,-1.0,0.0,0.0
3.0201,35.8802,52.5421,-1.0,0.0,0.0
3.0201,30.7002,46.6357,-1.0,0.0,0.0
3.0201,29.3941,49.8672,-1.0,0.0,0.0
3.0201,35.8802,52.5421,-1.0,0.0,0.0
3.0201,29.3941,49.8672,-1.0,0.0,0.0
3.0201,35.1041,55.505,-1.0,0.0,0.0
3.0201,35.1041,55.505,-1.0,0.0,0.0
3.0201,29.3941,49.8672,-1.0,0.0,0.0
3.0201,28.4362,53.2184,-1.0,0.0,0.0
3.0201,35.1041,55.505,-1.0,0.0,0.0
3.0201,28.4362,53.2184,-1.0,0.0,0.0
3.0201,34.6819,58.5386,-1.0,0.0,0.0
3.0201,34.6819,58.5386,-1.0,0.0,0.0
3.0201,28.4362,53.2184,-1.0,0.0,0.0
3.0201,27.837,56.652,-1.0,0.0,0.0
3.0201,34.6819,58.5386,-1.0,0.0,0.0
3.0201,27.837,56.652,-1.0,0.0,0.0
3.0201,34.6193,61.6007,-1.0,0.0,0.0
3.0201,34.6193,61.6007,-1.0,0.0,0.0
3.0201,27.837,56.652,-1.0,0.0,0.0
3.0201,27.6033,60.1297,-1.0,0.0,0.0
3.0201,34.6193,61.6007,-1.0,0.0,0.0
3.0201,27.6033,60.1297,-1.0,0.0,0.0
3.0201,27.7378,63.6126,-1.0,0.0,0.0
3.0201,86.2828,64.649,-1.0,0.0,0.0
3.0201,93.4622,63.6126,-1.0,0.0,0.0
3.0201,86.5807,61.6007,-1.0,0.0,0.0
3.0201,86.5807,61.6007,-1.0,0.0,0.0
3.0201,93.4622,63.6126,-1.0,0.0,0.0
3.0201,93.5966,60.1297,-1.0,0.0,0.0
3.0201,86.5807,61.6007,-1.0,0.0,0.0
3.0201,93.5966,60.1297,-1.0,0.0,0.0
3.0201,86.5181,58.5386,-1.0,0.0,0.0
3.0201,86.5181,58.5386,-1.0,0.0,0.0
3.0201,93.5966,60.1297,-1.0,0.0,0.0
3.0201,93.363,56.652,-1.0,0.0,0.0
3.0201,86.5181,58.5386,-1.0,0.0,0.0
3.0201,93.363,56.652,-1.0,0.0,0.0
3.0201,86.0959,55.505,-1.0,0.0,0.0
3.0201,86.0959,55.505,-1.0,0.0,0.0
3.0201,93.363,56.652,-1.0,0.0,0.0
3.0201,92.7638,53.2184,-1.0,0.0,0.0
3.0201,86.0959,55.505,-1.0,0.0,0.0
3.0201,92.7638,53.2184,-1.0,0.0,0.0
3.0201,85.3198,52.5421,-1.0,0.0,0.0
3.0201,85.3198,52.5421,-1.0,0.0,0.0
3.0201,92.7638,53.2184,-1.0,0.0,0.0
3.0201,91.8059,49.8672,-1.0,0.0,0.0
3.0201,85.3198,52.5421,-1.0,0.0,0.0
3.0201,91.8059,49.8672,-1.0,0.0,0.0
3.0201,84.2007,49.6911,-1.0,0.0,0.0
3.0201,84.2007,49.6911,-1.0,0.0,0.0
3.0201,91.8059,49.8672,-1.0,0.0,0.0
3.0201,90.4998,46.6357,-1.0,0.0,0.0
3.0201,84.2007,49.6911,-1.0,0.0,0.0
3.0201,90.4998,46.6357,-1.0,0.0,0.0
3.0201,82.7541,46.9914,-1.0,0.0,0.0
3.0201,82.7541,46.9914,-1.0,0.0,0.0
3.0201,90.4998,46.6357,-1.0,0.0,0.0
3.0201,88.8601,43.5599,-1.0,0.0,0.0
3.0201,82.7541,46.9914,-1.0,0.0,0.0
3.0201,88.8601,43.5599,-1.0,0.0,0.0
3.0201,81.0001,44.4806,-1.0,0.0,0.0
3.0201,81.0001,44.4806,-1.0,0.0,0.0
3.0201,88.8601,43.5599,-1.0,0.0,0.0
3.0201,86.9052,40.6743,-1.0,0.0,0.0
3.0201,81.0001,44.4806,-1.0,0.0,0.0
3.0201,86.9052,40.6743,-1.0,0.0,0.0
3.0201,78.963,42.1934,-1.0,0.0,0.0
3.0201,78.963,42.1934,-1.0,0.0,0.0
3.0201,86.9052,40.6743,-1.0,0.0,0.0
3.0201,84.6569,38.0109,-1.0,0.0,0.0
3.0201,78.963,42.1934,-1.0,0.0,0.0
3.0201,84.6569,38.0109,-1.0,0.0,0.0
3.0201,76.671,40.1617,-1.0,0.0,0.0
3.0201,76.671,40.1617,-1.0,0.0,0.0
3.0201,84.6569,38.0109,-1.0,0.0,0.0
3.0201,82.1401,35.5996,-1.0,0.0,0.0
3.0201,76.671,40.1617,-1.0,0.0,0.0
3.0201,82.1401,35.5996,-1.0,0.0,0.0
3.0201,79.3831,33.4671,-1.0,0.0,0.0
3.0201,38.3561,84.9764,-1.0,0.0,0.0
3.0201,41.0512,87.1865,-1.0,0.0,0.0
3.0201,46.1488,82.2139,-1.0,0.0,0.0
3.0201,46.1488,82.2139,-1.0,0.0,0.0
3.0201,41.0512,87.1865,-1.0,0.0,0.0
3.0201,43.9644,89.1001,-1.0,0.0,0.0
3.0201,46.1488,82.2139,-1.0,0.0,0.0
3.0201,43.9644,89.1001,-1.0,0.0,0.0
3.0201,48.7908,83.7634,-1.0,0.0,0.0
3.0201,48.7908,83.7634,-1.0,0.0,0.0
3.0201,43.9644,89.1001,-1.0,0.0,0.0
3.0201,47.0632,90.6958,-1.0,0.0,0.0
3.0201,48.7908,83.7634,-1.0,0.0,0.0
3.0201,47.0632,90.6958,-1.0,0.0,0.0
3.0201,51.5966,84.9914,-1.0,0.0,0.0
3.0201,51.5966,84.9914,-1.0,0.0,0.0
3.0201,47.0632,90.6958,-1.0,0.0,0.0
3.0201,50.313,91.9557,-1.0,0.0,0.0
3.0201,51.5966,84.9914,-1.0,0.0,0.0
3.0201,50.313,91.9557,-1.0,0.0,0.0
3.0201,54.5274,85.8809,-1.0,0.0,0.0
3.0201,54.5274,85.8809,-1.0,0.0,0.0
3.0201,50.313,91.9557,-1.0,0.0,0.0
3.0201,53.6776,92.8658,-1.0,0.0,0.0
3.0201,54.5274,85.8809,-1.0,0.0,0.0
3.0201,53.6776,92.8658,-1.0,0.0,0.0
3.0201,57.5425,86.4196,-1.0,0.0,0.0
3.0201,57.5425,86.4196,-1.0,0.0,0.0
3.0201,53.6776,92.8658,-1.0,0.0,0.0
3.0201,57.1194,93.4159,-1.0,0.0,0.0
3.0201,57.5425,86.4196,-1.0,0.0,0.0
3.0201,57.1194,93.4159,-1.0,0.0,0.0
3.0201,60.6,86.6,-1.0,0.0,0.0
3.0201,60.6,86.6,-1.0,0.0,0.0
3.0201,57.1194,93.4159,-1.0,0.0,0.0
3.0201,60.6,93.6,-1.0,0.0,0.0
3.0201,60.6,86.6,-1.0,0.0,0.0
3.0201,60.6,93.6,-1.0,0.0,0.0
3.0201,63.6575,86.4196,-1.0,0.0,0.0
3.0201,63.6575,86.4196,-1.0,0.0,0.0
3.0201,60.6,93.6,-1.0,0.0,0.0
3.0201,64.0806,93.4159,-1.0,0.0,0.0
3.0201,63.6575,86.4196,-1.0,0.0,0.0
3.0201,64.0806,93.4159,-1.0,0.0,0.0
3.0201,66.6726,85.8809,-1.0,0.0,0.0
3.0201,66.6726,85.8809,-1.0,0.0,0.0
3.0201,64.0806,93.4159,-1.0,0.0,0.0
3.0201,67.5224,92.8658,-1.0,0.0,0.0
3.0201,66.6726,85.8809,-1.0,0.0,0.0
3.0201,67.5224,92.8658,-1.0,0.0,0.0
3.0201,69.6034,84.9914,-1.0,0.0,0.0
3.0201,69.6034,84.9914,-1.0,0.0,0.0
3.0201,67.5224,92.8658,-1.0,0.0,0.0
3.0201,70.887,91.9557,-1.0,0.0,0.0
3.0201,69.6034,84.9914,-1.0,0.0,0.0
3.0201,70.887,91.9557,-1.0,0.0,0.0
3.0201,72.4092,83.7634,-1.0,0.0,0.0
3.0201,70.887,91.9557,-1.0,0.0,0.0
3.0201,74.1368,90.6958,-1.0,0.0,0.0
3.0201,72.4092,83.7634,-1.0,0.0,0.0
3.0201,72.4092,83.7634,-1.0,0.0,0.0
3.0201,74.1368,90.6958,-1.0,0.0,0.0
3.0201,77.2356,89.1001,-1.0,0.0,0.0
3.0201,72.4092,83.7634,-1.0,0.0,0.0
3.0201,77.2356,89.1001,-1.0,0.0,0.0
3.0201,75.0512,82.2139,-1.0,0.0,0.0
3.0201,75.0512,82.2139,-1.0,0.0,0.0
3.0201,77.2356,89.1001,-1.0,0.0,0.0
3.0201,80.1488,87.1865,-1.0,0.0,0.0
3.0201,75.0512,82.2139,-1.0,0.0,0.0
3.0201,80.1488,87.1865,-1.0,0.0,0.0
3.0201,77.4927,80.3645,-1.0,0.0,0.0
3.0201,77.4927,80.3645,-1.0,0.0,0.0
3.0201,80.1488,87.1865,-1.0,0.0,0.0
3.0201,82.8439,84.9764,-1.0,0.0,0.0
3.0201,77.4927,80.3645,-1.0,0.0,0.0
3.0201,82.8439,84.9764,-1.0,0.0,0.0
3.0201,79.6997,78.2409,-1.0,0.0,0.0
3.0201,79.6997,78.2409,-1.0,0.0,0.0
3.0201,82.8439,84.9764,-1.0,0.0,0.0
3.0201,85.2909,82.4943,-1.0,0.0,0.0
3.0201,79.6997,78.2409,-1.0,0.0,0.0
3.0201,85.2909,82.4943,-1.0,0.0,0.0
3.0201,81.6417,75.8724,-1.0,0.0,0.0
3.0201,81.6417,75.8724,-1.0,0.0,0.0
3.0201,85.2909,82.4943,-1.0,0.0,0.0
3.0201,87.4625,79.7679,-1.0,0.0,0.0
3.0201,81.6417,75.8724,-1.0,0.0,0.0
3.0201,87.4625,79.7679,-1.0,0.0,0.0
3.0201,83.2917,73.292,-1.0,0.0,0.0
3.0201,83.2917,73.292,-1.0,0.0,0.0
3.0201,87.4625,79.7679,-1.0,0.0,0.0
3.0201,89.3343,76.8277,-1.0,0.0,0.0
3.0201,83.2917,73.292,-1.0,0.0,0.0
3.0201,89.3343,76.8277,-1.0,0.0,0.0
3.0201,84.6268,70.5355,-1.0,0.0,0.0
3.0201,84.6268,70.5355,-1.0,0.0,0.0
3.0201,89.3343,76.8277,-1.0,0.0,0.0
3.0201,90.8856,73.7065,-1.0,0.0,0.0
3.0201,84.6268,70.5355,-1.0,0.0,0.0
3.0201,90.8856,73.7065,-1.0,0.0,0.0
3.0201,85.6284,67.6411,-1.0,0.0,0.0
3.0201,85.6284,67.6411,-1.0,0.0,0.0
3.0201,90.8856,73.7065,-1.0,0.0,0.0
3.0201,92.0991,70.4391,-1.0,0.0,0.0
3.0201,85.6284,67.6411,-1.0,0.0,0.0
3.0201,92.0991,70.4391,-1.0,0.0,0.0
3.0201,86.2828,64.649,-1.0,0.0,0.0
3.0201,86.2828,64.649,-1.0,0.0,0.0
3.0201,92.0991,70.4391,-1.0,0.0,0.0
3.0201,92.9612,67.0619,-1.0,0.0,0.0
3.0201,86.2828,64.649,-1.0,0.0,0.0
3.0201,92.9612,67.0619,-1.0,0.0,0.0
3.0201,93.4622,63.6126,-1.0,0.0,0.0
3.0201,56.769,25.1644,0.0,-0.25197,0.967735
5.0201,56.769,25.1644,0.0,-0.25197,0.967735
3.0201,56.9331,25.2072,0.0,-0.25197,0.967735
3.0201,56.9331,25.2072,0.0,-0.25197,0.967735
5.0201,56.769,25.1644,0.0,-0.25197,0.967735
5.0201,56.9331,25.2072,0.0,-0.25197,0.967735
3.0201,56.9331,25.2072,0.0,-0.411902,0.911228
5.0201,56.9331,25.2072,0.0,-0.411902,0.911228
3.0201,57.0877,25.277,0.0,-0.411902,0.911228
3.0201,57.0877,25.277,0.0,-0.411902,0.911228
5.0201,56.9331,25.2072,0.0,-0.411902,0.911228
5.0201,57.0877,25.277,0.0,-0.411902,0.911228
3.0201,57.0877,25.277,0.0,-0.559965,0.828516
5.0201,57.0877,25.277,0.0,-0.559965,0.828516
3.0201,57.2282,25.372,0.0,-0.559965,0.828516
3.0201,57.2282,25.372,0.0,-0.559965,0.828516
5.0201,57.0877,25.277,0.0,-0.559965,0.828516
5.0201,57.2282,25.372,0.0,-0.559965,0.828516
3.0201,57.2282,25.372,0.0,-0.691946,0.721949
5.0201,57.2282,25.372,0.0,-0.691946,0.721949
3.0201,57.3507,25.4894,0.0,-0.691946,0.721949
3.0201,57.3507,25.4894,0.0,-0.691946,0.721949
5.0201,57.2282,25.372,0.0,-0.691946,0.721949
5.0201,57.3507,25.4894,0.0,-0.691946,0.721949
3.0201,57.3507,25.4894,0.0,-0.803998,0.594632
5.0201,57.3507,25.4894,0.0,-0.803998,0.594632
3.0201,57.4515,25.6257,0.0,-0.803998,0.594632
3.0201,57.4515,25.6257,0.0,-0.803998,0.594632
5.0201,57.3507,25.4894,0.0,-0.803998,0.594632
5.0201,57.4515,25.6257,0.0,-0.803998,0.594632
3.0201,57.4515,25.6257,0.0,-0.892929,0.450198
5.0201,57.4515,25.6257,0.0,-0.892929,0.450198
3.0201,57.5279,25.7772,0.0,-0.892929,0.450198
3.0201,57.5279,25.7772,0.0,-0.892929,0.450198
5.0201,57.4515,25.6257,0.0,-0.892929,0.450198
5.0201,57.5279,25.7772,0.0,-0.892929,0.450198
3.0201,57.5279,25.7772,0.0,-0.956164,0.292831
5.0201,57.5279,25.7772,0.0,-0.956164,0.292831
3.0201,57.5776,25.9394,0.0,-0.956164,0.292831
3.0201,57.5776,25.9394,0.0,-0.956164,0.292831
5.0201,57.5279,25.7772,0.0,-0.956164,0.292831
5.0201,57.5776,25.9394,0.0,-0.956164,0.292831
3.0201,57.5776,25.9394,0.0,-0.991899,0.127028
5.0201,57.5776,25.9394,0.0,-0.991899,0.127028
3.0201,57.5991,26.1076,0.0,-0.991899,0.127028
3.0201,57.5991,26.1076,0.0,-0.991899,0.127028
5.0201,57.5776,25.9394,0.0,-0.991899,0.127028
5.0201,57.5991,26.1076,0.0,-0.991899,0.127028
3.0201,57.5991,26.1076,0.0,-0.999098,-0.0424622
5.0201,57.5991,26.1076,0.0,-0.999098,-0.0424622
3.0201,57.5919,26.2771,0.0,-0.999098,-0.0424622
3.0201,57.5919,26.2771,0.0,-0.999098,-0.0424622
5.0201,57.5991,26.1076,0.0,-0.999098,-0.0424622
5.0201,57.5919,26.2771,0.0,-0.999098,-0.0424622
3.0201,57.5919,26.2771,0.0,-0.977557,-0.21067
5.0201,57.5919,26.2771,0.0,-0.977557,-0.21067
3.0201,57.5562,26.4429,0.0,-0.977557,-0.21067
3.0201,57.5562,26.4429,0.0,-0.977557,-0.21067
5.0201,57.5919,26.2771,0.0,-0.977557,-0.21067
5.0201,57.5562,26.4429,0.0,-0.977557,-0.21067
3.0201,57.5562,26.4429,0.0,-0.927892,-0.372848
5.0201,57.5562,26.4429,0.0,-0.927892,-0.372848
3.0201,57.4929,26.6002,0.0,-0.927892,-0.372848
3.0201,57.4929,26.6002,0.0,-0.927892,-0.372848
5.0201,57.5562,26.4429,0.0,-0.927892,-0.372848
5.0201,57.4929,26.6002,0.0,-0.927892,-0.372848
3.0201,57.4929,26.6002,0.0,-0.851529,-0.524308
5.0201,57.4929,26.6002,0.0,-0.851529,-0.524308
3.0201,57.404,26.7447,0.0,-0.851529,-0.524308
3.0201,57.404,26.7447,0.0,-0.851529,-0.524308
5.0201,57.4929,26.6002,0.0,-0.851529,-0.524308
5.0201,57.404,26.7447,0.0,-0.851529,-0.524308
3.0201,57.404,26.7447,0.0,-0.750656,-0.660693
5.0201,57.404,26.7447,0.0,-0.750656,-0.660693
3.0201,57.2919,26.872,0.0,-0.750656,-0.660693
3.0201,57.2919,26.872,0.0,-0.750656,-0.660693
5.0201,57.404,26.7447,0.0,-0.750656,-0.660693
5.0201,57.2919,26.872,0.0,-0.750656,-0.660693
3.0201,57.2919,26.872,0.0,-0.628228,-0.778029
5.0201,57.2919,26.872,0.0,-0.628228,-0.778029
3.0201,57.16,26.9785,0.0,-0.628228,-0.778029
3.0201,57.16,26.9785,0.0,-0.628228,-0.778029
5.0201,57.2919,26.872,0.0,-0.628228,-0.778029
5.0201,57.16,26.9785,0.0,-0.628228,-0.778029
3.0201,57.16,26.9785,0.0,-0.487695,-0.873014
5.0201,57.16,26.9785,0.0,-0.487695,-0.873014
3.0201,57.0119,27.0613,0.0,-0.487695,-0.873014
3.0201,57.0119,27.0613,0.0,-0.487695,-0.873014
5.0201,57.16,26.9785,0.0,-0.487695,-0.873014
5.0201,57.0119,27.0613,0.0,-0.487695,-0.873014
3.0201,57.0119,27.0613,0.0,-0.333143,-0.942876
5.0201,57.0119,27.0613,0.0,-0.333143,-0.942876
3.0201,56.852,27.1178,0.0,-0.333143,-0.942876
3.0201,56.852,27.1178,0.0,-0.333143,-0.942876
5.0201,57.0119,27.0613,0.0,-0.333143,-0.942876
5.0201,56.852,27.1178,0.0,-0.333143,-0.942876
3.0201,56.852,27.1178,0.0,-0.168996,-0.985617
5.0201,56.852,27.1178,0.0,-0.168996,-0.985617
3.0201,56.6848,27.1464,0.0,-0.168996,-0.985617
3.0201,56.6848,27.1464,0.0,-0.168996,-0.985617
5.0201,56.852,27.1178,0.0,-0.168996,-0.985617
5.0201,56.6848,27.1464,0.0,-0.168996,-0.985617
3.0201,56.6848,27.1464,0.0,0.0,-1.0
5.0201,56.6848,27.1464,0.0,0.0,-1.0
3.0201,56.5152,27.1464,0.0,0.0,-1.0
3.0201,56.5152,27.1464,0.0,0.0,-1.0
5.0201,56.6848,27.1464,0.0,0.0,-1.0
5.0201,56.5152,27.1464,0.0,0.0,-1.0
3.0201,56.5152,27.1464,0.0,0.168996,-0.985617
5.0201,56.5152,27.1464,0.0,0.168996,-0.985617
3.0201,56.348,27.1178,0.0,0.168996,-0.985617
3.0201,56.348,27.1178,0.0,0.168996,-0.985617
5.0201,56.5152,27.1464,0.0,0.168996,-0.985617
5.0201,56.348,27.1178,0.0,0.168996,-0.985617
3.0201,56.348,27.1178,0.0,0.333143,-0.942876
5.0201,56.348,27.1178,0.0,0.333143,-0.942876
3.0201,56.1881,27.0613,0.0,0.333143,-0.942876
3.0201,56.1881,27.0613,0.0,0.333143,-0.942876
5.0201,56.348,27.1178,0.0,0.333143,-0.942876
5.0201,56.1881,27.0613,0.0,0.333143,-0.942876
3.0201,56.1881,27.0613,0.0,0.487705,-0.873009
5.0201,56.1881,27.0613,0.0,0.487705,-0.873009
3.0201,56.04,26.9785,0.0,0.487705,-0.873009
3.0201,56.04,26.9785,0.0,0.487705,-0.873009
5.0201,56.1881,27.0613,0.0,0.487705,-0.873009
5.0201,56.04,26.9785,0.0,0.487705,-0.873009
3.0201,56.04,26.9785,0.0,0.628217,-0.778038
5.0201,56.04,26.9785,0.0,0.628217,-0.778038
3.0201,55.9081,26.872,0.0,0.628217,-0.778038
3.0201,55.9081,26.872,0.0,0.628217,-0.778038
5.0201,56.04,26.9785,0.0,0.628217,-0.778038
5.0201,55.9081,26.872,0.0,0.628217,-0.778038
3.0201,55.9081,26.872,0.0,0.750668,-0.66068
5.0201,55.9081,26.872,0.0,0.750668,-0.66068
3.0201,55.796,26.7447,0.0,0.750668,-0.66068
3.0201,55.796,26.7447,0.0,0.750668,-0.66068
5.0201,55.9081,26.872,0.0,0.750668,-0.66068
5.0201,55.796,26.7447,0.0,0.750668,-0.66068
3.0201,55.796,26.7447,0.0,0.851519,-0.524325
5.0201,55.796,26.7447,0.0,0.851519,-0.524325
3.0201,55.7071,26.6002,0.0,0.851519,-0.524325
3.0201,55.7071,26.6002,0.0,0.851519,-0.524325
5.0201,55.796,26.7447,0.0,0.851519,-0.524325
5.0201,55.7071,26.6002,0.0,0.851519,-0.524325
3.0201,55.7071,26.6002,0.0,0.927892,-0.372848
5.0201,55.7071,26.6002,0.0,0.927892,-0.372848
3.0201,55.6438,26.4429,0.0,0.927892,-0.372848
3.0201,55.6438,26.4429,0.0,0.927892,-0.372848
5.0201,55.7071,26.6002,0.0,0.927892,-0.372848
5.0201,55.6438,26.4429,0.0,0.927892,-0.372848
3.0201,55.6438,26.4429,0.0,0.977557,-0.21067
5.0201,55.6438,26.4429,0.0,0.977557,-0.21067
3.0201,55.6081,26.2771,0.0,0.977557,-0.21067
3.0201,55.6081,26.2771,0.0,0.977557,-0.21067
5.0201,55.6438,26.4429,0.0,0.977557,-0.21067
5.0201,55.6081,26.2771,0.0,0.977557,-0.21067
3.0201,55.6081,26.2771,0.0,0.999099,-0.0424397
5.0201,55.6081,26.2771,0.0,0.999099,-0.0424397
3.0201,55.6009,26.1076,0.0,0.999099,-0.0424397
3.0201,55.6009,26.1076,0.0,0.999099,-0.0424397
5.0201,55.6081,26.2771,0.0,0.999099,-0.0424397
5.0201,55.6009,26.1076,0.0,0.999099,-0.0424397
3.0201,55.6009,26.1076,0.0,0.991899,0.127028
5.0201,55.6009,26.1076,0.0,0.991899,0.127028
3.0201,55.6224,25.9394,0.0,0.991899,0.127028
3.0201,55.6224,25.9394,0.0,0.991899,0.127028
5.0201,55.6009,26.1076,0.0,0.991899,0.127028
5.0201,55.6224,25.9394,0.0,0.991899,0.127028
3.0201,55.6224,25.9394,0.0,0.956171,0.29281
5.0201,55.6224,25.9394,0.0,0.956171,0.29281
3.0201,55.6721,25.7772,0.0,0.956171,0.29281
3.0201,55.6721,25.7772,0.0,0.956171,0.29281
5.0201,55.6224,25.9394,0.0,0.956171,0.29281
5.0201,55.6721,25.7772,0.0,0.956171,0.29281
3.0201,55.6721,25.7772,0.0,0.89292,0.450216
5.0201,55.6721,25.7772,0.0,0.89292,0.450216
3.0201,55.7485,25.6257,0.0,0.89292,0.450216
3.0201,55.7485,25.6257,0.0,0.89292,0.450216
5.0201,55.6721,25.7772,0.0,0.89292,0.450216
5.0201,55.7485,25.6257,0.0,0.89292,0.450216
3.0201,55.7485,25.6257,0.0,0.804009,0.594617
5.0201,55.7485,25.6257,0.0,0.804009,0.594617
3.0201,55.8493,25.4894,0.0,0.804009,0.594617
3.0201,55.8493,25.4894,0.0,0.804009,0.594617
5.0201,55.7485,25.6257,0.0,0.804009,0.594617
5.0201,55.8493,25.4894,0.0,0.804009,0.594617
3.0201,55.8493,25.4894,0.0,0.691935,0.72196
5.0201,55.8493,25.4894,0.0,0.691935,0.72196
3.0201,55.9718,25.372,0.0,0.691935,0.72196
3.0201,55.9718,25.372,0.0,0.691935,0.72196
5.0201,55.8493,25.4894,0.0,0.691935,0.72196
5.0201,55.9718,25.372,0.0,0.691935,0.72196
3.0201,55.9718,25.372,0.0,0.559965,0.828516
5.0201,55.9718,25.372,0.0,0.559965,0.828516
3.0201,56.1123,25.277,0.0,0.559965,0.828516
3.0201,56.1123,25.277,0.0,0.559965,0.828516
5.0201,55.9718,25.372,0.0,0.559965,0.828516
5.0201,56.1123,25.277,0.0,0.559965,0.828516
3.0201,56.1123,25.277,0.0,0.411894,0.911232
5.0201,56.1123,25.277,0.0,0.411894,0.911232
3.0201,56.2669,25.2072,0.0,0.411894,0.911232
3.0201,56.2669,25.2072,0.0,0.411894,0.911232
5.0201,56.1123,25.277,0.0,0.411894,0.911232
5.0201,56.2669,25.2072,0.0,0.411894,0.911232
3.0201,56.2669,25.2072,0.0,0.251981,0.967732
5.0201,56.2669,25.2072,0.0,0.251981,0.967732
3.0201,56.431,25.1644,0.0,0.251981,0.967732
3.0201,56.431,25.1644,0.0,0.251981,0.967732
5.0201,56.2669,25.2072,0.0,0.251981,0.967732
5.0201,56.431,25.1644,0.0,0.251981,0.967732
3.0201,56.431,25.1644,0.0,0.0848229,0.996396
5.0201,56.431,25.1644,0.0,0.0848229,0.996396
3.0201,56.6,25.15,0.0,0.0848229,0.996396
3.0201,56.6,25.15,0.0,0.0848229,0.996396
5.0201,56.431,25.1644,0.0,0.0848229,0.996396
5.0201,56.6,25.15,0.0,0.0848229,0.996396
3.0201,56.6,25.15,0.0,-0.0848248,0.996396
5.0201,56.6,25.15,0.0,-0.0848248,0.996396
3.0201,56.769,25.1644,0.0,-0.0848248,0.996396
3.0201,56.769,25.1644,0.0,-0.0848248,0.996396
5.0201,56.6,25.15,0.0,-0.0848248,0.996396
5.0201,56.769,25.1644,0.0,-0.0848248,0.996396
3.0201,64.769,25.1644,0.0,-0.251976,0.967734
5.0201,64.769,25.1644,0.0,-0.251976,0.967734
3.0201,64.9331,25.2072,0.0,-0.251976,0.967734
3.0201,64.9331,25.2072,0.0,-0.251976,0.967734
5.0201,64.769,25.1644,0.0,-0.251976,0.967734
5.0201,64.9331,25.2072,0.0,-0.251976,0.967734
3.0201,64.9331,25.2072,0.0,-0.411894,0.911232
5.0201,64.9331,25.2072,0.0,-0.411894,0.911232
3.0201,65.0877,25.277,0.0,-0.411894,0.911232
3.0201,65.0877,25.277,0.0,-0.411894,0.911232
5.0201,64.9331,25.2072,0.0,-0.411894,0.911232
5.0201,65.0877,25.277,0.0,-0.411894,0.911232
3.0201,65.0877,25.277,0.0,-0.559965,0.828516
5.0201,65.0877,25.277,0.0,-0.559965,0.828516
3.0201,65.2282,25.372,0.0,-0.559965,0.828516
3.0201,65.2282,25.372,0.0,-0.559965,0.828516
5.0201,65.0877,25.277,0.0,-0.559965,0.828516
5.0201,65.2282,25.372,0.0,-0.559965,0.828516
3.0201,65.2282,25.372,0.0,-0.691946,0.721949
5.0201,65.2282,25.372,0.0,-0.691946,0.721949
3.0201,65.3507,25.4894,0.0,-0.691946,0.721949
3.0201,65.3507,25.4894,0.0,-0.691946,0.721949
5.0201,65.2282,25.372,0.0,-0.691946,0.721949
5.0201,65.3507,25.4894,0.0,-0.691946,0.721949
3.0201,65.3507,25.4894,0.0,-0.804009,0.594617
5.0201,65.3507,25.4894,0.0,-0.804009,0.594617
3.0201,65.4515,25.6257,0.0,-0.804009,0.594617
3.0201,65.4515,25.6257,0.0,-0.804009,0.594617
5.0201,65.3507,25.4894,0.0,-0.804009,0.594617
5.0201,65.4515,25.6257,0.0,-0.804009,0.594617
3.0201,65.4515,25.6257,0.0,-0.89292,0.450216
5.0201,65.4515,25.6257,0.0,-0.89292,0.450216
3.0201,65.5279,25.7772,0.0,-0.89292,0.450216
3.0201,65.5279,25.7772,0.0,-0.89292,0.450216
5.0201,65.4515,25.6257,0.0,-0.89292,0.450216
5.0201,65.5279,25.7772,0.0,-0.89292,0.450216
3.0201,65.5279,25.7772,0.0,-0.956164,0.292831
5.0201,65.5279,25.7772,0.0,-0.956164,0.292831
3.0201,65.5776,25.9394,0.0,-0.956164,0.292831
3.0201,65.5776,25.9394,0.0,-0.956164,0.292831
5.0201,65.5279,25.7772,0.0,-0.956164,0.292831
5.0201,65.5776,25.9394,0.0,-0.956164,0.292831
3.0201,65.5776,25.9394,0.0,-0.991899,0.127028
5.0201,65.5776,25.9394,0.0,-0.991899,0.127028
3.0201,65.5991,26.1076,0.0,-0.991899,0.127028
3.0201,65.5991,26.1076,0.0,-0.991899,0.127028
5.0201,65.5776,25.9394,0.0,-0.991899,0.127028
5.0201,65.5991,26.1076,0.0,-0.991899,0.127028
3.0201,65.5991,26.1076,0.0,-0.9991,-0.0424173
5.0201,65.5991,26.1076,0.0,-0.9991,-0.0424173
3.0201,65.5919,26.2771,0.0,-0.9991,-0.0424173
3.0201,65.5919,26.2771,0.0,-0.9991,-0.0424173
5.0201,65.5991,26.1076,0.0,-0.9991,-0.0424173
5.0201,65.5919,26.2771,0.0,-0.9991,-0.0424173
3.0201,65.5919,26.2771,0.0,-0.977543,-0.210735
5.0201,65.5919,26.2771,0.0,-0.977543,-0.210735
3.0201,65.5562,26.4429,0.0,-0.977543,-0.210735
3.0201,65.5562,26.4429,0.0,-0.977543,-0.210735
5.0201,65.5919,26.2771,0.0,-0.977543,-0.210735
5.0201,65.5562,26.4429,0.0,-0.977543,-0.210735
3.0201,65.5562,26.4429,0.0,-0.927892,-0.372848
5.0201,65.5562,26.4429,0.0,-0.927892,-0.372848
3.0201,65.4929,26.6002,0.0,-0.927892,-0.372848
3.0201,65.4929,26.6002,0.0,-0.927892,-0.372848
5.0201,65.5562,26.4429,0.0,-0.927892,-0.372848
5.0201,65.4929,26.6002,0.0,-0.927892,-0.372848
3.0201,65.4929,26.6002,0.0,-0.851549,-0.524276
5.0201,65.4929,26.6002,0.0,-0.851549,-0.524276
3.0201,65.404,26.7447,0.0,-0.851549,-0.524276
3.0201,65.404,26.7447,0.0,-0.851549,-0.524276
5.0201,65.4929,26.6002,0.0,-0.851549,-0.524276
5.0201,65.404,26.7447,0.0,-0.851549,-0.524276
3.0201,65.404,26.7447,0.0,-0.750634,-0.660718
5.0201,65.404,26.7447,0.0,-0.750634,-0.660718
3.0201,65.2919,26.872,0.0,-0.750634,-0.660718
3.0201,65.2919,26.872,0.0,-0.750634,-0.660718
5.0201,65.404,26.7447,0.0,-0.750634,-0.660718
5.0201,65.2919,26.872,0.0,-0.750634,-0.660718
3.0201,65.2919,26.872,0.0,-0.628217,-0.778038
5.0201,65.2919,26.872,0.0,-0.628217,-0.778038
3.0201,65.16,26.9785,0.0,-0.628217,-0.778038
3.0201,65.16,26.9785,0.0,-0.628217,-0.778038
5.0201,65.2919,26.872,0.0,-0.628217,-0.778038
5.0201,65.16,26.9785,0.0,-0.628217,-0.778038
3.0201,65.16,26.9785,0.0,-0.487705,-0.873009
5.0201,65.16,26.9785,0.0,-0.487705,-0.873009
3.0201,65.0119,27.0613,0.0,-0.487705,-0.873009
3.0201,65.0119,27.0613,0.0,-0.487705,-0.873009
5.0201,65.16,26.9785,0.0,-0.487705,-0.873009
5.0201,65.0119,27.0613,0.0,-0.487705,-0.873009
3.0201,65.0119,27.0613,0.0,-0.33315,-0.942874
5.0201,65.0119,27.0613,0.0,-0.33315,-0.942874
3.0201,64.852,27.1178,0.0,-0.33315,-0.942874
3.0201,64.852,27.1178,0.0,-0.33315,-0.942874
5.0201,65.0119,27.0613,0.0,-0.33315,-0.942874
5.0201,64.852,27.1178,0.0,-0.33315,-0.942874
3.0201,64.852,27.1178,0.0,-0.168993,-0.985617
5.0201,64.852,27.1178,0.0,-0.168993,-0.985617
3.0201,64.6848,27.1464,0.0,-0.168993,-0.985617
3.0201,64.6848,27.1464,0.0,-0.168993,-0.985617
5.0201,64.852,27.1178,0.0,-0.168993,-0.985617
5.0201,64.6848,27.1464,0.0,-0.168993,-0.985617
3.0201,64.6848,27.1464,0.0,0.0,-1.0
5.0201,64.6848,27.1464,0.0,0.0,-1.0
3.0201,64.5152,27.1464,0.0,0.0,-1.0
3.0201,64.5152,27.1464,0.0,0.0,-1.0
5.0201,64.6848,27.1464,0.0,0.0,-1.0
5.0201,64.5152,27.1464,0.0,0.0,-1.0
3.0201,64.5152,27.1464,0.0,0.169,-0.985616
5.0201,64.5152,27.1464,0.0,0.169,-0.985616
3.0201,64.348,27.1178,0.0,0.169,-0.985616
3.0201,64.348,27.1178,0.0,0.169,-0.985616
5.0201,64.5152,27.1464,0.0,0.169,-0.985616
5.0201,64.348,27.1178,0.0,0.169,-0.985616
3.0201,64.348,27.1178,0.0,0.333136,-0.942879
5.0201,64.348,27.1178,0.0,0.333136,-0.942879
3.0201,64.1881,27.0613,0.0,0.333136,-0.942879
3.0201,64.1881,27.0613,0.0,0.333136,-0.942879
5.0201,64.348,27.1178,0.0,0.333136,-0.942879
5.0201,64.1881,27.0613,0.0,0.333136,-0.942879
3.0201,64.1881,27.0613,0.0,0.487705,-0.873009
5.0201,64.1881,27.0613,0.0,0.487705,-0.873009
3.0201,64.04,26.9785,0.0,0.487705,-0.873009
3.0201,64.04,26.9785,0.0,0.487705,-0.873009
5.0201,64.1881,27.0613,0.0,0.487705,-0.873009
5.0201,64.04,26.9785,0.0,0.487705,-0.873009
3.0201,64.04,26.9785,0.0,0.628206,-0.778047
5.0201,64.04,26.9785,0.0,0.628206,-0.778047
3.0201,63.9081,26.872,0.0,0.628206,-0.778047
3.0201,63.9081,26.872,0.0,0.628206,-0.778047
5.0201,64.04,26.9785,0.0,0.628206,-0.778047
5.0201,63.9081,26.872,0.0,0.628206,-0.778047
3.0201,63.9081,26.872,0.0,0.750668,-0.66068
5.0201,63.9081,26.872,0.0,0.750668,-0.66068
3.0201,63.796,26.7447,0.0,0.750668,-0.66068
3.0201,63.796,26.7447,0.0,0.750668,-0.66068
5.0201,63.9081,26.872,0.0,0.750668,-0.66068
5.0201,63.796,26.7447,0.0,0.750668,-0.66068
3.0201,63.796,26.7447,0.0,0.851529,-0.524308
5.0201,63.796,26.7447,0.0,0.851529,-0.524308
3.0201,63.7071,26.6002,0.0,0.851529,-0.524308
3.0201,63.7071,26.6002,0.0,0.851529,-0.524308
5.0201,63.796,26.7447,0.0,0.851529,-0.524308
5.0201,63.7071,26.6002,0.0,0.851529,-0.524308
3.0201,63.7071,26.6002,0.0,0.927892,-0.372848
5.0201,63.7071,26.6002,0.0,0.927892,-0.372848
3.0201,63.6438,26.4429,0.0,0.927892,-0.372848
3.0201,63.6438,26.4429,0.0,0.927892,-0.372848
5.0201,63.7071,26.6002,0.0,0.927892,-0.372848
5.0201,63.6438,26.4429,0.0,0.927892,-0.372848
3.0201,63.6438,26.4429,0.0,0.977553,-0.210692
5.0201,63.6438,26.4429,0.0,0.977553,-0.210692
3.0201,63.6081,26.2771,0.0,0.977553,-0.210692
3.0201,63.6081,26.2771,0.0,0.977553,-0.210692
5.0201,63.6438,26.4429,0.0,0.977553,-0.210692
5.0201,63.6081,26.2771,0.0,0.977553,-0.210692
3.0201,63.6081,26.2771,0.0,0.9991,-0.0424173
5.0201,63.6081,26.2771,0.0,0.9991,-0.0424173
3.0201,63.6009,26.1076,0.0,0.9991,-0.0424173
3.0201,63.6009,26.1076,0.0,0.9991,-0.0424173
5.0201,63.6081,26.2771,0.0,0.9991,-0.0424173
5.0201,63.6009,26.1076,0.0,0.9991,-0.0424173
3.0201,63.6009,26.1076,0.0,0.991899,0.127028
5.0201,63.6009,26.1076,0.0,0.991899,0.127028
3.0201,63.6224,25.9394,0.0,0.991899,0.127028
3.0201,63.6224,25.9394,0.0,0.991899,0.127028
5.0201,63.6009,26.1076,0.0,0.991899,0.127028
5.0201,63.6224,25.9394,0.0,0.991899,0.127028
3.0201,63.6224,25.9394,0.0,0.956164,0.292831
5.0201,63.6224,25.9394,0.0,0.956164,0.292831
3.0201,63.6721,25.7772,0.0,0.956164,0.292831
3.0201,63.6721,25.7772,0.0,0.956164,0.292831
5.0201,63.6224,25.9394,0.0,0.956164,0.292831
5.0201,63.6721,25.7772,0.0,0.956164,0.292831
3.0201,63.6721,25.7772,0.0,0.892929,0.450198
5.0201,63.6721,25.7772,0.0,0.892929,0.450198
3.0201,63.7485,25.6257,0.0,0.892929,0.450198
3.0201,63.7485,25.6257,0.0,0.892929,0.450198
5.0201,63.6721,25.7772,0.0,0.892929,0.450198
5.0201,63.7485,25.6257,0.0,0.892929,0.450198
3.0201,63.7485,25.6257,0.0,0.804009,0.594617
5.0201,63.7485,25.6257,0.0,0.804009,0.594617
3.0201,63.8493,25.4894,0.0,0.804009,0.594617
3.0201,63.8493,25.4894,0.0,0.804009,0.594617
5.0201,63.7485,25.6257,0.0,0.804009,0.594617
5.0201,63.8493,25.4894,0.0,0.804009,0.594617
3.0201,63.8493,25.4894,0.0,0.691935,0.72196
5.0201,63.8493,25.4894,0.0,0.691935,0.72196
3.0201,63.9718,25.372,0.0,0.691935,0.72196
3.0201,63.9718,25.372,0.0,0.691935,0.72196
5.0201,63.8493,25.4894,0.0,0.691935,0.72196
5.0201,63.9718,25.372,0.0,0.691935,0.72196
3.0201,63.9718,25.372,0.0,0.559965,0.828516
5.0201,63.9718,25.372,0.0,0.559965,0.828516
3.0201,64.1123,25.277,0.0,0.559965,0.828516
3.0201,64.1123,25.277,0.0,0.559965,0.828516
5.0201,63.9718,25.372,0.0,0.559965,0.828516
5.0201,64.1123,25.277,0.0,0.559965,0.828516
3.0201,64.1123,25.277,0.0,0.411894,0.911232
5.0201,64.1123,25.277,0.0,0.411894,0.911232
3.0201,64.2669,25.2072,0.0,0.411894,0.911232
3.0201,64.2669,25.2072,0.0,0.411894,0.911232
5.0201,64.1123,25.277,0.0,0.411894,0.911232
5.0201,64.2669,25.2072,0.0,0.411894,0.911232
3.0201,64.2669,25.2072,0.0,0.251976,0.967734
5.0201,64.2669,25.2072,0.0,0.251976,0.967734
3.0201,64.431,25.1644,0.0,0.251976,0.967734
3.0201,64.431,25.1644,0.0,0.251976,0.967734
5.0201,64.2669,25.2072,0.0,0.251976,0.967734
5.0201,64.431,25.1644,0.0,0.251976,0.967734
3.0201,64.431,25.1644,0.0,0.0848248,0.996396
5.0201,64.431,25.1644,0.0,0.0848248,0.996396
3.0201,64.6,25.15,0.0,0.0848248,0.996396
3.0201,64.6,25.15,0.0,0.0848248,0.996396
5.0201,64.431,25.1644,0.0,0.0848248,0.996396
5.0201,64.6,25.15,0.0,0.0848248,0.996396
3.0201,64.6,25.15,0.0,-0.0848248,0.996396
5.0201,64.6,25.15,0.0,-0.0848248,0.996396
3.0201,64.769,25.1644,0.0,-0.0848248,0.996396
3.0201,64.769,25.1644,0.0,-0.0848248,0.996396
5.0201,64.6,25.15,0.0,-0.0848248,0.996396
5.0201,64.769,25.1644,0.0,-0.0848248,0.996396
5.0201,66.6,24.15,0.0,0.0,-1.0
5.0201,62.6,24.15,0.0,0.0,-1.0
3.0201,66.6,24.15,0.0,0.0,-1.0
3.0201,66.6,24.15,0.0,0.0,-1.0
5.0201,62.6,24.15,0.0,0.0,-1.0
3.0201,62.6,24.15,0.0,0.0,-1.0
5.0201,62.6,24.15,0.0,-1.0,0.0
5.0201,62.6,34.677,0.0,-1.0,0.0
3.0201,62.6,24.15,0.0,-1.0,0.0
3.0201,62.6,24.15,0.0,-1.0,0.0
5.0201,62.6,34.677,0.0,-1.0,0.0
3.0201,62.6,34.677,0.0,-1.0,0.0
3.0201,62.6,34.677,0.0,-0.135515,0.990775
5.0201,62.6,34.677,0.0,-0.135515,0.990775
3.0201,65.6346,35.0921,0.0,-0.135515,0.990775
3.0201,65.6346,35.0921,0.0,-0.135515,0.990775
5.0201,62.6,34.677,0.0,-0.135515,0.990775
5.0201,65.6346,35.0921,0.0,-0.135515,0.990775
3.0201,65.6346,35.0921,0.0,-0.251086,0.967965
5.0201,65.6346,35.0921,0.0,-0.251086,0.967965
3.0201,68.5993,35.8611,0.0,-0.251086,0.967965
3.0201,68.5993,35.8611,0.0,-0.251086,0.967965
5.0201,65.6346,35.0921,0.0,-0.251086,0.967965
5.0201,68.5993,35.8611,0.0,-0.251086,0.967965
3.0201,68.5993,35.8611,0.0,-0.363174,0.931721
5.0201,68.5993,35.8611,0.0,-0.363174,0.931721
3.0201,71.453,36.9735,0.0,-0.363174,0.931721
3.0201,71.453,36.9735,0.0,-0.363174,0.931721
5.0201,68.5993,35.8611,0.0,-0.363174,0.931721
5.0201,71.453,36.9735,0.0,-0.363174,0.931721
3.0201,71.453,36.9735,0.0,-0.470221,0.882549
5.0201,71.453,36.9735,0.0,-0.470221,0.882549
3.0201,74.156,38.4137,0.0,-0.470221,0.882549
3.0201,74.156,38.4137,0.0,-0.470221,0.882549
5.0201,71.453,36.9735,0.0,-0.470221,0.882549
5.0201,74.156,38.4137,0.0,-0.470221,0.882549
3.0201,74.156,38.4137,0.0,-0.570742,0.82113
5.0201,74.156,38.4137,0.0,-0.570742,0.82113
3.0201,76.671,40.1617,0.0,-0.570742,0.82113
3.0201,76.671,40.1617,0.0,-0.570742,0.82113
5.0201,74.156,38.4137,0.0,-0.570742,0.82113
5.0201,76.671,40.1617,0.0,-0.570742,0.82113
3.0201,76.671,40.1617,0.0,-0.663344,0.748315
5.0201,76.671,40.1617,0.0,-0.663344,0.748315
3.0201,78.963,42.1934,0.0,-0.663344,0.748315
3.0201,78.963,42.1934,0.0,-0.663344,0.748315
5.0201,76.671,40.1617,0.0,-0.663344,0.748315
5.0201,78.963,42.1934,0.0,-0.663344,0.748315
3.0201,78.963,42.1934,0.0,-0.74674,0.665117
5.0201,78.963,42.1934,0.0,-0.74674,0.665117
3.0201,81.0001,44.4806,0.0,-0.74674,0.665117
3.0201,81.0001,44.4806,0.0,-0.74674,0.665117
5.0201,78.963,42.1934,0.0,-0.74674,0.665117
5.0201,81.0001,44.4806,0.0,-0.74674,0.665117
3.0201,81.0001,44.4806,0.0,-0.819776,0.572685
5.0201,81.0001,44.4806,0.0,-0.819776,0.572685
3.0201,82.7541,46.9914,0.0,-0.819776,0.572685
3.0201,82.7541,46.9914,0.0,-0.819776,0.572685
5.0201,81.0001,44.4806,0.0,-0.819776,0.572685
5.0201,82.7541,46.9914,0.0,-0.819776,0.572685
3.0201,82.7541,46.9914,0.0,-0.881432,0.47231
5.0201,82.7541,46.9914,0.0,-0.881432,0.47231
3.0201,84.2007,49.6911,0.0,-0.881432,0.47231
3.0201,84.2007,49.6911,0.0,-0.881432,0.47231
5.0201,82.7541,46.9914,0.0,-0.881432,0.47231
5.0201,84.2007,49.6911,0.0,-0.881432,0.47231
3.0201,84.2007,49.6911,0.0,-0.930857,0.365383
5.0201,84.2007,49.6911,0.0,-0.930857,0.365383
3.0201,85.3198,52.5421,0.0,-0.930857,0.365383
3.0201,85.3198,52.5421,0.0,-0.930857,0.365383
5.0201,84.2007,49.6911,0.0,-0.930857,0.365383
5.0201,85.3198,52.5421,0.0,-0.930857,0.365383
3.0201,85.3198,52.5421,0.0,-0.967366,0.253381
5.0201,85.3198,52.5421,0.0,-0.967366,0.253381
3.0201,86.0959,55.505,0.0,-0.967366,0.253381
3.0201,86.0959,55.505,0.0,-0.967366,0.253381
5.0201,85.3198,52.5421,0.0,-0.967366,0.253381
5.0201,86.0959,55.505,0.0,-0.967366,0.253381
3.0201,86.0959,55.505,0.0,-0.990452,0.13786
5.0201,86.0959,55.505,0.0,-0.990452,0.13786
3.0201,86.5181,58.5386,0.0,-0.990452,0.13786
3.0201,86.5181,58.5386,0.0,-0.990452,0.13786
5.0201,86.0959,55.505,0.0,-0.990452,0.13786
5.0201,86.5181,58.5386,0.0,-0.990452,0.13786
3.0201,86.5181,58.5386,0.0,-0.999791,0.0204359
5.0201,86.5181,58.5386,0.0,-0.999791,0.0204359
3.0201,86.5807,61.6007,0.0,-0.999791,0.0204359
3.0201,86.5807,61.6007,0.0,-0.999791,0.0204359
5.0201,86.5181,58.5386,0.0,-0.999791,0.0204359
5.0201,86.5807,61.6007,0.0,-0.999791,0.0204359
3.0201,86.5807,61.6007,0.0,-0.995257,-0.09728
5.0201,86.5807,61.6007,0.0,-0.995257,-0.09728
3.0201,86.2828,64.649,0.0,-0.995257,-0.09728
3.0201,86.2828,64.649,0.0,-0.995257,-0.09728
5.0201,86.5807,61.6007,0.0,-0.995257,-0.09728
5.0201,86.2828,64.649,0.0,-0.995257,-0.09728
3.0201,86.2828,64.649,0.0,-0.976911,-0.213646
5.0201,86.2828,64.649,0.0,-0.976911,-0.213646
3.0201,85.6284,67.6411,0.0,-0.976911,-0.213646
3.0201,85.6284,67.6411,0.0,-0.976911,-0.213646
5.0201,86.2828,64.649,0.0,-0.976911,-0.213646
5.0201,85.6284,67.6411,0.0,-0.976911,-0.213646
3.0201,85.6284,67.6411,0.0,-0.94501,-0.327042
5.0201,85.6284,67.6411,0.0,-0.94501,-0.327042
3.0201,84.6268,70.5355,0.0,-0.94501,-0.327042
3.0201,84.6268,70.5355,0.0,-0.94501,-0.327042
5.0201,85.6284,67.6411,0.0,-0.94501,-0.327042
5.0201,84.6268,70.5355,0.0,-0.94501,-0.327042
3.0201,84.6268,70.5355,0.0,-0.899994,-0.435903
5.0201,84.6268,70.5355,0.0,-0.899994,-0.435903
3.0201,83.2917,73.292,0.0,-0.899994,-0.435903
3.0201,83.2917,73.292,0.0,-0.899994,-0.435903
5.0201,84.6268,70.5355,0.0,-0.899994,-0.435903
5.0201,83.2917,73.292,0.0,-0.899994,-0.435903
3.0201,83.2917,73.292,0.0,-0.842489,-0.538713
5.0201,83.2917,73.292,0.0,-0.842489,-0.538713
3.0201,81.6417,75.8724,0.0,-0.842489,-0.538713
3.0201,81.6417,75.8724,0.0,-0.842489,-0.538713
5.0201,83.2917,73.292,0.0,-0.842489,-0.538713
5.0201,81.6417,75.8724,0.0,-0.842489,-0.538713
3.0201,81.6417,75.8724,0.0,-0.773291,-0.634051
5.0201,81.6417,75.8724,0.0,-0.773291,-0.634051
3.0201,79.6997,78.2409,0.0,-0.773291,-0.634051
3.0201,79.6997,78.2409,0.0,-0.773291,-0.634051
5.0201,81.6417,75.8724,0.0,-0.773291,-0.634051
5.0201,79.6997,78.2409,0.0,-0.773291,-0.634051
3.0201,79.6997,78.2409,0.0,-0.693366,-0.720585
5.0201,79.6997,78.2409,0.0,-0.693366,-0.720585
3.0201,77.4927,80.3645,0.0,-0.693366,-0.720585
3.0201,77.4927,80.3645,0.0,-0.693366,-0.720585
5.0201,79.6997,78.2409,0.0,-0.693366,-0.720585
5.0201,77.4927,80.3645,0.0,-0.693366,-0.720585
3.0201,77.4927,80.3645,0.0,-0.603814,-0.797125
5.0201,77.4927,80.3645,0.0,-0.603814,-0.797125
3.0201,75.0512,82.2139,0.0,-0.603814,-0.797125
3.0201,75.0512,82.2139,0.0,-0.603814,-0.797125
5.0201,77.4927,80.3645,0.0,-0.603814,-0.797125
5.0201,75.0512,82.2139,0.0,-0.603814,-0.797125
3.0201,75.0512,82.2139,0.0,-0.505889,-0.862599
5.0201,75.0512,82.2139,0.0,-0.505889,-0.862599
3.0201,72.4092,83.7634,0.0,-0.505889,-0.862599
3.0201,72.4092,83.7634,0.0,-0.505889,-0.862599
5.0201,75.0512,82.2139,0.0,-0.505889,-0.862599
5.0201,72.4092,83.7634,0.0,-0.505889,-0.862599
3.0201,72.4092,83.7634,0.0,-0.400939,-0.916105
5.0201,72.4092,83.7634,0.0,-0.400939,-0.916105
3.0201,69.6034,84.9914,0.0,-0.400939,-0.916105
3.0201,69.6034,84.9914,0.0,-0.400939,-0.916105
5.0201,72.4092,83.7634,0.0,-0.400939,-0.916105
5.0201,69.6034,84.9914,0.0,-0.400939,-0.916105
3.0201,69.6034,84.9914,0.0,-0.290427,-0.956897
5.0201,69.6034,84.9914,0.0,-0.290427,-0.956897
3.0201,66.6726,85.8809,0.0,-0.290427,-0.956897
3.0201,66.6726,85.8809,0.0,-0.290427,-0.956897
5.0201,69.6034,84.9914,0.0,-0.290427,-0.956897
5.0201,66.6726,85.8809,0.0,-0.290427,-0.956897
3.0201,66.6726,85.8809,0.0,-0.175883,-0.984411
5.0201,66.6726,85.8809,0.0,-0.175883,-0.984411
3.0201,63.6575,86.4196,0.0,-0.175883,-0.984411
3.0201,63.6575,86.4196,0.0,-0.175883,-0.984411
5.0201,66.6726,85.8809,0.0,-0.175883,-0.984411
5.0201,63.6575,86.4196,0.0,-0.175883,-0.984411
3.0201,63.6575,86.4196,0.0,-0.0589015,-0.998264
5.0201,63.6575,86.4196,0.0,-0.0589015,-0.998264
3.0201,60.6,86.6,0.0,-0.0589015,-0.998264
3.0201,60.6,86.6,0.0,-0.0589015,-0.998264
5.0201,63.6575,86.4196,0.0,-0.0589015,-0.998264
5.0201,60.6,86.6,0.0,-0.0589015,-0.998264
3.0201,60.6,86.6,0.0,0.0589015,-0.998264
5.0201,60.6,86.6,0.0,0.0589015,-0.998264
3.0201,57.5425,86.4196,0.0,0.0589015,-0.998264
3.0201,57.5425,86.4196,0.0,0.0589015,-0.998264
5.0201,60.6,86.6,0.0,0.0589015,-0.998264
5.0201,57.5425,86.4196,0.0,0.0589015,-0.998264
3.0201,57.5425,86.4196,0.0,0.175882,-0.984411
5.0201,57.5425,86.4196,0.0,0.175882,-0.984411
3.0201,54.5274,85.8809,0.0,0.175882,-0.984411
3.0201,54.5274,85.8809,0.0,0.175882,-0.984411
5.0201,57.5425,86.4196,0.0,0.175882,-0.984411
5.0201,54.5274,85.8809,0.0,0.175882,-0.984411
3.0201,54.5274,85.8809,0.0,0.290427,-0.956897
5.0201,54.5274,85.8809,0.0,0.290427,-0.956897
3.0201,51.5966,84.9914,0.0,0.290427,-0.956897
3.0201,51.5966,84.9914,0.0,0.290427,-0.956897
5.0201,54.5274,85.8809,0.0,0.290427,-0.956897
5.0201,51.5966,84.9914,0.0,0.290427,-0.956897
3.0201,51.5966,84.9914,0.0,0.400939,-0.916105
5.0201,51.5966,84.9914,0.0,0.400939,-0.916105
3.0201,48.7908,83.7634,0.0,0.400939,-0.916105
3.0201,48.7908,83.7634,0.0,0.400939,-0.916105
5.0201,51.5966,84.9914,0.0,0.400939,-0.916105
5.0201,48.7908,83.7634,0.0,0.400939,-0.916105
3.0201,48.7908,83.7634,0.0,0.505888,-0.862599
5.0201,48.7908,83.7634,0.0,0.505888,-0.862599
3.0201,46.1488,82.2139,0.0,0.505888,-0.862599
3.0201,46.1488,82.2139,0.0,0.505888,-0.862599
5.0201,48.7908,83.7634,0.0,0.505888,-0.862599
5.0201,46.1488,82.2139,0.0,0.505888,-0.862599
3.0201,46.1488,82.2139,0.0,0.603814,-0.797125
5.0201,46.1488,82.2139,0.0,0.603814,-0.797125
3.0201,43.7073,80.3645,0.0,0.603814,-0.797125
3.0201,43.7073,80.3645,0.0,0.603814,-0.797125
5.0201,46.1488,82.2139,0.0,0.603814,-0.797125
5.0201,43.7073,80.3645,0.0,0.603814,-0.797125
3.0201,43.7073,80.3645,0.0,0.693366,-0.720585
5.0201,43.7073,80.3645,0.0,0.693366,-0.720585
3.0201,41.5003,78.2409,0.0,0.693366,-0.720585
3.0201,41.5003,78.2409,0.0,0.693366,-0.720585
5.0201,43.7073,80.3645,0.0,0.693366,-0.720585
5.0201,41.5003,78.2409,0.0,0.693366,-0.720585
3.0201,41.5003,78.2409,0.0,0.773291,-0.634051
5.0201,41.5003,78.2409,0.0,0.773291,-0.634051
3.0201,39.5583,75.8724,0.0,0.773291,-0.634051
3.0201,39.5583,75.8724,0.0,0.773291,-0.634051
5.0201,41.5003,78.2409,0.0,0.773291,-0.634051
5.0201,39.5583,75.8724,0.0,0.773291,-0.634051
3.0201,39.5583,75.8724,0.0,0.842489,-0.538713
5.0201,39.5583,75.8724,0.0,0.842489,-0.538713
3.0201,37.9083,73.292,0.0,0.842489,-0.538713
3.0201,37.9083,73.292,0.0,0.842489,-0.538713
5.0201,39.5583,75.8724,0.0,0.842489,-0.538713
5.0201,37.9083,73.292,0.0,0.842489,-0.538713
3.0201,37.9083,73.292,0.0,0.899994,-0.435903
5.0201,37.9083,73.292,0.0,0.899994,-0.435903
3.0201,36.5732,70.5355,0.0,0.899994,-0.435903
3.0201,36.5732,70.5355,0.0,0.899994,-0.435903
5.0201,37.9083,73.292,0.0,0.899994,-0.435903
5.0201,36.5732,70.5355,0.0,0.899994,-0.435903
3.0201,36.5732,70.5355,0.0,0.94501,-0.327042
5.0201,36.5732,70.5355,0.0,0.94501,-0.327042
3.0201,35.5716,67.6411,0.0,0.94501,-0.327042
3.0201,35.5716,67.6411,0.0,0.94501,-0.327042
5.0201,36.5732,70.5355,0.0,0.94501,-0.327042
5.0201,35.5716,67.6411,0.0,0.94501,-0.327042
3.0201,35.5716,67.6411,0.0,0.976912,-0.213644
5.0201,35.5716,67.6411,0.0,0.976912,-0.213644
3.0201,34.9172,64.649,0.0,0.976912,-0.213644
3.0201,34.9172,64.649,0.0,0.976912,-0.213644
5.0201,35.5716,67.6411,0.0,0.976912,-0.213644
5.0201,34.9172,64.649,0.0,0.976912,-0.213644
3.0201,34.9172,64.649,0.0,0.995257,-0.09728
5.0201,34.9172,64.649,0.0,0.995257,-0.09728
3.0201,34.6193,61.6007,0.0,0.995257,-0.09728
3.0201,34.6193,61.6007,0.0,0.995257,-0.09728
5.0201,34.9172,64.649,0.0,0.995257,-0.09728
5.0201,34.6193,61.6007,0.0,0.995257,-0.09728
3.0201,34.6193,61.6007,0.0,0.999791,0.0204347
5.0201,34.6193,61.6007,0.0,0.999791,0.0204347
3.0201,34.6819,58.5386,0.0,0.999791,0.0204347
3.0201,34.6819,58.5386,0.0,0.999791,0.0204347
5.0201,34.6193,61.6007,0.0,0.999791,0.0204347
5.0201,34.6819,58.5386,0.0,0.999791,0.0204347
3.0201,34.6819,58.5386,0.0,0.990451,0.137863
5.0201,34.6819,58.5386,0.0,0.990451,0.137863
3.0201,35.1041,55.505,0.0,0.990451,0.137863
3.0201,35.1041,55.505,0.0,0.990451,0.137863
5.0201,34.6819,58.5386,0.0,0.990451,0.137863
5.0201,35.1041,55.505,0.0,0.990451,0.137863
3.0201,35.1041,55.505,0.0,0.967367,0.25338
5.0201,35.1041,55.505,0.0,0.967367,0.25338
3.0201,35.8802,52.5421,0.0,0.967367,0.25338
3.0201,35.8802,52.5421,0.0,0.967367,0.25338
5.0201,35.1041,55.505,0.0,0.967367,0.25338
5.0201,35.8802,52.5421,0.0,0.967367,0.25338
3.0201,35.8802,52.5421,0.0,0.930858,0.365381
5.0201,35.8802,52.5421,0.0,0.930858,0.365381
3.0201,36.9993,49.6911,0.0,0.930858,0.365381
3.0201,36.9993,49.6911,0.0,0.930858,0.365381
5.0201,35.8802,52.5421,0.0,0.930858,0.365381
5.0201,36.9993,49.6911,0.0,0.930858,0.365381
3.0201,36.9993,49.6911,0.0,0.881432,0.472311
5.0201,36.9993,49.6911,0.0,0.881432,0.472311
3.0201,38.4459,46.9914,0.0,0.881432,0.472311
3.0201,38.4459,46.9914,0.0,0.881432,0.472311
5.0201,36.9993,49.6911,0.0,0.881432,0.472311
5.0201,38.4459,46.9914,0.0,0.881432,0.472311
3.0201,38.4459,46.9914,0.0,0.819775,0.572686
5.0201,38.4459,46.9914,0.0,0.819775,0.572686
3.0201,40.1999,44.4806,0.0,0.819775,0.572686
3.0201,40.1999,44.4806,0.0,0.819775,0.572686
5.0201,38.4459,46.9914,0.0,0.819775,0.572686
5.0201,40.1999,44.4806,0.0,0.819775,0.572686
3.0201,40.1999,44.4806,0.0,0.74674,0.665117
5.0201,40.1999,44.4806,0.0,0.74674,0.665117
3.0201,42.237,42.1934,0.0,0.74674,0.665117
3.0201,42.237,42.1934,0.0,0.74674,0.665117
5.0201,40.1999,44.4806,0.0,0.74674,0.665117
5.0201,42.237,42.1934,0.0,0.74674,0.665117
3.0201,42.237,42.1934,0.0,0.663344,0.748315
5.0201,42.237,42.1934,0.0,0.663344,0.748315
3.0201,44.529,40.1617,0.0,0.663344,0.748315
3.0201,44.529,40.1617,0.0,0.663344,0.748315
5.0201,42.237,42.1934,0.0,0.663344,0.748315
5.0201,44.529,40.1617,0.0,0.663344,0.748315
3.0201,44.529,40.1617,0.0,0.570743,0.821129
5.0201,44.529,40.1617,0.0,0.570743,0.821129
3.0201,47.0439,38.4137,0.0,0.570743,0.821129
3.0201,47.0439,38.4137,0.0,0.570743,0.821129
5.0201,44.529,40.1617,0.0,0.570743,0.821129
5.0201,47.0439,38.4137,0.0,0.570743,0.821129
3.0201,47.0439,38.4137,0.0,0.47022,0.882549
5.0201,47.0439,38.4137,0.0,0.47022,0.882549
3.0201,49.747,36.9735,0.0,0.47022,0.882549
3.0201,49.747,36.9735,0.0,0.47022,0.882549
5.0201,47.0439,38.4137,0.0,0.47022,0.882549
5.0201,49.747,36.9735,0.0,0.47022,0.882549
3.0201,49.747,36.9735,0.0,0.363174,0.931721
5.0201,49.747,36.9735,0.0,0.363174,0.931721
3.0201,52.6007,35.8611,0.0,0.363174,0.931721
3.0201,52.6007,35.8611,0.0,0.363174,0.931721
5.0201,49.747,36.9735,0.0,0.363174,0.931721
5.0201,52.6007,35.8611,0.0,0.363174,0.931721
3.0201,52.6007,35.8611,0.0,0.251086,0.967965
5.0201,52.6007,35.8611,0.0,0.251086,0.967965
3.0201,55.5654,35.0921,0.0,0.251086,0.967965
3.0201,55.5654,35.0921,0.0,0.251086,0.967965
5.0201,52.6007,35.8611,0.0,0.251086,0.967965
5.0201,55.5654,35.0921,0.0,0.251086,0.967965
3.0201,55.5654,35.0921,0.0,0.135515,0.990775
5.0201,55.5654,35.0921,0.0,0.135515,0.990775
3.0201,58.6,34.677,0.0,0.135515,0.990775
3.0201,58.6,34.677,0.0,0.135515,0.990775
5.0201,55.5654,35.0921,0.0,0.135515,0.990775
5.0201,58.6,34.677,0.0,0.135515,0.990775
5.0201,58.6,34.677,0.0,1.0,0.0
5.0201,58.6,24.15,0.0,1.0,0.0
3.0201,58.6,34.677,0.0,1.0,0.0
3.0201,58.6,34.677,0.0,1.0,0.0
5.0201,58.6,24.15,0.0,1.0,0.0
3.0201,58.6,24.15,0.0,1.0,0.0
5.0201,58.6,24.15,0.0,0.0,-1.0
5.0201,54.6,24.15,0.0,0.0,-1.0
3.0201,58.6,24.15,0.0,0.0,-1.0
3.0201,58.6,24.15,0.0,0.0,-1.0
5.0201,54.6,24.15,0.0,0.0,-1.0
3.0201,54.6,24.15,0.0,0.0,-1.0
5.0201,54.6,24.15,0.0,-1.0,0.0
5.0201,54.6,28.15,0.0,-1.0,0.0
3.0201,54.6,24.15,0.0,-1.0,0.0
3.0201,54.6,24.15,0.0,-1.0,0.0
5.0201,54.6,28.15,0.0,-1.0,0.0
3.0201,54.6,28.15,0.0,-1.0,0.0
5.0201,66.6,28.15,0.0,0.233494,-0.972358
3.0201,66.6,28.15,0.0,0.233494,-0.972358
5.0201,69.9891,28.9639,0.0,0.233494,-0.972358
5.0201,69.9891,28.9639,0.0,0.233494,-0.972358
3.0201,66.6,28.15,0.0,0.233494,-0.972358
3.0201,69.9891,28.9639,0.0,0.233494,-0.972358
5.0201,69.9891,28.9639,0.0,0.334751,-0.942307
3.0201,69.9891,28.9639,0.0,0.334751,-0.942307
5.0201,73.2735,30.1306,0.0,0.334751,-0.942307
5.0201,73.2735,30.1306,0.0,0.334751,-0.942307
3.0201,69.9891,28.9639,0.0,0.334751,-0.942307
3.0201,73.2735,30.1306,0.0,0.334751,-0.942307
5.0201,73.2735,30.1306,0.0,0.43227,-0.901744
3.0201,73.2735,30.1306,0.0,0.43227,-0.901744
5.0201,76.4165,31.6373,0.0,0.43227,-0.901744
5.0201,76.4165,31.6373,0.0,0.43227,-0.901744
3.0201,73.2735,30.1306,0.0,0.43227,-0.901744
3.0201,76.4165,31.6373,0.0,0.43227,-0.901744
5.0201,76.4165,31.6373,0.0,0.52497,-0.851121
3.0201,76.4165,31.6373,0.0,0.52497,-0.851121
5.0201,79.3831,33.4671,0.0,0.52497,-0.851121
5.0201,79.3831,33.4671,0.0,0.52497,-0.851121
3.0201,76.4165,31.6373,0.0,0.52497,-0.851121
3.0201,79.3831,33.4671,0.0,0.52497,-0.851121
5.0201,79.3831,33.4671,0.0,0.611813,-0.791002
3.0201,79.3831,33.4671,0.0,0.611813,-0.791002
5.0201,82.1401,35.5996,0.0,0.611813,-0.791002
5.0201,82.1401,35.5996,0.0,0.611813,-0.791002
3.0201,79.3831,33.4671,0.0,0.611813,-0.791002
3.0201,82.1401,35.5996,0.0,0.611813,-0.791002
5.0201,82.1401,35.5996,0.0,0.69183,-0.722061
3.0201,82.1401,35.5996,0.0,0.69183,-0.722061
5.0201,84.6569,38.0109,0.0,0.69183,-0.722061
5.0201,84.6569,38.0109,0.0,0.69183,-0.722061
3.0201,82.1401,35.5996,0.0,0.69183,-0.722061
3.0201,84.6569,38.0109,0.0,0.69183,-0.722061
5.0201,84.6569,38.0109,0.0,0.764128,-0.645065
3.0201,84.6569,38.0109,0.0,0.764128,-0.645065
5.0201,86.9052,40.6743,0.0,0.764128,-0.645065
5.0201,86.9052,40.6743,0.0,0.764128,-0.645065
3.0201,84.6569,38.0109,0.0,0.764128,-0.645065
3.0201,86.9052,40.6743,0.0,0.764128,-0.645065
5.0201,86.9052,40.6743,0.0,0.827905,-0.560868
3.0201,86.9052,40.6743,0.0,0.827905,-0.560868
5.0201,88.8601,43.5599,0.0,0.827905,-0.560868
5.0201,88.8601,43.5599,0.0,0.827905,-0.560868
3.0201,86.9052,40.6743,0.0,0.827905,-0.560868
3.0201,88.8601,43.5599,0.0,0.827905,-0.560868
5.0201,88.8601,43.5599,0.0,0.882442,-0.470422
3.0201,88.8601,43.5599,0.0,0.882442,-0.470422
5.0201,90.4998,46.6357,0.0,0.882442,-0.470422
5.0201,90.4998,46.6357,0.0,0.882442,-0.470422
3.0201,88.8601,43.5599,0.0,0.882442,-0.470422
3.0201,90.4998,46.6357,0.0,0.882442,-0.470422
5.0201,90.4998,46.6357,0.0,0.927137,-0.374723
3.0201,90.4998,46.6357,0.0,0.927137,-0.374723
5.0201,91.8059,49.8672,0.0,0.927137,-0.374723
5.0201,91.8059,49.8672,0.0,0.927137,-0.374723
3.0201,90.4998,46.6357,0.0,0.927137,-0.374723
3.0201,91.8059,49.8672,0.0,0.927137,-0.374723
5.0201,91.8059,49.8672,0.0,0.961489,-0.274843
3.0201,91.8059,49.8672,0.0,0.961489,-0.274843
5.0201,92.7638,53.2184,0.0,0.961489,-0.274843
5.0201,92.7638,53.2184,0.0,0.961489,-0.274843
3.0201,91.8059,49.8672,0.0,0.961489,-0.274843
3.0201,92.7638,53.2184,0.0,0.961489,-0.274843
5.0201,92.7638,53.2184,0.0,0.985115,-0.171897
3.0201,92.7638,53.2184,0.0,0.985115,-0.171897
5.0201,93.363,56.652,0.0,0.985115,-0.171897
5.0201,93.363,56.652,0.0,0.985115,-0.171897
3.0201,92.7638,53.2184,0.0,0.985115,-0.171897
3.0201,93.363,56.652,0.0,0.985115,-0.171897
5.0201,93.363,56.652,0.0,0.99775,-0.0670374
3.0201,93.363,56.652,0.0,0.99775,-0.0670374
5.0201,93.5966,60.1297,0.0,0.99775,-0.0670374
5.0201,93.5966,60.1297,0.0,0.99775,-0.0670374
3.0201,93.363,56.652,0.0,0.99775,-0.0670374
3.0201,93.5966,60.1297,0.0,0.99775,-0.0670374
5.0201,93.5966,60.1297,0.0,0.999256,0.0385729
3.0201,93.5966,60.1297,0.0,0.999256,0.0385729
5.0201,93.4622,63.6126,0.0,0.999256,0.0385729
5.0201,93.4622,63.6126,0.0,0.999256,0.0385729
3.0201,93.5966,60.1297,0.0,0.999256,0.0385729
3.0201,93.4622,63.6126,0.0,0.999256,0.0385729
5.0201,93.4622,63.6126,0.0,0.989614,0.143752
3.0201,93.4622,63.6126,0.0,0.989614,0.143752
5.0201,92.9612,67.0619,0.0,0.989614,0.143752
5.0201,92.9612,67.0619,0.0,0.989614,0.143752
3.0201,93.4622,63.6126,0.0,0.989614,0.143752
3.0201,92.9612,67.0619,0.0,0.989614,0.143752
5.0201,92.9612,67.0619,0.0,0.968932,0.247329
3.0201,92.9612,67.0619,0.0,0.968932,0.247329
5.0201,92.0991,70.4391,0.0,0.968932,0.247329
5.0201,92.0991,70.4391,0.0,0.968932,0.247329
3.0201,92.9612,67.0619,0.0,0.968932,0.247329
3.0201,92.0991,70.4391,0.0,0.968932,0.247329
5.0201,92.0991,70.4391,0.0,0.937441,0.348145
3.0201,92.0991,70.4391,0.0,0.937441,0.348145
5.0201,90.8856,73.7065,0.0,0.937441,0.348145
5.0201,90.8856,73.7065,0.0,0.937441,0.348145
3.0201,92.0991,70.4391,0.0,0.937441,0.348145
3.0201,90.8856,73.7065,0.0,0.937441,0.348145
5.0201,90.8856,73.7065,0.0,0.895492,0.445079
3.0201,90.8856,73.7065,0.0,0.895492,0.445079
5.0201,89.3343,76.8277,0.0,0.895492,0.445079
5.0201,89.3343,76.8277,0.0,0.895492,0.445079
3.0201,90.8856,73.7065,0.0,0.895492,0.445079
3.0201,89.3343,76.8277,0.0,0.895492,0.445079
5.0201,89.3343,76.8277,0.0,0.843553,0.537045
3.0201,89.3343,76.8277,0.0,0.843553,0.537045
5.0201,87.4625,79.7679,0.0,0.843553,0.537045
5.0201,87.4625,79.7679,0.0,0.843553,0.537045
3.0201,89.3343,76.8277,0.0,0.843553,0.537045
3.0201,87.4625,79.7679,0.0,0.843553,0.537045
5.0201,87.4625,79.7679,0.0,0.782202,0.623025
3.0201,87.4625,79.7679,0.0,0.782202,0.623025
5.0201,85.2909,82.4943,0.0,0.782202,0.623025
5.0201,85.2909,82.4943,0.0,0.782202,0.623025
3.0201,87.4625,79.7679,0.0,0.782202,0.623025
3.0201,85.2909,82.4943,0.0,0.782202,0.623025
5.0201,85.2909,82.4943,0.0,0.712129,0.702049
3.0201,85.2909,82.4943,0.0,0.712129,0.702049
5.0201,82.8439,84.9764,0.0,0.712129,0.702049
5.0201,82.8439,84.9764,0.0,0.712129,0.702049
3.0201,85.2909,82.4943,0.0,0.712129,0.702049
3.0201,82.8439,84.9764,0.0,0.712129,0.702049
5.0201,82.8439,84.9764,0.0,0.634107,0.773245
3.0201,82.8439,84.9764,0.0,0.634107,0.773245
5.0201,80.1488,87.1865,0.0,0.634107,0.773245
5.0201,80.1488,87.1865,0.0,0.634107,0.773245
3.0201,82.8439,84.9764,0.0,0.634107,0.773245
3.0201,80.1488,87.1865,0.0,0.634107,0.773245
5.0201,80.1488,87.1865,0.0,0.549013,0.835814
3.0201,80.1488,87.1865,0.0,0.549013,0.835814
5.0201,77.2356,89.1001,0.0,0.549013,0.835814
5.0201,77.2356,89.1001,0.0,0.549013,0.835814
3.0201,80.1488,87.1865,0.0,0.549013,0.835814
3.0201,77.2356,89.1001,0.0,0.549013,0.835814
5.0201,77.2356,89.1001,0.0,0.457798,0.889056
3.0201,77.2356,89.1001,0.0,0.457798,0.889056
5.0201,74.1368,90.6958,0.0,0.457798,0.889056
5.0201,74.1368,90.6958,0.0,0.457798,0.889056
3.0201,77.2356,89.1001,0.0,0.457798,0.889056
3.0201,74.1368,90.6958,0.0,0.457798,0.889056
5.0201,74.1368,90.6958,0.0,0.361469,0.932384
3.0201,74.1368,90.6958,0.0,0.361469,0.932384
5.0201,70.887,91.9557,0.0,0.361469,0.932384
5.0201,70.887,91.9557,0.0,0.361469,0.932384
3.0201,74.1368,90.6958,0.0,0.361469,0.932384
3.0201,70.887,91.9557,0.0,0.361469,0.932384
5.0201,70.887,91.9557,0.0,0.261115,0.965308
3.0201,70.887,91.9557,0.0,0.261115,0.965308
5.0201,67.5224,92.8658,0.0,0.261115,0.965308
5.0201,67.5224,92.8658,0.0,0.261115,0.965308
3.0201,70.887,91.9557,0.0,0.261115,0.965308
3.0201,67.5224,92.8658,0.0,0.261115,0.965308
5.0201,67.5224,92.8658,0.0,0.157842,0.987464
3.0201,67.5224,92.8658,0.0,0.157842,0.987464
5.0201,64.0806,93.4159,0.0,0.157842,0.987464
5.0201,64.0806,93.4159,0.0,0.157842,0.987464
3.0201,67.5224,92.8658,0.0,0.157842,0.987464
3.0201,64.0806,93.4159,0.0,0.157842,0.987464
5.0201,64.0806,93.4159,0.0,0.0528095,0.998605
3.0201,64.0806,93.4159,0.0,0.0528095,0.998605
5.0201,60.6,93.6,0.0,0.0528095,0.998605
5.0201,60.6,93.6,0.0,0.0528095,0.998605
3.0201,64.0806,93.4159,0.0,0.0528095,0.998605
3.0201,60.6,93.6,0.0,0.0528095,0.998605
5.0201,60.6,93.6,0.0,-0.0528095,0.998605
3.0201,60.6,93.6,0.0,-0.0528095,0.998605
5.0201,57.1194,93.4159,0.0,-0.0528095,0.998605
5.0201,57.1194,93.4159,0.0,-0.0528095,0.998605
3.0201,60.6,93.6,0.0,-0.0528095,0.998605
3.0201,57.1194,93.4159,0.0,-0.0528095,0.998605
5.0201,57.1194,93.4159,0.0,-0.157842,0.987464
3.0201,57.1194,93.4159,0.0,-0.157842,0.987464
5.0201,53.6776,92.8658,0.0,-0.157842,0.987464
5.0201,53.6776,92.8658,0.0,-0.157842,0.987464
3.0201,57.1194,93.4159,0.0,-0.157842,0.987464
3.0201,53.6776,92.8658,0.0,-0.157842,0.987464
5.0201,53.6776,92.8658,0.0,-0.261114,0.965308
3.0201,53.6776,92.8658,0.0,-0.261114,0.965308
5.0201,50.313,91.9557,0.0,-0.261114,0.965308
5.0201,50.313,91.9557,0.0,-0.261114,0.965308
3.0201,53.6776,92.8658,0.0,-0.261114,0.965308
3.0201,50.313,91.9557,0.0,-0.261114,0.965308
5.0201,50.313,91.9557,0.0,-0.361469,0.932384
3.0201,50.313,91.9557,0.0,-0.361469,0.932384
5.0201,47.0632,90.6958,0.0,-0.361469,0.932384
5.0201,47.0632,90.6958,0.0,-0.361469,0.932384
3.0201,50.313,91.9557,0.0,-0.361469,0.932384
3.0201,47.0632,90.6958,0.0,-0.361469,0.932384
5.0201,47.0632,90.6958,0.0,-0.457798,0.889056
3.0201,47.0632,90.6958,0.0,-0.457798,0.889056
5.0201,43.9644,89.1001,0.0,-0.457798,0.889056
5.0201,43.9644,89.1001,0.0,-0.457798,0.889056
3.0201,47.0632,90.6958,0.0,-0.457798,0.889056
3.0201,43.9644,89.1001,0.0,-0.457798,0.889056
5.0201,43.9644,89.1001,0.0,-0.549013,0.835814
3.0201,43.9644,89.1001,0.0,-0.549013,0.835814
5.0201,41.0512,87.1865,0.0,-0.549013,0.835814
5.0201,41.0512,87.1865,0.0,-0.549013,0.835814
3.0201,43.9644,89.1001,0.0,-0.549013,0.835814
3.0201,41.0512,87.1865,0.0,-0.549013,0.835814
5.0201,41.0512,87.1865,0.0,-0.634107,0.773245
3.0201,41.0512,87.1865,0.0,-0.634107,0.773245
5.0201,38.3561,84.9764,0.0,-0.634107,0.773245
5.0201,38.3561,84.9764,0.0,-0.634107,0.773245
3.0201,41.0512,87.1865,0.0,-0.634107,0.773245
3.0201,38.3561,84.9764,0.0,-0.634107,0.773245
5.0201,38.3561,84.9764,0.0,-0.712128,0.702049
3.0201,38.3561,84.9764,0.0,-0.712128,0.702049
5.0201,35.9091,82.4943,0.0,-0.712128,0.702049
5.0201,35.9091,82.4943,0.0,-0.712128,0.702049
3.0201,38.3561,84.9764,0.0,-0.712128,0.702049
3.0201,35.9091,82.4943,0.0,-0.712128,0.702049
5.0201,35.9091,82.4943,0.0,-0.782203,0.623024
3.0201,35.9091,82.4943,0.0,-0.782203,0.623024
5.0201,33.7375,79.7679,0.0,-0.782203,0.623024
5.0201,33.7375,79.7679,0.0,-0.782203,0.623024
3.0201,35.9091,82.4943,0.0,-0.782203,0.623024
3.0201,33.7375,79.7679,0.0,-0.782203,0.623024
5.0201,33.7375,79.7679,0.0,-0.843553,0.537046
3.0201,33.7375,79.7679,0.0,-0.843553,0.537046
5.0201,31.8657,76.8277,0.0,-0.843553,0.537046
5.0201,31.8657,76.8277,0.0,-0.843553,0.537046
3.0201,33.7375,79.7679,0.0,-0.843553,0.537046
3.0201,31.8657,76.8277,0.0,-0.843553,0.537046
5.0201,31.8657,76.8277,0.0,-0.895491,0.445079
3.0201,31.8657,76.8277,0.0,-0.895491,0.445079
5.0201,30.3144,73.7065,0.0,-0.895491,0.445079
5.0201,30.3144,73.7065,0.0,-0.895491,0.445079
3.0201,31.8657,76.8277,0.0,-0.895491,0.445079
3.0201,30.3144,73.7065,0.0,-0.895491,0.445079
5.0201,30.3144,73.7065,0.0,-0.93744,0.348146
3.0201,30.3144,73.7065,0.0,-0.93744,0.348146
5.0201,29.1009,70.4391,0.0,-0.93744,0.348146
5.0201,29.1009,70.4391,0.0,-0.93744,0.348146
3.0201,30.3144,73.7065,0.0,-0.93744,0.348146
3.0201,29.1009,70.4391,0.0,-0.93744,0.348146
5.0201,29.1009,70.4391,0.0,-0.968932,0.247329
3.0201,29.1009,70.4391,0.0,-0.968932,0.247329
5.0201,28.2388,67.0619,0.0,-0.968932,0.247329
5.0201,28.2388,67.0619,0.0,-0.968932,0.247329
3.0201,29.1009,70.4391,0.0,-0.968932,0.247329
3.0201,28.2388,67.0619,0.0,-0.968932,0.247329
5.0201,28.2388,67.0619,0.0,-0.989614,0.143752
3.0201,28.2388,67.0619,0.0,-0.989614,0.143752
5.0201,27.7378,63.6126,0.0,-0.989614,0.143752
5.0201,27.7378,63.6126,0.0,-0.989614,0.143752
3.0201,28.2388,67.0619,0.0,-0.989614,0.143752
3.0201,27.7378,63.6126,0.0,-0.989614,0.143752
5.0201,27.7378,63.6126,0.0,-0.999256,0.0385734
3.0201,27.7378,63.6126,0.0,-0.999256,0.0385734
5.0201,27.6033,60.1297,0.0,-0.999256,0.0385734
5.0201,27.6033,60.1297,0.0,-0.999256,0.0385734
3.0201,27.7378,63.6126,0.0,-0.999256,0.0385734
3.0201,27.6033,60.1297,0.0,-0.999256,0.0385734
5.0201,27.6033,60.1297,0.0,-0.997751,-0.0670363
3.0201,27.6033,60.1297,0.0,-0.997751,-0.0670363
5.0201,27.837,56.652,0.0,-0.997751,-0.0670363
5.0201,27.837,56.652,0.0,-0.997751,-0.0670363
3.0201,27.6033,60.1297,0.0,-0.997751,-0.0670363
3.0201,27.837,56.652,0.0,-0.997751,-0.0670363
5.0201,27.837,56.652,0.0,-0.985114,-0.1719
3.0201,27.837,56.652,0.0,-0.985114,-0.1719
5.0201,28.4362,53.2184,0.0,-0.985114,-0.1719
5.0201,28.4362,53.2184,0.0,-0.985114,-0.1719
3.0201,27.837,56.652,0.0,-0.985114,-0.1719
3.0201,28.4362,53.2184,0.0,-0.985114,-0.1719
5.0201,28.4362,53.2184,0.0,-0.961489,-0.274844
3.0201,28.4362,53.2184,0.0,-0.961489,-0.274844
5.0201,29.3941,49.8672,0.0,-0.961489,-0.274844
5.0201,29.3941,49.8672,0.0,-0.961489,-0.274844
3.0201,28.4362,53.2184,0.0,-0.961489,-0.274844
3.0201,29.3941,49.8672,0.0,-0.961489,-0.274844
5.0201,29.3941,49.8672,0.0,-0.927137,-0.374722
3.0201,29.3941,49.8672,0.0,-0.927137,-0.374722
5.0201,30.7002,46.6357,0.0,-0.927137,-0.374722
5.0201,30.7002,46.6357,0.0,-0.927137,-0.374722
3.0201,29.3941,49.8672,0.0,-0.927137,-0.374722
3.0201,30.7002,46.6357,0.0,-0.927137,-0.374722
5.0201,30.7002,46.6357,0.0,-0.882442,-0.470421
3.0201,30.7002,46.6357,0.0,-0.882442,-0.470421
5.0201,32.3399,43.5599,0.0,-0.882442,-0.470421
5.0201,32.3399,43.5599,0.0,-0.882442,-0.470421
3.0201,30.7002,46.6357,0.0,-0.882442,-0.470421
3.0201,32.3399,43.5599,0.0,-0.882442,-0.470421
5.0201,32.3399,43.5599,0.0,-0.827904,-0.56087
3.0201,32.3399,43.5599,0.0,-0.827904,-0.56087
5.0201,34.2948,40.6743,0.0,-0.827904,-0.56087
5.0201,34.2948,40.6743,0.0,-0.827904,-0.56087
3.0201,32.3399,43.5599,0.0,-0.827904,-0.56087
3.0201,34.2948,40.6743,0.0,-0.827904,-0.56087
5.0201,34.2948,40.6743,0.0,-0.764129,-0.645064
3.0201,34.2948,40.6743,0.0,-0.764129,-0.645064
5.0201,36.5431,38.0109,0.0,-0.764129,-0.645064
5.0201,36.5431,38.0109,0.0,-0.764129,-0.645064
3.0201,34.2948,40.6743,0.0,-0.764129,-0.645064
3.0201,36.5431,38.0109,0.0,-0.764129,-0.645064
5.0201,36.5431,38.0109,0.0,-0.69183,-0.722061
3.0201,36.5431,38.0109,0.0,-0.69183,-0.722061
5.0201,39.0598,35.5996,0.0,-0.69183,-0.722061
5.0201,39.0598,35.5996,0.0,-0.69183,-0.722061
3.0201,36.5431,38.0109,0.0,-0.69183,-0.722061
3.0201,39.0598,35.5996,0.0,-0.69183,-0.722061
5.0201,39.0598,35.5996,0.0,-0.611813,-0.791003
3.0201,39.0598,35.5996,0.0,-0.611813,-0.791003
5.0201,41.8169,33.4671,0.0,-0.611813,-0.791003
5.0201,41.8169,33.4671,0.0,-0.611813,-0.791003
3.0201,39.0598,35.5996,0.0,-0.611813,-0.791003
3.0201,41.8169,33.4671,0.0,-0.611813,-0.791003
5.0201,41.8169,33.4671,0.0,-0.52497,-0.851121
3.0201,41.8169,33.4671,0.0,-0.52497,-0.851121
5.0201,44.7834,31.6373,0.0,-0.52497,-0.851121
5.0201,44.7834,31.6373,0.0,-0.52497,-0.851121
3.0201,41.8169,33.4671,0.0,-0.52497,-0.851121
3.0201,44.7834,31.6373,0.0,-0.52497,-0.851121
5.0201,44.7834,31.6373,0.0,-0.43227,-0.901744
3.0201,44.7834,31.6373,0.0,-0.43227,-0.901744
5.0201,47.9265,30.1306,0.0,-0.43227,-0.901744
5.0201,47.9265,30.1306,0.0,-0.43227,-0.901744
3.0201,44.7834,31.6373,0.0,-0.43227,-0.901744
3.0201,47.9265,30.1306,0.0,-0.43227,-0.901744
5.0201,47.9265,30.1306,0.0,-0.334751,-0.942307
3.0201,47.9265,30.1306,0.0,-0.334751,-0.942307
5.0201,51.2109,28.9639,0.0,-0.334751,-0.942307
5.0201,51.2109,28.9639,0.0,-0.334751,-0.942307
3.0201,47.9265,30.1306,0.0,-0.334751,-0.942307
3.0201,51.2109,28.9639,0.0,-0.334751,-0.942307
5.0201,51.2109,28.9639,0.0,-0.233494,-0.972358
3.0201,51.2109,28.9639,0.0,-0.233494,-0.972358
5.0201,54.6,28.15,0.0,-0.233494,-0.972358
5.0201,54.6,28.15,0.0,-0.233494,-0.972358
3.0201,51.2109,28.9639,0.0,-0.233494,-0.972358
3.0201,54.6,28.15,0.0,-0.233494,-0.972358
5.0201,66.6,28.15,0.0,1.0,0.0
5.0201,66.6,24.15,0.0,1.0,0.0
3.0201,66.6,28.15,0.0,1.0,0.0
3.0201,66.6,28.15,0.0,1.0,0.0
5.0201,66.6,24.15,0.0,1.0,0.0
3.0201,66.6,24.15,0.0,1.0,0.0
5.0201,74.156,38.4137,1.0,0.0,0.0
5.0201,71.453,36.9735,1.0,0.0,0.0
5.0201,66.6,28.15,1.0,0.0,0.0
5.0201,54.6,24.15,1.0,0.0,0.0
5.0201,56.6,25.15,1.0,0.0,0.0
5.0201,56.431,25.1644,1.0,0.0,0.0
5.0201,56.348,27.1178,1.0,0.0,0.0
5.0201,56.5152,27.1464,1.0,0.0,0.0
5.0201,58.6,34.677,1.0,0.0,0.0
5.0201,64.6,25.15,1.0,0.0,0.0
5.0201,64.431,25.1644,1.0,0.0,0.0
5.0201,62.6,24.15,1.0,0.0,0.0
5.0201,62.6,24.15,1.0,0.0,0.0
5.0201,64.431,25.1644,1.0,0.0,0.0
5.0201,64.2669,25.2072,1.0,0.0,0.0
5.0201,71.453,36.9735,1.0,0.0,0.0
5.0201,68.5993,35.8611,1.0,0.0,0.0
5.0201,66.6,28.15,1.0,0.0,0.0
5.0201,66.6,28.15,1.0,0.0,0.0
5.0201,68.5993,35.8611,1.0,0.0,0.0
5.0201,65.6346,35.0921,1.0,0.0,0.0
5.0201,66.6,28.15,1.0,0.0,0.0
5.0201,65.6346,35.0921,1.0,0.0,0.0
5.0201,62.6,34.677,1.0,0.0,0.0
5.0201,56.431,25.1644,1.0,0.0,0.0
5.0201,56.2669,25.2072,1.0,0.0,0.0
5.0201,54.6,24.15,1.0,0.0,0.0
5.0201,54.6,24.15,1.0,0.0,0.0
5.0201,56.2669,25.2072,1.0,0.0,0.0
5.0201,56.1123,25.277,1.0,0.0,0.0
5.0201,54.6,24.15,1.0,0.0,0.0
5.0201,56.1123,25.277,1.0,0.0,0.0
5.0201,55.9718,25.372,1.0,0.0,0.0
5.0201,54.6,28.15,1.0,0.0,0.0
5.0201,56.04,26.9785,1.0,0.0,0.0
5.0201,56.1881,27.0613,1.0,0.0,0.0
5.0201,64.04,26.9785,1.0,0.0,0.0
5.0201,64.1881,27.0613,1.0,0.0,0.0
5.0201,62.6,34.677,1.0,0.0,0.0
5.0201,62.6,34.677,1.0,0.0,0.0
5.0201,64.1881,27.0613,1.0,0.0,0.0
5.0201,64.348,27.1178,1.0,0.0,0.0
5.0201,62.6,34.677,1.0,0.0,0.0
5.0201,64.348,27.1178,1.0,0.0,0.0
5.0201,64.5152,27.1464,1.0,0.0,0.0
5.0201,69.9891,28.9639,1.0,0.0,0.0
5.0201,78.963,42.1934,1.0,0.0,0.0
5.0201,66.6,28.15,1.0,0.0,0.0
5.0201,66.6,28.15,1.0,0.0,0.0
5.0201,78.963,42.1934,1.0,0.0,0.0
5.0201,76.671,40.1617,1.0,0.0,0.0
5.0201,66.6,28.15,1.0,0.0,0.0
5.0201,76.671,40.1617,1.0,0.0,0.0
5.0201,74.156,38.4137,1.0,0.0,0.0
5.0201,55.6438,26.4429,1.0,0.0,0.0
5.0201,55.7071,26.6002,1.0,0.0,0.0
5.0201,54.6,28.15,1.0,0.0,0.0
5.0201,64.2669,25.2072,1.0,0.0,0.0
5.0201,64.1123,25.277,1.0,0.0,0.0
5.0201,62.6,24.15,1.0,0.0,0.0
5.0201,62.6,24.15,1.0,0.0,0.0
5.0201,64.1123,25.277,1.0,0.0,0.0
5.0201,63.9718,25.372,1.0,0.0,0.0
5.0201,62.6,24.15,1.0,0.0,0.0
5.0201,63.9718,25.372,1.0,0.0,0.0
5.0201,63.8493,25.4894,1.0,0.0,0.0
5.0201,63.7071,26.6002,1.0,0.0,0.0
5.0201,63.796,26.7447,1.0,0.0,0.0
5.0201,62.6,34.677,1.0,0.0,0.0
5.0201,62.6,34.677,1.0,0.0,0.0
5.0201,63.796,26.7447,1.0,0.0,0.0
5.0201,63.9081,26.872,1.0,0.0,0.0
5.0201,62.6,34.677,1.0,0.0,0.0
5.0201,63.9081,26.872,1.0,0.0,0.0
5.0201,64.04,26.9785,1.0,0.0,0.0
5.0201,64.6,25.15,1.0,0.0,0.0
5.0201,62.6,24.15,1.0,0.0,0.0
5.0201,64.769,25.1644,1.0,0.0,0.0
5.0201,64.769,25.1644,1.0,0.0,0.0
5.0201,62.6,24.15,1.0,0.0,0.0
5.0201,66.6,24.15,1.0,0.0,0.0
5.0201,64.769,25.1644,1.0,0.0,0.0
5.0201,66.6,24.15,1.0,0.0,0.0
5.0201,64.9331,25.2072,1.0,0.0,0.0
5.0201,73.2735,30.1306,1.0,0.0,0.0
5.0201,76.4165,31.6373,1.0,0.0,0.0
5.0201,79.3831,33.4671,1.0,0.0,0.0
5.0201,55.9718,25.372,1.0,0.0,0.0
5.0201,55.8493,25.4894,1.0,0.0,0.0
5.0201,54.6,24.15,1.0,0.0,0.0
5.0201,54.6,24.15,1.0,0.0,0.0
5.0201,55.8493,25.4894,1.0,0.0,0.0
5.0201,55.7485,25.6257,1.0,0.0,0.0
5.0201,54.6,24.15,1.0,0.0,0.0
5.0201,55.7485,25.6257,1.0,0.0,0.0
5.0201,55.6721,25.7772,1.0,0.0,0.0
5.0201,44.529,40.1617,1.0,0.0,0.0
5.0201,41.8169,33.4671,1.0,0.0,0.0
5.0201,47.0439,38.4137,1.0,0.0,0.0
5.0201,47.0439,38.4137,1.0,0.0,0.0
5.0201,41.8169,33.4671,1.0,0.0,0.0
5.0201,44.7834,31.6373,1.0,0.0,0.0
5.0201,47.0439,38.4137,1.0,0.0,0.0
5.0201,44.7834,31.6373,1.0,0.0,0.0
5.0201,49.747,36.9735,1.0,0.0,0.0
5.0201,49.747,36.9735,1.0,0.0,0.0
5.0201,44.7834,31.6373,1.0,0.0,0.0
5.0201,47.9265,30.1306,1.0,0.0,0.0
5.0201,49.747,36.9735,1.0,0.0,0.0
5.0201,47.9265,30.1306,1.0,0.0,0.0
5.0201,52.6007,35.8611,1.0,0.0,0.0
5.0201,52.6007,35.8611,1.0,0.0,0.0
5.0201,47.9265,30.1306,1.0,0.0,0.0
5.0201,51.2109,28.9639,1.0,0.0,0.0
5.0201,52.6007,35.8611,1.0,0.0,0.0
5.0201,51.2109,28.9639,1.0,0.0,0.0
5.0201,55.5654,35.0921,1.0,0.0,0.0
5.0201,55.5654,35.0921,1.0,0.0,0.0
5.0201,51.2109,28.9639,1.0,0.0,0.0
5.0201,54.6,28.15,1.0,0.0,0.0
5.0201,55.5654,35.0921,1.0,0.0,0.0
5.0201,54.6,28.15,1.0,0.0,0.0
5.0201,58.6,34.677,1.0,0.0,0.0
5.0201,58.6,34.677,1.0,0.0,0.0
5.0201,54.6,28.15,1.0,0.0,0.0
5.0201,56.1881,27.0613,1.0,0.0,0.0
5.0201,58.6,34.677,1.0,0.0,0.0
5.0201,56.1881,27.0613,1.0,0.0,0.0
5.0201,56.348,27.1178,1.0,0.0,0.0
5.0201,56.6,25.15,1.0,0.0,0.0
5.0201,54.6,24.15,1.0,0.0,0.0
5.0201,56.769,25.1644,1.0,0.0,0.0
5.0201,56.769,25.1644,1.0,0.0,0.0
5.0201,54.6,24.15,1.0,0.0,0.0
5.0201,58.6,24.15,1.0,0.0,0.0
5.0201,56.769,25.1644,1.0,0.0,0.0
5.0201,58.6,24.15,1.0,0.0,0.0
5.0201,56.9331,25.2072,1.0,0.0,0.0
5.0201,63.8493,25.4894,1.0,0.0,0.0
5.0201,63.7485,25.6257,1.0,0.0,0.0
5.0201,62.6,24.15,1.0,0.0,0.0
5.0201,62.6,24.15,1.0,0.0,0.0
5.0201,63.7485,25.6257,1.0,0.0,0.0
5.0201,63.6721,25.7772,1.0,0.0,0.0
5.0201,62.6,24.15,1.0,0.0,0.0
5.0201,63.6721,25.7772,1.0,0.0,0.0
5.0201,63.6224,25.9394,1.0,0.0,0.0
5.0201,55.7071,26.6002,1.0,0.0,0.0
5.0201,55.796,26.7447,1.0,0.0,0.0
5.0201,54.6,28.15,1.0,0.0,0.0
5.0201,54.6,28.15,1.0,0.0,0.0
5.0201,55.796,26.7447,1.0,0.0,0.0
5.0201,55.9081,26.872,1.0,0.0,0.0
5.0201,54.6,28.15,1.0,0.0,0.0
5.0201,55.9081,26.872,1.0,0.0,0.0
5.0201,56.04,26.9785,1.0,0.0,0.0
5.0201,56.5152,27.1464,1.0,0.0,0.0
5.0201,56.6848,27.1464,1.0,0.0,0.0
5.0201,58.6,34.677,1.0,0.0,0.0
5.0201,58.6,34.677,1.0,0.0,0.0
5.0201,56.6848,27.1464,1.0,0.0,0.0
5.0201,56.852,27.1178,1.0,0.0,0.0
5.0201,58.6,34.677,1.0,0.0,0.0
5.0201,56.852,27.1178,1.0,0.0,0.0
5.0201,57.0119,27.0613,1.0,0.0,0.0
5.0201,63.6224,25.9394,1.0,0.0,0.0
5.0201,63.6009,26.1076,1.0,0.0,0.0
5.0201,62.6,24.15,1.0,0.0,0.0
5.0201,62.6,24.15,1.0,0.0,0.0
5.0201,63.6009,26.1076,1.0,0.0,0.0
5.0201,63.6081,26.2771,1.0,0.0,0.0
5.0201,62.6,24.15,1.0,0.0,0.0
5.0201,63.6081,26.2771,1.0,0.0,0.0
5.0201,62.6,34.677,1.0,0.0,0.0
5.0201,62.6,34.677,1.0,0.0,0.0
5.0201,63.6081,26.2771,1.0,0.0,0.0
5.0201,63.6438,26.4429,1.0,0.0,0.0
5.0201,62.6,34.677,1.0,0.0,0.0
5.0201,63.6438,26.4429,1.0,0.0,0.0
5.0201,63.7071,26.6002,1.0,0.0,0.0
5.0201,64.5152,27.1464,1.0,0.0,0.0
5.0201,64.6848,27.1464,1.0,0.0,0.0
5.0201,62.6,34.677,1.0,0.0,0.0
5.0201,62.6,34.677,1.0,0.0,0.0
5.0201,64.6848,27.1464,1.0,0.0,0.0
5.0201,64.852,27.1178,1.0,0.0,0.0
5.0201,62.6,34.677,1.0,0.0,0.0
5.0201,64.852,27.1178,1.0,0.0,0.0
5.0201,66.6,28.15,1.0,0.0,0.0
5.0201,66.6,28.15,1.0,0.0,0.0
5.0201,64.852,27.1178,1.0,0.0,0.0
5.0201,65.0119,27.0613,1.0,0.0,0.0
5.0201,66.6,28.15,1.0,0.0,0.0
5.0201,65.0119,27.0613,1.0,0.0,0.0
5.0201,65.16,26.9785,1.0,0.0,0.0
5.0201,65.16,26.9785,1.0,0.0,0.0
5.0201,65.2919,26.872,1.0,0.0,0.0
5.0201,66.6,28.15,1.0,0.0,0.0
5.0201,66.6,28.15,1.0,0.0,0.0
5.0201,65.2919,26.872,1.0,0.0,0.0
5.0201,65.404,26.7447,1.0,0.0,0.0
5.0201,66.6,28.15,1.0,0.0,0.0
5.0201,65.404,26.7447,1.0,0.0,0.0
5.0201,65.4929,26.6002,1.0,0.0,0.0
5.0201,55.6721,25.7772,1.0,0.0,0.0
5.0201,55.6224,25.9394,1.0,0.0,0.0
5.0201,54.6,24.15,1.0,0.0,0.0
5.0201,54.6,24.15,1.0,0.0,0.0
5.0201,55.6224,25.9394,1.0,0.0,0.0
5.0201,55.6009,26.1076,1.0,0.0,0.0
5.0201,54.6,24.15,1.0,0.0,0.0
5.0201,55.6009,26.1076,1.0,0.0,0.0
5.0201,54.6,28.15,1.0,0.0,0.0
5.0201,54.6,28.15,1.0,0.0,0.0
5.0201,55.6009,26.1076,1.0,0.0,0.0
5.0201,55.6081,26.2771,1.0,0.0,0.0
5.0201,54.6,28.15,1.0,0.0,0.0
5.0201,55.6081,26.2771,1.0,0.0,0.0
5.0201,55.6438,26.4429,1.0,0.0,0.0
5.0201,57.3507,25.4894,1.0,0.0,0.0
5.0201,57.2282,25.372,1.0,0.0,0.0
5.0201,58.6,24.15,1.0,0.0,0.0
5.0201,58.6,24.15,1.0,0.0,0.0
5.0201,57.2282,25.372,1.0,0.0,0.0
5.0201,57.0877,25.277,1.0,0.0,0.0
5.0201,58.6,24.15,1.0,0.0,0.0
5.0201,57.0877,25.277,1.0,0.0,0.0
5.0201,56.9331,25.2072,1.0,0.0,0.0
5.0201,57.0119,27.0613,1.0,0.0,0.0
5.0201,57.16,26.9785,1.0,0.0,0.0
5.0201,58.6,34.677,1.0,0.0,0.0
5.0201,58.6,34.677,1.0,0.0,0.0
5.0201,57.16,26.9785,1.0,0.0,0.0
5.0201,57.2919,26.872,1.0,0.0,0.0
5.0201,58.6,34.677,1.0,0.0,0.0
5.0201,57.2919,26.872,1.0,0.0,0.0
5.0201,57.404,26.7447,1.0,0.0,0.0
5.0201,65.4929,26.6002,1.0,0.0,0.0
5.0201,65.5562,26.4429,1.0,0.0,0.0
5.0201,66.6,28.15,1.0,0.0,0.0
5.0201,66.6,28.15,1.0,0.0,0.0
5.0201,65.5562,26.4429,1.0,0.0,0.0
5.0201,65.5919,26.2771,1.0,0.0,0.0
5.0201,66.6,28.15,1.0,0.0,0.0
5.0201,65.5919,26.2771,1.0,0.0,0.0
5.0201,66.6,24.15,1.0,0.0,0.0
5.0201,66.6,24.15,1.0,0.0,0.0
5.0201,65.5919,26.2771,1.0,0.0,0.0
5.0201,65.5991,26.1076,1.0,0.0,0.0
5.0201,66.6,24.15,1.0,0.0,0.0
5.0201,65.5991,26.1076,1.0,0.0,0.0
5.0201,65.5776,25.9394,1.0,0.0,0.0
5.0201,65.3507,25.4894,1.0,0.0,0.0
5.0201,65.2282,25.372,1.0,0.0,0.0
5.0201,66.6,24.15,1.0,0.0,0.0
5.0201,66.6,24.15,1.0,0.0,0.0
5.0201,65.2282,25.372,1.0,0.0,0.0
5.0201,65.0877,25.277,1.0,0.0,0.0
5.0201,66.6,24.15,1.0,0.0,0.0
5.0201,65.0877,25.277,1.0,0.0,0.0
5.0201,64.9331,25.2072,1.0,0.0,0.0
5.0201,34.9172,64.649,1.0,0.0,0.0
5.0201,27.7378,63.6126,1.0,0.0,0.0
5.0201,34.6193,61.6007,1.0,0.0,0.0
5.0201,34.6193,61.6007,1.0,0.0,0.0
5.0201,27.7378,63.6126,1.0,0.0,0.0
5.0201,27.6033,60.1297,1.0,0.0,0.0
5.0201,34.6193,61.6007,1.0,0.0,0.0
5.0201,27.6033,60.1297,1.0,0.0,0.0
5.0201,34.6819,58.5386,1.0,0.0,0.0
5.0201,34.6819,58.5386,1.0,0.0,0.0
5.0201,27.6033,60.1297,1.0,0.0,0.0
5.0201,27.837,56.652,1.0,0.0,0.0
5.0201,34.6819,58.5386,1.0,0.0,0.0
5.0201,27.837,56.652,1.0,0.0,0.0
5.0201,35.1041,55.505,1.0,0.0,0.0
5.0201,35.1041,55.505,1.0,0.0,0.0
5.0201,27.837,56.652,1.0,0.0,0.0
5.0201,28.4362,53.2184,1.0,0.0,0.0
5.0201,35.1041,55.505,1.0,0.0,0.0
5.0201,28.4362,53.2184,1.0,0.0,0.0
5.0201,35.8802,52.5421,1.0,0.0,0.0
5.0201,35.8802,52.5421,1.0,0.0,0.0
5.0201,28.4362,53.2184,1.0,0.0,0.0
5.0201,29.3941,49.8672,1.0,0.0,0.0
5.0201,35.8802,52.5421,1.0,0.0,0.0
5.0201,29.3941,49.8672,1.0,0.0,0.0
5.0201,36.9993,49.6911,1.0,0.0,0.0
5.0201,36.9993,49.6911,1.0,0.0,0.0
5.0201,29.3941,49.8672,1.0,0.0,0.0
5.0201,30.7002,46.6357,1.0,0.0,0.0
5.0201,36.9993,49.6911,1.0,0.0,0.0
5.0201,30.7002,46.6357,1.0,0.0,0.0
5.0201,38.4459,46.9914,1.0,0.0,0.0
5.0201,38.4459,46.9914,1.0,0.0,0.0
5.0201,30.7002,46.6357,1.0,0.0,0.0
5.0201,32.3399,43.5599,1.0,0.0,0.0
5.0201,38.4459,46.9914,1.0,0.0,0.0
5.0201,32.3399,43.5599,1.0,0.0,0.0
5.0201,40.1999,44.4806,1.0,0.0,0.0
5.0201,40.1999,44.4806,1.0,0.0,0.0
5.0201,32.3399,43.5599,1.0,0.0,0.0
5.0201,34.2948,40.6743,1.0,0.0,0.0
5.0201,40.1999,44.4806,1.0,0.0,0.0
5.0201,34.2948,40.6743,1.0,0.0,0.0
5.0201,42.237,42.1934,1.0,0.0,0.0
5.0201,42.237,42.1934,1.0,0.0,0.0
5.0201,34.2948,40.6743,1.0,0.0,0.0
5.0201,36.5431,38.0109,1.0,0.0,0.0
5.0201,42.237,42.1934,1.0,0.0,0.0
5.0201,36.5431,38.0109,1.0,0.0,0.0
5.0201,44.529,40.1617,1.0,0.0,0.0
5.0201,44.529,40.1617,1.0,0.0,0.0
5.0201,36.5431,38.0109,1.0,0.0,0.0
5.0201,39.0598,35.5996,1.0,0.0,0.0
5.0201,44.529,40.1617,1.0,0.0,0.0
5.0201,39.0598,35.5996,1.0,0.0,0.0
5.0201,41.8169,33.4671,1.0,0.0,0.0
5.0201,65.5776,25.9394,1.0,0.0,0.0
5.0201,65.5279,25.7772,1.0,0.0,0.0
5.0201,66.6,24.15,1.0,0.0,0.0
5.0201,66.6,24.15,1.0,0.0,0.0
5.0201,65.5279,25.7772,1.0,0.0,0.0
5.0201,65.4515,25.6257,1.0,0.0,0.0
5.0201,66.6,24.15,1.0,0.0,0.0
5.0201,65.4515,25.6257,1.0,0.0,0.0
5.0201,65.3507,25.4894,1.0,0.0,0.0
5.0201,75.0512,82.2139,1.0,0.0,0.0
5.0201,77.2356,89.1001,1.0,0.0,0.0
5.0201,72.4092,83.7634,1.0,0.0,0.0
5.0201,72.4092,83.7634,1.0,0.0,0.0
5.0201,77.2356,89.1001,1.0,0.0,0.0
5.0201,74.1368,90.6958,1.0,0.0,0.0
5.0201,72.4092,83.7634,1.0,0.0,0.0
5.0201,74.1368,90.6958,1.0,0.0,0.0
5.0201,69.6034,84.9914,1.0,0.0,0.0
5.0201,69.6034,84.9914,1.0,0.0,0.0
5.0201,74.1368,90.6958,1.0,0.0,0.0
5.0201,70.887,91.9557,1.0,0.0,0.0
5.0201,69.6034,84.9914,1.0,0.0,0.0
5.0201,70.887,91.9557,1.0,0.0,0.0
5.0201,66.6726,85.8809,1.0,0.0,0.0
5.0201,66.6726,85.8809,1.0,0.0,0.0
5.0201,70.887,91.9557,1.0,0.0,0.0
5.0201,67.5224,92.8658,1.0,0.0,0.0
5.0201,66.6726,85.8809,1.0,0.0,0.0
5.0201,67.5224,92.8658,1.0,0.0,0.0
5.0201,63.6575,86.4196,1.0,0.0,0.0
5.0201,63.6575,86.4196,1.0,0.0,0.0
5.0201,67.5224,92.8658,1.0,0.0,0.0
5.0201,64.0806,93.4159,1.0,0.0,0.0
5.0201,63.6575,86.4196,1.0,0.0,0.0
5.0201,64.0806,93.4159,1.0,0.0,0.0
5.0201,60.6,86.6,1.0,0.0,0.0
5.0201,60.6,86.6,1.0,0.0,0.0
5.0201,64.0806,93.4159,1.0,0.0,0.0
5.0201,60.6,93.6,1.0,0.0,0.0
5.0201,60.6,86.6,1.0,0.0,0.0
5.0201,60.6,93.6,1.0,0.0,0.0
5.0201,57.5425,86.4196,1.0,0.0,0.0
5.0201,57.5425,86.4196,1.0,0.0,0.0
5.0201,60.6,93.6,1.0,0.0,0.0
5.0201,57.1194,93.4159,1.0,0.0,0.0
5.0201,57.5425,86.4196,1.0,0.0,0.0
5.0201,57.1194,93.4159,1.0,0.0,0.0
5.0201,54.5274,85.8809,1.0,0.0,0.0
5.0201,54.5274,85.8809,1.0,0.0,0.0
5.0201,57.1194,93.4159,1.0,0.0,0.0
5.0201,53.6776,92.8658,1.0,0.0,0.0
5.0201,54.5274,85.8809,1.0,0.0,0.0
5.0201,53.6776,92.8658,1.0,0.0,0.0
5.0201,51.5966,84.9914,1.0,0.0,0.0
5.0201,51.5966,84.9914,1.0,0.0,0.0
5.0201,53.6776,92.8658,1.0,0.0,0.0
5.0201,50.313,91.9557,1.0,0.0,0.0
5.0201,51.5966,84.9914,1.0,0.0,0.0
5.0201,50.313,91.9557,1.0,0.0,0.0
5.0201,48.7908,83.7634,1.0,0.0,0.0
5.0201,73.2735,30.1306,1.0,0.0,0.0
5.0201,79.3831,33.4671,1.0,0.0,0.0
5.0201,69.9891,28.9639,1.0,0.0,0.0
5.0201,69.9891,28.9639,1.0,0.0,0.0
5.0201,79.3831,33.4671,1.0,0.0,0.0
5.0201,82.1401,35.5996,1.0,0.0,0.0
5.0201,69.9891,28.9639,1.0,0.0,0.0
5.0201,82.1401,35.5996,1.0,0.0,0.0
5.0201,78.963,42.1934,1.0,0.0,0.0
5.0201,78.963,42.1934,1.0,0.0,0.0
5.0201,82.1401,35.5996,1.0,0.0,0.0
5.0201,84.6569,38.0109,1.0,0.0,0.0
5.0201,78.963,42.1934,1.0,0.0,0.0
5.0201,84.6569,38.0109,1.0,0.0,0.0
5.0201,81.0001,44.4806,1.0,0.0,0.0
5.0201,81.0001,44.4806,1.0,0.0,0.0
5.0201,84.6569,38.0109,1.0,0.0,0.0
5.0201,86.9052,40.6743,1.0,0.0,0.0
5.0201,81.0001,44.4806,1.0,0.0,0.0
5.0201,86.9052,40.6743,1.0,0.0,0.0
5.0201,82.7541,46.9914,1.0,0.0,0.0
5.0201,82.7541,46.9914,1.0,0.0,0.0
5.0201,86.9052,40.6743,1.0,0.0,0.0
5.0201,88.8601,43.5599,1.0,0.0,0.0
5.0201,82.7541,46.9914,1.0,0.0,0.0
5.0201,88.8601,43.5599,1.0,0.0,0.0
5.0201,84.2007,49.6911,1.0,0.0,0.0
5.0201,84.2007,49.6911,1.0,0.0,0.0
5.0201,88.8601,43.5599,1.0,0.0,0.0
5.0201,90.4998,46.6357,1.0,0.0,0.0
5.0201,84.2007,49.6911,1.0,0.0,0.0
5.0201,90.4998,46.6357,1.0,0.0,0.0
5.0201,85.3198,52.5421,1.0,0.0,0.0
5.0201,85.3198,52.5421,1.0,0.0,0.0
5.0201,90.4998,46.6357,1.0,0.0,0.0
5.0201,91.8059,49.8672,1.0,0.0,0.0
5.0201,85.3198,52.5421,1.0,0.0,0.0
5.0201,91.8059,49.8672,1.0,0.0,0.0
5.0201,86.0959,55.505,1.0,0.0,0.0
5.0201,86.0959,55.505,1.0,0.0,0.0
5.0201,91.8059,49.8672,1.0,0.0,0.0
5.0201,92.7638,53.2184,1.0,0.0,0.0
5.0201,86.0959,55.505,1.0,0.0,0.0
5.0201,92.7638,53.2184,1.0,0.0,0.0
5.0201,86.5181,58.5386,1.0,0.0,0.0
5.0201,86.5181,58.5386,1.0,0.0,0.0
5.0201,92.7638,53.2184,1.0,0.0,0.0
5.0201,93.363,56.652,1.0,0.0,0.0
5.0201,86.5181,58.5386,1.0,0.0,0.0
5.0201,93.363,56.652,1.0,0.0,0.0
5.0201,86.5807,61.6007,1.0,0.0,0.0
5.0201,57.404,26.7447,1.0,0.0,0.0
5.0201,57.4929,26.6002,1.0,0.0,0.0
5.0201,58.6,34.677,1.0,0.0,0.0
5.0201,58.6,34.677,1.0,0.0,0.0
5.0201,57.4929,26.6002,1.0,0.0,0.0
5.0201,57.5562,26.4429,1.0,0.0,0.0
5.0201,58.6,34.677,1.0,0.0,0.0
5.0201,57.5562,26.4429,1.0,0.0,0.0
5.0201,58.6,24.15,1.0,0.0,0.0
5.0201,57.5562,26.4429,1.0,0.0,0.0
5.0201,57.5919,26.2771,1.0,0.0,0.0
5.0201,58.6,24.15,1.0,0.0,0.0
5.0201,58.6,24.15,1.0,0.0,0.0
5.0201,57.5919,26.2771,1.0,0.0,0.0
5.0201,57.5991,26.1076,1.0,0.0,0.0
5.0201,58.6,24.15,1.0,0.0,0.0
5.0201,57.5991,26.1076,1.0,0.0,0.0
5.0201,57.5776,25.9394,1.0,0.0,0.0
5.0201,50.313,91.9557,1.0,0.0,0.0
5.0201,47.0632,90.6958,1.0,0.0,0.0
5.0201,48.7908,83.7634,1.0,0.0,0.0
5.0201,48.7908,83.7634,1.0,0.0,0.0
5.0201,47.0632,90.6958,1.0,0.0,0.0
5.0201,43.9644,89.1001,1.0,0.0,0.0
5.0201,48.7908,83.7634,1.0,0.0,0.0
5.0201,43.9644,89.1001,1.0,0.0,0.0
5.0201,46.1488,82.2139,1.0,0.0,0.0
5.0201,46.1488,82.2139,1.0,0.0,0.0
5.0201,43.9644,89.1001,1.0,0.0,0.0
5.0201,41.0512,87.1865,1.0,0.0,0.0
5.0201,46.1488,82.2139,1.0,0.0,0.0
5.0201,41.0512,87.1865,1.0,0.0,0.0
5.0201,43.7073,80.3645,1.0,0.0,0.0
5.0201,43.7073,80.3645,1.0,0.0,0.0
5.0201,41.0512,87.1865,1.0,0.0,0.0
5.0201,38.3561,84.9764,1.0,0.0,0.0
5.0201,43.7073,80.3645,1.0,0.0,0.0
5.0201,38.3561,84.9764,1.0,0.0,0.0
5.0201,41.5003,78.2409,1.0,0.0,0.0
5.0201,41.5003,78.2409,1.0,0.0,0.0
5.0201,38.3561,84.9764,1.0,0.0,0.0
5.0201,35.9091,82.4943,1.0,0.0,0.0
5.0201,41.5003,78.2409,1.0,0.0,0.0
5.0201,35.9091,82.4943,1.0,0.0,0.0
5.0201,39.5583,75.8724,1.0,0.0,0.0
5.0201,39.5583,75.8724,1.0,0.0,0.0
5.0201,35.9091,82.4943,1.0,0.0,0.0
5.0201,33.7375,79.7679,1.0,0.0,0.0
5.0201,39.5583,75.8724,1.0,0.0,0.0
5.0201,33.7375,79.7679,1.0,0.0,0.0
5.0201,37.9083,73.292,1.0,0.0,0.0
5.0201,37.9083,73.292,1.0,0.0,0.0
5.0201,33.7375,79.7679,1.0,0.0,0.0
5.0201,31.8657,76.8277,1.0,0.0,0.0
5.0201,37.9083,73.292,1.0,0.0,0.0
5.0201,31.8657,76.8277,1.0,0.0,0.0
5.0201,36.5732,70.5355,1.0,0.0,0.0
5.0201,36.5732,70.5355,1.0,0.0,0.0
5.0201,31.8657,76.8277,1.0,0.0,0.0
5.0201,30.3144,73.7065,1.0,0.0,0.0
5.0201,36.5732,70.5355,1.0,0.0,0.0
5.0201,30.3144,73.7065,1.0,0.0,0.0
5.0201,35.5716,67.6411,1.0,0.0,0.0
5.0201,35.5716,67.6411,1.0,0.0,0.0
5.0201,30.3144,73.7065,1.0,0.0,0.0
5.0201,29.1009,70.4391,1.0,0.0,0.0
5.0201,35.5716,67.6411,1.0,0.0,0.0
5.0201,29.1009,70.4391,1.0,0.0,0.0
5.0201,34.9172,64.649,1.0,0.0,0.0
5.0201,34.9172,64.649,1.0,0.0,0.0
5.0201,29.1009,70.4391,1.0,0.0,0.0
5.0201,28.2388,67.0619,1.0,0.0,0.0
5.0201,34.9172,64.649,1.0,0.0,0.0
5.0201,28.2388,67.0619,1.0,0.0,0.0
5.0201,27.7378,63.6126,1.0,0.0,0.0
5.0201,57.5776,25.9394,1.0,0.0,0.0
5.0201,57.5279,25.7772,1.0,0.0,0.0
5.0201,58.6,24.15,1.0,0.0,0.0
5.0201,58.6,24.15,1.0,0.0,0.0
5.0201,57.5279,25.7772,1.0,0.0,0.0
5.0201,57.4515,25.6257,1.0,0.0,0.0
5.0201,58.6,24.15,1.0,0.0,0.0
5.0201,57.4515,25.6257,1.0,0.0,0.0
5.0201,57.3507,25.4894,1.0,0.0,0.0
5.0201,93.363,56.652,1.0,0.0,0.0
5.0201,93.5966,60.1297,1.0,0.0,0.0
5.0201,86.5807,61.6007,1.0,0.0,0.0
5.0201,86.5807,61.6007,1.0,0.0,0.0
5.0201,93.5966,60.1297,1.0,0.0,0.0
5.0201,93.4622,63.6126,1.0,0.0,0.0
5.0201,86.5807,61.6007,1.0,0.0,0.0
5.0201,93.4622,63.6126,1.0,0.0,0.0
5.0201,86.2828,64.649,1.0,0.0,0.0
5.0201,86.2828,64.649,1.0,0.0,0.0
5.0201,93.4622,63.6126,1.0,0.0,0.0
5.0201,92.9612,67.0619,1.0,0.0,0.0
5.0201,86.2828,64.649,1.0,0.0,0.0
5.0201,92.9612,67.0619,1.0,0.0,0.0
5.0201,85.6284,67.6411,1.0,0.0,0.0
5.0201,85.6284,67.6411,1.0,0.0,0.0
5.0201,92.9612,67.0619,1.0,0.0,0.0
5.0201,92.0991,70.4391,1.0,0.0,0.0
5.0201,85.6284,67.6411,1.0,0.0,0.0
5.0201,92.0991,70.4391,1.0,0.0,0.0
5.0201,84.6268,70.5355,1.0,0.0,0.0
5.0201,84.6268,70.5355,1.0,0.0,0.0
5.0201,92.0991,70.4391,1.0,0.0,0.0
5.0201,90.8856,73.7065,1.0,0.0,0.0
5.0201,84.6268,70.5355,1.0,0.0,0.0
5.0201,90.8856,73.7065,1.0,0.0,0.0
5.0201,83.2917,73.292,1.0,0.0,0.0
5.0201,83.2917,73.292,1.0,0.0,0.0
5.0201,90.8856,73.7065,1.0,0.0,0.0
5.0201,89.3343,76.8277,1.0,0.0,0.0
5.0201,83.2917,73.292,1.0,0.0,0.0
5.0201,89.3343,76.8277,1.0,0.0,0.0
5.0201,81.6417,75.8724,1.0,0.0,0.0
5.0201,81.6417,75.8724,1.0,0.0,0.0
5.0201,89.3343,76.8277,1.0,0.0,0.0
5.0201,87.4625,79.7679,1.0,0.0,0.0
5.0201,81.6417,75.8724,1.0,0.0,0.0
5.0201,87.4625,79.7679,1.0,0.0,0.0
5.0201,79.6997,78.2409,1.0,0.0,0.0
5.0201,79.6997,78.2409,1.0,0.0,0.0
5.0201,87.4625,79.7679,1.0,0.0,0.0
5.0201,85.2909,82.4943,1.0,0.0,0.0
5.0201,79.6997,78.2409,1.0,0.0,0.0
5.0201,85.2909,82.4943,1.0,0.0,0.0
5.0201,77.4927,80.3645,1.0,0.0,0.0
5.0201,77.4927,80.3645,1.0,0.0,0.0
5.0201,85.2909,82.4943,1.0,0.0,0.0
5.0201,82.8439,84.9764,1.0,0.0,0.0
5.0201,77.4927,80.3645,1.0,0.0,0.0
5.0201,82.8439,84.9764,1.0,0.0,0.0
5.0201,75.0512,82.2139,1.0,0.0,0.0
5.0201,75.0512,82.2139,1.0,0.0,0.0
5.0201,82.8439,84.9764,1.0,0.0,0.0
5.0201,80.1488,87.1865,1.0,0.0,0.0
5.0201,75.0512,82.2139,1.0,0.0,0.0
5.0201,80.1488,87.1865,1.0,0.0,0.0
5.0201,77.2356,89.1001,1.0,0.0,0.0
