5.41809,0.000103078,19.7001,0.0,-1.0,0.0
0.000104308,0.000103078,16.442,0.0,-1.0,0.0
0.000104308,0.000103078,0.000102445,0.0,-1.0,0.0
103.537,0.000103078,12.0717,0.0,-1.0,0.0
5.41809,0.000103078,19.7001,0.0,-1.0,0.0
103.504,0.000103078,11.3091,0.0,-1.0,0.0
103.504,0.000103078,11.3091,0.0,-1.0,0.0
5.41809,0.000103078,19.7001,0.0,-1.0,0.0
0.000104308,0.000103078,0.000102445,0.0,-1.0,0.0
103.504,0.000103078,11.3091,0.0,-1.0,0.0
0.000104308,0.000103078,0.000102445,0.0,-1.0,0.0
103.601,0.000103078,10.552,0.0,-1.0,0.0
106.501,0.000103078,7.25715,0.0,-1.0,0.0
105.805,0.000103078,7.57154,0.0,-1.0,0.0
0.000104308,0.000103078,0.000102445,0.0,-1.0,0.0
0.000104308,0.000103078,0.000102445,0.0,-1.0,0.0
105.805,0.000103078,7.57154,0.0,-1.0,0.0
105.173,0.000103078,7.99894,0.0,-1.0,0.0
0.000104308,0.000103078,0.000102445,0.0,-1.0,0.0
105.173,0.000103078,7.99894,0.0,-1.0,0.0
104.622,0.000103078,8.52707,0.0,-1.0,0.0
104.622,0.000103078,8.52707,0.0,-1.0,0.0
104.168,0.000103078,9.14072,0.0,-1.0,0.0
0.000104308,0.000103078,0.000102445,0.0,-1.0,0.0
0.000104308,0.000103078,0.000102445,0.0,-1.0,0.0
104.168,0.000103078,9.14072,0.0,-1.0,0.0
103.825,0.000103078,9.82225,0.0,-1.0,0.0
0.000104308,0.000103078,0.000102445,0.0,-1.0,0.0
103.825,0.000103078,9.82225,0.0,-1.0,0.0
103.601,0.000103078,10.552,0.0,-1.0,0.0
390.219,0.000103078,0.000102445,0.0,-1.0,0.0
111.832,0.000103078,9.14072,0.0,-1.0,0.0
111.378,0.000103078,8.52707,0.0,-1.0,0.0
111.378,0.000103078,8.52707,0.0,-1.0,0.0
110.827,0.000103078,7.99894,0.0,-1.0,0.0
390.219,0.000103078,0.000102445,0.0,-1.0,0.0
390.219,0.000103078,0.000102445,0.0,-1.0,0.0
110.827,0.000103078,7.99894,0.0,-1.0,0.0
110.195,0.000103078,7.57154,0.0,-1.0,0.0
390.219,0.000103078,0.000102445,0.0,-1.0,0.0
110.195,0.000103078,7.57154,0.0,-1.0,0.0
109.499,0.000103078,7.25715,0.0,-1.0,0.0
103.537,0.000103078,12.0717,0.0,-1.0,0.0
103.697,0.000103078,12.8178,0.0,-1.0,0.0
5.41809,0.000103078,19.7001,0.0,-1.0,0.0
5.41809,0.000103078,19.7001,0.0,-1.0,0.0
103.697,0.000103078,12.8178,0.0,-1.0,0.0
103.982,0.000103078,13.526,0.0,-1.0,0.0
5.41809,0.000103078,19.7001,0.0,-1.0,0.0
103.982,0.000103078,13.526,0.0,-1.0,0.0
104.382,0.000103078,14.176,0.0,-1.0,0.0
104.382,0.000103078,14.176,0.0,-1.0,0.0
104.886,0.000103078,14.7489,0.0,-1.0,0.0
5.41809,0.000103078,19.7001,0.0,-1.0,0.0
5.41809,0.000103078,19.7001,0.0,-1.0,0.0
104.886,0.000103078,14.7489,0.0,-1.0,0.0
105.48,0.000103078,15.2284,0.0,-1.0,0.0
5.41809,0.000103078,19.7001,0.0,-1.0,0.0
105.48,0.000103078,15.2284,0.0,-1.0,0.0
106.147,0.000103078,15.6006,0.0,-1.0,0.0
109.499,0.000103078,7.25715,0.0,-1.0,0.0
108.761,0.000103078,7.06483,0.0,-1.0,0.0
390.219,0.000103078,0.000102445,0.0,-1.0,0.0
390.219,0.000103078,0.000102445,0.0,-1.0,0.0
108.761,0.000103078,7.06483,0.0,-1.0,0.0
108.0,0.000103078,7.0001,0.0,-1.0,0.0
390.219,0.000103078,0.000102445,0.0,-1.0,0.0
108.0,0.000103078,7.0001,0.0,-1.0,0.0
0.000104308,0.000103078,0.000102445,0.0,-1.0,0.0
0.000104308,0.000103078,0.000102445,0.0,-1.0,0.0
108.0,0.000103078,7.0001,0.0,-1.0,0.0
107.24,0.000103078,7.06483,0.0,-1.0,0.0
0.000104308,0.000103078,0.000102445,0.0,-1.0,0.0
107.24,0.000103078,7.06483,0.0,-1.0,0.0
106.501,0.000103078,7.25715,0.0,-1.0,0.0
109.134,0.000103078,15.8549,0.0,-1.0,0.0
109.854,0.000103078,15.6006,0.0,-1.0,0.0
397.373,0.000103078,19.7001,0.0,-1.0,0.0
397.373,0.000103078,19.7001,0.0,-1.0,0.0
109.854,0.000103078,15.6006,0.0,-1.0,0.0
110.52,0.000103078,15.2284,0.0,-1.0,0.0
397.373,0.000103078,19.7001,0.0,-1.0,0.0
110.52,0.000103078,15.2284,0.0,-1.0,0.0
111.114,0.000103078,14.7489,0.0,-1.0,0.0
112.496,0.000103078,11.3091,0.0,-1.0,0.0
112.399,0.000103078,10.552,0.0,-1.0,0.0
390.219,0.000103078,0.000102445,0.0,-1.0,0.0
390.219,0.000103078,0.000102445,0.0,-1.0,0.0
112.399,0.000103078,10.552,0.0,-1.0,0.0
112.176,0.000103078,9.82225,0.0,-1.0,0.0
390.219,0.000103078,0.000102445,0.0,-1.0,0.0
112.176,0.000103078,9.82225,0.0,-1.0,0.0
111.832,0.000103078,9.14072,0.0,-1.0,0.0
106.147,0.000103078,15.6006,0.0,-1.0,0.0
106.866,0.000103078,15.8549,0.0,-1.0,0.0
5.41809,0.000103078,19.7001,0.0,-1.0,0.0
5.41809,0.000103078,19.7001,0.0,-1.0,0.0
106.866,0.000103078,15.8549,0.0,-1.0,0.0
107.618,0.000103078,15.9839,0.0,-1.0,0.0
5.41809,0.000103078,19.7001,0.0,-1.0,0.0
107.618,0.000103078,15.9839,0.0,-1.0,0.0
397.373,0.000103078,19.7001,0.0,-1.0,0.0
397.373,0.000103078,19.7001,0.0,-1.0,0.0
107.618,0.000103078,15.9839,0.0,-1.0,0.0
108.382,0.000103078,15.9839,0.0,-1.0,0.0
397.373,0.000103078,19.7001,0.0,-1.0,0.0
108.382,0.000103078,15.9839,0.0,-1.0,0.0
109.134,0.000103078,15.8549,0.0,-1.0,0.0
111.114,0.000103078,14.7489,0.0,-1.0,0.0
111.618,0.000103078,14.176,0.0,-1.0,0.0
397.373,0.000103078,19.7001,0.0,-1.0,0.0
397.373,0.000103078,19.7001,0.0,-1.0,0.0
111.618,0.000103078,14.176,0.0,-1.0,0.0
112.018,0.000103078,13.526,0.0,-1.0,0.0
397.373,0.000103078,19.7001,0.0,-1.0,0.0
112.018,0.000103078,13.526,0.0,-1.0,0.0
112.303,0.000103078,12.8178,0.0,-1.0,0.0
112.496,0.000103078,11.3091,0.0,-1.0,0.0
390.219,0.000103078,0.000102445,0.0,-1.0,0.0
112.464,0.000103078,12.0717,0.0,-1.0,0.0
112.464,0.000103078,12.0717,0.0,-1.0,0.0
390.219,0.000103078,0.000102445,0.0,-1.0,0.0
337.5,0.000103078,7.0001,0.0,-1.0,0.0
112.464,0.000103078,12.0717,0.0,-1.0,0.0
337.5,0.000103078,7.0001,0.0,-1.0,0.0
336.759,0.000103078,7.06148,0.0,-1.0,0.0
336.759,0.000103078,7.06148,0.0,-1.0,0.0
336.039,0.000103078,7.24393,0.0,-1.0,0.0
112.464,0.000103078,12.0717,0.0,-1.0,0.0
112.464,0.000103078,12.0717,0.0,-1.0,0.0
336.039,0.000103078,7.24393,0.0,-1.0,0.0
335.358,0.000103078,7.54247,0.0,-1.0,0.0
112.464,0.000103078,12.0717,0.0,-1.0,0.0
335.358,0.000103078,7.54247,0.0,-1.0,0.0
334.736,0.000103078,7.94897,0.0,-1.0,0.0
334.736,0.000103078,7.94897,0.0,-1.0,0.0
334.189,0.000103078,8.45234,0.0,-1.0,0.0
112.464,0.000103078,12.0717,0.0,-1.0,0.0
112.464,0.000103078,12.0717,0.0,-1.0,0.0
334.189,0.000103078,8.45234,0.0,-1.0,0.0
333.733,0.000103078,9.03884,0.0,-1.0,0.0
112.464,0.000103078,12.0717,0.0,-1.0,0.0
333.733,0.000103078,9.03884,0.0,-1.0,0.0
333.379,0.000103078,9.69247,0.0,-1.0,0.0
352.862,0.000103078,12.6048,0.0,-1.0,0.0
352.985,0.000103078,11.8717,0.0,-1.0,0.0
397.373,0.000103078,19.7001,0.0,-1.0,0.0
397.373,0.000103078,19.7001,0.0,-1.0,0.0
352.985,0.000103078,11.8717,0.0,-1.0,0.0
390.219,0.000103078,0.000102445,0.0,-1.0,0.0
352.985,0.000103078,11.8717,0.0,-1.0,0.0
352.985,0.000103078,11.1285,0.0,-1.0,0.0
390.219,0.000103078,0.000102445,0.0,-1.0,0.0
390.219,0.000103078,0.000102445,0.0,-1.0,0.0
352.985,0.000103078,11.1285,0.0,-1.0,0.0
352.862,0.000103078,10.3954,0.0,-1.0,0.0
390.219,0.000103078,0.000102445,0.0,-1.0,0.0
352.862,0.000103078,10.3954,0.0,-1.0,0.0
352.621,0.000103078,9.69247,0.0,-1.0,0.0
351.264,0.000103078,7.94897,0.0,-1.0,0.0
350.642,0.000103078,7.54247,0.0,-1.0,0.0
390.219,0.000103078,0.000102445,0.0,-1.0,0.0
390.219,0.000103078,0.000102445,0.0,-1.0,0.0
350.642,0.000103078,7.54247,0.0,-1.0,0.0
349.961,0.000103078,7.24393,0.0,-1.0,0.0
349.961,0.000103078,7.24393,0.0,-1.0,0.0
349.241,0.000103078,7.06148,0.0,-1.0,0.0
390.219,0.000103078,0.000102445,0.0,-1.0,0.0
390.219,0.000103078,0.000102445,0.0,-1.0,0.0
349.241,0.000103078,7.06148,0.0,-1.0,0.0
348.5,0.000103078,7.0001,0.0,-1.0,0.0
390.219,0.000103078,0.000102445,0.0,-1.0,0.0
348.5,0.000103078,7.0001,0.0,-1.0,0.0
337.5,0.000103078,7.0001,0.0,-1.0,0.0
333.379,0.000103078,9.69247,0.0,-1.0,0.0
333.138,0.000103078,10.3954,0.0,-1.0,0.0
112.464,0.000103078,12.0717,0.0,-1.0,0.0
112.464,0.000103078,12.0717,0.0,-1.0,0.0
333.138,0.000103078,10.3954,0.0,-1.0,0.0
333.015,0.000103078,11.1285,0.0,-1.0,0.0
112.464,0.000103078,12.0717,0.0,-1.0,0.0
333.015,0.000103078,11.1285,0.0,-1.0,0.0
112.303,0.000103078,12.8178,0.0,-1.0,0.0
112.303,0.000103078,12.8178,0.0,-1.0,0.0
333.015,0.000103078,11.1285,0.0,-1.0,0.0
333.015,0.000103078,11.8717,0.0,-1.0,0.0
112.303,0.000103078,12.8178,0.0,-1.0,0.0
333.015,0.000103078,11.8717,0.0,-1.0,0.0
333.138,0.000103078,12.6048,0.0,-1.0,0.0
349.241,0.000103078,15.9387,0.0,-1.0,0.0
349.961,0.000103078,15.7563,0.0,-1.0,0.0
397.373,0.000103078,19.7001,0.0,-1.0,0.0
349.961,0.000103078,15.7563,0.0,-1.0,0.0
350.642,0.000103078,15.4577,0.0,-1.0,0.0
397.373,0.000103078,19.7001,0.0,-1.0,0.0
397.373,0.000103078,19.7001,0.0,-1.0,0.0
350.642,0.000103078,15.4577,0.0,-1.0,0.0
351.264,0.000103078,15.0512,0.0,-1.0,0.0
397.373,0.000103078,19.7001,0.0,-1.0,0.0
351.264,0.000103078,15.0512,0.0,-1.0,0.0
351.811,0.000103078,14.5479,0.0,-1.0,0.0
352.621,0.000103078,9.69247,0.0,-1.0,0.0
352.267,0.000103078,9.03884,0.0,-1.0,0.0
390.219,0.000103078,0.000102445,0.0,-1.0,0.0
390.219,0.000103078,0.000102445,0.0,-1.0,0.0
352.267,0.000103078,9.03884,0.0,-1.0,0.0
351.811,0.000103078,8.45234,0.0,-1.0,0.0
390.219,0.000103078,0.000102445,0.0,-1.0,0.0
351.811,0.000103078,8.45234,0.0,-1.0,0.0
351.264,0.000103078,7.94897,0.0,-1.0,0.0
333.138,0.000103078,12.6048,0.0,-1.0,0.0
333.379,0.000103078,13.3077,0.0,-1.0,0.0
112.303,0.000103078,12.8178,0.0,-1.0,0.0
112.303,0.000103078,12.8178,0.0,-1.0,0.0
333.379,0.000103078,13.3077,0.0,-1.0,0.0
333.733,0.000103078,13.9614,0.0,-1.0,0.0
112.303,0.000103078,12.8178,0.0,-1.0,0.0
333.733,0.000103078,13.9614,0.0,-1.0,0.0
334.189,0.000103078,14.5479,0.0,-1.0,0.0
351.811,0.000103078,14.5479,0.0,-1.0,0.0
352.267,0.000103078,13.9614,0.0,-1.0,0.0
397.373,0.000103078,19.7001,0.0,-1.0,0.0
397.373,0.000103078,19.7001,0.0,-1.0,0.0
352.267,0.000103078,13.9614,0.0,-1.0,0.0
352.621,0.000103078,13.3077,0.0,-1.0,0.0
397.373,0.000103078,19.7001,0.0,-1.0,0.0
352.621,0.000103078,13.3077,0.0,-1.0,0.0
352.862,0.000103078,12.6048,0.0,-1.0,0.0
334.189,0.000103078,14.5479,0.0,-1.0,0.0
334.736,0.000103078,15.0512,0.0,-1.0,0.0
112.303,0.000103078,12.8178,0.0,-1.0,0.0
112.303,0.000103078,12.8178,0.0,-1.0,0.0
334.736,0.000103078,15.0512,0.0,-1.0,0.0
335.358,0.000103078,15.4577,0.0,-1.0,0.0
112.303,0.000103078,12.8178,0.0,-1.0,0.0
335.358,0.000103078,15.4577,0.0,-1.0,0.0
336.039,0.000103078,15.7563,0.0,-1.0,0.0
336.039,0.000103078,15.7563,0.0,-1.0,0.0
336.759,0.000103078,15.9387,0.0,-1.0,0.0
112.303,0.000103078,12.8178,0.0,-1.0,0.0
112.303,0.000103078,12.8178,0.0,-1.0,0.0
336.759,0.000103078,15.9387,0.0,-1.0,0.0
337.5,0.000103078,16.0001,0.0,-1.0,0.0
112.303,0.000103078,12.8178,0.0,-1.0,0.0
337.5,0.000103078,16.0001,0.0,-1.0,0.0
397.373,0.000103078,19.7001,0.0,-1.0,0.0
397.373,0.000103078,19.7001,0.0,-1.0,0.0
337.5,0.000103078,16.0001,0.0,-1.0,0.0
348.5,0.000103078,16.0001,0.0,-1.0,0.0
397.373,0.000103078,19.7001,0.0,-1.0,0.0
348.5,0.000103078,16.0001,0.0,-1.0,0.0
349.241,0.000103078,15.9387,0.0,-1.0,0.0
0.000104308,0.000103078,16.442,-0.515346,0.0,0.856982
5.41809,0.000103078,19.7001,-0.515346,0.0,0.856982
5.41809,0.293692,19.7001,-0.515346,0.0,0.856982
5.41809,1.2001,19.7001,-0.515346,0.0,0.856982
0.000104308,1.2001,16.442,-0.515346,0.0,0.856982
5.41809,0.600103,19.7001,-0.515346,0.0,0.856982
5.41809,0.600103,19.7001,-0.515346,0.0,0.856982
0.000104308,1.2001,16.442,-0.515346,0.0,0.856982
0.000104308,0.000103078,16.442,-0.515346,0.0,0.856982
5.41809,0.600103,19.7001,-0.515346,0.0,0.856982
0.000104308,0.000103078,16.442,-0.515346,0.0,0.856982
5.41809,0.598568,19.7001,-0.515346,0.0,0.856982
5.41809,0.598568,19.7001,-0.515346,0.0,0.856982
0.000104308,0.000103078,16.442,-0.515346,0.0,0.856982
5.41809,0.293692,19.7001,-0.515346,0.0,0.856982
0.000104308,1.2001,16.442,-1.0,0.0,0.0
0.000104308,1.2001,0.000102445,-1.0,0.0,0.0
0.000104308,0.000103078,16.442,-1.0,0.0,0.0
0.000104308,0.000103078,16.442,-1.0,0.0,0.0
0.000104308,1.2001,0.000102445,-1.0,0.0,0.0
0.000104308,0.000103078,0.000102445,-1.0,0.0,0.0
390.219,1.2001,0.000102445,0.0,0.0,-1.0
390.219,0.000103078,0.000102445,0.0,0.0,-1.0
0.000104308,1.2001,0.000102445,0.0,0.0,-1.0
0.000104308,1.2001,0.000102445,0.0,0.0,-1.0
390.219,0.000103078,0.000102445,0.0,0.0,-1.0
0.000104308,0.000103078,0.000102445,0.0,0.0,-1.0
397.373,0.000103078,19.7001,0.939937,0.0,-0.341347
390.219,0.000103078,0.000102445,0.939937,0.0,-0.341347
397.373,0.59852,19.7001,0.939937,0.0,-0.341347
397.373,0.59852,19.7001,0.939937,0.0,-0.341347
390.219,0.000103078,0.000102445,0.939937,0.0,-0.341347
397.373,0.600103,19.7001,0.939937,0.0,-0.341347
397.373,0.600103,19.7001,0.939937,0.0,-0.341347
390.219,0.000103078,0.000102445,0.939937,0.0,-0.341347
397.373,0.903093,19.7001,0.939937,0.0,-0.341347
397.373,0.903093,19.7001,0.939937,0.0,-0.341347
390.219,0.000103078,0.000102445,0.939937,0.0,-0.341347
390.219,1.2001,0.000102445,0.939937,0.0,-0.341347
397.373,0.903093,19.7001,0.939937,0.0,-0.341347
390.219,1.2001,0.000102445,0.939937,0.0,-0.341347
397.373,1.2001,19.7001,0.939937,0.0,-0.341347
348.5,1.2001,7.0001,-0.0825776,0.0,0.996585
348.5,0.000103078,7.0001,-0.0825776,0.0,0.996585
349.241,1.2001,7.06148,-0.0825776,0.0,0.996585
349.241,1.2001,7.06148,-0.0825776,0.0,0.996585
348.5,0.000103078,7.0001,-0.0825776,0.0,0.996585
349.241,0.000103078,7.06148,-0.0825776,0.0,0.996585
349.241,1.2001,7.06148,-0.245489,0.0,0.969399
349.241,0.000103078,7.06148,-0.245489,0.0,0.969399
349.961,1.2001,7.24393,-0.245489,0.0,0.969399
349.961,1.2001,7.24393,-0.245489,0.0,0.969399
349.241,0.000103078,7.06148,-0.245489,0.0,0.969399
349.961,0.000103078,7.24393,-0.245489,0.0,0.969399
349.961,1.2001,7.24393,-0.401687,0.0,0.915777
349.961,0.000103078,7.24393,-0.401687,0.0,0.915777
350.642,1.2001,7.54247,-0.401687,0.0,0.915777
350.642,1.2001,7.54247,-0.401687,0.0,0.915777
349.961,0.000103078,7.24393,-0.401687,0.0,0.915777
350.642,0.000103078,7.54247,-0.401687,0.0,0.915777
350.642,1.2001,7.54247,-0.546949,0.0,0.837166
350.642,0.000103078,7.54247,-0.546949,0.0,0.837166
351.264,1.2001,7.94897,-0.546949,0.0,0.837166
351.264,1.2001,7.94897,-0.546949,0.0,0.837166
350.642,0.000103078,7.54247,-0.546949,0.0,0.837166
351.264,0.000103078,7.94897,-0.546949,0.0,0.837166
351.264,1.2001,7.94897,-0.677272,0.0,0.735732
351.264,0.000103078,7.94897,-0.677272,0.0,0.735732
351.811,1.2001,8.45234,-0.677272,0.0,0.735732
351.811,1.2001,8.45234,-0.677272,0.0,0.735732
351.264,0.000103078,7.94897,-0.677272,0.0,0.735732
351.811,0.000103078,8.45234,-0.677272,0.0,0.735732
351.811,1.2001,8.45234,-0.789147,0.0,0.614205
351.811,0.000103078,8.45234,-0.789147,0.0,0.614205
352.267,1.2001,9.03884,-0.789147,0.0,0.614205
352.267,1.2001,9.03884,-0.789147,0.0,0.614205
351.811,0.000103078,8.45234,-0.789147,0.0,0.614205
352.267,0.000103078,9.03884,-0.789147,0.0,0.614205
352.267,1.2001,9.03884,-0.879475,0.0,0.475945
352.267,0.000103078,9.03884,-0.879475,0.0,0.475945
352.621,1.2001,9.69247,-0.879475,0.0,0.475945
352.621,1.2001,9.69247,-0.879475,0.0,0.475945
352.267,0.000103078,9.03884,-0.879475,0.0,0.475945
352.621,0.000103078,9.69247,-0.879475,0.0,0.475945
352.621,1.2001,9.69247,-0.945812,0.0,0.324714
352.621,0.000103078,9.69247,-0.945812,0.0,0.324714
352.862,1.2001,10.3954,-0.945812,0.0,0.324714
352.862,1.2001,10.3954,-0.945812,0.0,0.324714
352.621,0.000103078,9.69247,-0.945812,0.0,0.324714
352.862,0.000103078,10.3954,-0.945812,0.0,0.324714
352.862,1.2001,10.3954,-0.986364,0.0,0.164576
352.862,0.000103078,10.3954,-0.986364,0.0,0.164576
352.985,1.2001,11.1285,-0.986364,0.0,0.164576
352.985,1.2001,11.1285,-0.986364,0.0,0.164576
352.862,0.000103078,10.3954,-0.986364,0.0,0.164576
352.985,0.000103078,11.1285,-0.986364,0.0,0.164576
352.985,1.2001,11.1285,-1.0,0.0,0.0
352.985,0.000103078,11.1285,-1.0,0.0,0.0
352.985,1.2001,11.8717,-1.0,0.0,0.0
352.985,1.2001,11.8717,-1.0,0.0,0.0
352.985,0.000103078,11.1285,-1.0,0.0,0.0
352.985,0.000103078,11.8717,-1.0,0.0,0.0
352.985,1.2001,11.8717,-0.986364,0.0,-0.164576
352.985,0.000103078,11.8717,-0.986364,0.0,-0.164576
352.862,1.2001,12.6048,-0.986364,0.0,-0.164576
352.862,1.2001,12.6048,-0.986364,0.0,-0.164576
352.985,0.000103078,11.8717,-0.986364,0.0,-0.164576
352.862,0.000103078,12.6048,-0.986364,0.0,-0.164576
352.862,1.2001,12.6048,-0.945812,0.0,-0.324714
352.862,0.000103078,12.6048,-0.945812,0.0,-0.324714
352.621,1.2001,13.3077,-0.945812,0.0,-0.324714
352.621,1.2001,13.3077,-0.945812,0.0,-0.324714
352.862,0.000103078,12.6048,-0.945812,0.0,-0.324714
352.621,0.000103078,13.3077,-0.945812,0.0,-0.324714
352.621,1.2001,13.3077,-0.879475,0.0,-0.475945
352.621,0.000103078,13.3077,-0.879475,0.0,-0.475945
352.267,1.2001,13.9614,-0.879475,0.0,-0.475945
352.267,1.2001,13.9614,-0.879475,0.0,-0.475945
352.621,0.000103078,13.3077,-0.879475,0.0,-0.475945
352.267,0.000103078,13.9614,-0.879475,0.0,-0.475945
352.267,1.2001,13.9614,-0.789147,0.0,-0.614205
352.267,0.000103078,13.9614,-0.789147,0.0,-0.614205
351.811,1.2001,14.5479,-0.789147,0.0,-0.614205
351.811,1.2001,14.5479,-0.789147,0.0,-0.614205
352.267,0.000103078,13.9614,-0.789147,0.0,-0.614205
351.811,0.000103078,14.5479,-0.789147,0.0,-0.614205
351.811,1.2001,14.5479,-0.677272,0.0,-0.735733
351.811,0.000103078,14.5479,-0.677272,0.0,-0.735733
351.264,1.2001,15.0512,-0.677272,0.0,-0.735733
351.264,1.2001,15.0512,-0.677272,0.0,-0.735733
351.811,0.000103078,14.5479,-0.677272,0.0,-0.735733
351.264,0.000103078,15.0512,-0.677272,0.0,-0.735733
351.264,1.2001,15.0512,-0.546949,0.0,-0.837166
351.264,0.000103078,15.0512,-0.546949,0.0,-0.837166
350.642,1.2001,15.4577,-0.546949,0.0,-0.837166
350.642,1.2001,15.4577,-0.546949,0.0,-0.837166
351.264,0.000103078,15.0512,-0.546949,0.0,-0.837166
350.642,0.000103078,15.4577,-0.546949,0.0,-0.837166
350.642,1.2001,15.4577,-0.401687,0.0,-0.915777
350.642,0.000103078,15.4577,-0.401687,0.0,-0.915777
349.961,1.2001,15.7563,-0.401687,0.0,-0.915777
349.961,1.2001,15.7563,-0.401687,0.0,-0.915777
350.642,0.000103078,15.4577,-0.401687,0.0,-0.915777
349.961,0.000103078,15.7563,-0.401687,0.0,-0.915777
349.961,1.2001,15.7563,-0.24549,0.0,-0.969399
349.961,0.000103078,15.7563,-0.24549,0.0,-0.969399
349.241,1.2001,15.9387,-0.24549,0.0,-0.969399
349.241,1.2001,15.9387,-0.24549,0.0,-0.969399
349.961,0.000103078,15.7563,-0.24549,0.0,-0.969399
349.241,0.000103078,15.9387,-0.24549,0.0,-0.969399
349.241,1.2001,15.9387,-0.082577,0.0,-0.996585
349.241,0.000103078,15.9387,-0.082577,0.0,-0.996585
348.5,1.2001,16.0001,-0.082577,0.0,-0.996585
348.5,1.2001,16.0001,-0.082577,0.0,-0.996585
349.241,0.000103078,15.9387,-0.082577,0.0,-0.996585
348.5,0.000103078,16.0001,-0.082577,0.0,-0.996585
348.5,0.000103078,7.0001,0.0,0.0,1.0
348.5,1.2001,7.0001,0.0,0.0,1.0
337.5,0.000103078,7.0001,0.0,0.0,1.0
337.5,0.000103078,7.0001,0.0,0.0,1.0
348.5,1.2001,7.0001,0.0,0.0,1.0
337.5,1.2001,7.0001,0.0,0.0,1.0
337.5,1.2001,16.0001,0.0825837,0.0,-0.996584
337.5,0.000103078,16.0001,0.0825837,0.0,-0.996584
336.759,1.2001,15.9387,0.0825837,0.0,-0.996584
336.759,1.2001,15.9387,0.0825837,0.0,-0.996584
337.5,0.000103078,16.0001,0.0825837,0.0,-0.996584
336.759,0.000103078,15.9387,0.0825837,0.0,-0.996584
336.759,1.2001,15.9387,0.24547,0.0,-0.969404
336.759,0.000103078,15.9387,0.24547,0.0,-0.969404
336.039,1.2001,15.7563,0.24547,0.0,-0.969404
336.039,1.2001,15.7563,0.24547,0.0,-0.969404
336.759,0.000103078,15.9387,0.24547,0.0,-0.969404
336.039,0.000103078,15.7563,0.24547,0.0,-0.969404
336.039,1.2001,15.7563,0.401702,0.0,-0.915771
336.039,0.000103078,15.7563,0.401702,0.0,-0.915771
335.358,1.2001,15.4577,0.401702,0.0,-0.915771
335.358,1.2001,15.4577,0.401702,0.0,-0.915771
336.039,0.000103078,15.7563,0.401702,0.0,-0.915771
335.358,0.000103078,15.4577,0.401702,0.0,-0.915771
335.358,1.2001,15.4577,0.546968,0.0,-0.837153
335.358,0.000103078,15.4577,0.546968,0.0,-0.837153
334.736,1.2001,15.0512,0.546968,0.0,-0.837153
334.736,1.2001,15.0512,0.546968,0.0,-0.837153
335.358,0.000103078,15.4577,0.546968,0.0,-0.837153
334.736,0.000103078,15.0512,0.546968,0.0,-0.837153
334.736,1.2001,15.0512,0.677272,0.0,-0.735733
334.736,0.000103078,15.0512,0.677272,0.0,-0.735733
334.189,1.2001,14.5479,0.677272,0.0,-0.735733
334.189,1.2001,14.5479,0.677272,0.0,-0.735733
334.736,0.000103078,15.0512,0.677272,0.0,-0.735733
334.189,0.000103078,14.5479,0.677272,0.0,-0.735733
334.189,1.2001,14.5479,0.789127,0.0,-0.61423
334.189,0.000103078,14.5479,0.789127,0.0,-0.61423
333.733,1.2001,13.9614,0.789127,0.0,-0.61423
333.733,1.2001,13.9614,0.789127,0.0,-0.61423
334.189,0.000103078,14.5479,0.789127,0.0,-0.61423
333.733,0.000103078,13.9614,0.789127,0.0,-0.61423
333.733,1.2001,13.9614,0.879475,0.0,-0.475945
333.733,0.000103078,13.9614,0.879475,0.0,-0.475945
333.379,1.2001,13.3077,0.879475,0.0,-0.475945
333.379,1.2001,13.3077,0.879475,0.0,-0.475945
333.733,0.000103078,13.9614,0.879475,0.0,-0.475945
333.379,0.000103078,13.3077,0.879475,0.0,-0.475945
333.379,1.2001,13.3077,0.945825,0.0,-0.324677
333.379,0.000103078,13.3077,0.945825,0.0,-0.324677
333.138,1.2001,12.6048,0.945825,0.0,-0.324677
333.138,1.2001,12.6048,0.945825,0.0,-0.324677
333.379,0.000103078,13.3077,0.945825,0.0,-0.324677
333.138,0.000103078,12.6048,0.945825,0.0,-0.324677
333.138,1.2001,12.6048,0.986358,0.0,-0.164616
333.138,0.000103078,12.6048,0.986358,0.0,-0.164616
333.015,1.2001,11.8717,0.986358,0.0,-0.164616
333.015,1.2001,11.8717,0.986358,0.0,-0.164616
333.138,0.000103078,12.6048,0.986358,0.0,-0.164616
333.015,0.000103078,11.8717,0.986358,0.0,-0.164616
333.015,1.2001,11.8717,1.0,0.0,0.0
333.015,0.000103078,11.8717,1.0,0.0,0.0
333.015,1.2001,11.1285,1.0,0.0,0.0
333.015,1.2001,11.1285,1.0,0.0,0.0
333.015,0.000103078,11.8717,1.0,0.0,0.0
333.015,0.000103078,11.1285,1.0,0.0,0.0
333.015,1.2001,11.1285,0.986358,0.0,0.164616
333.015,0.000103078,11.1285,0.986358,0.0,0.164616
333.138,1.2001,10.3954,0.986358,0.0,0.164616
333.138,1.2001,10.3954,0.986358,0.0,0.164616
333.015,0.000103078,11.1285,0.986358,0.0,0.164616
333.138,0.000103078,10.3954,0.986358,0.0,0.164616
333.138,1.2001,10.3954,0.945825,0.0,0.324677
333.138,0.000103078,10.3954,0.945825,0.0,0.324677
333.379,1.2001,9.69247,0.945825,0.0,0.324677
333.379,1.2001,9.69247,0.945825,0.0,0.324677
333.138,0.000103078,10.3954,0.945825,0.0,0.324677
333.379,0.000103078,9.69247,0.945825,0.0,0.324677
333.379,1.2001,9.69247,0.879475,0.0,0.475945
333.379,0.000103078,9.69247,0.879475,0.0,0.475945
333.733,1.2001,9.03884,0.879475,0.0,0.475945
333.733,1.2001,9.03884,0.879475,0.0,0.475945
333.379,0.000103078,9.69247,0.879475,0.0,0.475945
333.733,0.000103078,9.03884,0.879475,0.0,0.475945
333.733,1.2001,9.03884,0.789127,0.0,0.61423
333.733,0.000103078,9.03884,0.789127,0.0,0.61423
334.189,1.2001,8.45234,0.789127,0.0,0.61423
334.189,1.2001,8.45234,0.789127,0.0,0.61423
333.733,0.000103078,9.03884,0.789127,0.0,0.61423
334.189,0.000103078,8.45234,0.789127,0.0,0.61423
334.189,1.2001,8.45234,0.677272,0.0,0.735732
334.189,0.000103078,8.45234,0.677272,0.0,0.735732
334.736,1.2001,7.94897,0.677272,0.0,0.735732
334.736,1.2001,7.94897,0.677272,0.0,0.735732
334.189,0.000103078,8.45234,0.677272,0.0,0.735732
334.736,0.000103078,7.94897,0.677272,0.0,0.735732
334.736,1.2001,7.94897,0.546968,0.0,0.837153
334.736,0.000103078,7.94897,0.546968,0.0,0.837153
335.358,1.2001,7.54247,0.546968,0.0,0.837153
335.358,1.2001,7.54247,0.546968,0.0,0.837153
334.736,0.000103078,7.94897,0.546968,0.0,0.837153
335.358,0.000103078,7.54247,0.546968,0.0,0.837153
335.358,1.2001,7.54247,0.401702,0.0,0.915771
335.358,0.000103078,7.54247,0.401702,0.0,0.915771
336.039,1.2001,7.24393,0.401702,0.0,0.915771
336.039,1.2001,7.24393,0.401702,0.0,0.915771
335.358,0.000103078,7.54247,0.401702,0.0,0.915771
336.039,0.000103078,7.24393,0.401702,0.0,0.915771
336.039,1.2001,7.24393,0.24547,0.0,0.969404
336.039,0.000103078,7.24393,0.24547,0.0,0.969404
336.759,1.2001,7.06148,0.24547,0.0,0.969404
336.759,1.2001,7.06148,0.24547,0.0,0.969404
336.039,0.000103078,7.24393,0.24547,0.0,0.969404
336.759,0.000103078,7.06148,0.24547,0.0,0.969404
336.759,1.2001,7.06148,0.0825843,0.0,0.996584
336.759,0.000103078,7.06148,0.0825843,0.0,0.996584
337.5,1.2001,7.0001,0.0825843,0.0,0.996584
337.5,1.2001,7.0001,0.0825843,0.0,0.996584
336.759,0.000103078,7.06148,0.0825843,0.0,0.996584
337.5,0.000103078,7.0001,0.0825843,0.0,0.996584
337.5,0.000103078,16.0001,0.0,0.0,-1.0
337.5,1.2001,16.0001,0.0,0.0,-1.0
348.5,0.000103078,16.0001,0.0,0.0,-1.0
348.5,0.000103078,16.0001,0.0,0.0,-1.0
337.5,1.2001,16.0001,0.0,0.0,-1.0
348.5,1.2001,16.0001,0.0,0.0,-1.0
108.761,1.2001,7.06483,-0.251979,0.0,0.967733
108.761,0.000103078,7.06483,-0.251979,0.0,0.967733
109.499,1.2001,7.25715,-0.251979,0.0,0.967733
109.499,1.2001,7.25715,-0.251979,0.0,0.967733
108.761,0.000103078,7.06483,-0.251979,0.0,0.967733
109.499,0.000103078,7.25715,-0.251979,0.0,0.967733
109.499,1.2001,7.25715,-0.411902,0.0,0.911228
109.499,0.000103078,7.25715,-0.411902,0.0,0.911228
110.195,1.2001,7.57154,-0.411902,0.0,0.911228
110.195,1.2001,7.57154,-0.411902,0.0,0.911228
109.499,0.000103078,7.25715,-0.411902,0.0,0.911228
110.195,0.000103078,7.57154,-0.411902,0.0,0.911228
110.195,1.2001,7.57154,-0.55997,0.0,0.828513
110.195,0.000103078,7.57154,-0.55997,0.0,0.828513
110.827,1.2001,7.99894,-0.55997,0.0,0.828513
110.827,1.2001,7.99894,-0.55997,0.0,0.828513
110.195,0.000103078,7.57154,-0.55997,0.0,0.828513
110.827,0.000103078,7.99894,-0.55997,0.0,0.828513
110.827,1.2001,7.99894,-0.691941,0.0,0.721954
110.827,0.000103078,7.99894,-0.691941,0.0,0.721954
111.378,1.2001,8.52707,-0.691941,0.0,0.721954
111.378,1.2001,8.52707,-0.691941,0.0,0.721954
110.827,0.000103078,7.99894,-0.691941,0.0,0.721954
111.378,0.000103078,8.52707,-0.691941,0.0,0.721954
111.378,1.2001,8.52707,-0.803996,0.0,0.594635
111.378,0.000103078,8.52707,-0.803996,0.0,0.594635
111.832,1.2001,9.14072,-0.803996,0.0,0.594635
111.832,1.2001,9.14072,-0.803996,0.0,0.594635
111.378,0.000103078,8.52707,-0.803996,0.0,0.594635
111.832,0.000103078,9.14072,-0.803996,0.0,0.594635
111.832,1.2001,9.14072,-0.892926,0.0,0.450204
111.832,0.000103078,9.14072,-0.892926,0.0,0.450204
112.176,1.2001,9.82225,-0.892926,0.0,0.450204
112.176,1.2001,9.82225,-0.892926,0.0,0.450204
111.832,0.000103078,9.14072,-0.892926,0.0,0.450204
112.176,0.000103078,9.82225,-0.892926,0.0,0.450204
112.176,1.2001,9.82225,-0.956168,0.0,0.29282
112.176,0.000103078,9.82225,-0.956168,0.0,0.29282
112.399,1.2001,10.552,-0.956168,0.0,0.29282
112.399,1.2001,10.552,-0.956168,0.0,0.29282
112.176,0.000103078,9.82225,-0.956168,0.0,0.29282
112.399,0.000103078,10.552,-0.956168,0.0,0.29282
112.399,1.2001,10.552,-0.9919,0.0,0.127018
112.399,0.000103078,10.552,-0.9919,0.0,0.127018
112.496,1.2001,11.3091,-0.9919,0.0,0.127018
112.496,1.2001,11.3091,-0.9919,0.0,0.127018
112.399,0.000103078,10.552,-0.9919,0.0,0.127018
112.496,0.000103078,11.3091,-0.9919,0.0,0.127018
112.496,1.2001,11.3091,-0.999099,0.0,-0.0424426
112.496,0.000103078,11.3091,-0.999099,0.0,-0.0424426
112.464,1.2001,12.0717,-0.999099,0.0,-0.0424426
112.464,1.2001,12.0717,-0.999099,0.0,-0.0424426
112.496,0.000103078,11.3091,-0.999099,0.0,-0.0424426
112.464,0.000103078,12.0717,-0.999099,0.0,-0.0424426
112.464,1.2001,12.0717,-0.977556,0.0,-0.210674
112.464,0.000103078,12.0717,-0.977556,0.0,-0.210674
112.303,1.2001,12.8178,-0.977556,0.0,-0.210674
112.303,1.2001,12.8178,-0.977556,0.0,-0.210674
112.464,0.000103078,12.0717,-0.977556,0.0,-0.210674
112.303,0.000103078,12.8178,-0.977556,0.0,-0.210674
112.303,1.2001,12.8178,-0.927889,0.0,-0.372856
112.303,0.000103078,12.8178,-0.927889,0.0,-0.372856
112.018,1.2001,13.526,-0.927889,0.0,-0.372856
112.018,1.2001,13.526,-0.927889,0.0,-0.372856
112.303,0.000103078,12.8178,-0.927889,0.0,-0.372856
112.018,0.000103078,13.526,-0.927889,0.0,-0.372856
112.018,1.2001,13.526,-0.851525,0.0,-0.524313
112.018,0.000103078,13.526,-0.851525,0.0,-0.524313
111.618,1.2001,14.176,-0.851525,0.0,-0.524313
111.618,1.2001,14.176,-0.851525,0.0,-0.524313
112.018,0.000103078,13.526,-0.851525,0.0,-0.524313
111.618,0.000103078,14.176,-0.851525,0.0,-0.524313
111.618,1.2001,14.176,-0.750671,0.0,-0.660676
111.618,0.000103078,14.176,-0.750671,0.0,-0.660676
111.114,1.2001,14.7489,-0.750671,0.0,-0.660676
111.114,1.2001,14.7489,-0.750671,0.0,-0.660676
111.618,0.000103078,14.176,-0.750671,0.0,-0.660676
111.114,0.000103078,14.7489,-0.750671,0.0,-0.660676
111.114,1.2001,14.7489,-0.628222,0.0,-0.778034
111.114,0.000103078,14.7489,-0.628222,0.0,-0.778034
110.52,1.2001,15.2284,-0.628222,0.0,-0.778034
110.52,1.2001,15.2284,-0.628222,0.0,-0.778034
111.114,0.000103078,14.7489,-0.628222,0.0,-0.778034
110.52,0.000103078,15.2284,-0.628222,0.0,-0.778034
110.52,1.2001,15.2284,-0.487692,0.0,-0.873016
110.52,0.000103078,15.2284,-0.487692,0.0,-0.873016
109.854,1.2001,15.6006,-0.487692,0.0,-0.873016
109.854,1.2001,15.6006,-0.487692,0.0,-0.873016
110.52,0.000103078,15.2284,-0.487692,0.0,-0.873016
109.854,0.000103078,15.6006,-0.487692,0.0,-0.873016
109.854,1.2001,15.6006,-0.333143,0.0,-0.942876
109.854,0.000103078,15.6006,-0.333143,0.0,-0.942876
109.134,1.2001,15.8549,-0.333143,0.0,-0.942876
109.134,1.2001,15.8549,-0.333143,0.0,-0.942876
109.854,0.000103078,15.6006,-0.333143,0.0,-0.942876
109.134,0.000103078,15.8549,-0.333143,0.0,-0.942876
109.134,1.2001,15.8549,-0.169001,0.0,-0.985616
109.134,0.000103078,15.8549,-0.169001,0.0,-0.985616
108.382,1.2001,15.9839,-0.169001,0.0,-0.985616
108.382,1.2001,15.9839,-0.169001,0.0,-0.985616
109.134,0.000103078,15.8549,-0.169001,0.0,-0.985616
108.382,0.000103078,15.9839,-0.169001,0.0,-0.985616
108.382,1.2001,15.9839,0.0,0.0,-1.0
108.382,0.000103078,15.9839,0.0,0.0,-1.0
107.618,1.2001,15.9839,0.0,0.0,-1.0
107.618,1.2001,15.9839,0.0,0.0,-1.0
108.382,0.000103078,15.9839,0.0,0.0,-1.0
107.618,0.000103078,15.9839,0.0,0.0,-1.0
107.618,1.2001,15.9839,0.169001,0.0,-0.985616
107.618,0.000103078,15.9839,0.169001,0.0,-0.985616
106.866,1.2001,15.8549,0.169001,0.0,-0.985616
106.866,1.2001,15.8549,0.169001,0.0,-0.985616
107.618,0.000103078,15.9839,0.169001,0.0,-0.985616
106.866,0.000103078,15.8549,0.169001,0.0,-0.985616
106.866,1.2001,15.8549,0.33314,0.0,-0.942877
106.866,0.000103078,15.8549,0.33314,0.0,-0.942877
106.147,1.2001,15.6006,0.33314,0.0,-0.942877
106.147,1.2001,15.6006,0.33314,0.0,-0.942877
106.866,0.000103078,15.8549,0.33314,0.0,-0.942877
106.147,0.000103078,15.6006,0.33314,0.0,-0.942877
106.147,1.2001,15.6006,0.487696,0.0,-0.873014
106.147,0.000103078,15.6006,0.487696,0.0,-0.873014
105.48,1.2001,15.2284,0.487696,0.0,-0.873014
105.48,1.2001,15.2284,0.487696,0.0,-0.873014
106.147,0.000103078,15.6006,0.487696,0.0,-0.873014
105.48,0.000103078,15.2284,0.487696,0.0,-0.873014
105.48,1.2001,15.2284,0.628217,0.0,-0.778038
105.48,0.000103078,15.2284,0.628217,0.0,-0.778038
104.886,1.2001,14.7489,0.628217,0.0,-0.778038
104.886,1.2001,14.7489,0.628217,0.0,-0.778038
105.48,0.000103078,15.2284,0.628217,0.0,-0.778038
104.886,0.000103078,14.7489,0.628217,0.0,-0.778038
104.886,1.2001,14.7489,0.750671,0.0,-0.660676
104.886,0.000103078,14.7489,0.750671,0.0,-0.660676
104.382,1.2001,14.176,0.750671,0.0,-0.660676
104.382,1.2001,14.176,0.750671,0.0,-0.660676
104.886,0.000103078,14.7489,0.750671,0.0,-0.660676
104.382,0.000103078,14.176,0.750671,0.0,-0.660676
104.382,1.2001,14.176,0.85153,0.0,-0.524306
104.382,0.000103078,14.176,0.85153,0.0,-0.524306
103.982,1.2001,13.526,0.85153,0.0,-0.524306
103.982,1.2001,13.526,0.85153,0.0,-0.524306
104.382,0.000103078,14.176,0.85153,0.0,-0.524306
103.982,0.000103078,13.526,0.85153,0.0,-0.524306
103.982,1.2001,13.526,0.927889,0.0,-0.372856
103.982,0.000103078,13.526,0.927889,0.0,-0.372856
103.697,1.2001,12.8178,0.927889,0.0,-0.372856
103.697,1.2001,12.8178,0.927889,0.0,-0.372856
103.982,0.000103078,13.526,0.927889,0.0,-0.372856
103.697,0.000103078,12.8178,0.927889,0.0,-0.372856
103.697,1.2001,12.8178,0.977556,0.0,-0.210674
103.697,0.000103078,12.8178,0.977556,0.0,-0.210674
103.537,1.2001,12.0717,0.977556,0.0,-0.210674
103.537,1.2001,12.0717,0.977556,0.0,-0.210674
103.697,0.000103078,12.8178,0.977556,0.0,-0.210674
103.537,0.000103078,12.0717,0.977556,0.0,-0.210674
103.537,1.2001,12.0717,0.999099,0.0,-0.0424426
103.537,0.000103078,12.0717,0.999099,0.0,-0.0424426
103.504,1.2001,11.3091,0.999099,0.0,-0.0424426
103.504,1.2001,11.3091,0.999099,0.0,-0.0424426
103.537,0.000103078,12.0717,0.999099,0.0,-0.0424426
103.504,0.000103078,11.3091,0.999099,0.0,-0.0424426
103.504,1.2001,11.3091,0.9919,0.0,0.127018
103.504,0.000103078,11.3091,0.9919,0.0,0.127018
103.601,1.2001,10.552,0.9919,0.0,0.127018
103.601,1.2001,10.552,0.9919,0.0,0.127018
103.504,0.000103078,11.3091,0.9919,0.0,0.127018
103.601,0.000103078,10.552,0.9919,0.0,0.127018
103.601,1.2001,10.552,0.956168,0.0,0.29282
103.601,0.000103078,10.552,0.956168,0.0,0.29282
103.825,1.2001,9.82225,0.956168,0.0,0.29282
103.825,1.2001,9.82225,0.956168,0.0,0.29282
103.601,0.000103078,10.552,0.956168,0.0,0.29282
103.825,0.000103078,9.82225,0.956168,0.0,0.29282
103.825,1.2001,9.82225,0.892926,0.0,0.450204
103.825,0.000103078,9.82225,0.892926,0.0,0.450204
104.168,1.2001,9.14072,0.892926,0.0,0.450204
104.168,1.2001,9.14072,0.892926,0.0,0.450204
103.825,0.000103078,9.82225,0.892926,0.0,0.450204
104.168,0.000103078,9.14072,0.892926,0.0,0.450204
104.168,1.2001,9.14072,0.804001,0.0,0.594628
104.168,0.000103078,9.14072,0.804001,0.0,0.594628
104.622,1.2001,8.52707,0.804001,0.0,0.594628
104.622,1.2001,8.52707,0.804001,0.0,0.594628
104.168,0.000103078,9.14072,0.804001,0.0,0.594628
104.622,0.000103078,8.52707,0.804001,0.0,0.594628
104.622,1.2001,8.52707,0.691936,0.0,0.721959
104.622,0.000103078,8.52707,0.691936,0.0,0.721959
105.173,1.2001,7.99894,0.691936,0.0,0.721959
105.173,1.2001,7.99894,0.691936,0.0,0.721959
104.622,0.000103078,8.52707,0.691936,0.0,0.721959
105.173,0.000103078,7.99894,0.691936,0.0,0.721959
105.173,1.2001,7.99894,0.559975,0.0,0.82851
105.173,0.000103078,7.99894,0.559975,0.0,0.82851
105.805,1.2001,7.57154,0.559975,0.0,0.82851
105.805,1.2001,7.57154,0.559975,0.0,0.82851
105.173,0.000103078,7.99894,0.559975,0.0,0.82851
105.805,0.000103078,7.57154,0.559975,0.0,0.82851
105.805,1.2001,7.57154,0.411899,0.0,0.91123
105.805,0.000103078,7.57154,0.411899,0.0,0.91123
106.501,1.2001,7.25715,0.411899,0.0,0.91123
106.501,1.2001,7.25715,0.411899,0.0,0.91123
105.805,0.000103078,7.57154,0.411899,0.0,0.91123
106.501,0.000103078,7.25715,0.411899,0.0,0.91123
106.501,1.2001,7.25715,0.251981,0.0,0.967732
106.501,0.000103078,7.25715,0.251981,0.0,0.967732
107.24,1.2001,7.06483,0.251981,0.0,0.967732
107.24,1.2001,7.06483,0.251981,0.0,0.967732
106.501,0.000103078,7.25715,0.251981,0.0,0.967732
107.24,0.000103078,7.06483,0.251981,0.0,0.967732
107.24,1.2001,7.06483,0.0848049,0.0,0.996398
107.24,0.000103078,7.06483,0.0848049,0.0,0.996398
108.0,1.2001,7.0001,0.0848049,0.0,0.996398
108.0,1.2001,7.0001,0.0848049,0.0,0.996398
107.24,0.000103078,7.06483,0.0848049,0.0,0.996398
108.0,0.000103078,7.0001,0.0848049,0.0,0.996398
108.0,1.2001,7.0001,-0.0848049,0.0,0.996398
108.0,0.000103078,7.0001,-0.0848049,0.0,0.996398
108.761,1.2001,7.06483,-0.0848049,0.0,0.996398
108.761,1.2001,7.06483,-0.0848049,0.0,0.996398
108.0,0.000103078,7.0001,-0.0848049,0.0,0.996398
108.761,0.000103078,7.06483,-0.0848049,0.0,0.996398
398.517,2.8001,22.5001,0.0,-0.0879558,0.996124
10.6563,2.8001,22.5001,0.0,-0.0879558,0.996124
398.403,2.36246,22.4615,0.0,-0.0879558,0.996124
398.403,2.36246,22.4615,8.37491e-05,-0.0140883,0.999901
10.6563,2.8001,22.5001,8.37491e-05,-0.0140883,0.999901
10.5629,2.72171,22.499,8.37491e-05,-0.0140883,0.999901
398.403,2.36246,22.4615,-4.27828e-05,-0.149526,0.988758
10.5629,2.72171,22.499,-4.27828e-05,-0.149526,0.988758
10.1326,2.36522,22.4451,-4.27828e-05,-0.149526,0.988758
10.0015,2.25658,22.4286,-4.66731e-05,-0.275544,0.961289
398.288,1.93692,22.3559,-4.66731e-05,-0.275544,0.961289
398.373,2.24908,22.4453,-4.66731e-05,-0.275544,0.961289
10.0015,2.25658,22.4286,-4.54211e-05,-0.149535,0.988756
398.373,2.24908,22.4453,-4.54211e-05,-0.149535,0.988756
10.1326,2.36522,22.4451,-4.54211e-05,-0.149535,0.988756
10.1326,2.36522,22.4451,-5.63321e-05,-0.186021,0.982546
398.373,2.24908,22.4453,-5.63321e-05,-0.186021,0.982546
398.389,2.30947,22.4568,-5.63321e-05,-0.186021,0.982546
10.1326,2.36522,22.4451,-4.26553e-05,-0.0879347,0.996126
398.389,2.30947,22.4568,-4.26553e-05,-0.0879347,0.996126
398.403,2.36246,22.4615,-4.26553e-05,-0.0879347,0.996126
10.0015,2.25658,22.4286,6.21157e-05,-0.149646,0.98874
9.74861,2.04711,22.397,6.21157e-05,-0.149646,0.98874
398.288,1.93692,22.3559,6.21157e-05,-0.149646,0.98874
398.288,1.93692,22.3559,-1.20245e-05,-0.386326,0.922362
9.74861,2.04711,22.397,-1.20245e-05,-0.386326,0.922362
9.6093,1.93935,22.3518,-1.20245e-05,-0.386326,0.922362
398.288,1.93692,22.3559,-1.17375e-05,-0.275543,0.961289
9.6093,1.93935,22.3518,-1.17375e-05,-0.275543,0.961289
398.255,1.81308,22.3204,-1.17375e-05,-0.275543,0.961289
398.255,1.81308,22.3204,-6.60132e-05,-0.428247,0.903662
9.6093,1.93935,22.3518,-6.60132e-05,-0.428247,0.903662
398.231,1.73044,22.2812,-6.60132e-05,-0.428247,0.903662
398.231,1.73044,22.2812,-6.60206e-05,-0.428258,0.903656
9.6093,1.93935,22.3518,-6.60206e-05,-0.428258,0.903656
398.174,1.5325,22.1874,-6.60206e-05,-0.428258,0.903656
398.174,1.5325,22.1874,-1.42088e-05,-0.386334,0.922359
9.6093,1.93935,22.3518,-1.42088e-05,-0.386334,0.922359
9.34671,1.73624,22.2667,-1.42088e-05,-0.386334,0.922359
398.174,1.5325,22.1874,-1.42088e-05,-0.386334,0.922359
9.34671,1.73624,22.2667,-1.42088e-05,-0.386334,0.922359
9.08585,1.53447,22.1822,-1.42088e-05,-0.386334,0.922359
8.81654,1.33152,22.0841,5.28784e-05,-0.511262,0.859425
398.06,1.15971,21.9579,5.28784e-05,-0.511262,0.859425
8.9201,1.40626,22.1285,5.28784e-05,-0.511262,0.859425
8.9201,1.40626,22.1285,-1.72819e-05,-0.587338,0.809342
398.06,1.15971,21.9579,-1.72819e-05,-0.587338,0.809342
398.119,1.3445,22.092,-1.72819e-05,-0.587338,0.809342
8.9201,1.40626,22.1285,2.52074e-05,-0.386377,0.922341
398.119,1.3445,22.092,2.52074e-05,-0.386377,0.922341
9.08585,1.53447,22.1822,2.52074e-05,-0.386377,0.922341
9.08585,1.53447,22.1822,-4.99056e-05,-0.510532,0.859859
398.119,1.3445,22.092,-4.99056e-05,-0.510532,0.859859
398.135,1.39693,22.1231,-4.99056e-05,-0.510532,0.859859
9.08585,1.53447,22.1822,-1.41719e-05,-0.428268,0.903652
398.135,1.39693,22.1231,-1.41719e-05,-0.428268,0.903652
398.174,1.5325,22.1874,-1.41719e-05,-0.428268,0.903652
8.81654,1.33152,22.0841,-2.2438e-05,-0.624392,0.781111
8.69204,1.25022,22.0191,-2.2438e-05,-0.624392,0.781111
398.06,1.15971,21.9579,-2.2438e-05,-0.624392,0.781111
398.06,1.15971,21.9579,-2.24434e-05,-0.624407,0.781099
8.69204,1.25022,22.0191,-2.24434e-05,-0.624407,0.781099
8.5621,1.16537,21.9512,-2.24434e-05,-0.624407,0.781099
398.06,1.15971,21.9579,-2.23873e-05,-0.587338,0.809342
8.5621,1.16537,21.9512,-2.23873e-05,-0.587338,0.809342
398.001,0.977386,21.8256,-2.23873e-05,-0.587338,0.809342
398.001,0.977386,21.8256,-4.93632e-05,-0.624366,0.781132
8.5621,1.16537,21.9512,-4.93632e-05,-0.624366,0.781132
8.03708,0.822555,21.6772,-4.93632e-05,-0.624366,0.781132
398.001,0.977386,21.8256,1.48504e-05,-0.7112,0.70299
8.03708,0.822555,21.6772,1.48504e-05,-0.7112,0.70299
397.945,0.826916,21.6734,1.48504e-05,-0.7112,0.70299
7.16828,0.377568,21.1041,7.64376e-05,-0.796316,0.60488
397.716,0.311838,20.9683,7.64376e-05,-0.796316,0.60488
7.38238,0.485863,21.2467,7.64376e-05,-0.796316,0.60488
7.38238,0.485863,21.2467,-0.00010707,-0.908554,0.417768
397.716,0.311838,20.9683,-0.00010707,-0.908554,0.417768
397.746,0.360948,21.0751,-0.00010707,-0.908554,0.417768
7.38238,0.485863,21.2467,1.11529e-05,-0.796265,0.604948
397.746,0.360948,21.0751,1.11529e-05,-0.796265,0.604948
7.51241,0.55164,21.3333,1.11529e-05,-0.796265,0.604948
7.51241,0.55164,21.3333,-3.43215e-05,-0.828483,0.560014
397.746,0.360948,21.0751,-3.43215e-05,-0.828483,0.560014
397.83,0.541141,21.3416,-3.43215e-05,-0.828483,0.560014
7.51241,0.55164,21.3333,-3.44205e-05,-0.796236,0.604986
397.83,0.541141,21.3416,-3.44205e-05,-0.796236,0.604986
7.99957,0.798063,21.6576,-3.44205e-05,-0.796236,0.604986
7.99957,0.798063,21.6576,-9.21089e-05,-0.828475,0.560026
397.83,0.541141,21.3416,-9.21089e-05,-0.828475,0.560026
397.865,0.614972,21.4509,-9.21089e-05,-0.828475,0.560026
7.99957,0.798063,21.6576,0.000120816,-0.624563,0.780974
397.865,0.614972,21.4509,0.000120816,-0.624563,0.780974
8.03708,0.822555,21.6772,0.000120816,-0.624563,0.780974
8.03708,0.822555,21.6772,-4.39766e-05,-0.773532,0.633758
397.865,0.614972,21.4509,-4.39766e-05,-0.773532,0.633758
397.881,0.653621,21.4981,-4.39766e-05,-0.773532,0.633758
8.03708,0.822555,21.6772,1.48504e-05,-0.711197,0.702993
397.881,0.653621,21.4981,1.48504e-05,-0.711197,0.702993
397.945,0.826916,21.6734,1.48504e-05,-0.711197,0.702993
397.627,0.168541,20.6566,-8.06236e-05,-0.943507,0.331353
6.98841,0.311531,20.9687,-8.06236e-05,-0.943507,0.331353
397.611,0.148303,20.599,-8.06236e-05,-0.943507,0.331353
397.611,0.148303,20.599,-4.6379e-05,-0.932002,0.362453
6.98841,0.311531,20.9687,-4.6379e-05,-0.932002,0.362453
6.72773,0.232294,20.7649,-4.6379e-05,-0.932002,0.362453
397.611,0.148303,20.599,-0.00010513,-0.969956,0.243282
6.72773,0.232294,20.7649,-0.00010513,-0.969956,0.243282
397.602,0.13971,20.5647,-0.00010513,-0.969956,0.243282
7.16828,0.377568,21.1041,2.2618e-05,-0.873189,0.487382
7.06063,0.333488,21.0252,2.2618e-05,-0.873189,0.487382
397.716,0.311838,20.9683,2.2618e-05,-0.873189,0.487382
397.716,0.311838,20.9683,1.14937e-06,-0.932019,0.362408
7.06063,0.333488,21.0252,1.14937e-06,-0.932019,0.362408
6.98841,0.311531,20.9687,1.14937e-06,-0.932019,0.362408
397.716,0.311838,20.9683,1.1947e-06,-0.908562,0.41775
6.98841,0.311531,20.9687,1.1947e-06,-0.908562,0.41775
397.659,0.220328,20.7692,1.1947e-06,-0.908562,0.41775
397.659,0.220328,20.7692,1.19209e-06,-0.908564,0.417746
6.98841,0.311531,20.9687,1.19209e-06,-0.908564,0.417746
397.627,0.168541,20.6566,1.19209e-06,-0.908564,0.417746
6.72773,0.232294,20.7649,-3.51047e-05,-0.932008,0.362439
6.46506,0.152454,20.5596,-3.51047e-05,-0.932008,0.362439
397.602,0.13971,20.5647,-3.51047e-05,-0.932008,0.362439
397.602,0.13971,20.5647,-3.51047e-05,-0.932006,0.362442
6.46506,0.152454,20.5596,-3.51047e-05,-0.932006,0.362442
6.24733,0.0862663,20.3894,-3.51047e-05,-0.932006,0.362442
397.602,0.13971,20.5647,2.34739e-05,-0.969961,0.24326
6.24733,0.0862663,20.3894,2.34739e-05,-0.969961,0.24326
397.493,0.0379712,20.159,2.34739e-05,-0.969961,0.24326
397.493,0.0379712,20.159,-4.94277e-05,-0.99227,0.124101
6.24733,0.0862663,20.3894,-4.94277e-05,-0.99227,0.124101
6.07298,0.0681513,20.2445,-4.94277e-05,-0.99227,0.124101
397.493,0.0379712,20.159,-5.88958e-05,-0.996612,0.0822462
6.07298,0.0681513,20.2445,-5.88958e-05,-0.996612,0.0822462
397.487,0.0362331,20.138,-5.88958e-05,-0.996612,0.0822462
6.07298,0.0681513,20.2445,-4.71567e-05,-0.99227,0.124098
5.9419,0.0545301,20.1355,-4.71567e-05,-0.99227,0.124098
397.487,0.0362331,20.138,-4.71567e-05,-0.99227,0.124098
397.487,0.0362331,20.138,-4.71567e-05,-0.99227,0.124097
5.9419,0.0545301,20.1355,-4.71567e-05,-0.99227,0.124097
5.41809,0.000103078,19.7001,-4.71567e-05,-0.99227,0.124097
397.487,0.0362331,20.138,0.0,-0.996613,0.0822319
5.41809,0.000103078,19.7001,0.0,-0.996613,0.0822319
397.373,0.000103078,19.7001,0.0,-0.996613,0.0822319
9.08585,1.53447,22.1822,-0.642568,0.707964,0.293075
9.34671,1.73624,22.2667,-0.642568,0.707964,0.293075
9.34674,1.84135,22.0129,-0.642568,0.707964,0.293075
9.0858,2.08263,21.11,-0.430736,0.795186,0.426786
9.01936,2.0553,21.0939,-0.430736,0.795186,0.426786
9.01935,1.76252,21.6394,-0.430736,0.795186,0.426786
5.41809,0.600103,19.7001,-0.550195,0.0,0.835036
5.41809,0.598568,19.7001,-0.550195,0.0,0.835036
5.74547,0.609611,19.9158,-0.550195,0.0,0.835036
5.41809,1.2001,19.7001,-0.430723,0.0,0.902484
5.41809,0.600103,19.7001,-0.430723,0.0,0.902484
5.74547,1.21407,19.8563,-0.430723,0.0,0.902484
5.74547,1.21407,19.8563,-0.550008,0.0817587,0.831148
5.41809,0.600103,19.7001,-0.550008,0.0817587,0.831148
5.74547,0.609611,19.9158,-0.550008,0.0817587,0.831148
5.74547,1.21407,19.8563,-0.432086,0.0882857,0.897501
5.74547,0.609611,19.9158,-0.432086,0.0882857,0.897501
5.94194,1.22245,19.9501,-0.432086,0.0882857,0.897501
5.94194,1.22245,19.9501,-0.550732,0.130412,0.824431
5.74547,0.609611,19.9158,-0.550732,0.130412,0.824431
6.07286,0.642186,20.1294,-0.550732,0.130412,0.824431
5.94194,1.22245,19.9501,-0.430125,0.176445,0.885358
6.07286,0.642186,20.1294,-0.430125,0.176445,0.885358
6.01272,1.22547,19.9839,-0.430125,0.176445,0.885358
6.98844,1.38159,20.4237,-0.427545,0.426061,0.797294
7.05503,0.860813,20.7377,-0.427545,0.426061,0.797294
7.09713,1.39898,20.4727,-0.427545,0.426061,0.797294
7.09713,1.39898,20.4727,-0.550348,0.403109,0.731178
7.05503,0.860813,20.7377,-0.550348,0.403109,0.731178
7.38241,0.971226,20.9232,-0.550348,0.403109,0.731178
7.09713,1.39898,20.4727,-0.4283,0.504212,0.749887
7.38241,0.971226,20.9232,-0.4283,0.504212,0.749887
7.38224,1.48532,20.5775,-0.4283,0.504212,0.749887
7.38224,1.48532,20.5775,-0.428256,0.504224,0.749904
7.38241,0.971226,20.9232,-0.428256,0.504224,0.749904
7.51254,1.52477,20.6254,-0.428256,0.504224,0.749904
7.51254,1.52477,20.6254,-0.55006,0.492322,0.674576
7.38241,0.971226,20.9232,-0.55006,0.492322,0.674576
7.7098,1.09903,21.0969,-0.55006,0.492322,0.674576
7.51254,1.52477,20.6254,-0.429951,0.573318,0.697458
7.7098,1.09903,21.0969,-0.429951,0.573318,0.697458
7.70991,1.58453,20.6979,-0.429951,0.573318,0.697458
8.03752,1.68373,20.8183,-0.436038,0.635187,0.637502
8.03719,1.24338,21.2568,-0.436038,0.635187,0.637502
8.03775,1.6838,20.8184,-0.436038,0.635187,0.637502
8.03775,1.6838,20.8184,-0.549163,0.589955,0.591924
8.03719,1.24338,21.2568,-0.549163,0.589955,0.591924
8.36457,1.40328,21.4012,-0.549163,0.589955,0.591924
8.03775,1.6838,20.8184,-0.423273,0.700525,0.574547
8.36457,1.40328,21.4012,-0.423273,0.700525,0.574547
8.33461,1.77369,20.9275,-0.423273,0.700525,0.574547
8.33461,1.77369,20.9275,-0.42692,0.69906,0.573632
8.36457,1.40328,21.4012,-0.42692,0.69906,0.573632
8.56167,1.86707,20.9827,-0.42692,0.69906,0.573632
8.56167,1.86707,20.9827,-0.550054,0.676114,0.490214
8.36457,1.40328,21.4012,-0.550054,0.676114,0.490214
8.69197,1.57697,21.529,-0.550054,0.676114,0.490214
8.56167,1.86707,20.9827,-0.430489,0.750613,0.501257
8.69197,1.57697,21.529,-0.430489,0.750613,0.501257
8.69173,1.92056,21.0143,-0.430489,0.750613,0.501257
9.42013,2.22012,21.1913,-0.430554,0.864008,0.260987
9.67413,2.16139,21.8047,-0.430554,0.864008,0.260987
9.60922,2.30723,21.2149,-0.430554,0.864008,0.260987
9.60922,2.30723,21.2149,-0.550162,0.794535,0.256972
9.67413,2.16139,21.8047,-0.550162,0.794535,0.256972
10.0015,2.37085,21.858,-0.550162,0.794535,0.256972
9.60922,2.30723,21.2149,-0.431214,0.885022,0.175471
10.0015,2.37085,21.858,-0.431214,0.885022,0.175471
10.0016,2.49291,21.2425,-0.431214,0.885022,0.175471
10.0016,2.49291,21.2425,-0.430798,0.885217,0.17551
10.0015,2.37085,21.858,-0.430798,0.885217,0.17551
10.1329,2.55455,21.254,-0.430798,0.885217,0.17551
10.1329,2.55455,21.254,-0.55073,0.824354,0.130908
10.0015,2.37085,21.858,-0.55073,0.824354,0.130908
10.3289,2.5844,21.8906,-0.55073,0.824354,0.130908
10.1329,2.55455,21.254,-0.429504,0.898559,0.090103
10.3289,2.5844,21.8906,-0.429504,0.898559,0.090103
10.3292,2.64664,21.2713,-0.429504,0.898559,0.090103
10.0015,2.3114,22.1569,-0.641791,0.751764,0.151511
10.1326,2.36522,22.4451,-0.641791,0.751764,0.151511
10.5629,2.72171,22.499,-0.641791,0.751764,0.151511
9.34671,1.73624,22.2667,-0.642562,0.707969,0.293077
9.6093,1.93935,22.3518,-0.642562,0.707969,0.293077
9.34674,1.84135,22.0129,-0.642562,0.707969,0.293077
9.34674,1.84135,22.0129,-0.642568,0.707961,0.293083
9.6093,1.93935,22.3518,-0.642568,0.707961,0.293083
9.74861,2.04711,22.397,-0.642568,0.707961,0.293083
9.34674,1.84135,22.0129,-0.600295,0.770198,0.215502
9.74861,2.04711,22.397,-0.600295,0.770198,0.215502
10.0015,2.3114,22.1569,-0.600295,0.770198,0.215502
10.0015,2.3114,22.1569,-0.641784,0.751769,0.151514
9.74861,2.04711,22.397,-0.641784,0.751769,0.151514
10.0015,2.25658,22.4286,-0.641784,0.751769,0.151514
10.0015,2.3114,22.1569,-0.641792,0.751762,0.151512
10.0015,2.25658,22.4286,-0.641792,0.751762,0.151512
10.1326,2.36522,22.4451,-0.641792,0.751762,0.151512
8.81654,1.33152,22.0841,-0.641151,0.616442,0.457082
8.9201,1.40626,22.1285,-0.641151,0.616442,0.457082
8.69204,1.25022,22.0191,-0.641151,0.616442,0.457082
8.69204,1.25022,22.0191,-0.641165,0.639053,0.424874
8.9201,1.40626,22.1285,-0.641165,0.639053,0.424874
8.69197,1.40759,21.7823,-0.641165,0.639053,0.424874
8.69204,1.25022,22.0191,-0.63992,0.639919,0.425449
8.69197,1.40759,21.7823,-0.63992,0.639919,0.425449
8.5621,1.16537,21.9512,-0.63992,0.639919,0.425449
8.5621,1.16537,21.9512,-0.598635,0.648756,0.469843
8.69197,1.40759,21.7823,-0.598635,0.648756,0.469843
8.03719,1.0278,21.4724,-0.598635,0.648756,0.469843
8.5621,1.16537,21.9512,-0.639001,0.543485,0.544337
8.03719,1.0278,21.4724,-0.639001,0.543485,0.544337
8.03708,0.822555,21.6772,-0.639001,0.543485,0.544337
8.03708,0.822555,21.6772,-0.639049,0.543456,0.544309
8.03719,1.0278,21.4724,-0.639049,0.543456,0.544309
7.99957,0.798063,21.6576,-0.639049,0.543456,0.544309
7.99957,0.798063,21.6576,-0.638024,0.5439,0.545067
8.03719,1.0278,21.4724,-0.638024,0.5439,0.545067
7.51241,0.55164,21.3333,-0.638024,0.5439,0.545067
7.51241,0.55164,21.3333,-0.598643,0.470296,0.64842
8.03719,1.0278,21.4724,-0.598643,0.470296,0.64842
7.38241,0.717956,21.0926,-0.598643,0.470296,0.64842
7.51241,0.55164,21.3333,-0.640719,0.424685,0.639626
7.38241,0.717956,21.0926,-0.640719,0.424685,0.639626
7.38238,0.485863,21.2467,-0.640719,0.424685,0.639626
7.16828,0.377568,21.1041,-0.641198,0.441758,0.627466
7.38238,0.485863,21.2467,-0.641198,0.441758,0.627466
7.06063,0.333488,21.0252,-0.641198,0.441758,0.627466
7.06063,0.333488,21.0252,-0.64117,0.424477,0.639313
7.38238,0.485863,21.2467,-0.64117,0.424477,0.639313
7.38241,0.717956,21.0926,-0.64117,0.424477,0.639313
7.06063,0.333488,21.0252,-0.635046,0.417487,0.649939
7.38241,0.717956,21.0926,-0.635046,0.417487,0.649939
6.98841,0.311531,20.9687,-0.635046,0.417487,0.649939
6.98841,0.311531,20.9687,-0.600108,0.364716,0.711936
7.38241,0.717956,21.0926,-0.600108,0.364716,0.711936
6.72764,0.487288,20.6589,-0.600108,0.364716,0.711936
6.98841,0.311531,20.9687,-0.64253,0.29409,0.707578
6.72764,0.487288,20.6589,-0.64253,0.29409,0.707578
6.72773,0.232294,20.7649,-0.64253,0.29409,0.707578
6.72773,0.232294,20.7649,-0.642529,0.29409,0.707578
6.72764,0.487288,20.6589,-0.642529,0.29409,0.707578
6.46506,0.152454,20.5596,-0.642529,0.29409,0.707578
6.07286,0.343349,20.1888,-0.641077,0.151869,0.752301
6.07298,0.0681513,20.2445,-0.641077,0.151869,0.752301
6.24733,0.0862663,20.3894,-0.641077,0.151869,0.752301
6.07298,0.0681513,20.2445,-0.641101,0.151865,0.752281
6.07286,0.343349,20.1888,-0.641101,0.151865,0.752281
5.9419,0.0545301,20.1355,-0.641101,0.151865,0.752281
5.9419,0.0545301,20.1355,-0.599489,0.125958,0.79041
6.07286,0.343349,20.1888,-0.599489,0.125958,0.79041
5.41809,0.293692,19.7001,-0.599489,0.125958,0.79041
5.9419,0.0545301,20.1355,-0.639222,0.0,0.769022
5.41809,0.293692,19.7001,-0.639222,0.0,0.769022
5.41809,0.000103078,19.7001,-0.639222,0.0,0.769022
10.6563,2.8001,21.9016,-0.598134,0.801396,0.0
10.0015,2.3114,22.1569,-0.598134,0.801396,0.0
10.6563,2.8001,22.2065,-0.598134,0.801396,0.0
10.6563,2.8001,22.2065,-0.599104,0.800334,0.0232268
10.0015,2.3114,22.1569,-0.599104,0.800334,0.0232268
10.5629,2.72171,22.499,-0.599104,0.800334,0.0232268
10.6563,2.8001,22.2065,-0.642951,0.765907,0.0
10.5629,2.72171,22.499,-0.642951,0.765907,0.0
10.6563,2.8001,22.5001,-0.642951,0.765907,0.0
9.42013,2.22012,21.1913,-0.550889,0.777804,0.302559
9.34674,1.95797,21.7316,-0.550889,0.777804,0.302559
9.67413,2.16139,21.8047,-0.550889,0.777804,0.302559
9.67413,2.16139,21.8047,-0.550578,0.77115,0.319674
9.34674,1.95797,21.7316,-0.550578,0.77115,0.319674
9.34674,1.84135,22.0129,-0.550578,0.77115,0.319674
9.67413,2.16139,21.8047,-0.54655,0.771279,0.326207
9.34674,1.84135,22.0129,-0.54655,0.771279,0.326207
10.0015,2.37085,21.858,-0.54655,0.771279,0.326207
10.0015,2.37085,21.858,-0.598455,0.785761,0.156305
9.34674,1.84135,22.0129,-0.598455,0.785761,0.156305
10.0015,2.3114,22.1569,-0.598455,0.785761,0.156305
10.0015,2.37085,21.858,-0.550349,0.818891,0.162895
10.0015,2.3114,22.1569,-0.550349,0.818891,0.162895
10.3289,2.5844,21.8906,-0.550349,0.818891,0.162895
10.3289,2.5844,21.8906,-0.546215,0.820327,0.16945
10.0015,2.3114,22.1569,-0.546215,0.820327,0.16945
10.6563,2.8001,21.9016,-0.546215,0.820327,0.16945
10.3289,2.5844,21.8906,-0.550239,0.830848,0.0832397
10.6563,2.8001,21.9016,-0.550239,0.830848,0.0832397
10.3292,2.64664,21.2713,-0.550239,0.830848,0.0832397
10.3292,2.64664,21.2713,-0.424761,0.905306,0.0
10.6563,2.8001,21.9016,-0.424761,0.905306,0.0
10.6563,2.8001,21.9001,-0.424761,0.905306,0.0
10.3292,2.64664,21.2713,-0.424761,0.905306,0.0
10.6563,2.8001,21.9001,-0.424761,0.905306,0.0
10.6563,2.8001,21.3001,-0.424761,0.905306,0.0
9.42013,2.22012,21.1913,-0.427608,0.83474,0.346929
9.0858,2.08263,21.11,-0.427608,0.83474,0.346929
9.34674,1.95797,21.7316,-0.427608,0.83474,0.346929
9.34674,1.95797,21.7316,-0.550691,0.743084,0.380218
9.0858,2.08263,21.11,-0.550691,0.743084,0.380218
9.01935,1.76252,21.6394,-0.550691,0.743084,0.380218
9.34674,1.95797,21.7316,-0.550451,0.771227,0.319706
9.01935,1.76252,21.6394,-0.550451,0.771227,0.319706
9.34674,1.84135,22.0129,-0.550451,0.771227,0.319706
9.34674,1.84135,22.0129,-0.600152,0.705383,0.377164
9.01935,1.76252,21.6394,-0.600152,0.705383,0.377164
8.69197,1.40759,21.7823,-0.600152,0.705383,0.377164
9.34674,1.84135,22.0129,-0.600112,0.711674,0.365221
8.69197,1.40759,21.7823,-0.600112,0.711674,0.365221
9.08585,1.53447,22.1822,-0.600112,0.711674,0.365221
9.08585,1.53447,22.1822,-0.636298,0.645986,0.421694
8.69197,1.40759,21.7823,-0.636298,0.645986,0.421694
8.9201,1.40626,22.1285,-0.636298,0.645986,0.421694
9.01936,2.0553,21.0939,-0.43074,0.795184,0.426785
8.69173,1.92056,21.0143,-0.43074,0.795184,0.426785
9.01935,1.76252,21.6394,-0.43074,0.795184,0.426785
9.01935,1.76252,21.6394,-0.550034,0.694485,0.463846
8.69173,1.92056,21.0143,-0.550034,0.694485,0.463846
8.69197,1.57697,21.529,-0.550034,0.694485,0.463846
9.01935,1.76252,21.6394,-0.550021,0.694207,0.464277
8.69197,1.57697,21.529,-0.550021,0.694207,0.464277
8.69197,1.40759,21.7823,-0.550021,0.694207,0.464277
8.69197,1.40759,21.7823,-0.549677,0.694395,0.464403
8.69197,1.57697,21.529,-0.549677,0.694395,0.464403
8.36457,1.40328,21.4012,-0.549677,0.694395,0.464403
8.69197,1.40759,21.7823,-0.599269,0.61883,0.507864
8.36457,1.40328,21.4012,-0.599269,0.61883,0.507864
8.03719,1.0278,21.4724,-0.599269,0.61883,0.507864
8.03719,1.0278,21.4724,-0.549196,0.590927,0.590923
8.36457,1.40328,21.4012,-0.549196,0.590927,0.590923
8.03719,1.24338,21.2568,-0.549196,0.590927,0.590923
8.03719,1.0278,21.4724,-0.597298,0.567115,0.567111
8.03719,1.24338,21.2568,-0.597298,0.567115,0.567111
7.38241,0.717956,21.0926,-0.597298,0.567115,0.567111
8.03752,1.68373,20.8183,-0.428362,0.63778,0.640112
7.70991,1.58453,20.6979,-0.428362,0.63778,0.640112
8.03719,1.24338,21.2568,-0.428362,0.63778,0.640112
8.03719,1.24338,21.2568,-0.549265,0.530663,0.645527
7.70991,1.58453,20.6979,-0.549265,0.530663,0.645527
7.7098,1.09903,21.0969,-0.549265,0.530663,0.645527
8.03719,1.24338,21.2568,-0.545179,0.460467,0.700536
7.7098,1.09903,21.0969,-0.545179,0.460467,0.700536
7.38241,0.717956,21.0926,-0.545179,0.460467,0.700536
7.38241,0.717956,21.0926,-0.549677,0.4644,0.694398
7.7098,1.09903,21.0969,-0.549677,0.4644,0.694398
7.38241,0.971226,20.9232,-0.549677,0.4644,0.694398
7.38241,0.717956,21.0926,-0.598202,0.445481,0.666109
7.38241,0.971226,20.9232,-0.598202,0.445481,0.666109
6.72764,0.487288,20.6589,-0.598202,0.445481,0.666109
6.72764,0.487288,20.6589,-0.546141,0.314863,0.776268
7.38241,0.971226,20.9232,-0.546141,0.314863,0.776268
7.05503,0.860813,20.7377,-0.546141,0.314863,0.776268
6.72764,0.487288,20.6589,-0.55045,0.319703,0.771229
7.05503,0.860813,20.7377,-0.55045,0.319703,0.771229
6.72764,0.768616,20.5422,-0.55045,0.319703,0.771229
6.72764,0.768616,20.5422,-0.550721,0.378224,0.744079
7.05503,0.860813,20.7377,-0.550721,0.378224,0.744079
6.98844,1.38159,20.4237,-0.550721,0.378224,0.744079
6.72764,0.768616,20.5422,-0.431015,0.34467,0.833923
6.98844,1.38159,20.4237,-0.431015,0.34467,0.833923
6.72776,1.33988,20.3062,-0.431015,0.34467,0.833923
6.72776,1.33988,20.3062,-0.432763,0.344351,0.83315
6.46512,1.28813,20.1912,-0.432763,0.344351,0.83315
6.72764,0.768616,20.5422,-0.432763,0.344351,0.83315
6.72764,0.768616,20.5422,-0.55085,0.258032,0.793715
6.46512,1.28813,20.1912,-0.55085,0.258032,0.793715
6.40026,0.695464,20.3388,-0.55085,0.258032,0.793715
6.72764,0.768616,20.5422,-0.550595,0.319667,0.771141
6.40026,0.695464,20.3388,-0.550595,0.319667,0.771141
6.72764,0.487288,20.6589,-0.550595,0.319667,0.771141
6.72764,0.487288,20.6589,-0.600407,0.232243,0.765229
6.40026,0.695464,20.3388,-0.600407,0.232243,0.765229
6.07286,0.343349,20.1888,-0.600407,0.232243,0.765229
6.72764,0.487288,20.6589,-0.600368,0.245121,0.761232
6.07286,0.343349,20.1888,-0.600368,0.245121,0.761232
6.46506,0.152454,20.5596,-0.600368,0.245121,0.761232
6.46506,0.152454,20.5596,-0.637373,0.156151,0.754568
6.07286,0.343349,20.1888,-0.637373,0.156151,0.754568
6.24733,0.0862663,20.3894,-0.637373,0.156151,0.754568
5.41809,0.598568,19.7001,-0.550195,0.0,0.835036
5.41809,0.293692,19.7001,-0.550195,0.0,0.835036
5.74547,0.609611,19.9158,-0.550195,0.0,0.835036
5.74547,0.609611,19.9158,-0.600106,0.0783221,0.796077
5.41809,0.293692,19.7001,-0.600106,0.0783221,0.796077
6.07286,0.343349,20.1888,-0.600106,0.0783221,0.796077
5.74547,0.609611,19.9158,-0.550349,0.162893,0.81889
6.07286,0.343349,20.1888,-0.550349,0.162893,0.81889
6.07286,0.642186,20.1294,-0.550349,0.162893,0.81889
6.07286,0.642186,20.1294,-0.55039,0.162888,0.818864
6.07286,0.343349,20.1888,-0.55039,0.162888,0.818864
6.40026,0.695464,20.3388,-0.55039,0.162888,0.818864
6.07286,0.642186,20.1294,-0.549966,0.148268,0.821921
6.40026,0.695464,20.3388,-0.549966,0.148268,0.821921
6.01272,1.22547,19.9839,-0.549966,0.148268,0.821921
6.01272,1.22547,19.9839,-0.431718,0.262264,0.863039
6.40026,0.695464,20.3388,-0.431718,0.262264,0.863039
6.46512,1.28813,20.1912,-0.431718,0.262264,0.863039
0.000104308,1.2001,0.000102445,0.0,1.0,0.0
0.000104308,1.2001,16.442,0.0,1.0,0.0
5.41809,1.2001,19.7001,0.0,1.0,0.0
106.866,1.2001,15.8549,0.0,1.0,0.0
106.147,1.2001,15.6006,0.0,1.0,0.0
5.41809,1.2001,19.7001,0.0,1.0,0.0
5.41809,1.2001,19.7001,0.0,1.0,0.0
106.147,1.2001,15.6006,0.0,1.0,0.0
105.48,1.2001,15.2284,0.0,1.0,0.0
5.41809,1.2001,19.7001,0.0,1.0,0.0
105.48,1.2001,15.2284,0.0,1.0,0.0
104.886,1.2001,14.7489,0.0,1.0,0.0
104.886,1.2001,14.7489,0.0,1.0,0.0
104.382,1.2001,14.176,0.0,1.0,0.0
5.41809,1.2001,19.7001,0.0,1.0,0.0
5.41809,1.2001,19.7001,0.0,1.0,0.0
104.382,1.2001,14.176,0.0,1.0,0.0
103.982,1.2001,13.526,0.0,1.0,0.0
5.41809,1.2001,19.7001,0.0,1.0,0.0
103.982,1.2001,13.526,0.0,1.0,0.0
103.697,1.2001,12.8178,0.0,1.0,0.0
103.697,1.2001,12.8178,0.0,1.0,0.0
103.537,1.2001,12.0717,0.0,1.0,0.0
5.41809,1.2001,19.7001,0.0,1.0,0.0
5.41809,1.2001,19.7001,0.0,1.0,0.0
103.537,1.2001,12.0717,0.0,1.0,0.0
103.504,1.2001,11.3091,0.0,1.0,0.0
5.41809,1.2001,19.7001,0.0,1.0,0.0
103.504,1.2001,11.3091,0.0,1.0,0.0
0.000104308,1.2001,0.000102445,0.0,1.0,0.0
0.000104308,1.2001,0.000102445,0.0,1.0,0.0
103.504,1.2001,11.3091,0.0,1.0,0.0
103.601,1.2001,10.552,0.0,1.0,0.0
0.000104308,1.2001,0.000102445,0.0,1.0,0.0
103.601,1.2001,10.552,0.0,1.0,0.0
103.825,1.2001,9.82225,0.0,1.0,0.0
112.464,1.2001,12.0717,0.0,1.0,0.0
112.303,1.2001,12.8178,0.0,1.0,0.0
397.373,1.2001,19.7001,0.0,1.0,0.0
111.114,1.2001,14.7489,0.0,1.0,0.0
110.52,1.2001,15.2284,0.0,1.0,0.0
397.373,1.2001,19.7001,0.0,1.0,0.0
397.373,1.2001,19.7001,0.0,1.0,0.0
110.52,1.2001,15.2284,0.0,1.0,0.0
109.854,1.2001,15.6006,0.0,1.0,0.0
109.854,1.2001,15.6006,0.0,1.0,0.0
109.134,1.2001,15.8549,0.0,1.0,0.0
397.373,1.2001,19.7001,0.0,1.0,0.0
397.373,1.2001,19.7001,0.0,1.0,0.0
109.134,1.2001,15.8549,0.0,1.0,0.0
108.382,1.2001,15.9839,0.0,1.0,0.0
397.373,1.2001,19.7001,0.0,1.0,0.0
108.382,1.2001,15.9839,0.0,1.0,0.0
5.41809,1.2001,19.7001,0.0,1.0,0.0
5.41809,1.2001,19.7001,0.0,1.0,0.0
108.382,1.2001,15.9839,0.0,1.0,0.0
107.618,1.2001,15.9839,0.0,1.0,0.0
5.41809,1.2001,19.7001,0.0,1.0,0.0
107.618,1.2001,15.9839,0.0,1.0,0.0
106.866,1.2001,15.8549,0.0,1.0,0.0
110.827,1.2001,7.99894,0.0,1.0,0.0
390.219,1.2001,0.000102445,0.0,1.0,0.0
110.195,1.2001,7.57154,0.0,1.0,0.0
110.195,1.2001,7.57154,0.0,1.0,0.0
390.219,1.2001,0.000102445,0.0,1.0,0.0
109.499,1.2001,7.25715,0.0,1.0,0.0
397.373,1.2001,19.7001,0.0,1.0,0.0
111.832,1.2001,9.14072,0.0,1.0,0.0
112.176,1.2001,9.82225,0.0,1.0,0.0
112.303,1.2001,12.8178,0.0,1.0,0.0
112.018,1.2001,13.526,0.0,1.0,0.0
397.373,1.2001,19.7001,0.0,1.0,0.0
397.373,1.2001,19.7001,0.0,1.0,0.0
112.018,1.2001,13.526,0.0,1.0,0.0
111.618,1.2001,14.176,0.0,1.0,0.0
397.373,1.2001,19.7001,0.0,1.0,0.0
111.618,1.2001,14.176,0.0,1.0,0.0
111.114,1.2001,14.7489,0.0,1.0,0.0
105.173,1.2001,7.99894,0.0,1.0,0.0
105.805,1.2001,7.57154,0.0,1.0,0.0
0.000104308,1.2001,0.000102445,0.0,1.0,0.0
0.000104308,1.2001,0.000102445,0.0,1.0,0.0
105.805,1.2001,7.57154,0.0,1.0,0.0
106.501,1.2001,7.25715,0.0,1.0,0.0
112.176,1.2001,9.82225,0.0,1.0,0.0
112.399,1.2001,10.552,0.0,1.0,0.0
397.373,1.2001,19.7001,0.0,1.0,0.0
397.373,1.2001,19.7001,0.0,1.0,0.0
112.399,1.2001,10.552,0.0,1.0,0.0
112.496,1.2001,11.3091,0.0,1.0,0.0
397.373,1.2001,19.7001,0.0,1.0,0.0
112.496,1.2001,11.3091,0.0,1.0,0.0
112.464,1.2001,12.0717,0.0,1.0,0.0
103.825,1.2001,9.82225,0.0,1.0,0.0
104.168,1.2001,9.14072,0.0,1.0,0.0
0.000104308,1.2001,0.000102445,0.0,1.0,0.0
0.000104308,1.2001,0.000102445,0.0,1.0,0.0
104.168,1.2001,9.14072,0.0,1.0,0.0
104.622,1.2001,8.52707,0.0,1.0,0.0
0.000104308,1.2001,0.000102445,0.0,1.0,0.0
104.622,1.2001,8.52707,0.0,1.0,0.0
105.173,1.2001,7.99894,0.0,1.0,0.0
106.501,1.2001,7.25715,0.0,1.0,0.0
107.24,1.2001,7.06483,0.0,1.0,0.0
0.000104308,1.2001,0.000102445,0.0,1.0,0.0
0.000104308,1.2001,0.000102445,0.0,1.0,0.0
107.24,1.2001,7.06483,0.0,1.0,0.0
108.0,1.2001,7.0001,0.0,1.0,0.0
0.000104308,1.2001,0.000102445,0.0,1.0,0.0
108.0,1.2001,7.0001,0.0,1.0,0.0
390.219,1.2001,0.000102445,0.0,1.0,0.0
390.219,1.2001,0.000102445,0.0,1.0,0.0
108.0,1.2001,7.0001,0.0,1.0,0.0
108.761,1.2001,7.06483,0.0,1.0,0.0
390.219,1.2001,0.000102445,0.0,1.0,0.0
108.761,1.2001,7.06483,0.0,1.0,0.0
109.499,1.2001,7.25715,0.0,1.0,0.0
333.015,1.2001,11.1285,0.0,1.0,0.0
110.827,1.2001,7.99894,0.0,1.0,0.0
333.015,1.2001,11.8717,0.0,1.0,0.0
333.015,1.2001,11.8717,0.0,1.0,0.0
110.827,1.2001,7.99894,0.0,1.0,0.0
111.378,1.2001,8.52707,0.0,1.0,0.0
333.015,1.2001,11.8717,0.0,1.0,0.0
111.378,1.2001,8.52707,0.0,1.0,0.0
333.138,1.2001,12.6048,0.0,1.0,0.0
352.862,1.2001,10.3954,0.0,1.0,0.0
352.985,1.2001,11.1285,0.0,1.0,0.0
390.219,1.2001,0.000102445,0.0,1.0,0.0
111.378,1.2001,8.52707,0.0,1.0,0.0
336.759,1.2001,15.9387,0.0,1.0,0.0
336.039,1.2001,15.7563,0.0,1.0,0.0
390.219,1.2001,0.000102445,0.0,1.0,0.0
352.985,1.2001,11.1285,0.0,1.0,0.0
397.373,1.2001,19.7001,0.0,1.0,0.0
111.832,1.2001,9.14072,0.0,1.0,0.0
397.373,1.2001,19.7001,0.0,1.0,0.0
111.378,1.2001,8.52707,0.0,1.0,0.0
111.378,1.2001,8.52707,0.0,1.0,0.0
397.373,1.2001,19.7001,0.0,1.0,0.0
337.5,1.2001,16.0001,0.0,1.0,0.0
111.378,1.2001,8.52707,0.0,1.0,0.0
337.5,1.2001,16.0001,0.0,1.0,0.0
336.759,1.2001,15.9387,0.0,1.0,0.0
336.039,1.2001,15.7563,0.0,1.0,0.0
335.358,1.2001,15.4577,0.0,1.0,0.0
111.378,1.2001,8.52707,0.0,1.0,0.0
111.378,1.2001,8.52707,0.0,1.0,0.0
335.358,1.2001,15.4577,0.0,1.0,0.0
334.736,1.2001,15.0512,0.0,1.0,0.0
111.378,1.2001,8.52707,0.0,1.0,0.0
334.736,1.2001,15.0512,0.0,1.0,0.0
334.189,1.2001,14.5479,0.0,1.0,0.0
334.189,1.2001,14.5479,0.0,1.0,0.0
333.733,1.2001,13.9614,0.0,1.0,0.0
111.378,1.2001,8.52707,0.0,1.0,0.0
111.378,1.2001,8.52707,0.0,1.0,0.0
333.733,1.2001,13.9614,0.0,1.0,0.0
333.379,1.2001,13.3077,0.0,1.0,0.0
111.378,1.2001,8.52707,0.0,1.0,0.0
333.379,1.2001,13.3077,0.0,1.0,0.0
333.138,1.2001,12.6048,0.0,1.0,0.0
350.642,1.2001,7.54247,0.0,1.0,0.0
351.264,1.2001,7.94897,0.0,1.0,0.0
390.219,1.2001,0.000102445,0.0,1.0,0.0
390.219,1.2001,0.000102445,0.0,1.0,0.0
351.264,1.2001,7.94897,0.0,1.0,0.0
351.811,1.2001,8.45234,0.0,1.0,0.0
351.811,1.2001,8.45234,0.0,1.0,0.0
352.267,1.2001,9.03884,0.0,1.0,0.0
390.219,1.2001,0.000102445,0.0,1.0,0.0
390.219,1.2001,0.000102445,0.0,1.0,0.0
352.267,1.2001,9.03884,0.0,1.0,0.0
352.621,1.2001,9.69247,0.0,1.0,0.0
390.219,1.2001,0.000102445,0.0,1.0,0.0
352.621,1.2001,9.69247,0.0,1.0,0.0
352.862,1.2001,10.3954,0.0,1.0,0.0
352.985,1.2001,11.1285,0.0,1.0,0.0
352.985,1.2001,11.8717,0.0,1.0,0.0
397.373,1.2001,19.7001,0.0,1.0,0.0
397.373,1.2001,19.7001,0.0,1.0,0.0
352.985,1.2001,11.8717,0.0,1.0,0.0
352.862,1.2001,12.6048,0.0,1.0,0.0
397.373,1.2001,19.7001,0.0,1.0,0.0
352.862,1.2001,12.6048,0.0,1.0,0.0
352.621,1.2001,13.3077,0.0,1.0,0.0
351.264,1.2001,15.0512,0.0,1.0,0.0
350.642,1.2001,15.4577,0.0,1.0,0.0
397.373,1.2001,19.7001,0.0,1.0,0.0
397.373,1.2001,19.7001,0.0,1.0,0.0
350.642,1.2001,15.4577,0.0,1.0,0.0
349.961,1.2001,15.7563,0.0,1.0,0.0
349.961,1.2001,15.7563,0.0,1.0,0.0
349.241,1.2001,15.9387,0.0,1.0,0.0
397.373,1.2001,19.7001,0.0,1.0,0.0
397.373,1.2001,19.7001,0.0,1.0,0.0
349.241,1.2001,15.9387,0.0,1.0,0.0
348.5,1.2001,16.0001,0.0,1.0,0.0
397.373,1.2001,19.7001,0.0,1.0,0.0
348.5,1.2001,16.0001,0.0,1.0,0.0
337.5,1.2001,16.0001,0.0,1.0,0.0
333.015,1.2001,11.1285,0.0,1.0,0.0
333.138,1.2001,10.3954,0.0,1.0,0.0
110.827,1.2001,7.99894,0.0,1.0,0.0
110.827,1.2001,7.99894,0.0,1.0,0.0
333.138,1.2001,10.3954,0.0,1.0,0.0
333.379,1.2001,9.69247,0.0,1.0,0.0
110.827,1.2001,7.99894,0.0,1.0,0.0
333.379,1.2001,9.69247,0.0,1.0,0.0
333.733,1.2001,9.03884,0.0,1.0,0.0
333.733,1.2001,9.03884,0.0,1.0,0.0
334.189,1.2001,8.45234,0.0,1.0,0.0
110.827,1.2001,7.99894,0.0,1.0,0.0
110.827,1.2001,7.99894,0.0,1.0,0.0
334.189,1.2001,8.45234,0.0,1.0,0.0
334.736,1.2001,7.94897,0.0,1.0,0.0
110.827,1.2001,7.99894,0.0,1.0,0.0
334.736,1.2001,7.94897,0.0,1.0,0.0
335.358,1.2001,7.54247,0.0,1.0,0.0
348.5,1.2001,7.0001,0.0,1.0,0.0
349.241,1.2001,7.06148,0.0,1.0,0.0
390.219,1.2001,0.000102445,0.0,1.0,0.0
390.219,1.2001,0.000102445,0.0,1.0,0.0
349.241,1.2001,7.06148,0.0,1.0,0.0
349.961,1.2001,7.24393,0.0,1.0,0.0
390.219,1.2001,0.000102445,0.0,1.0,0.0
349.961,1.2001,7.24393,0.0,1.0,0.0
350.642,1.2001,7.54247,0.0,1.0,0.0
352.621,1.2001,13.3077,0.0,1.0,0.0
352.267,1.2001,13.9614,0.0,1.0,0.0
397.373,1.2001,19.7001,0.0,1.0,0.0
397.373,1.2001,19.7001,0.0,1.0,0.0
352.267,1.2001,13.9614,0.0,1.0,0.0
351.811,1.2001,14.5479,0.0,1.0,0.0
397.373,1.2001,19.7001,0.0,1.0,0.0
351.811,1.2001,14.5479,0.0,1.0,0.0
351.264,1.2001,15.0512,0.0,1.0,0.0
335.358,1.2001,7.54247,0.0,1.0,0.0
336.039,1.2001,7.24393,0.0,1.0,0.0
110.827,1.2001,7.99894,0.0,1.0,0.0
110.827,1.2001,7.99894,0.0,1.0,0.0
336.039,1.2001,7.24393,0.0,1.0,0.0
336.759,1.2001,7.06148,0.0,1.0,0.0
110.827,1.2001,7.99894,0.0,1.0,0.0
336.759,1.2001,7.06148,0.0,1.0,0.0
390.219,1.2001,0.000102445,0.0,1.0,0.0
390.219,1.2001,0.000102445,0.0,1.0,0.0
336.759,1.2001,7.06148,0.0,1.0,0.0
337.5,1.2001,7.0001,0.0,1.0,0.0
390.219,1.2001,0.000102445,0.0,1.0,0.0
337.5,1.2001,7.0001,0.0,1.0,0.0
348.5,1.2001,7.0001,0.0,1.0,0.0
397.911,1.6168,20.777,0.909451,-0.294074,-0.293972
397.945,1.672,20.8279,0.909451,-0.294074,-0.293972
397.945,1.45871,21.0415,0.909451,-0.294074,-0.293972
397.611,0.148303,20.599,0.966976,-0.0965454,-0.235873
397.602,0.13971,20.5647,0.966976,-0.0965454,-0.235873
397.659,0.768571,20.5423,0.966976,-0.0965454,-0.235873
397.373,0.000103078,19.7001,0.967536,0.0,-0.252733
397.373,0.59852,19.7001,0.967536,0.0,-0.252733
397.487,0.0362331,20.138,0.967536,0.0,-0.252733
397.487,0.0362331,20.138,0.94874,-0.0500331,-0.312072
397.373,0.59852,19.7001,0.94874,-0.0500331,-0.312072
397.659,0.768571,20.5423,0.94874,-0.0500331,-0.312072
397.487,0.0362331,20.138,0.96513,-0.0905639,-0.245608
397.659,0.768571,20.5423,0.96513,-0.0905639,-0.245608
397.493,0.0379712,20.159,0.96513,-0.0905639,-0.245608
397.493,0.0379712,20.159,0.967164,-0.0965351,-0.235105
397.659,0.768571,20.5423,0.967164,-0.0965351,-0.235105
397.602,0.13971,20.5647,0.967164,-0.0965351,-0.235105
397.627,0.168541,20.6566,0.967812,-0.093467,-0.233674
397.611,0.148303,20.599,0.967812,-0.093467,-0.233674
397.659,0.220328,20.7692,0.967812,-0.093467,-0.233674
397.659,0.220328,20.7692,0.967822,-0.0963006,-0.232478
397.611,0.148303,20.599,0.967822,-0.0963006,-0.232478
397.659,0.768571,20.5423,0.967822,-0.0963006,-0.232478
397.659,0.220328,20.7692,0.967787,-0.0963533,-0.232605
397.659,0.768571,20.5423,0.967787,-0.0963533,-0.232605
397.716,0.311838,20.9683,0.967787,-0.0963533,-0.232605
397.716,0.311838,20.9683,0.948095,-0.14555,-0.282721
397.659,0.768571,20.5423,0.948095,-0.14555,-0.282721
397.945,1.24335,21.2569,0.948095,-0.14555,-0.282721
397.881,0.653621,21.4981,0.967482,-0.168299,-0.188821
397.865,0.614972,21.4509,0.967482,-0.168299,-0.188821
397.945,0.826916,21.6734,0.967482,-0.168299,-0.188821
397.945,0.826916,21.6734,0.967393,-0.162805,-0.194022
397.865,0.614972,21.4509,0.967393,-0.162805,-0.194022
397.83,0.541141,21.3416,0.967393,-0.162805,-0.194022
397.945,0.826916,21.6734,0.967226,-0.179562,-0.179529
397.83,0.541141,21.3416,0.967226,-0.179562,-0.179529
397.945,1.24335,21.2569,0.967226,-0.179562,-0.179529
397.945,1.24335,21.2569,0.966616,-0.179825,-0.182531
397.83,0.541141,21.3416,0.966616,-0.179825,-0.182531
397.746,0.360948,21.0751,0.966616,-0.179825,-0.182531
397.945,1.24335,21.2569,0.96475,-0.17686,-0.194881
397.746,0.360948,21.0751,0.96475,-0.17686,-0.194881
397.716,0.311838,20.9683,0.96475,-0.17686,-0.194881
398.231,1.95795,21.7316,0.967752,-0.23275,-0.0963527
398.231,1.73044,22.2812,0.967752,-0.23275,-0.0963527
398.174,1.5325,22.1874,0.967752,-0.23275,-0.0963527
398.001,0.977386,21.8256,0.967393,-0.189983,-0.167506
397.945,0.826916,21.6734,0.967393,-0.189983,-0.167506
398.06,1.15971,21.9579,0.967393,-0.189983,-0.167506
398.06,1.15971,21.9579,0.967211,-0.179604,-0.179571
397.945,0.826916,21.6734,0.967211,-0.179604,-0.179571
397.945,1.24335,21.2569,0.967211,-0.179604,-0.179571
398.06,1.15971,21.9579,0.966904,-0.181118,-0.179701
397.945,1.24335,21.2569,0.966904,-0.181118,-0.179701
398.119,1.3445,22.092,0.966904,-0.181118,-0.179701
398.119,1.3445,22.092,0.948617,-0.269919,-0.165132
397.945,1.24335,21.2569,0.948617,-0.269919,-0.165132
398.231,1.95795,21.7316,0.948617,-0.269919,-0.165132
398.119,1.3445,22.092,0.967168,-0.234225,-0.0986165
398.231,1.95795,21.7316,0.967168,-0.234225,-0.0986165
398.135,1.39693,22.1231,0.967168,-0.234225,-0.0986165
398.135,1.39693,22.1231,0.967757,-0.232736,-0.0963388
398.231,1.95795,21.7316,0.967757,-0.232736,-0.0963388
398.174,1.5325,22.1874,0.967757,-0.232736,-0.0963388
398.517,2.8001,21.9017,0.967469,-0.252988,0.0
398.517,2.8001,22.5001,0.967469,-0.252988,0.0
398.403,2.36246,22.4615,0.967469,-0.252988,0.0
398.255,1.81308,22.3204,0.967596,-0.235352,-0.0914733
398.231,1.73044,22.2812,0.967596,-0.235352,-0.0914733
398.288,1.93692,22.3559,0.967596,-0.235352,-0.0914733
398.288,1.93692,22.3559,0.967549,-0.233468,-0.0966495
398.231,1.73044,22.2812,0.967549,-0.233468,-0.0966495
398.231,1.95795,21.7316,0.967549,-0.233468,-0.0966495
398.288,1.93692,22.3559,0.9674,-0.234084,-0.0966566
398.231,1.95795,21.7316,0.9674,-0.234084,-0.0966566
398.373,2.24908,22.4453,0.9674,-0.234084,-0.0966566
398.373,2.24908,22.4453,0.948807,-0.309688,-0.0621248
398.231,1.95795,21.7316,0.948807,-0.309688,-0.0621248
398.517,2.8001,21.9017,0.948807,-0.309688,-0.0621248
398.373,2.24908,22.4453,0.966899,-0.255151,-0.00204869
398.517,2.8001,21.9017,0.966899,-0.255151,-0.00204869
398.389,2.30947,22.4568,0.966899,-0.255151,-0.00204869
398.389,2.30947,22.4568,0.967481,-0.252945,3.55134e-05
398.517,2.8001,21.9017,0.967481,-0.252945,3.55134e-05
398.403,2.36246,22.4615,0.967481,-0.252945,3.55134e-05
398.288,2.30686,21.2187,0.910386,-0.382357,-0.158114
398.308,2.34812,21.2349,0.910386,-0.382357,-0.158114
398.231,2.07446,21.4506,0.910386,-0.382357,-0.158114
398.231,2.07446,21.4506,0.906742,-0.387602,-0.16608
398.308,2.34812,21.2349,0.906742,-0.387602,-0.16608
398.403,2.55068,21.276,0.906742,-0.387602,-0.16608
398.517,2.8001,21.3001,0.909833,-0.414975,0.0
398.517,2.8001,21.5971,0.909833,-0.414975,0.0
398.451,2.65564,21.2936,0.909833,-0.414975,0.0
398.451,2.65564,21.2936,0.909463,-0.415784,0.000464846
398.517,2.8001,21.5971,0.909463,-0.415784,0.000464846
398.434,2.61819,21.2897,0.909463,-0.415784,0.000464846
398.174,2.07377,21.1256,0.90961,-0.384044,-0.158496
398.181,2.08755,21.1327,0.90961,-0.384044,-0.158496
398.231,2.07446,21.4506,0.90961,-0.384044,-0.158496
398.231,2.07446,21.4506,0.910139,-0.382774,-0.158526
398.181,2.08755,21.1327,0.910139,-0.382774,-0.158526
398.231,2.18954,21.1727,0.910139,-0.382774,-0.158526
398.231,2.07446,21.4506,0.910186,-0.38268,-0.158487
398.231,2.18954,21.1727,0.910186,-0.38268,-0.158487
398.288,2.30686,21.2187,0.910186,-0.38268,-0.158487
397.945,1.672,20.8279,0.909348,-0.294232,-0.294131
398.039,1.82258,20.9668,0.909348,-0.294232,-0.294131
397.945,1.45871,21.0415,0.909348,-0.294232,-0.294131
397.945,1.45871,21.0415,0.90571,-0.295339,-0.304078
398.039,1.82258,20.9668,0.90571,-0.295339,-0.304078
398.06,1.86145,20.9917,0.90571,-0.295339,-0.304078
397.945,1.45871,21.0415,0.932528,-0.291702,-0.21284
398.06,1.86145,20.9917,0.932528,-0.291702,-0.21284
398.231,2.07446,21.4506,0.932528,-0.291702,-0.21284
398.231,2.07446,21.4506,0.907105,-0.390296,-0.157576
398.06,1.86145,20.9917,0.907105,-0.390296,-0.157576
398.164,2.05446,21.1157,0.907105,-0.390296,-0.157576
398.231,2.07446,21.4506,0.909892,-0.383353,-0.158547
398.164,2.05446,21.1157,0.909892,-0.383353,-0.158547
398.174,2.07377,21.1256,0.909892,-0.383353,-0.158547
397.659,1.04962,20.4258,0.909886,-0.159012,-0.383174
397.659,1.3248,20.3115,0.909886,-0.159012,-0.383174
397.716,1.37982,20.4239,0.909886,-0.159012,-0.383174
397.716,1.37982,20.4239,0.909672,-0.158978,-0.383696
397.768,1.43008,20.5266,0.909672,-0.158978,-0.383696
397.659,1.04962,20.4258,0.909672,-0.158978,-0.383696
397.659,1.04962,20.4258,0.904243,-0.153508,-0.398473
397.768,1.43008,20.5266,0.904243,-0.153508,-0.398473
397.83,1.51049,20.6371,0.904243,-0.153508,-0.398473
397.659,1.04962,20.4258,0.932525,-0.213039,-0.291568
397.83,1.51049,20.6371,0.932525,-0.213039,-0.291568
397.945,1.45871,21.0415,0.932525,-0.213039,-0.291568
397.945,1.45871,21.0415,0.907659,-0.298138,-0.295414
397.83,1.51049,20.6371,0.907659,-0.298138,-0.295414
397.894,1.59227,20.7495,0.907659,-0.298138,-0.295414
397.945,1.45871,21.0415,0.909764,-0.293441,-0.293635
397.894,1.59227,20.7495,0.909764,-0.293441,-0.293635
397.911,1.6168,20.777,0.909764,-0.293441,-0.293635
397.373,1.2001,19.7001,0.909401,0.0,-0.41592
397.487,1.22205,19.9502,0.909401,0.0,-0.41592
397.373,0.903093,19.7001,0.909401,0.0,-0.41592
397.373,0.903093,19.7001,0.908735,0.00137801,-0.417372
397.487,1.22205,19.9502,0.908735,0.00137801,-0.417372
397.501,1.22456,19.9788,0.908735,0.00137801,-0.417372
397.602,1.28199,20.1936,0.90862,-0.160959,-0.38536
397.626,1.29573,20.245,0.90862,-0.160959,-0.38536
397.659,1.04962,20.4258,0.90862,-0.160959,-0.38536
397.659,1.04962,20.4258,0.910192,-0.158702,-0.382575
397.626,1.29573,20.245,0.910192,-0.158702,-0.382575
397.641,1.30698,20.2751,0.910192,-0.158702,-0.382575
397.659,1.04962,20.4258,0.910037,-0.158886,-0.382869
397.641,1.30698,20.2751,0.910037,-0.158886,-0.382869
397.659,1.3248,20.3115,0.910037,-0.158886,-0.382869
398.517,2.8001,21.9001,0.930343,-0.36669,0.0
398.231,2.07446,21.4506,0.930343,-0.36669,0.0
398.517,2.8001,21.5971,0.930343,-0.36669,0.0
398.517,2.8001,21.5971,0.932681,-0.35641,-0.0554788
398.231,2.07446,21.4506,0.932681,-0.35641,-0.0554788
398.403,2.55068,21.276,0.932681,-0.35641,-0.0554788
398.517,2.8001,21.5971,0.906272,-0.422661,0.00539656
398.403,2.55068,21.276,0.906272,-0.422661,0.00539656
398.434,2.61819,21.2897,0.906272,-0.422661,0.00539656
397.501,1.22456,19.9788,0.903172,0.0137155,-0.429059
397.602,1.28199,20.1936,0.903172,0.0137155,-0.429059
397.373,0.903093,19.7001,0.903172,0.0137155,-0.429059
397.373,0.903093,19.7001,0.931924,-0.114114,-0.344231
397.602,1.28199,20.1936,0.931924,-0.114114,-0.344231
397.659,1.04962,20.4258,0.931924,-0.114114,-0.344231
397.373,0.903093,19.7001,0.930357,0.0,-0.366655
397.659,1.04962,20.4258,0.930357,0.0,-0.366655
397.373,0.600103,19.7001,0.930357,0.0,-0.366655
397.373,0.600103,19.7001,0.930357,0.0,-0.366655
397.659,1.04962,20.4258,0.930357,0.0,-0.366655
397.373,0.59852,19.7001,0.930357,0.0,-0.366655
397.373,0.59852,19.7001,0.947001,-0.123012,-0.296745
397.659,1.04962,20.4258,0.947001,-0.123012,-0.296745
397.659,0.768571,20.5423,0.947001,-0.123012,-0.296745
397.659,0.768571,20.5423,0.930324,-0.140438,-0.338782
397.659,1.04962,20.4258,0.930324,-0.140438,-0.338782
397.945,1.45871,21.0415,0.930324,-0.140438,-0.338782
397.659,0.768571,20.5423,0.946761,-0.227644,-0.227645
397.945,1.45871,21.0415,0.946761,-0.227644,-0.227645
397.945,1.24335,21.2569,0.946761,-0.227644,-0.227645
397.945,1.24335,21.2569,0.930187,-0.259568,-0.259569
397.945,1.45871,21.0415,0.930187,-0.259568,-0.259569
398.231,2.07446,21.4506,0.930187,-0.259568,-0.259569
397.945,1.24335,21.2569,0.946869,-0.297105,-0.123162
398.231,2.07446,21.4506,0.946869,-0.297105,-0.123162
398.231,1.95795,21.7316,0.946869,-0.297105,-0.123162
398.231,1.95795,21.7316,0.94692,-0.296965,-0.123104
398.231,2.07446,21.4506,0.94692,-0.296965,-0.123104
398.517,2.8001,21.9001,0.94692,-0.296965,-0.123104
398.231,1.95795,21.7316,0.946883,-0.321579,0.0
398.517,2.8001,21.9001,0.946883,-0.321579,0.0
398.517,2.8001,21.9017,0.946883,-0.321579,0.0
80.0001,44.5001,22.5001,0.0,0.0,1.0
10.6563,2.8001,22.5001,0.0,0.0,1.0
432.0,95.0001,22.5001,0.0,0.0,1.0
432.0,95.0001,22.5001,0.0,0.0,1.0
10.6563,2.8001,22.5001,0.0,0.0,1.0
398.517,2.8001,22.5001,0.0,0.0,1.0
432.0,95.0001,22.5001,-0.142012,0.989865,0.0
432.0,95.0001,21.3001,-0.142012,0.989865,0.0
80.0001,44.5001,22.5001,-0.142012,0.989865,0.0
80.0001,44.5001,22.5001,-0.142012,0.989865,0.0
432.0,95.0001,21.3001,-0.142012,0.989865,0.0
80.0001,44.5001,21.3001,-0.142012,0.989865,0.0
10.6563,2.8001,22.5001,-0.515347,0.856982,0.0
80.0001,44.5001,22.5001,-0.515347,0.856982,0.0
10.6563,2.8001,22.2065,-0.515347,0.856982,0.0
10.6563,2.8001,22.2065,-0.515347,0.856982,0.0
80.0001,44.5001,22.5001,-0.515347,0.856982,0.0
10.6563,2.8001,21.9016,-0.515347,0.856982,0.0
10.6563,2.8001,21.9016,-0.515347,0.856982,0.0
80.0001,44.5001,22.5001,-0.515347,0.856982,0.0
10.6563,2.8001,21.9001,-0.515347,0.856982,0.0
10.6563,2.8001,21.9001,-0.515347,0.856982,0.0
80.0001,44.5001,22.5001,-0.515347,0.856982,0.0
80.0001,44.5001,21.3001,-0.515347,0.856982,0.0
10.6563,2.8001,21.9001,-0.515347,0.856982,0.0
80.0001,44.5001,21.3001,-0.515347,0.856982,0.0
10.6563,2.8001,21.3001,-0.515347,0.856982,0.0
398.451,2.65564,21.2936,8.99639e-05,0.045148,-0.99898
10.1329,2.55455,21.254,8.99639e-05,0.045148,-0.99898
398.517,2.8001,21.3001,8.99639e-05,0.045148,-0.99898
398.517,2.8001,21.3001,-6.78733e-09,0.184423,-0.982847
10.1329,2.55455,21.254,-6.78733e-09,0.184423,-0.982847
10.3292,2.64664,21.2713,-6.78733e-09,0.184423,-0.982847
398.517,2.8001,21.3001,0.0,0.184406,-0.98285
10.3292,2.64664,21.2713,0.0,0.184406,-0.98285
10.6563,2.8001,21.3001,0.0,0.184406,-0.98285
398.451,2.65564,21.2936,7.47357e-05,0.101998,-0.994785
398.434,2.61819,21.2897,7.47357e-05,0.101998,-0.994785
10.1329,2.55455,21.254,7.47357e-05,0.101998,-0.994785
10.1329,2.55455,21.254,5.75162e-05,0.198785,-0.980043
398.434,2.61819,21.2897,5.75162e-05,0.198785,-0.980043
398.403,2.55068,21.276,5.75162e-05,0.198785,-0.980043
10.1329,2.55455,21.254,5.75323e-05,0.184269,-0.982876
398.403,2.55068,21.276,5.75323e-05,0.184269,-0.982876
10.0016,2.49291,21.2425,5.75323e-05,0.184269,-0.982876
10.0016,2.49291,21.2425,5.51254e-05,0.198803,-0.980039
398.403,2.55068,21.276,5.51254e-05,0.198803,-0.980039
398.308,2.34812,21.2349,5.51254e-05,0.198803,-0.980039
10.0016,2.49291,21.2425,3.56349e-05,0.147007,-0.989135
398.308,2.34812,21.2349,3.56349e-05,0.147007,-0.989135
9.60922,2.30723,21.2149,3.56349e-05,0.147007,-0.989135
9.60922,2.30723,21.2149,9.65235e-06,0.365377,-0.93086
398.308,2.34812,21.2349,9.65235e-06,0.365377,-0.93086
398.288,2.30686,21.2187,9.65235e-06,0.365377,-0.93086
9.60922,2.30723,21.2149,9.89742e-06,0.261196,-0.965286
398.288,2.30686,21.2187,9.89742e-06,0.261196,-0.965286
9.42013,2.22012,21.1913,9.89742e-06,0.261196,-0.965286
398.181,2.08755,21.1327,4.60217e-05,0.455698,-0.890135
398.174,2.07377,21.1256,4.60217e-05,0.455698,-0.890135
9.0858,2.08263,21.11,4.60217e-05,0.455698,-0.890135
9.42013,2.22012,21.1913,-5.27089e-05,0.508817,-0.860875
398.288,2.30686,21.2187,-5.27089e-05,0.508817,-0.860875
9.0858,2.08263,21.11,-5.27089e-05,0.508817,-0.860875
9.0858,2.08263,21.11,4.95407e-05,0.365287,-0.930895
398.288,2.30686,21.2187,4.95407e-05,0.365287,-0.930895
398.231,2.18954,21.1727,4.95407e-05,0.365287,-0.930895
9.0858,2.08263,21.11,4.95373e-05,0.365297,-0.930891
398.231,2.18954,21.1727,4.95373e-05,0.365297,-0.930891
398.181,2.08755,21.1327,4.95373e-05,0.365297,-0.930891
8.56167,1.86707,20.9827,4.60776e-05,0.508614,-0.860995
8.69173,1.92056,21.0143,4.60776e-05,0.508614,-0.860995
398.174,2.07377,21.1256,4.60776e-05,0.508614,-0.860995
398.174,2.07377,21.1256,4.60626e-05,0.508641,-0.860979
8.69173,1.92056,21.0143,4.60626e-05,0.508641,-0.860979
9.01936,2.0553,21.0939,4.60626e-05,0.508641,-0.860979
398.174,2.07377,21.1256,4.60596e-05,0.508671,-0.860961
9.01936,2.0553,21.0939,4.60596e-05,0.508671,-0.860961
9.0858,2.08263,21.11,4.60596e-05,0.508671,-0.860961
398.174,2.07377,21.1256,8.48892e-05,0.455631,-0.890168
398.164,2.05446,21.1157,8.48892e-05,0.455631,-0.890168
8.56167,1.86707,20.9827,8.48892e-05,0.455631,-0.890168
8.56167,1.86707,20.9827,2.7402e-05,0.54049,-0.841351
398.164,2.05446,21.1157,2.7402e-05,0.54049,-0.841351
398.06,1.86145,20.9917,2.7402e-05,0.54049,-0.841351
8.56167,1.86707,20.9827,2.73995e-05,0.508683,-0.860954
398.06,1.86145,20.9917,2.73995e-05,0.508683,-0.860954
8.33461,1.77369,20.9275,2.73995e-05,0.508683,-0.860954
8.33461,1.77369,20.9275,-6.90059e-05,0.771897,-0.635747
398.06,1.86145,20.9917,-6.90059e-05,0.771897,-0.635747
8.03775,1.6838,20.8184,-6.90059e-05,0.771897,-0.635747
397.911,1.6168,20.777,0.00012588,0.677825,-0.735224
7.51254,1.52477,20.6254,0.00012588,0.677825,-0.735224
397.945,1.672,20.8279,0.00012588,0.677825,-0.735224
397.945,1.672,20.8279,3.89395e-05,0.771747,-0.635929
7.51254,1.52477,20.6254,3.89395e-05,0.771747,-0.635929
7.70991,1.58453,20.6979,3.89395e-05,0.771747,-0.635929
398.06,1.86145,20.9917,0.000127818,0.540446,-0.841379
398.039,1.82258,20.9668,0.000127818,0.540446,-0.841379
8.03775,1.6838,20.8184,0.000127818,0.540446,-0.841379
8.03775,1.6838,20.8184,3.85292e-05,0.677841,-0.735209
398.039,1.82258,20.9668,3.85292e-05,0.677841,-0.735209
397.945,1.672,20.8279,3.85292e-05,0.677841,-0.735209
8.03775,1.6838,20.8184,3.89353e-05,0.769602,-0.638524
397.945,1.672,20.8279,3.89353e-05,0.769602,-0.638524
8.03752,1.68373,20.8183,3.89353e-05,0.769602,-0.638524
8.03752,1.68373,20.8183,3.89357e-05,0.771753,-0.635922
397.945,1.672,20.8279,3.89357e-05,0.771753,-0.635922
7.70991,1.58453,20.6979,3.89357e-05,0.771753,-0.635922
6.98844,1.38159,20.4237,-0.000128303,0.942469,-0.334294
7.09713,1.39898,20.4727,-0.000128303,0.942469,-0.334294
397.83,1.51049,20.6371,-0.000128303,0.942469,-0.334294
397.911,1.6168,20.777,8.20606e-05,0.747235,-0.66456
397.894,1.59227,20.7495,8.20606e-05,0.747235,-0.66456
7.51254,1.52477,20.6254,8.20606e-05,0.747235,-0.66456
7.51254,1.52477,20.6254,4.72428e-05,0.80857,-0.5884
397.894,1.59227,20.7495,4.72428e-05,0.80857,-0.5884
397.83,1.51049,20.6371,4.72428e-05,0.80857,-0.5884
7.51254,1.52477,20.6254,4.73211e-05,0.771741,-0.635937
397.83,1.51049,20.6371,4.73211e-05,0.771741,-0.635937
7.38224,1.48532,20.5775,4.73211e-05,0.771741,-0.635937
7.38224,1.48532,20.5775,4.73201e-05,0.771745,-0.635933
397.83,1.51049,20.6371,4.73201e-05,0.771745,-0.635933
7.09713,1.39898,20.4727,4.73201e-05,0.771745,-0.635933
397.83,1.51049,20.6371,5.45762e-05,0.808576,-0.588392
397.768,1.43008,20.5266,5.45762e-05,0.808576,-0.588392
6.98844,1.38159,20.4237,5.45762e-05,0.808576,-0.588392
6.98844,1.38159,20.4237,4.29762e-06,0.898179,-0.43963
397.768,1.43008,20.5266,4.29762e-06,0.898179,-0.43963
397.716,1.37982,20.4239,4.29762e-06,0.898179,-0.43963
6.98844,1.38159,20.4237,4.44663e-06,0.94238,-0.334544
397.716,1.37982,20.4239,4.44663e-06,0.94238,-0.334544
6.72776,1.33988,20.3062,4.44663e-06,0.94238,-0.334544
6.72776,1.33988,20.3062,4.05957e-05,0.898174,-0.43964
397.716,1.37982,20.4239,4.05957e-05,0.898174,-0.43964
397.659,1.3248,20.3115,4.05957e-05,0.898174,-0.43964
6.72776,1.33988,20.3062,4.07296e-05,0.911926,-0.410355
397.659,1.3248,20.3115,4.07296e-05,0.911926,-0.410355
6.46512,1.28813,20.1912,4.07296e-05,0.911926,-0.410355
6.46512,1.28813,20.1912,5.10378e-05,0.898158,-0.439673
397.659,1.3248,20.3115,5.10378e-05,0.898158,-0.439673
397.641,1.30698,20.2751,5.10378e-05,0.898158,-0.439673
397.487,1.22205,19.9502,0.0,0.996172,-0.0874178
397.373,1.2001,19.7001,0.0,0.996172,-0.0874178
5.41809,1.2001,19.7001,0.0,0.996172,-0.0874178
397.641,1.30698,20.2751,2.99384e-05,0.936758,-0.349978
397.626,1.29573,20.245,2.99384e-05,0.936758,-0.349978
6.46512,1.28813,20.1912,2.99384e-05,0.936758,-0.349978
6.46512,1.28813,20.1912,1.6761e-05,0.966064,-0.258303
397.626,1.29573,20.245,1.6761e-05,0.966064,-0.258303
397.602,1.28199,20.1936,1.6761e-05,0.966064,-0.258303
6.46512,1.28813,20.1912,1.6813e-05,0.957202,-0.289421
397.602,1.28199,20.1936,1.6813e-05,0.957202,-0.289421
6.01272,1.22547,19.9839,1.6813e-05,0.957202,-0.289421
6.01272,1.22547,19.9839,-1.12325e-06,0.966062,-0.25831
397.602,1.28199,20.1936,-1.12325e-06,0.966062,-0.25831
397.501,1.22456,19.9788,-1.12325e-06,0.966062,-0.25831
6.01272,1.22547,19.9839,1.16277e-06,0.996028,-0.089038
397.501,1.22456,19.9788,1.16277e-06,0.996028,-0.089038
5.94194,1.22245,19.9501,1.16277e-06,0.996028,-0.089038
5.94194,1.22245,19.9501,1.04332e-06,0.996172,-0.0874165
397.501,1.22456,19.9788,1.04332e-06,0.996172,-0.0874165
397.487,1.22205,19.9502,1.04332e-06,0.996172,-0.0874165
5.94194,1.22245,19.9501,1.0435e-06,0.996028,-0.0890432
397.487,1.22205,19.9502,1.0435e-06,0.996028,-0.0890432
5.74547,1.21407,19.8563,1.0435e-06,0.996028,-0.0890432
5.74547,1.21407,19.8563,1.04269e-06,0.996028,-0.0890399
397.487,1.22205,19.9502,1.04269e-06,0.996028,-0.0890399
5.41809,1.2001,19.7001,1.04269e-06,0.996028,-0.0890399
432.0,95.0001,22.5001,0.939938,-0.341346,0.0
398.517,2.8001,22.5001,0.939938,-0.341346,0.0
398.517,2.8001,21.9017,0.939938,-0.341346,0.0
398.517,2.8001,21.3001,0.939938,-0.341346,0.0
432.0,95.0001,21.3001,0.939938,-0.341346,0.0
398.517,2.8001,21.5971,0.939938,-0.341346,0.0
398.517,2.8001,21.5971,0.939938,-0.341346,0.0
432.0,95.0001,21.3001,0.939938,-0.341346,0.0
432.0,95.0001,22.5001,0.939938,-0.341346,0.0
398.517,2.8001,21.5971,0.939938,-0.341346,0.0
432.0,95.0001,22.5001,0.939938,-0.341346,0.0
398.517,2.8001,21.9001,0.939938,-0.341346,0.0
398.517,2.8001,21.9001,0.939938,-0.341346,0.0
432.0,95.0001,22.5001,0.939938,-0.341346,0.0
398.517,2.8001,21.9017,0.939938,-0.341346,0.0
80.0001,44.5001,21.3001,0.0,0.0,-1.0
432.0,95.0001,21.3001,0.0,0.0,-1.0
10.6563,2.8001,21.3001,0.0,0.0,-1.0
10.6563,2.8001,21.3001,0.0,0.0,-1.0
432.0,95.0001,21.3001,0.0,0.0,-1.0
398.517,2.8001,21.3001,0.0,0.0,-1.0
