17.2,1.45603,1.0,0.0,0.0,1.0
17.5901,0.0,1.0,0.0,0.0,1.0
17.8099,0.0,1.0,0.0,0.0,1.0
39.2,1.45603,1.0,0.0,0.0,1.0
39.5901,0.0,1.0,0.0,0.0,1.0
39.8099,0.0,1.0,0.0,0.0,1.0
0.0,9.51,1.0,0.0,0.0,1.0
0.0,1.51,1.0,0.0,0.0,1.0
8.18554,1.51,1.0,0.0,0.0,1.0
15.5901,0.0,1.0,0.0,0.0,1.0
15.8099,0.0,1.0,0.0,0.0,1.0
15.2,1.45603,1.0,0.0,0.0,1.0
15.2,1.45603,1.0,0.0,0.0,1.0
15.8099,0.0,1.0,0.0,0.0,1.0
16.2,1.45603,1.0,0.0,0.0,1.0
16.5901,0.0,1.0,0.0,0.0,1.0
16.8099,0.0,1.0,0.0,0.0,1.0
16.2,1.45603,1.0,0.0,0.0,1.0
16.2,1.45603,1.0,0.0,0.0,1.0
16.8099,0.0,1.0,0.0,0.0,1.0
17.2,1.45603,1.0,0.0,0.0,1.0
26.2,1.45603,1.0,0.0,0.0,1.0
26.5901,0.0,1.0,0.0,0.0,1.0
26.8099,0.0,1.0,0.0,0.0,1.0
38.5901,0.0,1.0,0.0,0.0,1.0
38.8099,0.0,1.0,0.0,0.0,1.0
38.2,1.45603,1.0,0.0,0.0,1.0
38.2,1.45603,1.0,0.0,0.0,1.0
38.8099,0.0,1.0,0.0,0.0,1.0
39.2,1.45603,1.0,0.0,0.0,1.0
10.5901,0.0,1.0,0.0,0.0,1.0
10.8099,0.0,1.0,0.0,0.0,1.0
10.2,1.45603,1.0,0.0,0.0,1.0
10.2,1.45603,1.0,0.0,0.0,1.0
10.8099,0.0,1.0,0.0,0.0,1.0
11.2,1.45603,1.0,0.0,0.0,1.0
13.2,1.45603,1.0,0.0,0.0,1.0
13.5901,0.0,1.0,0.0,0.0,1.0
13.8099,0.0,1.0,0.0,0.0,1.0
48.0,9.51,1.0,0.0,0.0,1.0
45.4095,4.67826,1.0,0.0,0.0,1.0
45.5182,4.72329,1.0,0.0,0.0,1.0
40.5901,0.0,1.0,0.0,0.0,1.0
40.8099,0.0,1.0,0.0,0.0,1.0
40.2,1.45603,1.0,0.0,0.0,1.0
40.2,1.45603,1.0,0.0,0.0,1.0
40.8099,0.0,1.0,0.0,0.0,1.0
41.2,1.45603,1.0,0.0,0.0,1.0
40.2,1.45603,1.0,0.0,0.0,1.0
41.2,1.45603,1.0,0.0,0.0,1.0
42.25,4.51,1.0,0.0,0.0,1.0
42.25,4.51,1.0,0.0,0.0,1.0
41.2,1.45603,1.0,0.0,0.0,1.0
42.2,1.45603,1.0,0.0,0.0,1.0
42.2,1.45603,1.0,0.0,0.0,1.0
41.2,1.45603,1.0,0.0,0.0,1.0
41.5901,0.0,1.0,0.0,0.0,1.0
42.2,1.45603,1.0,0.0,0.0,1.0
41.5901,0.0,1.0,0.0,0.0,1.0
41.8099,0.0,1.0,0.0,0.0,1.0
42.25,3.26,1.0,0.0,0.0,1.0
43.75,3.76,1.0,0.0,0.0,1.0
42.25,3.76,1.0,0.0,0.0,1.0
43.5901,0.0,1.0,0.0,0.0,1.0
43.8099,0.0,1.0,0.0,0.0,1.0
43.2,1.45603,1.0,0.0,0.0,1.0
43.2,1.45603,1.0,0.0,0.0,1.0
43.8099,0.0,1.0,0.0,0.0,1.0
44.2,1.45603,1.0,0.0,0.0,1.0
8.59014,0.0,1.0,0.0,0.0,1.0
8.80986,0.0,1.0,0.0,0.0,1.0
8.18554,1.51,1.0,0.0,0.0,1.0
8.18554,1.51,1.0,0.0,0.0,1.0
8.80986,0.0,1.0,0.0,0.0,1.0
9.2,1.45603,1.0,0.0,0.0,1.0
8.18554,1.51,1.0,0.0,0.0,1.0
9.2,1.45603,1.0,0.0,0.0,1.0
0.0,9.51,1.0,0.0,0.0,1.0
0.0,9.51,1.0,0.0,0.0,1.0
9.2,1.45603,1.0,0.0,0.0,1.0
8.75,2.51,1.0,0.0,0.0,1.0
0.0,9.51,1.0,0.0,0.0,1.0
8.75,2.51,1.0,0.0,0.0,1.0
8.75,4.51,1.0,0.0,0.0,1.0
19.2,1.45603,1.0,0.0,0.0,1.0
19.5901,0.0,1.0,0.0,0.0,1.0
19.8099,0.0,1.0,0.0,0.0,1.0
42.25,3.26,1.0,0.0,0.0,1.0
43.75,3.26,1.0,0.0,0.0,1.0
43.75,3.76,1.0,0.0,0.0,1.0
43.75,3.76,1.0,0.0,0.0,1.0
43.75,3.26,1.0,0.0,0.0,1.0
48.0,9.51,1.0,0.0,0.0,1.0
43.75,3.76,1.0,0.0,0.0,1.0
48.0,9.51,1.0,0.0,0.0,1.0
43.75,4.51,1.0,0.0,0.0,1.0
43.75,4.51,1.0,0.0,0.0,1.0
48.0,9.51,1.0,0.0,0.0,1.0
42.25,4.51,1.0,0.0,0.0,1.0
45.5901,0.0,1.0,0.0,0.0,1.0
45.8099,0.0,1.0,0.0,0.0,1.0
45.2,1.45603,1.0,0.0,0.0,1.0
45.2,1.45603,1.0,0.0,0.0,1.0
45.8099,0.0,1.0,0.0,0.0,1.0
46.2145,1.51,1.0,0.0,0.0,1.0
9.59014,0.0,1.0,0.0,0.0,1.0
9.80986,0.0,1.0,0.0,0.0,1.0
9.2,1.45603,1.0,0.0,0.0,1.0
9.2,1.45603,1.0,0.0,0.0,1.0
9.80986,0.0,1.0,0.0,0.0,1.0
10.2,1.45603,1.0,0.0,0.0,1.0
9.2,1.45603,1.0,0.0,0.0,1.0
10.2,1.45603,1.0,0.0,0.0,1.0
8.75,2.51,1.0,0.0,0.0,1.0
8.75,2.51,1.0,0.0,0.0,1.0
10.2,1.45603,1.0,0.0,0.0,1.0
11.2,1.45603,1.0,0.0,0.0,1.0
8.75,2.51,1.0,0.0,0.0,1.0
11.2,1.45603,1.0,0.0,0.0,1.0
10.0,2.51,1.0,0.0,0.0,1.0
12.5901,0.0,1.0,0.0,0.0,1.0
12.8099,0.0,1.0,0.0,0.0,1.0
12.2,1.45603,1.0,0.0,0.0,1.0
12.2,1.45603,1.0,0.0,0.0,1.0
12.8099,0.0,1.0,0.0,0.0,1.0
13.2,1.45603,1.0,0.0,0.0,1.0
11.5901,0.0,1.0,0.0,0.0,1.0
11.8099,0.0,1.0,0.0,0.0,1.0
11.2,1.45603,1.0,0.0,0.0,1.0
11.2,1.45603,1.0,0.0,0.0,1.0
11.8099,0.0,1.0,0.0,0.0,1.0
12.2,1.45603,1.0,0.0,0.0,1.0
11.2,1.45603,1.0,0.0,0.0,1.0
12.2,1.45603,1.0,0.0,0.0,1.0
10.0,2.51,1.0,0.0,0.0,1.0
10.0,2.51,1.0,0.0,0.0,1.0
12.2,1.45603,1.0,0.0,0.0,1.0
13.2,1.45603,1.0,0.0,0.0,1.0
10.0,2.51,1.0,0.0,0.0,1.0
13.2,1.45603,1.0,0.0,0.0,1.0
14.2,1.45603,1.0,0.0,0.0,1.0
14.2,1.45603,1.0,0.0,0.0,1.0
13.2,1.45603,1.0,0.0,0.0,1.0
13.8099,0.0,1.0,0.0,0.0,1.0
14.5901,0.0,1.0,0.0,0.0,1.0
14.8099,0.0,1.0,0.0,0.0,1.0
14.2,1.45603,1.0,0.0,0.0,1.0
14.2,1.45603,1.0,0.0,0.0,1.0
14.8099,0.0,1.0,0.0,0.0,1.0
15.2,1.45603,1.0,0.0,0.0,1.0
14.2,1.45603,1.0,0.0,0.0,1.0
15.2,1.45603,1.0,0.0,0.0,1.0
10.0,2.51,1.0,0.0,0.0,1.0
10.0,2.51,1.0,0.0,0.0,1.0
15.2,1.45603,1.0,0.0,0.0,1.0
16.2,1.45603,1.0,0.0,0.0,1.0
10.0,2.51,1.0,0.0,0.0,1.0
16.2,1.45603,1.0,0.0,0.0,1.0
10.0,4.51,1.0,0.0,0.0,1.0
10.0,4.51,1.0,0.0,0.0,1.0
16.2,1.45603,1.0,0.0,0.0,1.0
17.2,1.45603,1.0,0.0,0.0,1.0
10.0,4.51,1.0,0.0,0.0,1.0
17.2,1.45603,1.0,0.0,0.0,1.0
18.2,1.45603,1.0,0.0,0.0,1.0
18.2,1.45603,1.0,0.0,0.0,1.0
17.2,1.45603,1.0,0.0,0.0,1.0
17.8099,0.0,1.0,0.0,0.0,1.0
18.5901,0.0,1.0,0.0,0.0,1.0
18.8099,0.0,1.0,0.0,0.0,1.0
18.2,1.45603,1.0,0.0,0.0,1.0
18.2,1.45603,1.0,0.0,0.0,1.0
18.8099,0.0,1.0,0.0,0.0,1.0
19.2,1.45603,1.0,0.0,0.0,1.0
15.25,7.76,1.0,0.0,0.0,1.0
10.0,4.51,1.0,0.0,0.0,1.0
15.25,3.26,1.0,0.0,0.0,1.0
15.25,3.26,1.0,0.0,0.0,1.0
10.0,4.51,1.0,0.0,0.0,1.0
18.2,1.45603,1.0,0.0,0.0,1.0
15.25,3.26,1.0,0.0,0.0,1.0
18.2,1.45603,1.0,0.0,0.0,1.0
21.75,3.26,1.0,0.0,0.0,1.0
21.75,3.26,1.0,0.0,0.0,1.0
18.2,1.45603,1.0,0.0,0.0,1.0
19.2,1.45603,1.0,0.0,0.0,1.0
21.75,3.26,1.0,0.0,0.0,1.0
19.2,1.45603,1.0,0.0,0.0,1.0
20.2,1.45603,1.0,0.0,0.0,1.0
20.2,1.45603,1.0,0.0,0.0,1.0
19.2,1.45603,1.0,0.0,0.0,1.0
19.8099,0.0,1.0,0.0,0.0,1.0
21.8099,0.0,1.0,0.0,0.0,1.0
22.2,1.45603,1.0,0.0,0.0,1.0
21.5901,0.0,1.0,0.0,0.0,1.0
21.5901,0.0,1.0,0.0,0.0,1.0
22.2,1.45603,1.0,0.0,0.0,1.0
21.2,1.45603,1.0,0.0,0.0,1.0
27.5901,0.0,1.0,0.0,0.0,1.0
27.8099,0.0,1.0,0.0,0.0,1.0
27.2,1.45603,1.0,0.0,0.0,1.0
27.2,1.45603,1.0,0.0,0.0,1.0
27.8099,0.0,1.0,0.0,0.0,1.0
28.2,1.45603,1.0,0.0,0.0,1.0
27.2,1.45603,1.0,0.0,0.0,1.0
28.2,1.45603,1.0,0.0,0.0,1.0
21.75,7.76,1.0,0.0,0.0,1.0
28.5901,0.0,1.0,0.0,0.0,1.0
28.8099,0.0,1.0,0.0,0.0,1.0
28.2,1.45603,1.0,0.0,0.0,1.0
28.2,1.45603,1.0,0.0,0.0,1.0
28.8099,0.0,1.0,0.0,0.0,1.0
29.2,1.45603,1.0,0.0,0.0,1.0
28.2,1.45603,1.0,0.0,0.0,1.0
29.2,1.45603,1.0,0.0,0.0,1.0
21.75,7.76,1.0,0.0,0.0,1.0
31.2,1.45603,1.0,0.0,0.0,1.0
31.5901,0.0,1.0,0.0,0.0,1.0
31.8099,0.0,1.0,0.0,0.0,1.0
45.5182,4.72329,1.0,0.0,0.0,1.0
45.6327,4.75077,1.0,0.0,0.0,1.0
48.0,9.51,1.0,0.0,0.0,1.0
48.0,9.51,1.0,0.0,0.0,1.0
45.6327,4.75077,1.0,0.0,0.0,1.0
45.75,4.76,1.0,0.0,0.0,1.0
48.0,9.51,1.0,0.0,0.0,1.0
45.75,4.76,1.0,0.0,0.0,1.0
48.0,4.76,1.0,0.0,0.0,1.0
45.5182,2.54671,1.0,0.0,0.0,1.0
45.4095,2.59174,1.0,0.0,0.0,1.0
46.2145,1.51,1.0,0.0,0.0,1.0
43.75,3.26,1.0,0.0,0.0,1.0
45.0367,4.24176,1.0,0.0,0.0,1.0
45.0817,4.35049,1.0,0.0,0.0,1.0
22.5901,0.0,1.0,0.0,0.0,1.0
22.8099,0.0,1.0,0.0,0.0,1.0
22.2,1.45603,1.0,0.0,0.0,1.0
22.2,1.45603,1.0,0.0,0.0,1.0
22.8099,0.0,1.0,0.0,0.0,1.0
23.2,1.45603,1.0,0.0,0.0,1.0
23.2,1.45603,1.0,0.0,0.0,1.0
23.5901,0.0,1.0,0.0,0.0,1.0
23.8099,0.0,1.0,0.0,0.0,1.0
30.5901,0.0,1.0,0.0,0.0,1.0
30.8099,0.0,1.0,0.0,0.0,1.0
30.2,1.45603,1.0,0.0,0.0,1.0
30.2,1.45603,1.0,0.0,0.0,1.0
30.8099,0.0,1.0,0.0,0.0,1.0
31.2,1.45603,1.0,0.0,0.0,1.0
34.5901,0.0,1.0,0.0,0.0,1.0
34.8099,0.0,1.0,0.0,0.0,1.0
34.2,1.45603,1.0,0.0,0.0,1.0
34.2,1.45603,1.0,0.0,0.0,1.0
34.8099,0.0,1.0,0.0,0.0,1.0
35.2,1.45603,1.0,0.0,0.0,1.0
42.25,2.51,1.0,0.0,0.0,1.0
42.25,3.26,1.0,0.0,0.0,1.0
42.2,1.45603,1.0,0.0,0.0,1.0
42.2,1.45603,1.0,0.0,0.0,1.0
42.25,3.26,1.0,0.0,0.0,1.0
42.25,3.76,1.0,0.0,0.0,1.0
42.2,1.45603,1.0,0.0,0.0,1.0
42.25,3.76,1.0,0.0,0.0,1.0
42.25,4.51,1.0,0.0,0.0,1.0
45.5182,2.54671,1.0,0.0,0.0,1.0
46.2145,1.51,1.0,0.0,0.0,1.0
45.6327,2.51923,1.0,0.0,0.0,1.0
45.3092,2.65324,1.0,0.0,0.0,1.0
45.2197,2.72967,1.0,0.0,0.0,1.0
43.75,3.26,1.0,0.0,0.0,1.0
43.75,3.26,1.0,0.0,0.0,1.0
45.2197,2.72967,1.0,0.0,0.0,1.0
45.1432,2.81916,1.0,0.0,0.0,1.0
43.75,3.26,1.0,0.0,0.0,1.0
45.1432,2.81916,1.0,0.0,0.0,1.0
45.0817,2.91951,1.0,0.0,0.0,1.0
45.0817,4.35049,1.0,0.0,0.0,1.0
45.1432,4.45084,1.0,0.0,0.0,1.0
43.75,3.26,1.0,0.0,0.0,1.0
43.75,3.26,1.0,0.0,0.0,1.0
45.1432,4.45084,1.0,0.0,0.0,1.0
45.2197,4.54033,1.0,0.0,0.0,1.0
43.75,3.26,1.0,0.0,0.0,1.0
45.2197,4.54033,1.0,0.0,0.0,1.0
48.0,9.51,1.0,0.0,0.0,1.0
48.0,9.51,1.0,0.0,0.0,1.0
45.2197,4.54033,1.0,0.0,0.0,1.0
45.3092,4.61676,1.0,0.0,0.0,1.0
48.0,9.51,1.0,0.0,0.0,1.0
45.3092,4.61676,1.0,0.0,0.0,1.0
45.4095,4.67826,1.0,0.0,0.0,1.0
25.5901,0.0,1.0,0.0,0.0,1.0
25.8099,0.0,1.0,0.0,0.0,1.0
25.2,1.45603,1.0,0.0,0.0,1.0
25.2,1.45603,1.0,0.0,0.0,1.0
25.8099,0.0,1.0,0.0,0.0,1.0
26.2,1.45603,1.0,0.0,0.0,1.0
29.5901,0.0,1.0,0.0,0.0,1.0
29.8099,0.0,1.0,0.0,0.0,1.0
29.2,1.45603,1.0,0.0,0.0,1.0
29.2,1.45603,1.0,0.0,0.0,1.0
29.8099,0.0,1.0,0.0,0.0,1.0
30.2,1.45603,1.0,0.0,0.0,1.0
29.2,1.45603,1.0,0.0,0.0,1.0
30.2,1.45603,1.0,0.0,0.0,1.0
21.75,7.76,1.0,0.0,0.0,1.0
21.75,7.76,1.0,0.0,0.0,1.0
30.2,1.45603,1.0,0.0,0.0,1.0
31.2,1.45603,1.0,0.0,0.0,1.0
21.75,7.76,1.0,0.0,0.0,1.0
31.2,1.45603,1.0,0.0,0.0,1.0
32.2,1.45603,1.0,0.0,0.0,1.0
32.2,1.45603,1.0,0.0,0.0,1.0
31.2,1.45603,1.0,0.0,0.0,1.0
31.8099,0.0,1.0,0.0,0.0,1.0
32.5901,0.0,1.0,0.0,0.0,1.0
32.8099,0.0,1.0,0.0,0.0,1.0
32.2,1.45603,1.0,0.0,0.0,1.0
32.2,1.45603,1.0,0.0,0.0,1.0
32.8099,0.0,1.0,0.0,0.0,1.0
33.2,1.45603,1.0,0.0,0.0,1.0
32.2,1.45603,1.0,0.0,0.0,1.0
33.2,1.45603,1.0,0.0,0.0,1.0
21.75,7.76,1.0,0.0,0.0,1.0
21.75,7.76,1.0,0.0,0.0,1.0
33.2,1.45603,1.0,0.0,0.0,1.0
48.0,9.51,1.0,0.0,0.0,1.0
21.75,7.76,1.0,0.0,0.0,1.0
48.0,9.51,1.0,0.0,0.0,1.0
15.25,7.76,1.0,0.0,0.0,1.0
15.25,7.76,1.0,0.0,0.0,1.0
48.0,9.51,1.0,0.0,0.0,1.0
0.0,9.51,1.0,0.0,0.0,1.0
15.25,7.76,1.0,0.0,0.0,1.0
0.0,9.51,1.0,0.0,0.0,1.0
10.0,4.51,1.0,0.0,0.0,1.0
10.0,4.51,1.0,0.0,0.0,1.0
0.0,9.51,1.0,0.0,0.0,1.0
8.75,4.51,1.0,0.0,0.0,1.0
35.2,1.45603,1.0,0.0,0.0,1.0
35.5901,0.0,1.0,0.0,0.0,1.0
35.8099,0.0,1.0,0.0,0.0,1.0
37.5901,0.0,1.0,0.0,0.0,1.0
37.8099,0.0,1.0,0.0,0.0,1.0
37.2,1.45603,1.0,0.0,0.0,1.0
37.2,1.45603,1.0,0.0,0.0,1.0
37.8099,0.0,1.0,0.0,0.0,1.0
38.2,1.45603,1.0,0.0,0.0,1.0
42.5901,0.0,1.0,0.0,0.0,1.0
42.8099,0.0,1.0,0.0,0.0,1.0
42.2,1.45603,1.0,0.0,0.0,1.0
42.2,1.45603,1.0,0.0,0.0,1.0
42.8099,0.0,1.0,0.0,0.0,1.0
43.2,1.45603,1.0,0.0,0.0,1.0
42.2,1.45603,1.0,0.0,0.0,1.0
43.2,1.45603,1.0,0.0,0.0,1.0
42.25,2.51,1.0,0.0,0.0,1.0
42.25,2.51,1.0,0.0,0.0,1.0
43.2,1.45603,1.0,0.0,0.0,1.0
44.2,1.45603,1.0,0.0,0.0,1.0
42.25,2.51,1.0,0.0,0.0,1.0
44.2,1.45603,1.0,0.0,0.0,1.0
43.75,2.51,1.0,0.0,0.0,1.0
43.75,2.51,1.0,0.0,0.0,1.0
44.2,1.45603,1.0,0.0,0.0,1.0
43.75,3.26,1.0,0.0,0.0,1.0
45.4095,2.59174,1.0,0.0,0.0,1.0
45.3092,2.65324,1.0,0.0,0.0,1.0
46.2145,1.51,1.0,0.0,0.0,1.0
46.2145,1.51,1.0,0.0,0.0,1.0
45.3092,2.65324,1.0,0.0,0.0,1.0
43.75,3.26,1.0,0.0,0.0,1.0
46.2145,1.51,1.0,0.0,0.0,1.0
43.75,3.26,1.0,0.0,0.0,1.0
45.2,1.45603,1.0,0.0,0.0,1.0
45.2,1.45603,1.0,0.0,0.0,1.0
43.75,3.26,1.0,0.0,0.0,1.0
44.2,1.45603,1.0,0.0,0.0,1.0
45.2,1.45603,1.0,0.0,0.0,1.0
44.2,1.45603,1.0,0.0,0.0,1.0
44.8099,0.0,1.0,0.0,0.0,1.0
44.8099,0.0,1.0,0.0,0.0,1.0
44.2,1.45603,1.0,0.0,0.0,1.0
44.5901,0.0,1.0,0.0,0.0,1.0
45.0817,2.91951,1.0,0.0,0.0,1.0
45.0367,3.02824,1.0,0.0,0.0,1.0
43.75,3.26,1.0,0.0,0.0,1.0
43.75,3.26,1.0,0.0,0.0,1.0
45.0367,3.02824,1.0,0.0,0.0,1.0
45.0092,3.14267,1.0,0.0,0.0,1.0
43.75,3.26,1.0,0.0,0.0,1.0
45.0092,3.14267,1.0,0.0,0.0,1.0
45.0,3.26,1.0,0.0,0.0,1.0
20.5901,0.0,1.0,0.0,0.0,1.0
20.8099,0.0,1.0,0.0,0.0,1.0
20.2,1.45603,1.0,0.0,0.0,1.0
20.2,1.45603,1.0,0.0,0.0,1.0
20.8099,0.0,1.0,0.0,0.0,1.0
21.2,1.45603,1.0,0.0,0.0,1.0
20.2,1.45603,1.0,0.0,0.0,1.0
21.2,1.45603,1.0,0.0,0.0,1.0
21.75,3.26,1.0,0.0,0.0,1.0
21.75,3.26,1.0,0.0,0.0,1.0
21.2,1.45603,1.0,0.0,0.0,1.0
22.2,1.45603,1.0,0.0,0.0,1.0
21.75,3.26,1.0,0.0,0.0,1.0
22.2,1.45603,1.0,0.0,0.0,1.0
21.75,7.76,1.0,0.0,0.0,1.0
21.75,7.76,1.0,0.0,0.0,1.0
22.2,1.45603,1.0,0.0,0.0,1.0
23.2,1.45603,1.0,0.0,0.0,1.0
21.75,7.76,1.0,0.0,0.0,1.0
23.2,1.45603,1.0,0.0,0.0,1.0
24.2,1.45603,1.0,0.0,0.0,1.0
24.2,1.45603,1.0,0.0,0.0,1.0
23.2,1.45603,1.0,0.0,0.0,1.0
23.8099,0.0,1.0,0.0,0.0,1.0
24.5901,0.0,1.0,0.0,0.0,1.0
24.8099,0.0,1.0,0.0,0.0,1.0
24.2,1.45603,1.0,0.0,0.0,1.0
24.2,1.45603,1.0,0.0,0.0,1.0
24.8099,0.0,1.0,0.0,0.0,1.0
25.2,1.45603,1.0,0.0,0.0,1.0
24.2,1.45603,1.0,0.0,0.0,1.0
25.2,1.45603,1.0,0.0,0.0,1.0
21.75,7.76,1.0,0.0,0.0,1.0
21.75,7.76,1.0,0.0,0.0,1.0
25.2,1.45603,1.0,0.0,0.0,1.0
26.2,1.45603,1.0,0.0,0.0,1.0
21.75,7.76,1.0,0.0,0.0,1.0
26.2,1.45603,1.0,0.0,0.0,1.0
27.2,1.45603,1.0,0.0,0.0,1.0
27.2,1.45603,1.0,0.0,0.0,1.0
26.2,1.45603,1.0,0.0,0.0,1.0
26.8099,0.0,1.0,0.0,0.0,1.0
33.5901,0.0,1.0,0.0,0.0,1.0
33.8099,0.0,1.0,0.0,0.0,1.0
33.2,1.45603,1.0,0.0,0.0,1.0
33.2,1.45603,1.0,0.0,0.0,1.0
33.8099,0.0,1.0,0.0,0.0,1.0
34.2,1.45603,1.0,0.0,0.0,1.0
33.2,1.45603,1.0,0.0,0.0,1.0
34.2,1.45603,1.0,0.0,0.0,1.0
48.0,9.51,1.0,0.0,0.0,1.0
48.0,9.51,1.0,0.0,0.0,1.0
34.2,1.45603,1.0,0.0,0.0,1.0
35.2,1.45603,1.0,0.0,0.0,1.0
48.0,9.51,1.0,0.0,0.0,1.0
35.2,1.45603,1.0,0.0,0.0,1.0
36.2,1.45603,1.0,0.0,0.0,1.0
36.2,1.45603,1.0,0.0,0.0,1.0
35.2,1.45603,1.0,0.0,0.0,1.0
35.8099,0.0,1.0,0.0,0.0,1.0
36.5901,0.0,1.0,0.0,0.0,1.0
36.8099,0.0,1.0,0.0,0.0,1.0
36.2,1.45603,1.0,0.0,0.0,1.0
36.2,1.45603,1.0,0.0,0.0,1.0
36.8099,0.0,1.0,0.0,0.0,1.0
37.2,1.45603,1.0,0.0,0.0,1.0
36.2,1.45603,1.0,0.0,0.0,1.0
37.2,1.45603,1.0,0.0,0.0,1.0
48.0,9.51,1.0,0.0,0.0,1.0
48.0,9.51,1.0,0.0,0.0,1.0
37.2,1.45603,1.0,0.0,0.0,1.0
38.2,1.45603,1.0,0.0,0.0,1.0
48.0,9.51,1.0,0.0,0.0,1.0
38.2,1.45603,1.0,0.0,0.0,1.0
42.25,4.51,1.0,0.0,0.0,1.0
42.25,4.51,1.0,0.0,0.0,1.0
38.2,1.45603,1.0,0.0,0.0,1.0
39.2,1.45603,1.0,0.0,0.0,1.0
42.25,4.51,1.0,0.0,0.0,1.0
39.2,1.45603,1.0,0.0,0.0,1.0
40.2,1.45603,1.0,0.0,0.0,1.0
40.2,1.45603,1.0,0.0,0.0,1.0
39.2,1.45603,1.0,0.0,0.0,1.0
39.8099,0.0,1.0,0.0,0.0,1.0
45.0,3.26,1.0,0.0,0.0,1.0
45.0,4.01,1.0,0.0,0.0,1.0
43.75,3.26,1.0,0.0,0.0,1.0
43.75,3.26,1.0,0.0,0.0,1.0
45.0,4.01,1.0,0.0,0.0,1.0
45.0092,4.12733,1.0,0.0,0.0,1.0
43.75,3.26,1.0,0.0,0.0,1.0
45.0092,4.12733,1.0,0.0,0.0,1.0
45.0367,4.24176,1.0,0.0,0.0,1.0
48.0,1.51,1.0,0.0,0.0,1.0
48.0,2.51,1.0,0.0,0.0,1.0
46.2145,1.51,1.0,0.0,0.0,1.0
46.2145,1.51,1.0,0.0,0.0,1.0
48.0,2.51,1.0,0.0,0.0,1.0
45.75,2.51,1.0,0.0,0.0,1.0
46.2145,1.51,1.0,0.0,0.0,1.0
45.75,2.51,1.0,0.0,0.0,1.0
45.6327,2.51923,1.0,0.0,0.0,1.0
45.0,3.26,1.0,1.0,0.0,0.0
45.0,3.26,0.0,1.0,0.0,0.0
45.0,4.01,1.0,1.0,0.0,0.0
45.0,4.01,1.0,1.0,0.0,0.0
45.0,3.26,0.0,1.0,0.0,0.0
45.0,4.01,1.35525e-17,1.0,0.0,0.0
45.75,4.76,1.35525e-17,0.0784575,-0.996917,0.0
45.75,4.76,1.0,0.0784575,-0.996917,0.0
45.6327,4.75077,1.35525e-17,0.0784575,-0.996917,0.0
45.6327,4.75077,1.35525e-17,0.0784575,-0.996917,0.0
45.75,4.76,1.0,0.0784575,-0.996917,0.0
45.6327,4.75077,1.0,0.0784575,-0.996917,0.0
45.6327,4.75077,1.35525e-17,0.233445,-0.97237,0.0
45.6327,4.75077,1.0,0.233445,-0.97237,0.0
45.5182,4.72329,1.35525e-17,0.233445,-0.97237,0.0
45.5182,4.72329,1.35525e-17,0.233445,-0.97237,0.0
45.6327,4.75077,1.0,0.233445,-0.97237,0.0
45.5182,4.72329,1.0,0.233445,-0.97237,0.0
45.5182,4.72329,1.35525e-17,0.382681,-0.92388,0.0
45.5182,4.72329,1.0,0.382681,-0.92388,0.0
45.4095,4.67826,1.35525e-17,0.382681,-0.92388,0.0
45.4095,4.67826,1.35525e-17,0.382681,-0.92388,0.0
45.5182,4.72329,1.0,0.382681,-0.92388,0.0
45.4095,4.67826,1.0,0.382681,-0.92388,0.0
45.4095,4.67826,1.35525e-17,0.522502,-0.852638,0.0
45.4095,4.67826,1.0,0.522502,-0.852638,0.0
45.3092,4.61676,1.35525e-17,0.522502,-0.852638,0.0
45.3092,4.61676,1.35525e-17,0.522502,-0.852638,0.0
45.4095,4.67826,1.0,0.522502,-0.852638,0.0
45.3092,4.61676,1.0,0.522502,-0.852638,0.0
45.3092,4.61676,1.35525e-17,0.649441,-0.760412,0.0
45.3092,4.61676,1.0,0.649441,-0.760412,0.0
45.2197,4.54033,1.35525e-17,0.649441,-0.760412,0.0
45.2197,4.54033,1.35525e-17,0.649441,-0.760412,0.0
45.3092,4.61676,1.0,0.649441,-0.760412,0.0
45.2197,4.54033,1.0,0.649441,-0.760412,0.0
45.2197,4.54033,1.35525e-17,0.760411,-0.649442,0.0
45.2197,4.54033,1.0,0.760411,-0.649442,0.0
45.1432,4.45084,1.35525e-17,0.760411,-0.649442,0.0
45.1432,4.45084,1.35525e-17,0.760411,-0.649442,0.0
45.2197,4.54033,1.0,0.760411,-0.649442,0.0
45.1432,4.45084,1.0,0.760411,-0.649442,0.0
45.1432,4.45084,1.35525e-17,0.852637,-0.522503,0.0
45.1432,4.45084,1.0,0.852637,-0.522503,0.0
45.0817,4.35049,1.35525e-17,0.852637,-0.522503,0.0
45.0817,4.35049,1.35525e-17,0.852637,-0.522503,0.0
45.1432,4.45084,1.0,0.852637,-0.522503,0.0
45.0817,4.35049,1.0,0.852637,-0.522503,0.0
45.0817,4.35049,1.35525e-17,0.923895,-0.382647,0.0
45.0817,4.35049,1.0,0.923895,-0.382647,0.0
45.0367,4.24176,1.35525e-17,0.923895,-0.382647,0.0
45.0367,4.24176,1.35525e-17,0.923895,-0.382647,0.0
45.0817,4.35049,1.0,0.923895,-0.382647,0.0
45.0367,4.24176,1.0,0.923895,-0.382647,0.0
45.0367,4.24176,1.35525e-17,0.972356,-0.233504,0.0
45.0367,4.24176,1.0,0.972356,-0.233504,0.0
45.0092,4.12733,1.35525e-17,0.972356,-0.233504,0.0
45.0092,4.12733,1.35525e-17,0.972356,-0.233504,0.0
45.0367,4.24176,1.0,0.972356,-0.233504,0.0
45.0092,4.12733,1.0,0.972356,-0.233504,0.0
45.0092,4.12733,1.35525e-17,0.996919,-0.0784404,0.0
45.0092,4.12733,1.0,0.996919,-0.0784404,0.0
45.0,4.01,1.35525e-17,0.996919,-0.0784404,0.0
45.0,4.01,1.35525e-17,0.996919,-0.0784404,0.0
45.0092,4.12733,1.0,0.996919,-0.0784404,0.0
45.0,4.01,1.0,0.996919,-0.0784404,0.0
45.75,4.76,1.0,0.0,-1.0,0.0
45.75,4.76,1.35525e-17,0.0,-1.0,0.0
48.0,4.76,1.0,0.0,-1.0,0.0
48.0,4.76,1.0,0.0,-1.0,0.0
45.75,4.76,1.35525e-17,0.0,-1.0,0.0
48.0,4.76,0.0,0.0,-1.0,0.0
48.0,4.76,0.0,1.0,0.0,0.0
48.0,9.51,0.0,1.0,0.0,0.0
48.0,4.76,1.0,1.0,0.0,0.0
48.0,4.76,1.0,1.0,0.0,0.0
48.0,9.51,0.0,1.0,0.0,0.0
48.0,9.51,1.0,1.0,0.0,0.0
0.0,9.51,0.0,0.0,1.0,0.0
0.0,9.51,1.0,0.0,1.0,0.0
48.0,9.51,0.0,0.0,1.0,0.0
48.0,9.51,0.0,0.0,1.0,0.0
0.0,9.51,1.0,0.0,1.0,0.0
48.0,9.51,1.0,0.0,1.0,0.0
0.0,1.51,0.0,-1.0,0.0,0.0
0.0,1.51,1.0,-1.0,0.0,0.0
0.0,9.51,0.0,-1.0,0.0,0.0
0.0,9.51,0.0,-1.0,0.0,0.0
0.0,1.51,1.0,-1.0,0.0,0.0
0.0,9.51,1.0,-1.0,0.0,0.0
8.18554,1.51,1.0,0.0,-1.0,0.0
0.0,1.51,1.0,0.0,-1.0,0.0
8.18554,1.51,0.0,0.0,-1.0,0.0
8.18554,1.51,0.0,0.0,-1.0,0.0
0.0,1.51,1.0,0.0,-1.0,0.0
0.0,1.51,0.0,0.0,-1.0,0.0
8.59014,0.0,1.0,-0.965926,-0.258819,0.0
8.18554,1.51,1.0,-0.965926,-0.258819,0.0
8.59014,0.0,0.0,-0.965926,-0.258819,0.0
8.59014,0.0,0.0,-0.965926,-0.258819,0.0
8.18554,1.51,1.0,-0.965926,-0.258819,0.0
8.18554,1.51,0.0,-0.965926,-0.258819,0.0
8.59014,0.0,1.0,0.0,-1.0,0.0
8.59014,0.0,0.0,0.0,-1.0,0.0
8.80986,0.0,1.0,0.0,-1.0,0.0
8.80986,0.0,1.0,0.0,-1.0,0.0
8.59014,0.0,0.0,0.0,-1.0,0.0
8.80986,0.0,0.0,0.0,-1.0,0.0
8.80986,0.0,0.0,0.965926,-0.258819,0.0
9.2,1.45603,0.0,0.965926,-0.258819,0.0
8.80986,0.0,1.0,0.965926,-0.258819,0.0
8.80986,0.0,1.0,0.965926,-0.258819,0.0
9.2,1.45603,0.0,0.965926,-0.258819,0.0
9.2,1.45603,1.0,0.965926,-0.258819,0.0
9.59014,0.0,1.0,-0.965926,-0.258819,0.0
9.2,1.45603,1.0,-0.965926,-0.258819,0.0
9.59014,0.0,0.0,-0.965926,-0.258819,0.0
9.59014,0.0,0.0,-0.965926,-0.258819,0.0
9.2,1.45603,1.0,-0.965926,-0.258819,0.0
9.2,1.45603,0.0,-0.965926,-0.258819,0.0
9.59014,0.0,1.0,0.0,-1.0,0.0
9.59014,0.0,0.0,0.0,-1.0,0.0
9.80986,0.0,1.0,0.0,-1.0,0.0
9.80986,0.0,1.0,0.0,-1.0,0.0
9.59014,0.0,0.0,0.0,-1.0,0.0
9.80986,0.0,0.0,0.0,-1.0,0.0
9.80986,0.0,0.0,0.965926,-0.258819,0.0
10.2,1.45603,0.0,0.965926,-0.258819,0.0
9.80986,0.0,1.0,0.965926,-0.258819,0.0
9.80986,0.0,1.0,0.965926,-0.258819,0.0
10.2,1.45603,0.0,0.965926,-0.258819,0.0
10.2,1.45603,1.0,0.965926,-0.258819,0.0
10.5901,0.0,1.0,-0.965926,-0.258819,0.0
10.2,1.45603,1.0,-0.965926,-0.258819,0.0
10.5901,0.0,0.0,-0.965926,-0.258819,0.0
10.5901,0.0,0.0,-0.965926,-0.258819,0.0
10.2,1.45603,1.0,-0.965926,-0.258819,0.0
10.2,1.45603,0.0,-0.965926,-0.258819,0.0
10.5901,0.0,1.0,0.0,-1.0,0.0
10.5901,0.0,0.0,0.0,-1.0,0.0
10.8099,0.0,1.0,0.0,-1.0,0.0
10.8099,0.0,1.0,0.0,-1.0,0.0
10.5901,0.0,0.0,0.0,-1.0,0.0
10.8099,0.0,0.0,0.0,-1.0,0.0
10.8099,0.0,0.0,0.965926,-0.258819,0.0
11.2,1.45603,0.0,0.965926,-0.258819,0.0
10.8099,0.0,1.0,0.965926,-0.258819,0.0
10.8099,0.0,1.0,0.965926,-0.258819,0.0
11.2,1.45603,0.0,0.965926,-0.258819,0.0
11.2,1.45603,1.0,0.965926,-0.258819,0.0
11.5901,0.0,1.0,-0.965926,-0.258819,0.0
11.2,1.45603,1.0,-0.965926,-0.258819,0.0
11.5901,0.0,0.0,-0.965926,-0.258819,0.0
11.5901,0.0,0.0,-0.965926,-0.258819,0.0
11.2,1.45603,1.0,-0.965926,-0.258819,0.0
11.2,1.45603,0.0,-0.965926,-0.258819,0.0
11.5901,0.0,1.0,0.0,-1.0,0.0
11.5901,0.0,0.0,0.0,-1.0,0.0
11.8099,0.0,1.0,0.0,-1.0,0.0
11.8099,0.0,1.0,0.0,-1.0,0.0
11.5901,0.0,0.0,0.0,-1.0,0.0
11.8099,0.0,0.0,0.0,-1.0,0.0
11.8099,0.0,0.0,0.965926,-0.258819,0.0
12.2,1.45603,0.0,0.965926,-0.258819,0.0
11.8099,0.0,1.0,0.965926,-0.258819,0.0
11.8099,0.0,1.0,0.965926,-0.258819,0.0
12.2,1.45603,0.0,0.965926,-0.258819,0.0
12.2,1.45603,1.0,0.965926,-0.258819,0.0
12.5901,0.0,1.0,-0.965926,-0.258819,0.0
12.2,1.45603,1.0,-0.965926,-0.258819,0.0
12.5901,0.0,0.0,-0.965926,-0.258819,0.0
12.5901,0.0,0.0,-0.965926,-0.258819,0.0
12.2,1.45603,1.0,-0.965926,-0.258819,0.0
12.2,1.45603,0.0,-0.965926,-0.258819,0.0
12.5901,0.0,1.0,0.0,-1.0,0.0
12.5901,0.0,0.0,0.0,-1.0,0.0
12.8099,0.0,1.0,0.0,-1.0,0.0
12.8099,0.0,1.0,0.0,-1.0,0.0
12.5901,0.0,0.0,0.0,-1.0,0.0
12.8099,0.0,0.0,0.0,-1.0,0.0
12.8099,0.0,0.0,0.965926,-0.258819,0.0
13.2,1.45603,0.0,0.965926,-0.258819,0.0
12.8099,0.0,1.0,0.965926,-0.258819,0.0
12.8099,0.0,1.0,0.965926,-0.258819,0.0
13.2,1.45603,0.0,0.965926,-0.258819,0.0
13.2,1.45603,1.0,0.965926,-0.258819,0.0
13.5901,0.0,1.0,-0.965926,-0.258819,0.0
13.2,1.45603,1.0,-0.965926,-0.258819,0.0
13.5901,0.0,0.0,-0.965926,-0.258819,0.0
13.5901,0.0,0.0,-0.965926,-0.258819,0.0
13.2,1.45603,1.0,-0.965926,-0.258819,0.0
13.2,1.45603,0.0,-0.965926,-0.258819,0.0
13.5901,0.0,1.0,0.0,-1.0,0.0
13.5901,0.0,0.0,0.0,-1.0,0.0
13.8099,0.0,1.0,0.0,-1.0,0.0
13.8099,0.0,1.0,0.0,-1.0,0.0
13.5901,0.0,0.0,0.0,-1.0,0.0
13.8099,0.0,0.0,0.0,-1.0,0.0
13.8099,0.0,0.0,0.965926,-0.258818,0.0
14.2,1.45603,0.0,0.965926,-0.258818,0.0
13.8099,0.0,1.0,0.965926,-0.258818,0.0
13.8099,0.0,1.0,0.965926,-0.258818,0.0
14.2,1.45603,0.0,0.965926,-0.258818,0.0
14.2,1.45603,1.0,0.965926,-0.258818,0.0
14.5901,0.0,1.0,-0.965926,-0.258819,0.0
14.2,1.45603,1.0,-0.965926,-0.258819,0.0
14.5901,0.0,0.0,-0.965926,-0.258819,0.0
14.5901,0.0,0.0,-0.965926,-0.258819,0.0
14.2,1.45603,1.0,-0.965926,-0.258819,0.0
14.2,1.45603,0.0,-0.965926,-0.258819,0.0
14.5901,0.0,1.0,0.0,-1.0,0.0
14.5901,0.0,0.0,0.0,-1.0,0.0
14.8099,0.0,1.0,0.0,-1.0,0.0
14.8099,0.0,1.0,0.0,-1.0,0.0
14.5901,0.0,0.0,0.0,-1.0,0.0
14.8099,0.0,0.0,0.0,-1.0,0.0
14.8099,0.0,0.0,0.965926,-0.258818,0.0
15.2,1.45603,0.0,0.965926,-0.258818,0.0
14.8099,0.0,1.0,0.965926,-0.258818,0.0
14.8099,0.0,1.0,0.965926,-0.258818,0.0
15.2,1.45603,0.0,0.965926,-0.258818,0.0
15.2,1.45603,1.0,0.965926,-0.258818,0.0
15.5901,0.0,1.0,-0.965926,-0.258819,0.0
15.2,1.45603,1.0,-0.965926,-0.258819,0.0
15.5901,0.0,0.0,-0.965926,-0.258819,0.0
15.5901,0.0,0.0,-0.965926,-0.258819,0.0
15.2,1.45603,1.0,-0.965926,-0.258819,0.0
15.2,1.45603,0.0,-0.965926,-0.258819,0.0
15.5901,0.0,1.0,0.0,-1.0,0.0
15.5901,0.0,0.0,0.0,-1.0,0.0
15.8099,0.0,1.0,0.0,-1.0,0.0
15.8099,0.0,1.0,0.0,-1.0,0.0
15.5901,0.0,0.0,0.0,-1.0,0.0
15.8099,0.0,0.0,0.0,-1.0,0.0
15.8099,0.0,0.0,0.965926,-0.258819,0.0
16.2,1.45603,0.0,0.965926,-0.258819,0.0
15.8099,0.0,1.0,0.965926,-0.258819,0.0
15.8099,0.0,1.0,0.965926,-0.258819,0.0
16.2,1.45603,0.0,0.965926,-0.258819,0.0
16.2,1.45603,1.0,0.965926,-0.258819,0.0
16.5901,0.0,1.0,-0.965926,-0.258819,0.0
16.2,1.45603,1.0,-0.965926,-0.258819,0.0
16.5901,0.0,0.0,-0.965926,-0.258819,0.0
16.5901,0.0,0.0,-0.965926,-0.258819,0.0
16.2,1.45603,1.0,-0.965926,-0.258819,0.0
16.2,1.45603,0.0,-0.965926,-0.258819,0.0
16.5901,0.0,1.0,0.0,-1.0,0.0
16.5901,0.0,0.0,0.0,-1.0,0.0
16.8099,0.0,1.0,0.0,-1.0,0.0
16.8099,0.0,1.0,0.0,-1.0,0.0
16.5901,0.0,0.0,0.0,-1.0,0.0
16.8099,0.0,0.0,0.0,-1.0,0.0
16.8099,0.0,0.0,0.965926,-0.258819,0.0
17.2,1.45603,0.0,0.965926,-0.258819,0.0
16.8099,0.0,1.0,0.965926,-0.258819,0.0
16.8099,0.0,1.0,0.965926,-0.258819,0.0
17.2,1.45603,0.0,0.965926,-0.258819,0.0
17.2,1.45603,1.0,0.965926,-0.258819,0.0
17.5901,0.0,1.0,-0.965926,-0.258819,0.0
17.2,1.45603,1.0,-0.965926,-0.258819,0.0
17.5901,0.0,0.0,-0.965926,-0.258819,0.0
17.5901,0.0,0.0,-0.965926,-0.258819,0.0
17.2,1.45603,1.0,-0.965926,-0.258819,0.0
17.2,1.45603,0.0,-0.965926,-0.258819,0.0
17.5901,0.0,1.0,0.0,-1.0,0.0
17.5901,0.0,0.0,0.0,-1.0,0.0
17.8099,0.0,1.0,0.0,-1.0,0.0
17.8099,0.0,1.0,0.0,-1.0,0.0
17.5901,0.0,0.0,0.0,-1.0,0.0
17.8099,0.0,0.0,0.0,-1.0,0.0
17.8099,0.0,0.0,0.965926,-0.258819,0.0
18.2,1.45603,0.0,0.965926,-0.258819,0.0
17.8099,0.0,1.0,0.965926,-0.258819,0.0
17.8099,0.0,1.0,0.965926,-0.258819,0.0
18.2,1.45603,0.0,0.965926,-0.258819,0.0
18.2,1.45603,1.0,0.965926,-0.258819,0.0
18.5901,0.0,1.0,-0.965926,-0.258819,0.0
18.2,1.45603,1.0,-0.965926,-0.258819,0.0
18.5901,0.0,0.0,-0.965926,-0.258819,0.0
18.5901,0.0,0.0,-0.965926,-0.258819,0.0
18.2,1.45603,1.0,-0.965926,-0.258819,0.0
18.2,1.45603,0.0,-0.965926,-0.258819,0.0
18.5901,0.0,1.0,0.0,-1.0,0.0
18.5901,0.0,0.0,0.0,-1.0,0.0
18.8099,0.0,1.0,0.0,-1.0,0.0
18.8099,0.0,1.0,0.0,-1.0,0.0
18.5901,0.0,0.0,0.0,-1.0,0.0
18.8099,0.0,0.0,0.0,-1.0,0.0
18.8099,0.0,0.0,0.965926,-0.258819,0.0
19.2,1.45603,0.0,0.965926,-0.258819,0.0
18.8099,0.0,1.0,0.965926,-0.258819,0.0
18.8099,0.0,1.0,0.965926,-0.258819,0.0
19.2,1.45603,0.0,0.965926,-0.258819,0.0
19.2,1.45603,1.0,0.965926,-0.258819,0.0
19.5901,0.0,1.0,-0.965926,-0.258819,0.0
19.2,1.45603,1.0,-0.965926,-0.258819,0.0
19.5901,0.0,0.0,-0.965926,-0.258819,0.0
19.5901,0.0,0.0,-0.965926,-0.258819,0.0
19.2,1.45603,1.0,-0.965926,-0.258819,0.0
19.2,1.45603,0.0,-0.965926,-0.258819,0.0
19.5901,0.0,1.0,0.0,-1.0,0.0
19.5901,0.0,0.0,0.0,-1.0,0.0
19.8099,0.0,1.0,0.0,-1.0,0.0
19.8099,0.0,1.0,0.0,-1.0,0.0
19.5901,0.0,0.0,0.0,-1.0,0.0
19.8099,0.0,0.0,0.0,-1.0,0.0
19.8099,0.0,0.0,0.965926,-0.258819,0.0
20.2,1.45603,0.0,0.965926,-0.258819,0.0
19.8099,0.0,1.0,0.965926,-0.258819,0.0
19.8099,0.0,1.0,0.965926,-0.258819,0.0
20.2,1.45603,0.0,0.965926,-0.258819,0.0
20.2,1.45603,1.0,0.965926,-0.258819,0.0
20.5901,0.0,1.0,-0.965926,-0.258819,0.0
20.2,1.45603,1.0,-0.965926,-0.258819,0.0
20.5901,0.0,0.0,-0.965926,-0.258819,0.0
20.5901,0.0,0.0,-0.965926,-0.258819,0.0
20.2,1.45603,1.0,-0.965926,-0.258819,0.0
20.2,1.45603,0.0,-0.965926,-0.258819,0.0
20.5901,0.0,1.0,0.0,-1.0,0.0
20.5901,0.0,0.0,0.0,-1.0,0.0
20.8099,0.0,1.0,0.0,-1.0,0.0
20.8099,0.0,1.0,0.0,-1.0,0.0
20.5901,0.0,0.0,0.0,-1.0,0.0
20.8099,0.0,0.0,0.0,-1.0,0.0
20.8099,0.0,0.0,0.965926,-0.25882,0.0
21.2,1.45603,0.0,0.965926,-0.25882,0.0
20.8099,0.0,1.0,0.965926,-0.25882,0.0
20.8099,0.0,1.0,0.965926,-0.25882,0.0
21.2,1.45603,0.0,0.965926,-0.25882,0.0
21.2,1.45603,1.0,0.965926,-0.25882,0.0
21.5901,0.0,1.0,-0.965926,-0.258819,0.0
21.2,1.45603,1.0,-0.965926,-0.258819,0.0
21.5901,0.0,0.0,-0.965926,-0.258819,0.0
21.5901,0.0,0.0,-0.965926,-0.258819,0.0
21.2,1.45603,1.0,-0.965926,-0.258819,0.0
21.2,1.45603,0.0,-0.965926,-0.258819,0.0
21.5901,0.0,1.0,0.0,-1.0,0.0
21.5901,0.0,0.0,0.0,-1.0,0.0
21.8099,0.0,1.0,0.0,-1.0,0.0
21.8099,0.0,1.0,0.0,-1.0,0.0
21.5901,0.0,0.0,0.0,-1.0,0.0
21.8099,0.0,0.0,0.0,-1.0,0.0
21.8099,0.0,0.0,0.965926,-0.25882,0.0
22.2,1.45603,0.0,0.965926,-0.25882,0.0
21.8099,0.0,1.0,0.965926,-0.25882,0.0
21.8099,0.0,1.0,0.965926,-0.25882,0.0
22.2,1.45603,0.0,0.965926,-0.25882,0.0
22.2,1.45603,1.0,0.965926,-0.25882,0.0
22.5901,0.0,1.0,-0.965926,-0.258819,0.0
22.2,1.45603,1.0,-0.965926,-0.258819,0.0
22.5901,0.0,0.0,-0.965926,-0.258819,0.0
22.5901,0.0,0.0,-0.965926,-0.258819,0.0
22.2,1.45603,1.0,-0.965926,-0.258819,0.0
22.2,1.45603,0.0,-0.965926,-0.258819,0.0
22.5901,0.0,1.0,0.0,-1.0,0.0
22.5901,0.0,0.0,0.0,-1.0,0.0
22.8099,0.0,1.0,0.0,-1.0,0.0
22.8099,0.0,1.0,0.0,-1.0,0.0
22.5901,0.0,0.0,0.0,-1.0,0.0
22.8099,0.0,0.0,0.0,-1.0,0.0
22.8099,0.0,0.0,0.965926,-0.258819,0.0
23.2,1.45603,0.0,0.965926,-0.258819,0.0
22.8099,0.0,1.0,0.965926,-0.258819,0.0
22.8099,0.0,1.0,0.965926,-0.258819,0.0
23.2,1.45603,0.0,0.965926,-0.258819,0.0
23.2,1.45603,1.0,0.965926,-0.258819,0.0
23.5901,0.0,1.0,-0.965926,-0.258819,0.0
23.2,1.45603,1.0,-0.965926,-0.258819,0.0
23.5901,0.0,0.0,-0.965926,-0.258819,0.0
23.5901,0.0,0.0,-0.965926,-0.258819,0.0
23.2,1.45603,1.0,-0.965926,-0.258819,0.0
23.2,1.45603,0.0,-0.965926,-0.258819,0.0
23.5901,0.0,1.0,0.0,-1.0,0.0
23.5901,0.0,0.0,0.0,-1.0,0.0
23.8099,0.0,1.0,0.0,-1.0,0.0
23.8099,0.0,1.0,0.0,-1.0,0.0
23.5901,0.0,0.0,0.0,-1.0,0.0
23.8099,0.0,0.0,0.0,-1.0,0.0
23.8099,0.0,0.0,0.965926,-0.258819,0.0
24.2,1.45603,0.0,0.965926,-0.258819,0.0
23.8099,0.0,1.0,0.965926,-0.258819,0.0
23.8099,0.0,1.0,0.965926,-0.258819,0.0
24.2,1.45603,0.0,0.965926,-0.258819,0.0
24.2,1.45603,1.0,0.965926,-0.258819,0.0
24.5901,0.0,1.0,-0.965926,-0.258819,0.0
24.2,1.45603,1.0,-0.965926,-0.258819,0.0
24.5901,0.0,0.0,-0.965926,-0.258819,0.0
24.5901,0.0,0.0,-0.965926,-0.258819,0.0
24.2,1.45603,1.0,-0.965926,-0.258819,0.0
24.2,1.45603,0.0,-0.965926,-0.258819,0.0
24.5901,0.0,1.0,0.0,-1.0,0.0
24.5901,0.0,0.0,0.0,-1.0,0.0
24.8099,0.0,1.0,0.0,-1.0,0.0
24.8099,0.0,1.0,0.0,-1.0,0.0
24.5901,0.0,0.0,0.0,-1.0,0.0
24.8099,0.0,0.0,0.0,-1.0,0.0
24.8099,0.0,0.0,0.965926,-0.258819,0.0
25.2,1.45603,0.0,0.965926,-0.258819,0.0
24.8099,0.0,1.0,0.965926,-0.258819,0.0
24.8099,0.0,1.0,0.965926,-0.258819,0.0
25.2,1.45603,0.0,0.965926,-0.258819,0.0
25.2,1.45603,1.0,0.965926,-0.258819,0.0
25.5901,0.0,1.0,-0.965926,-0.258819,0.0
25.2,1.45603,1.0,-0.965926,-0.258819,0.0
25.5901,0.0,0.0,-0.965926,-0.258819,0.0
25.5901,0.0,0.0,-0.965926,-0.258819,0.0
25.2,1.45603,1.0,-0.965926,-0.258819,0.0
25.2,1.45603,0.0,-0.965926,-0.258819,0.0
25.5901,0.0,1.0,0.0,-1.0,0.0
25.5901,0.0,0.0,0.0,-1.0,0.0
25.8099,0.0,1.0,0.0,-1.0,0.0
25.8099,0.0,1.0,0.0,-1.0,0.0
25.5901,0.0,0.0,0.0,-1.0,0.0
25.8099,0.0,0.0,0.0,-1.0,0.0
25.8099,0.0,0.0,0.965926,-0.258819,0.0
26.2,1.45603,0.0,0.965926,-0.258819,0.0
25.8099,0.0,1.0,0.965926,-0.258819,0.0
25.8099,0.0,1.0,0.965926,-0.258819,0.0
26.2,1.45603,0.0,0.965926,-0.258819,0.0
26.2,1.45603,1.0,0.965926,-0.258819,0.0
26.5901,0.0,1.0,-0.965926,-0.25882,0.0
26.2,1.45603,1.0,-0.965926,-0.25882,0.0
26.5901,0.0,0.0,-0.965926,-0.25882,0.0
26.5901,0.0,0.0,-0.965926,-0.25882,0.0
26.2,1.45603,1.0,-0.965926,-0.25882,0.0
26.2,1.45603,0.0,-0.965926,-0.25882,0.0
26.5901,0.0,1.0,0.0,-1.0,0.0
26.5901,0.0,0.0,0.0,-1.0,0.0
26.8099,0.0,1.0,0.0,-1.0,0.0
26.8099,0.0,1.0,0.0,-1.0,0.0
26.5901,0.0,0.0,0.0,-1.0,0.0
26.8099,0.0,0.0,0.0,-1.0,0.0
26.8099,0.0,0.0,0.965926,-0.258819,0.0
27.2,1.45603,0.0,0.965926,-0.258819,0.0
26.8099,0.0,1.0,0.965926,-0.258819,0.0
26.8099,0.0,1.0,0.965926,-0.258819,0.0
27.2,1.45603,0.0,0.965926,-0.258819,0.0
27.2,1.45603,1.0,0.965926,-0.258819,0.0
27.5901,0.0,1.0,-0.965926,-0.258819,0.0
27.2,1.45603,1.0,-0.965926,-0.258819,0.0
27.5901,0.0,0.0,-0.965926,-0.258819,0.0
27.5901,0.0,0.0,-0.965926,-0.258819,0.0
27.2,1.45603,1.0,-0.965926,-0.258819,0.0
27.2,1.45603,0.0,-0.965926,-0.258819,0.0
27.5901,0.0,1.0,0.0,-1.0,0.0
27.5901,0.0,0.0,0.0,-1.0,0.0
27.8099,0.0,1.0,0.0,-1.0,0.0
27.8099,0.0,1.0,0.0,-1.0,0.0
27.5901,0.0,0.0,0.0,-1.0,0.0
27.8099,0.0,0.0,0.0,-1.0,0.0
27.8099,0.0,0.0,0.965926,-0.258819,0.0
28.2,1.45603,0.0,0.965926,-0.258819,0.0
27.8099,0.0,1.0,0.965926,-0.258819,0.0
27.8099,0.0,1.0,0.965926,-0.258819,0.0
28.2,1.45603,0.0,0.965926,-0.258819,0.0
28.2,1.45603,1.0,0.965926,-0.258819,0.0
28.5901,0.0,1.0,-0.965926,-0.258819,0.0
28.2,1.45603,1.0,-0.965926,-0.258819,0.0
28.5901,0.0,0.0,-0.965926,-0.258819,0.0
28.5901,0.0,0.0,-0.965926,-0.258819,0.0
28.2,1.45603,1.0,-0.965926,-0.258819,0.0
28.2,1.45603,0.0,-0.965926,-0.258819,0.0
28.5901,0.0,1.0,0.0,-1.0,0.0
28.5901,0.0,0.0,0.0,-1.0,0.0
28.8099,0.0,1.0,0.0,-1.0,0.0
28.8099,0.0,1.0,0.0,-1.0,0.0
28.5901,0.0,0.0,0.0,-1.0,0.0
28.8099,0.0,0.0,0.0,-1.0,0.0
28.8099,0.0,0.0,0.965926,-0.258819,0.0
29.2,1.45603,0.0,0.965926,-0.258819,0.0
28.8099,0.0,1.0,0.965926,-0.258819,0.0
28.8099,0.0,1.0,0.965926,-0.258819,0.0
29.2,1.45603,0.0,0.965926,-0.258819,0.0
29.2,1.45603,1.0,0.965926,-0.258819,0.0
29.5901,0.0,1.0,-0.965926,-0.258819,0.0
29.2,1.45603,1.0,-0.965926,-0.258819,0.0
29.5901,0.0,0.0,-0.965926,-0.258819,0.0
29.5901,0.0,0.0,-0.965926,-0.258819,0.0
29.2,1.45603,1.0,-0.965926,-0.258819,0.0
29.2,1.45603,0.0,-0.965926,-0.258819,0.0
29.5901,0.0,1.0,0.0,-1.0,0.0
29.5901,0.0,0.0,0.0,-1.0,0.0
29.8099,0.0,1.0,0.0,-1.0,0.0
29.8099,0.0,1.0,0.0,-1.0,0.0
29.5901,0.0,0.0,0.0,-1.0,0.0
29.8099,0.0,0.0,0.0,-1.0,0.0
29.8099,0.0,0.0,0.965926,-0.25882,0.0
30.2,1.45603,0.0,0.965926,-0.25882,0.0
29.8099,0.0,1.0,0.965926,-0.25882,0.0
29.8099,0.0,1.0,0.965926,-0.25882,0.0
30.2,1.45603,0.0,0.965926,-0.25882,0.0
30.2,1.45603,1.0,0.965926,-0.25882,0.0
30.5901,0.0,1.0,-0.965926,-0.258819,0.0
30.2,1.45603,1.0,-0.965926,-0.258819,0.0
30.5901,0.0,0.0,-0.965926,-0.258819,0.0
30.5901,0.0,0.0,-0.965926,-0.258819,0.0
30.2,1.45603,1.0,-0.965926,-0.258819,0.0
30.2,1.45603,0.0,-0.965926,-0.258819,0.0
30.5901,0.0,1.0,0.0,-1.0,0.0
30.5901,0.0,0.0,0.0,-1.0,0.0
30.8099,0.0,1.0,0.0,-1.0,0.0
30.8099,0.0,1.0,0.0,-1.0,0.0
30.5901,0.0,0.0,0.0,-1.0,0.0
30.8099,0.0,0.0,0.0,-1.0,0.0
30.8099,0.0,0.0,0.965926,-0.258819,0.0
31.2,1.45603,0.0,0.965926,-0.258819,0.0
30.8099,0.0,1.0,0.965926,-0.258819,0.0
30.8099,0.0,1.0,0.965926,-0.258819,0.0
31.2,1.45603,0.0,0.965926,-0.258819,0.0
31.2,1.45603,1.0,0.965926,-0.258819,0.0
31.5901,0.0,1.0,-0.965926,-0.258819,0.0
31.2,1.45603,1.0,-0.965926,-0.258819,0.0
31.5901,0.0,0.0,-0.965926,-0.258819,0.0
31.5901,0.0,0.0,-0.965926,-0.258819,0.0
31.2,1.45603,1.0,-0.965926,-0.258819,0.0
31.2,1.45603,0.0,-0.965926,-0.258819,0.0
31.5901,0.0,1.0,0.0,-1.0,0.0
31.5901,0.0,0.0,0.0,-1.0,0.0
31.8099,0.0,1.0,0.0,-1.0,0.0
31.8099,0.0,1.0,0.0,-1.0,0.0
31.5901,0.0,0.0,0.0,-1.0,0.0
31.8099,0.0,0.0,0.0,-1.0,0.0
31.8099,0.0,0.0,0.965926,-0.25882,0.0
32.2,1.45603,0.0,0.965926,-0.25882,0.0
31.8099,0.0,1.0,0.965926,-0.25882,0.0
31.8099,0.0,1.0,0.965926,-0.25882,0.0
32.2,1.45603,0.0,0.965926,-0.25882,0.0
32.2,1.45603,1.0,0.965926,-0.25882,0.0
32.5901,0.0,1.0,-0.965925,-0.258821,0.0
32.2,1.45603,1.0,-0.965925,-0.258821,0.0
32.5901,0.0,0.0,-0.965925,-0.258821,0.0
32.5901,0.0,0.0,-0.965925,-0.258821,0.0
32.2,1.45603,1.0,-0.965925,-0.258821,0.0
32.2,1.45603,0.0,-0.965925,-0.258821,0.0
32.5901,0.0,1.0,0.0,-1.0,0.0
32.5901,0.0,0.0,0.0,-1.0,0.0
32.8099,0.0,1.0,0.0,-1.0,0.0
32.8099,0.0,1.0,0.0,-1.0,0.0
32.5901,0.0,0.0,0.0,-1.0,0.0
32.8099,0.0,0.0,0.0,-1.0,0.0
32.8099,0.0,0.0,0.965926,-0.258819,0.0
33.2,1.45603,0.0,0.965926,-0.258819,0.0
32.8099,0.0,1.0,0.965926,-0.258819,0.0
32.8099,0.0,1.0,0.965926,-0.258819,0.0
33.2,1.45603,0.0,0.965926,-0.258819,0.0
33.2,1.45603,1.0,0.965926,-0.258819,0.0
33.5901,0.0,1.0,-0.965926,-0.258819,0.0
33.2,1.45603,1.0,-0.965926,-0.258819,0.0
33.5901,0.0,0.0,-0.965926,-0.258819,0.0
33.5901,0.0,0.0,-0.965926,-0.258819,0.0
33.2,1.45603,1.0,-0.965926,-0.258819,0.0
33.2,1.45603,0.0,-0.965926,-0.258819,0.0
33.5901,0.0,1.0,0.0,-1.0,0.0
33.5901,0.0,0.0,0.0,-1.0,0.0
33.8099,0.0,1.0,0.0,-1.0,0.0
33.8099,0.0,1.0,0.0,-1.0,0.0
33.5901,0.0,0.0,0.0,-1.0,0.0
33.8099,0.0,0.0,0.0,-1.0,0.0
33.8099,0.0,0.0,0.965926,-0.258819,0.0
34.2,1.45603,0.0,0.965926,-0.258819,0.0
33.8099,0.0,1.0,0.965926,-0.258819,0.0
33.8099,0.0,1.0,0.965926,-0.258819,0.0
34.2,1.45603,0.0,0.965926,-0.258819,0.0
34.2,1.45603,1.0,0.965926,-0.258819,0.0
34.5901,0.0,1.0,-0.965926,-0.258819,0.0
34.2,1.45603,1.0,-0.965926,-0.258819,0.0
34.5901,0.0,0.0,-0.965926,-0.258819,0.0
34.5901,0.0,0.0,-0.965926,-0.258819,0.0
34.2,1.45603,1.0,-0.965926,-0.258819,0.0
34.2,1.45603,0.0,-0.965926,-0.258819,0.0
34.5901,0.0,1.0,0.0,-1.0,0.0
34.5901,0.0,0.0,0.0,-1.0,0.0
34.8099,0.0,1.0,0.0,-1.0,0.0
34.8099,0.0,1.0,0.0,-1.0,0.0
34.5901,0.0,0.0,0.0,-1.0,0.0
34.8099,0.0,0.0,0.0,-1.0,0.0
34.8099,0.0,0.0,0.965925,-0.258821,0.0
35.2,1.45603,0.0,0.965925,-0.258821,0.0
34.8099,0.0,1.0,0.965925,-0.258821,0.0
34.8099,0.0,1.0,0.965925,-0.258821,0.0
35.2,1.45603,0.0,0.965925,-0.258821,0.0
35.2,1.45603,1.0,0.965925,-0.258821,0.0
35.5901,0.0,1.0,-0.965926,-0.258819,0.0
35.2,1.45603,1.0,-0.965926,-0.258819,0.0
35.5901,0.0,0.0,-0.965926,-0.258819,0.0
35.5901,0.0,0.0,-0.965926,-0.258819,0.0
35.2,1.45603,1.0,-0.965926,-0.258819,0.0
35.2,1.45603,0.0,-0.965926,-0.258819,0.0
35.5901,0.0,1.0,0.0,-1.0,0.0
35.5901,0.0,0.0,0.0,-1.0,0.0
35.8099,0.0,1.0,0.0,-1.0,0.0
35.8099,0.0,1.0,0.0,-1.0,0.0
35.5901,0.0,0.0,0.0,-1.0,0.0
35.8099,0.0,0.0,0.0,-1.0,0.0
35.8099,0.0,0.0,0.965926,-0.258819,0.0
36.2,1.45603,0.0,0.965926,-0.258819,0.0
35.8099,0.0,1.0,0.965926,-0.258819,0.0
35.8099,0.0,1.0,0.965926,-0.258819,0.0
36.2,1.45603,0.0,0.965926,-0.258819,0.0
36.2,1.45603,1.0,0.965926,-0.258819,0.0
36.5901,0.0,1.0,-0.965926,-0.258819,0.0
36.2,1.45603,1.0,-0.965926,-0.258819,0.0
36.5901,0.0,0.0,-0.965926,-0.258819,0.0
36.5901,0.0,0.0,-0.965926,-0.258819,0.0
36.2,1.45603,1.0,-0.965926,-0.258819,0.0
36.2,1.45603,0.0,-0.965926,-0.258819,0.0
36.5901,0.0,1.0,0.0,-1.0,0.0
36.5901,0.0,0.0,0.0,-1.0,0.0
36.8099,0.0,1.0,0.0,-1.0,0.0
36.8099,0.0,1.0,0.0,-1.0,0.0
36.5901,0.0,0.0,0.0,-1.0,0.0
36.8099,0.0,0.0,0.0,-1.0,0.0
36.8099,0.0,0.0,0.965926,-0.258819,0.0
37.2,1.45603,0.0,0.965926,-0.258819,0.0
36.8099,0.0,1.0,0.965926,-0.258819,0.0
36.8099,0.0,1.0,0.965926,-0.258819,0.0
37.2,1.45603,0.0,0.965926,-0.258819,0.0
37.2,1.45603,1.0,0.965926,-0.258819,0.0
37.5901,0.0,1.0,-0.965926,-0.258819,0.0
37.2,1.45603,1.0,-0.965926,-0.258819,0.0
37.5901,0.0,0.0,-0.965926,-0.258819,0.0
37.5901,0.0,0.0,-0.965926,-0.258819,0.0
37.2,1.45603,1.0,-0.965926,-0.258819,0.0
37.2,1.45603,0.0,-0.965926,-0.258819,0.0
37.5901,0.0,1.0,0.0,-1.0,0.0
37.5901,0.0,0.0,0.0,-1.0,0.0
37.8099,0.0,1.0,0.0,-1.0,0.0
37.8099,0.0,1.0,0.0,-1.0,0.0
37.5901,0.0,0.0,0.0,-1.0,0.0
37.8099,0.0,0.0,0.0,-1.0,0.0
37.8099,0.0,0.0,0.965927,-0.258817,0.0
38.2,1.45603,0.0,0.965927,-0.258817,0.0
37.8099,0.0,1.0,0.965927,-0.258817,0.0
37.8099,0.0,1.0,0.965927,-0.258817,0.0
38.2,1.45603,0.0,0.965927,-0.258817,0.0
38.2,1.45603,1.0,0.965927,-0.258817,0.0
38.5901,0.0,1.0,-0.965925,-0.258821,0.0
38.2,1.45603,1.0,-0.965925,-0.258821,0.0
38.5901,0.0,0.0,-0.965925,-0.258821,0.0
38.5901,0.0,0.0,-0.965925,-0.258821,0.0
38.2,1.45603,1.0,-0.965925,-0.258821,0.0
38.2,1.45603,0.0,-0.965925,-0.258821,0.0
38.5901,0.0,1.0,0.0,-1.0,0.0
38.5901,0.0,0.0,0.0,-1.0,0.0
38.8099,0.0,1.0,0.0,-1.0,0.0
38.8099,0.0,1.0,0.0,-1.0,0.0
38.5901,0.0,0.0,0.0,-1.0,0.0
38.8099,0.0,0.0,0.0,-1.0,0.0
38.8099,0.0,0.0,0.965925,-0.258821,0.0
39.2,1.45603,0.0,0.965925,-0.258821,0.0
38.8099,0.0,1.0,0.965925,-0.258821,0.0
38.8099,0.0,1.0,0.965925,-0.258821,0.0
39.2,1.45603,0.0,0.965925,-0.258821,0.0
39.2,1.45603,1.0,0.965925,-0.258821,0.0
39.5901,0.0,1.0,-0.965926,-0.258819,0.0
39.2,1.45603,1.0,-0.965926,-0.258819,0.0
39.5901,0.0,0.0,-0.965926,-0.258819,0.0
39.5901,0.0,0.0,-0.965926,-0.258819,0.0
39.2,1.45603,1.0,-0.965926,-0.258819,0.0
39.2,1.45603,0.0,-0.965926,-0.258819,0.0
39.5901,0.0,1.0,0.0,-1.0,0.0
39.5901,0.0,0.0,0.0,-1.0,0.0
39.8099,0.0,1.0,0.0,-1.0,0.0
39.8099,0.0,1.0,0.0,-1.0,0.0
39.5901,0.0,0.0,0.0,-1.0,0.0
39.8099,0.0,0.0,0.0,-1.0,0.0
39.8099,0.0,0.0,0.965926,-0.258819,0.0
40.2,1.45603,0.0,0.965926,-0.258819,0.0
39.8099,0.0,1.0,0.965926,-0.258819,0.0
39.8099,0.0,1.0,0.965926,-0.258819,0.0
40.2,1.45603,0.0,0.965926,-0.258819,0.0
40.2,1.45603,1.0,0.965926,-0.258819,0.0
40.5901,0.0,1.0,-0.965926,-0.258819,0.0
40.2,1.45603,1.0,-0.965926,-0.258819,0.0
40.5901,0.0,0.0,-0.965926,-0.258819,0.0
40.5901,0.0,0.0,-0.965926,-0.258819,0.0
40.2,1.45603,1.0,-0.965926,-0.258819,0.0
40.2,1.45603,0.0,-0.965926,-0.258819,0.0
40.5901,0.0,1.0,0.0,-1.0,0.0
40.5901,0.0,0.0,0.0,-1.0,0.0
40.8099,0.0,1.0,0.0,-1.0,0.0
40.8099,0.0,1.0,0.0,-1.0,0.0
40.5901,0.0,0.0,0.0,-1.0,0.0
40.8099,0.0,0.0,0.0,-1.0,0.0
40.8099,0.0,0.0,0.965927,-0.258817,0.0
41.2,1.45603,0.0,0.965927,-0.258817,0.0
40.8099,0.0,1.0,0.965927,-0.258817,0.0
40.8099,0.0,1.0,0.965927,-0.258817,0.0
41.2,1.45603,0.0,0.965927,-0.258817,0.0
41.2,1.45603,1.0,0.965927,-0.258817,0.0
41.5901,0.0,1.0,-0.965927,-0.258817,0.0
41.2,1.45603,1.0,-0.965927,-0.258817,0.0
41.5901,0.0,0.0,-0.965927,-0.258817,0.0
41.5901,0.0,0.0,-0.965927,-0.258817,0.0
41.2,1.45603,1.0,-0.965927,-0.258817,0.0
41.2,1.45603,0.0,-0.965927,-0.258817,0.0
41.5901,0.0,1.0,0.0,-1.0,0.0
41.5901,0.0,0.0,0.0,-1.0,0.0
41.8099,0.0,1.0,0.0,-1.0,0.0
41.8099,0.0,1.0,0.0,-1.0,0.0
41.5901,0.0,0.0,0.0,-1.0,0.0
41.8099,0.0,0.0,0.0,-1.0,0.0
41.8099,0.0,0.0,0.965926,-0.258819,0.0
42.2,1.45603,0.0,0.965926,-0.258819,0.0
41.8099,0.0,1.0,0.965926,-0.258819,0.0
41.8099,0.0,1.0,0.965926,-0.258819,0.0
42.2,1.45603,0.0,0.965926,-0.258819,0.0
42.2,1.45603,1.0,0.965926,-0.258819,0.0
42.5901,0.0,1.0,-0.965926,-0.258819,0.0
42.2,1.45603,1.0,-0.965926,-0.258819,0.0
42.5901,0.0,0.0,-0.965926,-0.258819,0.0
42.5901,0.0,0.0,-0.965926,-0.258819,0.0
42.2,1.45603,1.0,-0.965926,-0.258819,0.0
42.2,1.45603,0.0,-0.965926,-0.258819,0.0
42.5901,0.0,1.0,0.0,-1.0,0.0
42.5901,0.0,0.0,0.0,-1.0,0.0
42.8099,0.0,1.0,0.0,-1.0,0.0
42.8099,0.0,1.0,0.0,-1.0,0.0
42.5901,0.0,0.0,0.0,-1.0,0.0
42.8099,0.0,0.0,0.0,-1.0,0.0
42.8099,0.0,0.0,0.965926,-0.258819,0.0
43.2,1.45603,0.0,0.965926,-0.258819,0.0
42.8099,0.0,1.0,0.965926,-0.258819,0.0
42.8099,0.0,1.0,0.965926,-0.258819,0.0
43.2,1.45603,0.0,0.965926,-0.258819,0.0
43.2,1.45603,1.0,0.965926,-0.258819,0.0
43.5901,0.0,1.0,-0.965925,-0.258821,0.0
43.2,1.45603,1.0,-0.965925,-0.258821,0.0
43.5901,0.0,0.0,-0.965925,-0.258821,0.0
43.5901,0.0,0.0,-0.965925,-0.258821,0.0
43.2,1.45603,1.0,-0.965925,-0.258821,0.0
43.2,1.45603,0.0,-0.965925,-0.258821,0.0
43.5901,0.0,1.0,0.0,-1.0,0.0
43.5901,0.0,0.0,0.0,-1.0,0.0
43.8099,0.0,1.0,0.0,-1.0,0.0
43.8099,0.0,1.0,0.0,-1.0,0.0
43.5901,0.0,0.0,0.0,-1.0,0.0
43.8099,0.0,0.0,0.0,-1.0,0.0
43.8099,0.0,0.0,0.965925,-0.258821,0.0
44.2,1.45603,0.0,0.965925,-0.258821,0.0
43.8099,0.0,1.0,0.965925,-0.258821,0.0
43.8099,0.0,1.0,0.965925,-0.258821,0.0
44.2,1.45603,0.0,0.965925,-0.258821,0.0
44.2,1.45603,1.0,0.965925,-0.258821,0.0
44.5901,0.0,1.0,-0.965927,-0.258817,0.0
44.2,1.45603,1.0,-0.965927,-0.258817,0.0
44.5901,0.0,0.0,-0.965927,-0.258817,0.0
44.5901,0.0,0.0,-0.965927,-0.258817,0.0
44.2,1.45603,1.0,-0.965927,-0.258817,0.0
44.2,1.45603,0.0,-0.965927,-0.258817,0.0
44.5901,0.0,1.0,0.0,-1.0,0.0
44.5901,0.0,0.0,0.0,-1.0,0.0
44.8099,0.0,1.0,0.0,-1.0,0.0
44.8099,0.0,1.0,0.0,-1.0,0.0
44.5901,0.0,0.0,0.0,-1.0,0.0
44.8099,0.0,0.0,0.0,-1.0,0.0
44.8099,0.0,0.0,0.965926,-0.258819,0.0
45.2,1.45603,0.0,0.965926,-0.258819,0.0
44.8099,0.0,1.0,0.965926,-0.258819,0.0
44.8099,0.0,1.0,0.965926,-0.258819,0.0
45.2,1.45603,0.0,0.965926,-0.258819,0.0
45.2,1.45603,1.0,0.965926,-0.258819,0.0
45.5901,0.0,1.0,-0.965926,-0.258819,0.0
45.2,1.45603,1.0,-0.965926,-0.258819,0.0
45.5901,0.0,0.0,-0.965926,-0.258819,0.0
45.5901,0.0,0.0,-0.965926,-0.258819,0.0
45.2,1.45603,1.0,-0.965926,-0.258819,0.0
45.2,1.45603,0.0,-0.965926,-0.258819,0.0
45.5901,0.0,1.0,0.0,-1.0,0.0
45.5901,0.0,0.0,0.0,-1.0,0.0
45.8099,0.0,1.0,0.0,-1.0,0.0
45.8099,0.0,1.0,0.0,-1.0,0.0
45.5901,0.0,0.0,0.0,-1.0,0.0
45.8099,0.0,0.0,0.0,-1.0,0.0
45.8099,0.0,0.0,0.965925,-0.258821,0.0
46.2145,1.51,0.0,0.965925,-0.258821,0.0
45.8099,0.0,1.0,0.965925,-0.258821,0.0
45.8099,0.0,1.0,0.965925,-0.258821,0.0
46.2145,1.51,0.0,0.965925,-0.258821,0.0
46.2145,1.51,1.0,0.965925,-0.258821,0.0
46.2145,1.51,0.0,0.0,-1.0,0.0
48.0,1.51,0.0,0.0,-1.0,0.0
46.2145,1.51,1.0,0.0,-1.0,0.0
46.2145,1.51,1.0,0.0,-1.0,0.0
48.0,1.51,0.0,0.0,-1.0,0.0
48.0,1.51,1.0,0.0,-1.0,0.0
48.0,2.51,1.0,1.0,0.0,0.0
48.0,1.51,1.0,1.0,0.0,0.0
48.0,2.51,0.0,1.0,0.0,0.0
48.0,2.51,0.0,1.0,0.0,0.0
48.0,1.51,1.0,1.0,0.0,0.0
48.0,1.51,0.0,1.0,0.0,0.0
45.75,2.51,0.0,0.0,1.0,0.0
45.75,2.51,1.0,0.0,1.0,0.0
48.0,2.51,0.0,0.0,1.0,0.0
48.0,2.51,0.0,0.0,1.0,0.0
45.75,2.51,1.0,0.0,1.0,0.0
48.0,2.51,1.0,0.0,1.0,0.0
45.0,3.26,0.0,0.996919,0.0784406,0.0
45.0,3.26,1.0,0.996919,0.0784406,0.0
45.0092,3.14267,0.0,0.996919,0.0784406,0.0
45.0092,3.14267,0.0,0.996919,0.0784406,0.0
45.0,3.26,1.0,0.996919,0.0784406,0.0
45.0092,3.14267,1.0,0.996919,0.0784406,0.0
45.0092,3.14267,0.0,0.972356,0.233504,0.0
45.0092,3.14267,1.0,0.972356,0.233504,0.0
45.0367,3.02824,0.0,0.972356,0.233504,0.0
45.0367,3.02824,0.0,0.972356,0.233504,0.0
45.0092,3.14267,1.0,0.972356,0.233504,0.0
45.0367,3.02824,1.0,0.972356,0.233504,0.0
45.0367,3.02824,0.0,0.923894,0.382647,0.0
45.0367,3.02824,1.0,0.923894,0.382647,0.0
45.0817,2.91951,0.0,0.923894,0.382647,0.0
45.0817,2.91951,0.0,0.923894,0.382647,0.0
45.0367,3.02824,1.0,0.923894,0.382647,0.0
45.0817,2.91951,1.0,0.923894,0.382647,0.0
45.0817,2.91951,0.0,0.852638,0.522502,0.0
45.0817,2.91951,1.0,0.852638,0.522502,0.0
45.1432,2.81916,0.0,0.852638,0.522502,0.0
45.1432,2.81916,0.0,0.852638,0.522502,0.0
45.0817,2.91951,1.0,0.852638,0.522502,0.0
45.1432,2.81916,1.0,0.852638,0.522502,0.0
45.1432,2.81916,0.0,0.760412,0.649441,0.0
45.1432,2.81916,1.0,0.760412,0.649441,0.0
45.2197,2.72967,0.0,0.760412,0.649441,0.0
45.2197,2.72967,0.0,0.760412,0.649441,0.0
45.1432,2.81916,1.0,0.760412,0.649441,0.0
45.2197,2.72967,1.0,0.760412,0.649441,0.0
45.2197,2.72967,0.0,0.649441,0.760412,0.0
45.2197,2.72967,1.0,0.649441,0.760412,0.0
45.3092,2.65324,0.0,0.649441,0.760412,0.0
45.3092,2.65324,0.0,0.649441,0.760412,0.0
45.2197,2.72967,1.0,0.649441,0.760412,0.0
45.3092,2.65324,1.0,0.649441,0.760412,0.0
45.3092,2.65324,0.0,0.522501,0.852639,0.0
45.3092,2.65324,1.0,0.522501,0.852639,0.0
45.4095,2.59174,0.0,0.522501,0.852639,0.0
45.4095,2.59174,0.0,0.522501,0.852639,0.0
45.3092,2.65324,1.0,0.522501,0.852639,0.0
45.4095,2.59174,1.0,0.522501,0.852639,0.0
45.4095,2.59174,0.0,0.382681,0.92388,0.0
45.4095,2.59174,1.0,0.382681,0.92388,0.0
45.5182,2.54671,0.0,0.382681,0.92388,0.0
45.5182,2.54671,0.0,0.382681,0.92388,0.0
45.4095,2.59174,1.0,0.382681,0.92388,0.0
45.5182,2.54671,1.0,0.382681,0.92388,0.0
45.5182,2.54671,0.0,0.233445,0.97237,0.0
45.5182,2.54671,1.0,0.233445,0.97237,0.0
45.6327,2.51923,0.0,0.233445,0.97237,0.0
45.6327,2.51923,0.0,0.233445,0.97237,0.0
45.5182,2.54671,1.0,0.233445,0.97237,0.0
45.6327,2.51923,1.0,0.233445,0.97237,0.0
45.6327,2.51923,0.0,0.0784595,0.996917,0.0
45.6327,2.51923,1.0,0.0784595,0.996917,0.0
45.75,2.51,0.0,0.0784595,0.996917,0.0
45.75,2.51,0.0,0.0784595,0.996917,0.0
45.6327,2.51923,1.0,0.0784595,0.996917,0.0
45.75,2.51,1.0,0.0784595,0.996917,0.0
42.25,3.26,0.0,0.0,-1.0,0.0
43.75,3.26,0.0,0.0,-1.0,0.0
42.25,3.26,1.0,0.0,-1.0,0.0
42.25,3.26,1.0,0.0,-1.0,0.0
43.75,3.26,0.0,0.0,-1.0,0.0
43.75,3.26,1.0,0.0,-1.0,0.0
43.75,3.26,0.0,-1.0,0.0,0.0
43.75,2.51,0.0,-1.0,0.0,0.0
43.75,3.26,1.0,-1.0,0.0,0.0
43.75,3.26,1.0,-1.0,0.0,0.0
43.75,2.51,0.0,-1.0,0.0,0.0
43.75,2.51,1.0,-1.0,0.0,0.0
43.75,2.51,0.0,0.0,1.0,0.0
42.25,2.51,0.0,0.0,1.0,0.0
43.75,2.51,1.0,0.0,1.0,0.0
43.75,2.51,1.0,0.0,1.0,0.0
42.25,2.51,0.0,0.0,1.0,0.0
42.25,2.51,1.0,0.0,1.0,0.0
42.25,2.51,0.0,1.0,0.0,0.0
42.25,3.26,0.0,1.0,0.0,0.0
42.25,2.51,1.0,1.0,0.0,0.0
42.25,2.51,1.0,1.0,0.0,0.0
42.25,3.26,0.0,1.0,0.0,0.0
42.25,3.26,1.0,1.0,0.0,0.0
42.25,3.76,0.0,0.0,1.0,0.0
42.25,3.76,1.0,0.0,1.0,0.0
43.75,3.76,0.0,0.0,1.0,0.0
43.75,3.76,0.0,0.0,1.0,0.0
42.25,3.76,1.0,0.0,1.0,0.0
43.75,3.76,1.0,0.0,1.0,0.0
42.25,4.51,0.0,1.0,0.0,0.0
42.25,4.51,1.0,1.0,0.0,0.0
42.25,3.76,0.0,1.0,0.0,0.0
42.25,3.76,0.0,1.0,0.0,0.0
42.25,4.51,1.0,1.0,0.0,0.0
42.25,3.76,1.0,1.0,0.0,0.0
43.75,4.51,0.0,0.0,-1.0,0.0
43.75,4.51,1.0,0.0,-1.0,0.0
42.25,4.51,0.0,0.0,-1.0,0.0
42.25,4.51,0.0,0.0,-1.0,0.0
43.75,4.51,1.0,0.0,-1.0,0.0
42.25,4.51,1.0,0.0,-1.0,0.0
43.75,3.76,0.0,-1.0,0.0,0.0
43.75,3.76,1.0,-1.0,0.0,0.0
43.75,4.51,0.0,-1.0,0.0,0.0
43.75,4.51,0.0,-1.0,0.0,0.0
43.75,3.76,1.0,-1.0,0.0,0.0
43.75,4.51,1.0,-1.0,0.0,0.0
15.25,7.76,0.0,0.0,-1.0,0.0
21.75,7.76,0.0,0.0,-1.0,0.0
15.25,7.76,1.0,0.0,-1.0,0.0
15.25,7.76,1.0,0.0,-1.0,0.0
21.75,7.76,0.0,0.0,-1.0,0.0
21.75,7.76,1.0,0.0,-1.0,0.0
21.75,7.76,0.0,-1.0,0.0,0.0
21.75,3.26,0.0,-1.0,0.0,0.0
21.75,7.76,1.0,-1.0,0.0,0.0
21.75,7.76,1.0,-1.0,0.0,0.0
21.75,3.26,0.0,-1.0,0.0,0.0
21.75,3.26,1.0,-1.0,0.0,0.0
21.75,3.26,0.0,0.0,1.0,0.0
15.25,3.26,0.0,0.0,1.0,0.0
21.75,3.26,1.0,0.0,1.0,0.0
21.75,3.26,1.0,0.0,1.0,0.0
15.25,3.26,0.0,0.0,1.0,0.0
15.25,3.26,1.0,0.0,1.0,0.0
15.25,3.26,0.0,1.0,0.0,0.0
15.25,7.76,0.0,1.0,0.0,0.0
15.25,3.26,1.0,1.0,0.0,0.0
15.25,3.26,1.0,1.0,0.0,0.0
15.25,7.76,0.0,1.0,0.0,0.0
15.25,7.76,1.0,1.0,0.0,0.0
8.75,4.51,0.0,0.0,-1.0,0.0
10.0,4.51,0.0,0.0,-1.0,0.0
8.75,4.51,1.0,0.0,-1.0,0.0
8.75,4.51,1.0,0.0,-1.0,0.0
10.0,4.51,0.0,0.0,-1.0,0.0
10.0,4.51,1.0,0.0,-1.0,0.0
10.0,4.51,0.0,-1.0,0.0,0.0
10.0,2.51,0.0,-1.0,0.0,0.0
10.0,4.51,1.0,-1.0,0.0,0.0
10.0,4.51,1.0,-1.0,0.0,0.0
10.0,2.51,0.0,-1.0,0.0,0.0
10.0,2.51,1.0,-1.0,0.0,0.0
10.0,2.51,0.0,0.0,1.0,0.0
8.75,2.51,0.0,0.0,1.0,0.0
10.0,2.51,1.0,0.0,1.0,0.0
10.0,2.51,1.0,0.0,1.0,0.0
8.75,2.51,0.0,0.0,1.0,0.0
8.75,2.51,1.0,0.0,1.0,0.0
8.75,2.51,0.0,1.0,0.0,0.0
8.75,4.51,0.0,1.0,0.0,0.0
8.75,2.51,1.0,1.0,0.0,0.0
8.75,2.51,1.0,1.0,0.0,0.0
8.75,4.51,0.0,1.0,0.0,0.0
8.75,4.51,1.0,1.0,0.0,0.0
42.25,3.76,0.0,0.0,0.0,-1.0
43.75,3.76,0.0,0.0,0.0,-1.0
43.75,3.26,0.0,0.0,0.0,-1.0
21.75,3.26,0.0,0.0,0.0,-1.0
21.75,7.76,0.0,0.0,0.0,-1.0
42.25,3.26,0.0,0.0,0.0,-1.0
42.8099,0.0,0.0,0.0,0.0,-1.0
42.5901,0.0,0.0,0.0,0.0,-1.0
43.2,1.45603,0.0,0.0,0.0,-1.0
43.2,1.45603,0.0,0.0,0.0,-1.0
42.5901,0.0,0.0,0.0,0.0,-1.0
42.2,1.45603,0.0,0.0,0.0,-1.0
37.8099,0.0,0.0,0.0,0.0,-1.0
37.5901,0.0,0.0,0.0,0.0,-1.0
38.2,1.45603,0.0,0.0,0.0,-1.0
38.2,1.45603,0.0,0.0,0.0,-1.0
37.5901,0.0,0.0,0.0,0.0,-1.0
37.2,1.45603,0.0,0.0,0.0,-1.0
46.2145,1.51,0.0,0.0,0.0,-1.0
45.1432,2.81916,0.0,0.0,0.0,-1.0
45.2197,2.72967,0.0,0.0,0.0,-1.0
16.8099,0.0,0.0,0.0,0.0,-1.0
16.5901,0.0,0.0,0.0,0.0,-1.0
17.2,1.45603,0.0,0.0,0.0,-1.0
17.2,1.45603,0.0,0.0,0.0,-1.0
16.5901,0.0,0.0,0.0,0.0,-1.0
16.2,1.45603,0.0,0.0,0.0,-1.0
15.2,1.45603,0.0,0.0,0.0,-1.0
15.25,7.76,0.0,0.0,0.0,-1.0
15.25,3.26,0.0,0.0,0.0,-1.0
45.2197,2.72967,0.0,0.0,0.0,-1.0
45.3092,2.65324,0.0,0.0,0.0,-1.0
46.2145,1.51,0.0,0.0,0.0,-1.0
46.2145,1.51,0.0,0.0,0.0,-1.0
45.3092,2.65324,0.0,0.0,0.0,-1.0
45.4095,2.59174,0.0,0.0,0.0,-1.0
46.2145,1.51,0.0,0.0,0.0,-1.0
45.4095,2.59174,0.0,0.0,0.0,-1.0
45.5182,2.54671,0.0,0.0,0.0,-1.0
45.0092,3.14267,0.0,0.0,0.0,-1.0
45.0367,3.02824,0.0,0.0,0.0,-1.0
45.2,1.45603,0.0,0.0,0.0,-1.0
45.2,1.45603,0.0,0.0,0.0,-1.0
45.0367,3.02824,0.0,0.0,0.0,-1.0
45.0817,2.91951,0.0,0.0,0.0,-1.0
45.2,1.45603,0.0,0.0,0.0,-1.0
45.0817,2.91951,0.0,0.0,0.0,-1.0
45.1432,2.81916,0.0,0.0,0.0,-1.0
43.75,2.51,0.0,0.0,0.0,-1.0
43.75,3.26,0.0,0.0,0.0,-1.0
44.2,1.45603,0.0,0.0,0.0,-1.0
44.2,1.45603,0.0,0.0,0.0,-1.0
43.75,3.26,0.0,0.0,0.0,-1.0
43.75,3.76,0.0,0.0,0.0,-1.0
44.2,1.45603,0.0,0.0,0.0,-1.0
43.75,3.76,0.0,0.0,0.0,-1.0
43.75,4.51,0.0,0.0,0.0,-1.0
40.2,1.45603,0.0,0.0,0.0,-1.0
39.8099,0.0,0.0,0.0,0.0,-1.0
39.5901,0.0,0.0,0.0,0.0,-1.0
37.2,1.45603,0.0,0.0,0.0,-1.0
36.8099,0.0,0.0,0.0,0.0,-1.0
36.5901,0.0,0.0,0.0,0.0,-1.0
45.1432,2.81916,0.0,0.0,0.0,-1.0
46.2145,1.51,0.0,0.0,0.0,-1.0
45.2,1.45603,0.0,0.0,0.0,-1.0
45.2,1.45603,0.0,0.0,0.0,-1.0
46.2145,1.51,0.0,0.0,0.0,-1.0
45.8099,0.0,0.0,0.0,0.0,-1.0
45.2,1.45603,0.0,0.0,0.0,-1.0
45.8099,0.0,0.0,0.0,0.0,-1.0
45.5901,0.0,0.0,0.0,0.0,-1.0
45.3092,4.61676,1.35525e-17,9.44985e-18,-1.10645e-17,-1.0
45.2197,4.54033,1.35525e-17,9.44985e-18,-1.10645e-17,-1.0
43.75,4.51,0.0,9.44985e-18,-1.10645e-17,-1.0
43.75,4.51,0.0,9.38696e-18,-8.0171e-18,-1.0
45.2197,4.54033,1.35525e-17,9.38696e-18,-8.0171e-18,-1.0
45.1432,4.45084,1.35525e-17,9.38696e-18,-8.0171e-18,-1.0
43.75,4.51,0.0,1.05112e-17,-8.27054e-19,-1.0
45.0092,4.12733,1.35525e-17,1.05112e-17,-8.27054e-19,-1.0
45.0,4.01,1.35525e-17,1.05112e-17,-8.27054e-19,-1.0
15.25,7.76,0.0,0.0,0.0,-1.0
0.0,9.51,0.0,0.0,0.0,-1.0
21.75,7.76,0.0,0.0,0.0,-1.0
21.75,7.76,0.0,0.0,0.0,-1.0
0.0,9.51,0.0,0.0,0.0,-1.0
48.0,9.51,0.0,0.0,0.0,-1.0
43.8099,0.0,0.0,0.0,0.0,-1.0
43.5901,0.0,0.0,0.0,0.0,-1.0
44.2,1.45603,0.0,0.0,0.0,-1.0
44.2,1.45603,0.0,0.0,0.0,-1.0
43.5901,0.0,0.0,0.0,0.0,-1.0
43.2,1.45603,0.0,0.0,0.0,-1.0
44.2,1.45603,0.0,0.0,0.0,-1.0
43.2,1.45603,0.0,0.0,0.0,-1.0
43.75,2.51,0.0,0.0,0.0,-1.0
43.75,2.51,0.0,0.0,0.0,-1.0
43.2,1.45603,0.0,0.0,0.0,-1.0
42.25,2.51,0.0,0.0,0.0,-1.0
40.8099,0.0,0.0,0.0,0.0,-1.0
40.5901,0.0,0.0,0.0,0.0,-1.0
41.2,1.45603,0.0,0.0,0.0,-1.0
41.2,1.45603,0.0,0.0,0.0,-1.0
40.5901,0.0,0.0,0.0,0.0,-1.0
40.2,1.45603,0.0,0.0,0.0,-1.0
12.2,1.45603,0.0,0.0,0.0,-1.0
11.8099,0.0,0.0,0.0,0.0,-1.0
11.5901,0.0,0.0,0.0,0.0,-1.0
48.0,9.51,0.0,1.49348e-18,-3.60561e-18,-1.0
45.5182,4.72329,1.35525e-17,1.49348e-18,-3.60561e-18,-1.0
45.4095,4.67826,1.35525e-17,1.49348e-18,-3.60561e-18,-1.0
45.1432,4.45084,1.35525e-17,9.48068e-18,-5.80984e-18,-1.0
45.0817,4.35049,1.35525e-17,9.48068e-18,-5.80984e-18,-1.0
43.75,4.51,0.0,9.48068e-18,-5.80984e-18,-1.0
43.75,4.51,0.0,9.69559e-18,-4.01559e-18,-1.0
45.0817,4.35049,1.35525e-17,9.69559e-18,-4.01559e-18,-1.0
45.0367,4.24176,1.35525e-17,9.69559e-18,-4.01559e-18,-1.0
43.75,4.51,0.0,1.00306e-17,-2.40876e-18,-1.0
45.0367,4.24176,1.35525e-17,1.00306e-17,-2.40876e-18,-1.0
45.0092,4.12733,1.35525e-17,1.00306e-17,-2.40876e-18,-1.0
42.25,3.26,0.0,0.0,0.0,-1.0
42.25,2.51,0.0,0.0,0.0,-1.0
21.75,3.26,0.0,0.0,0.0,-1.0
21.75,3.26,0.0,0.0,0.0,-1.0
42.25,2.51,0.0,0.0,0.0,-1.0
43.2,1.45603,0.0,0.0,0.0,-1.0
21.75,3.26,0.0,0.0,0.0,-1.0
43.2,1.45603,0.0,0.0,0.0,-1.0
15.25,3.26,0.0,0.0,0.0,-1.0
15.25,3.26,0.0,0.0,0.0,-1.0
43.2,1.45603,0.0,0.0,0.0,-1.0
42.2,1.45603,0.0,0.0,0.0,-1.0
38.8099,0.0,0.0,0.0,0.0,-1.0
38.5901,0.0,0.0,0.0,0.0,-1.0
39.2,1.45603,0.0,0.0,0.0,-1.0
39.2,1.45603,0.0,0.0,0.0,-1.0
38.5901,0.0,0.0,0.0,0.0,-1.0
38.2,1.45603,0.0,0.0,0.0,-1.0
39.2,1.45603,0.0,0.0,0.0,-1.0
38.2,1.45603,0.0,0.0,0.0,-1.0
15.25,3.26,0.0,0.0,0.0,-1.0
15.25,3.26,0.0,0.0,0.0,-1.0
38.2,1.45603,0.0,0.0,0.0,-1.0
37.2,1.45603,0.0,0.0,0.0,-1.0
15.25,3.26,0.0,0.0,0.0,-1.0
37.2,1.45603,0.0,0.0,0.0,-1.0
36.2,1.45603,0.0,0.0,0.0,-1.0
36.2,1.45603,0.0,0.0,0.0,-1.0
37.2,1.45603,0.0,0.0,0.0,-1.0
36.5901,0.0,0.0,0.0,0.0,-1.0
34.8099,0.0,0.0,0.0,0.0,-1.0
34.5901,0.0,0.0,0.0,0.0,-1.0
35.2,1.45603,0.0,0.0,0.0,-1.0
35.2,1.45603,0.0,0.0,0.0,-1.0
34.5901,0.0,0.0,0.0,0.0,-1.0
34.2,1.45603,0.0,0.0,0.0,-1.0
34.2,1.45603,0.0,0.0,0.0,-1.0
33.8099,0.0,0.0,0.0,0.0,-1.0
33.5901,0.0,0.0,0.0,0.0,-1.0
28.2,1.45603,0.0,0.0,0.0,-1.0
27.8099,0.0,0.0,0.0,0.0,-1.0
27.5901,0.0,0.0,0.0,0.0,-1.0
26.8099,0.0,0.0,0.0,0.0,-1.0
26.5901,0.0,0.0,0.0,0.0,-1.0
27.2,1.45603,0.0,0.0,0.0,-1.0
27.2,1.45603,0.0,0.0,0.0,-1.0
26.5901,0.0,0.0,0.0,0.0,-1.0
26.2,1.45603,0.0,0.0,0.0,-1.0
27.2,1.45603,0.0,0.0,0.0,-1.0
26.2,1.45603,0.0,0.0,0.0,-1.0
15.25,3.26,0.0,0.0,0.0,-1.0
14.8099,0.0,0.0,0.0,0.0,-1.0
14.5901,0.0,0.0,0.0,0.0,-1.0
15.2,1.45603,0.0,0.0,0.0,-1.0
15.2,1.45603,0.0,0.0,0.0,-1.0
14.5901,0.0,0.0,0.0,0.0,-1.0
14.2,1.45603,0.0,0.0,0.0,-1.0
15.2,1.45603,0.0,0.0,0.0,-1.0
14.2,1.45603,0.0,0.0,0.0,-1.0
15.25,7.76,0.0,0.0,0.0,-1.0
10.0,2.51,0.0,0.0,0.0,-1.0
15.25,7.76,0.0,0.0,0.0,-1.0
11.2,1.45603,0.0,0.0,0.0,-1.0
48.0,2.51,0.0,0.0,0.0,-1.0
48.0,1.51,0.0,0.0,0.0,-1.0
45.75,2.51,0.0,0.0,0.0,-1.0
45.75,2.51,0.0,0.0,0.0,-1.0
48.0,1.51,0.0,0.0,0.0,-1.0
46.2145,1.51,0.0,0.0,0.0,-1.0
45.75,2.51,0.0,0.0,0.0,-1.0
46.2145,1.51,0.0,0.0,0.0,-1.0
45.6327,2.51923,0.0,0.0,0.0,-1.0
45.6327,2.51923,0.0,0.0,0.0,-1.0
46.2145,1.51,0.0,0.0,0.0,-1.0
45.5182,2.54671,0.0,0.0,0.0,-1.0
48.0,4.76,0.0,-6.02335e-18,0.0,-1.0
45.75,4.76,1.35525e-17,-6.02335e-18,0.0,-1.0
48.0,9.51,0.0,-6.02335e-18,0.0,-1.0
48.0,9.51,0.0,2.33239e-19,-2.96365e-18,-1.0
45.75,4.76,1.35525e-17,2.33239e-19,-2.96365e-18,-1.0
45.6327,4.75077,1.35525e-17,2.33239e-19,-2.96365e-18,-1.0
48.0,9.51,0.0,7.76369e-19,-3.23381e-18,-1.0
45.6327,4.75077,1.35525e-17,7.76369e-19,-3.23381e-18,-1.0
45.5182,4.72329,1.35525e-17,7.76369e-19,-3.23381e-18,-1.0
39.5901,0.0,0.0,0.0,0.0,-1.0
39.2,1.45603,0.0,0.0,0.0,-1.0
40.2,1.45603,0.0,0.0,0.0,-1.0
40.2,1.45603,0.0,0.0,0.0,-1.0
39.2,1.45603,0.0,0.0,0.0,-1.0
15.25,3.26,0.0,0.0,0.0,-1.0
40.2,1.45603,0.0,0.0,0.0,-1.0
15.25,3.26,0.0,0.0,0.0,-1.0
41.2,1.45603,0.0,0.0,0.0,-1.0
41.2,1.45603,0.0,0.0,0.0,-1.0
15.25,3.26,0.0,0.0,0.0,-1.0
42.2,1.45603,0.0,0.0,0.0,-1.0
41.2,1.45603,0.0,0.0,0.0,-1.0
42.2,1.45603,0.0,0.0,0.0,-1.0
41.5901,0.0,0.0,0.0,0.0,-1.0
41.5901,0.0,0.0,0.0,0.0,-1.0
42.2,1.45603,0.0,0.0,0.0,-1.0
41.8099,0.0,0.0,0.0,0.0,-1.0
35.8099,0.0,0.0,0.0,0.0,-1.0
35.5901,0.0,0.0,0.0,0.0,-1.0
36.2,1.45603,0.0,0.0,0.0,-1.0
36.2,1.45603,0.0,0.0,0.0,-1.0
35.5901,0.0,0.0,0.0,0.0,-1.0
35.2,1.45603,0.0,0.0,0.0,-1.0
36.2,1.45603,0.0,0.0,0.0,-1.0
35.2,1.45603,0.0,0.0,0.0,-1.0
15.25,3.26,0.0,0.0,0.0,-1.0
15.25,3.26,0.0,0.0,0.0,-1.0
35.2,1.45603,0.0,0.0,0.0,-1.0
34.2,1.45603,0.0,0.0,0.0,-1.0
15.25,3.26,0.0,0.0,0.0,-1.0
34.2,1.45603,0.0,0.0,0.0,-1.0
33.2,1.45603,0.0,0.0,0.0,-1.0
33.2,1.45603,0.0,0.0,0.0,-1.0
34.2,1.45603,0.0,0.0,0.0,-1.0
33.5901,0.0,0.0,0.0,0.0,-1.0
28.8099,0.0,0.0,0.0,0.0,-1.0
28.5901,0.0,0.0,0.0,0.0,-1.0
29.2,1.45603,0.0,0.0,0.0,-1.0
29.2,1.45603,0.0,0.0,0.0,-1.0
28.5901,0.0,0.0,0.0,0.0,-1.0
28.2,1.45603,0.0,0.0,0.0,-1.0
10.0,2.51,0.0,0.0,0.0,-1.0
11.2,1.45603,0.0,0.0,0.0,-1.0
10.2,1.45603,0.0,0.0,0.0,-1.0
10.2,1.45603,0.0,0.0,0.0,-1.0
11.2,1.45603,0.0,0.0,0.0,-1.0
10.8099,0.0,0.0,0.0,0.0,-1.0
10.2,1.45603,0.0,0.0,0.0,-1.0
10.8099,0.0,0.0,0.0,0.0,-1.0
10.5901,0.0,0.0,0.0,0.0,-1.0
8.75,2.51,0.0,0.0,0.0,-1.0
10.0,2.51,0.0,0.0,0.0,-1.0
9.2,1.45603,0.0,0.0,0.0,-1.0
9.2,1.45603,0.0,0.0,0.0,-1.0
10.0,2.51,0.0,0.0,0.0,-1.0
10.2,1.45603,0.0,0.0,0.0,-1.0
9.2,1.45603,0.0,0.0,0.0,-1.0
10.2,1.45603,0.0,0.0,0.0,-1.0
9.59014,0.0,0.0,0.0,0.0,-1.0
9.59014,0.0,0.0,0.0,0.0,-1.0
10.2,1.45603,0.0,0.0,0.0,-1.0
9.80986,0.0,0.0,0.0,0.0,-1.0
10.0,2.51,0.0,0.0,0.0,-1.0
10.0,4.51,0.0,0.0,0.0,-1.0
15.25,7.76,0.0,0.0,0.0,-1.0
15.25,7.76,0.0,0.0,0.0,-1.0
10.0,4.51,0.0,0.0,0.0,-1.0
8.75,4.51,0.0,0.0,0.0,-1.0
15.25,7.76,0.0,0.0,0.0,-1.0
8.75,4.51,0.0,0.0,0.0,-1.0
0.0,9.51,0.0,0.0,0.0,-1.0
0.0,9.51,0.0,0.0,0.0,-1.0
8.75,4.51,0.0,0.0,0.0,-1.0
8.75,2.51,0.0,0.0,0.0,-1.0
43.75,3.26,0.0,0.0,0.0,-1.0
42.25,3.26,0.0,0.0,0.0,-1.0
42.25,3.76,0.0,0.0,0.0,-1.0
42.25,3.76,0.0,0.0,0.0,-1.0
42.25,3.26,0.0,0.0,0.0,-1.0
21.75,7.76,0.0,0.0,0.0,-1.0
42.25,3.76,0.0,0.0,0.0,-1.0
21.75,7.76,0.0,0.0,0.0,-1.0
42.25,4.51,0.0,0.0,0.0,-1.0
42.25,4.51,0.0,0.0,0.0,-1.0
21.75,7.76,0.0,0.0,0.0,-1.0
48.0,9.51,0.0,0.0,0.0,-1.0
42.25,4.51,0.0,0.0,0.0,-1.0
48.0,9.51,0.0,0.0,0.0,-1.0
43.75,4.51,0.0,0.0,0.0,-1.0
43.75,4.51,0.0,8.93679e-18,-7.59626e-18,-1.0
48.0,9.51,0.0,8.93679e-18,-7.59626e-18,-1.0
45.4095,4.67826,1.35525e-17,8.93679e-18,-7.59626e-18,-1.0
43.75,4.51,0.0,9.78565e-18,-1.59686e-17,-1.0
45.4095,4.67826,1.35525e-17,9.78565e-18,-1.59686e-17,-1.0
45.3092,4.61676,1.35525e-17,9.78565e-18,-1.59686e-17,-1.0
31.2,1.45603,0.0,0.0,0.0,-1.0
30.8099,0.0,0.0,0.0,0.0,-1.0
30.5901,0.0,0.0,0.0,0.0,-1.0
25.8099,0.0,0.0,0.0,0.0,-1.0
25.5901,0.0,0.0,0.0,0.0,-1.0
26.2,1.45603,0.0,0.0,0.0,-1.0
26.2,1.45603,0.0,0.0,0.0,-1.0
25.5901,0.0,0.0,0.0,0.0,-1.0
25.2,1.45603,0.0,0.0,0.0,-1.0
26.2,1.45603,0.0,0.0,0.0,-1.0
25.2,1.45603,0.0,0.0,0.0,-1.0
15.25,3.26,0.0,0.0,0.0,-1.0
20.2,1.45603,0.0,0.0,0.0,-1.0
19.8099,0.0,0.0,0.0,0.0,-1.0
19.5901,0.0,0.0,0.0,0.0,-1.0
12.8099,0.0,0.0,0.0,0.0,-1.0
12.5901,0.0,0.0,0.0,0.0,-1.0
13.2,1.45603,0.0,0.0,0.0,-1.0
13.2,1.45603,0.0,0.0,0.0,-1.0
12.5901,0.0,0.0,0.0,0.0,-1.0
12.2,1.45603,0.0,0.0,0.0,-1.0
13.8099,0.0,0.0,0.0,0.0,-1.0
13.5901,0.0,0.0,0.0,0.0,-1.0
14.2,1.45603,0.0,0.0,0.0,-1.0
14.2,1.45603,0.0,0.0,0.0,-1.0
13.5901,0.0,0.0,0.0,0.0,-1.0
13.2,1.45603,0.0,0.0,0.0,-1.0
14.2,1.45603,0.0,0.0,0.0,-1.0
13.2,1.45603,0.0,0.0,0.0,-1.0
15.25,7.76,0.0,0.0,0.0,-1.0
15.25,7.76,0.0,0.0,0.0,-1.0
13.2,1.45603,0.0,0.0,0.0,-1.0
12.2,1.45603,0.0,0.0,0.0,-1.0
15.25,7.76,0.0,0.0,0.0,-1.0
12.2,1.45603,0.0,0.0,0.0,-1.0
11.2,1.45603,0.0,0.0,0.0,-1.0
11.2,1.45603,0.0,0.0,0.0,-1.0
12.2,1.45603,0.0,0.0,0.0,-1.0
11.5901,0.0,0.0,0.0,0.0,-1.0
8.80986,0.0,0.0,0.0,0.0,-1.0
8.59014,0.0,0.0,0.0,0.0,-1.0
9.2,1.45603,0.0,0.0,0.0,-1.0
9.2,1.45603,0.0,0.0,0.0,-1.0
8.59014,0.0,0.0,0.0,0.0,-1.0
8.18554,1.51,0.0,0.0,0.0,-1.0
9.2,1.45603,0.0,0.0,0.0,-1.0
8.18554,1.51,0.0,0.0,0.0,-1.0
8.75,2.51,0.0,0.0,0.0,-1.0
8.75,2.51,0.0,0.0,0.0,-1.0
8.18554,1.51,0.0,0.0,0.0,-1.0
0.0,1.51,0.0,0.0,0.0,-1.0
8.75,2.51,0.0,0.0,0.0,-1.0
0.0,1.51,0.0,0.0,0.0,-1.0
0.0,9.51,0.0,0.0,0.0,-1.0
45.0,4.01,1.35525e-17,1.80701e-17,1.807e-17,-1.0
45.0,3.26,0.0,1.80701e-17,1.807e-17,-1.0
43.75,4.51,0.0,1.80701e-17,1.807e-17,-1.0
43.75,4.51,0.0,0.0,0.0,-1.0
45.0,3.26,0.0,0.0,0.0,-1.0
45.0092,3.14267,0.0,0.0,0.0,-1.0
43.75,4.51,0.0,0.0,0.0,-1.0
45.0092,3.14267,0.0,0.0,0.0,-1.0
44.2,1.45603,0.0,0.0,0.0,-1.0
44.2,1.45603,0.0,0.0,0.0,-1.0
45.0092,3.14267,0.0,0.0,0.0,-1.0
45.2,1.45603,0.0,0.0,0.0,-1.0
44.2,1.45603,0.0,0.0,0.0,-1.0
45.2,1.45603,0.0,0.0,0.0,-1.0
44.5901,0.0,0.0,0.0,0.0,-1.0
44.5901,0.0,0.0,0.0,0.0,-1.0
45.2,1.45603,0.0,0.0,0.0,-1.0
44.8099,0.0,0.0,0.0,0.0,-1.0
31.8099,0.0,0.0,0.0,0.0,-1.0
31.5901,0.0,0.0,0.0,0.0,-1.0
32.2,1.45603,0.0,0.0,0.0,-1.0
32.2,1.45603,0.0,0.0,0.0,-1.0
31.5901,0.0,0.0,0.0,0.0,-1.0
31.2,1.45603,0.0,0.0,0.0,-1.0
32.8099,0.0,0.0,0.0,0.0,-1.0
32.5901,0.0,0.0,0.0,0.0,-1.0
33.2,1.45603,0.0,0.0,0.0,-1.0
33.2,1.45603,0.0,0.0,0.0,-1.0
32.5901,0.0,0.0,0.0,0.0,-1.0
32.2,1.45603,0.0,0.0,0.0,-1.0
33.2,1.45603,0.0,0.0,0.0,-1.0
32.2,1.45603,0.0,0.0,0.0,-1.0
15.25,3.26,0.0,0.0,0.0,-1.0
15.25,3.26,0.0,0.0,0.0,-1.0
32.2,1.45603,0.0,0.0,0.0,-1.0
31.2,1.45603,0.0,0.0,0.0,-1.0
15.25,3.26,0.0,0.0,0.0,-1.0
31.2,1.45603,0.0,0.0,0.0,-1.0
30.2,1.45603,0.0,0.0,0.0,-1.0
30.2,1.45603,0.0,0.0,0.0,-1.0
31.2,1.45603,0.0,0.0,0.0,-1.0
30.5901,0.0,0.0,0.0,0.0,-1.0
29.8099,0.0,0.0,0.0,0.0,-1.0
29.5901,0.0,0.0,0.0,0.0,-1.0
30.2,1.45603,0.0,0.0,0.0,-1.0
30.2,1.45603,0.0,0.0,0.0,-1.0
29.5901,0.0,0.0,0.0,0.0,-1.0
29.2,1.45603,0.0,0.0,0.0,-1.0
30.2,1.45603,0.0,0.0,0.0,-1.0
29.2,1.45603,0.0,0.0,0.0,-1.0
15.25,3.26,0.0,0.0,0.0,-1.0
15.25,3.26,0.0,0.0,0.0,-1.0
29.2,1.45603,0.0,0.0,0.0,-1.0
28.2,1.45603,0.0,0.0,0.0,-1.0
15.25,3.26,0.0,0.0,0.0,-1.0
28.2,1.45603,0.0,0.0,0.0,-1.0
27.2,1.45603,0.0,0.0,0.0,-1.0
27.2,1.45603,0.0,0.0,0.0,-1.0
28.2,1.45603,0.0,0.0,0.0,-1.0
27.5901,0.0,0.0,0.0,0.0,-1.0
20.8099,0.0,0.0,0.0,0.0,-1.0
20.5901,0.0,0.0,0.0,0.0,-1.0
21.2,1.45603,0.0,0.0,0.0,-1.0
21.2,1.45603,0.0,0.0,0.0,-1.0
20.5901,0.0,0.0,0.0,0.0,-1.0
20.2,1.45603,0.0,0.0,0.0,-1.0
18.8099,0.0,0.0,0.0,0.0,-1.0
18.5901,0.0,0.0,0.0,0.0,-1.0
19.2,1.45603,0.0,0.0,0.0,-1.0
19.2,1.45603,0.0,0.0,0.0,-1.0
18.5901,0.0,0.0,0.0,0.0,-1.0
18.2,1.45603,0.0,0.0,0.0,-1.0
19.2,1.45603,0.0,0.0,0.0,-1.0
18.2,1.45603,0.0,0.0,0.0,-1.0
15.25,3.26,0.0,0.0,0.0,-1.0
17.8099,0.0,0.0,0.0,0.0,-1.0
17.5901,0.0,0.0,0.0,0.0,-1.0
18.2,1.45603,0.0,0.0,0.0,-1.0
18.2,1.45603,0.0,0.0,0.0,-1.0
17.5901,0.0,0.0,0.0,0.0,-1.0
17.2,1.45603,0.0,0.0,0.0,-1.0
18.2,1.45603,0.0,0.0,0.0,-1.0
17.2,1.45603,0.0,0.0,0.0,-1.0
15.25,3.26,0.0,0.0,0.0,-1.0
15.25,3.26,0.0,0.0,0.0,-1.0
17.2,1.45603,0.0,0.0,0.0,-1.0
16.2,1.45603,0.0,0.0,0.0,-1.0
15.25,3.26,0.0,0.0,0.0,-1.0
16.2,1.45603,0.0,0.0,0.0,-1.0
15.2,1.45603,0.0,0.0,0.0,-1.0
15.2,1.45603,0.0,0.0,0.0,-1.0
16.2,1.45603,0.0,0.0,0.0,-1.0
15.8099,0.0,0.0,0.0,0.0,-1.0
15.2,1.45603,0.0,0.0,0.0,-1.0
15.8099,0.0,0.0,0.0,0.0,-1.0
15.5901,0.0,0.0,0.0,0.0,-1.0
23.8099,0.0,0.0,0.0,0.0,-1.0
23.5901,0.0,0.0,0.0,0.0,-1.0
24.2,1.45603,0.0,0.0,0.0,-1.0
24.2,1.45603,0.0,0.0,0.0,-1.0
23.5901,0.0,0.0,0.0,0.0,-1.0
23.2,1.45603,0.0,0.0,0.0,-1.0
23.2,1.45603,0.0,0.0,0.0,-1.0
22.8099,0.0,0.0,0.0,0.0,-1.0
22.5901,0.0,0.0,0.0,0.0,-1.0
24.8099,0.0,0.0,0.0,0.0,-1.0
24.5901,0.0,0.0,0.0,0.0,-1.0
25.2,1.45603,0.0,0.0,0.0,-1.0
25.2,1.45603,0.0,0.0,0.0,-1.0
24.5901,0.0,0.0,0.0,0.0,-1.0
24.2,1.45603,0.0,0.0,0.0,-1.0
25.2,1.45603,0.0,0.0,0.0,-1.0
24.2,1.45603,0.0,0.0,0.0,-1.0
15.25,3.26,0.0,0.0,0.0,-1.0
15.25,3.26,0.0,0.0,0.0,-1.0
24.2,1.45603,0.0,0.0,0.0,-1.0
23.2,1.45603,0.0,0.0,0.0,-1.0
15.25,3.26,0.0,0.0,0.0,-1.0
23.2,1.45603,0.0,0.0,0.0,-1.0
22.2,1.45603,0.0,0.0,0.0,-1.0
22.2,1.45603,0.0,0.0,0.0,-1.0
23.2,1.45603,0.0,0.0,0.0,-1.0
22.5901,0.0,0.0,0.0,0.0,-1.0
21.8099,0.0,0.0,0.0,0.0,-1.0
21.5901,0.0,0.0,0.0,0.0,-1.0
22.2,1.45603,0.0,0.0,0.0,-1.0
22.2,1.45603,0.0,0.0,0.0,-1.0
21.5901,0.0,0.0,0.0,0.0,-1.0
21.2,1.45603,0.0,0.0,0.0,-1.0
22.2,1.45603,0.0,0.0,0.0,-1.0
21.2,1.45603,0.0,0.0,0.0,-1.0
15.25,3.26,0.0,0.0,0.0,-1.0
15.25,3.26,0.0,0.0,0.0,-1.0
21.2,1.45603,0.0,0.0,0.0,-1.0
20.2,1.45603,0.0,0.0,0.0,-1.0
15.25,3.26,0.0,0.0,0.0,-1.0
20.2,1.45603,0.0,0.0,0.0,-1.0
19.2,1.45603,0.0,0.0,0.0,-1.0
19.2,1.45603,0.0,0.0,0.0,-1.0
20.2,1.45603,0.0,0.0,0.0,-1.0
19.5901,0.0,0.0,0.0,0.0,-1.0
