270.864,27.7081,235.587,0.0,-0.0955066,0.995429
0.000119209,27.7081,235.587,0.0,-0.0955066,0.995429
270.864,27.688,235.585,0.0,-0.0955066,0.995429
270.864,27.688,235.585,0.0,-0.0955066,0.995429
0.000119209,27.7081,235.587,0.0,-0.0955066,0.995429
0.000119209,27.688,235.585,0.0,-0.0955066,0.995429
270.864,27.688,235.585,0.0,0.062927,0.998018
0.000119209,27.688,235.585,0.0,0.062927,0.998018
270.864,27.6679,235.586,0.0,0.062927,0.998018
270.864,27.6679,235.586,0.0,0.062927,0.998018
0.000119209,27.688,235.585,0.0,0.062927,0.998018
0.000119209,27.6679,235.586,0.0,0.062927,0.998018
270.864,27.6679,235.586,0.0,0.22056,0.975373
0.000119209,27.6679,235.586,0.0,0.22056,0.975373
270.864,27.6483,235.591,0.0,0.22056,0.975373
270.864,27.6483,235.591,0.0,0.22056,0.975373
0.000119209,27.6679,235.586,0.0,0.22056,0.975373
0.000119209,27.6483,235.591,0.0,0.22056,0.975373
270.864,27.6483,235.591,0.0,0.371456,0.928451
0.000119209,27.6483,235.591,0.0,0.371456,0.928451
270.864,27.6296,235.598,0.0,0.371456,0.928451
270.864,27.6296,235.598,0.0,0.371456,0.928451
0.000119209,27.6483,235.591,0.0,0.371456,0.928451
0.000119209,27.6296,235.598,0.0,0.371456,0.928451
270.864,27.6296,235.598,0.0,0.513869,0.857869
0.000119209,27.6296,235.598,0.0,0.513869,0.857869
270.864,27.6123,235.609,0.0,0.513869,0.857869
270.864,27.6123,235.609,0.0,0.513869,0.857869
0.000119209,27.6296,235.598,0.0,0.513869,0.857869
0.000119209,27.6123,235.609,0.0,0.513869,0.857869
270.864,27.6123,235.609,0.0,0.642336,0.766423
0.000119209,27.6123,235.609,0.0,0.642336,0.766423
270.864,27.5969,235.622,0.0,0.642336,0.766423
270.864,27.5969,235.622,0.0,0.642336,0.766423
0.000119209,27.6123,235.609,0.0,0.642336,0.766423
0.000119209,27.5969,235.622,0.0,0.642336,0.766423
270.864,27.5969,235.622,0.0,0.756133,0.654418
0.000119209,27.5969,235.622,0.0,0.756133,0.654418
270.864,27.5837,235.637,0.0,0.756133,0.654418
270.864,27.5837,235.637,0.0,0.756133,0.654418
0.000119209,27.5969,235.622,0.0,0.756133,0.654418
0.000119209,27.5837,235.637,0.0,0.756133,0.654418
270.864,27.5837,235.637,0.0,0.84974,0.527202
0.000119209,27.5837,235.637,0.0,0.84974,0.527202
270.864,27.5731,235.654,0.0,0.84974,0.527202
270.864,27.5731,235.654,0.0,0.84974,0.527202
0.000119209,27.5837,235.637,0.0,0.84974,0.527202
0.000119209,27.5731,235.654,0.0,0.84974,0.527202
270.864,27.5731,235.654,0.0,0.922358,0.386337
0.000119209,27.5731,235.654,0.0,0.922358,0.386337
270.864,27.5653,235.672,0.0,0.922358,0.386337
270.864,27.5653,235.672,0.0,0.922358,0.386337
0.000119209,27.5731,235.654,0.0,0.922358,0.386337
0.000119209,27.5653,235.672,0.0,0.922358,0.386337
270.864,27.5653,235.672,0.0,0.971749,0.236015
0.000119209,27.5653,235.672,0.0,0.971749,0.236015
270.864,27.5606,235.692,0.0,0.971749,0.236015
270.864,27.5606,235.692,0.0,0.971749,0.236015
0.000119209,27.5653,235.672,0.0,0.971749,0.236015
0.000119209,27.5606,235.692,0.0,0.971749,0.236015
270.864,27.5606,235.692,0.0,0.996865,0.0791238
0.000119209,27.5606,235.692,0.0,0.996865,0.0791238
270.864,27.559,235.712,0.0,0.996865,0.0791238
270.864,27.559,235.712,0.0,0.996865,0.0791238
0.000119209,27.5606,235.692,0.0,0.996865,0.0791238
0.000119209,27.559,235.712,0.0,0.996865,0.0791238
0.000119209,51.562,310.642,0.0,0.996919,-0.0784379
270.864,51.562,310.642,0.0,0.996919,-0.0784379
0.000119209,51.5511,310.503,0.0,0.996919,-0.0784379
0.000119209,51.5511,310.503,0.0,0.996919,-0.0784379
270.864,51.562,310.642,0.0,0.996919,-0.0784379
270.864,51.5511,310.503,0.0,0.996919,-0.0784379
0.000119209,51.5511,310.503,0.0,0.972365,-0.233464
270.864,51.5511,310.503,0.0,0.972365,-0.233464
0.000119209,51.5185,310.367,0.0,0.972365,-0.233464
0.000119209,51.5185,310.367,0.0,0.972365,-0.233464
270.864,51.5511,310.503,0.0,0.972365,-0.233464
270.864,51.5185,310.367,0.0,0.972365,-0.233464
0.000119209,51.5185,310.367,0.0,0.923868,-0.382712
270.864,51.5185,310.367,0.0,0.923868,-0.382712
0.000119209,51.4651,310.238,0.0,0.923868,-0.382712
0.000119209,51.4651,310.238,0.0,0.923868,-0.382712
270.864,51.5185,310.367,0.0,0.923868,-0.382712
270.864,51.4651,310.238,0.0,0.923868,-0.382712
0.000119209,51.4651,310.238,0.0,0.852659,-0.522467
270.864,51.4651,310.238,0.0,0.852659,-0.522467
0.000119209,51.3922,310.12,0.0,0.852659,-0.522467
0.000119209,51.3922,310.12,0.0,0.852659,-0.522467
270.864,51.4651,310.238,0.0,0.852659,-0.522467
270.864,51.3922,310.12,0.0,0.852659,-0.522467
0.000119209,51.3922,310.12,0.0,0.760423,-0.649428
270.864,51.3922,310.12,0.0,0.760423,-0.649428
0.000119209,51.3016,310.013,0.0,0.760423,-0.649428
0.000119209,51.3016,310.013,0.0,0.760423,-0.649428
270.864,51.3922,310.12,0.0,0.760423,-0.649428
270.864,51.3016,310.013,0.0,0.760423,-0.649428
0.000119209,51.3016,310.013,0.0,0.649349,-0.760491
270.864,51.3016,310.013,0.0,0.649349,-0.760491
0.000119209,51.1955,309.923,0.0,0.649349,-0.760491
0.000119209,51.1955,309.923,0.0,0.649349,-0.760491
270.864,51.3016,310.013,0.0,0.649349,-0.760491
270.864,51.1955,309.923,0.0,0.649349,-0.760491
0.000119209,51.1955,309.923,0.0,0.522595,-0.852581
270.864,51.1955,309.923,0.0,0.522595,-0.852581
0.000119209,51.0766,309.85,0.0,0.522595,-0.852581
0.000119209,51.0766,309.85,0.0,0.522595,-0.852581
270.864,51.1955,309.923,0.0,0.522595,-0.852581
270.864,51.0766,309.85,0.0,0.522595,-0.852581
0.000119209,51.0766,309.85,0.0,0.382632,-0.923901
270.864,51.0766,309.85,0.0,0.382632,-0.923901
0.000119209,50.9477,309.797,0.0,0.382632,-0.923901
0.000119209,50.9477,309.797,0.0,0.382632,-0.923901
270.864,51.0766,309.85,0.0,0.382632,-0.923901
270.864,50.9477,309.797,0.0,0.382632,-0.923901
0.000119209,50.9477,309.797,0.0,0.233421,-0.972376
270.864,50.9477,309.797,0.0,0.233421,-0.972376
0.000119209,50.8121,309.764,0.0,0.233421,-0.972376
0.000119209,50.8121,309.764,0.0,0.233421,-0.972376
270.864,50.9477,309.797,0.0,0.233421,-0.972376
270.864,50.8121,309.764,0.0,0.233421,-0.972376
0.000119209,50.8121,309.764,0.0,0.0785344,-0.996911
270.864,50.8121,309.764,0.0,0.0785344,-0.996911
0.000119209,50.673,309.753,0.0,0.0785344,-0.996911
0.000119209,50.673,309.753,0.0,0.0785344,-0.996911
270.864,50.8121,309.764,0.0,0.0785344,-0.996911
270.864,50.673,309.753,0.0,0.0785344,-0.996911
0.000119209,51.562,330.962,0.0,0.0,1.0
0.000119209,50.8,330.962,0.0,0.0,1.0
270.864,51.562,330.962,0.0,0.0,1.0
270.864,51.562,330.962,0.0,0.0,1.0
0.000119209,50.8,330.962,0.0,0.0,1.0
270.864,50.8,330.962,0.0,0.0,1.0
270.864,50.8,310.642,0.0,-0.996916,0.0784822
0.000119209,50.8,310.642,0.0,-0.996916,0.0784822
270.864,50.7984,310.622,0.0,-0.996916,0.0784822
270.864,50.7984,310.622,0.0,-0.996916,0.0784822
0.000119209,50.8,310.642,0.0,-0.996916,0.0784822
0.000119209,50.7984,310.622,0.0,-0.996916,0.0784822
270.864,50.7984,310.622,0.0,-0.972353,0.233518
0.000119209,50.7984,310.622,0.0,-0.972353,0.233518
270.864,50.7938,310.603,0.0,-0.972353,0.233518
270.864,50.7938,310.603,0.0,-0.972353,0.233518
0.000119209,50.7984,310.622,0.0,-0.972353,0.233518
0.000119209,50.7938,310.603,0.0,-0.972353,0.233518
270.864,50.7938,310.603,0.0,-0.924047,0.382279
0.000119209,50.7938,310.603,0.0,-0.924047,0.382279
270.864,50.7862,310.584,0.0,-0.924047,0.382279
270.864,50.7862,310.584,0.0,-0.924047,0.382279
0.000119209,50.7938,310.603,0.0,-0.924047,0.382279
0.000119209,50.7862,310.584,0.0,-0.924047,0.382279
270.864,50.7862,310.584,0.0,-0.852276,0.523092
0.000119209,50.7862,310.584,0.0,-0.852276,0.523092
270.864,50.7757,310.567,0.0,-0.852276,0.523092
270.864,50.7757,310.567,0.0,-0.852276,0.523092
0.000119209,50.7862,310.584,0.0,-0.852276,0.523092
0.000119209,50.7757,310.567,0.0,-0.852276,0.523092
270.864,50.7757,310.567,0.0,-0.760027,0.649892
0.000119209,50.7757,310.567,0.0,-0.760027,0.649892
270.864,50.7628,310.552,0.0,-0.760027,0.649892
270.864,50.7628,310.552,0.0,-0.760027,0.649892
0.000119209,50.7757,310.567,0.0,-0.760027,0.649892
0.000119209,50.7628,310.552,0.0,-0.760027,0.649892
270.864,50.7628,310.552,0.0,-0.650193,0.759769
0.000119209,50.7628,310.552,0.0,-0.650193,0.759769
270.864,50.7476,310.539,0.0,-0.650193,0.759769
270.864,50.7476,310.539,0.0,-0.650193,0.759769
0.000119209,50.7628,310.552,0.0,-0.650193,0.759769
0.000119209,50.7476,310.539,0.0,-0.650193,0.759769
270.864,50.7476,310.539,0.0,-0.522302,0.852761
0.000119209,50.7476,310.539,0.0,-0.522302,0.852761
270.864,50.7307,310.529,0.0,-0.522302,0.852761
270.864,50.7307,310.529,0.0,-0.522302,0.852761
0.000119209,50.7476,310.539,0.0,-0.522302,0.852761
0.000119209,50.7307,310.529,0.0,-0.522302,0.852761
270.864,50.7307,310.529,0.0,-0.382848,0.923811
0.000119209,50.7307,310.529,0.0,-0.382848,0.923811
270.864,50.7122,310.521,0.0,-0.382848,0.923811
270.864,50.7122,310.521,0.0,-0.382848,0.923811
0.000119209,50.7307,310.529,0.0,-0.382848,0.923811
0.000119209,50.7122,310.521,0.0,-0.382848,0.923811
270.864,50.7122,310.521,0.0,-0.232794,0.972526
0.000119209,50.7122,310.521,0.0,-0.232794,0.972526
270.864,50.6929,310.517,0.0,-0.232794,0.972526
270.864,50.6929,310.517,0.0,-0.232794,0.972526
0.000119209,50.7122,310.521,0.0,-0.232794,0.972526
0.000119209,50.6929,310.517,0.0,-0.232794,0.972526
270.864,50.6929,310.517,0.0,-0.0781017,0.996945
0.000119209,50.6929,310.517,0.0,-0.0781017,0.996945
270.864,50.673,310.515,0.0,-0.0781017,0.996945
270.864,50.673,310.515,0.0,-0.0781017,0.996945
0.000119209,50.6929,310.517,0.0,-0.0781017,0.996945
0.000119209,50.673,310.515,0.0,-0.0781017,0.996945
0.000119209,27.8404,234.837,0.0,0.095186,-0.99546
270.864,27.8404,234.837,0.0,0.095186,-0.99546
0.000119209,27.7001,234.823,0.0,0.095186,-0.99546
0.000119209,27.7001,234.823,0.0,0.095186,-0.99546
270.864,27.8404,234.837,0.0,0.095186,-0.99546
270.864,27.7001,234.823,0.0,0.095186,-0.99546
0.000119209,27.7001,234.823,0.0,-0.0634578,-0.997985
270.864,27.7001,234.823,0.0,-0.0634578,-0.997985
0.000119209,27.5595,234.832,0.0,-0.0634578,-0.997985
0.000119209,27.5595,234.832,0.0,-0.0634578,-0.997985
270.864,27.7001,234.823,0.0,-0.0634578,-0.997985
270.864,27.5595,234.832,0.0,-0.0634578,-0.997985
0.000119209,27.5595,234.832,0.0,-0.220369,-0.975417
270.864,27.5595,234.832,0.0,-0.220369,-0.975417
0.000119209,27.422,234.863,0.0,-0.220369,-0.975417
0.000119209,27.422,234.863,0.0,-0.220369,-0.975417
270.864,27.5595,234.832,0.0,-0.220369,-0.975417
270.864,27.422,234.863,0.0,-0.220369,-0.975417
0.000119209,27.422,234.863,0.0,-0.371657,-0.92837
270.864,27.422,234.863,0.0,-0.371657,-0.92837
0.000119209,27.2912,234.916,0.0,-0.371657,-0.92837
0.000119209,27.2912,234.916,0.0,-0.371657,-0.92837
270.864,27.422,234.863,0.0,-0.371657,-0.92837
270.864,27.2912,234.916,0.0,-0.371657,-0.92837
0.000119209,27.2912,234.916,0.0,-0.513709,-0.857964
270.864,27.2912,234.916,0.0,-0.513709,-0.857964
0.000119209,27.1703,234.988,0.0,-0.513709,-0.857964
0.000119209,27.1703,234.988,0.0,-0.513709,-0.857964
270.864,27.2912,234.916,0.0,-0.513709,-0.857964
270.864,27.1703,234.988,0.0,-0.513709,-0.857964
0.000119209,27.1703,234.988,0.0,-0.642737,-0.766087
270.864,27.1703,234.988,0.0,-0.642737,-0.766087
0.000119209,27.0624,235.079,0.0,-0.642737,-0.766087
0.000119209,27.0624,235.079,0.0,-0.642737,-0.766087
270.864,27.1703,234.988,0.0,-0.642737,-0.766087
270.864,27.0624,235.079,0.0,-0.642737,-0.766087
0.000119209,27.0624,235.079,0.0,-0.755748,-0.654863
270.864,27.0624,235.079,0.0,-0.755748,-0.654863
0.000119209,26.9701,235.185,0.0,-0.755748,-0.654863
0.000119209,26.9701,235.185,0.0,-0.755748,-0.654863
270.864,27.0624,235.079,0.0,-0.755748,-0.654863
270.864,26.9701,235.185,0.0,-0.755748,-0.654863
0.000119209,26.9701,235.185,0.0,-0.84974,-0.527202
270.864,26.9701,235.185,0.0,-0.84974,-0.527202
0.000119209,26.8958,235.305,0.0,-0.84974,-0.527202
0.000119209,26.8958,235.305,0.0,-0.84974,-0.527202
270.864,26.9701,235.185,0.0,-0.84974,-0.527202
270.864,26.8958,235.305,0.0,-0.84974,-0.527202
0.000119209,26.8958,235.305,0.0,-0.922345,-0.386368
270.864,26.8958,235.305,0.0,-0.922345,-0.386368
0.000119209,26.8414,235.435,0.0,-0.922345,-0.386368
0.000119209,26.8414,235.435,0.0,-0.922345,-0.386368
270.864,26.8958,235.305,0.0,-0.922345,-0.386368
270.864,26.8414,235.435,0.0,-0.922345,-0.386368
0.000119209,26.8414,235.435,0.0,-0.971813,-0.235752
270.864,26.8414,235.435,0.0,-0.971813,-0.235752
0.000119209,26.8082,235.572,0.0,-0.971813,-0.235752
0.000119209,26.8082,235.572,0.0,-0.971813,-0.235752
270.864,26.8414,235.435,0.0,-0.971813,-0.235752
270.864,26.8082,235.572,0.0,-0.971813,-0.235752
0.000119209,26.8082,235.572,0.0,-0.996854,-0.0792583
270.864,26.8082,235.572,0.0,-0.996854,-0.0792583
0.000119209,26.797,235.712,0.0,-0.996854,-0.0792583
0.000119209,26.797,235.712,0.0,-0.996854,-0.0792583
270.864,26.8082,235.572,0.0,-0.996854,-0.0792583
270.864,26.797,235.712,0.0,-0.996854,-0.0792583
270.864,33.5149,235.837,0.0,0.0926234,-0.995701
0.000119209,33.5149,235.837,0.0,0.0926234,-0.995701
270.864,33.5355,235.839,0.0,0.0926234,-0.995701
270.864,33.5355,235.839,0.0,0.0926234,-0.995701
0.000119209,33.5149,235.837,0.0,0.0926234,-0.995701
0.000119209,33.5355,235.839,0.0,0.0926234,-0.995701
270.864,33.5355,235.839,0.0,-0.0705809,-0.997506
0.000119209,33.5355,235.839,0.0,-0.0705809,-0.997506
270.864,33.5562,235.838,0.0,-0.0705809,-0.997506
270.864,33.5562,235.838,0.0,-0.0705809,-0.997506
0.000119209,33.5355,235.839,0.0,-0.0705809,-0.997506
0.000119209,33.5562,235.838,0.0,-0.0705809,-0.997506
270.864,33.5562,235.838,0.0,-0.23297,-0.972484
0.000119209,33.5562,235.838,0.0,-0.23297,-0.972484
270.864,33.5764,235.833,0.0,-0.23297,-0.972484
270.864,33.5764,235.833,0.0,-0.23297,-0.972484
0.000119209,33.5562,235.838,0.0,-0.23297,-0.972484
0.000119209,33.5764,235.833,0.0,-0.23297,-0.972484
270.864,33.5764,235.833,0.0,-0.387432,-0.921898
0.000119209,33.5764,235.833,0.0,-0.387432,-0.921898
270.864,33.5956,235.825,0.0,-0.387432,-0.921898
270.864,33.5956,235.825,0.0,-0.387432,-0.921898
0.000119209,33.5764,235.833,0.0,-0.387432,-0.921898
0.000119209,33.5956,235.825,0.0,-0.387432,-0.921898
270.864,33.5956,235.825,0.0,-0.532804,-0.846239
0.000119209,33.5956,235.825,0.0,-0.532804,-0.846239
270.864,33.6131,235.814,0.0,-0.532804,-0.846239
270.864,33.6131,235.814,0.0,-0.532804,-0.846239
0.000119209,33.5956,235.825,0.0,-0.532804,-0.846239
0.000119209,33.6131,235.814,0.0,-0.532804,-0.846239
270.864,33.6131,235.814,0.0,-0.663268,-0.748382
0.000119209,33.6131,235.814,0.0,-0.663268,-0.748382
270.864,33.6287,235.8,0.0,-0.663268,-0.748382
270.864,33.6287,235.8,0.0,-0.663268,-0.748382
0.000119209,33.6131,235.814,0.0,-0.663268,-0.748382
0.000119209,33.6287,235.8,0.0,-0.663268,-0.748382
270.864,33.6287,235.8,0.0,-0.776384,-0.63026
0.000119209,33.6287,235.8,0.0,-0.776384,-0.63026
270.864,33.6417,235.784,0.0,-0.776384,-0.63026
270.864,33.6417,235.784,0.0,-0.776384,-0.63026
0.000119209,33.6287,235.8,0.0,-0.776384,-0.63026
0.000119209,33.6417,235.784,0.0,-0.776384,-0.63026
270.864,33.6417,235.784,0.0,-0.868774,-0.495209
0.000119209,33.6417,235.784,0.0,-0.868774,-0.495209
270.864,33.652,235.766,0.0,-0.868774,-0.495209
270.864,33.652,235.766,0.0,-0.868774,-0.495209
0.000119209,33.6417,235.784,0.0,-0.868774,-0.495209
0.000119209,33.652,235.766,0.0,-0.868774,-0.495209
270.864,33.652,235.766,0.0,-0.937891,-0.346931
0.000119209,33.652,235.766,0.0,-0.937891,-0.346931
270.864,33.6592,235.746,0.0,-0.937891,-0.346931
270.864,33.6592,235.746,0.0,-0.937891,-0.346931
0.000119209,33.652,235.766,0.0,-0.937891,-0.346931
0.000119209,33.6592,235.746,0.0,-0.937891,-0.346931
270.864,33.6592,235.746,0.0,-0.981825,-0.189788
0.000119209,33.6592,235.746,0.0,-0.981825,-0.189788
270.864,33.6632,235.726,0.0,-0.981825,-0.189788
270.864,33.6632,235.726,0.0,-0.981825,-0.189788
0.000119209,33.6592,235.746,0.0,-0.981825,-0.189788
0.000119209,33.6632,235.726,0.0,-0.981825,-0.189788
270.864,33.6632,235.726,0.0,-0.99963,-0.0272158
0.000119209,33.6632,235.726,0.0,-0.99963,-0.0272158
270.864,33.6637,235.705,0.0,-0.99963,-0.0272158
270.864,33.6637,235.705,0.0,-0.99963,-0.0272158
0.000119209,33.6632,235.726,0.0,-0.99963,-0.0272158
0.000119209,33.6637,235.705,0.0,-0.99963,-0.0272158
270.864,33.6637,235.705,0.0,-0.990738,0.135786
0.000119209,33.6637,235.705,0.0,-0.990738,0.135786
270.864,33.6609,235.685,0.0,-0.990738,0.135786
270.864,33.6609,235.685,0.0,-0.990738,0.135786
0.000119209,33.6637,235.705,0.0,-0.990738,0.135786
0.000119209,33.6609,235.685,0.0,-0.990738,0.135786
270.864,33.6609,235.685,0.0,-0.955365,0.295428
0.000119209,33.6609,235.685,0.0,-0.955365,0.295428
270.864,33.6548,235.665,0.0,-0.955365,0.295428
270.864,33.6548,235.665,0.0,-0.955365,0.295428
0.000119209,33.6609,235.685,0.0,-0.955365,0.295428
0.000119209,33.6548,235.665,0.0,-0.955365,0.295428
270.864,33.6548,235.665,0.0,-0.894133,0.447802
0.000119209,33.6548,235.665,0.0,-0.894133,0.447802
270.864,33.6455,235.646,0.0,-0.894133,0.447802
270.864,33.6455,235.646,0.0,-0.894133,0.447802
0.000119209,33.6548,235.665,0.0,-0.894133,0.447802
0.000119209,33.6455,235.646,0.0,-0.894133,0.447802
270.864,33.6455,235.646,0.0,-0.809855,0.58663
0.000119209,33.6455,235.646,0.0,-0.809855,0.58663
270.864,33.6333,235.629,0.0,-0.809855,0.58663
270.864,33.6333,235.629,0.0,-0.809855,0.58663
0.000119209,33.6455,235.646,0.0,-0.809855,0.58663
0.000119209,33.6333,235.629,0.0,-0.809855,0.58663
270.864,33.6333,235.629,0.0,-0.70333,0.710863
0.000119209,33.6333,235.629,0.0,-0.70333,0.710863
270.864,33.6185,235.615,0.0,-0.70333,0.710863
270.864,33.6185,235.615,0.0,-0.70333,0.710863
0.000119209,33.6333,235.629,0.0,-0.70333,0.710863
0.000119209,33.6185,235.615,0.0,-0.70333,0.710863
0.000119209,38.862,0.762105,0.0,1.0,0.0
270.864,38.862,0.762105,0.0,1.0,0.0
0.000119209,38.862,8.9407e-05,0.0,1.0,0.0
0.000119209,38.862,8.9407e-05,0.0,1.0,0.0
270.864,38.862,0.762105,0.0,1.0,0.0
270.864,38.862,8.9407e-05,0.0,1.0,0.0
0.000119209,2.3114,0.762105,0.0,0.0,1.0
270.864,2.3114,0.762105,0.0,0.0,1.0
0.000119209,38.862,0.762105,0.0,0.0,1.0
0.000119209,38.862,0.762105,0.0,0.0,1.0
270.864,2.3114,0.762105,0.0,0.0,1.0
270.864,38.862,0.762105,0.0,0.0,1.0
270.864,2.3114,0.762105,0.0,0.0784504,0.996918
0.000119209,2.3114,0.762105,0.0,0.0784504,0.996918
270.864,2.06902,0.781178,0.0,0.0784504,0.996918
270.864,2.06902,0.781178,0.0,0.0784504,0.996918
0.000119209,2.3114,0.762105,0.0,0.0784504,0.996918
0.000119209,2.06902,0.781178,0.0,0.0784504,0.996918
270.864,2.06902,0.781178,0.0,0.233393,0.972383
0.000119209,2.06902,0.781178,0.0,0.233393,0.972383
270.864,1.83261,0.837922,0.0,0.233393,0.972383
270.864,1.83261,0.837922,0.0,0.233393,0.972383
0.000119209,2.06902,0.781178,0.0,0.233393,0.972383
0.000119209,1.83261,0.837922,0.0,0.233393,0.972383
270.864,1.83261,0.837922,0.0,0.382686,0.923879
0.000119209,1.83261,0.837922,0.0,0.382686,0.923879
270.864,1.60799,0.930965,0.0,0.382686,0.923879
270.864,1.60799,0.930965,0.0,0.382686,0.923879
0.000119209,1.83261,0.837922,0.0,0.382686,0.923879
0.000119209,1.60799,0.930965,0.0,0.382686,0.923879
270.864,1.60799,0.930965,0.0,0.522537,0.852616
0.000119209,1.60799,0.930965,0.0,0.522537,0.852616
270.864,1.40069,1.05801,0.0,0.522537,0.852616
270.864,1.40069,1.05801,0.0,0.522537,0.852616
0.000119209,1.60799,0.930965,0.0,0.522537,0.852616
0.000119209,1.40069,1.05801,0.0,0.522537,0.852616
270.864,1.40069,1.05801,0.0,0.649428,0.760423
0.000119209,1.40069,1.05801,0.0,0.649428,0.760423
270.864,1.21581,1.2159,0.0,0.649428,0.760423
270.864,1.21581,1.2159,0.0,0.649428,0.760423
0.000119209,1.40069,1.05801,0.0,0.649428,0.760423
0.000119209,1.21581,1.2159,0.0,0.649428,0.760423
270.864,1.21581,1.2159,0.0,0.76039,0.649467
0.000119209,1.21581,1.2159,0.0,0.76039,0.649467
270.864,1.05791,1.40077,0.0,0.76039,0.649467
270.864,1.05791,1.40077,0.0,0.76039,0.649467
0.000119209,1.21581,1.2159,0.0,0.76039,0.649467
0.000119209,1.05791,1.40077,0.0,0.76039,0.649467
270.864,1.05791,1.40077,0.0,0.852641,0.522497
0.000119209,1.05791,1.40077,0.0,0.852641,0.522497
270.864,0.930876,1.60807,0.0,0.852641,0.522497
270.864,0.930876,1.60807,0.0,0.852641,0.522497
0.000119209,1.05791,1.40077,0.0,0.852641,0.522497
0.000119209,0.930876,1.60807,0.0,0.852641,0.522497
270.864,0.930876,1.60807,0.0,0.923876,0.382691
0.000119209,0.930876,1.60807,0.0,0.923876,0.382691
270.864,0.837833,1.83269,0.0,0.923876,0.382691
270.864,0.837833,1.83269,0.0,0.923876,0.382691
0.000119209,0.930876,1.60807,0.0,0.923876,0.382691
0.000119209,0.837833,1.83269,0.0,0.923876,0.382691
270.864,0.837833,1.83269,0.0,0.972375,0.233426
0.000119209,0.837833,1.83269,0.0,0.972375,0.233426
270.864,0.781078,2.06912,0.0,0.972375,0.233426
270.864,0.781078,2.06912,0.0,0.972375,0.233426
0.000119209,0.837833,1.83269,0.0,0.972375,0.233426
0.000119209,0.781078,2.06912,0.0,0.972375,0.233426
270.864,0.781078,2.06912,0.0,0.996917,0.0784643
0.000119209,0.781078,2.06912,0.0,0.996917,0.0784643
270.864,0.762001,2.3115,0.0,0.996917,0.0784643
270.864,0.762001,2.3115,0.0,0.996917,0.0784643
0.000119209,0.781078,2.06912,0.0,0.996917,0.0784643
0.000119209,0.762001,2.3115,0.0,0.996917,0.0784643
0.000119209,0.762001,203.675,0.0,1.0,0.0
270.864,0.762001,203.675,0.0,1.0,0.0
0.000119209,0.762001,2.3115,0.0,1.0,0.0
0.000119209,0.762001,2.3115,0.0,1.0,0.0
270.864,0.762001,203.675,0.0,1.0,0.0
270.864,0.762001,2.3115,0.0,1.0,0.0
270.864,0.762001,203.675,0.0,0.997357,-0.0726587
0.000119209,0.762001,203.675,0.0,0.997357,-0.0726587
270.864,0.838432,204.724,0.0,0.997357,-0.0726587
270.864,0.838432,204.724,0.0,0.997357,-0.0726587
0.000119209,0.762001,203.675,0.0,0.997357,-0.0726587
0.000119209,0.838432,204.724,0.0,0.997357,-0.0726587
270.864,0.838432,204.724,0.0,0.976296,-0.21644
0.000119209,0.838432,204.724,0.0,0.976296,-0.21644
270.864,1.06611,205.751,0.0,0.976296,-0.21644
270.864,1.06611,205.751,0.0,0.976296,-0.21644
0.000119209,0.838432,204.724,0.0,0.976296,-0.21644
0.000119209,1.06611,205.751,0.0,0.976296,-0.21644
270.864,1.06611,205.751,0.0,0.934621,-0.355644
0.000119209,1.06611,205.751,0.0,0.934621,-0.355644
270.864,1.44024,206.734,0.0,0.934621,-0.355644
270.864,1.44024,206.734,0.0,0.934621,-0.355644
0.000119209,1.06611,205.751,0.0,0.934621,-0.355644
0.000119209,1.44024,206.734,0.0,0.934621,-0.355644
270.864,1.44024,206.734,0.0,0.873202,-0.487358
0.000119209,1.44024,206.734,0.0,0.873202,-0.487358
270.864,1.95291,207.652,0.0,0.873202,-0.487358
270.864,1.95291,207.652,0.0,0.873202,-0.487358
0.000119209,1.44024,206.734,0.0,0.873202,-0.487358
0.000119209,1.95291,207.652,0.0,0.873202,-0.487358
270.864,1.95291,207.652,0.0,0.793355,-0.60876
0.000119209,1.95291,207.652,0.0,0.793355,-0.60876
270.864,2.59329,208.487,0.0,0.793355,-0.60876
270.864,2.59329,208.487,0.0,0.793355,-0.60876
0.000119209,1.95291,207.652,0.0,0.793355,-0.60876
0.000119209,2.59329,208.487,0.0,0.793355,-0.60876
270.864,2.59329,208.487,0.0,0.696741,-0.717323
0.000119209,2.59329,208.487,0.0,0.696741,-0.717323
270.864,3.34786,209.22,0.0,0.696741,-0.717323
270.864,3.34786,209.22,0.0,0.696741,-0.717323
0.000119209,2.59329,208.487,0.0,0.696741,-0.717323
0.000119209,3.34786,209.22,0.0,0.696741,-0.717323
0.000119209,34.1083,235.031,0.0,0.642788,-0.766044
270.864,34.1083,235.031,0.0,0.642788,-0.766044
0.000119209,3.34786,209.22,0.0,0.642788,-0.766044
0.000119209,3.34786,209.22,0.0,0.642788,-0.766044
270.864,34.1083,235.031,0.0,0.642788,-0.766044
270.864,3.34786,209.22,0.0,0.642788,-0.766044
0.000119209,33.3825,236.588,0.0,-0.0926234,0.995701
270.864,33.3825,236.588,0.0,-0.0926234,0.995701
0.000119209,33.5272,236.601,0.0,-0.0926234,0.995701
0.000119209,33.5272,236.601,0.0,-0.0926234,0.995701
270.864,33.3825,236.588,0.0,-0.0926234,0.995701
270.864,33.5272,236.601,0.0,-0.0926234,0.995701
0.000119209,33.5272,236.601,0.0,0.0708851,0.997484
270.864,33.5272,236.601,0.0,0.0708851,0.997484
0.000119209,33.6721,236.591,0.0,0.0708851,0.997484
0.000119209,33.6721,236.591,0.0,0.0708851,0.997484
270.864,33.5272,236.601,0.0,0.0708851,0.997484
270.864,33.6721,236.591,0.0,0.0708851,0.997484
0.000119209,33.6721,236.591,0.0,0.232398,0.972621
270.864,33.6721,236.591,0.0,0.232398,0.972621
0.000119209,33.8135,236.557,0.0,0.232398,0.972621
0.000119209,33.8135,236.557,0.0,0.232398,0.972621
270.864,33.6721,236.591,0.0,0.232398,0.972621
270.864,33.8135,236.557,0.0,0.232398,0.972621
0.000119209,33.8135,236.557,0.0,0.38763,0.921815
270.864,33.8135,236.557,0.0,0.38763,0.921815
0.000119209,33.9474,236.501,0.0,0.38763,0.921815
0.000119209,33.9474,236.501,0.0,0.38763,0.921815
270.864,33.8135,236.557,0.0,0.38763,0.921815
270.864,33.9474,236.501,0.0,0.38763,0.921815
0.000119209,33.9474,236.501,0.0,0.532724,0.846289
270.864,33.9474,236.501,0.0,0.532724,0.846289
0.000119209,34.0704,236.423,0.0,0.532724,0.846289
0.000119209,34.0704,236.423,0.0,0.532724,0.846289
270.864,33.9474,236.501,0.0,0.532724,0.846289
270.864,34.0704,236.423,0.0,0.532724,0.846289
0.000119209,34.0704,236.423,0.0,0.663477,0.748197
270.864,34.0704,236.423,0.0,0.663477,0.748197
0.000119209,34.1791,236.327,0.0,0.663477,0.748197
0.000119209,34.1791,236.327,0.0,0.663477,0.748197
270.864,34.0704,236.423,0.0,0.663477,0.748197
270.864,34.1791,236.327,0.0,0.663477,0.748197
0.000119209,34.1791,236.327,0.0,0.776467,0.630158
270.864,34.1791,236.327,0.0,0.776467,0.630158
0.000119209,34.2707,236.214,0.0,0.776467,0.630158
0.000119209,34.2707,236.214,0.0,0.776467,0.630158
270.864,34.1791,236.327,0.0,0.776467,0.630158
270.864,34.2707,236.214,0.0,0.776467,0.630158
0.000119209,34.2707,236.214,0.0,0.868723,0.495299
270.864,34.2707,236.214,0.0,0.868723,0.495299
0.000119209,34.3426,236.088,0.0,0.868723,0.495299
0.000119209,34.3426,236.088,0.0,0.868723,0.495299
270.864,34.2707,236.214,0.0,0.868723,0.495299
270.864,34.3426,236.088,0.0,0.868723,0.495299
0.000119209,34.3426,236.088,0.0,0.937814,0.347138
270.864,34.3426,236.088,0.0,0.937814,0.347138
0.000119209,34.3931,235.952,0.0,0.937814,0.347138
0.000119209,34.3931,235.952,0.0,0.937814,0.347138
270.864,34.3426,236.088,0.0,0.937814,0.347138
270.864,34.3931,235.952,0.0,0.937814,0.347138
0.000119209,34.3931,235.952,0.0,0.981833,0.189745
270.864,34.3931,235.952,0.0,0.981833,0.189745
0.000119209,34.4206,235.809,0.0,0.981833,0.189745
0.000119209,34.4206,235.809,0.0,0.981833,0.189745
270.864,34.3931,235.952,0.0,0.981833,0.189745
270.864,34.4206,235.809,0.0,0.981833,0.189745
0.000119209,34.4206,235.809,0.0,0.999629,0.0272483
270.864,34.4206,235.809,0.0,0.999629,0.0272483
0.000119209,34.4246,235.664,0.0,0.999629,0.0272483
0.000119209,34.4246,235.664,0.0,0.999629,0.0272483
270.864,34.4206,235.809,0.0,0.999629,0.0272483
270.864,34.4246,235.664,0.0,0.999629,0.0272483
0.000119209,34.4246,235.664,0.0,0.990718,-0.135931
270.864,34.4246,235.664,0.0,0.990718,-0.135931
0.000119209,34.4048,235.52,0.0,0.990718,-0.135931
0.000119209,34.4048,235.52,0.0,0.990718,-0.135931
270.864,34.4246,235.664,0.0,0.990718,-0.135931
270.864,34.4048,235.52,0.0,0.990718,-0.135931
0.000119209,34.4048,235.52,0.0,0.955354,-0.295464
270.864,34.4048,235.52,0.0,0.955354,-0.295464
0.000119209,34.3619,235.381,0.0,0.955354,-0.295464
0.000119209,34.3619,235.381,0.0,0.955354,-0.295464
270.864,34.4048,235.52,0.0,0.955354,-0.295464
270.864,34.3619,235.381,0.0,0.955354,-0.295464
0.000119209,34.3619,235.381,0.0,0.894438,-0.447193
270.864,34.3619,235.381,0.0,0.894438,-0.447193
0.000119209,34.2969,235.251,0.0,0.894438,-0.447193
0.000119209,34.2969,235.251,0.0,0.894438,-0.447193
270.864,34.3619,235.381,0.0,0.894438,-0.447193
270.864,34.2969,235.251,0.0,0.894438,-0.447193
0.000119209,34.2969,235.251,0.0,0.80966,-0.586899
270.864,34.2969,235.251,0.0,0.80966,-0.586899
0.000119209,34.2117,235.133,0.0,0.80966,-0.586899
0.000119209,34.2117,235.133,0.0,0.80966,-0.586899
270.864,34.2969,235.251,0.0,0.80966,-0.586899
270.864,34.2117,235.133,0.0,0.80966,-0.586899
0.000119209,34.2117,235.133,0.0,0.703263,-0.710929
270.864,34.2117,235.133,0.0,0.703263,-0.710929
0.000119209,34.1083,235.031,0.0,0.703263,-0.710929
0.000119209,34.1083,235.031,0.0,0.703263,-0.710929
270.864,34.2117,235.133,0.0,0.703263,-0.710929
270.864,34.1083,235.031,0.0,0.703263,-0.710929
0.000119209,27.7081,235.587,0.0,-0.173646,0.984808
270.864,27.7081,235.587,0.0,-0.173646,0.984808
0.000119209,33.3825,236.588,0.0,-0.173646,0.984808
0.000119209,33.3825,236.588,0.0,-0.173646,0.984808
270.864,27.7081,235.587,0.0,-0.173646,0.984808
270.864,33.3825,236.588,0.0,-0.173646,0.984808
0.000119209,27.559,286.639,0.0,1.0,0.0
270.864,27.559,286.639,0.0,1.0,0.0
0.000119209,27.559,235.712,0.0,1.0,0.0
0.000119209,27.559,235.712,0.0,1.0,0.0
270.864,27.559,286.639,0.0,1.0,0.0
270.864,27.559,235.712,0.0,1.0,0.0
270.864,27.559,286.639,0.0,0.996917,-0.0784591
0.000119209,27.559,286.639,0.0,0.996917,-0.0784591
270.864,27.8436,290.255,0.0,0.996917,-0.0784591
270.864,27.8436,290.255,0.0,0.996917,-0.0784591
0.000119209,27.559,286.639,0.0,0.996917,-0.0784591
0.000119209,27.8436,290.255,0.0,0.996917,-0.0784591
270.864,27.8436,290.255,0.0,0.97237,-0.233445
0.000119209,27.8436,290.255,0.0,0.97237,-0.233445
270.864,28.6903,293.782,0.0,0.97237,-0.233445
270.864,28.6903,293.782,0.0,0.97237,-0.233445
0.000119209,27.8436,290.255,0.0,0.97237,-0.233445
0.000119209,28.6903,293.782,0.0,0.97237,-0.233445
270.864,28.6903,293.782,0.0,0.92388,-0.382683
0.000119209,28.6903,293.782,0.0,0.92388,-0.382683
270.864,30.0783,297.133,0.0,0.92388,-0.382683
270.864,30.0783,297.133,0.0,0.92388,-0.382683
0.000119209,28.6903,293.782,0.0,0.92388,-0.382683
0.000119209,30.0783,297.133,0.0,0.92388,-0.382683
270.864,30.0783,297.133,0.0,0.85264,-0.522499
0.000119209,30.0783,297.133,0.0,0.85264,-0.522499
270.864,31.9734,300.225,0.0,0.85264,-0.522499
270.864,31.9734,300.225,0.0,0.85264,-0.522499
0.000119209,30.0783,297.133,0.0,0.85264,-0.522499
0.000119209,31.9734,300.225,0.0,0.85264,-0.522499
270.864,31.9734,300.225,0.0,0.760406,-0.649448
0.000119209,31.9734,300.225,0.0,0.760406,-0.649448
270.864,34.3289,302.983,0.0,0.760406,-0.649448
270.864,34.3289,302.983,0.0,0.760406,-0.649448
0.000119209,31.9734,300.225,0.0,0.760406,-0.649448
0.000119209,34.3289,302.983,0.0,0.760406,-0.649448
270.864,34.3289,302.983,0.0,0.649449,-0.760405
0.000119209,34.3289,302.983,0.0,0.649449,-0.760405
270.864,37.0869,305.339,0.0,0.649449,-0.760405
270.864,37.0869,305.339,0.0,0.649449,-0.760405
0.000119209,34.3289,302.983,0.0,0.649449,-0.760405
0.000119209,37.0869,305.339,0.0,0.649449,-0.760405
270.864,37.0869,305.339,0.0,0.522499,-0.85264
0.000119209,37.0869,305.339,0.0,0.522499,-0.85264
270.864,40.1795,307.234,0.0,0.522499,-0.85264
270.864,40.1795,307.234,0.0,0.522499,-0.85264
0.000119209,37.0869,305.339,0.0,0.522499,-0.85264
0.000119209,40.1795,307.234,0.0,0.522499,-0.85264
270.864,40.1795,307.234,0.0,0.382685,-0.923879
0.000119209,40.1795,307.234,0.0,0.382685,-0.923879
270.864,43.5304,308.622,0.0,0.382685,-0.923879
270.864,43.5304,308.622,0.0,0.382685,-0.923879
0.000119209,40.1795,307.234,0.0,0.382685,-0.923879
0.000119209,43.5304,308.622,0.0,0.382685,-0.923879
270.864,43.5304,308.622,0.0,0.233438,-0.972372
0.000119209,43.5304,308.622,0.0,0.233438,-0.972372
270.864,47.0572,309.469,0.0,0.233438,-0.972372
270.864,47.0572,309.469,0.0,0.233438,-0.972372
0.000119209,43.5304,308.622,0.0,0.233438,-0.972372
0.000119209,47.0572,309.469,0.0,0.233438,-0.972372
270.864,47.0572,309.469,0.0,0.0784604,-0.996917
0.000119209,47.0572,309.469,0.0,0.0784604,-0.996917
270.864,50.673,309.753,0.0,0.0784604,-0.996917
270.864,50.673,309.753,0.0,0.0784604,-0.996917
0.000119209,47.0572,309.469,0.0,0.0784604,-0.996917
0.000119209,50.673,309.753,0.0,0.0784604,-0.996917
0.000119209,51.562,330.962,0.0,1.0,0.0
270.864,51.562,330.962,0.0,1.0,0.0
0.000119209,51.562,310.642,0.0,1.0,0.0
0.000119209,51.562,310.642,0.0,1.0,0.0
270.864,51.562,330.962,0.0,1.0,0.0
270.864,51.562,310.642,0.0,1.0,0.0
0.000119209,50.8,330.962,0.0,-1.0,0.0
0.000119209,50.8,310.642,0.0,-1.0,0.0
270.864,50.8,330.962,0.0,-1.0,0.0
270.864,50.8,330.962,0.0,-1.0,0.0
0.000119209,50.8,310.642,0.0,-1.0,0.0
270.864,50.8,310.642,0.0,-1.0,0.0
0.000119209,26.797,286.639,0.0,-0.996917,0.0784598
270.864,26.797,286.639,0.0,-0.996917,0.0784598
0.000119209,27.091,290.374,0.0,-0.996917,0.0784598
0.000119209,27.091,290.374,0.0,-0.996917,0.0784598
270.864,26.797,286.639,0.0,-0.996917,0.0784598
270.864,27.091,290.374,0.0,-0.996917,0.0784598
0.000119209,27.091,290.374,0.0,-0.97237,0.233445
270.864,27.091,290.374,0.0,-0.97237,0.233445
0.000119209,27.9656,294.017,0.0,-0.97237,0.233445
0.000119209,27.9656,294.017,0.0,-0.97237,0.233445
270.864,27.091,290.374,0.0,-0.97237,0.233445
270.864,27.9656,294.017,0.0,-0.97237,0.233445
0.000119209,27.9656,294.017,0.0,-0.923879,0.382686
270.864,27.9656,294.017,0.0,-0.923879,0.382686
0.000119209,29.3993,297.479,0.0,-0.923879,0.382686
0.000119209,29.3993,297.479,0.0,-0.923879,0.382686
270.864,27.9656,294.017,0.0,-0.923879,0.382686
270.864,29.3993,297.479,0.0,-0.923879,0.382686
0.000119209,29.3993,297.479,0.0,-0.852643,0.522494
270.864,29.3993,297.479,0.0,-0.852643,0.522494
0.000119209,31.3569,300.673,0.0,-0.852643,0.522494
0.000119209,31.3569,300.673,0.0,-0.852643,0.522494
270.864,29.3993,297.479,0.0,-0.852643,0.522494
270.864,31.3569,300.673,0.0,-0.852643,0.522494
0.000119209,31.3569,300.673,0.0,-0.760405,0.64945
270.864,31.3569,300.673,0.0,-0.760405,0.64945
0.000119209,33.7901,303.522,0.0,-0.760405,0.64945
0.000119209,33.7901,303.522,0.0,-0.760405,0.64945
270.864,31.3569,300.673,0.0,-0.760405,0.64945
270.864,33.7901,303.522,0.0,-0.760405,0.64945
0.000119209,33.7901,303.522,0.0,-0.649446,0.760408
270.864,33.7901,303.522,0.0,-0.649446,0.760408
0.000119209,36.639,305.955,0.0,-0.649446,0.760408
0.000119209,36.639,305.955,0.0,-0.649446,0.760408
270.864,33.7901,303.522,0.0,-0.649446,0.760408
270.864,36.639,305.955,0.0,-0.649446,0.760408
0.000119209,36.639,305.955,0.0,-0.522505,0.852637
270.864,36.639,305.955,0.0,-0.522505,0.852637
0.000119209,39.8335,307.913,0.0,-0.522505,0.852637
0.000119209,39.8335,307.913,0.0,-0.522505,0.852637
270.864,36.639,305.955,0.0,-0.522505,0.852637
270.864,39.8335,307.913,0.0,-0.522505,0.852637
0.000119209,39.8335,307.913,0.0,-0.382682,0.92388
270.864,39.8335,307.913,0.0,-0.382682,0.92388
0.000119209,43.2949,309.347,0.0,-0.382682,0.92388
0.000119209,43.2949,309.347,0.0,-0.382682,0.92388
270.864,39.8335,307.913,0.0,-0.382682,0.92388
270.864,43.2949,309.347,0.0,-0.382682,0.92388
0.000119209,43.2949,309.347,0.0,-0.233441,0.972371
270.864,43.2949,309.347,0.0,-0.233441,0.972371
0.000119209,46.938,310.221,0.0,-0.233441,0.972371
0.000119209,46.938,310.221,0.0,-0.233441,0.972371
270.864,43.2949,309.347,0.0,-0.233441,0.972371
270.864,46.938,310.221,0.0,-0.233441,0.972371
0.000119209,46.938,310.221,0.0,-0.0784651,0.996917
270.864,46.938,310.221,0.0,-0.0784651,0.996917
0.000119209,50.673,310.515,0.0,-0.0784651,0.996917
0.000119209,50.673,310.515,0.0,-0.0784651,0.996917
270.864,46.938,310.221,0.0,-0.0784651,0.996917
270.864,50.673,310.515,0.0,-0.0784651,0.996917
0.000119209,26.797,286.639,0.0,-1.0,0.0
0.000119209,26.797,235.712,0.0,-1.0,0.0
270.864,26.797,286.639,0.0,-1.0,0.0
270.864,26.797,286.639,0.0,-1.0,0.0
0.000119209,26.797,235.712,0.0,-1.0,0.0
270.864,26.797,235.712,0.0,-1.0,0.0
0.000119209,27.8404,234.837,0.0,0.173646,-0.984808
0.000119209,33.5149,235.837,0.0,0.173646,-0.984808
270.864,27.8404,234.837,0.0,0.173646,-0.984808
270.864,27.8404,234.837,0.0,0.173646,-0.984808
0.000119209,33.5149,235.837,0.0,0.173646,-0.984808
270.864,33.5149,235.837,0.0,0.173646,-0.984808
0.000119209,33.6185,235.615,0.0,-0.642788,0.766044
0.000119209,2.85806,209.804,0.0,-0.642788,0.766044
270.864,33.6185,235.615,0.0,-0.642788,0.766044
270.864,33.6185,235.615,0.0,-0.642788,0.766044
0.000119209,2.85806,209.804,0.0,-0.642788,0.766044
270.864,2.85806,209.804,0.0,-0.642788,0.766044
0.000119209,2.3114,8.9407e-05,0.0,0.0,-1.0
0.000119209,38.862,8.9407e-05,0.0,0.0,-1.0
270.864,2.3114,8.9407e-05,0.0,0.0,-1.0
270.864,2.3114,8.9407e-05,0.0,0.0,-1.0
0.000119209,38.862,8.9407e-05,0.0,0.0,-1.0
270.864,38.862,8.9407e-05,0.0,0.0,-1.0
0.000119209,38.862,0.762105,-1.0,0.0,0.0
0.000119209,38.862,8.9407e-05,-1.0,0.0,0.0
0.000119209,2.3114,0.762105,-1.0,0.0,0.0
0.000119209,2.3114,0.762105,-1.0,0.0,0.0
0.000119209,38.862,8.9407e-05,-1.0,0.0,0.0
0.000119209,2.3114,8.9407e-05,-1.0,0.0,0.0
0.000119209,2.3114,0.762105,-1.0,0.0,0.0
0.000119209,2.3114,8.9407e-05,-1.0,0.0,0.0
0.000119209,2.06902,0.781178,-1.0,0.0,0.0
0.000119209,2.06902,0.781178,-1.0,0.0,0.0
0.000119209,2.3114,8.9407e-05,-1.0,0.0,0.0
0.000119209,1.94982,0.0285506,-1.0,0.0,0.0
0.000119209,2.06902,0.781178,-1.0,0.0,0.0
0.000119209,1.94982,0.0285506,-1.0,0.0,0.0
0.000119209,1.83261,0.837922,-1.0,0.0,0.0
0.000119209,1.83261,0.837922,-1.0,0.0,0.0
0.000119209,1.94982,0.0285506,-1.0,0.0,0.0
0.000119209,1.59714,0.113219,-1.0,0.0,0.0
0.000119209,1.83261,0.837922,-1.0,0.0,0.0
0.000119209,1.59714,0.113219,-1.0,0.0,0.0
0.000119209,1.60799,0.930965,-1.0,0.0,0.0
0.000119209,1.60799,0.930965,-1.0,0.0,0.0
0.000119209,1.59714,0.113219,-1.0,0.0,0.0
0.000119209,1.26205,0.252008,-1.0,0.0,0.0
0.000119209,1.60799,0.930965,-1.0,0.0,0.0
0.000119209,1.26205,0.252008,-1.0,0.0,0.0
0.000119209,1.40069,1.05801,-1.0,0.0,0.0
0.000119209,1.40069,1.05801,-1.0,0.0,0.0
0.000119209,1.26205,0.252008,-1.0,0.0,0.0
0.000119209,0.952795,0.441521,-1.0,0.0,0.0
0.000119209,1.40069,1.05801,-1.0,0.0,0.0
0.000119209,0.952795,0.441521,-1.0,0.0,0.0
0.000119209,1.21581,1.2159,-1.0,0.0,0.0
0.000119209,1.21581,1.2159,-1.0,0.0,0.0
0.000119209,0.952795,0.441521,-1.0,0.0,0.0
0.000119209,0.676993,0.677079,-1.0,0.0,0.0
0.000119209,1.21581,1.2159,-1.0,0.0,0.0
0.000119209,0.676993,0.677079,-1.0,0.0,0.0
0.000119209,1.05791,1.40077,-1.0,0.0,0.0
0.000119209,1.05791,1.40077,-1.0,0.0,0.0
0.000119209,0.676993,0.677079,-1.0,0.0,0.0
0.000119209,0.441439,0.952899,-1.0,0.0,0.0
0.000119209,1.05791,1.40077,-1.0,0.0,0.0
0.000119209,0.441439,0.952899,-1.0,0.0,0.0
0.000119209,0.930876,1.60807,-1.0,0.0,0.0
0.000119209,0.930876,1.60807,-1.0,0.0,0.0
0.000119209,0.441439,0.952899,-1.0,0.0,0.0
0.000119209,0.25193,1.26213,-1.0,0.0,0.0
0.000119209,0.930876,1.60807,-1.0,0.0,0.0
0.000119209,0.25193,1.26213,-1.0,0.0,0.0
0.000119209,0.837833,1.83269,-1.0,0.0,0.0
0.000119209,0.837833,1.83269,-1.0,0.0,0.0
0.000119209,0.25193,1.26213,-1.0,0.0,0.0
0.000119209,0.11313,1.59723,-1.0,0.0,0.0
0.000119209,0.837833,1.83269,-1.0,0.0,0.0
0.000119209,0.11313,1.59723,-1.0,0.0,0.0
0.000119209,0.781078,2.06912,-1.0,0.0,0.0
0.000119209,0.781078,2.06912,-1.0,0.0,0.0
0.000119209,0.11313,1.59723,-1.0,0.0,0.0
0.000119209,0.0284575,1.94991,-1.0,0.0,0.0
0.000119209,0.781078,2.06912,-1.0,0.0,0.0
0.000119209,0.0284575,1.94991,-1.0,0.0,0.0
0.000119209,0.762001,2.3115,-1.0,0.0,0.0
0.000119209,0.762001,2.3115,-1.0,0.0,0.0
0.000119209,0.0284575,1.94991,-1.0,0.0,0.0
0.000119209,0.0,2.3115,-1.0,0.0,0.0
0.000119209,0.762001,2.3115,-1.0,0.0,0.0
0.000119209,0.0,2.3115,-1.0,0.0,0.0
0.000119209,0.762001,203.675,-1.0,0.0,0.0
0.000119209,0.762001,203.675,-1.0,0.0,0.0
0.000119209,0.0,2.3115,-1.0,0.0,0.0
0.000119209,0.0,203.675,-1.0,0.0,0.0
0.000119209,0.762001,203.675,-1.0,0.0,0.0
0.000119209,0.0,203.675,-1.0,0.0,0.0
0.000119209,0.838432,204.724,-1.0,0.0,0.0
0.000119209,0.838432,204.724,-1.0,0.0,0.0
0.000119209,0.0,203.675,-1.0,0.0,0.0
0.000119209,0.0844784,204.834,-1.0,0.0,0.0
0.000119209,0.838432,204.724,-1.0,0.0,0.0
0.000119209,0.0844784,204.834,-1.0,0.0,0.0
0.000119209,1.06611,205.751,-1.0,0.0,0.0
0.000119209,1.06611,205.751,-1.0,0.0,0.0
0.000119209,0.0844784,204.834,-1.0,0.0,0.0
0.000119209,0.336125,205.969,-1.0,0.0,0.0
0.000119209,1.06611,205.751,-1.0,0.0,0.0
0.000119209,0.336125,205.969,-1.0,0.0,0.0
0.000119209,1.44024,206.734,-1.0,0.0,0.0
0.000119209,1.44024,206.734,-1.0,0.0,0.0
0.000119209,0.336125,205.969,-1.0,0.0,0.0
0.000119209,0.749633,207.056,-1.0,0.0,0.0
0.000119209,1.44024,206.734,-1.0,0.0,0.0
0.000119209,0.749633,207.056,-1.0,0.0,0.0
0.000119209,1.95291,207.652,-1.0,0.0,0.0
0.000119209,1.95291,207.652,-1.0,0.0,0.0
0.000119209,0.749633,207.056,-1.0,0.0,0.0
0.000119209,1.31626,208.071,-1.0,0.0,0.0
0.000119209,1.95291,207.652,-1.0,0.0,0.0
0.000119209,1.31626,208.071,-1.0,0.0,0.0
0.000119209,2.59329,208.487,-1.0,0.0,0.0
0.000119209,2.59329,208.487,-1.0,0.0,0.0
0.000119209,1.31626,208.071,-1.0,0.0,0.0
0.000119209,2.02405,208.994,-1.0,0.0,0.0
0.000119209,2.59329,208.487,-1.0,0.0,0.0
0.000119209,2.02405,208.994,-1.0,0.0,0.0
0.000119209,3.34786,209.22,-1.0,0.0,0.0
0.000119209,3.34786,209.22,-1.0,0.0,0.0
0.000119209,2.02405,208.994,-1.0,0.0,0.0
0.000119209,2.85806,209.804,-1.0,0.0,0.0
0.000119209,3.34786,209.22,-1.0,0.0,0.0
0.000119209,2.85806,209.804,-1.0,0.0,0.0
0.000119209,34.1083,235.031,-1.0,0.0,0.0
0.000119209,34.1083,235.031,-1.0,0.0,0.0
0.000119209,2.85806,209.804,-1.0,0.0,0.0
0.000119209,33.6185,235.615,-1.0,0.0,0.0
0.000119209,34.1083,235.031,-1.0,0.0,0.0
0.000119209,33.6185,235.615,-1.0,0.0,0.0
0.000119209,34.2117,235.133,-1.0,0.0,0.0
0.000119209,34.2117,235.133,-1.0,0.0,0.0
0.000119209,33.6185,235.615,-1.0,0.0,0.0
0.000119209,33.6333,235.629,-1.0,0.0,0.0
0.000119209,34.2117,235.133,-1.0,0.0,0.0
0.000119209,33.6333,235.629,-1.0,0.0,0.0
0.000119209,34.2969,235.251,-1.0,0.0,0.0
0.000119209,34.2969,235.251,-1.0,0.0,0.0
0.000119209,33.6333,235.629,-1.0,0.0,0.0
0.000119209,33.6455,235.646,-1.0,0.0,0.0
0.000119209,34.2969,235.251,-1.0,0.0,0.0
0.000119209,33.6455,235.646,-1.0,0.0,0.0
0.000119209,34.3619,235.381,-1.0,0.0,0.0
0.000119209,34.3619,235.381,-1.0,0.0,0.0
0.000119209,33.6455,235.646,-1.0,0.0,0.0
0.000119209,33.6548,235.665,-1.0,0.0,0.0
0.000119209,34.3619,235.381,-1.0,0.0,0.0
0.000119209,33.6548,235.665,-1.0,0.0,0.0
0.000119209,34.4048,235.52,-1.0,0.0,0.0
0.000119209,34.4048,235.52,-1.0,0.0,0.0
0.000119209,33.6548,235.665,-1.0,0.0,0.0
0.000119209,33.6609,235.685,-1.0,0.0,0.0
0.000119209,34.4048,235.52,-1.0,0.0,0.0
0.000119209,33.6609,235.685,-1.0,0.0,0.0
0.000119209,34.4246,235.664,-1.0,0.0,0.0
0.000119209,34.4246,235.664,-1.0,0.0,0.0
0.000119209,33.6609,235.685,-1.0,0.0,0.0
0.000119209,33.6637,235.705,-1.0,0.0,0.0
0.000119209,34.4246,235.664,-1.0,0.0,0.0
0.000119209,33.6637,235.705,-1.0,0.0,0.0
0.000119209,34.4206,235.809,-1.0,0.0,0.0
0.000119209,34.4206,235.809,-1.0,0.0,0.0
0.000119209,33.6637,235.705,-1.0,0.0,0.0
0.000119209,33.6632,235.726,-1.0,0.0,0.0
0.000119209,34.4206,235.809,-1.0,0.0,0.0
0.000119209,33.6632,235.726,-1.0,0.0,0.0
0.000119209,34.3931,235.952,-1.0,0.0,0.0
0.000119209,34.3931,235.952,-1.0,0.0,0.0
0.000119209,33.6632,235.726,-1.0,0.0,0.0
0.000119209,33.6592,235.746,-1.0,0.0,0.0
0.000119209,34.3931,235.952,-1.0,0.0,0.0
0.000119209,33.6592,235.746,-1.0,0.0,0.0
0.000119209,34.3426,236.088,-1.0,0.0,0.0
0.000119209,34.3426,236.088,-1.0,0.0,0.0
0.000119209,33.6592,235.746,-1.0,0.0,0.0
0.000119209,33.652,235.766,-1.0,0.0,0.0
0.000119209,34.3426,236.088,-1.0,0.0,0.0
0.000119209,33.652,235.766,-1.0,0.0,0.0
0.000119209,34.2707,236.214,-1.0,0.0,0.0
0.000119209,34.2707,236.214,-1.0,0.0,0.0
0.000119209,33.652,235.766,-1.0,0.0,0.0
0.000119209,33.6417,235.784,-1.0,0.0,0.0
0.000119209,34.2707,236.214,-1.0,0.0,0.0
0.000119209,33.6417,235.784,-1.0,0.0,0.0
0.000119209,34.1791,236.327,-1.0,0.0,0.0
0.000119209,34.1791,236.327,-1.0,0.0,0.0
0.000119209,33.6417,235.784,-1.0,0.0,0.0
0.000119209,33.6287,235.8,-1.0,0.0,0.0
0.000119209,34.1791,236.327,-1.0,0.0,0.0
0.000119209,33.6287,235.8,-1.0,0.0,0.0
0.000119209,34.0704,236.423,-1.0,0.0,0.0
0.000119209,34.0704,236.423,-1.0,0.0,0.0
0.000119209,33.6287,235.8,-1.0,0.0,0.0
0.000119209,33.6131,235.814,-1.0,0.0,0.0
0.000119209,34.0704,236.423,-1.0,0.0,0.0
0.000119209,33.6131,235.814,-1.0,0.0,0.0
0.000119209,33.9474,236.501,-1.0,0.0,0.0
0.000119209,33.9474,236.501,-1.0,0.0,0.0
0.000119209,33.6131,235.814,-1.0,0.0,0.0
0.000119209,33.5956,235.825,-1.0,0.0,0.0
0.000119209,33.9474,236.501,-1.0,0.0,0.0
0.000119209,33.5956,235.825,-1.0,0.0,0.0
0.000119209,33.8135,236.557,-1.0,0.0,0.0
0.000119209,33.8135,236.557,-1.0,0.0,0.0
0.000119209,33.5956,235.825,-1.0,0.0,0.0
0.000119209,33.5764,235.833,-1.0,0.0,0.0
0.000119209,33.8135,236.557,-1.0,0.0,0.0
0.000119209,33.5764,235.833,-1.0,0.0,0.0
0.000119209,33.6721,236.591,-1.0,0.0,0.0
0.000119209,33.6721,236.591,-1.0,0.0,0.0
0.000119209,33.5764,235.833,-1.0,0.0,0.0
0.000119209,33.5562,235.838,-1.0,0.0,0.0
0.000119209,33.6721,236.591,-1.0,0.0,0.0
0.000119209,33.5562,235.838,-1.0,0.0,0.0
0.000119209,33.5272,236.601,-1.0,0.0,0.0
0.000119209,33.5272,236.601,-1.0,0.0,0.0
0.000119209,33.5562,235.838,-1.0,0.0,0.0
0.000119209,33.5355,235.839,-1.0,0.0,0.0
0.000119209,33.5272,236.601,-1.0,0.0,0.0
0.000119209,33.5355,235.839,-1.0,0.0,0.0
0.000119209,33.3825,236.588,-1.0,0.0,0.0
0.000119209,33.3825,236.588,-1.0,0.0,0.0
0.000119209,33.5355,235.839,-1.0,0.0,0.0
0.000119209,33.5149,235.837,-1.0,0.0,0.0
0.000119209,33.3825,236.588,-1.0,0.0,0.0
0.000119209,33.5149,235.837,-1.0,0.0,0.0
0.000119209,27.7081,235.587,-1.0,0.0,0.0
0.000119209,27.7081,235.587,-1.0,0.0,0.0
0.000119209,33.5149,235.837,-1.0,0.0,0.0
0.000119209,27.8404,234.837,-1.0,0.0,0.0
0.000119209,27.7081,235.587,-1.0,0.0,0.0
0.000119209,27.8404,234.837,-1.0,0.0,0.0
0.000119209,27.688,235.585,-1.0,0.0,0.0
0.000119209,27.688,235.585,-1.0,0.0,0.0
0.000119209,27.8404,234.837,-1.0,0.0,0.0
0.000119209,27.7001,234.823,-1.0,0.0,0.0
0.000119209,27.688,235.585,-1.0,0.0,0.0
0.000119209,27.7001,234.823,-1.0,0.0,0.0
0.000119209,27.6679,235.586,-1.0,0.0,0.0
0.000119209,27.6679,235.586,-1.0,0.0,0.0
0.000119209,27.7001,234.823,-1.0,0.0,0.0
0.000119209,27.5595,234.832,-1.0,0.0,0.0
0.000119209,27.6679,235.586,-1.0,0.0,0.0
0.000119209,27.5595,234.832,-1.0,0.0,0.0
0.000119209,27.6483,235.591,-1.0,0.0,0.0
0.000119209,27.6483,235.591,-1.0,0.0,0.0
0.000119209,27.5595,234.832,-1.0,0.0,0.0
0.000119209,27.422,234.863,-1.0,0.0,0.0
0.000119209,27.6483,235.591,-1.0,0.0,0.0
0.000119209,27.422,234.863,-1.0,0.0,0.0
0.000119209,27.6296,235.598,-1.0,0.0,0.0
0.000119209,27.6296,235.598,-1.0,0.0,0.0
0.000119209,27.422,234.863,-1.0,0.0,0.0
0.000119209,27.2912,234.916,-1.0,0.0,0.0
0.000119209,27.6296,235.598,-1.0,0.0,0.0
0.000119209,27.2912,234.916,-1.0,0.0,0.0
0.000119209,27.6123,235.609,-1.0,0.0,0.0
0.000119209,27.6123,235.609,-1.0,0.0,0.0
0.000119209,27.2912,234.916,-1.0,0.0,0.0
0.000119209,27.1703,234.988,-1.0,0.0,0.0
0.000119209,27.6123,235.609,-1.0,0.0,0.0
0.000119209,27.1703,234.988,-1.0,0.0,0.0
0.000119209,27.5969,235.622,-1.0,0.0,0.0
0.000119209,27.5969,235.622,-1.0,0.0,0.0
0.000119209,27.1703,234.988,-1.0,0.0,0.0
0.000119209,27.0624,235.079,-1.0,0.0,0.0
0.000119209,27.5969,235.622,-1.0,0.0,0.0
0.000119209,27.0624,235.079,-1.0,0.0,0.0
0.000119209,27.5837,235.637,-1.0,0.0,0.0
0.000119209,27.5837,235.637,-1.0,0.0,0.0
0.000119209,27.0624,235.079,-1.0,0.0,0.0
0.000119209,26.9701,235.185,-1.0,0.0,0.0
0.000119209,27.5837,235.637,-1.0,0.0,0.0
0.000119209,26.9701,235.185,-1.0,0.0,0.0
0.000119209,27.5731,235.654,-1.0,0.0,0.0
0.000119209,27.5731,235.654,-1.0,0.0,0.0
0.000119209,26.9701,235.185,-1.0,0.0,0.0
0.000119209,26.8958,235.305,-1.0,0.0,0.0
0.000119209,27.5731,235.654,-1.0,0.0,0.0
0.000119209,26.8958,235.305,-1.0,0.0,0.0
0.000119209,27.5653,235.672,-1.0,0.0,0.0
0.000119209,27.5653,235.672,-1.0,0.0,0.0
0.000119209,26.8958,235.305,-1.0,0.0,0.0
0.000119209,26.8414,235.435,-1.0,0.0,0.0
0.000119209,27.5653,235.672,-1.0,0.0,0.0
0.000119209,26.8414,235.435,-1.0,0.0,0.0
0.000119209,27.5606,235.692,-1.0,0.0,0.0
0.000119209,27.5606,235.692,-1.0,0.0,0.0
0.000119209,26.8414,235.435,-1.0,0.0,0.0
0.000119209,26.8082,235.572,-1.0,0.0,0.0
0.000119209,27.5606,235.692,-1.0,0.0,0.0
0.000119209,26.8082,235.572,-1.0,0.0,0.0
0.000119209,27.559,235.712,-1.0,0.0,0.0
0.000119209,27.559,235.712,-1.0,0.0,0.0
0.000119209,26.8082,235.572,-1.0,0.0,0.0
0.000119209,26.797,235.712,-1.0,0.0,0.0
0.000119209,27.559,235.712,-1.0,0.0,0.0
0.000119209,26.797,235.712,-1.0,0.0,0.0
0.000119209,27.559,286.639,-1.0,0.0,0.0
0.000119209,27.559,286.639,-1.0,0.0,0.0
0.000119209,26.797,235.712,-1.0,0.0,0.0
0.000119209,26.797,286.639,-1.0,0.0,0.0
0.000119209,27.559,286.639,-1.0,0.0,0.0
0.000119209,26.797,286.639,-1.0,0.0,0.0
0.000119209,27.8436,290.255,-1.0,0.0,0.0
0.000119209,27.8436,290.255,-1.0,0.0,0.0
0.000119209,26.797,286.639,-1.0,0.0,0.0
0.000119209,27.091,290.374,-1.0,0.0,0.0
0.000119209,27.8436,290.255,-1.0,0.0,0.0
0.000119209,27.091,290.374,-1.0,0.0,0.0
0.000119209,28.6903,293.782,-1.0,0.0,0.0
0.000119209,28.6903,293.782,-1.0,0.0,0.0
0.000119209,27.091,290.374,-1.0,0.0,0.0
0.000119209,27.9656,294.017,-1.0,0.0,0.0
0.000119209,28.6903,293.782,-1.0,0.0,0.0
0.000119209,27.9656,294.017,-1.0,0.0,0.0
0.000119209,30.0783,297.133,-1.0,0.0,0.0
0.000119209,30.0783,297.133,-1.0,0.0,0.0
0.000119209,27.9656,294.017,-1.0,0.0,0.0
0.000119209,29.3993,297.479,-1.0,0.0,0.0
0.000119209,30.0783,297.133,-1.0,0.0,0.0
0.000119209,29.3993,297.479,-1.0,0.0,0.0
0.000119209,31.9734,300.225,-1.0,0.0,0.0
0.000119209,31.9734,300.225,-1.0,0.0,0.0
0.000119209,29.3993,297.479,-1.0,0.0,0.0
0.000119209,31.3569,300.673,-1.0,0.0,0.0
0.000119209,31.9734,300.225,-1.0,0.0,0.0
0.000119209,31.3569,300.673,-1.0,0.0,0.0
0.000119209,34.3289,302.983,-1.0,0.0,0.0
0.000119209,34.3289,302.983,-1.0,0.0,0.0
0.000119209,31.3569,300.673,-1.0,0.0,0.0
0.000119209,33.7901,303.522,-1.0,0.0,0.0
0.000119209,34.3289,302.983,-1.0,0.0,0.0
0.000119209,33.7901,303.522,-1.0,0.0,0.0
0.000119209,37.0869,305.339,-1.0,0.0,0.0
0.000119209,37.0869,305.339,-1.0,0.0,0.0
0.000119209,33.7901,303.522,-1.0,0.0,0.0
0.000119209,36.639,305.955,-1.0,0.0,0.0
0.000119209,37.0869,305.339,-1.0,0.0,0.0
0.000119209,36.639,305.955,-1.0,0.0,0.0
0.000119209,40.1795,307.234,-1.0,0.0,0.0
0.000119209,40.1795,307.234,-1.0,0.0,0.0
0.000119209,36.639,305.955,-1.0,0.0,0.0
0.000119209,39.8335,307.913,-1.0,0.0,0.0
0.000119209,40.1795,307.234,-1.0,0.0,0.0
0.000119209,39.8335,307.913,-1.0,0.0,0.0
0.000119209,43.5304,308.622,-1.0,0.0,0.0
0.000119209,43.5304,308.622,-1.0,0.0,0.0
0.000119209,39.8335,307.913,-1.0,0.0,0.0
0.000119209,43.2949,309.347,-1.0,0.0,0.0
0.000119209,43.5304,308.622,-1.0,0.0,0.0
0.000119209,43.2949,309.347,-1.0,0.0,0.0
0.000119209,47.0572,309.469,-1.0,0.0,0.0
0.000119209,47.0572,309.469,-1.0,0.0,0.0
0.000119209,43.2949,309.347,-1.0,0.0,0.0
0.000119209,46.938,310.221,-1.0,0.0,0.0
0.000119209,47.0572,309.469,-1.0,0.0,0.0
0.000119209,46.938,310.221,-1.0,0.0,0.0
0.000119209,50.673,309.753,-1.0,0.0,0.0
0.000119209,50.673,309.753,-1.0,0.0,0.0
0.000119209,46.938,310.221,-1.0,0.0,0.0
0.000119209,50.673,310.515,-1.0,0.0,0.0
0.000119209,50.673,309.753,-1.0,0.0,0.0
0.000119209,50.673,310.515,-1.0,0.0,0.0
0.000119209,50.8121,309.764,-1.0,0.0,0.0
0.000119209,50.8121,309.764,-1.0,0.0,0.0
0.000119209,50.673,310.515,-1.0,0.0,0.0
0.000119209,50.6929,310.517,-1.0,0.0,0.0
0.000119209,50.8121,309.764,-1.0,0.0,0.0
0.000119209,50.6929,310.517,-1.0,0.0,0.0
0.000119209,50.9477,309.797,-1.0,0.0,0.0
0.000119209,50.9477,309.797,-1.0,0.0,0.0
0.000119209,50.6929,310.517,-1.0,0.0,0.0
0.000119209,50.7122,310.521,-1.0,0.0,0.0
0.000119209,50.9477,309.797,-1.0,0.0,0.0
0.000119209,50.7122,310.521,-1.0,0.0,0.0
0.000119209,51.0766,309.85,-1.0,0.0,0.0
0.000119209,51.0766,309.85,-1.0,0.0,0.0
0.000119209,50.7122,310.521,-1.0,0.0,0.0
0.000119209,50.7307,310.529,-1.0,0.0,0.0
0.000119209,51.0766,309.85,-1.0,0.0,0.0
0.000119209,50.7307,310.529,-1.0,0.0,0.0
0.000119209,51.1955,309.923,-1.0,0.0,0.0
0.000119209,51.1955,309.923,-1.0,0.0,0.0
0.000119209,50.7307,310.529,-1.0,0.0,0.0
0.000119209,50.7476,310.539,-1.0,0.0,0.0
0.000119209,51.1955,309.923,-1.0,0.0,0.0
0.000119209,50.7476,310.539,-1.0,0.0,0.0
0.000119209,51.3016,310.013,-1.0,0.0,0.0
0.000119209,51.3016,310.013,-1.0,0.0,0.0
0.000119209,50.7476,310.539,-1.0,0.0,0.0
0.000119209,50.7628,310.552,-1.0,0.0,0.0
0.000119209,51.3016,310.013,-1.0,0.0,0.0
0.000119209,50.7628,310.552,-1.0,0.0,0.0
0.000119209,51.3922,310.12,-1.0,0.0,0.0
0.000119209,51.3922,310.12,-1.0,0.0,0.0
0.000119209,50.7628,310.552,-1.0,0.0,0.0
0.000119209,50.7757,310.567,-1.0,0.0,0.0
0.000119209,51.3922,310.12,-1.0,0.0,0.0
0.000119209,50.7757,310.567,-1.0,0.0,0.0
0.000119209,51.4651,310.238,-1.0,0.0,0.0
0.000119209,51.4651,310.238,-1.0,0.0,0.0
0.000119209,50.7757,310.567,-1.0,0.0,0.0
0.000119209,50.7862,310.584,-1.0,0.0,0.0
0.000119209,51.4651,310.238,-1.0,0.0,0.0
0.000119209,50.7862,310.584,-1.0,0.0,0.0
0.000119209,51.5185,310.367,-1.0,0.0,0.0
0.000119209,51.5185,310.367,-1.0,0.0,0.0
0.000119209,50.7862,310.584,-1.0,0.0,0.0
0.000119209,50.7938,310.603,-1.0,0.0,0.0
0.000119209,51.5185,310.367,-1.0,0.0,0.0
0.000119209,50.7938,310.603,-1.0,0.0,0.0
0.000119209,51.5511,310.503,-1.0,0.0,0.0
0.000119209,51.5511,310.503,-1.0,0.0,0.0
0.000119209,50.7938,310.603,-1.0,0.0,0.0
0.000119209,50.7984,310.622,-1.0,0.0,0.0
0.000119209,51.5511,310.503,-1.0,0.0,0.0
0.000119209,50.7984,310.622,-1.0,0.0,0.0
0.000119209,51.562,310.642,-1.0,0.0,0.0
0.000119209,51.562,310.642,-1.0,0.0,0.0
0.000119209,50.7984,310.622,-1.0,0.0,0.0
0.000119209,50.8,310.642,-1.0,0.0,0.0
0.000119209,51.562,310.642,-1.0,0.0,0.0
0.000119209,50.8,310.642,-1.0,0.0,0.0
0.000119209,51.562,330.962,-1.0,0.0,0.0
0.000119209,51.562,330.962,-1.0,0.0,0.0
0.000119209,50.8,310.642,-1.0,0.0,0.0
0.000119209,50.8,330.962,-1.0,0.0,0.0
0.000119209,0.0,203.675,0.0,-0.997357,0.0726593
270.864,0.0,203.675,0.0,-0.997357,0.0726593
0.000119209,0.0844784,204.834,0.0,-0.997357,0.0726593
0.000119209,0.0844784,204.834,0.0,-0.997357,0.0726593
270.864,0.0,203.675,0.0,-0.997357,0.0726593
270.864,0.0844784,204.834,0.0,-0.997357,0.0726593
0.000119209,0.0844784,204.834,0.0,-0.976296,0.216441
270.864,0.0844784,204.834,0.0,-0.976296,0.216441
0.000119209,0.336125,205.969,0.0,-0.976296,0.216441
0.000119209,0.336125,205.969,0.0,-0.976296,0.216441
270.864,0.0844784,204.834,0.0,-0.976296,0.216441
270.864,0.336125,205.969,0.0,-0.976296,0.216441
0.000119209,0.336125,205.969,0.0,-0.934618,0.355652
270.864,0.336125,205.969,0.0,-0.934618,0.355652
0.000119209,0.749633,207.056,0.0,-0.934618,0.355652
0.000119209,0.749633,207.056,0.0,-0.934618,0.355652
270.864,0.336125,205.969,0.0,-0.934618,0.355652
270.864,0.749633,207.056,0.0,-0.934618,0.355652
0.000119209,0.749633,207.056,0.0,-0.873207,0.48735
270.864,0.749633,207.056,0.0,-0.873207,0.48735
0.000119209,1.31626,208.071,0.0,-0.873207,0.48735
0.000119209,1.31626,208.071,0.0,-0.873207,0.48735
270.864,0.749633,207.056,0.0,-0.873207,0.48735
270.864,1.31626,208.071,0.0,-0.873207,0.48735
0.000119209,1.31626,208.071,0.0,-0.793353,0.608762
270.864,1.31626,208.071,0.0,-0.793353,0.608762
0.000119209,2.02405,208.994,0.0,-0.793353,0.608762
0.000119209,2.02405,208.994,0.0,-0.793353,0.608762
270.864,1.31626,208.071,0.0,-0.793353,0.608762
270.864,2.02405,208.994,0.0,-0.793353,0.608762
0.000119209,2.02405,208.994,0.0,-0.696755,0.717309
270.864,2.02405,208.994,0.0,-0.696755,0.717309
0.000119209,2.85806,209.804,0.0,-0.696755,0.717309
0.000119209,2.85806,209.804,0.0,-0.696755,0.717309
270.864,2.02405,208.994,0.0,-0.696755,0.717309
270.864,2.85806,209.804,0.0,-0.696755,0.717309
270.864,51.562,330.962,1.0,0.0,0.0
270.864,50.8,330.962,1.0,0.0,0.0
270.864,51.562,310.642,1.0,0.0,0.0
270.864,51.562,310.642,1.0,0.0,0.0
270.864,50.8,330.962,1.0,0.0,0.0
270.864,50.8,310.642,1.0,0.0,0.0
270.864,51.562,310.642,1.0,0.0,0.0
270.864,50.8,310.642,1.0,0.0,0.0
270.864,51.5511,310.503,1.0,0.0,0.0
270.864,51.5511,310.503,1.0,0.0,0.0
270.864,50.8,310.642,1.0,0.0,0.0
270.864,50.7984,310.622,1.0,0.0,0.0
270.864,51.5511,310.503,1.0,0.0,0.0
270.864,50.7984,310.622,1.0,0.0,0.0
270.864,51.5185,310.367,1.0,0.0,0.0
270.864,51.5185,310.367,1.0,0.0,0.0
270.864,50.7984,310.622,1.0,0.0,0.0
270.864,50.7938,310.603,1.0,0.0,0.0
270.864,51.5185,310.367,1.0,0.0,0.0
270.864,50.7938,310.603,1.0,0.0,0.0
270.864,51.4651,310.238,1.0,0.0,0.0
270.864,51.4651,310.238,1.0,0.0,0.0
270.864,50.7938,310.603,1.0,0.0,0.0
270.864,50.7862,310.584,1.0,0.0,0.0
270.864,51.4651,310.238,1.0,0.0,0.0
270.864,50.7862,310.584,1.0,0.0,0.0
270.864,51.3922,310.12,1.0,0.0,0.0
270.864,51.3922,310.12,1.0,0.0,0.0
270.864,50.7862,310.584,1.0,0.0,0.0
270.864,50.7757,310.567,1.0,0.0,0.0
270.864,51.3922,310.12,1.0,0.0,0.0
270.864,50.7757,310.567,1.0,0.0,0.0
270.864,51.3016,310.013,1.0,0.0,0.0
270.864,51.3016,310.013,1.0,0.0,0.0
270.864,50.7757,310.567,1.0,0.0,0.0
270.864,50.7628,310.552,1.0,0.0,0.0
270.864,51.3016,310.013,1.0,0.0,0.0
270.864,50.7628,310.552,1.0,0.0,0.0
270.864,51.1955,309.923,1.0,0.0,0.0
270.864,51.1955,309.923,1.0,0.0,0.0
270.864,50.7628,310.552,1.0,0.0,0.0
270.864,50.7476,310.539,1.0,0.0,0.0
270.864,51.1955,309.923,1.0,0.0,0.0
270.864,50.7476,310.539,1.0,0.0,0.0
270.864,51.0766,309.85,1.0,0.0,0.0
270.864,51.0766,309.85,1.0,0.0,0.0
270.864,50.7476,310.539,1.0,0.0,0.0
270.864,50.7307,310.529,1.0,0.0,0.0
270.864,51.0766,309.85,1.0,0.0,0.0
270.864,50.7307,310.529,1.0,0.0,0.0
270.864,50.9477,309.797,1.0,0.0,0.0
270.864,50.9477,309.797,1.0,0.0,0.0
270.864,50.7307,310.529,1.0,0.0,0.0
270.864,50.7122,310.521,1.0,0.0,0.0
270.864,50.9477,309.797,1.0,0.0,0.0
270.864,50.7122,310.521,1.0,0.0,0.0
270.864,50.8121,309.764,1.0,0.0,0.0
270.864,50.8121,309.764,1.0,0.0,0.0
270.864,50.7122,310.521,1.0,0.0,0.0
270.864,50.6929,310.517,1.0,0.0,0.0
270.864,50.8121,309.764,1.0,0.0,0.0
270.864,50.6929,310.517,1.0,0.0,0.0
270.864,50.673,309.753,1.0,0.0,0.0
270.864,50.673,309.753,1.0,0.0,0.0
270.864,50.6929,310.517,1.0,0.0,0.0
270.864,50.673,310.515,1.0,0.0,0.0
270.864,50.673,309.753,1.0,0.0,0.0
270.864,50.673,310.515,1.0,0.0,0.0
270.864,47.0572,309.469,1.0,0.0,0.0
270.864,47.0572,309.469,1.0,0.0,0.0
270.864,50.673,310.515,1.0,0.0,0.0
270.864,46.938,310.221,1.0,0.0,0.0
270.864,47.0572,309.469,1.0,0.0,0.0
270.864,46.938,310.221,1.0,0.0,0.0
270.864,43.5304,308.622,1.0,0.0,0.0
270.864,43.5304,308.622,1.0,0.0,0.0
270.864,46.938,310.221,1.0,0.0,0.0
270.864,43.2949,309.347,1.0,0.0,0.0
270.864,43.5304,308.622,1.0,0.0,0.0
270.864,43.2949,309.347,1.0,0.0,0.0
270.864,40.1795,307.234,1.0,0.0,0.0
270.864,40.1795,307.234,1.0,0.0,0.0
270.864,43.2949,309.347,1.0,0.0,0.0
270.864,39.8335,307.913,1.0,0.0,0.0
270.864,40.1795,307.234,1.0,0.0,0.0
270.864,39.8335,307.913,1.0,0.0,0.0
270.864,37.0869,305.339,1.0,0.0,0.0
270.864,37.0869,305.339,1.0,0.0,0.0
270.864,39.8335,307.913,1.0,0.0,0.0
270.864,36.639,305.955,1.0,0.0,0.0
270.864,37.0869,305.339,1.0,0.0,0.0
270.864,36.639,305.955,1.0,0.0,0.0
270.864,34.3289,302.983,1.0,0.0,0.0
270.864,34.3289,302.983,1.0,0.0,0.0
270.864,36.639,305.955,1.0,0.0,0.0
270.864,33.7901,303.522,1.0,0.0,0.0
270.864,34.3289,302.983,1.0,0.0,0.0
270.864,33.7901,303.522,1.0,0.0,0.0
270.864,31.9734,300.225,1.0,0.0,0.0
270.864,31.9734,300.225,1.0,0.0,0.0
270.864,33.7901,303.522,1.0,0.0,0.0
270.864,31.3569,300.673,1.0,0.0,0.0
270.864,31.9734,300.225,1.0,0.0,0.0
270.864,31.3569,300.673,1.0,0.0,0.0
270.864,30.0783,297.133,1.0,0.0,0.0
270.864,30.0783,297.133,1.0,0.0,0.0
270.864,31.3569,300.673,1.0,0.0,0.0
270.864,29.3993,297.479,1.0,0.0,0.0
270.864,30.0783,297.133,1.0,0.0,0.0
270.864,29.3993,297.479,1.0,0.0,0.0
270.864,28.6903,293.782,1.0,0.0,0.0
270.864,28.6903,293.782,1.0,0.0,0.0
270.864,29.3993,297.479,1.0,0.0,0.0
270.864,27.9656,294.017,1.0,0.0,0.0
270.864,28.6903,293.782,1.0,0.0,0.0
270.864,27.9656,294.017,1.0,0.0,0.0
270.864,27.8436,290.255,1.0,0.0,0.0
270.864,27.8436,290.255,1.0,0.0,0.0
270.864,27.9656,294.017,1.0,0.0,0.0
270.864,27.091,290.374,1.0,0.0,0.0
270.864,27.8436,290.255,1.0,0.0,0.0
270.864,27.091,290.374,1.0,0.0,0.0
270.864,27.559,286.639,1.0,0.0,0.0
270.864,27.559,286.639,1.0,0.0,0.0
270.864,27.091,290.374,1.0,0.0,0.0
270.864,26.797,286.639,1.0,0.0,0.0
270.864,27.559,286.639,1.0,0.0,0.0
270.864,26.797,286.639,1.0,0.0,0.0
270.864,27.559,235.712,1.0,0.0,0.0
270.864,27.559,235.712,1.0,0.0,0.0
270.864,26.797,286.639,1.0,0.0,0.0
270.864,26.797,235.712,1.0,0.0,0.0
270.864,27.559,235.712,1.0,0.0,0.0
270.864,26.797,235.712,1.0,0.0,0.0
270.864,27.5606,235.692,1.0,0.0,0.0
270.864,27.5606,235.692,1.0,0.0,0.0
270.864,26.797,235.712,1.0,0.0,0.0
270.864,26.8082,235.572,1.0,0.0,0.0
270.864,27.5606,235.692,1.0,0.0,0.0
270.864,26.8082,235.572,1.0,0.0,0.0
270.864,27.5653,235.672,1.0,0.0,0.0
270.864,27.5653,235.672,1.0,0.0,0.0
270.864,26.8082,235.572,1.0,0.0,0.0
270.864,26.8414,235.435,1.0,0.0,0.0
270.864,27.5653,235.672,1.0,0.0,0.0
270.864,26.8414,235.435,1.0,0.0,0.0
270.864,27.5731,235.654,1.0,0.0,0.0
270.864,27.5731,235.654,1.0,0.0,0.0
270.864,26.8414,235.435,1.0,0.0,0.0
270.864,26.8958,235.305,1.0,0.0,0.0
270.864,27.5731,235.654,1.0,0.0,0.0
270.864,26.8958,235.305,1.0,0.0,0.0
270.864,27.5837,235.637,1.0,0.0,0.0
270.864,27.5837,235.637,1.0,0.0,0.0
270.864,26.8958,235.305,1.0,0.0,0.0
270.864,26.9701,235.185,1.0,0.0,0.0
270.864,27.5837,235.637,1.0,0.0,0.0
270.864,26.9701,235.185,1.0,0.0,0.0
270.864,27.5969,235.622,1.0,0.0,0.0
270.864,27.5969,235.622,1.0,0.0,0.0
270.864,26.9701,235.185,1.0,0.0,0.0
270.864,27.0624,235.079,1.0,0.0,0.0
270.864,27.5969,235.622,1.0,0.0,0.0
270.864,27.0624,235.079,1.0,0.0,0.0
270.864,27.6123,235.609,1.0,0.0,0.0
270.864,27.6123,235.609,1.0,0.0,0.0
270.864,27.0624,235.079,1.0,0.0,0.0
270.864,27.1703,234.988,1.0,0.0,0.0
270.864,27.6123,235.609,1.0,0.0,0.0
270.864,27.1703,234.988,1.0,0.0,0.0
270.864,27.6296,235.598,1.0,0.0,0.0
270.864,27.6296,235.598,1.0,0.0,0.0
270.864,27.1703,234.988,1.0,0.0,0.0
270.864,27.2912,234.916,1.0,0.0,0.0
270.864,27.6296,235.598,1.0,0.0,0.0
270.864,27.2912,234.916,1.0,0.0,0.0
270.864,27.6483,235.591,1.0,0.0,0.0
270.864,27.6483,235.591,1.0,0.0,0.0
270.864,27.2912,234.916,1.0,0.0,0.0
270.864,27.422,234.863,1.0,0.0,0.0
270.864,27.6483,235.591,1.0,0.0,0.0
270.864,27.422,234.863,1.0,0.0,0.0
270.864,27.6679,235.586,1.0,0.0,0.0
270.864,27.6679,235.586,1.0,0.0,0.0
270.864,27.422,234.863,1.0,0.0,0.0
270.864,27.5595,234.832,1.0,0.0,0.0
270.864,27.6679,235.586,1.0,0.0,0.0
270.864,27.5595,234.832,1.0,0.0,0.0
270.864,27.688,235.585,1.0,0.0,0.0
270.864,27.688,235.585,1.0,0.0,0.0
270.864,27.5595,234.832,1.0,0.0,0.0
270.864,27.7001,234.823,1.0,0.0,0.0
270.864,27.688,235.585,1.0,0.0,0.0
270.864,27.7001,234.823,1.0,0.0,0.0
270.864,27.7081,235.587,1.0,0.0,0.0
270.864,27.7081,235.587,1.0,0.0,0.0
270.864,27.7001,234.823,1.0,0.0,0.0
270.864,27.8404,234.837,1.0,0.0,0.0
270.864,27.7081,235.587,1.0,0.0,0.0
270.864,27.8404,234.837,1.0,0.0,0.0
270.864,33.3825,236.588,1.0,0.0,0.0
270.864,33.3825,236.588,1.0,0.0,0.0
270.864,27.8404,234.837,1.0,0.0,0.0
270.864,33.5149,235.837,1.0,0.0,0.0
270.864,33.3825,236.588,1.0,0.0,0.0
270.864,33.5149,235.837,1.0,0.0,0.0
270.864,33.5272,236.601,1.0,0.0,0.0
270.864,33.5272,236.601,1.0,0.0,0.0
270.864,33.5149,235.837,1.0,0.0,0.0
270.864,33.5355,235.839,1.0,0.0,0.0
270.864,33.5272,236.601,1.0,0.0,0.0
270.864,33.5355,235.839,1.0,0.0,0.0
270.864,33.6721,236.591,1.0,0.0,0.0
270.864,33.6721,236.591,1.0,0.0,0.0
270.864,33.5355,235.839,1.0,0.0,0.0
270.864,33.5562,235.838,1.0,0.0,0.0
270.864,33.6721,236.591,1.0,0.0,0.0
270.864,33.5562,235.838,1.0,0.0,0.0
270.864,33.8135,236.557,1.0,0.0,0.0
270.864,33.8135,236.557,1.0,0.0,0.0
270.864,33.5562,235.838,1.0,0.0,0.0
270.864,33.5764,235.833,1.0,0.0,0.0
270.864,33.8135,236.557,1.0,0.0,0.0
270.864,33.5764,235.833,1.0,0.0,0.0
270.864,33.9474,236.501,1.0,0.0,0.0
270.864,33.9474,236.501,1.0,0.0,0.0
270.864,33.5764,235.833,1.0,0.0,0.0
270.864,33.5956,235.825,1.0,0.0,0.0
270.864,33.9474,236.501,1.0,0.0,0.0
270.864,33.5956,235.825,1.0,0.0,0.0
270.864,34.0704,236.423,1.0,0.0,0.0
270.864,34.0704,236.423,1.0,0.0,0.0
270.864,33.5956,235.825,1.0,0.0,0.0
270.864,33.6131,235.814,1.0,0.0,0.0
270.864,34.0704,236.423,1.0,0.0,0.0
270.864,33.6131,235.814,1.0,0.0,0.0
270.864,34.1791,236.327,1.0,0.0,0.0
270.864,34.1791,236.327,1.0,0.0,0.0
270.864,33.6131,235.814,1.0,0.0,0.0
270.864,33.6287,235.8,1.0,0.0,0.0
270.864,34.1791,236.327,1.0,0.0,0.0
270.864,33.6287,235.8,1.0,0.0,0.0
270.864,34.2707,236.214,1.0,0.0,0.0
270.864,34.2707,236.214,1.0,0.0,0.0
270.864,33.6287,235.8,1.0,0.0,0.0
270.864,33.6417,235.784,1.0,0.0,0.0
270.864,34.2707,236.214,1.0,0.0,0.0
270.864,33.6417,235.784,1.0,0.0,0.0
270.864,34.3426,236.088,1.0,0.0,0.0
270.864,34.3426,236.088,1.0,0.0,0.0
270.864,33.6417,235.784,1.0,0.0,0.0
270.864,33.652,235.766,1.0,0.0,0.0
270.864,34.3426,236.088,1.0,0.0,0.0
270.864,33.652,235.766,1.0,0.0,0.0
270.864,34.3931,235.952,1.0,0.0,0.0
270.864,34.3931,235.952,1.0,0.0,0.0
270.864,33.652,235.766,1.0,0.0,0.0
270.864,33.6592,235.746,1.0,0.0,0.0
270.864,34.3931,235.952,1.0,0.0,0.0
270.864,33.6592,235.746,1.0,0.0,0.0
270.864,34.4206,235.809,1.0,0.0,0.0
270.864,34.4206,235.809,1.0,0.0,0.0
270.864,33.6592,235.746,1.0,0.0,0.0
270.864,33.6632,235.726,1.0,0.0,0.0
270.864,34.4206,235.809,1.0,0.0,0.0
270.864,33.6632,235.726,1.0,0.0,0.0
270.864,34.4246,235.664,1.0,0.0,0.0
270.864,34.4246,235.664,1.0,0.0,0.0
270.864,33.6632,235.726,1.0,0.0,0.0
270.864,33.6637,235.705,1.0,0.0,0.0
270.864,34.4246,235.664,1.0,0.0,0.0
270.864,33.6637,235.705,1.0,0.0,0.0
270.864,34.4048,235.52,1.0,0.0,0.0
270.864,34.4048,235.52,1.0,0.0,0.0
270.864,33.6637,235.705,1.0,0.0,0.0
270.864,33.6609,235.685,1.0,0.0,0.0
270.864,34.4048,235.52,1.0,0.0,0.0
270.864,33.6609,235.685,1.0,0.0,0.0
270.864,34.3619,235.381,1.0,0.0,0.0
270.864,34.3619,235.381,1.0,0.0,0.0
270.864,33.6609,235.685,1.0,0.0,0.0
270.864,33.6548,235.665,1.0,0.0,0.0
270.864,34.3619,235.381,1.0,0.0,0.0
270.864,33.6548,235.665,1.0,0.0,0.0
270.864,34.2969,235.251,1.0,0.0,0.0
270.864,34.2969,235.251,1.0,0.0,0.0
270.864,33.6548,235.665,1.0,0.0,0.0
270.864,33.6455,235.646,1.0,0.0,0.0
270.864,34.2969,235.251,1.0,0.0,0.0
270.864,33.6455,235.646,1.0,0.0,0.0
270.864,34.2117,235.133,1.0,0.0,0.0
270.864,34.2117,235.133,1.0,0.0,0.0
270.864,33.6455,235.646,1.0,0.0,0.0
270.864,33.6333,235.629,1.0,0.0,0.0
270.864,34.2117,235.133,1.0,0.0,0.0
270.864,33.6333,235.629,1.0,0.0,0.0
270.864,34.1083,235.031,1.0,0.0,0.0
270.864,34.1083,235.031,1.0,0.0,0.0
270.864,33.6333,235.629,1.0,0.0,0.0
270.864,33.6185,235.615,1.0,0.0,0.0
270.864,34.1083,235.031,1.0,0.0,0.0
270.864,33.6185,235.615,1.0,0.0,0.0
270.864,3.34786,209.22,1.0,0.0,0.0
270.864,3.34786,209.22,1.0,0.0,0.0
270.864,33.6185,235.615,1.0,0.0,0.0
270.864,2.85806,209.804,1.0,0.0,0.0
270.864,3.34786,209.22,1.0,0.0,0.0
270.864,2.85806,209.804,1.0,0.0,0.0
270.864,2.59329,208.487,1.0,0.0,0.0
270.864,2.59329,208.487,1.0,0.0,0.0
270.864,2.85806,209.804,1.0,0.0,0.0
270.864,2.02405,208.994,1.0,0.0,0.0
270.864,2.59329,208.487,1.0,0.0,0.0
270.864,2.02405,208.994,1.0,0.0,0.0
270.864,1.95291,207.652,1.0,0.0,0.0
270.864,1.95291,207.652,1.0,0.0,0.0
270.864,2.02405,208.994,1.0,0.0,0.0
270.864,1.31626,208.071,1.0,0.0,0.0
270.864,1.95291,207.652,1.0,0.0,0.0
270.864,1.31626,208.071,1.0,0.0,0.0
270.864,1.44024,206.734,1.0,0.0,0.0
270.864,1.44024,206.734,1.0,0.0,0.0
270.864,1.31626,208.071,1.0,0.0,0.0
270.864,0.749633,207.056,1.0,0.0,0.0
270.864,1.44024,206.734,1.0,0.0,0.0
270.864,0.749633,207.056,1.0,0.0,0.0
270.864,1.06611,205.751,1.0,0.0,0.0
270.864,1.06611,205.751,1.0,0.0,0.0
270.864,0.749633,207.056,1.0,0.0,0.0
270.864,0.336125,205.969,1.0,0.0,0.0
270.864,1.06611,205.751,1.0,0.0,0.0
270.864,0.336125,205.969,1.0,0.0,0.0
270.864,0.838432,204.724,1.0,0.0,0.0
270.864,0.838432,204.724,1.0,0.0,0.0
270.864,0.336125,205.969,1.0,0.0,0.0
270.864,0.0844784,204.834,1.0,0.0,0.0
270.864,0.838432,204.724,1.0,0.0,0.0
270.864,0.0844784,204.834,1.0,0.0,0.0
270.864,0.762001,203.675,1.0,0.0,0.0
270.864,0.762001,203.675,1.0,0.0,0.0
270.864,0.0844784,204.834,1.0,0.0,0.0
270.864,0.0,203.675,1.0,0.0,0.0
270.864,0.762001,203.675,1.0,0.0,0.0
270.864,0.0,203.675,1.0,0.0,0.0
270.864,0.762001,2.3115,1.0,0.0,0.0
270.864,0.762001,2.3115,1.0,0.0,0.0
270.864,0.0,203.675,1.0,0.0,0.0
270.864,0.0,2.3115,1.0,0.0,0.0
270.864,0.762001,2.3115,1.0,0.0,0.0
270.864,0.0,2.3115,1.0,0.0,0.0
270.864,0.781078,2.06912,1.0,0.0,0.0
270.864,0.781078,2.06912,1.0,0.0,0.0
270.864,0.0,2.3115,1.0,0.0,0.0
270.864,0.0284575,1.94991,1.0,0.0,0.0
270.864,0.781078,2.06912,1.0,0.0,0.0
270.864,0.0284575,1.94991,1.0,0.0,0.0
270.864,0.837833,1.83269,1.0,0.0,0.0
270.864,0.837833,1.83269,1.0,0.0,0.0
270.864,0.0284575,1.94991,1.0,0.0,0.0
270.864,0.11313,1.59723,1.0,0.0,0.0
270.864,0.837833,1.83269,1.0,0.0,0.0
270.864,0.11313,1.59723,1.0,0.0,0.0
270.864,0.930876,1.60807,1.0,0.0,0.0
270.864,0.930876,1.60807,1.0,0.0,0.0
270.864,0.11313,1.59723,1.0,0.0,0.0
270.864,0.25193,1.26213,1.0,0.0,0.0
270.864,0.930876,1.60807,1.0,0.0,0.0
270.864,0.25193,1.26213,1.0,0.0,0.0
270.864,1.05791,1.40077,1.0,0.0,0.0
270.864,1.05791,1.40077,1.0,0.0,0.0
270.864,0.25193,1.26213,1.0,0.0,0.0
270.864,0.441439,0.952899,1.0,0.0,0.0
270.864,1.05791,1.40077,1.0,0.0,0.0
270.864,0.441439,0.952899,1.0,0.0,0.0
270.864,1.21581,1.2159,1.0,0.0,0.0
270.864,1.21581,1.2159,1.0,0.0,0.0
270.864,0.441439,0.952899,1.0,0.0,0.0
270.864,0.676993,0.677079,1.0,0.0,0.0
270.864,1.21581,1.2159,1.0,0.0,0.0
270.864,0.676993,0.677079,1.0,0.0,0.0
270.864,1.40069,1.05801,1.0,0.0,0.0
270.864,1.40069,1.05801,1.0,0.0,0.0
270.864,0.676993,0.677079,1.0,0.0,0.0
270.864,0.952795,0.441521,1.0,0.0,0.0
270.864,1.40069,1.05801,1.0,0.0,0.0
270.864,0.952795,0.441521,1.0,0.0,0.0
270.864,1.60799,0.930965,1.0,0.0,0.0
270.864,1.60799,0.930965,1.0,0.0,0.0
270.864,0.952795,0.441521,1.0,0.0,0.0
270.864,1.26205,0.252008,1.0,0.0,0.0
270.864,1.60799,0.930965,1.0,0.0,0.0
270.864,1.26205,0.252008,1.0,0.0,0.0
270.864,1.83261,0.837922,1.0,0.0,0.0
270.864,1.83261,0.837922,1.0,0.0,0.0
270.864,1.26205,0.252008,1.0,0.0,0.0
270.864,1.59714,0.113219,1.0,0.0,0.0
270.864,1.83261,0.837922,1.0,0.0,0.0
270.864,1.59714,0.113219,1.0,0.0,0.0
270.864,2.06902,0.781178,1.0,0.0,0.0
270.864,2.06902,0.781178,1.0,0.0,0.0
270.864,1.59714,0.113219,1.0,0.0,0.0
270.864,1.94982,0.0285506,1.0,0.0,0.0
270.864,2.06902,0.781178,1.0,0.0,0.0
270.864,1.94982,0.0285506,1.0,0.0,0.0
270.864,2.3114,0.762105,1.0,0.0,0.0
270.864,2.3114,0.762105,1.0,0.0,0.0
270.864,1.94982,0.0285506,1.0,0.0,0.0
270.864,2.3114,8.9407e-05,1.0,0.0,0.0
270.864,2.3114,0.762105,1.0,0.0,0.0
270.864,2.3114,8.9407e-05,1.0,0.0,0.0
270.864,38.862,0.762105,1.0,0.0,0.0
270.864,38.862,0.762105,1.0,0.0,0.0
270.864,2.3114,8.9407e-05,1.0,0.0,0.0
270.864,38.862,8.9407e-05,1.0,0.0,0.0
0.000119209,2.3114,8.9407e-05,0.0,-0.0784699,-0.996916
270.864,2.3114,8.9407e-05,0.0,-0.0784699,-0.996916
0.000119209,1.94982,0.0285506,0.0,-0.0784699,-0.996916
0.000119209,1.94982,0.0285506,0.0,-0.0784699,-0.996916
270.864,2.3114,8.9407e-05,0.0,-0.0784699,-0.996916
270.864,1.94982,0.0285506,0.0,-0.0784699,-0.996916
0.000119209,1.94982,0.0285506,0.0,-0.233441,-0.972371
270.864,1.94982,0.0285506,0.0,-0.233441,-0.972371
0.000119209,1.59714,0.113219,0.0,-0.233441,-0.972371
0.000119209,1.59714,0.113219,0.0,-0.233441,-0.972371
270.864,1.94982,0.0285506,0.0,-0.233441,-0.972371
270.864,1.59714,0.113219,0.0,-0.233441,-0.972371
0.000119209,1.59714,0.113219,0.0,-0.382658,-0.92389
270.864,1.59714,0.113219,0.0,-0.382658,-0.92389
0.000119209,1.26205,0.252008,0.0,-0.382658,-0.92389
0.000119209,1.26205,0.252008,0.0,-0.382658,-0.92389
270.864,1.59714,0.113219,0.0,-0.382658,-0.92389
270.864,1.26205,0.252008,0.0,-0.382658,-0.92389
0.000119209,1.26205,0.252008,0.0,-0.522506,-0.852636
270.864,1.26205,0.252008,0.0,-0.522506,-0.852636
0.000119209,0.952795,0.441521,0.0,-0.522506,-0.852636
0.000119209,0.952795,0.441521,0.0,-0.522506,-0.852636
270.864,1.26205,0.252008,0.0,-0.522506,-0.852636
270.864,0.952795,0.441521,0.0,-0.522506,-0.852636
0.000119209,0.952795,0.441521,0.0,-0.649449,-0.760405
270.864,0.952795,0.441521,0.0,-0.649449,-0.760405
0.000119209,0.676993,0.677079,0.0,-0.649449,-0.760405
0.000119209,0.676993,0.677079,0.0,-0.649449,-0.760405
270.864,0.952795,0.441521,0.0,-0.649449,-0.760405
270.864,0.676993,0.677079,0.0,-0.649449,-0.760405
0.000119209,0.676993,0.677079,0.0,-0.760432,-0.649418
270.864,0.676993,0.677079,0.0,-0.760432,-0.649418
0.000119209,0.441439,0.952899,0.0,-0.760432,-0.649418
0.000119209,0.441439,0.952899,0.0,-0.760432,-0.649418
270.864,0.676993,0.677079,0.0,-0.760432,-0.649418
270.864,0.441439,0.952899,0.0,-0.760432,-0.649418
0.000119209,0.441439,0.952899,0.0,-0.852624,-0.522526
270.864,0.441439,0.952899,0.0,-0.852624,-0.522526
0.000119209,0.25193,1.26213,0.0,-0.852624,-0.522526
0.000119209,0.25193,1.26213,0.0,-0.852624,-0.522526
270.864,0.441439,0.952899,0.0,-0.852624,-0.522526
270.864,0.25193,1.26213,0.0,-0.852624,-0.522526
0.000119209,0.25193,1.26213,0.0,-0.923881,-0.38268
270.864,0.25193,1.26213,0.0,-0.923881,-0.38268
0.000119209,0.11313,1.59723,0.0,-0.923881,-0.38268
0.000119209,0.11313,1.59723,0.0,-0.923881,-0.38268
270.864,0.25193,1.26213,0.0,-0.923881,-0.38268
270.864,0.11313,1.59723,0.0,-0.923881,-0.38268
0.000119209,0.11313,1.59723,0.0,-0.972369,-0.233448
270.864,0.11313,1.59723,0.0,-0.972369,-0.233448
0.000119209,0.0284575,1.94991,0.0,-0.972369,-0.233448
0.000119209,0.0284575,1.94991,0.0,-0.972369,-0.233448
270.864,0.11313,1.59723,0.0,-0.972369,-0.233448
270.864,0.0284575,1.94991,0.0,-0.972369,-0.233448
0.000119209,0.0284575,1.94991,0.0,-0.996917,-0.078458
270.864,0.0284575,1.94991,0.0,-0.996917,-0.078458
0.000119209,0.0,2.3115,0.0,-0.996917,-0.078458
0.000119209,0.0,2.3115,0.0,-0.996917,-0.078458
270.864,0.0284575,1.94991,0.0,-0.996917,-0.078458
270.864,0.0,2.3115,0.0,-0.996917,-0.078458
0.000119209,0.0,203.675,0.0,-1.0,0.0
0.000119209,0.0,2.3115,0.0,-1.0,0.0
270.864,0.0,203.675,0.0,-1.0,0.0
270.864,0.0,203.675,0.0,-1.0,0.0
0.000119209,0.0,2.3115,0.0,-1.0,0.0
270.864,0.0,2.3115,0.0,-1.0,0.0
