1.948989,5.020602,0.0,0.0,0.0,-1.0
-1.948989,5.020602,0.0,0.0,0.0,-1.0
-2.0,5.75,0.0,0.0,0.0,-1.0
-2.0,5.75,0.8333333,-0.9975634,-0.06976533,-2.658043e-16
-2.0,5.75,0.0,-0.9975634,-0.06976533,-2.658043e-16
-1.948989,5.020602,0.0,-0.9975634,-0.06976533,-2.658043e-16
2.0,5.75,0.0,0.0,0.0,-1.0
1.948989,5.020602,0.0,0.0,0.0,-1.0
-2.0,5.75,0.0,0.0,0.0,-1.0
1.9,5.75,0.1,0.0,1.0,0.0
2.0,5.75,0.0,0.0,1.0,0.0
-2.0,5.75,0.0,0.0,1.0,0.0
-2.0,5.75,0.8333333,0.0,1.0,0.0
-1.9,5.75,2.5,0.0,1.0,0.0
-2.0,5.75,0.0,0.0,1.0,0.0
-1.9,5.75,0.1,0.0,1.0,0.0
-2.0,5.75,0.0,0.0,1.0,0.0
-1.9,5.75,2.5,0.0,1.0,0.0
-1.9,5.75,0.1,0.0,1.0,0.0
1.9,5.75,0.1,0.0,1.0,0.0
-2.0,5.75,0.0,0.0,1.0,0.0
1.876672,4.293048,0.0,0.0,0.0,-1.0
-1.876672,4.293048,0.0,0.0,0.0,-1.0
-1.948989,5.020602,0.0,0.0,0.0,-1.0
-1.950403,5.022405,0.8333333,-0.9950953,-0.09890953,-0.00147402
-1.948989,5.020602,0.0,-0.9950953,-0.09890953,-0.00147402
-1.876672,4.293048,0.0,-0.9950953,-0.09890953,-0.00147402
1.948989,5.020602,0.0,0.0,0.0,-1.0
1.876672,4.293048,0.0,0.0,0.0,-1.0
-1.948989,5.020602,0.0,0.0,0.0,-1.0
-1.950403,5.022405,0.8333333,-0.9976836,-0.06800828,-0.001545257
-2.0,5.75,0.8333333,-0.9976836,-0.06800828,-0.001545257
-1.948989,5.020602,0.0,-0.9976836,-0.06800828,-0.001545257
1.783103,3.56784,0.0,0.0,0.0,-1.0
-1.783103,3.56784,0.0,0.0,0.0,-1.0
-1.876672,4.293048,0.0,0.0,0.0,-1.0
-1.882107,4.296344,0.8333333,-0.9917612,-0.1279614,-0.005962123
-1.876672,4.293048,0.0,-0.9917612,-0.1279614,-0.005962123
-1.783103,3.56784,0.0,-0.9917612,-0.1279614,-0.005962123
1.876672,4.293048,0.0,0.0,0.0,-1.0
1.783103,3.56784,0.0,0.0,0.0,-1.0
-1.876672,4.293048,0.0,0.0,0.0,-1.0
-1.882107,4.296344,0.8333333,-0.9955866,-0.09364767,-0.006122808
-1.950403,5.022405,0.8333333,-0.9955866,-0.09364767,-0.006122808
-1.876672,4.293048,0.0,-0.9955866,-0.09364767,-0.006122808
1.668367,2.845719,0.0,0.0,0.0,-1.0
-1.668367,2.845719,0.0,0.0,0.0,-1.0
-1.783103,3.56784,0.0,0.0,0.0,-1.0
-1.795162,3.572317,0.8333333,-0.9875221,-0.1569051,-0.01344794
-1.783103,3.56784,0.0,-0.9875221,-0.1569051,-0.01344794
-1.668367,2.845719,0.0,-0.9875221,-0.1569051,-0.01344794
1.783103,3.56784,0.0,0.0,0.0,-1.0
1.668367,2.845719,0.0,0.0,0.0,-1.0
-1.783103,3.56784,0.0,0.0,0.0,-1.0
-1.795162,3.572317,0.8333333,-0.9927733,-0.1192174,-0.01372641
-1.882107,4.296344,0.8333333,-0.9927733,-0.1192174,-0.01372641
-1.783103,3.56784,0.0,-0.9927733,-0.1192174,-0.01372641
1.532567,2.127261,0.0,0.0,0.0,-1.0
-1.532567,2.127261,0.0,0.0,0.0,-1.0
-1.668367,2.845719,0.0,0.0,0.0,-1.0
-1.68963,2.85082,0.8333333,-0.9823202,-0.1856732,-0.02392782
-1.668367,2.845719,0.0,-0.9823202,-0.1856732,-0.02392782
-1.532567,2.127261,0.0,-0.9823202,-0.1856732,-0.02392782
1.668367,2.845719,0.0,0.0,0.0,-1.0
1.532567,2.127261,0.0,0.0,0.0,-1.0
-1.668367,2.845719,0.0,0.0,0.0,-1.0
-1.68963,2.85082,0.8333333,-0.9891778,-0.1446863,-0.0243537
-1.795162,3.572317,0.8333333,-0.9891778,-0.1446863,-0.0243537
-1.668367,2.845719,0.0,-0.9891778,-0.1446863,-0.0243537
1.375802,1.413043,0.0,0.0,0.0,-1.0
-1.375802,1.413043,0.0,0.0,0.0,-1.0
-1.532567,2.127261,0.0,0.0,0.0,-1.0
-1.565584,2.132349,0.8333333,-0.9760663,-0.2142392,-0.03736436
-1.532567,2.127261,0.0,-0.9760663,-0.2142392,-0.03736436
-1.375802,1.413043,0.0,-0.9760663,-0.2142392,-0.03736436
1.532567,2.127261,0.0,0.0,0.0,-1.0
1.375802,1.413043,0.0,0.0,0.0,-1.0
-1.532567,2.127261,0.0,0.0,0.0,-1.0
-1.565584,2.132349,0.8333333,-0.98471,-0.1700115,-0.03797685
-1.68963,2.85082,0.8333333,-0.98471,-0.1700115,-0.03797685
-1.532567,2.127261,0.0,-0.98471,-0.1700115,-0.03797685
1.19824,0.7037929,0.0,0.0,0.0,-1.0
-1.19824,0.7037929,0.0,0.0,0.0,-1.0
-1.375802,1.413043,0.0,0.0,0.0,-1.0
-1.423116,1.417395,0.8333333,-0.9686608,-0.2425062,-0.05373126
-1.375802,1.413043,0.0,-0.9686608,-0.2425062,-0.05373126
-1.19824,0.7037929,0.0,-0.9686608,-0.2425062,-0.05373126
1.375802,1.413043,0.0,0.0,0.0,-1.0
1.19824,0.7037929,0.0,0.0,0.0,-1.0
-1.375802,1.413043,0.0,0.0,0.0,-1.0
-1.423116,1.417395,0.8333333,-0.9792564,-0.1951358,-0.05458021
-1.565584,2.132349,0.8333333,-0.9792564,-0.1951358,-0.05458021
-1.375802,1.413043,0.0,-0.9792564,-0.1951358,-0.05458021
1.0,0.0,0.0,0.0,0.0,-1.0
-1.0,0.0,0.0,0.0,0.0,-1.0
-1.19824,0.7037929,0.0,0.0,0.0,-1.0
-1.262327,0.7064499,0.8333333,-0.959979,-0.2704004,-0.07296501
-1.19824,0.7037929,0.0,-0.959979,-0.2704004,-0.07296501
-1.0,0.0,0.0,-0.959979,-0.2704004,-0.07296501
1.19824,0.7037929,0.0,0.0,0.0,-1.0
1.0,0.0,0.0,0.0,0.0,-1.0
-1.19824,0.7037929,0.0,0.0,0.0,-1.0
-1.262327,0.7064499,0.8333333,-0.9726847,-0.2199846,-0.07410288
-1.423116,1.417395,0.8333333,-0.9726847,-0.2199846,-0.07410288
-1.19824,0.7037929,0.0,-0.9726847,-0.2199846,-0.07410288
0.93,4.623638e-29,0.1,0.0,-1.0,4.623638e-28
-1.0,0.0,0.0,0.0,-1.0,4.623638e-28
1.0,0.0,0.0,0.0,-1.0,4.623638e-28
-1.083333,4.623638e-29,0.8333333,-0.9648462,-0.2444638,-0.09648462
-1.262327,0.7064499,0.8333333,-0.9648462,-0.2444638,-0.09648462
-1.0,0.0,0.0,-0.9648462,-0.2444638,-0.09648462
-0.93,4.623638e-29,0.1,5.086002e-28,-1.0,1.063437e-28
-1.083333,4.623638e-29,0.8333333,5.086002e-28,-1.0,1.063437e-28
-1.0,0.0,0.0,5.086002e-28,-1.0,1.063437e-28
0.93,4.623638e-29,0.1,0.0,-1.0,4.623638e-28
-0.93,4.623638e-29,0.1,0.0,-1.0,4.623638e-28
-1.0,0.0,0.0,0.0,-1.0,4.623638e-28
1.083333,4.623638e-29,0.8333333,0.9581165,-0.2698757,-0.09581165
1.0,0.0,0.0,0.9581165,-0.2698757,-0.09581165
1.19824,0.7037929,0.0,0.9581165,-0.2698757,-0.09581165
1.083333,4.623638e-29,0.8333333,-5.086002e-28,-1.0,1.063437e-28
0.93,4.623638e-29,0.1,-5.086002e-28,-1.0,1.063437e-28
1.0,0.0,0.0,-5.086002e-28,-1.0,1.063437e-28
1.262327,0.7064499,0.8333333,0.9674291,-0.2421979,-0.07362788
1.19824,0.7037929,0.0,0.9674291,-0.2421979,-0.07362788
1.375802,1.413043,0.0,0.9674291,-0.2421979,-0.07362788
1.262327,0.7064499,0.8333333,0.9667421,-0.2449442,-0.07356629
1.083333,4.623638e-29,0.8333333,0.9667421,-0.2449442,-0.07356629
1.19824,0.7037929,0.0,0.9667421,-0.2449442,-0.07356629
1.423116,1.417395,0.8333333,0.9753096,-0.2140731,-0.05425724
1.375802,1.413043,0.0,0.9753096,-0.2140731,-0.05425724
1.532567,2.127261,0.0,0.9753096,-0.2140731,-0.05425724
1.423116,1.417395,0.8333333,0.9739355,-0.2202675,-0.05414687
1.262327,0.7064499,0.8333333,0.9739355,-0.2202675,-0.05414687
1.375802,1.413043,0.0,0.9739355,-0.2202675,-0.05414687
1.565584,2.132349,0.8333333,0.9819004,-0.1855939,-0.0377704
1.532567,2.127261,0.0,0.9819004,-0.1855939,-0.0377704
1.668367,2.845719,0.0,0.9819004,-0.1855939,-0.0377704
1.565584,2.132349,0.8333333,0.9800234,-0.1952887,-0.03763684
1.423116,1.417395,0.8333333,0.9800234,-0.1952887,-0.03763684
1.532567,2.127261,0.0,0.9800234,-0.1952887,-0.03763684
1.68963,2.85082,0.8333333,0.9873214,-0.1568732,-0.02423173
1.668367,2.845719,0.0,0.9873214,-0.1568732,-0.02423173
1.783103,3.56784,0.0,0.9873214,-0.1568732,-0.02423173
1.68963,2.85082,0.8333333,0.9851348,-0.1700849,-0.02409506
1.565584,2.132349,0.8333333,0.9851348,-0.1700849,-0.02409506
1.668367,2.845719,0.0,0.9851348,-0.1700849,-0.02409506
1.795162,3.572317,0.8333333,0.9916863,-0.1279518,-0.01366376
1.783103,3.56784,0.0,0.9916863,-0.1279518,-0.01366376
1.876672,4.293048,0.0,0.9916863,-0.1279518,-0.01366376
1.795162,3.572317,0.8333333,0.9893806,-0.1447159,-0.01354032
1.68963,2.85082,0.8333333,0.9893806,-0.1447159,-0.01354032
1.783103,3.56784,0.0,0.9893806,-0.1447159,-0.01354032
1.882107,4.296344,0.8333333,0.9950779,-0.0989078,-0.006098683
1.876672,4.293048,0.0,0.9950779,-0.0989078,-0.006098683
1.948989,5.020602,0.0,0.9950779,-0.0989078,-0.006098683
1.882107,4.296344,0.8333333,0.9928489,-0.1192265,-0.00600377
1.795162,3.572317,0.8333333,0.9928489,-0.1192265,-0.00600377
1.876672,4.293048,0.0,0.9928489,-0.1192265,-0.00600377
1.950403,5.022405,0.8333333,0.9975622,-0.06976524,-0.001541251
1.948989,5.020602,0.0,0.9975622,-0.06976524,-0.001541251
2.0,5.75,0.0,0.9975622,-0.06976524,-0.001541251
1.950403,5.022405,0.8333333,0.9956041,-0.09364933,-0.001486262
1.882107,4.296344,0.8333333,0.9956041,-0.09364933,-0.001486262
1.948989,5.020602,0.0,0.9956041,-0.09364933,-0.001486262
2.0,5.75,0.8333333,0.9976848,-0.06800836,0.0
1.950403,5.022405,0.8333333,0.9976848,-0.06800836,0.0
2.0,5.75,0.0,0.9976848,-0.06800836,0.0
1.9,5.75,0.1,0.0,1.0,0.0
2.0,5.75,0.8333333,0.0,1.0,0.0
2.0,5.75,0.0,0.0,1.0,0.0
-0.93,0.1,2.5,0.0,0.0,1.0
-1.25,0.0,2.5,0.0,0.0,1.0
-0.93,4.623638e-29,2.5,0.0,0.0,1.0
-1.16675,4.623638e-29,1.6675,1.444887e-28,-1.0,-4.109033e-29
-0.93,4.623638e-29,2.5,1.444887e-28,-1.0,-4.109033e-29
-1.25,0.0,2.5,1.444887e-28,-1.0,-4.109033e-29
-0.93,4.623638e-29,0.1,1.0,0.0,0.0
-0.93,0.1,2.5,1.0,0.0,0.0
-0.93,4.623638e-29,2.5,1.0,0.0,0.0
-1.16675,4.623638e-29,1.6675,0.0,-1.0,0.0
-1.083333,4.623638e-29,0.8333333,0.0,-1.0,0.0
-0.93,4.623638e-29,2.5,0.0,-1.0,0.0
-0.93,4.623638e-29,0.1,0.0,-1.0,0.0
-0.93,4.623638e-29,2.5,0.0,-1.0,0.0
-1.083333,4.623638e-29,0.8333333,0.0,-1.0,0.0
-1.285162,0.6943578,2.5,-3.804869e-07,-7.510801e-08,1.0
-1.390502,0.7117639,2.5,-3.804869e-07,-7.510801e-08,1.0
-1.25,0.0,2.5,-3.804869e-07,-7.510801e-08,1.0
-1.16675,4.623638e-29,1.6675,-0.9763806,-0.1927373,-0.09763806
-1.25,0.0,2.5,-0.9763806,-0.1927373,-0.09763806
-1.390502,0.7117639,2.5,-0.9763806,-0.1927373,-0.09763806
-1.168039,0.1,2.5,6.416591e-08,-5.259117e-08,1.0
-1.285162,0.6943578,2.5,6.416591e-08,-5.259117e-08,1.0
-1.25,0.0,2.5,6.416591e-08,-5.259117e-08,1.0
-0.93,0.1,2.5,0.0,0.0,1.0
-1.168039,0.1,2.5,0.0,0.0,1.0
-1.25,0.0,2.5,0.0,0.0,1.0
-1.392946,1.290486,2.5,-3.315875e-07,-5.90612e-08,1.0
-1.517723,1.426021,2.5,-3.315875e-07,-5.90612e-08,1.0
-1.390502,0.7117639,2.5,-3.315875e-07,-5.90612e-08,1.0
-1.326479,0.7091095,1.6675,-0.9817364,-0.1748634,-0.07494287
-1.390502,0.7117639,2.5,-0.9817364,-0.1748634,-0.07494287
-1.517723,1.426021,2.5,-0.9817364,-0.1748634,-0.07494287
-1.285162,0.6943578,2.5,-3.778676e-07,-5.925664e-08,1.0
-1.392946,1.290486,2.5,-3.778676e-07,-5.925664e-08,1.0
-1.390502,0.7117639,2.5,-3.778676e-07,-5.925664e-08,1.0
-1.16675,4.623638e-29,1.6675,-0.9728736,-0.2191421,-0.07412009
-1.390502,0.7117639,2.5,-0.9728736,-0.2191421,-0.07412009
-1.326479,0.7091095,1.6675,-0.9728736,-0.2191421,-0.07412009
-1.491385,1.888227,2.5,0.0,0.0,1.0
-1.631619,2.142524,2.5,0.0,0.0,1.0
-1.517723,1.426021,2.5,0.0,0.0,1.0
-1.470467,1.421712,1.6675,-0.9860965,-0.1567506,-0.05516363
-1.517723,1.426021,2.5,-0.9860965,-0.1567506,-0.05516363
-1.631619,2.142524,2.5,-0.9860965,-0.1567506,-0.05516363
-1.392946,1.290486,2.5,-2.518458e-07,1.435088e-08,1.0
-1.491385,1.888227,2.5,-2.518458e-07,1.435088e-08,1.0
-1.517723,1.426021,2.5,-2.518458e-07,1.435088e-08,1.0
-1.326479,0.7091095,1.6675,-0.978732,-0.1977621,-0.05453333
-1.517723,1.426021,2.5,-0.978732,-0.1977621,-0.05453333
-1.470467,1.421712,1.6675,-0.978732,-0.1977621,-0.05453333
-1.580471,2.487416,2.5,-9.150139e-08,-1.28027e-08,1.0
-1.73215,2.861024,2.5,-9.150139e-08,-1.28027e-08,1.0
-1.631619,2.142524,2.5,-9.150139e-08,-1.28027e-08,1.0
-1.598635,2.137441,1.6675,-0.9896238,-0.1384663,-0.03836413
-1.631619,2.142524,2.5,-0.9896238,-0.1384663,-0.03836413
-1.73215,2.861024,2.5,-0.9896238,-0.1384663,-0.03836413
-1.491385,1.888227,2.5,-3.768815e-08,-2.078332e-08,1.0
-1.580471,2.487416,2.5,-3.768815e-08,-2.078332e-08,1.0
-1.631619,2.142524,2.5,-3.768815e-08,-2.078332e-08,1.0
-1.470467,1.421712,1.6675,-0.9836349,-0.1761425,-0.03789682
-1.631619,2.142524,2.5,-0.9836349,-0.1761425,-0.03789682
-1.598635,2.137441,1.6675,-0.9836349,-0.1761425,-0.03789682
-1.660193,3.087906,2.5,9.347113e-08,1.130762e-08,1.0
-1.819282,3.581272,2.5,9.347113e-08,1.130762e-08,1.0
-1.73215,2.861024,2.5,9.347113e-08,1.130762e-08,1.0
-1.710911,2.855927,1.6675,-0.9924619,-0.1200626,-0.02458487
-1.73215,2.861024,2.5,-0.9924619,-0.1200626,-0.02458487
-1.819282,3.581272,2.5,-0.9924619,-0.1200626,-0.02458487
-1.580471,2.487416,2.5,2.296517e-08,3.3669e-08,1.0
-1.660193,3.087906,2.5,2.296517e-08,3.3669e-08,1.0
-1.73215,2.861024,2.5,2.296517e-08,3.3669e-08,1.0
-1.598635,2.137441,1.6675,-0.9877187,-0.1543489,-0.02425395
-1.73215,2.861024,2.5,-0.9877187,-0.1543489,-0.02425395
-1.710911,2.855927,1.6675,-0.9877187,-0.1543489,-0.02425395
-1.7915,4.292206,2.5,3.331464e-07,3.40196e-08,1.0
-1.892983,4.303017,2.5,3.331464e-07,3.40196e-08,1.0
-1.819282,3.581272,2.5,3.331464e-07,3.40196e-08,1.0
-1.807234,3.576799,1.6675,-0.9947312,-0.101578,-0.01384952
-1.819282,3.581272,2.5,-0.9947312,-0.101578,-0.01384952
-1.892983,4.303017,2.5,-0.9947312,-0.101578,-0.01384952
-1.73054,3.689546,2.5,-6.02653e-08,4.939301e-08,1.0
-1.7915,4.292206,2.5,-6.02653e-08,4.939301e-08,1.0
-1.819282,3.581272,2.5,-6.02653e-08,4.939301e-08,1.0
-1.660193,3.087906,2.5,1.649028e-08,-1.351532e-08,1.0
-1.73054,3.689546,2.5,1.649028e-08,-1.351532e-08,1.0
-1.819282,3.581272,2.5,1.649028e-08,-1.351532e-08,1.0
-1.710911,2.855927,1.6675,-0.9910985,-0.1324307,-0.01363119
-1.819282,3.581272,2.5,-0.9910985,-0.1324307,-0.01363119
-1.807234,3.576799,1.6675,-0.9910985,-0.1324307,-0.01363119
-1.843056,4.895739,2.5,3.820492e-07,3.183587e-08,1.0
-1.95323,5.02601,2.5,3.820492e-07,3.183587e-08,1.0
-1.892983,4.303017,2.5,3.820492e-07,3.183587e-08,1.0
-1.887551,4.299684,1.6675,-0.9965271,-0.08303984,-0.006170476
-1.892983,4.303017,2.5,-0.9965271,-0.08303984,-0.006170476
-1.95323,5.02601,2.5,-0.9965271,-0.08303984,-0.006170476
-1.7915,4.292206,2.5,3.333508e-07,3.593794e-08,1.0
-1.843056,4.895739,2.5,3.333508e-07,3.593794e-08,1.0
-1.892983,4.303017,2.5,3.333508e-07,3.593794e-08,1.0
-1.807234,3.576799,1.6675,-0.9938662,-0.1104243,-0.006043473
-1.892983,4.303017,2.5,-0.9938662,-0.1104243,-0.006043473
-1.887551,4.299684,1.6675,-0.9938662,-0.1104243,-0.006043473
-1.9,5.75,2.5,0.0,0.0,1.0
-2.0,5.75,2.5,0.0,0.0,1.0
-1.95323,5.02601,2.5,0.0,0.0,1.0
-1.951818,5.024209,1.6675,-0.9979187,-0.0644662,-0.001553319
-1.95323,5.02601,2.5,-0.9979187,-0.0644662,-0.001553319
-2.0,5.75,2.5,-0.9979187,-0.0644662,-0.001553319
-1.9,5.5,2.5,0.0,0.0,1.0
-1.9,5.75,2.5,0.0,0.0,1.0
-1.95323,5.02601,2.5,0.0,0.0,1.0
-1.885187,5.5,2.5,0.0,0.0,1.0
-1.9,5.5,2.5,0.0,0.0,1.0
-1.95323,5.02601,2.5,0.0,0.0,1.0
-1.843056,4.895739,2.5,2.944299e-07,-4.226618e-08,1.0
-1.885187,5.5,2.5,2.944299e-07,-4.226618e-08,1.0
-1.95323,5.02601,2.5,2.944299e-07,-4.226618e-08,1.0
-1.887551,4.299684,1.6675,-0.9960879,-0.08835501,-0.001498536
-1.95323,5.02601,2.5,-0.9960879,-0.08835501,-0.001498536
-1.951818,5.024209,1.6675,-0.9960879,-0.08835501,-0.001498536
-2.0,5.75,1.6675,0.0,1.0,0.0
-2.0,5.75,2.5,0.0,1.0,0.0
-1.9,5.75,2.5,0.0,1.0,0.0
-1.951818,5.024209,1.6675,-0.9978037,-0.06624026,2.750116e-16
-2.0,5.75,2.5,-0.9978037,-0.06624026,2.750116e-16
-2.0,5.75,1.6675,-0.9978037,-0.06624026,2.750116e-16
-1.9,5.5,0.1,1.0,0.0,0.0
-1.9,5.75,2.5,1.0,0.0,0.0
-1.9,5.5,2.5,1.0,0.0,0.0
-2.0,5.75,1.6675,0.0,1.0,0.0
-1.9,5.75,2.5,0.0,1.0,0.0
-2.0,5.75,0.8333333,0.0,1.0,0.0
-1.9,5.5,0.1,1.0,0.0,0.0
-1.9,5.75,0.1,1.0,0.0,0.0
-1.9,5.75,2.5,1.0,0.0,0.0
-1.9,5.5,0.1,0.0,1.0,0.0
-1.9,5.5,2.5,0.0,1.0,0.0
-1.885187,5.5,2.5,0.0,1.0,0.0
-1.885033,5.5,1.697782,0.9975781,0.06955502,0.0001923147
-1.885187,5.5,2.5,0.9975781,0.06955502,0.0001923147
-1.843056,4.895739,2.5,0.9975781,0.06955502,0.0001923147
-1.885033,5.5,1.697782,0.0,1.0,0.0
-1.9,5.5,0.1,0.0,1.0,0.0
-1.885187,5.5,2.5,0.0,1.0,0.0
-1.826602,4.721396,1.698002,0.9963694,0.08511295,0.001939319
-1.843056,4.895739,2.5,0.9963694,0.08511295,0.001939319
-1.7915,4.292206,2.5,0.9963694,0.08511295,0.001939319
-1.885033,5.5,1.697782,0.9971871,0.07483554,0.004190264
-1.843056,4.895739,2.5,0.9971871,0.07483554,0.004190264
-1.826602,4.721396,1.698002,0.9971871,0.07483554,0.004190264
-1.749697,3.94443,1.698653,0.9948895,0.1006346,0.008225088
-1.7915,4.292206,2.5,0.9948895,0.1006346,0.008225088
-1.73054,3.689546,2.5,0.9948895,0.1006346,0.008225088
-1.826602,4.721396,1.698002,0.9950946,0.09850308,0.009160859
-1.7915,4.292206,2.5,0.9950946,0.09850308,0.009160859
-1.749697,3.94443,1.698653,0.9950946,0.09850308,0.009160859
-1.654401,3.169554,1.699656,0.9930536,0.1161138,0.01903159
-1.73054,3.689546,2.5,0.9930536,0.1161138,0.01903159
-1.660193,3.087906,2.5,0.9930536,0.1161138,0.01903159
-1.749697,3.94443,1.698653,0.9924069,0.1220679,0.01510167
-1.73054,3.689546,2.5,0.9924069,0.1220679,0.01510167
-1.654401,3.169554,1.699656,0.9924069,0.1220679,0.01510167
-1.654401,3.169554,1.699656,0.9910917,0.1315792,0.02059511
-1.660193,3.087906,2.5,0.9910917,0.1315792,0.02059511
-1.580471,2.487416,2.5,0.9910917,0.1315792,0.02059511
-1.540798,2.397222,1.701006,0.9886052,0.1469825,0.03249594
-1.580471,2.487416,2.5,0.9886052,0.1469825,0.03249594
-1.491385,1.888227,2.5,0.9886052,0.1469825,0.03249594
-1.654401,3.169554,1.699656,0.988818,0.1455041,0.0326734
-1.580471,2.487416,2.5,0.988818,0.1455041,0.0326734
-1.540798,2.397222,1.701006,0.988818,0.1455041,0.0326734
-1.408969,1.627885,1.702702,0.9855298,0.1623024,0.04887677
-1.491385,1.888227,2.5,0.9855298,0.1623024,0.04887677
-1.392946,1.290486,2.5,0.9855298,0.1623024,0.04887677
-1.540798,2.397222,1.701006,0.9845444,0.1688077,0.04665074
-1.491385,1.888227,2.5,0.9845444,0.1688077,0.04665074
-1.408969,1.627885,1.702702,0.9845444,0.1688077,0.04665074
-1.258999,0.8619959,1.704739,0.9816507,0.1774896,0.0697085
-1.392946,1.290486,2.5,0.9816507,0.1774896,0.0697085
-1.285162,0.6943578,2.5,0.9816507,0.1774896,0.0697085
-1.408969,1.627885,1.702702,0.9794718,0.1919557,0.06154712
-1.392946,1.290486,2.5,0.9794718,0.1919557,0.06154712
-1.258999,0.8619959,1.704739,0.9794718,0.1919557,0.06154712
-1.258999,0.8619959,1.704739,0.9785257,0.1928263,0.07283861
-1.285162,0.6943578,2.5,0.9785257,0.1928263,0.07283861
-1.168039,0.1,2.5,0.9785257,0.1928263,0.07283861
-0.93,0.1,0.1,0.0,1.0,0.0
-1.168039,0.1,2.5,0.0,1.0,0.0
-0.93,0.1,2.5,0.0,1.0,0.0
-1.090913,0.1,1.707108,0.0,1.0,0.0
-1.168039,0.1,2.5,0.0,1.0,0.0
-0.93,0.1,0.1,0.0,1.0,0.0
-1.258999,0.8619959,1.704739,0.9720869,0.2147234,0.09455629
-1.168039,0.1,2.5,0.9720869,0.2147234,0.09455629
-1.090913,0.1,1.707108,0.9720869,0.2147234,0.09455629
-0.93,0.1,0.1,1.0,0.0,0.0
-0.93,0.1,2.5,1.0,0.0,0.0
-0.93,4.623638e-29,0.1,1.0,0.0,0.0
1.168039,0.1,2.5,0.0,0.0,1.0
0.93,0.1,2.5,0.0,0.0,1.0
0.93,4.623638e-29,2.5,0.0,0.0,1.0
0.93,0.1,0.1,-1.0,0.0,0.0
0.93,4.623638e-29,2.5,-1.0,0.0,0.0
0.93,0.1,2.5,-1.0,0.0,0.0
1.25,1.861712e-28,2.5,0.0,0.0,1.0
1.168039,0.1,2.5,0.0,0.0,1.0
0.93,4.623638e-29,2.5,0.0,0.0,1.0
0.93,4.623638e-29,0.1,4.372962e-28,-1.0,0.0
1.25,1.861712e-28,2.5,4.372962e-28,-1.0,0.0
0.93,4.623638e-29,2.5,4.372962e-28,-1.0,0.0
0.93,0.1,0.1,-1.0,0.0,0.0
0.93,4.623638e-29,0.1,-1.0,0.0,0.0
0.93,4.623638e-29,2.5,-1.0,0.0,0.0
1.090913,0.1,1.707108,0.0,1.0,0.0
0.93,0.1,2.5,0.0,1.0,0.0
1.168039,0.1,2.5,0.0,1.0,0.0
0.9345873,0.1,0.1,0.0,1.0,0.0
0.93,0.1,0.1,0.0,1.0,0.0
0.93,0.1,2.5,0.0,1.0,0.0
1.012711,0.1,0.9031523,0.0,1.0,0.0
0.9345873,0.1,0.1,0.0,1.0,0.0
0.93,0.1,2.5,0.0,1.0,0.0
1.090913,0.1,1.707108,0.0,1.0,0.0
1.012711,0.1,0.9031523,0.0,1.0,0.0
0.93,0.1,2.5,0.0,1.0,0.0
1.390502,0.7117639,2.5,3.905401e-07,-1.420169e-07,1.0
1.285161,0.6943554,2.5,3.905401e-07,-1.420169e-07,1.0
1.168039,0.1,2.5,3.905401e-07,-1.420169e-07,1.0
1.090913,0.1,1.707108,-0.976694,0.1924653,0.09500443
1.168039,0.1,2.5,-0.976694,0.1924653,0.09500443
1.285161,0.6943554,2.5,-0.976694,0.1924653,0.09500443
1.25,1.861712e-28,2.5,0.0,0.0,1.0
1.390502,0.7117639,2.5,0.0,0.0,1.0
1.168039,0.1,2.5,0.0,0.0,1.0
1.390502,0.7117639,2.5,3.7688e-07,-5.935805e-08,1.0
1.392944,1.290477,2.5,3.7688e-07,-5.935805e-08,1.0
1.285161,0.6943554,2.5,3.7688e-07,-5.935805e-08,1.0
1.258999,0.8619959,1.704739,-0.9816507,0.1774898,0.06970851
1.285161,0.6943554,2.5,-0.9816507,0.1774898,0.06970851
1.392944,1.290477,2.5,-0.9816507,0.1774898,0.06970851
1.258999,0.8619959,1.704739,-0.973548,0.2149922,0.07734745
1.090913,0.1,1.707108,-0.973548,0.2149922,0.07734745
1.285161,0.6943554,2.5,-0.973548,0.2149922,0.07734745
1.517723,1.426021,2.5,2.523014e-07,1.437876e-08,1.0
1.491383,1.88821,2.5,2.523014e-07,1.437876e-08,1.0
1.392944,1.290477,2.5,2.523014e-07,1.437876e-08,1.0
1.408969,1.627885,1.702702,-0.9855297,0.1623028,0.04887683
1.392944,1.290477,2.5,-0.9855297,0.1623028,0.04887683
1.491383,1.88821,2.5,-0.9855297,0.1623028,0.04887683
1.390502,0.7117639,2.5,3.321953e-07,-5.916946e-08,1.0
1.517723,1.426021,2.5,3.321953e-07,-5.916946e-08,1.0
1.392944,1.290477,2.5,3.321953e-07,-5.916946e-08,1.0
1.408969,1.627885,1.702702,-0.9794718,0.1919557,0.06154738
1.258999,0.8619959,1.704739,-0.9794718,0.1919557,0.06154738
1.392944,1.290477,2.5,-0.9794718,0.1919557,0.06154738
1.631619,2.142524,2.5,3.826965e-08,-2.110302e-08,1.0
1.580468,2.487394,2.5,3.826965e-08,-2.110302e-08,1.0
1.491383,1.88821,2.5,3.826965e-08,-2.110302e-08,1.0
1.540798,2.397222,1.701006,-0.9886051,0.146983,0.0324961
1.491383,1.88821,2.5,-0.9886051,0.146983,0.0324961
1.580468,2.487394,2.5,-0.9886051,0.146983,0.0324961
1.517723,1.426021,2.5,0.0,0.0,1.0
1.631619,2.142524,2.5,0.0,0.0,1.0
1.491383,1.88821,2.5,0.0,0.0,1.0
1.540798,2.397222,1.701006,-0.9845444,0.1688077,0.04665104
1.408969,1.627885,1.702702,-0.9845444,0.1688077,0.04665104
1.491383,1.88821,2.5,-0.9845444,0.1688077,0.04665104
1.73215,2.861024,2.5,-2.31653e-08,3.412227e-08,1.0
1.66019,3.087884,2.5,-2.31653e-08,3.412227e-08,1.0
1.580468,2.487394,2.5,-2.31653e-08,3.412227e-08,1.0
1.540798,2.397222,1.701006,-0.9907171,0.13153,0.03434494
1.580468,2.487394,2.5,-0.9907171,0.13153,0.03434494
1.66019,3.087884,2.5,-0.9907171,0.13153,0.03434494
1.631619,2.142524,2.5,9.290636e-08,-1.299928e-08,1.0
1.73215,2.861024,2.5,9.290636e-08,-1.299928e-08,1.0
1.580468,2.487394,2.5,9.290636e-08,-1.299928e-08,1.0
1.819282,3.581272,2.5,-1.669428e-08,-1.368505e-08,1.0
1.730538,3.689529,2.5,-1.669428e-08,-1.368505e-08,1.0
1.66019,3.087884,2.5,-1.669428e-08,-1.368505e-08,1.0
1.654401,3.169554,1.699656,-0.9930535,0.1161143,0.01903142
1.66019,3.087884,2.5,-0.9930535,0.1161143,0.01903142
1.730538,3.689529,2.5,-0.9930535,0.1161143,0.01903142
1.73215,2.861024,2.5,-9.464348e-08,1.144945e-08,1.0
1.819282,3.581272,2.5,-9.464348e-08,1.144945e-08,1.0
1.66019,3.087884,2.5,-9.464348e-08,1.144945e-08,1.0
1.654401,3.169554,1.699656,-0.9891094,0.1455283,0.0220044
1.540798,2.397222,1.701006,-0.9891094,0.1455283,0.0220044
1.66019,3.087884,2.5,-0.9891094,0.1455283,0.0220044
1.892983,4.303017,2.5,-3.399435e-07,9.001329e-08,1.0
1.791499,4.292195,2.5,-3.399435e-07,9.001329e-08,1.0
1.730538,3.689529,2.5,-3.399435e-07,9.001329e-08,1.0
1.749697,3.94443,1.698653,-0.9948894,0.100635,0.008225026
1.730538,3.689529,2.5,-0.9948894,0.100635,0.008225026
1.791499,4.292195,2.5,-0.9948894,0.100635,0.008225026
1.819282,3.581272,2.5,0.0,0.0,1.0
1.892983,4.303017,2.5,0.0,0.0,1.0
1.730538,3.689529,2.5,0.0,0.0,1.0
1.749697,3.94443,1.698653,-0.9924069,0.1220679,0.01510197
1.654401,3.169554,1.699656,-0.9924069,0.1220679,0.01510197
1.730538,3.689529,2.5,-0.9924069,0.1220679,0.01510197
1.892983,4.303017,2.5,-3.341527e-07,3.570788e-08,1.0
1.843056,4.895736,2.5,-3.341527e-07,3.570788e-08,1.0
1.791499,4.292195,2.5,-3.341527e-07,3.570788e-08,1.0
1.826602,4.721396,1.698002,-0.9963694,0.08511312,0.001939313
1.791499,4.292195,2.5,-0.9963694,0.08511312,0.001939313
1.843056,4.895736,2.5,-0.9963694,0.08511312,0.001939313
1.826602,4.721396,1.698002,-0.9950946,0.09850308,0.009160932
1.749697,3.94443,1.698653,-0.9950946,0.09850308,0.009160932
1.791499,4.292195,2.5,-0.9950946,0.09850308,0.009160932
1.9,5.5,2.5,0.0,-6.263517e-08,1.0
1.885187,5.5,2.5,0.0,-6.263517e-08,1.0
1.843056,4.895736,2.5,0.0,-6.263517e-08,1.0
1.826602,4.721396,1.698002,-0.9975639,0.06955407,0.005346083
1.843056,4.895736,2.5,-0.9975639,0.06955407,0.005346083
1.885187,5.5,2.5,-0.9975639,0.06955407,0.005346083
1.95323,5.02601,2.5,-3.032606e-07,-3.405664e-08,1.0
1.9,5.5,2.5,-3.032606e-07,-3.405664e-08,1.0
1.843056,4.895736,2.5,-3.032606e-07,-3.405664e-08,1.0
1.892983,4.303017,2.5,-3.810791e-07,3.175503e-08,1.0
1.95323,5.02601,2.5,-3.810791e-07,3.175503e-08,1.0
1.843056,4.895736,2.5,-3.810791e-07,3.175503e-08,1.0
1.9,5.5,2.5,0.0,1.0,0.0
1.884729,5.5,0.1,0.0,1.0,0.0
1.884879,5.5,0.8938833,0.0,1.0,0.0
1.885033,5.5,1.697782,0.0,1.0,0.0
1.885187,5.5,2.5,0.0,1.0,0.0
1.9,5.5,2.5,0.0,1.0,0.0
1.885033,5.5,1.697782,-0.9971959,0.07483507,0.0001922411
1.826602,4.721396,1.698002,-0.9971959,0.07483507,0.0001922411
1.885187,5.5,2.5,-0.9971959,0.07483507,0.0001922411
2.0,5.75,2.5,0.0,0.0,1.0
1.9,5.75,2.5,0.0,0.0,1.0
1.9,5.5,2.5,0.0,0.0,1.0
1.9,5.75,0.1,-1.0,0.0,0.0
1.9,5.5,2.5,-1.0,0.0,0.0
1.9,5.75,2.5,-1.0,0.0,0.0
1.95323,5.02601,2.5,0.0,0.0,1.0
2.0,5.75,2.5,0.0,0.0,1.0
1.9,5.5,2.5,0.0,0.0,1.0
1.9,5.5,0.1,-1.0,0.0,0.0
1.9,5.5,2.5,-1.0,0.0,0.0
1.9,5.75,0.1,-1.0,0.0,0.0
1.884729,5.5,0.1,0.0,1.0,0.0
1.9,5.5,2.5,0.0,1.0,0.0
1.9,5.5,0.1,0.0,1.0,0.0
1.9,5.75,0.1,0.0,1.0,0.0
1.9,5.75,2.5,0.0,1.0,0.0
2.0,5.75,2.5,0.0,1.0,0.0
2.0,5.75,1.6675,0.9979199,-0.06446627,0.0
2.0,5.75,2.5,0.9979199,-0.06446627,0.0
1.95323,5.02601,2.5,0.9979199,-0.06446627,0.0
1.9,5.75,0.1,0.0,1.0,0.0
2.0,5.75,2.5,0.0,1.0,0.0
2.0,5.75,1.6675,0.0,1.0,0.0
1.951818,5.024209,1.6675,0.996545,-0.08304133,-0.001510806
1.95323,5.02601,2.5,0.996545,-0.08304133,-0.001510806
1.892983,4.303017,2.5,0.996545,-0.08304133,-0.001510806
2.0,5.75,1.6675,0.9978025,-0.06624018,-0.001549284
1.95323,5.02601,2.5,0.9978025,-0.06624018,-0.001549284
1.951818,5.024209,1.6675,0.9978025,-0.06624018,-0.001549284
1.887551,4.299684,1.6675,0.9948082,-0.1015859,-0.006085007
1.892983,4.303017,2.5,0.9948082,-0.1015859,-0.006085007
1.819282,3.581272,2.5,0.9948082,-0.1015859,-0.006085007
1.951818,5.024209,1.6675,0.9960702,-0.08835344,-0.006146221
1.892983,4.303017,2.5,0.9960702,-0.08835344,-0.006146221
1.887551,4.299684,1.6675,0.9960702,-0.08835344,-0.006146221
1.807234,3.576799,1.6675,0.9926685,-0.1200876,-0.01372022
1.819282,3.581272,2.5,0.9926685,-0.1200876,-0.01372022
1.73215,2.861024,2.5,0.9926685,-0.1200876,-0.01372022
1.887551,4.299684,1.6675,0.9937898,-0.1104159,-0.01378841
1.819282,3.581272,2.5,0.9937898,-0.1104159,-0.01378841
1.807234,3.576799,1.6675,0.9937898,-0.1104159,-0.01378841
1.710911,2.855927,1.6675,0.9900578,-0.138527,-0.02441049
1.73215,2.861024,2.5,0.9900578,-0.138527,-0.02441049
1.631619,2.142524,2.5,0.9900578,-0.138527,-0.02441049
1.807234,3.576799,1.6675,0.9908938,-0.1324034,-0.02446931
1.73215,2.861024,2.5,0.9908938,-0.1324034,-0.02446931
1.710911,2.855927,1.6675,0.9908938,-0.1324034,-0.02446931
1.598635,2.137441,1.6675,0.9868816,-0.1568754,-0.03814309
1.631619,2.142524,2.5,0.9868816,-0.1568754,-0.03814309
1.517723,1.426021,2.5,0.9868816,-0.1568754,-0.03814309
1.710911,2.855927,1.6675,0.9872891,-0.1542817,-0.03817507
1.631619,2.142524,2.5,0.9872891,-0.1542817,-0.03817507
1.598635,2.137441,1.6675,0.9872891,-0.1542817,-0.03817507
1.470467,1.421712,1.6675,0.9830205,-0.1750921,-0.0548941
1.517723,1.426021,2.5,0.9830205,-0.1750921,-0.0548941
1.390502,0.7117639,2.5,0.9830205,-0.1750921,-0.0548941
1.598635,2.137441,1.6675,0.9828585,-0.1760035,-0.05488019
1.517723,1.426021,2.5,0.9828585,-0.1760035,-0.05488019
1.470467,1.421712,1.6675,0.9828585,-0.1760035,-0.05488019
1.326479,0.7091095,1.6675,0.9783328,-0.1931226,-0.0746229
1.390502,0.7117639,2.5,0.9783328,-0.1931226,-0.0746229
1.25,1.861712e-28,2.5,0.9783328,-0.1931226,-0.0746229
1.470467,1.421712,1.6675,0.9774635,-0.1975058,-0.07454207
1.390502,0.7117639,2.5,0.9774635,-0.1975058,-0.07454207
1.326479,0.7091095,1.6675,0.9774635,-0.1975058,-0.07454207
1.16675,4.623638e-29,1.6675,-3.29351e-27,-1.0,4.974409e-28
1.25,1.861712e-28,2.5,-3.29351e-27,-1.0,4.974409e-28
0.93,4.623638e-29,0.1,-3.29351e-27,-1.0,4.974409e-28
1.326479,0.7091095,1.6675,0.9709476,-0.2187083,-0.09709476
1.25,1.861712e-28,2.5,0.9709476,-0.2187083,-0.09709476
1.16675,4.623638e-29,1.6675,0.9709476,-0.2187083,-0.09709476
-2.0,5.75,1.6675,-0.9976848,-0.06800836,0.0
-2.0,5.75,0.8333333,-0.9976848,-0.06800836,0.0
-1.950403,5.022405,0.8333333,-0.9976848,-0.06800836,0.0
-1.951818,5.024209,1.6675,-0.9956041,-0.09364933,-0.001486262
-1.950403,5.022405,0.8333333,-0.9956041,-0.09364933,-0.001486262
-1.882107,4.296344,0.8333333,-0.9956041,-0.09364933,-0.001486262
-1.951818,5.024209,1.6675,-0.9978025,-0.06624018,-0.001549284
-2.0,5.75,1.6675,-0.9978025,-0.06624018,-0.001549284
-1.950403,5.022405,0.8333333,-0.9978025,-0.06624018,-0.001549284
-1.887551,4.299684,1.6675,-0.9928489,-0.1192265,-0.006001594
-1.882107,4.296344,0.8333333,-0.9928489,-0.1192265,-0.006001594
-1.795162,3.572317,0.8333333,-0.9928489,-0.1192265,-0.006001594
-1.887551,4.299684,1.6675,-0.9960702,-0.08835344,-0.006146221
-1.951818,5.024209,1.6675,-0.9960702,-0.08835344,-0.006146221
-1.882107,4.296344,0.8333333,-0.9960702,-0.08835344,-0.006146221
-1.807234,3.576799,1.6675,-0.9893806,-0.1447159,-0.01354032
-1.795162,3.572317,0.8333333,-0.9893806,-0.1447159,-0.01354032
-1.68963,2.85082,0.8333333,-0.9893806,-0.1447159,-0.01354032
-1.807234,3.576799,1.6675,-0.9937898,-0.1104159,-0.01378841
-1.887551,4.299684,1.6675,-0.9937898,-0.1104159,-0.01378841
-1.795162,3.572317,0.8333333,-0.9937898,-0.1104159,-0.01378841
-1.710911,2.855927,1.6675,-0.9851349,-0.1700849,-0.02409169
-1.68963,2.85082,0.8333333,-0.9851349,-0.1700849,-0.02409169
-1.565584,2.132349,0.8333333,-0.9851349,-0.1700849,-0.02409169
-1.710911,2.855927,1.6675,-0.9908938,-0.1324034,-0.02446931
-1.807234,3.576799,1.6675,-0.9908938,-0.1324034,-0.02446931
-1.68963,2.85082,0.8333333,-0.9908938,-0.1324034,-0.02446931
-1.598635,2.137441,1.6675,-0.9800234,-0.1952887,-0.03763684
-1.565584,2.132349,0.8333333,-0.9800234,-0.1952887,-0.03763684
-1.423116,1.417395,0.8333333,-0.9800234,-0.1952887,-0.03763684
-1.598635,2.137441,1.6675,-0.9872891,-0.1542817,-0.03817507
-1.710911,2.855927,1.6675,-0.9872891,-0.1542817,-0.03817507
-1.565584,2.132349,0.8333333,-0.9872891,-0.1542817,-0.03817507
-1.470467,1.421712,1.6675,-0.9739356,-0.2202675,-0.05414459
-1.423116,1.417395,0.8333333,-0.9739356,-0.2202675,-0.05414459
-1.262327,0.7064499,0.8333333,-0.9739356,-0.2202675,-0.05414459
-1.470467,1.421712,1.6675,-0.9828585,-0.1760035,-0.05488019
-1.598635,2.137441,1.6675,-0.9828585,-0.1760035,-0.05488019
-1.423116,1.417395,0.8333333,-0.9828585,-0.1760035,-0.05488019
-1.326479,0.7091095,1.6675,-0.9667421,-0.2449442,-0.07356629
-1.262327,0.7064499,0.8333333,-0.9667421,-0.2449442,-0.07356629
-1.083333,4.623638e-29,0.8333333,-0.9667421,-0.2449442,-0.07356629
-1.326479,0.7091095,1.6675,-0.9774635,-0.1975058,-0.07454207
-1.470467,1.421712,1.6675,-0.9774635,-0.1975058,-0.07454207
-1.262327,0.7064499,0.8333333,-0.9774635,-0.1975058,-0.07454207
-1.16675,4.623638e-29,1.6675,-0.9709476,-0.2187083,-0.09709476
-1.326479,0.7091095,1.6675,-0.9709476,-0.2187083,-0.09709476
-1.083333,4.623638e-29,0.8333333,-0.9709476,-0.2187083,-0.09709476
0.93,0.1,0.1,0.0,8.326673e-16,1.0
-0.93,4.623638e-29,0.1,0.0,8.326673e-16,1.0
0.93,4.623638e-29,0.1,0.0,8.326673e-16,1.0
-0.93,0.1,0.1,0.0,8.326673e-16,1.0
-0.93,4.623638e-29,0.1,0.0,8.326673e-16,1.0
0.93,0.1,0.1,0.0,8.326673e-16,1.0
1.083333,4.623638e-29,0.8333333,0.0,-1.0,0.0
1.16675,4.623638e-29,1.6675,0.0,-1.0,0.0
0.93,4.623638e-29,0.1,0.0,-1.0,0.0
1.262327,0.7064499,0.8333333,0.9648462,-0.2444638,-0.09648462
1.16675,4.623638e-29,1.6675,0.9648462,-0.2444638,-0.09648462
1.083333,4.623638e-29,0.8333333,0.9648462,-0.2444638,-0.09648462
1.326479,0.7091095,1.6675,0.9728736,-0.2191421,-0.07412009
1.16675,4.623638e-29,1.6675,0.9728736,-0.2191421,-0.07412009
1.262327,0.7064499,0.8333333,0.9728736,-0.2191421,-0.07412009
1.326479,0.7091095,1.6675,0.9726847,-0.2199846,-0.07410288
1.262327,0.7064499,0.8333333,0.9726847,-0.2199846,-0.07410288
1.423116,1.417395,0.8333333,0.9726847,-0.2199846,-0.07410288
1.470467,1.421712,1.6675,0.9792565,-0.1951359,-0.0545767
1.423116,1.417395,0.8333333,0.9792565,-0.1951359,-0.0545767
1.565584,2.132349,0.8333333,0.9792565,-0.1951359,-0.0545767
1.470467,1.421712,1.6675,0.978732,-0.1977621,-0.05453333
1.326479,0.7091095,1.6675,0.978732,-0.1977621,-0.05453333
1.423116,1.417395,0.8333333,0.978732,-0.1977621,-0.05453333
1.598635,2.137441,1.6675,0.98471,-0.1700115,-0.03797685
1.565584,2.132349,0.8333333,0.98471,-0.1700115,-0.03797685
1.68963,2.85082,0.8333333,0.98471,-0.1700115,-0.03797685
1.598635,2.137441,1.6675,0.9836349,-0.1761425,-0.03789682
1.470467,1.421712,1.6675,0.9836349,-0.1761425,-0.03789682
1.565584,2.132349,0.8333333,0.9836349,-0.1761425,-0.03789682
1.710911,2.855927,1.6675,0.9891779,-0.1446863,-0.02435034
1.68963,2.85082,0.8333333,0.9891779,-0.1446863,-0.02435034
1.795162,3.572317,0.8333333,0.9891779,-0.1446863,-0.02435034
1.710911,2.855927,1.6675,0.9877187,-0.1543489,-0.02425395
1.598635,2.137441,1.6675,0.9877187,-0.1543489,-0.02425395
1.68963,2.85082,0.8333333,0.9877187,-0.1543489,-0.02425395
1.807234,3.576799,1.6675,0.9927733,-0.1192174,-0.01372641
1.795162,3.572317,0.8333333,0.9927733,-0.1192174,-0.01372641
1.882107,4.296344,0.8333333,0.9927733,-0.1192174,-0.01372641
1.807234,3.576799,1.6675,0.9910985,-0.1324307,-0.01363119
1.710911,2.855927,1.6675,0.9910985,-0.1324307,-0.01363119
1.795162,3.572317,0.8333333,0.9910985,-0.1324307,-0.01363119
1.887551,4.299684,1.6675,0.9955866,-0.09364767,-0.006121868
1.882107,4.296344,0.8333333,0.9955866,-0.09364767,-0.006121868
1.950403,5.022405,0.8333333,0.9955866,-0.09364767,-0.006121868
1.887551,4.299684,1.6675,0.9938662,-0.1104243,-0.006043473
1.807234,3.576799,1.6675,0.9938662,-0.1104243,-0.006043473
1.882107,4.296344,0.8333333,0.9938662,-0.1104243,-0.006043473
1.951818,5.024209,1.6675,0.9976836,-0.06800828,-0.001545257
1.950403,5.022405,0.8333333,0.9976836,-0.06800828,-0.001545257
2.0,5.75,0.8333333,0.9976836,-0.06800828,-0.001545257
1.951818,5.024209,1.6675,0.9960879,-0.08835501,-0.001498536
1.887551,4.299684,1.6675,0.9960879,-0.08835501,-0.001498536
1.950403,5.022405,0.8333333,0.9960879,-0.08835501,-0.001498536
2.0,5.75,1.6675,0.9978037,-0.06624026,0.0
1.951818,5.024209,1.6675,0.9978037,-0.06624026,0.0
2.0,5.75,0.8333333,0.9978037,-0.06624026,0.0
1.9,5.75,0.1,0.0,1.0,0.0
2.0,5.75,1.6675,0.0,1.0,0.0
2.0,5.75,0.8333333,0.0,1.0,0.0
-1.9,5.5,0.1,0.0,-3.330669e-16,1.0
1.9,5.75,0.1,0.0,-3.330669e-16,1.0
-1.9,5.75,0.1,0.0,-3.330669e-16,1.0
-1.9,5.5,0.1,0.0,-3.330669e-16,1.0
-1.884729,5.5,0.1,0.0,-3.330669e-16,1.0
1.9,5.75,0.1,0.0,-3.330669e-16,1.0
1.884729,5.5,0.1,0.0,-3.330669e-16,1.0
1.9,5.75,0.1,0.0,-3.330669e-16,1.0
-1.884729,5.5,0.1,0.0,-3.330669e-16,1.0
1.884729,5.5,0.1,0.0,-3.330669e-16,1.0
1.9,5.5,0.1,0.0,-3.330669e-16,1.0
1.9,5.75,0.1,0.0,-3.330669e-16,1.0
1.117388,0.7619291,0.1,0.0,3.564164e-16,1.0
-0.93,0.1,0.1,0.0,3.564164e-16,1.0
0.93,0.1,0.1,0.0,3.564164e-16,1.0
0.9345873,0.1,0.1,0.0,3.564164e-16,1.0
1.117388,0.7619291,0.1,0.0,3.564164e-16,1.0
0.93,0.1,0.1,0.0,3.564164e-16,1.0
1.117388,0.7619291,0.1,0.0,3.564164e-16,1.0
-0.9345873,0.1,0.1,0.0,3.564164e-16,1.0
-0.93,0.1,0.1,0.0,3.564164e-16,1.0
-1.012711,0.1,0.9031523,0.0,1.0,0.0
-0.93,0.1,0.1,0.0,1.0,0.0
-0.9345873,0.1,0.1,0.0,1.0,0.0
-1.090913,0.1,1.707108,0.0,1.0,0.0
-0.93,0.1,0.1,0.0,1.0,0.0
-1.012711,0.1,0.9031523,0.0,1.0,0.0
1.117388,0.7619291,0.1,4.098572e-16,-9.141381e-16,1.0
-1.117387,0.761924,0.1,4.098572e-16,-9.141381e-16,1.0
-0.9345873,0.1,0.1,4.098572e-16,-9.141381e-16,1.0
-1.012711,0.1,0.9031523,0.9597087,0.2650369,0.09335224
-0.9345873,0.1,0.1,0.9597087,0.2650369,0.09335224
-1.117387,0.761924,0.1,0.9597087,0.2650369,0.09335224
1.117388,0.7619291,0.1,4.098525e-16,1.12123e-15,1.0
-1.282036,1.428597,0.1,4.098525e-16,1.12123e-15,1.0
-1.117387,0.761924,0.1,4.098525e-16,1.12123e-15,1.0
-1.200417,0.8594456,0.9008003,0.968361,0.2391574,0.07127872
-1.117387,0.761924,0.1,0.968361,0.2391574,0.07127872
-1.282036,1.428597,0.1,0.968361,0.2391574,0.07127872
-1.200417,0.8594456,0.9008003,0.9682706,0.2395399,0.07122278
-1.012711,0.1,0.9031523,0.9682706,0.2395399,0.07122278
-1.117387,0.761924,0.1,0.9682706,0.2395399,0.07122278
1.28204,1.428613,0.1,2.705972e-22,-4.137007e-17,1.0
-1.428466,2.099505,0.1,2.705972e-22,-4.137007e-17,1.0
-1.282036,1.428597,0.1,2.705972e-22,-4.137007e-17,1.0
-1.367232,1.623877,0.8987764,0.9756786,0.212948,0.05200328
-1.282036,1.428597,0.1,0.9756786,0.212948,0.05200328
-1.428466,2.099505,0.1,0.9756786,0.212948,0.05200328
1.117388,0.7619291,0.1,2.314658e-21,-3.538749e-16,1.0
1.28204,1.428613,0.1,2.314658e-21,-3.538749e-16,1.0
-1.282036,1.428597,0.1,2.314658e-21,-3.538749e-16,1.0
-1.367232,1.623877,0.8987764,0.9756586,0.2130464,0.05197709
-1.200417,0.8594456,0.9008003,0.9756586,0.2130464,0.05197709
-1.282036,1.428597,0.1,0.9756586,0.2130464,0.05197709
1.428472,2.099534,0.1,-4.156661e-22,4.114132e-17,1.0
-1.556606,2.774144,0.1,-4.156661e-22,4.114132e-17,1.0
-1.428466,2.099505,0.1,-4.156661e-22,4.114132e-17,1.0
-1.513102,2.392706,0.8970908,0.9818108,0.1864843,0.0356533
-1.428466,2.099505,0.1,0.9818108,0.1864843,0.0356533
-1.556606,2.774144,0.1,0.9818108,0.1864843,0.0356533
1.28204,1.428613,0.1,4.179712e-22,-4.136948e-17,1.0
1.428472,2.099534,0.1,4.179712e-22,-4.136948e-17,1.0
-1.428466,2.099505,0.1,4.179712e-22,-4.136948e-17,1.0
-1.513102,2.392706,0.8970908,0.9818324,0.1863615,0.03570075
-1.367232,1.623877,0.8987764,0.9818324,0.1863615,0.03570075
-1.428466,2.099505,0.1,0.9818324,0.1863615,0.03570075
1.556612,2.774179,0.1,0.0,0.0,1.0
-1.666383,3.452009,0.1,0.0,0.0,1.0
-1.556606,2.774144,0.1,0.0,0.0,1.0
-1.637914,3.165331,0.8957472,0.9868946,0.1598217,0.02227091
-1.556606,2.774144,0.1,0.9868946,0.1598217,0.02227091
-1.666383,3.452009,0.1,0.9868946,0.1598217,0.02227091
1.428472,2.099534,0.1,-4.644839e-22,4.11411e-17,1.0
1.556612,2.774179,0.1,-4.644839e-22,4.11411e-17,1.0
-1.556606,2.774144,0.1,-4.644839e-22,4.11411e-17,1.0
-1.637914,3.165331,0.8957472,0.9869469,0.1594737,0.02244737
-1.513102,2.392706,0.8970908,0.9869469,0.1594737,0.02244737
-1.556606,2.774144,0.1,0.9869469,0.1594737,0.02244737
1.666387,3.45204,0.1,-1.16593e-16,-1.564657e-17,1.0
-1.757718,4.132608,0.1,-1.16593e-16,-1.564657e-17,1.0
-1.666383,3.452009,0.1,-1.16593e-16,-1.564657e-17,1.0
-1.741556,3.941155,0.8947495,0.9910452,0.1329965,0.01188541
-1.666383,3.452009,0.1,0.9910452,0.1329965,0.01188541
-1.757718,4.132608,0.1,0.9910452,0.1329965,0.01188541
1.556612,2.774179,0.1,-1.16588e-16,-5.543605e-16,1.0
1.666387,3.45204,0.1,-1.16588e-16,-5.543605e-16,1.0
-1.666383,3.452009,0.1,-1.16588e-16,-5.543605e-16,1.0
-1.741556,3.941155,0.8947495,0.9911181,0.1324191,0.01224767
-1.637914,3.165331,0.8957472,0.9911181,0.1324191,0.01224767
-1.666383,3.452009,0.1,0.9911181,0.1324191,0.01224767
1.75772,4.132628,0.1,1.689553e-21,-3.048542e-16,1.0
-1.83053,4.815448,0.1,1.689553e-21,-3.048542e-16,1.0
-1.757718,4.132608,0.1,1.689553e-21,-3.048542e-16,1.0
-1.823915,4.719578,0.8941013,0.9943528,0.1060289,0.00451869
-1.757718,4.132608,0.1,0.9943528,0.1060289,0.00451869
-1.83053,4.815448,0.1,0.9943528,0.1060289,0.00451869
1.666387,3.45204,0.1,-3.164278e-21,5.709457e-16,1.0
1.75772,4.132628,0.1,-3.164278e-21,5.709457e-16,1.0
-1.757718,4.132608,0.1,-3.164278e-21,5.709457e-16,1.0
-1.823915,4.719578,0.8941013,0.9944359,0.1052183,0.005124771
-1.741556,3.941155,0.8947495,0.9944359,0.1052183,0.005124771
-1.757718,4.132608,0.1,0.9944359,0.1052183,0.005124771
1.884729,5.5,0.1,0.0,3.040922e-16,1.0
-1.884729,5.5,0.1,0.0,3.040922e-16,1.0
-1.83053,4.815448,0.1,0.0,3.040922e-16,1.0
-1.884879,5.5,0.8938833,0.9968803,0.07892769,0.0001887219
-1.83053,4.815448,0.1,0.9968803,0.07892769,0.0001887219
-1.884729,5.5,0.1,0.9968803,0.07892769,0.0001887219
1.83053,4.815455,0.1,6.823178e-17,-6.622128e-17,1.0
1.884729,5.5,0.1,6.823178e-17,-6.622128e-17,1.0
-1.83053,4.815448,0.1,6.823178e-17,-6.622128e-17,1.0
1.75772,4.132628,0.1,6.823155e-17,5.369642e-17,1.0
1.83053,4.815455,0.1,6.823155e-17,5.369642e-17,1.0
-1.83053,4.815448,0.1,6.823155e-17,5.369642e-17,1.0
-1.884879,5.5,0.8938833,0.9969622,0.07787915,0.001098471
-1.823915,4.719578,0.8941013,0.9969622,0.07787915,0.001098471
-1.83053,4.815448,0.1,0.9969622,0.07787915,0.001098471
-1.884879,5.5,0.8938833,0.0,1.0,0.0
-1.884729,5.5,0.1,0.0,1.0,0.0
-1.9,5.5,0.1,0.0,1.0,0.0
-1.884957,5.5,1.300343,0.0,1.0,0.0
-1.884879,5.5,0.8938833,0.0,1.0,0.0
-1.9,5.5,0.1,0.0,1.0,0.0
-1.885033,5.5,1.697782,0.0,1.0,0.0
-1.884957,5.5,1.300343,0.0,1.0,0.0
-1.9,5.5,0.1,0.0,1.0,0.0
1.884879,5.5,0.8938833,-0.9968803,0.07892755,0.000188722
1.884729,5.5,0.1,-0.9968803,0.07892755,0.000188722
1.83053,4.815455,0.1,-0.9968803,0.07892755,0.000188722
1.9,5.5,2.5,0.0,1.0,0.0
1.884879,5.5,0.8938833,0.0,1.0,0.0
1.884957,5.5,1.300343,0.0,1.0,0.0
1.823915,4.719578,0.8941013,-0.9943528,0.1060284,0.004518746
1.83053,4.815455,0.1,-0.9943528,0.1060284,0.004518746
1.75772,4.132628,0.1,-0.9943528,0.1060284,0.004518746
1.884879,5.5,0.8938833,-0.9969622,0.07787915,0.001098342
1.83053,4.815455,0.1,-0.9969622,0.07787915,0.001098342
1.823915,4.719578,0.8941013,-0.9969622,0.07787915,0.001098342
1.741556,3.941155,0.8947495,-0.9910454,0.1329955,0.01188551
1.75772,4.132628,0.1,-0.9910454,0.1329955,0.01188551
1.666387,3.45204,0.1,-0.9910454,0.1329955,0.01188551
1.823915,4.719578,0.8941013,-0.9944359,0.1052183,0.005124415
1.75772,4.132628,0.1,-0.9944359,0.1052183,0.005124415
1.741556,3.941155,0.8947495,-0.9944359,0.1052183,0.005124415
1.637914,3.165331,0.8957472,-0.9868948,0.1598204,0.02227096
1.666387,3.45204,0.1,-0.9868948,0.1598204,0.02227096
1.556612,2.774179,0.1,-0.9868948,0.1598204,0.02227096
1.741556,3.941155,0.8947495,-0.9911181,0.1324191,0.01224712
1.666387,3.45204,0.1,-0.9911181,0.1324191,0.01224712
1.637914,3.165331,0.8957472,-0.9911181,0.1324191,0.01224712
1.513102,2.392706,0.8970908,-0.981811,0.186483,0.03565329
1.556612,2.774179,0.1,-0.981811,0.186483,0.03565329
1.428472,2.099534,0.1,-0.981811,0.186483,0.03565329
1.637914,3.165331,0.8957472,-0.986947,0.1594737,0.02244674
1.556612,2.774179,0.1,-0.986947,0.1594737,0.02244674
1.513102,2.392706,0.8970908,-0.986947,0.1594737,0.02244674
1.367232,1.623877,0.8987764,-0.9756788,0.2129471,0.05200323
1.428472,2.099534,0.1,-0.9756788,0.2129471,0.05200323
1.28204,1.428613,0.1,-0.9756788,0.2129471,0.05200323
1.513102,2.392706,0.8970908,-0.9818324,0.1863615,0.03570025
1.428472,2.099534,0.1,-0.9818324,0.1863615,0.03570025
1.367232,1.623877,0.8987764,-0.9818324,0.1863615,0.03570025
1.200417,0.8594456,0.9008003,-0.9683611,0.239157,0.0712787
1.28204,1.428613,0.1,-0.9683611,0.239157,0.0712787
1.117388,0.7619291,0.1,-0.9683611,0.239157,0.0712787
1.367232,1.623877,0.8987764,-0.9756586,0.2130464,0.0519768
1.28204,1.428613,0.1,-0.9756586,0.2130464,0.0519768
1.200417,0.8594456,0.9008003,-0.9756586,0.2130464,0.0519768
1.012711,0.1,0.9031523,-0.9597087,0.2650368,0.09335224
1.117388,0.7619291,0.1,-0.9597087,0.2650368,0.09335224
0.9345873,0.1,0.1,-0.9597087,0.2650368,0.09335224
1.200417,0.8594456,0.9008003,-0.9682706,0.2395399,0.07122269
1.117388,0.7619291,0.1,-0.9682706,0.2395399,0.07122269
1.012711,0.1,0.9031523,-0.9682706,0.2395399,0.07122269
-1.090913,0.1,1.707108,0.9664206,0.2391532,0.09400512
-1.012711,0.1,0.9031523,0.9664206,0.2391532,0.09400512
-1.200417,0.8594456,0.9008003,0.9664206,0.2391532,0.09400512
-1.258999,0.8619959,1.704739,0.9745491,0.2128529,0.07033933
-1.200417,0.8594456,0.9008003,0.9745491,0.2128529,0.07033933
-1.367232,1.623877,0.8987764,0.9745491,0.2128529,0.07033933
-1.258999,0.8619959,1.704739,0.9740623,0.2150838,0.07029677
-1.090913,0.1,1.707108,0.9740623,0.2150838,0.07029677
-1.200417,0.8594456,0.9008003,0.9740623,0.2150838,0.07029677
-1.408969,1.627885,1.702702,0.9812234,0.1862774,0.0500138
-1.367232,1.623877,0.8987764,0.9812234,0.1862774,0.0500138
-1.513102,2.392706,0.8970908,0.9812234,0.1862774,0.0500138
-1.408969,1.627885,1.702702,0.9801142,0.1920506,0.04992744
-1.258999,0.8619959,1.704739,0.9801142,0.1920506,0.04992744
-1.367232,1.623877,0.8987764,0.9801142,0.1920506,0.04992744
-1.540798,2.397222,1.701006,0.986652,0.1594445,0.03309583
-1.513102,2.392706,0.8970908,0.986652,0.1594445,0.03309583
-1.637914,3.165331,0.8957472,0.986652,0.1594445,0.03309583
-1.540798,2.397222,1.701006,0.985086,0.1688704,0.03298894
-1.408969,1.627885,1.702702,0.985086,0.1688704,0.03298894
-1.513102,2.392706,0.8970908,0.985086,0.1688704,0.03298894
-1.654401,3.169554,1.699656,0.9910003,0.1324129,0.01962873
-1.637914,3.165331,0.8957472,0.9910003,0.1324129,0.01962873
-1.741556,3.941155,0.8947495,0.9910003,0.1324129,0.01962873
-1.654401,3.169554,1.699656,0.989161,0.1455315,0.0195221
-1.540798,2.397222,1.701006,0.989161,0.1455315,0.0195221
-1.637914,3.165331,0.8957472,0.989161,0.1455315,0.0195221
-1.749697,3.94443,1.698653,0.9944024,0.1052185,0.009641379
-1.741556,3.941155,0.8947495,0.9944024,0.1052185,0.009641379
-1.823915,4.719578,0.8941013,0.9944024,0.1052185,0.009641379
-1.749697,3.94443,1.698653,0.9924756,0.1220691,0.009553231
-1.654401,3.169554,1.699656,0.9924756,0.1220691,0.009553231
-1.741556,3.941155,0.8947495,0.9924756,0.1220691,0.009553231
-1.823915,4.719578,0.8941013,0.9969628,0.07787894,0.0001900263
-1.884879,5.5,0.8938833,0.9969628,0.07787894,0.0001900263
-1.884957,5.5,1.300343,0.9969628,0.07787894,0.0001900263
-1.826602,4.721396,1.698002,0.995132,0.09850172,0.003102725
-1.749697,3.94443,1.698653,0.995132,0.09850172,0.003102725
-1.823915,4.719578,0.8941013,0.995132,0.09850172,0.003102725
-1.885033,5.5,1.697782,0.9971909,0.07483554,0.003163126
-1.826602,4.721396,1.698002,0.9971909,0.07483554,0.003163126
-1.823915,4.719578,0.8941013,0.9971909,0.07483554,0.003163126
-1.884957,5.5,1.300343,0.9969628,0.07787849,0.0001908941
-1.885033,5.5,1.697782,0.9969628,0.07787849,0.0001908941
-1.823915,4.719578,0.8941013,0.9969628,0.07787849,0.0001908941
1.200417,0.8594456,0.9008003,-0.9664206,0.2391532,0.09400512
1.012711,0.1,0.9031523,-0.9664206,0.2391532,0.09400512
1.090913,0.1,1.707108,-0.9664206,0.2391532,0.09400512
1.200417,0.8594456,0.9008003,-0.9740623,0.2150838,0.07029677
1.090913,0.1,1.707108,-0.9740623,0.2150838,0.07029677
1.258999,0.8619959,1.704739,-0.9740623,0.2150838,0.07029677
1.367232,1.623877,0.8987764,-0.9801142,0.1920506,0.04992744
1.258999,0.8619959,1.704739,-0.9801142,0.1920506,0.04992744
1.408969,1.627885,1.702702,-0.9801142,0.1920506,0.04992744
1.367232,1.623877,0.8987764,-0.9745491,0.2128529,0.07033933
1.200417,0.8594456,0.9008003,-0.9745491,0.2128529,0.07033933
1.258999,0.8619959,1.704739,-0.9745491,0.2128529,0.07033933
1.513102,2.392706,0.8970908,-0.985086,0.1688704,0.03298894
1.408969,1.627885,1.702702,-0.985086,0.1688704,0.03298894
1.540798,2.397222,1.701006,-0.985086,0.1688704,0.03298894
1.513102,2.392706,0.8970908,-0.9812234,0.1862774,0.0500138
1.367232,1.623877,0.8987764,-0.9812234,0.1862774,0.0500138
1.408969,1.627885,1.702702,-0.9812234,0.1862774,0.0500138
1.637914,3.165331,0.8957472,-0.989161,0.1455315,0.0195221
1.540798,2.397222,1.701006,-0.989161,0.1455315,0.0195221
1.654401,3.169554,1.699656,-0.989161,0.1455315,0.0195221
1.637914,3.165331,0.8957472,-0.986652,0.1594445,0.03309583
1.513102,2.392706,0.8970908,-0.986652,0.1594445,0.03309583
1.540798,2.397222,1.701006,-0.986652,0.1594445,0.03309583
1.741556,3.941155,0.8947495,-0.9924756,0.1220691,0.009553231
1.654401,3.169554,1.699656,-0.9924756,0.1220691,0.009553231
1.749697,3.94443,1.698653,-0.9924756,0.1220691,0.009553231
1.741556,3.941155,0.8947495,-0.9910003,0.1324129,0.01962873
1.637914,3.165331,0.8957472,-0.9910003,0.1324129,0.01962873
1.654401,3.169554,1.699656,-0.9910003,0.1324129,0.01962873
1.741556,3.941155,0.8947495,-0.9950897,0.09850303,0.009675693
1.749697,3.94443,1.698653,-0.9950897,0.09850303,0.009675693
1.826602,4.721396,1.698002,-0.9950897,0.09850303,0.009675693
1.823915,4.719578,0.8941013,-0.9971909,0.07483554,0.003163126
1.826602,4.721396,1.698002,-0.9971909,0.07483554,0.003163126
1.885033,5.5,1.697782,-0.9971909,0.07483554,0.003163126
1.823915,4.719578,0.8941013,-0.9944444,0.1052175,0.00308524
1.741556,3.941155,0.8947495,-0.9944444,0.1052175,0.00308524
1.826602,4.721396,1.698002,-0.9944444,0.1052175,0.00308524
1.823915,4.719578,0.8941013,-0.9969628,0.07787849,0.0001908941
1.885033,5.5,1.697782,-0.9969628,0.07787849,0.0001908941
1.884957,5.5,1.300343,-0.9969628,0.07787849,0.0001908941
1.884957,5.5,1.300343,0.0,1.0,0.0
1.885033,5.5,1.697782,0.0,1.0,0.0
1.9,5.5,2.5,0.0,1.0,0.0
1.884879,5.5,0.8938833,-0.9969628,0.07787894,0.0001900263
1.823915,4.719578,0.8941013,-0.9969628,0.07787894,0.0001900263
1.884957,5.5,1.300343,-0.9969628,0.07787894,0.0001900263
