123.15,5500.0,7202.54,0.0,1.0,0.0
135.422,5500.0,7212.45,0.0,1.0,0.0
149.193,5500.0,7220.14,0.0,1.0,0.0
117.687,5500.0,7073.96,0.0,1.0,0.0
108.308,5500.0,7086.64,0.0,1.0,0.0
101.206,5500.0,7100.72,0.0,1.0,0.0
225.807,5500.0,7220.14,0.0,1.0,0.0
239.578,5500.0,7212.45,0.0,1.0,0.0
232.856,5500.0,7054.21,0.0,1.0,0.0
232.856,5500.0,7054.21,0.0,1.0,0.0
239.578,5500.0,7212.45,0.0,1.0,0.0
251.85,5500.0,7202.54,0.0,1.0,0.0
280.416,5500.0,7131.45,0.0,1.0,0.0
278.413,5500.0,7115.81,0.0,1.0,0.0
273.794,5500.0,7100.72,0.0,1.0,0.0
203.217,5500.0,7043.74,0.0,1.0,0.0
187.5,5500.0,7042.4,0.0,1.0,0.0
218.482,5500.0,7047.71,0.0,1.0,0.0
218.482,5500.0,7047.71,0.0,1.0,0.0
187.5,5500.0,7042.4,0.0,1.0,0.0
149.193,5500.0,7220.14,0.0,1.0,0.0
218.482,5500.0,7047.71,0.0,1.0,0.0
149.193,5500.0,7220.14,0.0,1.0,0.0
232.856,5500.0,7054.21,0.0,1.0,0.0
232.856,5500.0,7054.21,0.0,1.0,0.0
149.193,5500.0,7220.14,0.0,1.0,0.0
164.066,5500.0,7225.4,0.0,1.0,0.0
129.076,5500.0,7063.04,0.0,1.0,0.0
123.15,5500.0,7202.54,0.0,1.0,0.0
142.144,5500.0,7054.21,0.0,1.0,0.0
142.144,5500.0,7054.21,0.0,1.0,0.0
123.15,5500.0,7202.54,0.0,1.0,0.0
149.193,5500.0,7220.14,0.0,1.0,0.0
142.144,5500.0,7054.21,0.0,1.0,0.0
149.193,5500.0,7220.14,0.0,1.0,0.0
156.518,5500.0,7047.71,0.0,1.0,0.0
156.518,5500.0,7047.71,0.0,1.0,0.0
149.193,5500.0,7220.14,0.0,1.0,0.0
187.5,5500.0,7042.4,0.0,1.0,0.0
156.518,5500.0,7047.71,0.0,1.0,0.0
187.5,5500.0,7042.4,0.0,1.0,0.0
171.783,5500.0,7043.74,0.0,1.0,0.0
210.934,5500.0,7225.4,0.0,1.0,0.0
225.807,5500.0,7220.14,0.0,1.0,0.0
195.387,5500.0,7228.06,0.0,1.0,0.0
195.387,5500.0,7228.06,0.0,1.0,0.0
225.807,5500.0,7220.14,0.0,1.0,0.0
232.856,5500.0,7054.21,0.0,1.0,0.0
195.387,5500.0,7228.06,0.0,1.0,0.0
232.856,5500.0,7054.21,0.0,1.0,0.0
179.613,5500.0,7228.06,0.0,1.0,0.0
179.613,5500.0,7228.06,0.0,1.0,0.0
232.856,5500.0,7054.21,0.0,1.0,0.0
164.066,5500.0,7225.4,0.0,1.0,0.0
273.794,5500.0,7100.72,0.0,1.0,0.0
251.85,5500.0,7202.54,0.0,1.0,0.0
262.272,5500.0,7190.7,0.0,1.0,0.0
129.076,5500.0,7063.04,0.0,1.0,0.0
117.687,5500.0,7073.96,0.0,1.0,0.0
123.15,5500.0,7202.54,0.0,1.0,0.0
123.15,5500.0,7202.54,0.0,1.0,0.0
117.687,5500.0,7073.96,0.0,1.0,0.0
101.206,5500.0,7100.72,0.0,1.0,0.0
123.15,5500.0,7202.54,0.0,1.0,0.0
101.206,5500.0,7100.72,0.0,1.0,0.0
112.728,5500.0,7190.7,0.0,1.0,0.0
112.728,5500.0,7190.7,0.0,1.0,0.0
101.206,5500.0,7100.72,0.0,1.0,0.0
96.5874,5500.0,7115.81,0.0,1.0,0.0
112.728,5500.0,7190.7,0.0,1.0,0.0
96.5874,5500.0,7115.81,0.0,1.0,0.0
104.458,5500.0,7177.27,0.0,1.0,0.0
104.458,5500.0,7177.27,0.0,1.0,0.0
96.5874,5500.0,7115.81,0.0,1.0,0.0
94.5838,5500.0,7131.45,0.0,1.0,0.0
104.458,5500.0,7177.27,0.0,1.0,0.0
94.5838,5500.0,7131.45,0.0,1.0,0.0
98.5765,5500.0,7162.63,0.0,1.0,0.0
98.5765,5500.0,7162.63,0.0,1.0,0.0
94.5838,5500.0,7131.45,0.0,1.0,0.0
95.2533,5500.0,7147.21,0.0,1.0,0.0
245.924,5500.0,7063.04,0.0,1.0,0.0
232.856,5500.0,7054.21,0.0,1.0,0.0
257.313,5500.0,7073.96,0.0,1.0,0.0
257.313,5500.0,7073.96,0.0,1.0,0.0
232.856,5500.0,7054.21,0.0,1.0,0.0
251.85,5500.0,7202.54,0.0,1.0,0.0
257.313,5500.0,7073.96,0.0,1.0,0.0
251.85,5500.0,7202.54,0.0,1.0,0.0
266.692,5500.0,7086.64,0.0,1.0,0.0
266.692,5500.0,7086.64,0.0,1.0,0.0
251.85,5500.0,7202.54,0.0,1.0,0.0
273.794,5500.0,7100.72,0.0,1.0,0.0
279.747,5500.0,7147.21,0.0,1.0,0.0
280.416,5500.0,7131.45,0.0,1.0,0.0
276.424,5500.0,7162.63,0.0,1.0,0.0
276.424,5500.0,7162.63,0.0,1.0,0.0
280.416,5500.0,7131.45,0.0,1.0,0.0
273.794,5500.0,7100.72,0.0,1.0,0.0
276.424,5500.0,7162.63,0.0,1.0,0.0
273.794,5500.0,7100.72,0.0,1.0,0.0
270.542,5500.0,7177.27,0.0,1.0,0.0
270.542,5500.0,7177.27,0.0,1.0,0.0
273.794,5500.0,7100.72,0.0,1.0,0.0
262.272,5500.0,7190.7,0.0,1.0,0.0
176.937,5468.0,7011.3,-0.0600829,0.705826,-0.705833
171.783,5500.0,7043.74,-0.0600829,0.705826,-0.705833
187.5,5500.0,7042.4,-0.0600829,0.705826,-0.705833
176.937,5468.0,7011.3,-0.0600371,0.705832,-0.705831
166.375,5468.0,7012.2,-0.0600371,0.705832,-0.705831
171.783,5500.0,7043.74,-0.0600371,0.705832,-0.705831
171.783,5500.0,7043.74,-0.178511,0.705833,-0.685518
166.375,5468.0,7012.2,-0.178511,0.705833,-0.685518
156.116,5468.0,7014.87,-0.178511,0.705833,-0.685518
171.783,5500.0,7043.74,-0.178493,0.70583,-0.685524
156.116,5468.0,7014.87,-0.178493,0.70583,-0.685524
156.518,5500.0,7047.71,-0.178493,0.70583,-0.685524
156.116,5468.0,7014.87,-0.178512,0.705828,-0.685522
145.858,5468.0,7017.54,-0.178512,0.705828,-0.685522
156.518,5500.0,7047.71,-0.178512,0.705828,-0.685522
156.518,5500.0,7047.71,-0.29177,0.705828,-0.645505
145.858,5468.0,7017.54,-0.29177,0.705828,-0.645505
136.198,5468.0,7021.91,-0.29177,0.705828,-0.645505
156.518,5500.0,7047.71,-0.291775,0.705829,-0.645502
136.198,5468.0,7021.91,-0.291775,0.705829,-0.645502
142.144,5500.0,7054.21,-0.291775,0.705829,-0.645502
136.198,5468.0,7021.91,-0.291798,0.705826,-0.645495
126.538,5468.0,7026.27,-0.291798,0.705826,-0.645495
142.144,5500.0,7054.21,-0.291798,0.705826,-0.645495
142.144,5500.0,7054.21,-0.396673,0.705826,-0.586907
126.538,5468.0,7026.27,-0.396673,0.705826,-0.586907
117.755,5468.0,7032.21,-0.396673,0.705826,-0.586907
142.144,5500.0,7054.21,-0.396678,0.705827,-0.586903
117.755,5468.0,7032.21,-0.396678,0.705827,-0.586903
129.076,5500.0,7063.04,-0.396678,0.705827,-0.586903
117.755,5468.0,7032.21,-0.396672,0.705828,-0.586906
108.972,5468.0,7038.15,-0.396672,0.705828,-0.586906
129.076,5500.0,7063.04,-0.396672,0.705828,-0.586906
129.076,5500.0,7063.04,-0.490172,0.705828,-0.511409
108.972,5468.0,7038.15,-0.490172,0.705828,-0.511409
101.319,5468.0,7045.48,-0.490172,0.705828,-0.511409
129.076,5500.0,7063.04,-0.490169,0.705827,-0.511412
101.319,5468.0,7045.48,-0.490169,0.705827,-0.511412
117.687,5500.0,7073.96,-0.490169,0.705827,-0.511412
101.319,5468.0,7045.48,-0.490134,0.705832,-0.511438
93.666,5468.0,7052.82,-0.490134,0.705832,-0.511438
117.687,5500.0,7073.96,-0.490134,0.705832,-0.511438
117.687,5500.0,7073.96,-0.569534,0.705833,-0.421226
93.666,5468.0,7052.82,-0.569534,0.705833,-0.421226
87.3624,5468.0,7061.34,-0.569534,0.705833,-0.421226
117.687,5500.0,7073.96,-0.569534,0.705833,-0.421226
87.3624,5468.0,7061.34,-0.569534,0.705833,-0.421226
108.308,5500.0,7086.64,-0.569534,0.705833,-0.421226
87.3624,5468.0,7061.34,-0.569534,0.705833,-0.421226
81.0589,5468.0,7069.86,-0.569534,0.705833,-0.421226
108.308,5500.0,7086.64,-0.569534,0.705833,-0.421226
108.308,5500.0,7086.64,-0.632532,0.705832,-0.318911
81.0589,5468.0,7069.86,-0.632532,0.705832,-0.318911
76.2864,5468.0,7079.33,-0.632532,0.705832,-0.318911
108.308,5500.0,7086.64,-0.632528,0.70583,-0.318924
76.2864,5468.0,7079.33,-0.632528,0.70583,-0.318924
101.206,5500.0,7100.72,-0.632528,0.70583,-0.318924
76.2864,5468.0,7079.33,-0.632535,0.705828,-0.318913
71.5139,5468.0,7088.79,-0.632535,0.705828,-0.318913
101.206,5500.0,7100.72,-0.632535,0.705828,-0.318913
101.206,5500.0,7100.72,-0.67733,0.705829,-0.207436
71.5139,5468.0,7088.79,-0.67733,0.705829,-0.207436
68.4097,5468.0,7098.93,-0.67733,0.705829,-0.207436
101.206,5500.0,7100.72,-0.677332,0.705831,-0.207423
68.4097,5468.0,7098.93,-0.677332,0.705831,-0.207423
96.5874,5500.0,7115.81,-0.677332,0.705831,-0.207423
68.4097,5468.0,7098.93,-0.67733,0.705831,-0.207427
65.3056,5468.0,7109.06,-0.67733,0.705831,-0.207427
96.5874,5500.0,7115.81,-0.67733,0.705831,-0.207427
96.5874,5500.0,7115.81,-0.702643,0.70583,-0.0899788
65.3056,5468.0,7109.06,-0.702643,0.70583,-0.0899788
63.9591,5468.0,7119.58,-0.702643,0.70583,-0.0899788
96.5874,5500.0,7115.81,-0.702643,0.70583,-0.0899776
63.9591,5468.0,7119.58,-0.702643,0.70583,-0.0899776
94.5838,5500.0,7131.45,-0.702643,0.70583,-0.0899776
63.9591,5468.0,7119.58,-0.702645,0.70583,-0.089971
62.6126,5468.0,7130.1,-0.702645,0.70583,-0.089971
94.5838,5500.0,7131.45,-0.702645,0.70583,-0.089971
94.5838,5500.0,7131.45,-0.707743,0.70583,0.0300654
62.6126,5468.0,7130.1,-0.707743,0.70583,0.0300654
63.0625,5468.0,7140.69,-0.707743,0.70583,0.0300654
94.5838,5500.0,7131.45,-0.707743,0.70583,0.0300654
63.0625,5468.0,7140.69,-0.707743,0.70583,0.0300654
95.2533,5500.0,7147.21,-0.707743,0.70583,0.0300654
63.0625,5468.0,7140.69,-0.707743,0.70583,0.0300657
63.5124,5468.0,7151.28,-0.707743,0.70583,0.0300657
95.2533,5500.0,7147.21,-0.707743,0.70583,0.0300657
95.2533,5500.0,7147.21,-0.692483,0.70583,0.149235
63.5124,5468.0,7151.28,-0.692483,0.70583,0.149235
65.7458,5468.0,7161.64,-0.692483,0.70583,0.149235
95.2533,5500.0,7147.21,-0.692482,0.70583,0.149241
65.7458,5468.0,7161.64,-0.692482,0.70583,0.149241
98.5765,5500.0,7162.63,-0.692482,0.70583,0.149241
65.7458,5468.0,7161.64,-0.692482,0.70583,0.149241
67.9792,5468.0,7172.0,-0.692482,0.70583,0.149241
98.5765,5500.0,7162.63,-0.692482,0.70583,0.149241
98.5765,5500.0,7162.63,-0.657295,0.70583,0.264133
67.9792,5468.0,7172.0,-0.657295,0.70583,0.264133
71.9317,5468.0,7181.84,-0.657295,0.70583,0.264133
98.5765,5500.0,7162.63,-0.657302,0.705829,0.264121
71.9317,5468.0,7181.84,-0.657302,0.705829,0.264121
104.458,5500.0,7177.27,-0.657302,0.705829,0.264121
71.9317,5468.0,7181.84,-0.657305,0.70583,0.264111
75.8843,5468.0,7191.68,-0.657305,0.70583,0.264111
104.458,5500.0,7177.27,-0.657305,0.70583,0.264111
104.458,5500.0,7177.27,-0.603198,0.70583,0.371423
75.8843,5468.0,7191.68,-0.603198,0.70583,0.371423
81.4423,5468.0,7200.7,-0.603198,0.70583,0.371423
104.458,5500.0,7177.27,-0.603212,0.705828,0.371407
81.4423,5468.0,7200.7,-0.603212,0.705828,0.371407
112.728,5500.0,7190.7,-0.603212,0.705828,0.371407
81.4423,5468.0,7200.7,-0.60321,0.705827,0.37141
87.0004,5468.0,7209.73,-0.60321,0.705827,0.37141
112.728,5500.0,7190.7,-0.60321,0.705827,0.37141
112.728,5500.0,7190.7,-0.53176,0.705826,0.468017
87.0004,5468.0,7209.73,-0.53176,0.705826,0.468017
94.004,5468.0,7217.69,-0.53176,0.705826,0.468017
112.728,5500.0,7190.7,-0.531761,0.705826,0.468017
94.004,5468.0,7217.69,-0.531761,0.705826,0.468017
123.15,5500.0,7202.54,-0.531761,0.705826,0.468017
94.004,5468.0,7217.69,-0.531773,0.705829,0.468
101.008,5468.0,7225.64,-0.531773,0.705829,0.468
123.15,5500.0,7202.54,-0.531773,0.705829,0.468
123.15,5500.0,7202.54,-0.445022,0.705829,0.551144
101.008,5468.0,7225.64,-0.445022,0.705829,0.551144
109.255,5468.0,7232.3,-0.445022,0.705829,0.551144
123.15,5500.0,7202.54,-0.445025,0.705829,0.551143
109.255,5468.0,7232.3,-0.445025,0.705829,0.551143
135.422,5500.0,7212.45,-0.445025,0.705829,0.551143
109.255,5468.0,7232.3,-0.445005,0.705826,0.551163
117.503,5468.0,7238.96,-0.445005,0.705826,0.551163
135.422,5500.0,7212.45,-0.445005,0.705826,0.551163
135.422,5500.0,7212.45,-0.345477,0.705824,0.618432
117.503,5468.0,7238.96,-0.345477,0.705824,0.618432
126.758,5468.0,7244.13,-0.345477,0.705824,0.618432
135.422,5500.0,7212.45,-0.34546,0.705826,0.618439
126.758,5468.0,7244.13,-0.34546,0.705826,0.618439
149.193,5500.0,7220.14,-0.34546,0.705826,0.618439
126.758,5468.0,7244.13,-0.345474,0.705828,0.618429
136.012,5468.0,7249.3,-0.345474,0.705828,0.618429
149.193,5500.0,7220.14,-0.345474,0.705828,0.618429
149.193,5500.0,7220.14,-0.236032,0.70583,0.667902
136.012,5468.0,7249.3,-0.236032,0.70583,0.667902
146.008,5468.0,7252.84,-0.236032,0.70583,0.667902
149.193,5500.0,7220.14,-0.235987,0.705836,0.667912
146.008,5468.0,7252.84,-0.235987,0.705836,0.667912
164.066,5500.0,7225.4,-0.235987,0.705836,0.667912
146.008,5468.0,7252.84,-0.235972,0.705834,0.667919
156.003,5468.0,7256.37,-0.235972,0.705834,0.667919
164.066,5500.0,7225.4,-0.235972,0.705834,0.667919
164.066,5500.0,7225.4,-0.119715,0.705833,0.698189
156.003,5468.0,7256.37,-0.119715,0.705833,0.698189
166.451,5468.0,7258.16,-0.119715,0.705833,0.698189
164.066,5500.0,7225.4,-0.119726,0.705832,0.698189
166.451,5468.0,7258.16,-0.119726,0.705832,0.698189
179.613,5500.0,7228.06,-0.119726,0.705832,0.698189
166.451,5468.0,7258.16,-0.119715,0.70583,0.698192
176.899,5468.0,7259.95,-0.119715,0.70583,0.698192
179.613,5500.0,7228.06,-0.119715,0.70583,0.698192
179.613,5500.0,7228.06,-0.0300161,0.706788,0.706788
176.899,5468.0,7259.95,-0.0300161,0.706788,0.706788
187.5,5468.0,7260.4,-0.0300161,0.706788,0.706788
179.613,5500.0,7228.06,0.0,0.710779,0.703416
187.5,5468.0,7260.4,0.0,0.710779,0.703416
195.387,5500.0,7228.06,0.0,0.710779,0.703416
187.5,5468.0,7260.4,0.0300161,0.706788,0.706788
198.101,5468.0,7259.95,0.0300161,0.706788,0.706788
195.387,5500.0,7228.06,0.0300161,0.706788,0.706788
195.387,5500.0,7228.06,0.119715,0.70583,0.698192
198.101,5468.0,7259.95,0.119715,0.70583,0.698192
208.549,5468.0,7258.16,0.119715,0.70583,0.698192
195.387,5500.0,7228.06,0.119726,0.705832,0.698189
208.549,5468.0,7258.16,0.119726,0.705832,0.698189
210.934,5500.0,7225.4,0.119726,0.705832,0.698189
208.549,5468.0,7258.16,0.119715,0.705833,0.698189
218.997,5468.0,7256.37,0.119715,0.705833,0.698189
210.934,5500.0,7225.4,0.119715,0.705833,0.698189
210.934,5500.0,7225.4,0.235972,0.705834,0.667919
218.997,5468.0,7256.37,0.235972,0.705834,0.667919
228.992,5468.0,7252.84,0.235972,0.705834,0.667919
210.934,5500.0,7225.4,0.235987,0.705836,0.667912
228.992,5468.0,7252.84,0.235987,0.705836,0.667912
225.807,5500.0,7220.14,0.235987,0.705836,0.667912
228.992,5468.0,7252.84,0.236032,0.70583,0.667902
238.988,5468.0,7249.3,0.236032,0.70583,0.667902
225.807,5500.0,7220.14,0.236032,0.70583,0.667902
225.807,5500.0,7220.14,0.345474,0.705828,0.618429
238.988,5468.0,7249.3,0.345474,0.705828,0.618429
248.242,5468.0,7244.13,0.345474,0.705828,0.618429
225.807,5500.0,7220.14,0.34546,0.705826,0.618439
248.242,5468.0,7244.13,0.34546,0.705826,0.618439
239.578,5500.0,7212.45,0.34546,0.705826,0.618439
248.242,5468.0,7244.13,0.345478,0.705824,0.618432
257.497,5468.0,7238.96,0.345478,0.705824,0.618432
239.578,5500.0,7212.45,0.345478,0.705824,0.618432
239.578,5500.0,7212.45,0.445005,0.705825,0.551164
257.497,5468.0,7238.96,0.445005,0.705825,0.551164
265.745,5468.0,7232.3,0.445005,0.705825,0.551164
239.578,5500.0,7212.45,0.445025,0.705829,0.551143
265.745,5468.0,7232.3,0.445025,0.705829,0.551143
251.85,5500.0,7202.54,0.445025,0.705829,0.551143
265.745,5468.0,7232.3,0.445022,0.705829,0.551145
273.992,5468.0,7225.64,0.445022,0.705829,0.551145
251.85,5500.0,7202.54,0.445022,0.705829,0.551145
251.85,5500.0,7202.54,0.531773,0.705829,0.467999
273.992,5468.0,7225.64,0.531773,0.705829,0.467999
280.996,5468.0,7217.69,0.531773,0.705829,0.467999
251.85,5500.0,7202.54,0.531761,0.705826,0.468017
280.996,5468.0,7217.69,0.531761,0.705826,0.468017
262.272,5500.0,7190.7,0.531761,0.705826,0.468017
280.996,5468.0,7217.69,0.531761,0.705826,0.468017
288.0,5468.0,7209.73,0.531761,0.705826,0.468017
262.272,5500.0,7190.7,0.531761,0.705826,0.468017
262.272,5500.0,7190.7,0.603209,0.705827,0.371412
288.0,5468.0,7209.73,0.603209,0.705827,0.371412
293.558,5468.0,7200.7,0.603209,0.705827,0.371412
262.272,5500.0,7190.7,0.603211,0.705828,0.371407
293.558,5468.0,7200.7,0.603211,0.705828,0.371407
270.542,5500.0,7177.27,0.603211,0.705828,0.371407
293.558,5468.0,7200.7,0.603199,0.70583,0.371422
299.116,5468.0,7191.68,0.603199,0.70583,0.371422
270.542,5500.0,7177.27,0.603199,0.70583,0.371422
270.542,5500.0,7177.27,0.657305,0.70583,0.26411
299.116,5468.0,7191.68,0.657305,0.70583,0.26411
303.068,5468.0,7181.84,0.657305,0.70583,0.26411
270.542,5500.0,7177.27,0.657302,0.705828,0.264121
303.068,5468.0,7181.84,0.657302,0.705828,0.264121
276.424,5500.0,7162.63,0.657302,0.705828,0.264121
303.068,5468.0,7181.84,0.657295,0.70583,0.264134
307.021,5468.0,7172.0,0.657295,0.70583,0.264134
276.424,5500.0,7162.63,0.657295,0.70583,0.264134
276.424,5500.0,7162.63,0.692481,0.70583,0.149242
307.021,5468.0,7172.0,0.692481,0.70583,0.149242
309.254,5468.0,7161.64,0.692481,0.70583,0.149242
276.424,5500.0,7162.63,0.692482,0.70583,0.14924
309.254,5468.0,7161.64,0.692482,0.70583,0.14924
279.747,5500.0,7147.21,0.692482,0.70583,0.14924
309.254,5468.0,7161.64,0.692484,0.70583,0.149234
311.488,5468.0,7151.28,0.692484,0.70583,0.149234
279.747,5500.0,7147.21,0.692484,0.70583,0.149234
279.747,5500.0,7147.21,0.707743,0.70583,0.0300644
311.488,5468.0,7151.28,0.707743,0.70583,0.0300644
311.937,5468.0,7140.69,0.707743,0.70583,0.0300644
279.747,5500.0,7147.21,0.707743,0.705829,0.0300654
311.937,5468.0,7140.69,0.707743,0.705829,0.0300654
280.416,5500.0,7131.45,0.707743,0.705829,0.0300654
311.937,5468.0,7140.69,0.707743,0.70583,0.0300685
312.387,5468.0,7130.1,0.707743,0.70583,0.0300685
280.416,5500.0,7131.45,0.707743,0.70583,0.0300685
280.416,5500.0,7131.45,0.702645,0.70583,-0.0899717
312.387,5468.0,7130.1,0.702645,0.70583,-0.0899717
311.041,5468.0,7119.58,0.702645,0.70583,-0.0899717
280.416,5500.0,7131.45,0.702643,0.705831,-0.0899779
311.041,5468.0,7119.58,0.702643,0.705831,-0.0899779
278.413,5500.0,7115.81,0.702643,0.705831,-0.0899779
311.041,5468.0,7119.58,0.702643,0.70583,-0.0899798
309.694,5468.0,7109.06,0.702643,0.70583,-0.0899798
278.413,5500.0,7115.81,0.702643,0.70583,-0.0899798
278.413,5500.0,7115.81,0.67733,0.705831,-0.207426
309.694,5468.0,7109.06,0.67733,0.705831,-0.207426
306.59,5468.0,7098.93,0.67733,0.705831,-0.207426
278.413,5500.0,7115.81,0.677332,0.705831,-0.207422
306.59,5468.0,7098.93,0.677332,0.705831,-0.207422
273.794,5500.0,7100.72,0.677332,0.705831,-0.207422
306.59,5468.0,7098.93,0.67733,0.705829,-0.207436
303.486,5468.0,7088.79,0.67733,0.705829,-0.207436
273.794,5500.0,7100.72,0.67733,0.705829,-0.207436
273.794,5500.0,7100.72,0.632535,0.705828,-0.318914
303.486,5468.0,7088.79,0.632535,0.705828,-0.318914
298.714,5468.0,7079.33,0.632535,0.705828,-0.318914
273.794,5500.0,7100.72,0.632528,0.70583,-0.318924
298.714,5468.0,7079.33,0.632528,0.70583,-0.318924
266.692,5500.0,7086.64,0.632528,0.70583,-0.318924
298.714,5468.0,7079.33,0.632533,0.705832,-0.318911
293.941,5468.0,7069.86,0.632533,0.705832,-0.318911
266.692,5500.0,7086.64,0.632533,0.705832,-0.318911
266.692,5500.0,7086.64,0.569535,0.705833,-0.421225
293.941,5468.0,7069.86,0.569535,0.705833,-0.421225
287.638,5468.0,7061.34,0.569535,0.705833,-0.421225
266.692,5500.0,7086.64,0.569533,0.705833,-0.421227
287.638,5468.0,7061.34,0.569533,0.705833,-0.421227
257.313,5500.0,7073.96,0.569533,0.705833,-0.421227
287.638,5468.0,7061.34,0.569534,0.705833,-0.421226
281.334,5468.0,7052.82,0.569534,0.705833,-0.421226
257.313,5500.0,7073.96,0.569534,0.705833,-0.421226
257.313,5500.0,7073.96,0.490135,0.705832,-0.511438
281.334,5468.0,7052.82,0.490135,0.705832,-0.511438
273.681,5468.0,7045.48,0.490135,0.705832,-0.511438
257.313,5500.0,7073.96,0.490169,0.705827,-0.511412
273.681,5468.0,7045.48,0.490169,0.705827,-0.511412
245.924,5500.0,7063.04,0.490169,0.705827,-0.511412
273.681,5468.0,7045.48,0.490171,0.705828,-0.51141
266.027,5468.0,7038.15,0.490171,0.705828,-0.51141
245.924,5500.0,7063.04,0.490171,0.705828,-0.51141
245.924,5500.0,7063.04,0.396672,0.705828,-0.586906
266.027,5468.0,7038.15,0.396672,0.705828,-0.586906
257.245,5468.0,7032.21,0.396672,0.705828,-0.586906
245.924,5500.0,7063.04,0.396678,0.705827,-0.586903
257.245,5468.0,7032.21,0.396678,0.705827,-0.586903
232.856,5500.0,7054.21,0.396678,0.705827,-0.586903
257.245,5468.0,7032.21,0.396673,0.705826,-0.586908
248.462,5468.0,7026.27,0.396673,0.705826,-0.586908
232.856,5500.0,7054.21,0.396673,0.705826,-0.586908
232.856,5500.0,7054.21,0.291798,0.705826,-0.645495
248.462,5468.0,7026.27,0.291798,0.705826,-0.645495
238.802,5468.0,7021.91,0.291798,0.705826,-0.645495
232.856,5500.0,7054.21,0.291775,0.705829,-0.645502
238.802,5468.0,7021.91,0.291775,0.705829,-0.645502
218.482,5500.0,7047.71,0.291775,0.705829,-0.645502
238.802,5468.0,7021.91,0.29177,0.705828,-0.645505
229.142,5468.0,7017.54,0.29177,0.705828,-0.645505
218.482,5500.0,7047.71,0.29177,0.705828,-0.645505
218.482,5500.0,7047.71,0.178512,0.705828,-0.685522
229.142,5468.0,7017.54,0.178512,0.705828,-0.685522
218.884,5468.0,7014.87,0.178512,0.705828,-0.685522
218.482,5500.0,7047.71,0.178493,0.70583,-0.685524
218.884,5468.0,7014.87,0.178493,0.70583,-0.685524
203.217,5500.0,7043.74,0.178493,0.70583,-0.685524
218.884,5468.0,7014.87,0.178511,0.705833,-0.685518
208.625,5468.0,7012.2,0.178511,0.705833,-0.685518
203.217,5500.0,7043.74,0.178511,0.705833,-0.685518
203.217,5500.0,7043.74,0.0600371,0.705832,-0.705831
208.625,5468.0,7012.2,0.0600371,0.705832,-0.705831
198.063,5468.0,7011.3,0.0600371,0.705832,-0.705831
203.217,5500.0,7043.74,0.0600829,0.705826,-0.705833
198.063,5468.0,7011.3,0.0600829,0.705826,-0.705833
187.5,5500.0,7042.4,0.0600829,0.705826,-0.705833
187.5,5500.0,7042.4,0.0601021,0.705828,-0.705828
198.063,5468.0,7011.3,0.0601021,0.705828,-0.705828
187.5,5468.0,7010.4,0.0601021,0.705828,-0.705828
187.5,5500.0,7042.4,-0.0601021,0.705828,-0.705828
187.5,5468.0,7010.4,-0.0601021,0.705828,-0.705828
176.937,5468.0,7011.3,-0.0601021,0.705828,-0.705828
176.899,5468.0,7259.95,-0.0847984,-0.000968499,0.996398
166.375,5003.0,7258.6,-0.0847984,-0.000968499,0.996398
187.5,5003.0,7260.4,-0.0847984,-0.000968499,0.996398
176.899,5468.0,7259.95,-0.168998,0.000968443,0.985616
166.451,5468.0,7258.16,-0.168998,0.000968443,0.985616
166.375,5003.0,7258.6,-0.168998,0.000968443,0.985616
166.375,5003.0,7258.6,-0.168998,0.000968443,0.985616
166.451,5468.0,7258.16,-0.168998,0.000968443,0.985616
156.003,5468.0,7256.37,-0.168998,0.000968443,0.985616
166.375,5003.0,7258.6,-0.251977,-0.000968429,0.967733
156.003,5468.0,7256.37,-0.251977,-0.000968429,0.967733
145.858,5003.0,7253.26,-0.251977,-0.000968429,0.967733
156.003,5468.0,7256.37,-0.333116,0.000967854,0.942885
146.008,5468.0,7252.84,-0.333116,0.000967854,0.942885
145.858,5003.0,7253.26,-0.333116,0.000967854,0.942885
145.858,5003.0,7253.26,-0.333198,0.000967854,0.942856
146.008,5468.0,7252.84,-0.333198,0.000967854,0.942856
136.012,5468.0,7249.3,-0.333198,0.000967854,0.942856
145.858,5003.0,7253.26,-0.411901,-0.000967578,0.911228
136.012,5468.0,7249.3,-0.411901,-0.000967578,0.911228
126.538,5003.0,7244.53,-0.411901,-0.000967578,0.911228
136.012,5468.0,7249.3,-0.487694,0.000969217,0.873014
126.758,5468.0,7244.13,-0.487694,0.000969217,0.873014
126.538,5003.0,7244.53,-0.487694,0.000969217,0.873014
126.538,5003.0,7244.53,-0.487694,0.000969217,0.873014
126.758,5468.0,7244.13,-0.487694,0.000969217,0.873014
117.503,5468.0,7238.96,-0.487694,0.000969217,0.873014
126.538,5003.0,7244.53,-0.559967,-0.000967464,0.828514
117.503,5468.0,7238.96,-0.559967,-0.000967464,0.828514
108.972,5003.0,7232.65,-0.559967,-0.000967464,0.828514
117.503,5468.0,7238.96,-0.628196,0.000968796,0.778055
109.255,5468.0,7232.3,-0.628196,0.000968796,0.778055
108.972,5003.0,7232.65,-0.628196,0.000968796,0.778055
108.972,5003.0,7232.65,-0.628224,0.000968796,0.778032
109.255,5468.0,7232.3,-0.628224,0.000968796,0.778032
101.008,5468.0,7225.64,-0.628224,0.000968796,0.778032
108.972,5003.0,7232.65,-0.691946,-0.000968178,0.721949
101.008,5468.0,7225.64,-0.691946,-0.000968178,0.721949
93.666,5003.0,7217.98,-0.691946,-0.000968178,0.721949
101.008,5468.0,7225.64,-0.750685,0.000968896,0.660659
94.004,5468.0,7217.69,-0.750685,0.000968896,0.660659
93.666,5003.0,7217.98,-0.750685,0.000968896,0.660659
93.666,5003.0,7217.98,-0.750665,0.000968896,0.660682
94.004,5468.0,7217.69,-0.750665,0.000968896,0.660682
87.0004,5468.0,7209.73,-0.750665,0.000968896,0.660682
93.666,5003.0,7217.98,-0.804004,-0.000968485,0.594623
87.0004,5468.0,7209.73,-0.804004,-0.000968485,0.594623
81.0589,5003.0,7200.94,-0.804004,-0.000968485,0.594623
87.0004,5468.0,7209.73,-0.851529,0.000968116,0.524306
81.4423,5468.0,7200.7,-0.851529,0.000968116,0.524306
81.0589,5003.0,7200.94,-0.851529,0.000968116,0.524306
81.0589,5003.0,7200.94,-0.851517,0.000968116,0.524327
81.4423,5468.0,7200.7,-0.851517,0.000968116,0.524327
75.8843,5468.0,7191.68,-0.851517,0.000968116,0.524327
81.0589,5003.0,7200.94,-0.892923,-0.00096903,0.450207
75.8843,5468.0,7191.68,-0.892923,-0.00096903,0.450207
71.5139,5003.0,7182.01,-0.892923,-0.00096903,0.450207
75.8843,5468.0,7191.68,-0.927896,0.000968465,0.372837
71.9317,5468.0,7181.84,-0.927896,0.000968465,0.372837
71.5139,5003.0,7182.01,-0.927896,0.000968465,0.372837
71.5139,5003.0,7182.01,-0.927884,0.000968465,0.372868
71.9317,5468.0,7181.84,-0.927884,0.000968465,0.372868
67.9792,5468.0,7172.0,-0.927884,0.000968465,0.372868
71.5139,5003.0,7182.01,-0.956166,-0.000968556,0.292825
67.9792,5468.0,7172.0,-0.956166,-0.000968556,0.292825
65.3056,5003.0,7161.73,-0.956166,-0.000968556,0.292825
67.9792,5468.0,7172.0,-0.977555,0.000968354,0.210679
65.7458,5468.0,7161.64,-0.977555,0.000968354,0.210679
65.3056,5003.0,7161.73,-0.977555,0.000968354,0.210679
65.3056,5003.0,7161.73,-0.977557,0.000968354,0.21067
65.7458,5468.0,7161.64,-0.977557,0.000968354,0.21067
63.5124,5468.0,7151.28,-0.977557,0.000968354,0.21067
65.3056,5003.0,7161.73,-0.9919,-0.000968335,0.127018
63.5124,5468.0,7151.28,-0.9919,-0.000968335,0.127018
62.6126,5003.0,7140.71,-0.9919,-0.000968335,0.127018
63.5124,5468.0,7151.28,-0.999098,0.000968404,0.0424428
63.0625,5468.0,7140.69,-0.999098,0.000968404,0.0424428
62.6126,5003.0,7140.71,-0.999098,0.000968404,0.0424428
62.6126,5003.0,7140.71,-0.999098,0.000968404,0.0424424
63.0625,5468.0,7140.69,-0.999098,0.000968404,0.0424424
62.6126,5468.0,7130.1,-0.999098,0.000968404,0.0424424
62.6126,5003.0,7140.71,-0.999099,-0.000968364,-0.0424406
62.6126,5468.0,7130.1,-0.999099,-0.000968364,-0.0424406
63.5124,5003.0,7119.52,-0.999099,-0.000968364,-0.0424406
62.6126,5468.0,7130.1,-0.991901,0.000968406,-0.127009
63.9591,5468.0,7119.58,-0.991901,0.000968406,-0.127009
63.5124,5003.0,7119.52,-0.991901,0.000968406,-0.127009
63.5124,5003.0,7119.52,-0.9919,0.000968406,-0.12702
63.9591,5468.0,7119.58,-0.9919,0.000968406,-0.12702
65.3056,5468.0,7109.06,-0.9919,0.000968406,-0.12702
63.5124,5003.0,7119.52,-0.977554,-0.000968457,-0.210684
65.3056,5468.0,7109.06,-0.977554,-0.000968457,-0.210684
67.9792,5003.0,7098.8,-0.977554,-0.000968457,-0.210684
65.3056,5468.0,7109.06,-0.956167,0.000968103,-0.292819
68.4097,5468.0,7098.93,-0.956167,0.000968103,-0.292819
67.9792,5003.0,7098.8,-0.956167,0.000968103,-0.292819
67.9792,5003.0,7098.8,-0.956164,0.000968103,-0.292831
68.4097,5468.0,7098.93,-0.956164,0.000968103,-0.292831
71.5139,5468.0,7088.79,-0.956164,0.000968103,-0.292831
67.9792,5003.0,7098.8,-0.92789,-0.000968473,-0.372853
71.5139,5468.0,7088.79,-0.92789,-0.000968473,-0.372853
75.8843,5003.0,7079.12,-0.92789,-0.000968473,-0.372853
71.5139,5468.0,7088.79,-0.892928,0.000968328,-0.450198
76.2864,5468.0,7079.33,-0.892928,0.000968328,-0.450198
75.8843,5003.0,7079.12,-0.892928,0.000968328,-0.450198
75.8843,5003.0,7079.12,-0.892928,0.000968328,-0.450198
76.2864,5468.0,7079.33,-0.892928,0.000968328,-0.450198
81.0589,5468.0,7069.86,-0.892928,0.000968328,-0.450198
75.8843,5003.0,7079.12,-0.851529,-0.000968667,-0.524306
81.0589,5468.0,7069.86,-0.851529,-0.000968667,-0.524306
87.0004,5003.0,7061.07,-0.851529,-0.000968667,-0.524306
81.0589,5468.0,7069.86,-0.803996,0.000968172,-0.594634
87.3624,5468.0,7061.34,-0.803996,0.000968172,-0.594634
87.0004,5003.0,7061.07,-0.803996,0.000968172,-0.594634
87.0004,5003.0,7061.07,-0.803996,0.000968172,-0.594634
87.3624,5468.0,7061.34,-0.803996,0.000968172,-0.594634
93.666,5468.0,7052.82,-0.803996,0.000968172,-0.594634
87.0004,5003.0,7061.07,-0.750665,-0.000968896,-0.660682
93.666,5468.0,7052.82,-0.750665,-0.000968896,-0.660682
101.008,5003.0,7045.16,-0.750665,-0.000968896,-0.660682
93.666,5468.0,7052.82,-0.69191,0.000968557,-0.721984
101.319,5468.0,7045.48,-0.69191,0.000968557,-0.721984
101.008,5003.0,7045.16,-0.69191,0.000968557,-0.721984
101.008,5003.0,7045.16,-0.691958,0.000968557,-0.721938
101.319,5468.0,7045.48,-0.691958,0.000968557,-0.721938
108.972,5468.0,7038.15,-0.691958,0.000968557,-0.721938
101.008,5003.0,7045.16,-0.628224,-0.000968796,-0.778032
108.972,5468.0,7038.15,-0.628224,-0.000968796,-0.778032
117.503,5003.0,7031.84,-0.628224,-0.000968796,-0.778032
108.972,5468.0,7038.15,-0.559967,0.000968344,-0.828514
117.755,5468.0,7032.21,-0.559967,0.000968344,-0.828514
117.503,5003.0,7031.84,-0.559967,0.000968344,-0.828514
117.503,5003.0,7031.84,-0.559968,0.000968344,-0.828514
117.755,5468.0,7032.21,-0.559968,0.000968344,-0.828514
126.538,5468.0,7026.27,-0.559968,0.000968344,-0.828514
117.503,5003.0,7031.84,-0.487712,-0.000967846,-0.873004
126.538,5468.0,7026.27,-0.487712,-0.000967846,-0.873004
136.012,5003.0,7021.5,-0.487712,-0.000967846,-0.873004
126.538,5468.0,7026.27,-0.41192,0.000969016,-0.91122
136.198,5468.0,7021.91,-0.41192,0.000969016,-0.91122
136.012,5003.0,7021.5,-0.41192,0.000969016,-0.91122
136.012,5003.0,7021.5,-0.411882,0.000969016,-0.911237
136.198,5468.0,7021.91,-0.411882,0.000969016,-0.911237
145.858,5468.0,7017.54,-0.411882,0.000969016,-0.911237
136.012,5003.0,7021.5,-0.333116,-0.00096786,-0.942885
145.858,5468.0,7017.54,-0.333116,-0.00096786,-0.942885
156.003,5003.0,7014.43,-0.333116,-0.00096786,-0.942885
145.858,5468.0,7017.54,-0.251999,0.000967921,-0.967727
156.116,5468.0,7014.87,-0.251999,0.000967921,-0.967727
156.003,5003.0,7014.43,-0.251999,0.000967921,-0.967727
156.003,5003.0,7014.43,-0.251999,0.000967921,-0.967727
156.116,5468.0,7014.87,-0.251999,0.000967921,-0.967727
166.375,5468.0,7012.2,-0.251999,0.000967921,-0.967727
156.003,5003.0,7014.43,-0.168998,-0.000969478,-0.985616
166.375,5468.0,7012.2,-0.168998,-0.000969478,-0.985616
176.899,5003.0,7010.85,-0.168998,-0.000969478,-0.985616
166.375,5468.0,7012.2,-0.0847527,0.000968498,-0.996402
176.937,5468.0,7011.3,-0.0847527,0.000968498,-0.996402
176.899,5003.0,7010.85,-0.0847527,0.000968498,-0.996402
176.899,5003.0,7010.85,-0.0848441,0.000968498,-0.996394
176.937,5468.0,7011.3,-0.0848441,0.000968498,-0.996394
187.5,5468.0,7010.4,-0.0848441,0.000968498,-0.996394
176.899,5003.0,7010.85,0.0,-0.000969212,-1.0
187.5,5468.0,7010.4,0.0,-0.000969212,-1.0
198.101,5003.0,7010.85,0.0,-0.000969212,-1.0
187.5,5468.0,7010.4,0.0848441,0.000968498,-0.996394
198.063,5468.0,7011.3,0.0848441,0.000968498,-0.996394
198.101,5003.0,7010.85,0.0848441,0.000968498,-0.996394
198.101,5003.0,7010.85,0.0847527,0.000968498,-0.996402
198.063,5468.0,7011.3,0.0847527,0.000968498,-0.996402
208.625,5468.0,7012.2,0.0847527,0.000968498,-0.996402
198.101,5003.0,7010.85,0.168998,-0.000969478,-0.985616
208.625,5468.0,7012.2,0.168998,-0.000969478,-0.985616
218.997,5003.0,7014.43,0.168998,-0.000969478,-0.985616
208.625,5468.0,7012.2,0.251999,0.000967921,-0.967727
218.884,5468.0,7014.87,0.251999,0.000967921,-0.967727
218.997,5003.0,7014.43,0.251999,0.000967921,-0.967727
218.997,5003.0,7014.43,0.251999,0.000967921,-0.967727
218.884,5468.0,7014.87,0.251999,0.000967921,-0.967727
229.142,5468.0,7017.54,0.251999,0.000967921,-0.967727
218.997,5003.0,7014.43,0.333116,-0.00096786,-0.942885
229.142,5468.0,7017.54,0.333116,-0.00096786,-0.942885
238.988,5003.0,7021.5,0.333116,-0.00096786,-0.942885
229.142,5468.0,7017.54,0.411882,0.000969016,-0.911237
238.802,5468.0,7021.91,0.411882,0.000969016,-0.911237
238.988,5003.0,7021.5,0.411882,0.000969016,-0.911237
238.988,5003.0,7021.5,0.41192,0.000969016,-0.91122
238.802,5468.0,7021.91,0.41192,0.000969016,-0.91122
248.462,5468.0,7026.27,0.41192,0.000969016,-0.91122
238.988,5003.0,7021.5,0.487712,-0.00096785,-0.873004
248.462,5468.0,7026.27,0.487712,-0.00096785,-0.873004
257.497,5003.0,7031.84,0.487712,-0.00096785,-0.873004
248.462,5468.0,7026.27,0.559967,0.000968307,-0.828514
257.245,5468.0,7032.21,0.559967,0.000968307,-0.828514
257.497,5003.0,7031.84,0.559967,0.000968307,-0.828514
257.497,5003.0,7031.84,0.559968,0.000968307,-0.828514
257.245,5468.0,7032.21,0.559968,0.000968307,-0.828514
266.027,5468.0,7038.15,0.559968,0.000968307,-0.828514
257.497,5003.0,7031.84,0.628223,-0.000968796,-0.778033
266.027,5468.0,7038.15,0.628223,-0.000968796,-0.778033
273.992,5003.0,7045.16,0.628223,-0.000968796,-0.778033
266.027,5468.0,7038.15,0.691956,0.000968546,-0.721939
273.681,5468.0,7045.48,0.691956,0.000968546,-0.721939
273.992,5003.0,7045.16,0.691956,0.000968546,-0.721939
273.992,5003.0,7045.16,0.69191,0.000968546,-0.721983
273.681,5468.0,7045.48,0.69191,0.000968546,-0.721983
281.334,5468.0,7052.82,0.69191,0.000968546,-0.721983
273.992,5003.0,7045.16,0.750666,-0.000968909,-0.660682
281.334,5468.0,7052.82,0.750666,-0.000968909,-0.660682
288.0,5003.0,7061.07,0.750666,-0.000968909,-0.660682
281.334,5468.0,7052.82,0.803996,0.000968133,-0.594634
287.638,5468.0,7061.34,0.803996,0.000968133,-0.594634
288.0,5003.0,7061.07,0.803996,0.000968133,-0.594634
288.0,5003.0,7061.07,0.803997,0.000968133,-0.594632
287.638,5468.0,7061.34,0.803997,0.000968133,-0.594632
293.941,5468.0,7069.86,0.803997,0.000968133,-0.594632
288.0,5003.0,7061.07,0.851529,-0.000968667,-0.524306
293.941,5468.0,7069.86,0.851529,-0.000968667,-0.524306
299.116,5003.0,7079.12,0.851529,-0.000968667,-0.524306
293.941,5468.0,7069.86,0.892928,0.000968328,-0.450198
298.714,5468.0,7079.33,0.892928,0.000968328,-0.450198
299.116,5003.0,7079.12,0.892928,0.000968328,-0.450198
299.116,5003.0,7079.12,0.892927,0.000968328,-0.4502
298.714,5468.0,7079.33,0.892927,0.000968328,-0.4502
303.486,5468.0,7088.79,0.892927,0.000968328,-0.4502
299.116,5003.0,7079.12,0.92789,-0.000968511,-0.372853
303.486,5468.0,7088.79,0.92789,-0.000968511,-0.372853
307.021,5003.0,7098.8,0.92789,-0.000968511,-0.372853
303.486,5468.0,7088.79,0.956164,0.000968087,-0.29283
306.59,5468.0,7098.93,0.956164,0.000968087,-0.29283
307.021,5003.0,7098.8,0.956164,0.000968087,-0.29283
307.021,5003.0,7098.8,0.956168,0.000968087,-0.292817
306.59,5468.0,7098.93,0.956168,0.000968087,-0.292817
309.694,5468.0,7109.06,0.956168,0.000968087,-0.292817
307.021,5003.0,7098.8,0.977554,-0.000968449,-0.210684
309.694,5468.0,7109.06,0.977554,-0.000968449,-0.210684
311.488,5003.0,7119.52,0.977554,-0.000968449,-0.210684
309.694,5468.0,7109.06,0.991899,0.000968374,-0.127022
311.041,5468.0,7119.58,0.991899,0.000968374,-0.127022
311.488,5003.0,7119.52,0.991899,0.000968374,-0.127022
311.488,5003.0,7119.52,0.991901,0.000968374,-0.12701
311.041,5468.0,7119.58,0.991901,0.000968374,-0.12701
312.387,5468.0,7130.1,0.991901,0.000968374,-0.12701
311.488,5003.0,7119.52,0.999098,-0.000968393,-0.0424419
312.387,5468.0,7130.1,0.999098,-0.000968393,-0.0424419
312.387,5003.0,7140.71,0.999098,-0.000968393,-0.0424419
312.387,5468.0,7130.1,0.999098,0.000968503,0.0424467
311.937,5468.0,7140.69,0.999098,0.000968503,0.0424467
312.387,5003.0,7140.71,0.999098,0.000968503,0.0424467
312.387,5003.0,7140.71,0.999099,0.000968503,0.042441
311.937,5468.0,7140.69,0.999099,0.000968503,0.042441
311.488,5468.0,7151.28,0.999099,0.000968503,0.042441
312.387,5003.0,7140.71,0.9919,-0.000968307,0.127019
311.488,5468.0,7151.28,0.9919,-0.000968307,0.127019
309.694,5003.0,7161.73,0.9919,-0.000968307,0.127019
311.488,5468.0,7151.28,0.977557,0.000968306,0.210668
309.254,5468.0,7161.64,0.977557,0.000968306,0.210668
309.694,5003.0,7161.73,0.977557,0.000968306,0.210668
309.694,5003.0,7161.73,0.977554,0.000968306,0.210681
309.254,5468.0,7161.64,0.977554,0.000968306,0.210681
307.021,5468.0,7172.0,0.977554,0.000968306,0.210681
309.694,5003.0,7161.73,0.956166,-0.000968548,0.292824
307.021,5468.0,7172.0,0.956166,-0.000968548,0.292824
303.486,5003.0,7182.01,0.956166,-0.000968548,0.292824
307.021,5468.0,7172.0,0.927883,0.000968541,0.37287
303.068,5468.0,7181.84,0.927883,0.000968541,0.37287
303.486,5003.0,7182.01,0.927883,0.000968541,0.37287
303.486,5003.0,7182.01,0.927897,0.000968541,0.372836
303.068,5468.0,7181.84,0.927897,0.000968541,0.372836
299.116,5468.0,7191.68,0.927897,0.000968541,0.372836
303.486,5003.0,7182.01,0.892923,-0.000969008,0.450208
299.116,5468.0,7191.68,0.892923,-0.000969008,0.450208
293.941,5003.0,7200.94,0.892923,-0.000969008,0.450208
299.116,5468.0,7191.68,0.851518,0.00096806,0.524325
293.558,5468.0,7200.7,0.851518,0.00096806,0.524325
293.941,5003.0,7200.94,0.851518,0.00096806,0.524325
293.941,5003.0,7200.94,0.851528,0.00096806,0.524308
293.558,5468.0,7200.7,0.851528,0.00096806,0.524308
288.0,5468.0,7209.73,0.851528,0.00096806,0.524308
293.941,5003.0,7200.94,0.804005,-0.000968471,0.594622
288.0,5468.0,7209.73,0.804005,-0.000968471,0.594622
281.334,5003.0,7217.98,0.804005,-0.000968471,0.594622
281.334,5003.0,7217.98,0.750666,0.000968909,0.660682
288.0,5468.0,7209.73,0.750666,0.000968909,0.660682
280.996,5468.0,7217.69,0.750666,0.000968909,0.660682
281.334,5003.0,7217.98,0.729242,0.000968434,0.684255
280.996,5468.0,7217.69,0.729242,0.000968434,0.684255
275.888,5003.0,7223.79,0.729242,0.000968434,0.684255
275.888,5003.0,7223.79,0.750686,0.00042327,0.660659
280.996,5468.0,7217.69,0.750686,0.00042327,0.660659
273.992,5468.0,7225.64,0.750686,0.00042327,0.660659
275.888,5003.0,7223.79,0.668628,-0.000242434,0.743597
273.992,5468.0,7225.64,0.668628,-0.000242434,0.743597
266.027,5003.0,7232.65,0.668628,-0.000242434,0.743597
273.992,5468.0,7225.64,0.628223,0.000968796,0.778033
265.745,5468.0,7232.3,0.628223,0.000968796,0.778033
266.027,5003.0,7232.65,0.628223,0.000968796,0.778033
266.027,5003.0,7232.65,0.628195,0.000968796,0.778055
265.745,5468.0,7232.3,0.628195,0.000968796,0.778055
257.497,5468.0,7238.96,0.628195,0.000968796,0.778055
266.027,5003.0,7232.65,0.559967,-0.000967446,0.828514
257.497,5468.0,7238.96,0.559967,-0.000967446,0.828514
248.462,5003.0,7244.53,0.559967,-0.000967446,0.828514
257.497,5468.0,7238.96,0.487696,0.000969201,0.873013
248.242,5468.0,7244.13,0.487696,0.000969201,0.873013
248.462,5003.0,7244.53,0.487696,0.000969201,0.873013
248.462,5003.0,7244.53,0.487694,0.000969201,0.873014
248.242,5468.0,7244.13,0.487694,0.000969201,0.873014
238.988,5468.0,7249.3,0.487694,0.000969201,0.873014
248.462,5003.0,7244.53,0.411901,-0.000967581,0.911228
238.988,5468.0,7249.3,0.411901,-0.000967581,0.911228
229.142,5003.0,7253.26,0.411901,-0.000967581,0.911228
238.988,5468.0,7249.3,0.333198,0.000967854,0.942856
228.992,5468.0,7252.84,0.333198,0.000967854,0.942856
229.142,5003.0,7253.26,0.333198,0.000967854,0.942856
229.142,5003.0,7253.26,0.333116,0.000967854,0.942885
228.992,5468.0,7252.84,0.333116,0.000967854,0.942885
218.997,5468.0,7256.37,0.333116,0.000967854,0.942885
229.142,5003.0,7253.26,0.251977,-0.000968429,0.967733
218.997,5468.0,7256.37,0.251977,-0.000968429,0.967733
208.625,5003.0,7258.6,0.251977,-0.000968429,0.967733
218.997,5468.0,7256.37,0.168998,0.000968443,0.985616
208.549,5468.0,7258.16,0.168998,0.000968443,0.985616
208.625,5003.0,7258.6,0.168998,0.000968443,0.985616
208.625,5003.0,7258.6,0.168998,0.000968443,0.985616
208.549,5468.0,7258.16,0.168998,0.000968443,0.985616
198.101,5468.0,7259.95,0.168998,0.000968443,0.985616
208.625,5003.0,7258.6,0.0847984,-0.000968499,0.996398
198.101,5468.0,7259.95,0.0847984,-0.000968499,0.996398
187.5,5003.0,7260.4,0.0847984,-0.000968499,0.996398
187.5,5003.0,7260.4,0.0424301,0.0,0.999099
198.101,5468.0,7259.95,0.0424301,0.0,0.999099
187.5,5468.0,7260.4,0.0424301,0.0,0.999099
187.5,5003.0,7260.4,-0.0424301,0.0,0.999099
187.5,5468.0,7260.4,-0.0424301,0.0,0.999099
176.899,5468.0,7259.95,-0.0424301,0.0,0.999099
293.941,5003.0,7200.94,0.578767,-0.694125,0.428042
281.334,5003.0,7217.98,0.578767,-0.694125,0.428042
258.814,4972.0,7198.16,0.578767,-0.694125,0.428042
258.814,4972.0,7198.16,0.524163,-0.69524,0.491828
281.334,5003.0,7217.98,0.524163,-0.69524,0.491828
275.888,5003.0,7223.79,0.524163,-0.69524,0.491828
258.814,4972.0,7198.16,0.494722,-0.699151,0.516177
275.888,5003.0,7223.79,0.494722,-0.699151,0.516177
247.181,4972.0,7209.31,0.494722,-0.699151,0.516177
247.181,4972.0,7209.31,0.480804,-0.694917,0.534713
275.888,5003.0,7223.79,0.480804,-0.694917,0.534713
266.027,5003.0,7232.65,0.480804,-0.694917,0.534713
247.181,4972.0,7209.31,0.403085,-0.694126,0.596416
266.027,5003.0,7232.65,0.403085,-0.694126,0.596416
233.831,4972.0,7218.34,0.403085,-0.694126,0.596416
233.831,4972.0,7218.34,0.403093,-0.69413,0.596406
266.027,5003.0,7232.65,0.403093,-0.69413,0.596406
248.462,5003.0,7244.53,0.403093,-0.69413,0.596406
233.831,4972.0,7218.34,0.296514,-0.69413,0.655944
248.462,5003.0,7244.53,0.296514,-0.69413,0.655944
219.148,4972.0,7224.97,0.296514,-0.69413,0.655944
219.148,4972.0,7224.97,0.296508,-0.694128,0.65595
248.462,5003.0,7244.53,0.296508,-0.694128,0.65595
229.142,5003.0,7253.26,0.296508,-0.694128,0.65595
219.148,4972.0,7224.97,0.181403,-0.694129,0.696619
229.142,5003.0,7253.26,0.181403,-0.694129,0.696619
203.555,4972.0,7229.03,0.181403,-0.694129,0.696619
203.555,4972.0,7229.03,0.181387,-0.694123,0.696629
229.142,5003.0,7253.26,0.181387,-0.694123,0.696629
208.625,5003.0,7258.6,0.181387,-0.694123,0.696629
203.555,4972.0,7229.03,0.0610358,-0.694122,0.717265
208.625,5003.0,7258.6,0.0610358,-0.694122,0.717265
187.5,4972.0,7230.4,0.0610358,-0.694122,0.717265
187.5,4972.0,7230.4,0.0610426,-0.694125,0.717262
208.625,5003.0,7258.6,0.0610426,-0.694125,0.717262
187.5,5003.0,7260.4,0.0610426,-0.694125,0.717262
187.5,4972.0,7230.4,-0.0610356,-0.694125,0.717262
187.5,5003.0,7260.4,-0.0610356,-0.694125,0.717262
171.445,4972.0,7229.03,-0.0610356,-0.694125,0.717262
171.445,4972.0,7229.03,-0.0610427,-0.694123,0.717264
187.5,5003.0,7260.4,-0.0610427,-0.694123,0.717264
166.375,5003.0,7258.6,-0.0610427,-0.694123,0.717264
171.445,4972.0,7229.03,-0.181405,-0.694122,0.696625
166.375,5003.0,7258.6,-0.181405,-0.694122,0.696625
155.852,4972.0,7224.97,-0.181405,-0.694122,0.696625
155.852,4972.0,7224.97,-0.181386,-0.694128,0.696624
166.375,5003.0,7258.6,-0.181386,-0.694128,0.696624
145.858,5003.0,7253.26,-0.181386,-0.694128,0.696624
155.852,4972.0,7224.97,-0.296515,-0.694127,0.655947
145.858,5003.0,7253.26,-0.296515,-0.694127,0.655947
141.169,4972.0,7218.34,-0.296515,-0.694127,0.655947
141.169,4972.0,7218.34,-0.296507,-0.69413,0.655948
145.858,5003.0,7253.26,-0.296507,-0.69413,0.655948
126.538,5003.0,7244.53,-0.296507,-0.69413,0.655948
141.169,4972.0,7218.34,-0.403083,-0.69413,0.596412
126.538,5003.0,7244.53,-0.403083,-0.69413,0.596412
127.819,4972.0,7209.31,-0.403083,-0.69413,0.596412
127.819,4972.0,7209.31,-0.403094,-0.694126,0.596409
126.538,5003.0,7244.53,-0.403094,-0.694126,0.596409
108.972,5003.0,7232.65,-0.403094,-0.694126,0.596409
127.819,4972.0,7209.31,-0.498097,-0.694126,0.5197
108.972,5003.0,7232.65,-0.498097,-0.694126,0.5197
116.186,4972.0,7198.16,-0.498097,-0.694126,0.5197
116.186,4972.0,7198.16,-0.4981,-0.694125,0.519698
108.972,5003.0,7232.65,-0.4981,-0.694125,0.519698
93.666,5003.0,7217.98,-0.4981,-0.694125,0.519698
116.186,4972.0,7198.16,-0.578756,-0.694125,0.428056
93.666,5003.0,7217.98,-0.578756,-0.694125,0.428056
106.605,4972.0,7185.21,-0.578756,-0.694125,0.428056
106.605,4972.0,7185.21,-0.578771,-0.69412,0.428045
93.666,5003.0,7217.98,-0.578771,-0.69412,0.428045
81.0589,5003.0,7200.94,-0.578771,-0.69412,0.428045
106.605,4972.0,7185.21,-0.642784,-0.69412,0.324077
81.0589,5003.0,7200.94,-0.642784,-0.69412,0.324077
99.3505,4972.0,7170.82,-0.642784,-0.69412,0.324077
99.3505,4972.0,7170.82,-0.642777,-0.694123,0.324085
81.0589,5003.0,7200.94,-0.642777,-0.694123,0.324085
71.5139,5003.0,7182.01,-0.642777,-0.694123,0.324085
99.3505,4972.0,7170.82,-0.688302,-0.694124,0.210791
71.5139,5003.0,7182.01,-0.688302,-0.694124,0.210791
94.6323,4972.0,7155.41,-0.688302,-0.694124,0.210791
94.6323,4972.0,7155.41,-0.688301,-0.694124,0.210792
71.5139,5003.0,7182.01,-0.688301,-0.694124,0.210792
65.3056,5003.0,7161.73,-0.688301,-0.694124,0.210792
94.6323,4972.0,7155.41,-0.714024,-0.694124,0.0914355
65.3056,5003.0,7161.73,-0.714024,-0.694124,0.0914355
92.5856,4972.0,7139.43,-0.714024,-0.694124,0.0914355
92.5856,4972.0,7139.43,-0.714025,-0.694124,0.0914344
65.3056,5003.0,7161.73,-0.714025,-0.694124,0.0914344
62.6126,5003.0,7140.71,-0.714025,-0.694124,0.0914344
92.5856,4972.0,7139.43,-0.719206,-0.694125,-0.0305515
62.6126,5003.0,7140.71,-0.719206,-0.694125,-0.0305515
93.2695,4972.0,7123.33,-0.719206,-0.694125,-0.0305515
93.2695,4972.0,7123.33,-0.719206,-0.694125,-0.0305511
62.6126,5003.0,7140.71,-0.719206,-0.694125,-0.0305511
63.5124,5003.0,7119.52,-0.719206,-0.694125,-0.0305511
93.2695,4972.0,7123.33,-0.703698,-0.694126,-0.151654
63.5124,5003.0,7119.52,-0.703698,-0.694126,-0.151654
96.6642,4972.0,7107.58,-0.703698,-0.694126,-0.151654
96.6642,4972.0,7107.58,-0.703698,-0.694123,-0.151662
63.5124,5003.0,7119.52,-0.703698,-0.694123,-0.151662
67.9792,5003.0,7098.8,-0.703698,-0.694123,-0.151662
96.6642,4972.0,7107.58,-0.667945,-0.694122,-0.268411
67.9792,5003.0,7098.8,-0.667945,-0.694122,-0.268411
102.672,4972.0,7092.63,-0.667945,-0.694122,-0.268411
102.672,4972.0,7092.63,-0.667946,-0.694125,-0.2684
67.9792,5003.0,7098.8,-0.667946,-0.694125,-0.2684
75.8843,5003.0,7079.12,-0.667946,-0.694125,-0.2684
102.672,4972.0,7092.63,-0.612981,-0.694126,-0.377417
75.8843,5003.0,7079.12,-0.612981,-0.694126,-0.377417
111.12,4972.0,7078.91,-0.612981,-0.694126,-0.377417
111.12,4972.0,7078.91,-0.612979,-0.694124,-0.377425
75.8843,5003.0,7079.12,-0.612979,-0.694124,-0.377425
87.0004,5003.0,7061.07,-0.612979,-0.694124,-0.377425
111.12,4972.0,7078.91,-0.540377,-0.694123,-0.47559
87.0004,5003.0,7061.07,-0.540377,-0.694123,-0.47559
121.766,4972.0,7066.81,-0.540377,-0.694123,-0.47559
121.766,4972.0,7066.81,-0.540373,-0.694121,-0.475598
87.0004,5003.0,7061.07,-0.540373,-0.694121,-0.475598
101.008,5003.0,7045.16,-0.540373,-0.694121,-0.475598
121.766,4972.0,7066.81,-0.452229,-0.69412,-0.560077
101.008,5003.0,7045.16,-0.452229,-0.69412,-0.560077
134.302,4972.0,7056.69,-0.452229,-0.69412,-0.560077
134.302,4972.0,7056.69,-0.452232,-0.694121,-0.560073
101.008,5003.0,7045.16,-0.452232,-0.694121,-0.560073
117.503,5003.0,7031.84,-0.452232,-0.694121,-0.560073
134.302,4972.0,7056.69,-0.351059,-0.69412,-0.628454
117.503,5003.0,7031.84,-0.351059,-0.69412,-0.628454
148.369,4972.0,7048.83,-0.351059,-0.69412,-0.628454
148.369,4972.0,7048.83,-0.35108,-0.69413,-0.628432
117.503,5003.0,7031.84,-0.35108,-0.69413,-0.628432
136.012,5003.0,7021.5,-0.35108,-0.69413,-0.628432
148.369,4972.0,7048.83,-0.23982,-0.694131,-0.678726
136.012,5003.0,7021.5,-0.23982,-0.694131,-0.678726
163.562,4972.0,7043.47,-0.23982,-0.694131,-0.678726
163.562,4972.0,7043.47,-0.239796,-0.694122,-0.678743
136.012,5003.0,7021.5,-0.239796,-0.694122,-0.678743
156.003,5003.0,7014.43,-0.239796,-0.694122,-0.678743
163.562,4972.0,7043.47,-0.121657,-0.694121,-0.709503
156.003,5003.0,7014.43,-0.121657,-0.694121,-0.709503
179.443,4972.0,7040.74,-0.121657,-0.694121,-0.709503
179.443,4972.0,7040.74,-0.121655,-0.694121,-0.709505
156.003,5003.0,7014.43,-0.121655,-0.694121,-0.709505
176.899,5003.0,7010.85,-0.121655,-0.694121,-0.709505
179.443,4972.0,7040.74,0.0,-0.69412,-0.719859
176.899,5003.0,7010.85,0.0,-0.69412,-0.719859
195.557,4972.0,7040.74,0.0,-0.69412,-0.719859
195.557,4972.0,7040.74,0.0,-0.69412,-0.719859
176.899,5003.0,7010.85,0.0,-0.69412,-0.719859
198.101,5003.0,7010.85,0.0,-0.69412,-0.719859
195.557,4972.0,7040.74,0.121657,-0.69412,-0.709504
198.101,5003.0,7010.85,0.121657,-0.69412,-0.709504
211.438,4972.0,7043.47,0.121657,-0.69412,-0.709504
211.438,4972.0,7043.47,0.121655,-0.694121,-0.709504
198.101,5003.0,7010.85,0.121655,-0.694121,-0.709504
218.997,5003.0,7014.43,0.121655,-0.694121,-0.709504
211.438,4972.0,7043.47,0.239823,-0.694121,-0.678735
218.997,5003.0,7014.43,0.239823,-0.694121,-0.678735
226.631,4972.0,7048.83,0.239823,-0.694121,-0.678735
226.631,4972.0,7048.83,0.239794,-0.69413,-0.678736
218.997,5003.0,7014.43,0.239794,-0.69413,-0.678736
238.988,5003.0,7021.5,0.239794,-0.69413,-0.678736
226.631,4972.0,7048.83,0.351054,-0.694131,-0.628446
238.988,5003.0,7021.5,0.351054,-0.694131,-0.628446
240.698,4972.0,7056.69,0.351054,-0.694131,-0.628446
240.698,4972.0,7056.69,0.351084,-0.694122,-0.628439
238.988,5003.0,7021.5,0.351084,-0.694122,-0.628439
257.497,5003.0,7031.84,0.351084,-0.694122,-0.628439
240.698,4972.0,7056.69,0.452228,-0.694121,-0.560076
257.497,5003.0,7031.84,0.452228,-0.694121,-0.560076
253.234,4972.0,7066.81,0.452228,-0.694121,-0.560076
253.234,4972.0,7066.81,0.452232,-0.69412,-0.560074
257.497,5003.0,7031.84,0.452232,-0.69412,-0.560074
273.992,5003.0,7045.16,0.452232,-0.69412,-0.560074
253.234,4972.0,7066.81,0.540379,-0.69412,-0.475592
273.992,5003.0,7045.16,0.540379,-0.69412,-0.475592
263.88,4972.0,7078.91,0.540379,-0.69412,-0.475592
263.88,4972.0,7078.91,0.540372,-0.694123,-0.475596
273.992,5003.0,7045.16,0.540372,-0.694123,-0.475596
288.0,5003.0,7061.07,0.540372,-0.694123,-0.475596
263.88,4972.0,7078.91,0.612983,-0.694123,-0.377418
288.0,5003.0,7061.07,0.612983,-0.694123,-0.377418
272.328,4972.0,7092.63,0.612983,-0.694123,-0.377418
272.328,4972.0,7092.63,0.612977,-0.694126,-0.377424
288.0,5003.0,7061.07,0.612977,-0.694126,-0.377424
299.116,5003.0,7079.12,0.612977,-0.694126,-0.377424
272.328,4972.0,7092.63,0.667942,-0.694125,-0.26841
299.116,5003.0,7079.12,0.667942,-0.694125,-0.26841
278.336,4972.0,7107.58,0.667942,-0.694125,-0.26841
278.336,4972.0,7107.58,0.667949,-0.694122,-0.268401
299.116,5003.0,7079.12,0.667949,-0.694122,-0.268401
307.021,5003.0,7098.8,0.667949,-0.694122,-0.268401
278.336,4972.0,7107.58,0.703701,-0.694123,-0.151654
307.021,5003.0,7098.8,0.703701,-0.694123,-0.151654
281.731,4972.0,7123.33,0.703701,-0.694123,-0.151654
281.731,4972.0,7123.33,0.703696,-0.694126,-0.151662
307.021,5003.0,7098.8,0.703696,-0.694126,-0.151662
311.488,5003.0,7119.52,0.703696,-0.694126,-0.151662
281.731,4972.0,7123.33,0.719206,-0.694125,-0.0305518
311.488,5003.0,7119.52,0.719206,-0.694125,-0.0305518
282.414,4972.0,7139.43,0.719206,-0.694125,-0.0305518
282.414,4972.0,7139.43,0.719206,-0.694125,-0.030552
311.488,5003.0,7119.52,0.719206,-0.694125,-0.030552
312.387,5003.0,7140.71,0.719206,-0.694125,-0.030552
282.414,4972.0,7139.43,0.714025,-0.694124,0.0914359
312.387,5003.0,7140.71,0.714025,-0.694124,0.0914359
280.368,4972.0,7155.41,0.714025,-0.694124,0.0914359
280.368,4972.0,7155.41,0.714025,-0.694124,0.0914352
312.387,5003.0,7140.71,0.714025,-0.694124,0.0914352
309.694,5003.0,7161.73,0.714025,-0.694124,0.0914352
280.368,4972.0,7155.41,0.688301,-0.694124,0.210791
309.694,5003.0,7161.73,0.688301,-0.694124,0.210791
275.649,4972.0,7170.82,0.688301,-0.694124,0.210791
275.649,4972.0,7170.82,0.688301,-0.694124,0.210791
309.694,5003.0,7161.73,0.688301,-0.694124,0.210791
303.486,5003.0,7182.01,0.688301,-0.694124,0.210791
275.649,4972.0,7170.82,0.642781,-0.694124,0.324075
303.486,5003.0,7182.01,0.642781,-0.694124,0.324075
268.395,4972.0,7185.21,0.642781,-0.694124,0.324075
268.395,4972.0,7185.21,0.642779,-0.694121,0.324087
303.486,5003.0,7182.01,0.642779,-0.694121,0.324087
293.941,5003.0,7200.94,0.642779,-0.694121,0.324087
268.395,4972.0,7185.21,0.57876,-0.694119,0.42806
293.941,5003.0,7200.94,0.57876,-0.694119,0.42806
258.814,4972.0,7198.16,0.57876,-0.694119,0.42806
79.9035,3062.0,7023.14,0.0,-1.0,0.0
100.424,3062.0,7006.57,0.0,-1.0,0.0
70.7705,3062.0,7238.13,0.0,-1.0,0.0
161.22,3062.0,7288.66,0.0,-1.0,0.0
135.697,3062.0,7282.02,0.0,-1.0,0.0
111.663,3062.0,7271.15,0.0,-1.0,0.0
285.188,3062.0,7256.38,0.0,-1.0,0.0
263.337,3062.0,7271.15,0.0,-1.0,0.0
304.23,3062.0,7238.13,0.0,-1.0,0.0
304.23,3062.0,7238.13,0.0,-1.0,0.0
263.337,3062.0,7271.15,0.0,-1.0,0.0
100.424,3062.0,7006.57,0.0,-1.0,0.0
161.22,3062.0,7288.66,0.0,-1.0,0.0
111.663,3062.0,7271.15,0.0,-1.0,0.0
100.424,3062.0,7006.57,0.0,-1.0,0.0
100.424,3062.0,7006.57,0.0,-1.0,0.0
111.663,3062.0,7271.15,0.0,-1.0,0.0
89.8118,3062.0,7256.38,0.0,-1.0,0.0
100.424,3062.0,7006.57,0.0,-1.0,0.0
89.8118,3062.0,7256.38,0.0,-1.0,0.0
70.7705,3062.0,7238.13,0.0,-1.0,0.0
295.096,3062.0,7023.14,0.0,-1.0,0.0
312.522,3062.0,7042.93,0.0,-1.0,0.0
304.23,3062.0,7238.13,0.0,-1.0,0.0
304.23,3062.0,7238.13,0.0,-1.0,0.0
312.522,3062.0,7042.93,0.0,-1.0,0.0
326.35,3062.0,7065.39,0.0,-1.0,0.0
187.5,3062.0,7290.9,0.0,-1.0,0.0
161.22,3062.0,7288.66,0.0,-1.0,0.0
213.78,3062.0,7288.66,0.0,-1.0,0.0
213.78,3062.0,7288.66,0.0,-1.0,0.0
161.22,3062.0,7288.66,0.0,-1.0,0.0
100.424,3062.0,7006.57,0.0,-1.0,0.0
213.78,3062.0,7288.66,0.0,-1.0,0.0
100.424,3062.0,7006.57,0.0,-1.0,0.0
239.303,3062.0,7282.02,0.0,-1.0,0.0
239.303,3062.0,7282.02,0.0,-1.0,0.0
100.424,3062.0,7006.57,0.0,-1.0,0.0
263.337,3062.0,7271.15,0.0,-1.0,0.0
62.4785,3062.0,7042.93,0.0,-1.0,0.0
79.9035,3062.0,7023.14,0.0,-1.0,0.0
48.65,3062.0,7065.39,0.0,-1.0,0.0
48.65,3062.0,7065.39,0.0,-1.0,0.0
79.9035,3062.0,7023.14,0.0,-1.0,0.0
70.7705,3062.0,7238.13,0.0,-1.0,0.0
48.65,3062.0,7065.39,0.0,-1.0,0.0
70.7705,3062.0,7238.13,0.0,-1.0,0.0
38.8161,3062.0,7089.87,0.0,-1.0,0.0
38.8161,3062.0,7089.87,0.0,-1.0,0.0
70.7705,3062.0,7238.13,0.0,-1.0,0.0
55.0872,3062.0,7216.93,0.0,-1.0,0.0
38.8161,3062.0,7089.87,0.0,-1.0,0.0
55.0872,3062.0,7216.93,0.0,-1.0,0.0
33.2595,3062.0,7115.65,0.0,-1.0,0.0
33.2595,3062.0,7115.65,0.0,-1.0,0.0
55.0872,3062.0,7216.93,0.0,-1.0,0.0
43.2133,3062.0,7193.38,0.0,-1.0,0.0
33.2595,3062.0,7115.65,0.0,-1.0,0.0
43.2133,3062.0,7193.38,0.0,-1.0,0.0
32.1401,3062.0,7142.0,0.0,-1.0,0.0
32.1401,3062.0,7142.0,0.0,-1.0,0.0
43.2133,3062.0,7193.38,0.0,-1.0,0.0
35.4902,3062.0,7168.16,0.0,-1.0,0.0
100.424,3062.0,7006.57,0.0,-1.0,0.0
123.449,3062.0,6993.7,0.0,-1.0,0.0
304.23,3062.0,7238.13,0.0,-1.0,0.0
304.23,3062.0,7238.13,0.0,-1.0,0.0
123.449,3062.0,6993.7,0.0,-1.0,0.0
148.317,3062.0,6984.92,0.0,-1.0,0.0
304.23,3062.0,7238.13,0.0,-1.0,0.0
148.317,3062.0,6984.92,0.0,-1.0,0.0
174.313,3062.0,6980.46,0.0,-1.0,0.0
274.576,3062.0,7006.57,0.0,-1.0,0.0
295.096,3062.0,7023.14,0.0,-1.0,0.0
251.551,3062.0,6993.7,0.0,-1.0,0.0
251.551,3062.0,6993.7,0.0,-1.0,0.0
295.096,3062.0,7023.14,0.0,-1.0,0.0
304.23,3062.0,7238.13,0.0,-1.0,0.0
251.551,3062.0,6993.7,0.0,-1.0,0.0
304.23,3062.0,7238.13,0.0,-1.0,0.0
226.683,3062.0,6984.92,0.0,-1.0,0.0
226.683,3062.0,6984.92,0.0,-1.0,0.0
304.23,3062.0,7238.13,0.0,-1.0,0.0
174.313,3062.0,6980.46,0.0,-1.0,0.0
226.683,3062.0,6984.92,0.0,-1.0,0.0
174.313,3062.0,6980.46,0.0,-1.0,0.0
200.687,3062.0,6980.46,0.0,-1.0,0.0
319.913,3062.0,7216.93,0.0,-1.0,0.0
304.23,3062.0,7238.13,0.0,-1.0,0.0
331.787,3062.0,7193.38,0.0,-1.0,0.0
331.787,3062.0,7193.38,0.0,-1.0,0.0
304.23,3062.0,7238.13,0.0,-1.0,0.0
326.35,3062.0,7065.39,0.0,-1.0,0.0
331.787,3062.0,7193.38,0.0,-1.0,0.0
326.35,3062.0,7065.39,0.0,-1.0,0.0
339.51,3062.0,7168.16,0.0,-1.0,0.0
339.51,3062.0,7168.16,0.0,-1.0,0.0
326.35,3062.0,7065.39,0.0,-1.0,0.0
336.184,3062.0,7089.87,0.0,-1.0,0.0
339.51,3062.0,7168.16,0.0,-1.0,0.0
336.184,3062.0,7089.87,0.0,-1.0,0.0
342.86,3062.0,7142.0,0.0,-1.0,0.0
342.86,3062.0,7142.0,0.0,-1.0,0.0
336.184,3062.0,7089.87,0.0,-1.0,0.0
341.741,3062.0,7115.65,0.0,-1.0,0.0
203.555,4972.0,7229.03,0.252001,0.0,0.967727
203.555,4922.0,7229.03,0.252001,0.0,0.967727
219.148,4972.0,7224.97,0.252001,0.0,0.967727
219.148,4972.0,7224.97,0.252001,0.0,0.967727
203.555,4922.0,7229.03,0.252001,0.0,0.967727
219.148,4922.0,7224.97,0.252001,0.0,0.967727
219.148,4972.0,7224.97,0.411911,0.0,0.911224
219.148,4922.0,7224.97,0.411911,0.0,0.911224
233.831,4972.0,7218.34,0.411911,0.0,0.911224
233.831,4972.0,7218.34,0.411911,0.0,0.911224
219.148,4922.0,7224.97,0.411911,0.0,0.911224
233.831,4922.0,7218.34,0.411911,0.0,0.911224
233.831,4972.0,7218.34,0.559954,0.0,0.828524
233.831,4922.0,7218.34,0.559954,0.0,0.828524
247.181,4972.0,7209.31,0.559954,0.0,0.828524
247.181,4972.0,7209.31,0.559954,0.0,0.828524
233.831,4922.0,7218.34,0.559954,0.0,0.828524
247.181,4922.0,7209.31,0.559954,0.0,0.828524
247.181,4972.0,7209.31,0.691944,0.0,0.721951
247.181,4922.0,7209.31,0.691944,0.0,0.721951
258.814,4972.0,7198.16,0.691944,0.0,0.721951
258.814,4972.0,7198.16,0.691944,0.0,0.721951
247.181,4922.0,7209.31,0.691944,0.0,0.721951
258.814,4922.0,7198.16,0.691944,0.0,0.721951
258.814,4972.0,7198.16,0.80399,0.0,0.594643
258.814,4922.0,7198.16,0.80399,0.0,0.594643
268.395,4972.0,7185.21,0.80399,0.0,0.594643
268.395,4972.0,7185.21,0.80399,0.0,0.594643
258.814,4922.0,7198.16,0.80399,0.0,0.594643
268.395,4922.0,7185.21,0.80399,0.0,0.594643
268.395,4972.0,7185.21,0.892931,0.0,0.450194
268.395,4922.0,7185.21,0.892931,0.0,0.450194
275.649,4972.0,7170.82,0.892931,0.0,0.450194
275.649,4972.0,7170.82,0.892931,0.0,0.450194
268.395,4922.0,7185.21,0.892931,0.0,0.450194
275.649,4922.0,7170.82,0.892931,0.0,0.450194
275.649,4972.0,7170.82,0.956166,0.0,0.292825
275.649,4922.0,7170.82,0.956166,0.0,0.292825
280.368,4972.0,7155.41,0.956166,0.0,0.292825
280.368,4972.0,7155.41,0.956166,0.0,0.292825
275.649,4922.0,7170.82,0.956166,0.0,0.292825
280.368,4922.0,7155.41,0.956166,0.0,0.292825
280.368,4972.0,7155.41,0.9919,0.0,0.12702
280.368,4922.0,7155.41,0.9919,0.0,0.12702
282.414,4972.0,7139.43,0.9919,0.0,0.12702
282.414,4972.0,7139.43,0.9919,0.0,0.12702
280.368,4922.0,7155.41,0.9919,0.0,0.12702
282.414,4922.0,7139.43,0.9919,0.0,0.12702
282.414,4972.0,7139.43,0.999099,0.0,-0.0424416
282.414,4922.0,7139.43,0.999099,0.0,-0.0424416
281.731,4972.0,7123.33,0.999099,0.0,-0.0424416
281.731,4972.0,7123.33,0.999099,0.0,-0.0424416
282.414,4922.0,7139.43,0.999099,0.0,-0.0424416
281.731,4922.0,7123.33,0.999099,0.0,-0.0424416
281.731,4972.0,7123.33,0.977557,0.0,-0.210672
281.731,4922.0,7123.33,0.977557,0.0,-0.210672
278.336,4972.0,7107.58,0.977557,0.0,-0.210672
278.336,4972.0,7107.58,0.977557,0.0,-0.210672
281.731,4922.0,7123.33,0.977557,0.0,-0.210672
278.336,4922.0,7107.58,0.977557,0.0,-0.210672
278.336,4972.0,7107.58,0.927885,0.0,-0.372867
278.336,4922.0,7107.58,0.927885,0.0,-0.372867
272.328,4972.0,7092.63,0.927885,0.0,-0.372867
272.328,4972.0,7092.63,0.927885,0.0,-0.372867
278.336,4922.0,7107.58,0.927885,0.0,-0.372867
272.328,4922.0,7092.63,0.927885,0.0,-0.372867
272.328,4972.0,7092.63,0.851536,0.0,-0.524297
272.328,4922.0,7092.63,0.851536,0.0,-0.524297
263.88,4972.0,7078.91,0.851536,0.0,-0.524297
263.88,4972.0,7078.91,0.851536,0.0,-0.524297
272.328,4922.0,7092.63,0.851536,0.0,-0.524297
263.88,4922.0,7078.91,0.851536,0.0,-0.524297
263.88,4972.0,7078.91,0.750673,0.0,-0.660674
263.88,4922.0,7078.91,0.750673,0.0,-0.660674
253.234,4972.0,7066.81,0.750673,0.0,-0.660674
253.234,4972.0,7066.81,0.750673,0.0,-0.660674
263.88,4922.0,7078.91,0.750673,0.0,-0.660674
253.234,4922.0,7066.81,0.750673,0.0,-0.660674
253.234,4972.0,7066.81,0.628218,0.0,-0.778037
253.234,4922.0,7066.81,0.628218,0.0,-0.778037
240.698,4972.0,7056.69,0.628218,0.0,-0.778037
240.698,4972.0,7056.69,0.628218,0.0,-0.778037
253.234,4922.0,7066.81,0.628218,0.0,-0.778037
240.698,4922.0,7056.69,0.628218,0.0,-0.778037
240.698,4972.0,7056.69,0.487677,0.0,-0.873024
240.698,4922.0,7056.69,0.487677,0.0,-0.873024
226.631,4972.0,7048.83,0.487677,0.0,-0.873024
226.631,4972.0,7048.83,0.487677,0.0,-0.873024
240.698,4922.0,7056.69,0.487677,0.0,-0.873024
226.631,4922.0,7048.83,0.487677,0.0,-0.873024
226.631,4972.0,7048.83,0.333153,0.0,-0.942873
226.631,4922.0,7048.83,0.333153,0.0,-0.942873
211.438,4972.0,7043.47,0.333153,0.0,-0.942873
211.438,4972.0,7043.47,0.333153,0.0,-0.942873
226.631,4922.0,7048.83,0.333153,0.0,-0.942873
211.438,4922.0,7043.47,0.333153,0.0,-0.942873
211.438,4972.0,7043.47,0.169002,0.0,-0.985616
211.438,4922.0,7043.47,0.169002,0.0,-0.985616
195.557,4972.0,7040.74,0.169002,0.0,-0.985616
195.557,4972.0,7040.74,0.169002,0.0,-0.985616
211.438,4922.0,7043.47,0.169002,0.0,-0.985616
195.557,4922.0,7040.74,0.169002,0.0,-0.985616
195.557,4972.0,7040.74,0.0,0.0,-1.0
195.557,4922.0,7040.74,0.0,0.0,-1.0
179.443,4972.0,7040.74,0.0,0.0,-1.0
179.443,4972.0,7040.74,0.0,0.0,-1.0
195.557,4922.0,7040.74,0.0,0.0,-1.0
179.443,4922.0,7040.74,0.0,0.0,-1.0
179.443,4972.0,7040.74,-0.169002,0.0,-0.985616
179.443,4922.0,7040.74,-0.169002,0.0,-0.985616
163.562,4972.0,7043.47,-0.169002,0.0,-0.985616
163.562,4972.0,7043.47,-0.169002,0.0,-0.985616
179.443,4922.0,7040.74,-0.169002,0.0,-0.985616
163.562,4922.0,7043.47,-0.169002,0.0,-0.985616
163.562,4972.0,7043.47,-0.333153,0.0,-0.942873
163.562,4922.0,7043.47,-0.333153,0.0,-0.942873
148.369,4972.0,7048.83,-0.333153,0.0,-0.942873
148.369,4972.0,7048.83,-0.333153,0.0,-0.942873
163.562,4922.0,7043.47,-0.333153,0.0,-0.942873
148.369,4922.0,7048.83,-0.333153,0.0,-0.942873
148.369,4972.0,7048.83,-0.487677,0.0,-0.873024
148.369,4922.0,7048.83,-0.487677,0.0,-0.873024
134.302,4972.0,7056.69,-0.487677,0.0,-0.873024
134.302,4972.0,7056.69,-0.487677,0.0,-0.873024
148.369,4922.0,7048.83,-0.487677,0.0,-0.873024
134.302,4922.0,7056.69,-0.487677,0.0,-0.873024
134.302,4972.0,7056.69,-0.628219,0.0,-0.778037
134.302,4922.0,7056.69,-0.628219,0.0,-0.778037
121.766,4972.0,7066.81,-0.628219,0.0,-0.778037
121.766,4972.0,7066.81,-0.628219,0.0,-0.778037
134.302,4922.0,7056.69,-0.628219,0.0,-0.778037
121.766,4922.0,7066.81,-0.628219,0.0,-0.778037
121.766,4972.0,7066.81,-0.750673,0.0,-0.660674
121.766,4922.0,7066.81,-0.750673,0.0,-0.660674
111.12,4972.0,7078.91,-0.750673,0.0,-0.660674
111.12,4972.0,7078.91,-0.750673,0.0,-0.660674
121.766,4922.0,7066.81,-0.750673,0.0,-0.660674
111.12,4922.0,7078.91,-0.750673,0.0,-0.660674
111.12,4972.0,7078.91,-0.851536,0.0,-0.524297
111.12,4922.0,7078.91,-0.851536,0.0,-0.524297
102.672,4972.0,7092.63,-0.851536,0.0,-0.524297
102.672,4972.0,7092.63,-0.851536,0.0,-0.524297
111.12,4922.0,7078.91,-0.851536,0.0,-0.524297
102.672,4922.0,7092.63,-0.851536,0.0,-0.524297
102.672,4972.0,7092.63,-0.927885,0.0,-0.372867
102.672,4922.0,7092.63,-0.927885,0.0,-0.372867
96.6642,4972.0,7107.58,-0.927885,0.0,-0.372867
96.6642,4972.0,7107.58,-0.927885,0.0,-0.372867
102.672,4922.0,7092.63,-0.927885,0.0,-0.372867
96.6642,4922.0,7107.58,-0.927885,0.0,-0.372867
96.6642,4972.0,7107.58,-0.977557,0.0,-0.210673
96.6642,4922.0,7107.58,-0.977557,0.0,-0.210673
93.2695,4972.0,7123.33,-0.977557,0.0,-0.210673
93.2695,4972.0,7123.33,-0.977557,0.0,-0.210673
96.6642,4922.0,7107.58,-0.977557,0.0,-0.210673
93.2695,4922.0,7123.33,-0.977557,0.0,-0.210673
93.2695,4972.0,7123.33,-0.999099,0.0,-0.0424412
93.2695,4922.0,7123.33,-0.999099,0.0,-0.0424412
92.5856,4972.0,7139.43,-0.999099,0.0,-0.0424412
92.5856,4972.0,7139.43,-0.999099,0.0,-0.0424412
93.2695,4922.0,7123.33,-0.999099,0.0,-0.0424412
92.5856,4922.0,7139.43,-0.999099,0.0,-0.0424412
92.5856,4972.0,7139.43,-0.9919,0.0,0.127019
92.5856,4922.0,7139.43,-0.9919,0.0,0.127019
94.6323,4972.0,7155.41,-0.9919,0.0,0.127019
94.6323,4972.0,7155.41,-0.9919,0.0,0.127019
92.5856,4922.0,7139.43,-0.9919,0.0,0.127019
94.6323,4922.0,7155.41,-0.9919,0.0,0.127019
94.6323,4972.0,7155.41,-0.956166,0.0,0.292824
94.6323,4922.0,7155.41,-0.956166,0.0,0.292824
99.3505,4972.0,7170.82,-0.956166,0.0,0.292824
99.3505,4972.0,7170.82,-0.956166,0.0,0.292824
94.6323,4922.0,7155.41,-0.956166,0.0,0.292824
99.3505,4922.0,7170.82,-0.956166,0.0,0.292824
99.3505,4972.0,7170.82,-0.89293,0.0,0.450195
99.3505,4922.0,7170.82,-0.89293,0.0,0.450195
106.605,4972.0,7185.21,-0.89293,0.0,0.450195
106.605,4972.0,7185.21,-0.89293,0.0,0.450195
99.3505,4922.0,7170.82,-0.89293,0.0,0.450195
106.605,4922.0,7185.21,-0.89293,0.0,0.450195
106.605,4972.0,7185.21,-0.80399,0.0,0.594643
106.605,4922.0,7185.21,-0.80399,0.0,0.594643
116.186,4972.0,7198.16,-0.80399,0.0,0.594643
116.186,4972.0,7198.16,-0.80399,0.0,0.594643
106.605,4922.0,7185.21,-0.80399,0.0,0.594643
116.186,4922.0,7198.16,-0.80399,0.0,0.594643
116.186,4972.0,7198.16,-0.691943,0.0,0.721952
116.186,4922.0,7198.16,-0.691943,0.0,0.721952
127.819,4972.0,7209.31,-0.691943,0.0,0.721952
127.819,4972.0,7209.31,-0.691943,0.0,0.721952
116.186,4922.0,7198.16,-0.691943,0.0,0.721952
127.819,4922.0,7209.31,-0.691943,0.0,0.721952
127.819,4972.0,7209.31,-0.559954,0.0,0.828524
127.819,4922.0,7209.31,-0.559954,0.0,0.828524
141.169,4972.0,7218.34,-0.559954,0.0,0.828524
141.169,4972.0,7218.34,-0.559954,0.0,0.828524
127.819,4922.0,7209.31,-0.559954,0.0,0.828524
141.169,4922.0,7218.34,-0.559954,0.0,0.828524
141.169,4972.0,7218.34,-0.411911,0.0,0.911224
141.169,4922.0,7218.34,-0.411911,0.0,0.911224
155.852,4972.0,7224.97,-0.411911,0.0,0.911224
155.852,4972.0,7224.97,-0.411911,0.0,0.911224
141.169,4922.0,7218.34,-0.411911,0.0,0.911224
155.852,4922.0,7224.97,-0.411911,0.0,0.911224
155.852,4972.0,7224.97,-0.252001,0.0,0.967727
155.852,4922.0,7224.97,-0.252001,0.0,0.967727
171.445,4972.0,7229.03,-0.252001,0.0,0.967727
171.445,4972.0,7229.03,-0.252001,0.0,0.967727
155.852,4922.0,7224.97,-0.252001,0.0,0.967727
171.445,4922.0,7229.03,-0.252001,0.0,0.967727
171.445,4972.0,7229.03,-0.0847888,0.0,0.996399
171.445,4922.0,7229.03,-0.0847888,0.0,0.996399
187.5,4972.0,7230.4,-0.0847888,0.0,0.996399
187.5,4972.0,7230.4,-0.0847888,0.0,0.996399
171.445,4922.0,7229.03,-0.0847888,0.0,0.996399
187.5,4922.0,7230.4,-0.0847888,0.0,0.996399
187.5,4972.0,7230.4,0.0847888,0.0,0.996399
187.5,4922.0,7230.4,0.0847888,0.0,0.996399
203.555,4972.0,7229.03,0.0847888,0.0,0.996399
203.555,4972.0,7229.03,0.0847888,0.0,0.996399
187.5,4922.0,7230.4,0.0847888,0.0,0.996399
203.555,4922.0,7229.03,0.0847888,0.0,0.996399
219.188,3094.0,7320.2,0.178492,-0.705823,0.685532
213.78,3062.0,7288.66,0.178492,-0.705823,0.685532
249.964,3094.0,7312.19,0.178492,-0.705823,0.685532
249.964,3094.0,7312.19,0.178512,-0.705833,0.685516
213.78,3062.0,7288.66,0.178512,-0.705833,0.685516
239.303,3062.0,7282.02,0.178512,-0.705833,0.685516
249.964,3094.0,7312.19,0.291787,-0.705832,0.645493
239.303,3062.0,7282.02,0.291787,-0.705832,0.645493
278.943,3094.0,7299.09,0.291787,-0.705832,0.645493
278.943,3094.0,7299.09,0.291775,-0.705825,0.645507
239.303,3062.0,7282.02,0.291775,-0.705825,0.645507
263.337,3062.0,7271.15,0.291775,-0.705825,0.645507
278.943,3094.0,7299.09,0.39668,-0.705825,0.586903
263.337,3062.0,7271.15,0.39668,-0.705825,0.586903
305.291,3094.0,7281.28,0.39668,-0.705825,0.586903
305.291,3094.0,7281.28,0.396684,-0.705828,0.586897
263.337,3062.0,7271.15,0.396684,-0.705828,0.586897
285.188,3062.0,7256.38,0.396684,-0.705828,0.586897
305.291,3094.0,7281.28,0.490154,-0.705828,0.511425
285.188,3062.0,7256.38,0.490154,-0.705828,0.511425
328.251,3094.0,7259.28,0.490154,-0.705828,0.511425
328.251,3094.0,7259.28,0.490155,-0.70583,0.511422
285.188,3062.0,7256.38,0.490155,-0.70583,0.511422
304.23,3062.0,7238.13,0.490155,-0.70583,0.511422
328.251,3094.0,7259.28,0.569536,-0.70583,0.421227
304.23,3062.0,7238.13,0.569536,-0.70583,0.421227
347.162,3094.0,7233.71,0.569536,-0.70583,0.421227
347.162,3094.0,7233.71,0.569536,-0.70583,0.421228
304.23,3062.0,7238.13,0.569536,-0.70583,0.421228
319.913,3062.0,7216.93,0.569536,-0.70583,0.421228
347.162,3094.0,7233.71,0.63253,-0.70583,0.318921
319.913,3062.0,7216.93,0.63253,-0.70583,0.318921
361.479,3094.0,7205.31,0.63253,-0.70583,0.318921
361.479,3094.0,7205.31,0.63253,-0.705831,0.318919
319.913,3062.0,7216.93,0.63253,-0.705831,0.318919
331.787,3062.0,7193.38,0.63253,-0.705831,0.318919
361.479,3094.0,7205.31,0.677331,-0.70583,0.207428
331.787,3062.0,7193.38,0.677331,-0.70583,0.207428
370.792,3094.0,7174.9,0.677331,-0.70583,0.207428
370.792,3094.0,7174.9,0.677331,-0.70583,0.207429
331.787,3062.0,7193.38,0.677331,-0.70583,0.207429
339.51,3062.0,7168.16,0.677331,-0.70583,0.207429
370.792,3094.0,7174.9,0.702644,-0.70583,0.0899772
339.51,3062.0,7168.16,0.702644,-0.70583,0.0899772
374.831,3094.0,7143.36,0.702644,-0.70583,0.0899772
374.831,3094.0,7143.36,0.702644,-0.70583,0.0899763
339.51,3062.0,7168.16,0.702644,-0.70583,0.0899763
342.86,3062.0,7142.0,0.702644,-0.70583,0.0899763
374.831,3094.0,7143.36,0.707744,-0.705829,-0.0300644
342.86,3062.0,7142.0,0.707744,-0.705829,-0.0300644
373.481,3094.0,7111.58,0.707744,-0.705829,-0.0300644
373.481,3094.0,7111.58,0.707743,-0.70583,-0.0300652
342.86,3062.0,7142.0,0.707743,-0.70583,-0.0300652
341.741,3062.0,7115.65,0.707743,-0.70583,-0.0300652
373.481,3094.0,7111.58,0.692481,-0.705831,-0.149241
341.741,3062.0,7115.65,0.692481,-0.705831,-0.149241
366.781,3094.0,7080.5,0.692481,-0.705831,-0.149241
366.781,3094.0,7080.5,0.692481,-0.70583,-0.149241
341.741,3062.0,7115.65,0.692481,-0.70583,-0.149241
336.184,3062.0,7089.87,0.692481,-0.70583,-0.149241
366.781,3094.0,7080.5,0.657298,-0.705831,-0.264125
336.184,3062.0,7089.87,0.657298,-0.705831,-0.264125
354.924,3094.0,7050.99,0.657298,-0.705831,-0.264125
354.924,3094.0,7050.99,0.657299,-0.705831,-0.264124
336.184,3062.0,7089.87,0.657299,-0.705831,-0.264124
326.35,3062.0,7065.39,0.657299,-0.705831,-0.264124
354.924,3094.0,7050.99,0.603206,-0.705831,-0.371409
326.35,3062.0,7065.39,0.603206,-0.705831,-0.371409
338.249,3094.0,7023.91,0.603206,-0.705831,-0.371409
338.249,3094.0,7023.91,0.603209,-0.70583,-0.371407
326.35,3062.0,7065.39,0.603209,-0.70583,-0.371407
312.522,3062.0,7042.93,0.603209,-0.70583,-0.371407
338.249,3094.0,7023.91,0.531762,-0.70583,-0.46801
312.522,3062.0,7042.93,0.531762,-0.70583,-0.46801
317.239,3094.0,7000.03,0.531762,-0.70583,-0.46801
317.239,3094.0,7000.03,0.531764,-0.705829,-0.468009
312.522,3062.0,7042.93,0.531764,-0.705829,-0.468009
295.096,3062.0,7023.14,0.531764,-0.705829,-0.468009
317.239,3094.0,7000.03,0.445023,-0.705829,-0.551144
295.096,3062.0,7023.14,0.445023,-0.705829,-0.551144
292.495,3094.0,6980.05,0.445023,-0.705829,-0.551144
292.495,3094.0,6980.05,0.445024,-0.705829,-0.551144
295.096,3062.0,7023.14,0.445024,-0.705829,-0.551144
274.576,3062.0,7006.57,0.445024,-0.705829,-0.551144
292.495,3094.0,6980.05,0.345466,-0.705828,-0.618433
274.576,3062.0,7006.57,0.345466,-0.705828,-0.618433
264.731,3094.0,6964.54,0.345466,-0.705828,-0.618433
264.731,3094.0,6964.54,0.345477,-0.705824,-0.618432
274.576,3062.0,7006.57,0.345477,-0.705824,-0.618432
251.551,3062.0,6993.7,0.345477,-0.705824,-0.618432
264.731,3094.0,6964.54,0.236005,-0.705824,-0.667918
251.551,3062.0,6993.7,0.236005,-0.705824,-0.667918
234.746,3094.0,6953.95,0.236005,-0.705824,-0.667918
234.746,3094.0,6953.95,0.235981,-0.705833,-0.667916
251.551,3062.0,6993.7,0.235981,-0.705833,-0.667916
226.683,3062.0,6984.92,0.235981,-0.705833,-0.667916
234.746,3094.0,6953.95,0.119704,-0.705833,-0.698191
226.683,3062.0,6984.92,0.119704,-0.705833,-0.698191
203.401,3094.0,6948.58,0.119704,-0.705833,-0.698191
203.401,3094.0,6948.58,0.119723,-0.705825,-0.698196
226.683,3062.0,6984.92,0.119723,-0.705825,-0.698196
200.687,3062.0,6980.46,0.119723,-0.705825,-0.698196
203.401,3094.0,6948.58,0.0,-0.705825,-0.708387
200.687,3062.0,6980.46,0.0,-0.705825,-0.708387
171.599,3094.0,6948.58,0.0,-0.705825,-0.708387
171.599,3094.0,6948.58,0.0,-0.705825,-0.708387
200.687,3062.0,6980.46,0.0,-0.705825,-0.708387
174.313,3062.0,6980.46,0.0,-0.705825,-0.708387
171.599,3094.0,6948.58,-0.119705,-0.705825,-0.698199
174.313,3062.0,6980.46,-0.119705,-0.705825,-0.698199
140.254,3094.0,6953.95,-0.119705,-0.705825,-0.698199
140.254,3094.0,6953.95,-0.119721,-0.705833,-0.698188
174.313,3062.0,6980.46,-0.119721,-0.705833,-0.698188
148.317,3062.0,6984.92,-0.119721,-0.705833,-0.698188
140.254,3094.0,6953.95,-0.236002,-0.705832,-0.66791
148.317,3062.0,6984.92,-0.236002,-0.705832,-0.66791
110.269,3094.0,6964.54,-0.236002,-0.705832,-0.66791
110.269,3094.0,6964.54,-0.235985,-0.705823,-0.667926
148.317,3062.0,6984.92,-0.235985,-0.705823,-0.667926
123.449,3062.0,6993.7,-0.235985,-0.705823,-0.667926
110.269,3094.0,6964.54,-0.345468,-0.705824,-0.618437
123.449,3062.0,6993.7,-0.345468,-0.705824,-0.618437
82.5047,3094.0,6980.05,-0.345468,-0.705824,-0.618437
82.5047,3094.0,6980.05,-0.345475,-0.705829,-0.618428
123.449,3062.0,6993.7,-0.345475,-0.705829,-0.618428
100.424,3062.0,7006.57,-0.345475,-0.705829,-0.618428
82.5047,3094.0,6980.05,-0.445023,-0.705829,-0.551145
100.424,3062.0,7006.57,-0.445023,-0.705829,-0.551145
57.7615,3094.0,7000.03,-0.445023,-0.705829,-0.551145
57.7615,3094.0,7000.03,-0.445024,-0.705829,-0.551143
100.424,3062.0,7006.57,-0.445024,-0.705829,-0.551143
79.9035,3062.0,7023.14,-0.445024,-0.705829,-0.551143
57.7615,3094.0,7000.03,-0.531763,-0.705829,-0.46801
79.9035,3062.0,7023.14,-0.531763,-0.705829,-0.46801
36.7505,3094.0,7023.91,-0.531763,-0.705829,-0.46801
36.7505,3094.0,7023.91,-0.531764,-0.70583,-0.468008
79.9035,3062.0,7023.14,-0.531764,-0.70583,-0.468008
62.4785,3062.0,7042.93,-0.531764,-0.70583,-0.468008
36.7505,3094.0,7023.91,-0.603208,-0.70583,-0.371409
62.4785,3062.0,7042.93,-0.603208,-0.70583,-0.371409
20.0764,3094.0,7050.99,-0.603208,-0.70583,-0.371409
20.0764,3094.0,7050.99,-0.603208,-0.705831,-0.371407
62.4785,3062.0,7042.93,-0.603208,-0.705831,-0.371407
48.65,3062.0,7065.39,-0.603208,-0.705831,-0.371407
20.0764,3094.0,7050.99,-0.657298,-0.70583,-0.264126
48.65,3062.0,7065.39,-0.657298,-0.70583,-0.264126
8.21874,3094.0,7080.5,-0.657298,-0.70583,-0.264126
8.21874,3094.0,7080.5,-0.657298,-0.705831,-0.264125
48.65,3062.0,7065.39,-0.657298,-0.705831,-0.264125
38.8161,3062.0,7089.87,-0.657298,-0.705831,-0.264125
8.21874,3094.0,7080.5,-0.692481,-0.70583,-0.149241
38.8161,3062.0,7089.87,-0.692481,-0.70583,-0.149241
1.51867,3094.0,7111.58,-0.692481,-0.70583,-0.149241
1.51867,3094.0,7111.58,-0.692481,-0.705831,-0.149241
38.8161,3062.0,7089.87,-0.692481,-0.705831,-0.149241
33.2595,3062.0,7115.65,-0.692481,-0.705831,-0.149241
1.51867,3094.0,7111.58,-0.707743,-0.70583,-0.0300641
33.2595,3062.0,7115.65,-0.707743,-0.70583,-0.0300641
0.168949,3094.0,7143.36,-0.707743,-0.70583,-0.0300641
0.168949,3094.0,7143.36,-0.707744,-0.705829,-0.030065
33.2595,3062.0,7115.65,-0.707744,-0.705829,-0.030065
32.1401,3062.0,7142.0,-0.707744,-0.705829,-0.030065
0.168949,3094.0,7143.36,-0.702644,-0.70583,0.0899774
32.1401,3062.0,7142.0,-0.702644,-0.70583,0.0899774
4.20839,3094.0,7174.9,-0.702644,-0.70583,0.0899774
4.20839,3094.0,7174.9,-0.702644,-0.70583,0.0899767
32.1401,3062.0,7142.0,-0.702644,-0.70583,0.0899767
35.4902,3062.0,7168.16,-0.702644,-0.70583,0.0899767
4.20839,3094.0,7174.9,-0.677332,-0.70583,0.207427
35.4902,3062.0,7168.16,-0.677332,-0.70583,0.207427
13.5208,3094.0,7205.31,-0.677332,-0.70583,0.207427
13.5208,3094.0,7205.31,-0.677331,-0.70583,0.207429
35.4902,3062.0,7168.16,-0.677331,-0.70583,0.207429
43.2133,3062.0,7193.38,-0.677331,-0.70583,0.207429
13.5208,3094.0,7205.31,-0.632529,-0.705831,0.31892
43.2133,3062.0,7193.38,-0.632529,-0.705831,0.31892
27.8383,3094.0,7233.71,-0.632529,-0.705831,0.31892
27.8383,3094.0,7233.71,-0.63253,-0.70583,0.318919
43.2133,3062.0,7193.38,-0.63253,-0.70583,0.318919
55.0872,3062.0,7216.93,-0.63253,-0.70583,0.318919
27.8383,3094.0,7233.71,-0.569537,-0.70583,0.421228
55.0872,3062.0,7216.93,-0.569537,-0.70583,0.421228
46.7489,3094.0,7259.28,-0.569537,-0.70583,0.421228
46.7489,3094.0,7259.28,-0.569536,-0.70583,0.421228
55.0872,3062.0,7216.93,-0.569536,-0.70583,0.421228
70.7705,3062.0,7238.13,-0.569536,-0.70583,0.421228
46.7489,3094.0,7259.28,-0.490153,-0.70583,0.511424
70.7705,3062.0,7238.13,-0.490153,-0.70583,0.511424
69.7087,3094.0,7281.28,-0.490153,-0.70583,0.511424
69.7087,3094.0,7281.28,-0.490156,-0.705828,0.511423
70.7705,3062.0,7238.13,-0.490156,-0.705828,0.511423
89.8118,3062.0,7256.38,-0.490156,-0.705828,0.511423
69.7087,3094.0,7281.28,-0.396679,-0.705828,0.586901
89.8118,3062.0,7256.38,-0.396679,-0.705828,0.586901
96.0572,3094.0,7299.09,-0.396679,-0.705828,0.586901
96.0572,3094.0,7299.09,-0.396685,-0.705825,0.5869
89.8118,3062.0,7256.38,-0.396685,-0.705825,0.5869
111.663,3062.0,7271.15,-0.396685,-0.705825,0.5869
96.0572,3094.0,7299.09,-0.291789,-0.705826,0.645499
111.663,3062.0,7271.15,-0.291789,-0.705826,0.645499
125.036,3094.0,7312.19,-0.291789,-0.705826,0.645499
125.036,3094.0,7312.19,-0.291771,-0.705833,0.645499
111.663,3062.0,7271.15,-0.291771,-0.705833,0.645499
135.697,3062.0,7282.02,-0.291771,-0.705833,0.645499
125.036,3094.0,7312.19,-0.17849,-0.705832,0.685523
135.697,3062.0,7282.02,-0.17849,-0.705832,0.685523
155.812,3094.0,7320.2,-0.17849,-0.705832,0.685523
155.812,3094.0,7320.2,-0.178515,-0.705822,0.685527
135.697,3062.0,7282.02,-0.178515,-0.705822,0.685527
161.22,3062.0,7288.66,-0.178515,-0.705822,0.685527
155.812,3094.0,7320.2,-0.060081,-0.705823,0.705836
161.22,3062.0,7288.66,-0.060081,-0.705823,0.705836
187.5,3094.0,7322.9,-0.060081,-0.705823,0.705836
187.5,3094.0,7322.9,-0.0600778,-0.705824,0.705835
161.22,3062.0,7288.66,-0.0600778,-0.705824,0.705835
187.5,3062.0,7290.9,-0.0600778,-0.705824,0.705835
187.5,3094.0,7322.9,0.0600809,-0.705824,0.705835
187.5,3062.0,7290.9,0.0600809,-0.705824,0.705835
219.188,3094.0,7320.2,0.0600809,-0.705824,0.705835
219.188,3094.0,7320.2,0.060078,-0.705823,0.705836
187.5,3062.0,7290.9,0.060078,-0.705823,0.705836
213.78,3062.0,7288.66,0.060078,-0.705823,0.705836
282.414,4922.0,7139.43,0.0,1.0,0.0
374.831,4922.0,7143.36,0.0,1.0,0.0
281.731,4922.0,7123.33,0.0,1.0,0.0
281.731,4922.0,7123.33,0.0,1.0,0.0
374.831,4922.0,7143.36,0.0,1.0,0.0
373.481,4922.0,7111.58,0.0,1.0,0.0
281.731,4922.0,7123.33,0.0,1.0,0.0
373.481,4922.0,7111.58,0.0,1.0,0.0
278.336,4922.0,7107.58,0.0,1.0,0.0
278.336,4922.0,7107.58,0.0,1.0,0.0
373.481,4922.0,7111.58,0.0,1.0,0.0
366.781,4922.0,7080.5,0.0,1.0,0.0
278.336,4922.0,7107.58,0.0,1.0,0.0
366.781,4922.0,7080.5,0.0,1.0,0.0
272.328,4922.0,7092.63,0.0,1.0,0.0
272.328,4922.0,7092.63,0.0,1.0,0.0
366.781,4922.0,7080.5,0.0,1.0,0.0
354.924,4922.0,7050.99,0.0,1.0,0.0
272.328,4922.0,7092.63,0.0,1.0,0.0
354.924,4922.0,7050.99,0.0,1.0,0.0
263.88,4922.0,7078.91,0.0,1.0,0.0
263.88,4922.0,7078.91,0.0,1.0,0.0
354.924,4922.0,7050.99,0.0,1.0,0.0
338.249,4922.0,7023.91,0.0,1.0,0.0
263.88,4922.0,7078.91,0.0,1.0,0.0
338.249,4922.0,7023.91,0.0,1.0,0.0
253.234,4922.0,7066.81,0.0,1.0,0.0
253.234,4922.0,7066.81,0.0,1.0,0.0
338.249,4922.0,7023.91,0.0,1.0,0.0
317.239,4922.0,7000.03,0.0,1.0,0.0
253.234,4922.0,7066.81,0.0,1.0,0.0
317.239,4922.0,7000.03,0.0,1.0,0.0
240.698,4922.0,7056.69,0.0,1.0,0.0
240.698,4922.0,7056.69,0.0,1.0,0.0
317.239,4922.0,7000.03,0.0,1.0,0.0
292.495,4922.0,6980.05,0.0,1.0,0.0
240.698,4922.0,7056.69,0.0,1.0,0.0
292.495,4922.0,6980.05,0.0,1.0,0.0
226.631,4922.0,7048.83,0.0,1.0,0.0
226.631,4922.0,7048.83,0.0,1.0,0.0
292.495,4922.0,6980.05,0.0,1.0,0.0
264.731,4922.0,6964.54,0.0,1.0,0.0
226.631,4922.0,7048.83,0.0,1.0,0.0
264.731,4922.0,6964.54,0.0,1.0,0.0
211.438,4922.0,7043.47,0.0,1.0,0.0
211.438,4922.0,7043.47,0.0,1.0,0.0
264.731,4922.0,6964.54,0.0,1.0,0.0
234.746,4922.0,6953.95,0.0,1.0,0.0
211.438,4922.0,7043.47,0.0,1.0,0.0
234.746,4922.0,6953.95,0.0,1.0,0.0
195.557,4922.0,7040.74,0.0,1.0,0.0
195.557,4922.0,7040.74,0.0,1.0,0.0
234.746,4922.0,6953.95,0.0,1.0,0.0
203.401,4922.0,6948.58,0.0,1.0,0.0
195.557,4922.0,7040.74,0.0,1.0,0.0
203.401,4922.0,6948.58,0.0,1.0,0.0
179.443,4922.0,7040.74,0.0,1.0,0.0
179.443,4922.0,7040.74,0.0,1.0,0.0
203.401,4922.0,6948.58,0.0,1.0,0.0
171.599,4922.0,6948.58,0.0,1.0,0.0
179.443,4922.0,7040.74,0.0,1.0,0.0
171.599,4922.0,6948.58,0.0,1.0,0.0
163.562,4922.0,7043.47,0.0,1.0,0.0
163.562,4922.0,7043.47,0.0,1.0,0.0
171.599,4922.0,6948.58,0.0,1.0,0.0
140.254,4922.0,6953.95,0.0,1.0,0.0
163.562,4922.0,7043.47,0.0,1.0,0.0
140.254,4922.0,6953.95,0.0,1.0,0.0
148.369,4922.0,7048.83,0.0,1.0,0.0
148.369,4922.0,7048.83,0.0,1.0,0.0
140.254,4922.0,6953.95,0.0,1.0,0.0
110.269,4922.0,6964.54,0.0,1.0,0.0
148.369,4922.0,7048.83,0.0,1.0,0.0
110.269,4922.0,6964.54,0.0,1.0,0.0
134.302,4922.0,7056.69,0.0,1.0,0.0
134.302,4922.0,7056.69,0.0,1.0,0.0
110.269,4922.0,6964.54,0.0,1.0,0.0
82.5047,4922.0,6980.05,0.0,1.0,0.0
134.302,4922.0,7056.69,0.0,1.0,0.0
82.5047,4922.0,6980.05,0.0,1.0,0.0
121.766,4922.0,7066.81,0.0,1.0,0.0
121.766,4922.0,7066.81,0.0,1.0,0.0
82.5047,4922.0,6980.05,0.0,1.0,0.0
57.7615,4922.0,7000.03,0.0,1.0,0.0
121.766,4922.0,7066.81,0.0,1.0,0.0
57.7615,4922.0,7000.03,0.0,1.0,0.0
111.12,4922.0,7078.91,0.0,1.0,0.0
111.12,4922.0,7078.91,0.0,1.0,0.0
57.7615,4922.0,7000.03,0.0,1.0,0.0
36.7505,4922.0,7023.91,0.0,1.0,0.0
111.12,4922.0,7078.91,0.0,1.0,0.0
36.7505,4922.0,7023.91,0.0,1.0,0.0
102.672,4922.0,7092.63,0.0,1.0,0.0
102.672,4922.0,7092.63,0.0,1.0,0.0
36.7505,4922.0,7023.91,0.0,1.0,0.0
20.0764,4922.0,7050.99,0.0,1.0,0.0
102.672,4922.0,7092.63,0.0,1.0,0.0
20.0764,4922.0,7050.99,0.0,1.0,0.0
96.6642,4922.0,7107.58,0.0,1.0,0.0
96.6642,4922.0,7107.58,0.0,1.0,0.0
20.0764,4922.0,7050.99,0.0,1.0,0.0
8.21874,4922.0,7080.5,0.0,1.0,0.0
96.6642,4922.0,7107.58,0.0,1.0,0.0
8.21874,4922.0,7080.5,0.0,1.0,0.0
93.2695,4922.0,7123.33,0.0,1.0,0.0
93.2695,4922.0,7123.33,0.0,1.0,0.0
8.21874,4922.0,7080.5,0.0,1.0,0.0
1.51867,4922.0,7111.58,0.0,1.0,0.0
93.2695,4922.0,7123.33,0.0,1.0,0.0
1.51867,4922.0,7111.58,0.0,1.0,0.0
92.5856,4922.0,7139.43,0.0,1.0,0.0
92.5856,4922.0,7139.43,0.0,1.0,0.0
1.51867,4922.0,7111.58,0.0,1.0,0.0
0.168949,4922.0,7143.36,0.0,1.0,0.0
92.5856,4922.0,7139.43,0.0,1.0,0.0
0.168949,4922.0,7143.36,0.0,1.0,0.0
94.6323,4922.0,7155.41,0.0,1.0,0.0
94.6323,4922.0,7155.41,0.0,1.0,0.0
0.168949,4922.0,7143.36,0.0,1.0,0.0
4.20839,4922.0,7174.9,0.0,1.0,0.0
94.6323,4922.0,7155.41,0.0,1.0,0.0
4.20839,4922.0,7174.9,0.0,1.0,0.0
99.3505,4922.0,7170.82,0.0,1.0,0.0
99.3505,4922.0,7170.82,0.0,1.0,0.0
4.20839,4922.0,7174.9,0.0,1.0,0.0
13.5208,4922.0,7205.31,0.0,1.0,0.0
99.3505,4922.0,7170.82,0.0,1.0,0.0
13.5208,4922.0,7205.31,0.0,1.0,0.0
106.605,4922.0,7185.21,0.0,1.0,0.0
106.605,4922.0,7185.21,0.0,1.0,0.0
13.5208,4922.0,7205.31,0.0,1.0,0.0
27.8383,4922.0,7233.71,0.0,1.0,0.0
106.605,4922.0,7185.21,0.0,1.0,0.0
27.8383,4922.0,7233.71,0.0,1.0,0.0
116.186,4922.0,7198.16,0.0,1.0,0.0
116.186,4922.0,7198.16,0.0,1.0,0.0
27.8383,4922.0,7233.71,0.0,1.0,0.0
46.7489,4922.0,7259.28,0.0,1.0,0.0
116.186,4922.0,7198.16,0.0,1.0,0.0
46.7489,4922.0,7259.28,0.0,1.0,0.0
127.819,4922.0,7209.31,0.0,1.0,0.0
127.819,4922.0,7209.31,0.0,1.0,0.0
46.7489,4922.0,7259.28,0.0,1.0,0.0
69.7087,4922.0,7281.28,0.0,1.0,0.0
127.819,4922.0,7209.31,0.0,1.0,0.0
69.7087,4922.0,7281.28,0.0,1.0,0.0
141.169,4922.0,7218.34,0.0,1.0,0.0
141.169,4922.0,7218.34,0.0,1.0,0.0
69.7087,4922.0,7281.28,0.0,1.0,0.0
96.0572,4922.0,7299.09,0.0,1.0,0.0
141.169,4922.0,7218.34,0.0,1.0,0.0
96.0572,4922.0,7299.09,0.0,1.0,0.0
155.852,4922.0,7224.97,0.0,1.0,0.0
155.852,4922.0,7224.97,0.0,1.0,0.0
96.0572,4922.0,7299.09,0.0,1.0,0.0
125.036,4922.0,7312.19,0.0,1.0,0.0
155.852,4922.0,7224.97,0.0,1.0,0.0
125.036,4922.0,7312.19,0.0,1.0,0.0
171.445,4922.0,7229.03,0.0,1.0,0.0
171.445,4922.0,7229.03,0.0,1.0,0.0
125.036,4922.0,7312.19,0.0,1.0,0.0
155.812,4922.0,7320.2,0.0,1.0,0.0
171.445,4922.0,7229.03,0.0,1.0,0.0
155.812,4922.0,7320.2,0.0,1.0,0.0
187.5,4922.0,7230.4,0.0,1.0,0.0
187.5,4922.0,7230.4,0.0,1.0,0.0
155.812,4922.0,7320.2,0.0,1.0,0.0
187.5,4922.0,7322.9,0.0,1.0,0.0
187.5,4922.0,7230.4,0.0,1.0,0.0
187.5,4922.0,7322.9,0.0,1.0,0.0
203.555,4922.0,7229.03,0.0,1.0,0.0
203.555,4922.0,7229.03,0.0,1.0,0.0
187.5,4922.0,7322.9,0.0,1.0,0.0
219.188,4922.0,7320.2,0.0,1.0,0.0
203.555,4922.0,7229.03,0.0,1.0,0.0
219.188,4922.0,7320.2,0.0,1.0,0.0
219.148,4922.0,7224.97,0.0,1.0,0.0
219.148,4922.0,7224.97,0.0,1.0,0.0
219.188,4922.0,7320.2,0.0,1.0,0.0
249.964,4922.0,7312.19,0.0,1.0,0.0
219.148,4922.0,7224.97,0.0,1.0,0.0
249.964,4922.0,7312.19,0.0,1.0,0.0
233.831,4922.0,7218.34,0.0,1.0,0.0
233.831,4922.0,7218.34,0.0,1.0,0.0
249.964,4922.0,7312.19,0.0,1.0,0.0
278.943,4922.0,7299.09,0.0,1.0,0.0
233.831,4922.0,7218.34,0.0,1.0,0.0
278.943,4922.0,7299.09,0.0,1.0,0.0
247.181,4922.0,7209.31,0.0,1.0,0.0
247.181,4922.0,7209.31,0.0,1.0,0.0
278.943,4922.0,7299.09,0.0,1.0,0.0
305.291,4922.0,7281.28,0.0,1.0,0.0
247.181,4922.0,7209.31,0.0,1.0,0.0
305.291,4922.0,7281.28,0.0,1.0,0.0
258.814,4922.0,7198.16,0.0,1.0,0.0
258.814,4922.0,7198.16,0.0,1.0,0.0
305.291,4922.0,7281.28,0.0,1.0,0.0
328.251,4922.0,7259.28,0.0,1.0,0.0
258.814,4922.0,7198.16,0.0,1.0,0.0
328.251,4922.0,7259.28,0.0,1.0,0.0
268.395,4922.0,7185.21,0.0,1.0,0.0
268.395,4922.0,7185.21,0.0,1.0,0.0
328.251,4922.0,7259.28,0.0,1.0,0.0
347.162,4922.0,7233.71,0.0,1.0,0.0
268.395,4922.0,7185.21,0.0,1.0,0.0
347.162,4922.0,7233.71,0.0,1.0,0.0
275.649,4922.0,7170.82,0.0,1.0,0.0
275.649,4922.0,7170.82,0.0,1.0,0.0
347.162,4922.0,7233.71,0.0,1.0,0.0
361.479,4922.0,7205.31,0.0,1.0,0.0
275.649,4922.0,7170.82,0.0,1.0,0.0
361.479,4922.0,7205.31,0.0,1.0,0.0
280.368,4922.0,7155.41,0.0,1.0,0.0
280.368,4922.0,7155.41,0.0,1.0,0.0
361.479,4922.0,7205.31,0.0,1.0,0.0
370.792,4922.0,7174.9,0.0,1.0,0.0
280.368,4922.0,7155.41,0.0,1.0,0.0
370.792,4922.0,7174.9,0.0,1.0,0.0
282.414,4922.0,7139.43,0.0,1.0,0.0
282.414,4922.0,7139.43,0.0,1.0,0.0
370.792,4922.0,7174.9,0.0,1.0,0.0
374.831,4922.0,7143.36,0.0,1.0,0.0
219.188,4922.0,7320.2,0.25197,0.0,0.967735
219.188,3094.0,7320.2,0.25197,0.0,0.967735
249.964,4922.0,7312.19,0.25197,0.0,0.967735
249.964,4922.0,7312.19,0.25197,0.0,0.967735
219.188,3094.0,7320.2,0.25197,0.0,0.967735
249.964,3094.0,7312.19,0.25197,0.0,0.967735
249.964,4922.0,7312.19,0.411908,0.0,0.911226
249.964,3094.0,7312.19,0.411908,0.0,0.911226
278.943,4922.0,7299.09,0.411908,0.0,0.911226
278.943,4922.0,7299.09,0.411908,0.0,0.911226
249.964,3094.0,7312.19,0.411908,0.0,0.911226
278.943,3094.0,7299.09,0.411908,0.0,0.911226
278.943,4922.0,7299.09,0.559978,0.0,0.828507
278.943,3094.0,7299.09,0.559978,0.0,0.828507
305.291,4922.0,7281.28,0.559978,0.0,0.828507
305.291,4922.0,7281.28,0.559978,0.0,0.828507
278.943,3094.0,7299.09,0.559978,0.0,0.828507
305.291,3094.0,7281.28,0.559978,0.0,0.828507
305.291,4922.0,7281.28,0.691933,0.0,0.721961
305.291,3094.0,7281.28,0.691933,0.0,0.721961
328.251,4922.0,7259.28,0.691933,0.0,0.721961
328.251,4922.0,7259.28,0.691933,0.0,0.721961
305.291,3094.0,7281.28,0.691933,0.0,0.721961
328.251,3094.0,7259.28,0.691933,0.0,0.721961
328.251,4922.0,7259.28,0.803997,0.0,0.594634
328.251,3094.0,7259.28,0.803997,0.0,0.594634
347.162,4922.0,7233.71,0.803997,0.0,0.594634
347.162,4922.0,7233.71,0.803997,0.0,0.594634
328.251,3094.0,7259.28,0.803997,0.0,0.594634
347.162,3094.0,7233.71,0.803997,0.0,0.594634
347.162,4922.0,7233.71,0.892922,0.0,0.45021
347.162,3094.0,7233.71,0.892922,0.0,0.45021
361.479,4922.0,7205.31,0.892922,0.0,0.45021
361.479,4922.0,7205.31,0.892922,0.0,0.45021
347.162,3094.0,7233.71,0.892922,0.0,0.45021
361.479,3094.0,7205.31,0.892922,0.0,0.45021
361.479,4922.0,7205.31,0.956168,0.0,0.292819
361.479,3094.0,7205.31,0.956168,0.0,0.292819
370.792,4922.0,7174.9,0.956168,0.0,0.292819
370.792,4922.0,7174.9,0.956168,0.0,0.292819
361.479,3094.0,7205.31,0.956168,0.0,0.292819
370.792,3094.0,7174.9,0.956168,0.0,0.292819
370.792,4922.0,7174.9,0.9919,0.0,0.127018
370.792,3094.0,7174.9,0.9919,0.0,0.127018
374.831,4922.0,7143.36,0.9919,0.0,0.127018
374.831,4922.0,7143.36,0.9919,0.0,0.127018
370.792,3094.0,7174.9,0.9919,0.0,0.127018
374.831,3094.0,7143.36,0.9919,0.0,0.127018
374.831,4922.0,7143.36,0.999099,0.0,-0.0424409
374.831,3094.0,7143.36,0.999099,0.0,-0.0424409
373.481,4922.0,7111.58,0.999099,0.0,-0.0424409
373.481,4922.0,7111.58,0.999099,0.0,-0.0424409
374.831,3094.0,7143.36,0.999099,0.0,-0.0424409
373.481,3094.0,7111.58,0.999099,0.0,-0.0424409
373.481,4922.0,7111.58,0.977555,0.0,-0.21068
373.481,3094.0,7111.58,0.977555,0.0,-0.21068
366.781,4922.0,7080.5,0.977555,0.0,-0.21068
366.781,4922.0,7080.5,0.977555,0.0,-0.21068
373.481,3094.0,7111.58,0.977555,0.0,-0.21068
366.781,3094.0,7080.5,0.977555,0.0,-0.21068
366.781,4922.0,7080.5,0.927889,0.0,-0.372857
366.781,3094.0,7080.5,0.927889,0.0,-0.372857
354.924,4922.0,7050.99,0.927889,0.0,-0.372857
354.924,4922.0,7050.99,0.927889,0.0,-0.372857
366.781,3094.0,7080.5,0.927889,0.0,-0.372857
354.924,3094.0,7050.99,0.927889,0.0,-0.372857
354.924,4922.0,7050.99,0.851529,0.0,-0.524307
354.924,3094.0,7050.99,0.851529,0.0,-0.524307
338.249,4922.0,7023.91,0.851529,0.0,-0.524307
338.249,4922.0,7023.91,0.851529,0.0,-0.524307
354.924,3094.0,7050.99,0.851529,0.0,-0.524307
338.249,3094.0,7023.91,0.851529,0.0,-0.524307
338.249,4922.0,7023.91,0.750672,0.0,-0.660675
338.249,3094.0,7023.91,0.750672,0.0,-0.660675
317.239,4922.0,7000.03,0.750672,0.0,-0.660675
317.239,4922.0,7000.03,0.750672,0.0,-0.660675
338.249,3094.0,7023.91,0.750672,0.0,-0.660675
317.239,3094.0,7000.03,0.750672,0.0,-0.660675
317.239,4922.0,7000.03,0.628224,0.0,-0.778032
317.239,3094.0,7000.03,0.628224,0.0,-0.778032
292.495,4922.0,6980.05,0.628224,0.0,-0.778032
292.495,4922.0,6980.05,0.628224,0.0,-0.778032
317.239,3094.0,7000.03,0.628224,0.0,-0.778032
292.495,3094.0,6980.05,0.628224,0.0,-0.778032
292.495,4922.0,6980.05,0.487683,0.0,-0.873021
292.495,3094.0,6980.05,0.487683,0.0,-0.873021
264.731,4922.0,6964.54,0.487683,0.0,-0.873021
264.731,4922.0,6964.54,0.487683,0.0,-0.873021
292.495,3094.0,6980.05,0.487683,0.0,-0.873021
264.731,3094.0,6964.54,0.487683,0.0,-0.873021
264.731,4922.0,6964.54,0.333158,0.0,-0.942871
264.731,3094.0,6964.54,0.333158,0.0,-0.942871
234.746,4922.0,6953.95,0.333158,0.0,-0.942871
234.746,4922.0,6953.95,0.333158,0.0,-0.942871
264.731,3094.0,6964.54,0.333158,0.0,-0.942871
234.746,3094.0,6953.95,0.333158,0.0,-0.942871
234.746,4922.0,6953.95,0.168983,0.0,-0.985619
234.746,3094.0,6953.95,0.168983,0.0,-0.985619
203.401,4922.0,6948.58,0.168983,0.0,-0.985619
203.401,4922.0,6948.58,0.168983,0.0,-0.985619
234.746,3094.0,6953.95,0.168983,0.0,-0.985619
203.401,3094.0,6948.58,0.168983,0.0,-0.985619
203.401,4922.0,6948.58,0.0,0.0,-1.0
203.401,3094.0,6948.58,0.0,0.0,-1.0
171.599,4922.0,6948.58,0.0,0.0,-1.0
171.599,4922.0,6948.58,0.0,0.0,-1.0
203.401,3094.0,6948.58,0.0,0.0,-1.0
171.599,3094.0,6948.58,0.0,0.0,-1.0
171.599,4922.0,6948.58,-0.168983,0.0,-0.985619
171.599,3094.0,6948.58,-0.168983,0.0,-0.985619
140.254,4922.0,6953.95,-0.168983,0.0,-0.985619
140.254,4922.0,6953.95,-0.168983,0.0,-0.985619
171.599,3094.0,6948.58,-0.168983,0.0,-0.985619
140.254,3094.0,6953.95,-0.168983,0.0,-0.985619
140.254,4922.0,6953.95,-0.333157,0.0,-0.942871
140.254,3094.0,6953.95,-0.333157,0.0,-0.942871
110.269,4922.0,6964.54,-0.333157,0.0,-0.942871
110.269,4922.0,6964.54,-0.333157,0.0,-0.942871
140.254,3094.0,6953.95,-0.333157,0.0,-0.942871
110.269,3094.0,6964.54,-0.333157,0.0,-0.942871
110.269,4922.0,6964.54,-0.487683,0.0,-0.873021
110.269,3094.0,6964.54,-0.487683,0.0,-0.873021
82.5047,4922.0,6980.05,-0.487683,0.0,-0.873021
82.5047,4922.0,6980.05,-0.487683,0.0,-0.873021
110.269,3094.0,6964.54,-0.487683,0.0,-0.873021
82.5047,3094.0,6980.05,-0.487683,0.0,-0.873021
82.5047,4922.0,6980.05,-0.628224,0.0,-0.778033
82.5047,3094.0,6980.05,-0.628224,0.0,-0.778033
57.7615,4922.0,7000.03,-0.628224,0.0,-0.778033
57.7615,4922.0,7000.03,-0.628224,0.0,-0.778033
82.5047,3094.0,6980.05,-0.628224,0.0,-0.778033
57.7615,3094.0,7000.03,-0.628224,0.0,-0.778033
57.7615,4922.0,7000.03,-0.750672,0.0,-0.660675
57.7615,3094.0,7000.03,-0.750672,0.0,-0.660675
36.7505,4922.0,7023.91,-0.750672,0.0,-0.660675
36.7505,4922.0,7023.91,-0.750672,0.0,-0.660675
57.7615,3094.0,7000.03,-0.750672,0.0,-0.660675
36.7505,3094.0,7023.91,-0.750672,0.0,-0.660675
36.7505,4922.0,7023.91,-0.85153,0.0,-0.524307
36.7505,3094.0,7023.91,-0.85153,0.0,-0.524307
20.0764,4922.0,7050.99,-0.85153,0.0,-0.524307
20.0764,4922.0,7050.99,-0.85153,0.0,-0.524307
36.7505,3094.0,7023.91,-0.85153,0.0,-0.524307
20.0764,3094.0,7050.99,-0.85153,0.0,-0.524307
20.0764,4922.0,7050.99,-0.927888,0.0,-0.372858
20.0764,3094.0,7050.99,-0.927888,0.0,-0.372858
8.21874,4922.0,7080.5,-0.927888,0.0,-0.372858
8.21874,4922.0,7080.5,-0.927888,0.0,-0.372858
20.0764,3094.0,7050.99,-0.927888,0.0,-0.372858
8.21874,3094.0,7080.5,-0.927888,0.0,-0.372858
8.21874,4922.0,7080.5,-0.977555,0.0,-0.21068
8.21874,3094.0,7080.5,-0.977555,0.0,-0.21068
1.51867,4922.0,7111.58,-0.977555,0.0,-0.21068
1.51867,4922.0,7111.58,-0.977555,0.0,-0.21068
8.21874,3094.0,7080.5,-0.977555,0.0,-0.21068
1.51867,3094.0,7111.58,-0.977555,0.0,-0.21068
1.51867,4922.0,7111.58,-0.999099,0.0,-0.0424405
1.51867,3094.0,7111.58,-0.999099,0.0,-0.0424405
0.168949,4922.0,7143.36,-0.999099,0.0,-0.0424405
0.168949,4922.0,7143.36,-0.999099,0.0,-0.0424405
1.51867,3094.0,7111.58,-0.999099,0.0,-0.0424405
0.168949,3094.0,7143.36,-0.999099,0.0,-0.0424405
0.168949,4922.0,7143.36,-0.9919,0.0,0.127018
0.168949,3094.0,7143.36,-0.9919,0.0,0.127018
4.20839,4922.0,7174.9,-0.9919,0.0,0.127018
4.20839,4922.0,7174.9,-0.9919,0.0,0.127018
0.168949,3094.0,7143.36,-0.9919,0.0,0.127018
4.20839,3094.0,7174.9,-0.9919,0.0,0.127018
4.20839,4922.0,7174.9,-0.956168,0.0,0.292819
4.20839,3094.0,7174.9,-0.956168,0.0,0.292819
13.5208,4922.0,7205.31,-0.956168,0.0,0.292819
13.5208,4922.0,7205.31,-0.956168,0.0,0.292819
4.20839,3094.0,7174.9,-0.956168,0.0,0.292819
13.5208,3094.0,7205.31,-0.956168,0.0,0.292819
13.5208,4922.0,7205.31,-0.892922,0.0,0.450211
13.5208,3094.0,7205.31,-0.892922,0.0,0.450211
27.8383,4922.0,7233.71,-0.892922,0.0,0.450211
27.8383,4922.0,7233.71,-0.892922,0.0,0.450211
13.5208,3094.0,7205.31,-0.892922,0.0,0.450211
27.8383,3094.0,7233.71,-0.892922,0.0,0.450211
27.8383,4922.0,7233.71,-0.803997,0.0,0.594634
27.8383,3094.0,7233.71,-0.803997,0.0,0.594634
46.7489,4922.0,7259.28,-0.803997,0.0,0.594634
46.7489,4922.0,7259.28,-0.803997,0.0,0.594634
27.8383,3094.0,7233.71,-0.803997,0.0,0.594634
46.7489,3094.0,7259.28,-0.803997,0.0,0.594634
46.7489,4922.0,7259.28,-0.691934,0.0,0.721961
46.7489,3094.0,7259.28,-0.691934,0.0,0.721961
69.7087,4922.0,7281.28,-0.691934,0.0,0.721961
69.7087,4922.0,7281.28,-0.691934,0.0,0.721961
46.7489,3094.0,7259.28,-0.691934,0.0,0.721961
69.7087,3094.0,7281.28,-0.691934,0.0,0.721961
69.7087,4922.0,7281.28,-0.559978,0.0,0.828507
69.7087,3094.0,7281.28,-0.559978,0.0,0.828507
96.0572,4922.0,7299.09,-0.559978,0.0,0.828507
96.0572,4922.0,7299.09,-0.559978,0.0,0.828507
69.7087,3094.0,7281.28,-0.559978,0.0,0.828507
96.0572,3094.0,7299.09,-0.559978,0.0,0.828507
96.0572,4922.0,7299.09,-0.411907,0.0,0.911226
96.0572,3094.0,7299.09,-0.411907,0.0,0.911226
125.036,4922.0,7312.19,-0.411907,0.0,0.911226
125.036,4922.0,7312.19,-0.411907,0.0,0.911226
96.0572,3094.0,7299.09,-0.411907,0.0,0.911226
125.036,3094.0,7312.19,-0.411907,0.0,0.911226
125.036,4922.0,7312.19,-0.25197,0.0,0.967735
125.036,3094.0,7312.19,-0.25197,0.0,0.967735
155.812,4922.0,7320.2,-0.25197,0.0,0.967735
155.812,4922.0,7320.2,-0.25197,0.0,0.967735
125.036,3094.0,7312.19,-0.25197,0.0,0.967735
155.812,3094.0,7320.2,-0.25197,0.0,0.967735
155.812,4922.0,7320.2,-0.0848137,0.0,0.996397
155.812,3094.0,7320.2,-0.0848137,0.0,0.996397
187.5,4922.0,7322.9,-0.0848137,0.0,0.996397
187.5,4922.0,7322.9,-0.0848137,0.0,0.996397
155.812,3094.0,7320.2,-0.0848137,0.0,0.996397
187.5,3094.0,7322.9,-0.0848137,0.0,0.996397
187.5,4922.0,7322.9,0.0848137,0.0,0.996397
187.5,3094.0,7322.9,0.0848137,0.0,0.996397
219.188,4922.0,7320.2,0.0848137,0.0,0.996397
219.188,4922.0,7320.2,0.0848137,0.0,0.996397
187.5,3094.0,7322.9,0.0848137,0.0,0.996397
219.188,3094.0,7320.2,0.0848137,0.0,0.996397
