9.0,-0.1708204,-0.3547122,1.0,0.0,0.0
9.0,-0.2391485,-0.496597,1.0,0.0,0.0
9.0,0.0,-0.5511811,1.0,0.0,0.0
8.96063,-7.231927e-17,-0.5905512,0.6980737,-0.1593308,-0.6980737
9.0,0.0,-0.5511811,0.6980737,-0.1593308,-0.6980737
9.0,-0.2391485,-0.496597,0.6980737,-0.1593308,-0.6980737
9.0,0.0,-0.3937008,1.0,0.0,0.0
9.0,0.0,-0.5511811,1.0,0.0,0.0
9.0,0.2391485,-0.496597,1.0,0.0,0.0
8.96063,0.2562306,-0.5320682,0.6980737,0.1593308,-0.6980737
9.0,0.2391485,-0.496597,0.6980737,0.1593308,-0.6980737
9.0,0.0,-0.5511811,0.6980737,0.1593308,-0.6980737
9.0,-0.1708204,-0.3547122,1.0,0.0,0.0
9.0,0.0,-0.5511811,1.0,0.0,0.0
9.0,0.0,-0.3937008,1.0,0.0,0.0
8.96063,0.2562306,-0.5320682,0.6980737,0.1593308,-0.6980737
9.0,0.0,-0.5511811,0.6980737,0.1593308,-0.6980737
8.96063,-7.231927e-17,-0.5905512,0.6980737,0.1593308,-0.6980737
9.0,-0.3838299,-0.08760667,1.0,0.0,0.0
9.0,-0.4309307,-0.3436558,1.0,0.0,0.0
9.0,-0.2391485,-0.496597,1.0,0.0,0.0
8.96063,-0.2562306,-0.5320682,0.6980737,-0.4464349,-0.5598116
9.0,-0.2391485,-0.496597,0.6980737,-0.4464349,-0.5598116
9.0,-0.4309307,-0.3436558,0.6980737,-0.4464349,-0.5598116
9.0,-0.3078077,-0.2454684,1.0,0.0,0.0
9.0,-0.3838299,-0.08760667,1.0,0.0,0.0
9.0,-0.2391485,-0.496597,1.0,0.0,0.0
9.0,-0.1708204,-0.3547122,1.0,0.0,0.0
9.0,-0.3078077,-0.2454684,1.0,0.0,0.0
9.0,-0.2391485,-0.496597,1.0,0.0,0.0
8.96063,-0.2562306,-0.5320682,0.6980737,-0.1593308,-0.6980737
8.96063,-7.231927e-17,-0.5905512,0.6980737,-0.1593308,-0.6980737
9.0,-0.2391485,-0.496597,0.6980737,-0.1593308,-0.6980737
9.0,-0.5373618,0.1226493,1.0,0.0,0.0
9.0,-0.5373618,-0.1226493,1.0,0.0,0.0
9.0,-0.4309307,-0.3436558,1.0,0.0,0.0
8.96063,-0.4617115,-0.3682026,0.6980737,-0.6451171,-0.310672
9.0,-0.4309307,-0.3436558,0.6980737,-0.6451171,-0.310672
9.0,-0.5373618,-0.1226493,0.6980737,-0.6451171,-0.310672
9.0,-0.4309307,0.3436558,1.0,0.0,0.0
9.0,-0.5373618,0.1226493,1.0,0.0,0.0
9.0,-0.4309307,-0.3436558,1.0,0.0,0.0
9.0,-0.3838299,-0.08760667,1.0,0.0,0.0
9.0,-0.4309307,0.3436558,1.0,0.0,0.0
9.0,-0.4309307,-0.3436558,1.0,0.0,0.0
8.96063,-0.4617115,-0.3682026,0.6980737,-0.4464349,-0.5598116
8.96063,-0.2562306,-0.5320682,0.6980737,-0.4464349,-0.5598116
9.0,-0.4309307,-0.3436558,0.6980737,-0.4464349,-0.5598116
8.96063,-0.5757448,-0.13141,0.6980737,-0.7160259,0.0
9.0,-0.5373618,-0.1226493,0.6980737,-0.7160259,0.0
9.0,-0.5373618,0.1226493,0.6980737,-0.7160259,0.0
8.96063,-0.5757448,-0.13141,0.6980737,-0.6451171,-0.310672
8.96063,-0.4617115,-0.3682026,0.6980737,-0.6451171,-0.310672
9.0,-0.5373618,-0.1226493,0.6980737,-0.6451171,-0.310672
8.96063,-0.5757448,0.13141,0.6980737,-0.6451171,0.310672
9.0,-0.5373618,0.1226493,0.6980737,-0.6451171,0.310672
9.0,-0.4309307,0.3436558,0.6980737,-0.6451171,0.310672
8.96063,-0.5757448,0.13141,0.6980737,-0.7160259,0.0
8.96063,-0.5757448,-0.13141,0.6980737,-0.7160259,0.0
9.0,-0.5373618,0.1226493,0.6980737,-0.7160259,0.0
9.0,-0.3078077,0.2454684,1.0,0.0,0.0
9.0,-0.2391485,0.496597,1.0,0.0,0.0
9.0,-0.4309307,0.3436558,1.0,0.0,0.0
8.96063,-0.4617115,0.3682026,0.6980737,-0.4464349,0.5598116
9.0,-0.4309307,0.3436558,0.6980737,-0.4464349,0.5598116
9.0,-0.2391485,0.496597,0.6980737,-0.4464349,0.5598116
9.0,-0.3838299,0.08760667,1.0,0.0,0.0
9.0,-0.3078077,0.2454684,1.0,0.0,0.0
9.0,-0.4309307,0.3436558,1.0,0.0,0.0
9.0,-0.3838299,-0.08760667,1.0,0.0,0.0
9.0,-0.3838299,0.08760667,1.0,0.0,0.0
9.0,-0.4309307,0.3436558,1.0,0.0,0.0
8.96063,-0.4617115,0.3682026,0.6980737,-0.6451171,0.310672
8.96063,-0.5757448,0.13141,0.6980737,-0.6451171,0.310672
9.0,-0.4309307,0.3436558,0.6980737,-0.6451171,0.310672
9.0,0.0,0.3937008,1.0,0.0,0.0
9.0,0.0,0.5511811,1.0,0.0,0.0
9.0,-0.2391485,0.496597,1.0,0.0,0.0
8.96063,-0.2562306,0.5320682,0.6980737,-0.1593308,0.6980737
9.0,-0.2391485,0.496597,0.6980737,-0.1593308,0.6980737
9.0,0.0,0.5511811,0.6980737,-0.1593308,0.6980737
9.0,-0.1708204,0.3547122,1.0,0.0,0.0
9.0,0.0,0.3937008,1.0,0.0,0.0
9.0,-0.2391485,0.496597,1.0,0.0,0.0
9.0,-0.3078077,0.2454684,1.0,0.0,0.0
9.0,-0.1708204,0.3547122,1.0,0.0,0.0
9.0,-0.2391485,0.496597,1.0,0.0,0.0
8.96063,-0.2562306,0.5320682,0.6980737,-0.4464349,0.5598116
8.96063,-0.4617115,0.3682026,0.6980737,-0.4464349,0.5598116
9.0,-0.2391485,0.496597,0.6980737,-0.4464349,0.5598116
9.0,0.1708204,0.3547122,1.0,0.0,0.0
9.0,0.2391485,0.496597,1.0,0.0,0.0
9.0,0.0,0.5511811,1.0,0.0,0.0
8.96063,0.0,0.5905512,0.6980737,0.1593308,0.6980737
9.0,0.0,0.5511811,0.6980737,0.1593308,0.6980737
9.0,0.2391485,0.496597,0.6980737,0.1593308,0.6980737
9.0,0.0,0.3937008,1.0,0.0,0.0
9.0,0.1708204,0.3547122,1.0,0.0,0.0
9.0,0.0,0.5511811,1.0,0.0,0.0
8.96063,-0.2562306,0.5320682,0.6980737,-0.1593308,0.6980737
9.0,0.0,0.5511811,0.6980737,-0.1593308,0.6980737
8.96063,0.0,0.5905512,0.6980737,-0.1593308,0.6980737
9.0,0.3838299,0.08760667,1.0,0.0,0.0
9.0,0.4309307,0.3436558,1.0,0.0,0.0
9.0,0.2391485,0.496597,1.0,0.0,0.0
8.96063,0.2562306,0.5320682,0.6980737,0.4464349,0.5598116
9.0,0.2391485,0.496597,0.6980737,0.4464349,0.5598116
9.0,0.4309307,0.3436558,0.6980737,0.4464349,0.5598116
9.0,0.3078077,0.2454684,1.0,0.0,0.0
9.0,0.3838299,0.08760667,1.0,0.0,0.0
9.0,0.2391485,0.496597,1.0,0.0,0.0
9.0,0.1708204,0.3547122,1.0,0.0,0.0
9.0,0.3078077,0.2454684,1.0,0.0,0.0
9.0,0.2391485,0.496597,1.0,0.0,0.0
8.96063,0.2562306,0.5320682,0.6980737,0.1593308,0.6980737
8.96063,0.0,0.5905512,0.6980737,0.1593308,0.6980737
9.0,0.2391485,0.496597,0.6980737,0.1593308,0.6980737
9.0,0.5373618,-0.1226493,1.0,0.0,0.0
9.0,0.5373618,0.1226493,1.0,0.0,0.0
9.0,0.4309307,0.3436558,1.0,0.0,0.0
8.96063,0.4617115,0.3682026,0.6980737,0.6451171,0.310672
9.0,0.4309307,0.3436558,0.6980737,0.6451171,0.310672
9.0,0.5373618,0.1226493,0.6980737,0.6451171,0.310672
9.0,0.4309307,-0.3436558,1.0,0.0,0.0
9.0,0.5373618,-0.1226493,1.0,0.0,0.0
9.0,0.4309307,0.3436558,1.0,0.0,0.0
9.0,0.3838299,0.08760667,1.0,0.0,0.0
9.0,0.4309307,-0.3436558,1.0,0.0,0.0
9.0,0.4309307,0.3436558,1.0,0.0,0.0
8.96063,0.4617115,0.3682026,0.6980737,0.4464349,0.5598116
8.96063,0.2562306,0.5320682,0.6980737,0.4464349,0.5598116
9.0,0.4309307,0.3436558,0.6980737,0.4464349,0.5598116
8.96063,0.5757448,0.13141,0.6980737,0.7160259,0.0
9.0,0.5373618,0.1226493,0.6980737,0.7160259,0.0
9.0,0.5373618,-0.1226493,0.6980737,0.7160259,0.0
8.96063,0.5757448,0.13141,0.6980737,0.6451171,0.310672
8.96063,0.4617115,0.3682026,0.6980737,0.6451171,0.310672
9.0,0.5373618,0.1226493,0.6980737,0.6451171,0.310672
8.96063,0.5757448,-0.13141,0.6980737,0.6451171,-0.310672
9.0,0.5373618,-0.1226493,0.6980737,0.6451171,-0.310672
9.0,0.4309307,-0.3436558,0.6980737,0.6451171,-0.310672
8.96063,0.5757448,-0.13141,0.6980737,0.7160259,0.0
8.96063,0.5757448,0.13141,0.6980737,0.7160259,0.0
9.0,0.5373618,-0.1226493,0.6980737,0.7160259,0.0
9.0,0.3078077,-0.2454684,1.0,0.0,0.0
9.0,0.2391485,-0.496597,1.0,0.0,0.0
9.0,0.4309307,-0.3436558,1.0,0.0,0.0
8.96063,0.4617115,-0.3682026,0.6980737,0.4464349,-0.5598116
9.0,0.4309307,-0.3436558,0.6980737,0.4464349,-0.5598116
9.0,0.2391485,-0.496597,0.6980737,0.4464349,-0.5598116
9.0,0.3838299,-0.08760667,1.0,0.0,0.0
9.0,0.3078077,-0.2454684,1.0,0.0,0.0
9.0,0.4309307,-0.3436558,1.0,0.0,0.0
9.0,0.3838299,0.08760667,1.0,0.0,0.0
9.0,0.3838299,-0.08760667,1.0,0.0,0.0
9.0,0.4309307,-0.3436558,1.0,0.0,0.0
8.96063,0.4617115,-0.3682026,0.6980737,0.6451171,-0.310672
8.96063,0.5757448,-0.13141,0.6980737,0.6451171,-0.310672
9.0,0.4309307,-0.3436558,0.6980737,0.6451171,-0.310672
9.0,0.1708204,-0.3547122,1.0,0.0,0.0
9.0,0.0,-0.3937008,1.0,0.0,0.0
9.0,0.2391485,-0.496597,1.0,0.0,0.0
9.0,0.3078077,-0.2454684,1.0,0.0,0.0
9.0,0.1708204,-0.3547122,1.0,0.0,0.0
9.0,0.2391485,-0.496597,1.0,0.0,0.0
8.96063,0.2562306,-0.5320682,0.6980737,0.4464349,-0.5598116
8.96063,0.4617115,-0.3682026,0.6980737,0.4464349,-0.5598116
9.0,0.2391485,-0.496597,0.6980737,0.4464349,-0.5598116
8.969246,-4.168965e-17,-0.3404331,0.8604404,-0.1133858,0.4967755
9.0,0.0,-0.3937008,0.8604404,-0.1133858,0.4967755
9.0,0.1708204,-0.3547122,0.8604404,-0.1133858,0.4967755
8.969246,-0.1477084,-0.3067196,0.8604404,0.1133858,0.4967755
9.0,-0.1708204,-0.3547122,0.8604404,0.1133858,0.4967755
9.0,0.0,-0.3937008,0.8604404,0.1133858,0.4967755
8.969246,-4.168965e-17,-0.3404331,0.8604404,0.1133858,0.4967755
8.969246,-0.1477084,-0.3067196,0.8604404,0.1133858,0.4967755
9.0,0.0,-0.3937008,0.8604404,0.1133858,0.4967755
8.969246,0.1477084,-0.3067196,0.8604404,-0.3176999,0.398383
9.0,0.1708204,-0.3547122,0.8604404,-0.3176999,0.398383
9.0,0.3078077,-0.2454684,0.8604404,-0.3176999,0.398383
8.969246,0.1477084,-0.3067196,0.8604404,-0.1133858,0.4967755
8.969246,-4.168965e-17,-0.3404331,0.8604404,-0.1133858,0.4967755
9.0,0.1708204,-0.3547122,0.8604404,-0.1133858,0.4967755
8.969246,0.2661613,-0.2122565,0.8604404,-0.4590896,0.2210859
9.0,0.3078077,-0.2454684,0.8604404,-0.4590896,0.2210859
9.0,0.3838299,-0.08760667,0.8604404,-0.4590896,0.2210859
8.969246,0.2661613,-0.2122565,0.8604404,-0.3176999,0.398383
8.969246,0.1477084,-0.3067196,0.8604404,-0.3176999,0.398383
9.0,0.3078077,-0.2454684,0.8604404,-0.3176999,0.398383
8.969246,0.3318977,-0.07575348,0.8604404,-0.509551,-2.911694e-15
9.0,0.3838299,-0.08760667,0.8604404,-0.509551,-2.911694e-15
9.0,0.3838299,0.08760667,0.8604404,-0.509551,-2.911694e-15
8.969246,0.3318977,-0.07575348,0.8604404,-0.4590896,0.2210859
8.969246,0.2661613,-0.2122565,0.8604404,-0.4590896,0.2210859
9.0,0.3838299,-0.08760667,0.8604404,-0.4590896,0.2210859
8.969246,0.3318977,0.07575348,0.8604404,-0.4590896,-0.2210859
9.0,0.3838299,0.08760667,0.8604404,-0.4590896,-0.2210859
9.0,0.3078077,0.2454684,0.8604404,-0.4590896,-0.2210859
8.969246,0.3318977,0.07575348,0.8604404,-0.509551,5.600884e-16
8.969246,0.3318977,-0.07575348,0.8604404,-0.509551,5.600884e-16
9.0,0.3838299,0.08760667,0.8604404,-0.509551,5.600884e-16
8.969246,0.2661613,0.2122565,0.8604404,-0.3176999,-0.398383
9.0,0.3078077,0.2454684,0.8604404,-0.3176999,-0.398383
9.0,0.1708204,0.3547122,0.8604404,-0.3176999,-0.398383
8.969246,0.2661613,0.2122565,0.8604404,-0.4590896,-0.2210859
8.969246,0.3318977,0.07575348,0.8604404,-0.4590896,-0.2210859
9.0,0.3078077,0.2454684,0.8604404,-0.4590896,-0.2210859
8.969246,0.1477084,0.3067196,0.8604404,-0.1133858,-0.4967755
9.0,0.1708204,0.3547122,0.8604404,-0.1133858,-0.4967755
9.0,0.0,0.3937008,0.8604404,-0.1133858,-0.4967755
8.969246,0.1477084,0.3067196,0.8604404,-0.3176999,-0.398383
8.969246,0.2661613,0.2122565,0.8604404,-0.3176999,-0.398383
9.0,0.1708204,0.3547122,0.8604404,-0.3176999,-0.398383
8.969246,0.0,0.3404331,0.8604404,0.1133858,-0.4967755
9.0,0.0,0.3937008,0.8604404,0.1133858,-0.4967755
9.0,-0.1708204,0.3547122,0.8604404,0.1133858,-0.4967755
8.969246,0.1477084,0.3067196,0.8604404,-0.1133858,-0.4967755
9.0,0.0,0.3937008,0.8604404,-0.1133858,-0.4967755
8.969246,0.0,0.3404331,0.8604404,-0.1133858,-0.4967755
8.969246,-0.1477084,0.3067196,0.8604404,0.3176999,-0.398383
9.0,-0.1708204,0.3547122,0.8604404,0.3176999,-0.398383
9.0,-0.3078077,0.2454684,0.8604404,0.3176999,-0.398383
8.969246,-0.1477084,0.3067196,0.8604404,0.1133858,-0.4967755
8.969246,0.0,0.3404331,0.8604404,0.1133858,-0.4967755
9.0,-0.1708204,0.3547122,0.8604404,0.1133858,-0.4967755
8.969246,-0.2661613,0.2122565,0.8604404,0.4590896,-0.2210859
9.0,-0.3078077,0.2454684,0.8604404,0.4590896,-0.2210859
9.0,-0.3838299,0.08760667,0.8604404,0.4590896,-0.2210859
8.969246,-0.2661613,0.2122565,0.8604404,0.3176999,-0.398383
8.969246,-0.1477084,0.3067196,0.8604404,0.3176999,-0.398383
9.0,-0.3078077,0.2454684,0.8604404,0.3176999,-0.398383
8.969246,-0.3318977,0.07575348,0.8604404,0.509551,2.911694e-15
9.0,-0.3838299,0.08760667,0.8604404,0.509551,2.911694e-15
9.0,-0.3838299,-0.08760667,0.8604404,0.509551,2.911694e-15
8.969246,-0.3318977,0.07575348,0.8604404,0.4590896,-0.2210859
8.969246,-0.2661613,0.2122565,0.8604404,0.4590896,-0.2210859
9.0,-0.3838299,0.08760667,0.8604404,0.4590896,-0.2210859
8.969246,-0.3318977,-0.07575348,0.8604404,0.4590896,0.2210859
9.0,-0.3838299,-0.08760667,0.8604404,0.4590896,0.2210859
9.0,-0.3078077,-0.2454684,0.8604404,0.4590896,0.2210859
8.969246,-0.3318977,-0.07575348,0.8604404,0.509551,-9.334806e-16
8.969246,-0.3318977,0.07575348,0.8604404,0.509551,-9.334806e-16
9.0,-0.3838299,-0.08760667,0.8604404,0.509551,-9.334806e-16
8.969246,-0.2661613,-0.2122565,0.8604404,0.3176999,0.398383
9.0,-0.3078077,-0.2454684,0.8604404,0.3176999,0.398383
9.0,-0.1708204,-0.3547122,0.8604404,0.3176999,0.398383
8.969246,-0.2661613,-0.2122565,0.8604404,0.4590896,0.2210859
8.969246,-0.3318977,-0.07575348,0.8604404,0.4590896,0.2210859
9.0,-0.3078077,-0.2454684,0.8604404,0.4590896,0.2210859
8.969246,-0.1477084,-0.3067196,0.8604404,0.3176999,0.398383
8.969246,-0.2661613,-0.2122565,0.8604404,0.3176999,0.398383
9.0,-0.1708204,-0.3547122,0.8604404,0.3176999,0.398383
0.03937008,0.2562306,-0.5320682,0.0,0.2225209,-0.9749279
8.96063,0.2562306,-0.5320682,0.0,0.2225209,-0.9749279
8.96063,-7.231927e-17,-0.5905512,0.0,0.2225209,-0.9749279
0.03937008,-7.231927e-17,-0.5905512,0.0,-0.2225209,-0.9749279
8.96063,-7.231927e-17,-0.5905512,0.0,-0.2225209,-0.9749279
8.96063,-0.2562306,-0.5320682,0.0,-0.2225209,-0.9749279
0.03937008,0.2562306,-0.5320682,0.0,0.2225209,-0.9749279
8.96063,-7.231927e-17,-0.5905512,0.0,0.2225209,-0.9749279
0.03937008,-7.231927e-17,-0.5905512,0.0,0.2225209,-0.9749279
0.03937008,0.0,0.5905512,0.0,0.2225209,0.9749279
8.96063,0.0,0.5905512,0.0,0.2225209,0.9749279
8.96063,0.2562306,0.5320682,0.0,0.2225209,0.9749279
0.03937008,-0.2562306,0.5320682,0.0,-0.2225209,0.9749279
8.96063,-0.2562306,0.5320682,0.0,-0.2225209,0.9749279
8.96063,0.0,0.5905512,0.0,-0.2225209,0.9749279
0.03937008,0.0,0.5905512,0.0,-0.2225209,0.9749279
0.03937008,-0.2562306,0.5320682,0.0,-0.2225209,0.9749279
8.96063,0.0,0.5905512,0.0,-0.2225209,0.9749279
0.03937008,0.2562306,0.5320682,0.0,0.6234898,0.7818315
8.96063,0.2562306,0.5320682,0.0,0.6234898,0.7818315
8.96063,0.4617115,0.3682026,0.0,0.6234898,0.7818315
0.03937008,0.2562306,0.5320682,0.0,0.2225209,0.9749279
0.03937008,0.0,0.5905512,0.0,0.2225209,0.9749279
8.96063,0.2562306,0.5320682,0.0,0.2225209,0.9749279
0.03937008,0.4617115,0.3682026,0.0,0.9009689,0.4338837
8.96063,0.4617115,0.3682026,0.0,0.9009689,0.4338837
8.96063,0.5757448,0.13141,0.0,0.9009689,0.4338837
0.03937008,0.4617115,0.3682026,0.0,0.6234898,0.7818315
0.03937008,0.2562306,0.5320682,0.0,0.6234898,0.7818315
8.96063,0.4617115,0.3682026,0.0,0.6234898,0.7818315
0.03937008,0.5757448,0.13141,0.0,1.0,0.0
8.96063,0.5757448,0.13141,0.0,1.0,0.0
8.96063,0.5757448,-0.13141,0.0,1.0,0.0
0.03937008,0.5757448,0.13141,0.0,0.9009689,0.4338837
0.03937008,0.4617115,0.3682026,0.0,0.9009689,0.4338837
8.96063,0.5757448,0.13141,0.0,0.9009689,0.4338837
0.03937008,0.5757448,-0.13141,0.0,0.9009689,-0.4338837
8.96063,0.5757448,-0.13141,0.0,0.9009689,-0.4338837
8.96063,0.4617115,-0.3682026,0.0,0.9009689,-0.4338837
0.03937008,0.5757448,-0.13141,0.0,1.0,0.0
0.03937008,0.5757448,0.13141,0.0,1.0,0.0
8.96063,0.5757448,-0.13141,0.0,1.0,0.0
0.03937008,0.4617115,-0.3682026,0.0,0.6234898,-0.7818315
8.96063,0.4617115,-0.3682026,0.0,0.6234898,-0.7818315
8.96063,0.2562306,-0.5320682,0.0,0.6234898,-0.7818315
0.03937008,0.4617115,-0.3682026,0.0,0.9009689,-0.4338837
0.03937008,0.5757448,-0.13141,0.0,0.9009689,-0.4338837
8.96063,0.4617115,-0.3682026,0.0,0.9009689,-0.4338837
0.03937008,0.2562306,-0.5320682,0.0,0.6234898,-0.7818315
0.03937008,0.4617115,-0.3682026,0.0,0.6234898,-0.7818315
8.96063,0.2562306,-0.5320682,0.0,0.6234898,-0.7818315
0.03937008,-0.2562306,-0.5320682,0.0,-0.6234898,-0.7818315
8.96063,-0.2562306,-0.5320682,0.0,-0.6234898,-0.7818315
8.96063,-0.4617115,-0.3682026,0.0,-0.6234898,-0.7818315
0.03937008,-0.2562306,-0.5320682,0.0,-0.2225209,-0.9749279
0.03937008,-7.231927e-17,-0.5905512,0.0,-0.2225209,-0.9749279
8.96063,-0.2562306,-0.5320682,0.0,-0.2225209,-0.9749279
0.03937008,-0.4617115,-0.3682026,0.0,-0.9009689,-0.4338837
8.96063,-0.4617115,-0.3682026,0.0,-0.9009689,-0.4338837
8.96063,-0.5757448,-0.13141,0.0,-0.9009689,-0.4338837
0.03937008,-0.4617115,-0.3682026,0.0,-0.6234898,-0.7818315
0.03937008,-0.2562306,-0.5320682,0.0,-0.6234898,-0.7818315
8.96063,-0.4617115,-0.3682026,0.0,-0.6234898,-0.7818315
0.03937008,-0.5757448,-0.13141,0.0,-1.0,0.0
8.96063,-0.5757448,-0.13141,0.0,-1.0,0.0
8.96063,-0.5757448,0.13141,0.0,-1.0,0.0
0.03937008,-0.5757448,-0.13141,0.0,-0.9009689,-0.4338837
0.03937008,-0.4617115,-0.3682026,0.0,-0.9009689,-0.4338837
8.96063,-0.5757448,-0.13141,0.0,-0.9009689,-0.4338837
0.03937008,-0.5757448,0.13141,0.0,-0.9009689,0.4338837
8.96063,-0.5757448,0.13141,0.0,-0.9009689,0.4338837
8.96063,-0.4617115,0.3682026,0.0,-0.9009689,0.4338837
0.03937008,-0.5757448,0.13141,0.0,-1.0,0.0
0.03937008,-0.5757448,-0.13141,0.0,-1.0,0.0
8.96063,-0.5757448,0.13141,0.0,-1.0,0.0
0.03937008,-0.4617115,0.3682026,0.0,-0.6234898,0.7818315
8.96063,-0.4617115,0.3682026,0.0,-0.6234898,0.7818315
8.96063,-0.2562306,0.5320682,0.0,-0.6234898,0.7818315
0.03937008,-0.4617115,0.3682026,0.0,-0.9009689,0.4338837
0.03937008,-0.5757448,0.13141,0.0,-0.9009689,0.4338837
8.96063,-0.4617115,0.3682026,0.0,-0.9009689,0.4338837
0.03937008,-0.2562306,0.5320682,0.0,-0.6234898,0.7818315
0.03937008,-0.4617115,0.3682026,0.0,-0.6234898,0.7818315
8.96063,-0.2562306,0.5320682,0.0,-0.6234898,0.7818315
0.0,0.0,-0.5511811,-0.6980737,-0.1593308,-0.6980737
0.03937008,-7.231927e-17,-0.5905512,-0.6980737,-0.1593308,-0.6980737
0.03937008,-0.2562306,-0.5320682,-0.6980737,-0.1593308,-0.6980737
0.0,0.2391485,-0.496597,-0.6980737,0.1593308,-0.6980737
0.03937008,0.2562306,-0.5320682,-0.6980737,0.1593308,-0.6980737
0.03937008,-7.231927e-17,-0.5905512,-0.6980737,0.1593308,-0.6980737
0.0,0.2391485,-0.496597,-0.6980737,0.1593308,-0.6980737
0.03937008,-7.231927e-17,-0.5905512,-0.6980737,0.1593308,-0.6980737
0.0,0.0,-0.5511811,-0.6980737,0.1593308,-0.6980737
0.0,-0.2391485,-0.496597,-0.6980737,-0.4464349,-0.5598116
0.03937008,-0.2562306,-0.5320682,-0.6980737,-0.4464349,-0.5598116
0.03937008,-0.4617115,-0.3682026,-0.6980737,-0.4464349,-0.5598116
0.0,-0.2391485,-0.496597,-0.6980737,-0.1593308,-0.6980737
0.0,0.0,-0.5511811,-0.6980737,-0.1593308,-0.6980737
0.03937008,-0.2562306,-0.5320682,-0.6980737,-0.1593308,-0.6980737
0.0,-0.4309307,-0.3436558,-0.6980737,-0.6451171,-0.310672
0.03937008,-0.4617115,-0.3682026,-0.6980737,-0.6451171,-0.310672
0.03937008,-0.5757448,-0.13141,-0.6980737,-0.6451171,-0.310672
0.0,-0.4309307,-0.3436558,-0.6980737,-0.4464349,-0.5598116
0.0,-0.2391485,-0.496597,-0.6980737,-0.4464349,-0.5598116
0.03937008,-0.4617115,-0.3682026,-0.6980737,-0.4464349,-0.5598116
0.0,-0.5373618,-0.1226493,-0.6980737,-0.7160259,0.0
0.03937008,-0.5757448,-0.13141,-0.6980737,-0.7160259,0.0
0.03937008,-0.5757448,0.13141,-0.6980737,-0.7160259,0.0
0.0,-0.5373618,-0.1226493,-0.6980737,-0.6451171,-0.310672
0.0,-0.4309307,-0.3436558,-0.6980737,-0.6451171,-0.310672
0.03937008,-0.5757448,-0.13141,-0.6980737,-0.6451171,-0.310672
0.0,-0.5373618,0.1226493,-0.6980737,-0.6451171,0.310672
0.03937008,-0.5757448,0.13141,-0.6980737,-0.6451171,0.310672
0.03937008,-0.4617115,0.3682026,-0.6980737,-0.6451171,0.310672
0.0,-0.5373618,0.1226493,-0.6980737,-0.7160259,0.0
0.0,-0.5373618,-0.1226493,-0.6980737,-0.7160259,0.0
0.03937008,-0.5757448,0.13141,-0.6980737,-0.7160259,0.0
0.0,-0.4309307,0.3436558,-0.6980737,-0.4464349,0.5598116
0.03937008,-0.4617115,0.3682026,-0.6980737,-0.4464349,0.5598116
0.03937008,-0.2562306,0.5320682,-0.6980737,-0.4464349,0.5598116
0.0,-0.4309307,0.3436558,-0.6980737,-0.6451171,0.310672
0.0,-0.5373618,0.1226493,-0.6980737,-0.6451171,0.310672
0.03937008,-0.4617115,0.3682026,-0.6980737,-0.6451171,0.310672
0.0,-0.2391485,0.496597,-0.6980737,-0.1593308,0.6980737
0.03937008,-0.2562306,0.5320682,-0.6980737,-0.1593308,0.6980737
0.03937008,0.0,0.5905512,-0.6980737,-0.1593308,0.6980737
0.0,-0.2391485,0.496597,-0.6980737,-0.4464349,0.5598116
0.0,-0.4309307,0.3436558,-0.6980737,-0.4464349,0.5598116
0.03937008,-0.2562306,0.5320682,-0.6980737,-0.4464349,0.5598116
0.0,0.0,0.5511811,-0.6980737,0.1593308,0.6980737
0.03937008,0.0,0.5905512,-0.6980737,0.1593308,0.6980737
0.03937008,0.2562306,0.5320682,-0.6980737,0.1593308,0.6980737
0.0,-0.2391485,0.496597,-0.6980737,-0.1593308,0.6980737
0.03937008,0.0,0.5905512,-0.6980737,-0.1593308,0.6980737
0.0,0.0,0.5511811,-0.6980737,-0.1593308,0.6980737
0.0,0.2391485,0.496597,-0.6980737,0.4464349,0.5598116
0.03937008,0.2562306,0.5320682,-0.6980737,0.4464349,0.5598116
0.03937008,0.4617115,0.3682026,-0.6980737,0.4464349,0.5598116
0.0,0.2391485,0.496597,-0.6980737,0.1593308,0.6980737
0.0,0.0,0.5511811,-0.6980737,0.1593308,0.6980737
0.03937008,0.2562306,0.5320682,-0.6980737,0.1593308,0.6980737
0.0,0.4309307,0.3436558,-0.6980737,0.6451171,0.310672
0.03937008,0.4617115,0.3682026,-0.6980737,0.6451171,0.310672
0.03937008,0.5757448,0.13141,-0.6980737,0.6451171,0.310672
0.0,0.4309307,0.3436558,-0.6980737,0.4464349,0.5598116
0.0,0.2391485,0.496597,-0.6980737,0.4464349,0.5598116
0.03937008,0.4617115,0.3682026,-0.6980737,0.4464349,0.5598116
0.0,0.5373618,0.1226493,-0.6980737,0.7160259,0.0
0.03937008,0.5757448,0.13141,-0.6980737,0.7160259,0.0
0.03937008,0.5757448,-0.13141,-0.6980737,0.7160259,0.0
0.0,0.5373618,0.1226493,-0.6980737,0.6451171,0.310672
0.0,0.4309307,0.3436558,-0.6980737,0.6451171,0.310672
0.03937008,0.5757448,0.13141,-0.6980737,0.6451171,0.310672
0.0,0.5373618,-0.1226493,-0.6980737,0.6451171,-0.310672
0.03937008,0.5757448,-0.13141,-0.6980737,0.6451171,-0.310672
0.03937008,0.4617115,-0.3682026,-0.6980737,0.6451171,-0.310672
0.0,0.5373618,-0.1226493,-0.6980737,0.7160259,0.0
0.0,0.5373618,0.1226493,-0.6980737,0.7160259,0.0
0.03937008,0.5757448,-0.13141,-0.6980737,0.7160259,0.0
0.0,0.4309307,-0.3436558,-0.6980737,0.4464349,-0.5598116
0.03937008,0.4617115,-0.3682026,-0.6980737,0.4464349,-0.5598116
0.03937008,0.2562306,-0.5320682,-0.6980737,0.4464349,-0.5598116
0.0,0.4309307,-0.3436558,-0.6980737,0.6451171,-0.310672
0.0,0.5373618,-0.1226493,-0.6980737,0.6451171,-0.310672
0.03937008,0.4617115,-0.3682026,-0.6980737,0.6451171,-0.310672
0.0,0.2391485,-0.496597,-0.6980737,0.4464349,-0.5598116
0.0,0.4309307,-0.3436558,-0.6980737,0.4464349,-0.5598116
0.03937008,0.2562306,-0.5320682,-0.6980737,0.4464349,-0.5598116
0.0,0.1400727,-0.290864,-1.0,0.0,0.0
0.0,0.2391485,-0.496597,-1.0,0.0,0.0
0.0,0.0,-0.5511811,-1.0,0.0,0.0
0.0,0.0,-0.3228346,-1.0,0.0,0.0
0.0,0.0,-0.5511811,-1.0,0.0,0.0
0.0,-0.2391485,-0.496597,-1.0,0.0,0.0
0.0,0.1400727,-0.290864,-1.0,0.0,0.0
0.0,0.0,-0.5511811,-1.0,0.0,0.0
0.0,0.0,-0.3228346,-1.0,0.0,0.0
0.0,0.0,0.3228346,-1.0,0.0,0.0
0.0,0.0,0.5511811,-1.0,0.0,0.0
0.0,0.2391485,0.496597,-1.0,0.0,0.0
0.0,-0.1400727,0.290864,-1.0,0.0,0.0
0.0,-0.2391485,0.496597,-1.0,0.0,0.0
0.0,0.0,0.5511811,-1.0,0.0,0.0
0.0,0.0,0.3228346,-1.0,0.0,0.0
0.0,-0.1400727,0.290864,-1.0,0.0,0.0
0.0,0.0,0.5511811,-1.0,0.0,0.0
0.0,0.2524023,0.2012841,-1.0,0.0,0.0
0.0,0.2391485,0.496597,-1.0,0.0,0.0
0.0,0.4309307,0.3436558,-1.0,0.0,0.0
0.0,0.1400727,0.290864,-1.0,0.0,0.0
0.0,0.0,0.3228346,-1.0,0.0,0.0
0.0,0.2391485,0.496597,-1.0,0.0,0.0
0.0,0.2524023,0.2012841,-1.0,0.0,0.0
0.0,0.1400727,0.290864,-1.0,0.0,0.0
0.0,0.2391485,0.496597,-1.0,0.0,0.0
0.0,0.4309307,-0.3436558,-1.0,0.0,0.0
0.0,0.4309307,0.3436558,-1.0,0.0,0.0
0.0,0.5373618,0.1226493,-1.0,0.0,0.0
0.0,0.2391485,-0.496597,-1.0,0.0,0.0
0.0,0.4309307,0.3436558,-1.0,0.0,0.0
0.0,0.4309307,-0.3436558,-1.0,0.0,0.0
0.0,0.3147405,-0.07183746,-1.0,0.0,0.0
0.0,0.4309307,0.3436558,-1.0,0.0,0.0
0.0,0.2391485,-0.496597,-1.0,0.0,0.0
0.0,0.3147405,0.07183746,-1.0,0.0,0.0
0.0,0.2524023,0.2012841,-1.0,0.0,0.0
0.0,0.4309307,0.3436558,-1.0,0.0,0.0
0.0,0.3147405,-0.07183746,-1.0,0.0,0.0
0.0,0.3147405,0.07183746,-1.0,0.0,0.0
0.0,0.4309307,0.3436558,-1.0,0.0,0.0
0.0,0.4309307,-0.3436558,-1.0,0.0,0.0
0.0,0.5373618,0.1226493,-1.0,0.0,0.0
0.0,0.5373618,-0.1226493,-1.0,0.0,0.0
0.0,0.2524023,-0.2012841,-1.0,0.0,0.0
0.0,0.3147405,-0.07183746,-1.0,0.0,0.0
0.0,0.2391485,-0.496597,-1.0,0.0,0.0
0.0,0.1400727,-0.290864,-1.0,0.0,0.0
0.0,0.2524023,-0.2012841,-1.0,0.0,0.0
0.0,0.2391485,-0.496597,-1.0,0.0,0.0
0.0,-0.2524023,-0.2012841,-1.0,0.0,0.0
0.0,-0.2391485,-0.496597,-1.0,0.0,0.0
0.0,-0.4309307,-0.3436558,-1.0,0.0,0.0
0.0,-0.1400727,-0.290864,-1.0,0.0,0.0
0.0,0.0,-0.3228346,-1.0,0.0,0.0
0.0,-0.2391485,-0.496597,-1.0,0.0,0.0
0.0,-0.2524023,-0.2012841,-1.0,0.0,0.0
0.0,-0.1400727,-0.290864,-1.0,0.0,0.0
0.0,-0.2391485,-0.496597,-1.0,0.0,0.0
0.0,-0.4309307,0.3436558,-1.0,0.0,0.0
0.0,-0.4309307,-0.3436558,-1.0,0.0,0.0
0.0,-0.5373618,-0.1226493,-1.0,0.0,0.0
0.0,-0.2391485,0.496597,-1.0,0.0,0.0
0.0,-0.4309307,-0.3436558,-1.0,0.0,0.0
0.0,-0.4309307,0.3436558,-1.0,0.0,0.0
0.0,-0.3147405,0.07183746,-1.0,0.0,0.0
0.0,-0.4309307,-0.3436558,-1.0,0.0,0.0
0.0,-0.2391485,0.496597,-1.0,0.0,0.0
0.0,-0.3147405,-0.07183746,-1.0,0.0,0.0
0.0,-0.2524023,-0.2012841,-1.0,0.0,0.0
0.0,-0.4309307,-0.3436558,-1.0,0.0,0.0
0.0,-0.3147405,0.07183746,-1.0,0.0,0.0
0.0,-0.3147405,-0.07183746,-1.0,0.0,0.0
0.0,-0.4309307,-0.3436558,-1.0,0.0,0.0
0.0,-0.4309307,0.3436558,-1.0,0.0,0.0
0.0,-0.5373618,-0.1226493,-1.0,0.0,0.0
0.0,-0.5373618,0.1226493,-1.0,0.0,0.0
0.0,-0.2524023,0.2012841,-1.0,0.0,0.0
0.0,-0.3147405,0.07183746,-1.0,0.0,0.0
0.0,-0.2391485,0.496597,-1.0,0.0,0.0
0.0,-0.1400727,0.290864,-1.0,0.0,0.0
0.0,-0.2524023,0.2012841,-1.0,0.0,0.0
0.0,-0.2391485,0.496597,-1.0,0.0,0.0
-0.03937008,0.0,-0.3228346,-4.948675e-13,-0.2225209,-0.9749279
0.0,0.0,-0.3228346,-4.948675e-13,-0.2225209,-0.9749279
0.0,-0.1400727,-0.290864,-4.948675e-13,-0.2225209,-0.9749279
-0.03937008,0.1400727,-0.290864,-5.19734e-13,0.2225209,-0.9749279
0.0,0.1400727,-0.290864,-5.19734e-13,0.2225209,-0.9749279
0.0,0.0,-0.3228346,-5.19734e-13,0.2225209,-0.9749279
-0.03937008,0.1400727,-0.290864,-4.948253e-13,0.2225209,-0.9749279
0.0,0.0,-0.3228346,-4.948253e-13,0.2225209,-0.9749279
-0.03937008,0.0,-0.3228346,-4.948253e-13,0.2225209,-0.9749279
-0.03937008,-0.1400727,-0.290864,-5.187633e-13,-0.6234898,-0.7818315
0.0,-0.1400727,-0.290864,-5.187633e-13,-0.6234898,-0.7818315
0.0,-0.2524023,-0.2012841,-5.187633e-13,-0.6234898,-0.7818315
-0.03937008,-0.1400727,-0.290864,-5.19734e-13,-0.2225209,-0.9749279
-0.03937008,0.0,-0.3228346,-5.19734e-13,-0.2225209,-0.9749279
0.0,-0.1400727,-0.290864,-5.19734e-13,-0.2225209,-0.9749279
-0.03937008,-0.2524023,-0.2012841,-5.01062e-13,-0.9009689,-0.4338837
0.0,-0.2524023,-0.2012841,-5.01062e-13,-0.9009689,-0.4338837
0.0,-0.3147405,-0.07183746,-5.01062e-13,-0.9009689,-0.4338837
-0.03937008,-0.2524023,-0.2012841,-4.968073e-13,-0.6234898,-0.7818315
-0.03937008,-0.1400727,-0.290864,-4.968073e-13,-0.6234898,-0.7818315
0.0,-0.2524023,-0.2012841,-4.968073e-13,-0.6234898,-0.7818315
-0.03937008,-0.3147405,-0.07183746,-4.934941e-13,-1.0,0.0
0.0,-0.3147405,-0.07183746,-4.934941e-13,-1.0,0.0
0.0,-0.3147405,0.07183746,-4.934941e-13,-1.0,0.0
-0.03937008,-0.3147405,-0.07183746,-4.953997e-13,-0.9009689,-0.4338837
-0.03937008,-0.2524023,-0.2012841,-4.953997e-13,-0.9009689,-0.4338837
0.0,-0.3147405,-0.07183746,-4.953997e-13,-0.9009689,-0.4338837
-0.03937008,-0.3147405,0.07183746,-4.953997e-13,-0.9009689,0.4338837
0.0,-0.3147405,0.07183746,-4.953997e-13,-0.9009689,0.4338837
0.0,-0.2524023,0.2012841,-4.953997e-13,-0.9009689,0.4338837
-0.03937008,-0.3147405,0.07183746,-4.934941e-13,-1.0,0.0
-0.03937008,-0.3147405,-0.07183746,-4.934941e-13,-1.0,0.0
0.0,-0.3147405,0.07183746,-4.934941e-13,-1.0,0.0
-0.03937008,-0.2524023,0.2012841,-4.962562e-13,-0.6234898,0.7818315
0.0,-0.2524023,0.2012841,-4.962562e-13,-0.6234898,0.7818315
0.0,-0.1400727,0.290864,-4.962562e-13,-0.6234898,0.7818315
-0.03937008,-0.2524023,0.2012841,-5.007561e-13,-0.9009689,0.4338837
-0.03937008,-0.3147405,0.07183746,-5.007561e-13,-0.9009689,0.4338837
0.0,-0.2524023,0.2012841,-5.007561e-13,-0.9009689,0.4338837
-0.03937008,-0.1400727,0.290864,-4.965222e-13,-0.2225209,0.9749279
0.0,-0.1400727,0.290864,-4.965222e-13,-0.2225209,0.9749279
0.0,0.0,0.3228346,-4.965222e-13,-0.2225209,0.9749279
-0.03937008,-0.1400727,0.290864,-5.004626e-13,-0.6234898,0.7818315
-0.03937008,-0.2524023,0.2012841,-5.004626e-13,-0.6234898,0.7818315
0.0,-0.1400727,0.290864,-5.004626e-13,-0.6234898,0.7818315
-0.03937008,0.0,0.3228346,-4.948675e-13,0.2225209,0.9749279
0.0,0.0,0.3228346,-4.948675e-13,0.2225209,0.9749279
0.0,0.1400727,0.290864,-4.948675e-13,0.2225209,0.9749279
-0.03937008,0.0,0.3228346,-4.948675e-13,-0.2225209,0.9749279
-0.03937008,-0.1400727,0.290864,-4.948675e-13,-0.2225209,0.9749279
0.0,0.0,0.3228346,-4.948675e-13,-0.2225209,0.9749279
-0.03937008,0.1400727,0.290864,-5.004626e-13,0.6234898,0.7818315
0.0,0.1400727,0.290864,-5.004626e-13,0.6234898,0.7818315
0.0,0.2524023,0.2012841,-5.004626e-13,0.6234898,0.7818315
-0.03937008,0.1400727,0.290864,-4.965222e-13,0.2225209,0.9749279
-0.03937008,0.0,0.3228346,-4.965222e-13,0.2225209,0.9749279
0.0,0.1400727,0.290864,-4.965222e-13,0.2225209,0.9749279
-0.03937008,0.2524023,0.2012841,-5.007561e-13,0.9009689,0.4338837
0.0,0.2524023,0.2012841,-5.007561e-13,0.9009689,0.4338837
0.0,0.3147405,0.07183746,-5.007561e-13,0.9009689,0.4338837
-0.03937008,0.2524023,0.2012841,-4.962562e-13,0.6234898,0.7818315
-0.03937008,0.1400727,0.290864,-4.962562e-13,0.6234898,0.7818315
0.0,0.2524023,0.2012841,-4.962562e-13,0.6234898,0.7818315
-0.03937008,0.3147405,0.07183746,-5.104139e-13,1.0,0.0
0.0,0.3147405,0.07183746,-5.104139e-13,1.0,0.0
0.0,0.3147405,-0.07183746,-5.104139e-13,1.0,0.0
-0.03937008,0.3147405,0.07183746,-5.106439e-13,0.9009689,0.4338837
-0.03937008,0.2524023,0.2012841,-5.106439e-13,0.9009689,0.4338837
0.0,0.3147405,0.07183746,-5.106439e-13,0.9009689,0.4338837
-0.03937008,0.3147405,-0.07183746,-5.106439e-13,0.9009689,-0.4338837
0.0,0.3147405,-0.07183746,-5.106439e-13,0.9009689,-0.4338837
0.0,0.2524023,-0.2012841,-5.106439e-13,0.9009689,-0.4338837
-0.03937008,0.3147405,-0.07183746,-5.104139e-13,1.0,0.0
-0.03937008,0.3147405,0.07183746,-5.104139e-13,1.0,0.0
0.0,0.3147405,-0.07183746,-5.104139e-13,1.0,0.0
-0.03937008,0.2524023,-0.2012841,-4.968073e-13,0.6234898,-0.7818315
0.0,0.2524023,-0.2012841,-4.968073e-13,0.6234898,-0.7818315
0.0,0.1400727,-0.290864,-4.968073e-13,0.6234898,-0.7818315
-0.03937008,0.2524023,-0.2012841,-5.01062e-13,0.9009689,-0.4338837
-0.03937008,0.3147405,-0.07183746,-5.01062e-13,0.9009689,-0.4338837
0.0,0.2524023,-0.2012841,-5.01062e-13,0.9009689,-0.4338837
-0.03937008,0.1400727,-0.290864,-5.187633e-13,0.6234898,-0.7818315
-0.03937008,0.2524023,-0.2012841,-5.187633e-13,0.6234898,-0.7818315
0.0,0.1400727,-0.290864,-5.187633e-13,0.6234898,-0.7818315
-0.03937008,0.0,-0.3937008,1.0,0.0,0.0
-0.03937008,0.0,-0.3228346,1.0,0.0,0.0
-0.03937008,-0.1400727,-0.290864,1.0,0.0,0.0
-0.03937008,0.1708204,-0.3547122,1.0,0.0,0.0
-0.03937008,0.1400727,-0.290864,1.0,0.0,0.0
-0.03937008,0.0,-0.3228346,1.0,0.0,0.0
-0.03937008,0.1708204,-0.3547122,1.0,0.0,0.0
-0.03937008,0.0,-0.3228346,1.0,0.0,0.0
-0.03937008,0.0,-0.3937008,1.0,0.0,0.0
-0.03937008,-0.1708204,-0.3547122,1.0,0.0,0.0
-0.03937008,-0.1400727,-0.290864,1.0,0.0,0.0
-0.03937008,-0.2524023,-0.2012841,1.0,0.0,0.0
-0.03937008,-0.1708204,-0.3547122,1.0,0.0,0.0
-0.03937008,0.0,-0.3937008,1.0,0.0,0.0
-0.03937008,-0.1400727,-0.290864,1.0,0.0,0.0
-0.03937008,-0.3078077,-0.2454684,1.0,0.0,0.0
-0.03937008,-0.2524023,-0.2012841,1.0,0.0,0.0
-0.03937008,-0.3147405,-0.07183746,1.0,0.0,0.0
-0.03937008,-0.3078077,-0.2454684,1.0,0.0,0.0
-0.03937008,-0.1708204,-0.3547122,1.0,0.0,0.0
-0.03937008,-0.2524023,-0.2012841,1.0,0.0,0.0
-0.03937008,-0.3838299,0.08760667,1.0,0.0,0.0
-0.03937008,-0.3147405,-0.07183746,1.0,0.0,0.0
-0.03937008,-0.3147405,0.07183746,1.0,0.0,0.0
-0.03937008,-0.3838299,0.08760667,1.0,0.0,0.0
-0.03937008,-0.3078077,-0.2454684,1.0,0.0,0.0
-0.03937008,-0.3147405,-0.07183746,1.0,0.0,0.0
-0.03937008,-0.3078077,0.2454684,1.0,0.0,0.0
-0.03937008,-0.3147405,0.07183746,1.0,0.0,0.0
-0.03937008,-0.2524023,0.2012841,1.0,0.0,0.0
-0.03937008,-0.3078077,0.2454684,1.0,0.0,0.0
-0.03937008,-0.3838299,0.08760667,1.0,0.0,0.0
-0.03937008,-0.3147405,0.07183746,1.0,0.0,0.0
-0.03937008,-0.1708204,0.3547122,1.0,0.0,0.0
-0.03937008,-0.2524023,0.2012841,1.0,0.0,0.0
-0.03937008,-0.1400727,0.290864,1.0,0.0,0.0
-0.03937008,-0.1708204,0.3547122,1.0,0.0,0.0
-0.03937008,-0.3078077,0.2454684,1.0,0.0,0.0
-0.03937008,-0.2524023,0.2012841,1.0,0.0,0.0
-0.03937008,-0.1708204,0.3547122,1.0,0.0,0.0
-0.03937008,-0.1400727,0.290864,1.0,0.0,0.0
-0.03937008,0.0,0.3228346,1.0,0.0,0.0
-0.03937008,0.0,0.3937008,1.0,0.0,0.0
-0.03937008,0.0,0.3228346,1.0,0.0,0.0
-0.03937008,0.1400727,0.290864,1.0,0.0,0.0
-0.03937008,0.0,0.3937008,1.0,0.0,0.0
-0.03937008,-0.1708204,0.3547122,1.0,0.0,0.0
-0.03937008,0.0,0.3228346,1.0,0.0,0.0
-0.03937008,0.1708204,0.3547122,1.0,0.0,0.0
-0.03937008,0.1400727,0.290864,1.0,0.0,0.0
-0.03937008,0.2524023,0.2012841,1.0,0.0,0.0
-0.03937008,0.1708204,0.3547122,1.0,0.0,0.0
-0.03937008,0.0,0.3937008,1.0,0.0,0.0
-0.03937008,0.1400727,0.290864,1.0,0.0,0.0
-0.03937008,0.3078077,0.2454684,1.0,0.0,0.0
-0.03937008,0.2524023,0.2012841,1.0,0.0,0.0
-0.03937008,0.3147405,0.07183746,1.0,0.0,0.0
-0.03937008,0.3078077,0.2454684,1.0,0.0,0.0
-0.03937008,0.1708204,0.3547122,1.0,0.0,0.0
-0.03937008,0.2524023,0.2012841,1.0,0.0,0.0
-0.03937008,0.3838299,-0.08760667,1.0,0.0,0.0
-0.03937008,0.3147405,0.07183746,1.0,0.0,0.0
-0.03937008,0.3147405,-0.07183746,1.0,0.0,0.0
-0.03937008,0.3838299,-0.08760667,1.0,0.0,0.0
-0.03937008,0.3078077,0.2454684,1.0,0.0,0.0
-0.03937008,0.3147405,0.07183746,1.0,0.0,0.0
-0.03937008,0.3078077,-0.2454684,1.0,0.0,0.0
-0.03937008,0.3147405,-0.07183746,1.0,0.0,0.0
-0.03937008,0.2524023,-0.2012841,1.0,0.0,0.0
-0.03937008,0.3078077,-0.2454684,1.0,0.0,0.0
-0.03937008,0.3838299,-0.08760667,1.0,0.0,0.0
-0.03937008,0.3147405,-0.07183746,1.0,0.0,0.0
-0.03937008,0.1708204,-0.3547122,1.0,0.0,0.0
-0.03937008,0.2524023,-0.2012841,1.0,0.0,0.0
-0.03937008,0.1400727,-0.290864,1.0,0.0,0.0
-0.03937008,0.1708204,-0.3547122,1.0,0.0,0.0
-0.03937008,0.3078077,-0.2454684,1.0,0.0,0.0
-0.03937008,0.2524023,-0.2012841,1.0,0.0,0.0
-1.082677,-4.821285e-17,-0.3937008,-1.871584e-14,-0.2225209,-0.9749279
-0.03937008,0.0,-0.3937008,-1.871584e-14,-0.2225209,-0.9749279
-0.03937008,-0.1708204,-0.3547122,-1.871584e-14,-0.2225209,-0.9749279
-1.082677,0.1708204,-0.3547122,-1.822417e-14,0.2225209,-0.9749279
-0.03937008,0.1708204,-0.3547122,-1.822417e-14,0.2225209,-0.9749279
-0.03937008,0.0,-0.3937008,-1.822417e-14,0.2225209,-0.9749279
-1.082677,0.1708204,-0.3547122,-1.874209e-14,0.2225209,-0.9749279
-0.03937008,0.0,-0.3937008,-1.874209e-14,0.2225209,-0.9749279
-1.082677,-4.821285e-17,-0.3937008,-1.874209e-14,0.2225209,-0.9749279
-1.082677,-0.1708204,-0.3547122,-1.812133e-14,-0.6234898,-0.7818315
-0.03937008,-0.1708204,-0.3547122,-1.812133e-14,-0.6234898,-0.7818315
-0.03937008,-0.3078077,-0.2454684,-1.812133e-14,-0.6234898,-0.7818315
-1.082677,-0.1708204,-0.3547122,-1.816779e-14,-0.2225209,-0.9749279
-1.082677,-4.821285e-17,-0.3937008,-1.816779e-14,-0.2225209,-0.9749279
-0.03937008,-0.1708204,-0.3547122,-1.816779e-14,-0.2225209,-0.9749279
-0.03937008,-0.3838299,0.08760667,1.0,0.0,0.0
-0.03937008,-0.3838299,-0.08760667,1.0,0.0,0.0
-0.03937008,-0.3078077,-0.2454684,1.0,0.0,0.0
-1.082677,-0.3078077,-0.2454684,-1.860977e-14,-0.9009689,-0.4338837
-0.03937008,-0.3078077,-0.2454684,-1.860977e-14,-0.9009689,-0.4338837
-0.03937008,-0.3838299,-0.08760667,-1.860977e-14,-0.9009689,-0.4338837
-1.082677,-0.3078077,-0.2454684,-1.884855e-14,-0.6234898,-0.7818315
-1.082677,-0.1708204,-0.3547122,-1.884855e-14,-0.6234898,-0.7818315
-0.03937008,-0.3078077,-0.2454684,-1.884855e-14,-0.6234898,-0.7818315
-1.082677,-0.3838299,-0.08760667,-1.878204e-14,-1.0,0.0
-0.03937008,-0.3838299,-0.08760667,-1.878204e-14,-1.0,0.0
-0.03937008,-0.3838299,0.08760667,-1.878204e-14,-1.0,0.0
-1.082677,-0.3838299,-0.08760667,-1.900551e-14,-0.9009689,-0.4338837
-1.082677,-0.3078077,-0.2454684,-1.900551e-14,-0.9009689,-0.4338837
-0.03937008,-0.3838299,-0.08760667,-1.900551e-14,-0.9009689,-0.4338837
-1.082677,-0.3838299,0.08760667,-1.900151e-14,-0.9009689,0.4338837
-0.03937008,-0.3838299,0.08760667,-1.900151e-14,-0.9009689,0.4338837
-0.03937008,-0.3078077,0.2454684,-1.900151e-14,-0.9009689,0.4338837
-1.082677,-0.3838299,0.08760667,-1.883525e-14,-1.0,3.168204e-16
-1.082677,-0.3838299,-0.08760667,-1.883525e-14,-1.0,3.168204e-16
-0.03937008,-0.3838299,0.08760667,-1.883525e-14,-1.0,3.168204e-16
-1.082677,-0.3078077,0.2454684,-1.879852e-14,-0.6234898,0.7818315
-0.03937008,-0.3078077,0.2454684,-1.879852e-14,-0.6234898,0.7818315
-0.03937008,-0.1708204,0.3547122,-1.879852e-14,-0.6234898,0.7818315
-1.082677,-0.3078077,0.2454684,-1.861154e-14,-0.9009689,0.4338837
-1.082677,-0.3838299,0.08760667,-1.861154e-14,-0.9009689,0.4338837
-0.03937008,-0.3078077,0.2454684,-1.861154e-14,-0.9009689,0.4338837
-1.082677,-0.1708204,0.3547122,-1.821825e-14,-0.2225209,0.9749279
-0.03937008,-0.1708204,0.3547122,-1.821825e-14,-0.2225209,0.9749279
-0.03937008,0.0,0.3937008,-1.821825e-14,-0.2225209,0.9749279
-1.082677,-0.1708204,0.3547122,-1.805524e-14,-0.6234898,0.7818315
-1.082677,-0.3078077,0.2454684,-1.805524e-14,-0.6234898,0.7818315
-0.03937008,-0.1708204,0.3547122,-1.805524e-14,-0.6234898,0.7818315
-1.082677,0.0,0.3937008,-1.872612e-14,0.2225209,0.9749279
-0.03937008,0.0,0.3937008,-1.872612e-14,0.2225209,0.9749279
-0.03937008,0.1708204,0.3547122,-1.872612e-14,0.2225209,0.9749279
-1.082677,0.0,0.3937008,-1.872612e-14,-0.2225209,0.9749279
-1.082677,-0.1708204,0.3547122,-1.872612e-14,-0.2225209,0.9749279
-0.03937008,0.0,0.3937008,-1.872612e-14,-0.2225209,0.9749279
-1.082677,0.1708204,0.3547122,-1.864395e-14,0.6234898,0.7818315
-0.03937008,0.1708204,0.3547122,-1.864395e-14,0.6234898,0.7818315
-0.03937008,0.3078077,0.2454684,-1.864395e-14,0.6234898,0.7818315
-1.082677,0.1708204,0.3547122,-1.839133e-14,0.2225209,0.9749279
-1.082677,0.0,0.3937008,-1.839133e-14,0.2225209,0.9749279
-0.03937008,0.1708204,0.3547122,-1.839133e-14,0.2225209,0.9749279
-0.03937008,0.3838299,-0.08760667,1.0,0.0,0.0
-0.03937008,0.3838299,0.08760667,1.0,0.0,0.0
-0.03937008,0.3078077,0.2454684,1.0,0.0,0.0
-1.082677,0.3078077,0.2454684,-1.857338e-14,0.9009689,0.4338837
-0.03937008,0.3078077,0.2454684,-1.857338e-14,0.9009689,0.4338837
-0.03937008,0.3838299,0.08760667,-1.857338e-14,0.9009689,0.4338837
-1.082677,0.3078077,0.2454684,-1.883617e-14,0.6234898,0.7818315
-1.082677,0.1708204,0.3547122,-1.883617e-14,0.6234898,0.7818315
-0.03937008,0.3078077,0.2454684,-1.883617e-14,0.6234898,0.7818315
-1.082677,0.3838299,0.08760667,-1.888845e-14,1.0,0.0
-0.03937008,0.3838299,0.08760667,-1.888845e-14,1.0,0.0
-0.03937008,0.3838299,-0.08760667,-1.888845e-14,1.0,0.0
-1.082677,0.3838299,0.08760667,-1.891093e-14,0.9009689,0.4338837
-1.082677,0.3078077,0.2454684,-1.891093e-14,0.9009689,0.4338837
-0.03937008,0.3838299,0.08760667,-1.891093e-14,0.9009689,0.4338837
-1.082677,0.3838299,-0.08760667,-1.894379e-14,0.9009689,-0.4338837
-0.03937008,0.3838299,-0.08760667,-1.894379e-14,0.9009689,-0.4338837
-0.03937008,0.3078077,-0.2454684,-1.894379e-14,0.9009689,-0.4338837
-1.082677,0.3838299,-0.08760667,-1.883525e-14,1.0,3.168204e-16
-1.082677,0.3838299,0.08760667,-1.883525e-14,1.0,3.168204e-16
-0.03937008,0.3838299,-0.08760667,-1.883525e-14,1.0,3.168204e-16
-1.082677,0.3078077,-0.2454684,-1.881932e-14,0.6234898,-0.7818315
-0.03937008,0.3078077,-0.2454684,-1.881932e-14,0.6234898,-0.7818315
-0.03937008,0.1708204,-0.3547122,-1.881932e-14,0.6234898,-0.7818315
-1.082677,0.3078077,-0.2454684,-1.862308e-14,0.9009689,-0.4338837
-1.082677,0.3838299,-0.08760667,-1.862308e-14,0.9009689,-0.4338837
-0.03937008,0.3078077,-0.2454684,-1.862308e-14,0.9009689,-0.4338837
-1.082677,0.1708204,-0.3547122,-1.807183e-14,0.6234898,-0.7818315
-1.082677,0.3078077,-0.2454684,-1.807183e-14,0.6234898,-0.7818315
-0.03937008,0.1708204,-0.3547122,-1.807183e-14,0.6234898,-0.7818315
-1.181102,0.0,-0.2952756,-0.6980737,-0.1593308,-0.6980737
-1.082677,-4.821285e-17,-0.3937008,-0.6980737,-0.1593308,-0.6980737
-1.082677,-0.1708204,-0.3547122,-0.6980737,-0.1593308,-0.6980737
-1.181102,0.1281153,-0.2660341,-0.6980737,0.1593308,-0.6980737
-1.082677,0.1708204,-0.3547122,-0.6980737,0.1593308,-0.6980737
-1.082677,-4.821285e-17,-0.3937008,-0.6980737,0.1593308,-0.6980737
-1.181102,0.1281153,-0.2660341,-0.6980737,0.1593308,-0.6980737
-1.082677,-4.821285e-17,-0.3937008,-0.6980737,0.1593308,-0.6980737
-1.181102,0.0,-0.2952756,-0.6980737,0.1593308,-0.6980737
-1.181102,-0.1281153,-0.2660341,-0.6980737,-0.4464349,-0.5598116
-1.082677,-0.1708204,-0.3547122,-0.6980737,-0.4464349,-0.5598116
-1.082677,-0.3078077,-0.2454684,-0.6980737,-0.4464349,-0.5598116
-1.181102,-0.1281153,-0.2660341,-0.6980737,-0.1593308,-0.6980737
-1.181102,0.0,-0.2952756,-0.6980737,-0.1593308,-0.6980737
-1.082677,-0.1708204,-0.3547122,-0.6980737,-0.1593308,-0.6980737
-1.181102,-0.2308558,-0.1841013,-0.6980737,-0.6451171,-0.310672
-1.082677,-0.3078077,-0.2454684,-0.6980737,-0.6451171,-0.310672
-1.082677,-0.3838299,-0.08760667,-0.6980737,-0.6451171,-0.310672
-1.181102,-0.2308558,-0.1841013,-0.6980737,-0.4464349,-0.5598116
-1.181102,-0.1281153,-0.2660341,-0.6980737,-0.4464349,-0.5598116
-1.082677,-0.3078077,-0.2454684,-0.6980737,-0.4464349,-0.5598116
-1.181102,-0.2878724,-0.065705,-0.6980737,-0.7160259,2.160761e-16
-1.082677,-0.3838299,-0.08760667,-0.6980737,-0.7160259,2.160761e-16
-1.082677,-0.3838299,0.08760667,-0.6980737,-0.7160259,2.160761e-16
-1.181102,-0.2878724,-0.065705,-0.6980737,-0.6451171,-0.310672
-1.181102,-0.2308558,-0.1841013,-0.6980737,-0.6451171,-0.310672
-1.082677,-0.3838299,-0.08760667,-0.6980737,-0.6451171,-0.310672
-1.181102,-0.2878724,0.065705,-0.6980737,-0.6451171,0.310672
-1.082677,-0.3838299,0.08760667,-0.6980737,-0.6451171,0.310672
-1.082677,-0.3078077,0.2454684,-0.6980737,-0.6451171,0.310672
-1.181102,-0.2878724,0.065705,-0.6980737,-0.7160259,3.024688e-16
-1.181102,-0.2878724,-0.065705,-0.6980737,-0.7160259,3.024688e-16
-1.082677,-0.3838299,0.08760667,-0.6980737,-0.7160259,3.024688e-16
-1.181102,-0.2308558,0.1841013,-0.6980737,-0.4464349,0.5598116
-1.082677,-0.3078077,0.2454684,-0.6980737,-0.4464349,0.5598116
-1.082677,-0.1708204,0.3547122,-0.6980737,-0.4464349,0.5598116
-1.181102,-0.2308558,0.1841013,-0.6980737,-0.6451171,0.310672
-1.181102,-0.2878724,0.065705,-0.6980737,-0.6451171,0.310672
-1.082677,-0.3078077,0.2454684,-0.6980737,-0.6451171,0.310672
-1.181102,-0.1281153,0.2660341,-0.6980737,-0.1593308,0.6980737
-1.082677,-0.1708204,0.3547122,-0.6980737,-0.1593308,0.6980737
-1.082677,0.0,0.3937008,-0.6980737,-0.1593308,0.6980737
-1.181102,-0.1281153,0.2660341,-0.6980737,-0.4464349,0.5598116
-1.181102,-0.2308558,0.1841013,-0.6980737,-0.4464349,0.5598116
-1.082677,-0.1708204,0.3547122,-0.6980737,-0.4464349,0.5598116
-1.181102,0.0,0.2952756,-0.6980737,0.1593308,0.6980737
-1.082677,0.0,0.3937008,-0.6980737,0.1593308,0.6980737
-1.082677,0.1708204,0.3547122,-0.6980737,0.1593308,0.6980737
-1.181102,-0.1281153,0.2660341,-0.6980737,-0.1593308,0.6980737
-1.082677,0.0,0.3937008,-0.6980737,-0.1593308,0.6980737
-1.181102,0.0,0.2952756,-0.6980737,-0.1593308,0.6980737
-1.181102,0.1281153,0.2660341,-0.6980737,0.4464349,0.5598116
-1.082677,0.1708204,0.3547122,-0.6980737,0.4464349,0.5598116
-1.082677,0.3078077,0.2454684,-0.6980737,0.4464349,0.5598116
-1.181102,0.1281153,0.2660341,-0.6980737,0.1593308,0.6980737
-1.181102,0.0,0.2952756,-0.6980737,0.1593308,0.6980737
-1.082677,0.1708204,0.3547122,-0.6980737,0.1593308,0.6980737
-1.181102,0.2308558,0.1841013,-0.6980737,0.6451171,0.310672
-1.082677,0.3078077,0.2454684,-0.6980737,0.6451171,0.310672
-1.082677,0.3838299,0.08760667,-0.6980737,0.6451171,0.310672
-1.181102,0.2308558,0.1841013,-0.6980737,0.4464349,0.5598116
-1.181102,0.1281153,0.2660341,-0.6980737,0.4464349,0.5598116
-1.082677,0.3078077,0.2454684,-0.6980737,0.4464349,0.5598116
-1.181102,0.2878724,0.065705,-0.6980737,0.7160259,2.160761e-16
-1.082677,0.3838299,0.08760667,-0.6980737,0.7160259,2.160761e-16
-1.082677,0.3838299,-0.08760667,-0.6980737,0.7160259,2.160761e-16
-1.181102,0.2878724,0.065705,-0.6980737,0.6451171,0.310672
-1.181102,0.2308558,0.1841013,-0.6980737,0.6451171,0.310672
-1.082677,0.3838299,0.08760667,-0.6980737,0.6451171,0.310672
-1.181102,0.2878724,-0.065705,-0.6980737,0.6451171,-0.310672
-1.082677,0.3838299,-0.08760667,-0.6980737,0.6451171,-0.310672
-1.082677,0.3078077,-0.2454684,-0.6980737,0.6451171,-0.310672
-1.181102,0.2878724,-0.065705,-0.6980737,0.7160259,3.024688e-16
-1.181102,0.2878724,0.065705,-0.6980737,0.7160259,3.024688e-16
-1.082677,0.3838299,-0.08760667,-0.6980737,0.7160259,3.024688e-16
-1.181102,0.2308558,-0.1841013,-0.6980737,0.4464349,-0.5598116
-1.082677,0.3078077,-0.2454684,-0.6980737,0.4464349,-0.5598116
-1.082677,0.1708204,-0.3547122,-0.6980737,0.4464349,-0.5598116
-1.181102,0.2308558,-0.1841013,-0.6980737,0.6451171,-0.310672
-1.181102,0.2878724,-0.065705,-0.6980737,0.6451171,-0.310672
-1.082677,0.3078077,-0.2454684,-0.6980737,0.6451171,-0.310672
-1.181102,0.1281153,-0.2660341,-0.6980737,0.4464349,-0.5598116
-1.181102,0.2308558,-0.1841013,-0.6980737,0.4464349,-0.5598116
-1.082677,0.1708204,-0.3547122,-0.6980737,0.4464349,-0.5598116
-1.181102,0.1281153,0.2660341,-1.0,0.0,0.0
-1.181102,0.0,-0.2952756,-1.0,0.0,0.0
-1.181102,0.0,0.2952756,-1.0,0.0,0.0
-1.181102,-0.1281153,-0.2660341,-1.0,0.0,0.0
-1.181102,0.0,0.2952756,-1.0,0.0,0.0
-1.181102,0.0,-0.2952756,-1.0,0.0,0.0
-1.181102,0.1281153,-0.2660341,-1.0,0.0,0.0
-1.181102,0.0,-0.2952756,-1.0,0.0,0.0
-1.181102,0.1281153,0.2660341,-1.0,0.0,0.0
-1.181102,-0.1281153,0.2660341,-1.0,0.0,0.0
-1.181102,0.0,0.2952756,-1.0,0.0,0.0
-1.181102,-0.1281153,-0.2660341,-1.0,0.0,0.0
-1.181102,0.1281153,-0.2660341,-1.0,0.0,0.0
-1.181102,0.1281153,0.2660341,-1.0,0.0,0.0
-1.181102,0.2308558,0.1841013,-1.0,0.0,0.0
-1.181102,0.2308558,-0.1841013,-1.0,0.0,0.0
-1.181102,0.2308558,0.1841013,-1.0,0.0,0.0
-1.181102,0.2878724,0.065705,-1.0,0.0,0.0
-1.181102,0.1281153,-0.2660341,-1.0,0.0,0.0
-1.181102,0.2308558,0.1841013,-1.0,0.0,0.0
-1.181102,0.2308558,-0.1841013,-1.0,0.0,0.0
-1.181102,0.2308558,-0.1841013,-1.0,0.0,0.0
-1.181102,0.2878724,0.065705,-1.0,0.0,0.0
-1.181102,0.2878724,-0.065705,-1.0,0.0,0.0
-1.181102,-0.1281153,0.2660341,-1.0,0.0,0.0
-1.181102,-0.1281153,-0.2660341,-1.0,0.0,0.0
-1.181102,-0.2308558,-0.1841013,-1.0,0.0,0.0
-1.181102,-0.2308558,0.1841013,-1.0,0.0,0.0
-1.181102,-0.2308558,-0.1841013,-1.0,0.0,0.0
-1.181102,-0.2878724,-0.065705,-1.0,0.0,0.0
-1.181102,-0.1281153,0.2660341,-1.0,0.0,0.0
-1.181102,-0.2308558,-0.1841013,-1.0,0.0,0.0
-1.181102,-0.2308558,0.1841013,-1.0,0.0,0.0
-1.181102,-0.2308558,0.1841013,-1.0,0.0,0.0
-1.181102,-0.2878724,-0.065705,-1.0,0.0,0.0
-1.181102,-0.2878724,0.065705,-1.0,0.0,0.0
6.637795,0.0,0.3404331,0.0,0.2225209,-0.9749279
8.969246,0.0,0.3404331,0.0,0.2225209,-0.9749279
8.969246,-0.1477084,0.3067196,0.0,0.2225209,-0.9749279
6.637795,0.1477084,0.3067196,0.0,-0.2225209,-0.9749279
8.969246,0.1477084,0.3067196,0.0,-0.2225209,-0.9749279
8.969246,0.0,0.3404331,0.0,-0.2225209,-0.9749279
6.637795,0.07575348,0.3318977,-0.007275706,-0.3302703,-0.9438583
6.637795,0.1477084,0.3067196,-0.007275706,-0.3302703,-0.9438583
8.969246,0.0,0.3404331,-0.007275706,-0.3302703,-0.9438583
6.637795,0.0,0.3404331,0.0,-0.1119645,-0.9937122
6.637795,0.07575348,0.3318977,0.0,-0.1119645,-0.9937122
8.969246,0.0,0.3404331,0.0,-0.1119645,-0.9937122
6.637795,-0.1477084,0.3067196,6.633265e-17,0.6234898,-0.7818315
8.969246,-0.1477084,0.3067196,6.633265e-17,0.6234898,-0.7818315
8.969246,-0.2661613,0.2122565,6.633265e-17,0.6234898,-0.7818315
6.637795,-0.07575348,0.3318977,-0.007275706,0.1119615,-0.9936859
6.637795,0.0,0.3404331,-0.007275706,0.1119615,-0.9936859
8.969246,-0.1477084,0.3067196,-0.007275706,0.1119615,-0.9936859
6.637795,-0.1477084,0.3067196,-6.576289e-17,0.3302791,-0.9438833
6.637795,-0.07575348,0.3318977,-6.576289e-17,0.3302791,-0.9438833
8.969246,-0.1477084,0.3067196,-6.576289e-17,0.3302791,-0.9438833
6.637795,-0.2661613,0.2122565,-4.038921e-16,0.9009689,-0.4338837
8.969246,-0.2661613,0.2122565,-4.038921e-16,0.9009689,-0.4338837
8.969246,-0.3318977,0.07575348,-4.038921e-16,0.9009689,-0.4338837
6.637795,-0.2122565,0.2661613,-0.007275706,0.532018,-0.8467018
6.637795,-0.1477084,0.3067196,-0.007275706,0.532018,-0.8467018
8.969246,-0.2661613,0.2122565,-0.007275706,0.532018,-0.8467018
6.637795,-0.2661613,0.2122565,1.93614e-16,0.7071068,-0.7071068
6.637795,-0.2122565,0.2661613,1.93614e-16,0.7071068,-0.7071068
8.969246,-0.2661613,0.2122565,1.93614e-16,0.7071068,-0.7071068
6.637795,-0.3318977,0.07575348,7.142912e-17,1.0,-1.831967e-15
8.969246,-0.3318977,0.07575348,7.142912e-17,1.0,-1.831967e-15
8.969246,-0.3318977,-0.07575348,7.142912e-17,1.0,-1.831967e-15
6.637795,-0.3067196,0.1477084,-0.007275706,0.8467018,-0.532018
6.637795,-0.2661613,0.2122565,-0.007275706,0.8467018,-0.532018
8.969246,-0.3318977,0.07575348,-0.007275706,0.8467018,-0.532018
6.637795,-0.3318977,0.07575348,-5.84008e-17,0.9438833,-0.3302791
6.637795,-0.3067196,0.1477084,-5.84008e-17,0.9438833,-0.3302791
8.969246,-0.3318977,0.07575348,-5.84008e-17,0.9438833,-0.3302791
6.637795,-0.3318977,-0.07575348,-2.002888e-16,0.9009689,0.4338837
8.969246,-0.3318977,-0.07575348,-2.002888e-16,0.9009689,0.4338837
8.969246,-0.2661613,-0.2122565,-2.002888e-16,0.9009689,0.4338837
6.637795,-0.3404331,2.802084e-14,-0.007275706,0.9936859,-0.1119615
6.637795,-0.3318977,0.07575348,-0.007275706,0.9936859,-0.1119615
8.969246,-0.3318977,-0.07575348,-0.007275706,0.9936859,-0.1119615
6.637795,-0.3318977,-0.07575348,9.330968e-17,0.9937122,0.1119645
6.637795,-0.3404331,2.802084e-14,9.330968e-17,0.9937122,0.1119645
8.969246,-0.3318977,-0.07575348,9.330968e-17,0.9937122,0.1119645
6.637795,-0.2661613,-0.2122565,-2.695636e-16,0.6234898,0.7818315
8.969246,-0.2661613,-0.2122565,-2.695636e-16,0.6234898,0.7818315
8.969246,-0.1477084,-0.3067196,-2.695636e-16,0.6234898,0.7818315
6.637795,-0.3067196,-0.1477084,-0.007275706,0.9438583,0.3302703
6.637795,-0.3318977,-0.07575348,-0.007275706,0.9438583,0.3302703
8.969246,-0.2661613,-0.2122565,-0.007275706,0.9438583,0.3302703
6.637795,-0.2661613,-0.2122565,1.38427e-16,0.8467242,0.5320321
6.637795,-0.3067196,-0.1477084,1.38427e-16,0.8467242,0.5320321
8.969246,-0.2661613,-0.2122565,1.38427e-16,0.8467242,0.5320321
6.637795,-0.1477084,-0.3067196,-2.217976e-16,0.2225209,0.9749279
8.969246,-0.1477084,-0.3067196,-2.217976e-16,0.2225209,0.9749279
8.969246,-4.168965e-17,-0.3404331,-2.217976e-16,0.2225209,0.9749279
6.637795,-0.2122565,-0.2661613,-0.007275706,0.7070881,0.7070881
6.637795,-0.2661613,-0.2122565,-0.007275706,0.7070881,0.7070881
8.969246,-0.1477084,-0.3067196,-0.007275706,0.7070881,0.7070881
6.637795,-0.1477084,-0.3067196,1.058139e-16,0.5320321,0.8467242
6.637795,-0.2122565,-0.2661613,1.058139e-16,0.5320321,0.8467242
8.969246,-0.1477084,-0.3067196,1.058139e-16,0.5320321,0.8467242
6.637795,-4.168965e-17,-0.3404331,0.0,-0.2225209,0.9749279
8.969246,-4.168965e-17,-0.3404331,0.0,-0.2225209,0.9749279
8.969246,0.1477084,-0.3067196,0.0,-0.2225209,0.9749279
6.637795,-0.07575348,-0.3318977,0.0,0.1119645,0.9937122
8.969246,-4.168965e-17,-0.3404331,0.0,0.1119645,0.9937122
6.637795,-4.168965e-17,-0.3404331,0.0,0.1119645,0.9937122
6.637795,-0.07575348,-0.3318977,-0.007275706,0.3302703,0.9438583
6.637795,-0.1477084,-0.3067196,-0.007275706,0.3302703,0.9438583
8.969246,-4.168965e-17,-0.3404331,-0.007275706,0.3302703,0.9438583
6.637795,0.1477084,-0.3067196,3.470963e-16,-0.6234898,0.7818315
8.969246,0.1477084,-0.3067196,3.470963e-16,-0.6234898,0.7818315
8.969246,0.2661613,-0.2122565,3.470963e-16,-0.6234898,0.7818315
6.637795,0.07575348,-0.3318977,-0.007275706,-0.1119615,0.9936859
6.637795,-4.168965e-17,-0.3404331,-0.007275706,-0.1119615,0.9936859
8.969246,0.1477084,-0.3067196,-0.007275706,-0.1119615,0.9936859
6.637795,0.1477084,-0.3067196,-1.945128e-16,-0.3302791,0.9438833
6.637795,0.07575348,-0.3318977,-1.945128e-16,-0.3302791,0.9438833
8.969246,0.1477084,-0.3067196,-1.945128e-16,-0.3302791,0.9438833
6.637795,0.2661613,-0.2122565,-2.724414e-16,-0.9009689,0.4338837
8.969246,0.2661613,-0.2122565,-2.724414e-16,-0.9009689,0.4338837
8.969246,0.3318977,-0.07575348,-2.724414e-16,-0.9009689,0.4338837
6.637795,0.2122565,-0.2661613,-0.007275706,-0.532018,0.8467018
6.637795,0.1477084,-0.3067196,-0.007275706,-0.532018,0.8467018
8.969246,0.2661613,-0.2122565,-0.007275706,-0.532018,0.8467018
6.637795,0.2661613,-0.2122565,1.17852e-16,-0.7071068,0.7071068
6.637795,0.2122565,-0.2661613,1.17852e-16,-0.7071068,0.7071068
8.969246,0.2661613,-0.2122565,1.17852e-16,-0.7071068,0.7071068
6.637795,0.3318977,-0.07575348,7.142912e-17,-1.0,1.09918e-15
8.969246,0.3318977,-0.07575348,7.142912e-17,-1.0,1.09918e-15
8.969246,0.3318977,0.07575348,7.142912e-17,-1.0,1.09918e-15
6.637795,0.3067196,-0.1477084,-0.007275706,-0.8467018,0.532018
6.637795,0.2661613,-0.2122565,-0.007275706,-0.8467018,0.532018
8.969246,0.3318977,-0.07575348,-0.007275706,-0.8467018,0.532018
6.637795,0.3318977,-0.07575348,-5.84008e-17,-0.9438833,0.3302791
6.637795,0.3067196,-0.1477084,-5.84008e-17,-0.9438833,0.3302791
8.969246,0.3318977,-0.07575348,-5.84008e-17,-0.9438833,0.3302791
6.637795,0.3318977,0.07575348,-1.122672e-16,-0.9009689,-0.4338837
8.969246,0.3318977,0.07575348,-1.122672e-16,-0.9009689,-0.4338837
8.969246,0.2661613,0.2122565,-1.122672e-16,-0.9009689,-0.4338837
6.637795,0.3404331,2.793747e-14,-0.007275706,-0.9936859,0.1119615
6.637795,0.3318977,-0.07575348,-0.007275706,-0.9936859,0.1119615
8.969246,0.3318977,0.07575348,-0.007275706,-0.9936859,0.1119615
6.637795,0.3318977,0.07575348,6.165085e-17,-0.9937122,-0.1119645
6.637795,0.3404331,2.793747e-14,6.165085e-17,-0.9937122,-0.1119645
8.969246,0.3318977,0.07575348,6.165085e-17,-0.9937122,-0.1119645
6.637795,0.2661613,0.2122565,-2.713311e-16,-0.6234898,-0.7818315
8.969246,0.2661613,0.2122565,-2.713311e-16,-0.6234898,-0.7818315
8.969246,0.1477084,0.3067196,-2.713311e-16,-0.6234898,-0.7818315
6.637795,0.3067196,0.1477084,-0.007275706,-0.9438583,-0.3302703
6.637795,0.3318977,0.07575348,-0.007275706,-0.9438583,-0.3302703
8.969246,0.2661613,0.2122565,-0.007275706,-0.9438583,-0.3302703
6.637795,0.2661613,0.2122565,1.171078e-16,-0.8467242,-0.5320321
6.637795,0.3067196,0.1477084,1.171078e-16,-0.8467242,-0.5320321
8.969246,0.2661613,0.2122565,1.171078e-16,-0.8467242,-0.5320321
6.637795,0.2122565,0.2661613,-0.007275706,-0.7070881,-0.7070881
6.637795,0.2661613,0.2122565,-0.007275706,-0.7070881,-0.7070881
8.969246,0.1477084,0.3067196,-0.007275706,-0.7070881,-0.7070881
6.637795,0.1477084,0.3067196,0.0,-0.5320321,-0.8467242
6.637795,0.2122565,0.2661613,0.0,-0.5320321,-0.8467242
8.969246,0.1477084,0.3067196,0.0,-0.5320321,-0.8467242
6.441246,0.0,2.8e-14,0.8646544,-0.05624728,0.4992084
6.637795,-4.168965e-17,-0.3404331,0.8646544,-0.05624728,0.4992084
6.637795,0.07575348,-0.3318977,0.8646544,-0.05624728,0.4992084
6.441246,0.0,2.8e-14,0.8646544,0.05624728,0.4992084
6.637795,-0.07575348,-0.3318977,0.8646544,0.05624728,0.4992084
6.637795,-4.168965e-17,-0.3404331,0.8646544,0.05624728,0.4992084
6.441246,0.0,2.8e-14,0.8646544,-0.1659214,0.474176
6.637795,0.07575348,-0.3318977,0.8646544,-0.1659214,0.474176
6.637795,0.1477084,-0.3067196,0.8646544,-0.1659214,0.474176
6.441246,0.0,2.8e-14,0.8646544,-0.2672755,0.4253665
6.637795,0.1477084,-0.3067196,0.8646544,-0.2672755,0.4253665
6.637795,0.2122565,-0.2661613,0.8646544,-0.2672755,0.4253665
6.441246,0.0,2.8e-14,0.8646544,-0.3552273,0.3552273
6.637795,0.2122565,-0.2661613,0.8646544,-0.3552273,0.3552273
6.637795,0.2661613,-0.2122565,0.8646544,-0.3552273,0.3552273
6.441246,0.0,2.8e-14,0.8646544,-0.4253665,0.2672755
6.637795,0.2661613,-0.2122565,0.8646544,-0.4253665,0.2672755
6.637795,0.3067196,-0.1477084,0.8646544,-0.4253665,0.2672755
6.441246,0.0,2.8e-14,0.8646544,-0.474176,0.1659214
6.637795,0.3067196,-0.1477084,0.8646544,-0.474176,0.1659214
6.637795,0.3318977,-0.07575348,0.8646544,-0.474176,0.1659214
6.441246,0.0,2.8e-14,0.8646544,-0.4992084,0.05624728
6.637795,0.3318977,-0.07575348,0.8646544,-0.4992084,0.05624728
6.637795,0.3404331,2.793747e-14,0.8646544,-0.4992084,0.05624728
6.441246,0.0,2.8e-14,0.8646544,-0.4992084,-0.05624728
6.637795,0.3404331,2.793747e-14,0.8646544,-0.4992084,-0.05624728
6.637795,0.3318977,0.07575348,0.8646544,-0.4992084,-0.05624728
6.441246,0.0,2.8e-14,0.8646544,-0.474176,-0.1659214
6.637795,0.3318977,0.07575348,0.8646544,-0.474176,-0.1659214
6.637795,0.3067196,0.1477084,0.8646544,-0.474176,-0.1659214
6.441246,0.0,2.8e-14,0.8646544,-0.4253665,-0.2672755
6.637795,0.3067196,0.1477084,0.8646544,-0.4253665,-0.2672755
6.637795,0.2661613,0.2122565,0.8646544,-0.4253665,-0.2672755
6.441246,0.0,2.8e-14,0.8646544,-0.3552273,-0.3552273
6.637795,0.2661613,0.2122565,0.8646544,-0.3552273,-0.3552273
6.637795,0.2122565,0.2661613,0.8646544,-0.3552273,-0.3552273
6.441246,0.0,2.8e-14,0.8646544,-0.2672755,-0.4253665
6.637795,0.2122565,0.2661613,0.8646544,-0.2672755,-0.4253665
6.637795,0.1477084,0.3067196,0.8646544,-0.2672755,-0.4253665
6.441246,0.0,2.8e-14,0.8646544,-0.1659214,-0.474176
6.637795,0.1477084,0.3067196,0.8646544,-0.1659214,-0.474176
6.637795,0.07575348,0.3318977,0.8646544,-0.1659214,-0.474176
6.441246,0.0,2.8e-14,0.8646544,-0.05624728,-0.4992084
6.637795,0.07575348,0.3318977,0.8646544,-0.05624728,-0.4992084
6.637795,0.0,0.3404331,0.8646544,-0.05624728,-0.4992084
6.441246,0.0,2.8e-14,0.8646544,0.05624728,-0.4992084
6.637795,0.0,0.3404331,0.8646544,0.05624728,-0.4992084
6.637795,-0.07575348,0.3318977,0.8646544,0.05624728,-0.4992084
6.441246,0.0,2.8e-14,0.8646544,0.1659214,-0.474176
6.637795,-0.07575348,0.3318977,0.8646544,0.1659214,-0.474176
6.637795,-0.1477084,0.3067196,0.8646544,0.1659214,-0.474176
6.441246,0.0,2.8e-14,0.8646544,0.2672755,-0.4253665
6.637795,-0.1477084,0.3067196,0.8646544,0.2672755,-0.4253665
6.637795,-0.2122565,0.2661613,0.8646544,0.2672755,-0.4253665
6.441246,0.0,2.8e-14,0.8646544,0.3552273,-0.3552273
6.637795,-0.2122565,0.2661613,0.8646544,0.3552273,-0.3552273
6.637795,-0.2661613,0.2122565,0.8646544,0.3552273,-0.3552273
6.441246,0.0,2.8e-14,0.8646544,0.4253665,-0.2672755
6.637795,-0.2661613,0.2122565,0.8646544,0.4253665,-0.2672755
6.637795,-0.3067196,0.1477084,0.8646544,0.4253665,-0.2672755
6.441246,0.0,2.8e-14,0.8646544,0.474176,-0.1659214
6.637795,-0.3067196,0.1477084,0.8646544,0.474176,-0.1659214
6.637795,-0.3318977,0.07575348,0.8646544,0.474176,-0.1659214
6.441246,0.0,2.8e-14,0.8646544,0.4992084,-0.05624728
6.637795,-0.3318977,0.07575348,0.8646544,0.4992084,-0.05624728
6.637795,-0.3404331,2.802084e-14,0.8646544,0.4992084,-0.05624728
6.441246,0.0,2.8e-14,0.8646544,0.4992084,0.05624728
6.637795,-0.3404331,2.802084e-14,0.8646544,0.4992084,0.05624728
6.637795,-0.3318977,-0.07575348,0.8646544,0.4992084,0.05624728
6.441246,0.0,2.8e-14,0.8646544,0.474176,0.1659214
6.637795,-0.3318977,-0.07575348,0.8646544,0.474176,0.1659214
6.637795,-0.3067196,-0.1477084,0.8646544,0.474176,0.1659214
6.441246,0.0,2.8e-14,0.8646544,0.4253665,0.2672755
6.637795,-0.3067196,-0.1477084,0.8646544,0.4253665,0.2672755
6.637795,-0.2661613,-0.2122565,0.8646544,0.4253665,0.2672755
6.441246,0.0,2.8e-14,0.8646544,0.3552273,0.3552273
6.637795,-0.2661613,-0.2122565,0.8646544,0.3552273,0.3552273
6.637795,-0.2122565,-0.2661613,0.8646544,0.3552273,0.3552273
6.441246,0.0,2.8e-14,0.8646544,0.2672755,0.4253665
6.637795,-0.2122565,-0.2661613,0.8646544,0.2672755,0.4253665
6.637795,-0.1477084,-0.3067196,0.8646544,0.2672755,0.4253665
6.441246,0.0,2.8e-14,0.8646544,0.1659214,0.474176
6.637795,-0.1477084,-0.3067196,0.8646544,0.1659214,0.474176
6.637795,-0.07575348,-0.3318977,0.8646544,0.1659214,0.474176
