3224.87,0.0,3599.87,0.0,-1.0,0.0
895.749,0.0,6722.89,0.0,-1.0,0.0
823.938,0.0,6704.19,0.0,-1.0,0.0
1052.72,0.0,7451.26,0.0,-1.0,0.0
1101.75,0.0,7395.55,0.0,-1.0,0.0
1280.33,0.0,7665.73,0.0,-1.0,0.0
823.938,0.0,6704.19,0.0,-1.0,0.0
750.0,0.0,6697.9,0.0,-1.0,0.0
3224.87,0.0,3599.87,0.0,-1.0,0.0
3224.87,0.0,3599.87,0.0,-1.0,0.0
750.0,0.0,6697.9,0.0,-1.0,0.0
676.062,0.0,6704.19,0.0,-1.0,0.0
3224.87,0.0,3599.87,0.0,-1.0,0.0
676.062,0.0,6704.19,0.0,-1.0,0.0
219.67,0.0,6605.07,0.0,-1.0,0.0
219.67,0.0,6605.07,0.0,-1.0,0.0
676.062,0.0,6704.19,0.0,-1.0,0.0
604.251,0.0,6722.89,0.0,-1.0,0.0
219.67,0.0,6605.07,0.0,-1.0,0.0
604.251,0.0,6722.89,0.0,-1.0,0.0
536.633,0.0,6753.46,0.0,-1.0,0.0
1024.85,0.0,6795.01,0.0,-1.0,0.0
3321.25,0.0,4185.77,0.0,-1.0,0.0
3336.88,0.0,4258.31,0.0,-1.0,0.0
3327.52,0.0,4038.03,0.0,-1.0,0.0
3318.1,0.0,4111.63,0.0,-1.0,0.0
895.749,0.0,6722.89,0.0,-1.0,0.0
895.749,0.0,6722.89,0.0,-1.0,0.0
3318.1,0.0,4111.63,0.0,-1.0,0.0
3321.25,0.0,4185.77,0.0,-1.0,0.0
895.749,0.0,6722.89,0.0,-1.0,0.0
3321.25,0.0,4185.77,0.0,-1.0,0.0
963.367,0.0,6753.46,0.0,-1.0,0.0
963.367,0.0,6753.46,0.0,-1.0,0.0
3321.25,0.0,4185.77,0.0,-1.0,0.0
1024.85,0.0,6795.01,0.0,-1.0,0.0
316.044,0.0,7190.97,0.0,-1.0,0.0
0.64069,0.0,7166.4,0.0,-1.0,0.0
312.894,0.0,7116.83,0.0,-1.0,0.0
312.894,0.0,7116.83,0.0,-1.0,0.0
0.64069,0.0,7166.4,0.0,-1.0,0.0
5.75954,0.0,7042.63,0.0,-1.0,0.0
312.894,0.0,7116.83,0.0,-1.0,0.0
5.75954,0.0,7042.63,0.0,-1.0,0.0
322.32,0.0,7043.23,0.0,-1.0,0.0
322.32,0.0,7043.23,0.0,-1.0,0.0
5.75954,0.0,7042.63,0.0,-1.0,0.0
31.1794,0.0,6921.4,0.0,-1.0,0.0
322.32,0.0,7043.23,0.0,-1.0,0.0
31.1794,0.0,6921.4,0.0,-1.0,0.0
344.049,0.0,6972.28,0.0,-1.0,0.0
344.049,0.0,6972.28,0.0,-1.0,0.0
31.1794,0.0,6921.4,0.0,-1.0,0.0
76.2067,0.0,6806.0,0.0,-1.0,0.0
344.049,0.0,6972.28,0.0,-1.0,0.0
76.2067,0.0,6806.0,0.0,-1.0,0.0
377.456,0.0,6906.02,0.0,-1.0,0.0
377.456,0.0,6906.02,0.0,-1.0,0.0
76.2067,0.0,6806.0,0.0,-1.0,0.0
139.613,0.0,6699.59,0.0,-1.0,0.0
377.456,0.0,6906.02,0.0,-1.0,0.0
139.613,0.0,6699.59,0.0,-1.0,0.0
421.581,0.0,6846.36,0.0,-1.0,0.0
421.581,0.0,6846.36,0.0,-1.0,0.0
139.613,0.0,6699.59,0.0,-1.0,0.0
219.67,0.0,6605.07,0.0,-1.0,0.0
421.581,0.0,6846.36,0.0,-1.0,0.0
219.67,0.0,6605.07,0.0,-1.0,0.0
475.154,0.0,6795.01,0.0,-1.0,0.0
475.154,0.0,6795.01,0.0,-1.0,0.0
219.67,0.0,6605.07,0.0,-1.0,0.0
536.633,0.0,6753.46,0.0,-1.0,0.0
1052.72,0.0,7451.26,0.0,-1.0,0.0
1280.33,0.0,7665.73,0.0,-1.0,0.0
994.989,0.0,7497.87,0.0,-1.0,0.0
994.989,0.0,7497.87,0.0,-1.0,0.0
1280.33,0.0,7665.73,0.0,-1.0,0.0
1185.81,0.0,7745.79,0.0,-1.0,0.0
994.989,0.0,7497.87,0.0,-1.0,0.0
1185.81,0.0,7745.79,0.0,-1.0,0.0
930.207,0.0,7534.06,0.0,-1.0,0.0
930.207,0.0,7534.06,0.0,-1.0,0.0
1185.81,0.0,7745.79,0.0,-1.0,0.0
1079.4,0.0,7809.19,0.0,-1.0,0.0
930.207,0.0,7534.06,0.0,-1.0,0.0
1079.4,0.0,7809.19,0.0,-1.0,0.0
860.24,0.0,7558.79,0.0,-1.0,0.0
860.24,0.0,7558.79,0.0,-1.0,0.0
1079.4,0.0,7809.19,0.0,-1.0,0.0
964.002,0.0,7854.22,0.0,-1.0,0.0
860.24,0.0,7558.79,0.0,-1.0,0.0
964.002,0.0,7854.22,0.0,-1.0,0.0
787.103,0.0,7571.33,0.0,-1.0,0.0
787.103,0.0,7571.33,0.0,-1.0,0.0
964.002,0.0,7854.22,0.0,-1.0,0.0
842.77,0.0,7879.64,0.0,-1.0,0.0
787.103,0.0,7571.33,0.0,-1.0,0.0
842.77,0.0,7879.64,0.0,-1.0,0.0
712.897,0.0,7571.33,0.0,-1.0,0.0
712.897,0.0,7571.33,0.0,-1.0,0.0
842.77,0.0,7879.64,0.0,-1.0,0.0
719.006,0.0,7884.76,0.0,-1.0,0.0
712.897,0.0,7571.33,0.0,-1.0,0.0
719.006,0.0,7884.76,0.0,-1.0,0.0
639.76,0.0,7558.79,0.0,-1.0,0.0
639.76,0.0,7558.79,0.0,-1.0,0.0
719.006,0.0,7884.76,0.0,-1.0,0.0
596.088,0.0,7869.44,0.0,-1.0,0.0
639.76,0.0,7558.79,0.0,-1.0,0.0
596.088,0.0,7869.44,0.0,-1.0,0.0
569.793,0.0,7534.06,0.0,-1.0,0.0
569.793,0.0,7534.06,0.0,-1.0,0.0
596.088,0.0,7869.44,0.0,-1.0,0.0
477.369,0.0,7834.1,0.0,-1.0,0.0
569.793,0.0,7534.06,0.0,-1.0,0.0
477.369,0.0,7834.1,0.0,-1.0,0.0
505.011,0.0,7497.87,0.0,-1.0,0.0
505.011,0.0,7497.87,0.0,-1.0,0.0
477.369,0.0,7834.1,0.0,-1.0,0.0
366.086,0.0,7779.69,0.0,-1.0,0.0
505.011,0.0,7497.87,0.0,-1.0,0.0
366.086,0.0,7779.69,0.0,-1.0,0.0
447.277,0.0,7451.26,0.0,-1.0,0.0
447.277,0.0,7451.26,0.0,-1.0,0.0
366.086,0.0,7779.69,0.0,-1.0,0.0
265.276,0.0,7707.71,0.0,-1.0,0.0
447.277,0.0,7451.26,0.0,-1.0,0.0
265.276,0.0,7707.71,0.0,-1.0,0.0
398.251,0.0,7395.55,0.0,-1.0,0.0
398.251,0.0,7395.55,0.0,-1.0,0.0
265.276,0.0,7707.71,0.0,-1.0,0.0
177.687,0.0,7620.13,0.0,-1.0,0.0
398.251,0.0,7395.55,0.0,-1.0,0.0
177.687,0.0,7620.13,0.0,-1.0,0.0
359.345,0.0,7332.37,0.0,-1.0,0.0
359.345,0.0,7332.37,0.0,-1.0,0.0
177.687,0.0,7620.13,0.0,-1.0,0.0
105.71,0.0,7519.32,0.0,-1.0,0.0
359.345,0.0,7332.37,0.0,-1.0,0.0
105.71,0.0,7519.32,0.0,-1.0,0.0
331.677,0.0,7263.51,0.0,-1.0,0.0
331.677,0.0,7263.51,0.0,-1.0,0.0
105.71,0.0,7519.32,0.0,-1.0,0.0
51.3067,0.0,7408.03,0.0,-1.0,0.0
331.677,0.0,7263.51,0.0,-1.0,0.0
51.3067,0.0,7408.03,0.0,-1.0,0.0
316.044,0.0,7190.97,0.0,-1.0,0.0
316.044,0.0,7190.97,0.0,-1.0,0.0
51.3067,0.0,7408.03,0.0,-1.0,0.0
15.9624,0.0,7289.31,0.0,-1.0,0.0
316.044,0.0,7190.97,0.0,-1.0,0.0
15.9624,0.0,7289.31,0.0,-1.0,0.0
0.64069,0.0,7166.4,0.0,-1.0,0.0
3327.52,0.0,4038.03,0.0,-1.0,0.0
895.749,0.0,6722.89,0.0,-1.0,0.0
3349.25,0.0,3967.07,0.0,-1.0,0.0
3349.25,0.0,3967.07,0.0,-1.0,0.0
895.749,0.0,6722.89,0.0,-1.0,0.0
3224.87,0.0,3599.87,0.0,-1.0,0.0
3349.25,0.0,3967.07,0.0,-1.0,0.0
3224.87,0.0,3599.87,0.0,-1.0,0.0
3382.66,0.0,3900.81,0.0,-1.0,0.0
1280.33,0.0,7665.73,0.0,-1.0,0.0
3510.21,0.0,4492.67,0.0,-1.0,0.0
3575.0,0.0,4528.86,0.0,-1.0,0.0
3935.41,0.0,4528.86,0.0,-1.0,0.0
4285.53,0.0,4660.53,0.0,-1.0,0.0
3865.44,0.0,4553.58,0.0,-1.0,0.0
3865.44,0.0,4553.58,0.0,-1.0,0.0
4285.53,0.0,4660.53,0.0,-1.0,0.0
1280.33,0.0,7665.73,0.0,-1.0,0.0
3865.44,0.0,4553.58,0.0,-1.0,0.0
1280.33,0.0,7665.73,0.0,-1.0,0.0
3792.31,0.0,4566.12,0.0,-1.0,0.0
3452.48,0.0,4446.05,0.0,-1.0,0.0
1078.42,0.0,6846.36,0.0,-1.0,0.0
3403.46,0.0,4390.35,0.0,-1.0,0.0
3403.46,0.0,4390.35,0.0,-1.0,0.0
1078.42,0.0,6846.36,0.0,-1.0,0.0
1024.85,0.0,6795.01,0.0,-1.0,0.0
3403.46,0.0,4390.35,0.0,-1.0,0.0
1024.85,0.0,6795.01,0.0,-1.0,0.0
3364.55,0.0,4327.16,0.0,-1.0,0.0
3364.55,0.0,4327.16,0.0,-1.0,0.0
1024.85,0.0,6795.01,0.0,-1.0,0.0
3336.88,0.0,4258.31,0.0,-1.0,0.0
1187.11,0.0,7116.83,0.0,-1.0,0.0
1177.68,0.0,7043.23,0.0,-1.0,0.0
3510.21,0.0,4492.67,0.0,-1.0,0.0
3510.21,0.0,4492.67,0.0,-1.0,0.0
1177.68,0.0,7043.23,0.0,-1.0,0.0
1155.95,0.0,6972.28,0.0,-1.0,0.0
3510.21,0.0,4492.67,0.0,-1.0,0.0
1155.95,0.0,6972.28,0.0,-1.0,0.0
3452.48,0.0,4446.05,0.0,-1.0,0.0
3452.48,0.0,4446.05,0.0,-1.0,0.0
1155.95,0.0,6972.28,0.0,-1.0,0.0
1122.54,0.0,6906.02,0.0,-1.0,0.0
3452.48,0.0,4446.05,0.0,-1.0,0.0
1122.54,0.0,6906.02,0.0,-1.0,0.0
1078.42,0.0,6846.36,0.0,-1.0,0.0
3575.0,0.0,4528.86,0.0,-1.0,0.0
3644.96,0.0,4553.58,0.0,-1.0,0.0
1280.33,0.0,7665.73,0.0,-1.0,0.0
1280.33,0.0,7665.73,0.0,-1.0,0.0
3644.96,0.0,4553.58,0.0,-1.0,0.0
3718.1,0.0,4566.12,0.0,-1.0,0.0
1280.33,0.0,7665.73,0.0,-1.0,0.0
3718.1,0.0,4566.12,0.0,-1.0,0.0
3792.31,0.0,4566.12,0.0,-1.0,0.0
3935.41,0.0,4528.86,0.0,-1.0,0.0
4000.19,0.0,4492.67,0.0,-1.0,0.0
4285.53,0.0,4660.53,0.0,-1.0,0.0
4285.53,0.0,4660.53,0.0,-1.0,0.0
4000.19,0.0,4492.67,0.0,-1.0,0.0
4057.93,0.0,4446.05,0.0,-1.0,0.0
4285.53,0.0,4660.53,0.0,-1.0,0.0
4057.93,0.0,4446.05,0.0,-1.0,0.0
4365.59,0.0,4566.01,0.0,-1.0,0.0
4365.59,0.0,4566.01,0.0,-1.0,0.0
4057.93,0.0,4446.05,0.0,-1.0,0.0
4106.95,0.0,4390.35,0.0,-1.0,0.0
4365.59,0.0,4566.01,0.0,-1.0,0.0
4106.95,0.0,4390.35,0.0,-1.0,0.0
4429.0,0.0,4459.6,0.0,-1.0,0.0
4429.0,0.0,4459.6,0.0,-1.0,0.0
4106.95,0.0,4390.35,0.0,-1.0,0.0
4145.86,0.0,4327.16,0.0,-1.0,0.0
4429.0,0.0,4459.6,0.0,-1.0,0.0
4145.86,0.0,4327.16,0.0,-1.0,0.0
4474.02,0.0,4344.2,0.0,-1.0,0.0
4474.02,0.0,4344.2,0.0,-1.0,0.0
4145.86,0.0,4327.16,0.0,-1.0,0.0
4173.53,0.0,4258.31,0.0,-1.0,0.0
4474.02,0.0,4344.2,0.0,-1.0,0.0
4173.53,0.0,4258.31,0.0,-1.0,0.0
4499.44,0.0,4222.97,0.0,-1.0,0.0
4499.44,0.0,4222.97,0.0,-1.0,0.0
4173.53,0.0,4258.31,0.0,-1.0,0.0
4189.16,0.0,4185.77,0.0,-1.0,0.0
4499.44,0.0,4222.97,0.0,-1.0,0.0
4189.16,0.0,4185.77,0.0,-1.0,0.0
4504.56,0.0,4099.2,0.0,-1.0,0.0
4504.56,0.0,4099.2,0.0,-1.0,0.0
4189.16,0.0,4185.77,0.0,-1.0,0.0
4192.31,0.0,4111.63,0.0,-1.0,0.0
4504.56,0.0,4099.2,0.0,-1.0,0.0
4192.31,0.0,4111.63,0.0,-1.0,0.0
4489.24,0.0,3976.29,0.0,-1.0,0.0
4489.24,0.0,3976.29,0.0,-1.0,0.0
4192.31,0.0,4111.63,0.0,-1.0,0.0
4182.88,0.0,4038.03,0.0,-1.0,0.0
4489.24,0.0,3976.29,0.0,-1.0,0.0
4182.88,0.0,4038.03,0.0,-1.0,0.0
4453.9,0.0,3857.57,0.0,-1.0,0.0
4453.9,0.0,3857.57,0.0,-1.0,0.0
4182.88,0.0,4038.03,0.0,-1.0,0.0
4161.16,0.0,3967.07,0.0,-1.0,0.0
4453.9,0.0,3857.57,0.0,-1.0,0.0
4161.16,0.0,3967.07,0.0,-1.0,0.0
4399.49,0.0,3746.28,0.0,-1.0,0.0
4399.49,0.0,3746.28,0.0,-1.0,0.0
4161.16,0.0,3967.07,0.0,-1.0,0.0
4127.75,0.0,3900.81,0.0,-1.0,0.0
4399.49,0.0,3746.28,0.0,-1.0,0.0
4127.75,0.0,3900.81,0.0,-1.0,0.0
4327.52,0.0,3645.47,0.0,-1.0,0.0
4327.52,0.0,3645.47,0.0,-1.0,0.0
4127.75,0.0,3900.81,0.0,-1.0,0.0
4083.62,0.0,3841.15,0.0,-1.0,0.0
4327.52,0.0,3645.47,0.0,-1.0,0.0
4083.62,0.0,3841.15,0.0,-1.0,0.0
4239.93,0.0,3557.89,0.0,-1.0,0.0
4239.93,0.0,3557.89,0.0,-1.0,0.0
4083.62,0.0,3841.15,0.0,-1.0,0.0
4030.05,0.0,3789.81,0.0,-1.0,0.0
4239.93,0.0,3557.89,0.0,-1.0,0.0
4030.05,0.0,3789.81,0.0,-1.0,0.0
4139.12,0.0,3485.91,0.0,-1.0,0.0
4139.12,0.0,3485.91,0.0,-1.0,0.0
4030.05,0.0,3789.81,0.0,-1.0,0.0
3968.57,0.0,3748.25,0.0,-1.0,0.0
4139.12,0.0,3485.91,0.0,-1.0,0.0
3968.57,0.0,3748.25,0.0,-1.0,0.0
4027.83,0.0,3431.5,0.0,-1.0,0.0
4027.83,0.0,3431.5,0.0,-1.0,0.0
3968.57,0.0,3748.25,0.0,-1.0,0.0
3900.95,0.0,3717.69,0.0,-1.0,0.0
4027.83,0.0,3431.5,0.0,-1.0,0.0
3900.95,0.0,3717.69,0.0,-1.0,0.0
3909.12,0.0,3396.16,0.0,-1.0,0.0
3909.12,0.0,3396.16,0.0,-1.0,0.0
3900.95,0.0,3717.69,0.0,-1.0,0.0
3829.14,0.0,3698.99,0.0,-1.0,0.0
3909.12,0.0,3396.16,0.0,-1.0,0.0
3829.14,0.0,3698.99,0.0,-1.0,0.0
3786.2,0.0,3380.84,0.0,-1.0,0.0
3786.2,0.0,3380.84,0.0,-1.0,0.0
3829.14,0.0,3698.99,0.0,-1.0,0.0
3755.2,0.0,3692.7,0.0,-1.0,0.0
3786.2,0.0,3380.84,0.0,-1.0,0.0
3755.2,0.0,3692.7,0.0,-1.0,0.0
3662.43,0.0,3385.96,0.0,-1.0,0.0
3662.43,0.0,3385.96,0.0,-1.0,0.0
3755.2,0.0,3692.7,0.0,-1.0,0.0
3681.27,0.0,3698.99,0.0,-1.0,0.0
3662.43,0.0,3385.96,0.0,-1.0,0.0
3681.27,0.0,3698.99,0.0,-1.0,0.0
3541.2,0.0,3411.38,0.0,-1.0,0.0
3541.2,0.0,3411.38,0.0,-1.0,0.0
3681.27,0.0,3698.99,0.0,-1.0,0.0
3609.46,0.0,3717.69,0.0,-1.0,0.0
3541.2,0.0,3411.38,0.0,-1.0,0.0
3609.46,0.0,3717.69,0.0,-1.0,0.0
3425.81,0.0,3456.41,0.0,-1.0,0.0
3425.81,0.0,3456.41,0.0,-1.0,0.0
3609.46,0.0,3717.69,0.0,-1.0,0.0
3541.84,0.0,3748.25,0.0,-1.0,0.0
3425.81,0.0,3456.41,0.0,-1.0,0.0
3541.84,0.0,3748.25,0.0,-1.0,0.0
3319.4,0.0,3519.81,0.0,-1.0,0.0
3319.4,0.0,3519.81,0.0,-1.0,0.0
3541.84,0.0,3748.25,0.0,-1.0,0.0
3480.36,0.0,3789.81,0.0,-1.0,0.0
3319.4,0.0,3519.81,0.0,-1.0,0.0
3480.36,0.0,3789.81,0.0,-1.0,0.0
3224.87,0.0,3599.87,0.0,-1.0,0.0
3224.87,0.0,3599.87,0.0,-1.0,0.0
3480.36,0.0,3789.81,0.0,-1.0,0.0
3426.78,0.0,3841.15,0.0,-1.0,0.0
3224.87,0.0,3599.87,0.0,-1.0,0.0
3426.78,0.0,3841.15,0.0,-1.0,0.0
3382.66,0.0,3900.81,0.0,-1.0,0.0
1101.75,0.0,7395.55,0.0,-1.0,0.0
1140.66,0.0,7332.37,0.0,-1.0,0.0
1280.33,0.0,7665.73,0.0,-1.0,0.0
1280.33,0.0,7665.73,0.0,-1.0,0.0
1140.66,0.0,7332.37,0.0,-1.0,0.0
1168.32,0.0,7263.51,0.0,-1.0,0.0
1280.33,0.0,7665.73,0.0,-1.0,0.0
1168.32,0.0,7263.51,0.0,-1.0,0.0
3510.21,0.0,4492.67,0.0,-1.0,0.0
3510.21,0.0,4492.67,0.0,-1.0,0.0
1168.32,0.0,7263.51,0.0,-1.0,0.0
1183.96,0.0,7190.97,0.0,-1.0,0.0
3510.21,0.0,4492.67,0.0,-1.0,0.0
1183.96,0.0,7190.97,0.0,-1.0,0.0
1187.11,0.0,7116.83,0.0,-1.0,0.0
823.938,500.0,6704.19,-0.25198,0.0,0.967732
823.938,0.0,6704.19,-0.25198,0.0,0.967732
895.749,500.0,6722.89,-0.25198,0.0,0.967732
895.749,500.0,6722.89,-0.25198,0.0,0.967732
823.938,0.0,6704.19,-0.25198,0.0,0.967732
895.749,0.0,6722.89,-0.25198,0.0,0.967732
895.749,500.0,6722.89,-0.411898,0.0,0.91123
895.749,0.0,6722.89,-0.411898,0.0,0.91123
963.367,500.0,6753.46,-0.411898,0.0,0.91123
963.367,500.0,6753.46,-0.411898,0.0,0.91123
895.749,0.0,6722.89,-0.411898,0.0,0.91123
963.367,0.0,6753.46,-0.411898,0.0,0.91123
963.367,500.0,6753.46,-0.559976,0.0,0.828509
963.367,0.0,6753.46,-0.559976,0.0,0.828509
1024.85,500.0,6795.01,-0.559976,0.0,0.828509
1024.85,500.0,6795.01,-0.559976,0.0,0.828509
963.367,0.0,6753.46,-0.559976,0.0,0.828509
1024.85,0.0,6795.01,-0.559976,0.0,0.828509
1024.85,500.0,6795.01,-0.691942,0.0,0.721954
1024.85,0.0,6795.01,-0.691942,0.0,0.721954
1078.42,500.0,6846.36,-0.691942,0.0,0.721954
1078.42,500.0,6846.36,-0.691942,0.0,0.721954
1024.85,0.0,6795.01,-0.691942,0.0,0.721954
1078.42,0.0,6846.36,-0.691942,0.0,0.721954
1078.42,500.0,6846.36,-0.803993,0.0,0.594638
1078.42,0.0,6846.36,-0.803993,0.0,0.594638
1122.54,500.0,6906.02,-0.803993,0.0,0.594638
1122.54,500.0,6906.02,-0.803993,0.0,0.594638
1078.42,0.0,6846.36,-0.803993,0.0,0.594638
1122.54,0.0,6906.02,-0.803993,0.0,0.594638
1122.54,500.0,6906.02,-0.892927,0.0,0.450201
1122.54,0.0,6906.02,-0.892927,0.0,0.450201
1155.95,500.0,6972.28,-0.892927,0.0,0.450201
1155.95,500.0,6972.28,-0.892927,0.0,0.450201
1122.54,0.0,6906.02,-0.892927,0.0,0.450201
1155.95,0.0,6972.28,-0.892927,0.0,0.450201
1155.95,500.0,6972.28,-0.956167,0.0,0.292823
1155.95,0.0,6972.28,-0.956167,0.0,0.292823
1177.68,500.0,7043.23,-0.956167,0.0,0.292823
1177.68,500.0,7043.23,-0.956167,0.0,0.292823
1155.95,0.0,6972.28,-0.956167,0.0,0.292823
1177.68,0.0,7043.23,-0.956167,0.0,0.292823
1177.68,500.0,7043.23,-0.9919,0.0,0.127019
1177.68,0.0,7043.23,-0.9919,0.0,0.127019
1187.11,500.0,7116.83,-0.9919,0.0,0.127019
1187.11,500.0,7116.83,-0.9919,0.0,0.127019
1177.68,0.0,7043.23,-0.9919,0.0,0.127019
1187.11,0.0,7116.83,-0.9919,0.0,0.127019
1187.11,500.0,7116.83,-0.999099,0.0,-0.0424418
1187.11,0.0,7116.83,-0.999099,0.0,-0.0424418
1183.96,500.0,7190.97,-0.999099,0.0,-0.0424418
1183.96,500.0,7190.97,-0.999099,0.0,-0.0424418
1187.11,0.0,7116.83,-0.999099,0.0,-0.0424418
1183.96,0.0,7190.97,-0.999099,0.0,-0.0424418
1183.96,500.0,7190.97,-0.977555,0.0,-0.21068
1183.96,0.0,7190.97,-0.977555,0.0,-0.21068
1168.32,500.0,7263.51,-0.977555,0.0,-0.21068
1168.32,500.0,7263.51,-0.977555,0.0,-0.21068
1183.96,0.0,7190.97,-0.977555,0.0,-0.21068
1168.32,0.0,7263.51,-0.977555,0.0,-0.21068
1168.32,500.0,7263.51,-0.92789,0.0,-0.372855
1168.32,0.0,7263.51,-0.92789,0.0,-0.372855
1140.66,500.0,7332.37,-0.92789,0.0,-0.372855
1140.66,500.0,7332.37,-0.92789,0.0,-0.372855
1168.32,0.0,7263.51,-0.92789,0.0,-0.372855
1140.66,0.0,7332.37,-0.92789,0.0,-0.372855
1140.66,500.0,7332.37,-0.851529,0.0,-0.524307
1140.66,0.0,7332.37,-0.851529,0.0,-0.524307
1101.75,500.0,7395.55,-0.851529,0.0,-0.524307
1101.75,500.0,7395.55,-0.851529,0.0,-0.524307
1140.66,0.0,7332.37,-0.851529,0.0,-0.524307
1101.75,0.0,7395.55,-0.851529,0.0,-0.524307
1101.75,500.0,7395.55,-0.750672,0.0,-0.660675
1101.75,0.0,7395.55,-0.750672,0.0,-0.660675
1052.72,500.0,7451.26,-0.750672,0.0,-0.660675
1052.72,500.0,7451.26,-0.750672,0.0,-0.660675
1101.75,0.0,7395.55,-0.750672,0.0,-0.660675
1052.72,0.0,7451.26,-0.750672,0.0,-0.660675
1052.72,500.0,7451.26,-0.628216,0.0,-0.778039
1052.72,0.0,7451.26,-0.628216,0.0,-0.778039
994.989,500.0,7497.87,-0.628216,0.0,-0.778039
994.989,500.0,7497.87,-0.628216,0.0,-0.778039
1052.72,0.0,7451.26,-0.628216,0.0,-0.778039
994.989,0.0,7497.87,-0.628216,0.0,-0.778039
994.989,500.0,7497.87,-0.4877,0.0,-0.873012
994.989,0.0,7497.87,-0.4877,0.0,-0.873012
930.207,500.0,7534.06,-0.4877,0.0,-0.873012
930.207,500.0,7534.06,-0.4877,0.0,-0.873012
994.989,0.0,7497.87,-0.4877,0.0,-0.873012
930.207,0.0,7534.06,-0.4877,0.0,-0.873012
930.207,500.0,7534.06,-0.33314,0.0,-0.942877
930.207,0.0,7534.06,-0.33314,0.0,-0.942877
860.24,500.0,7558.79,-0.33314,0.0,-0.942877
860.24,500.0,7558.79,-0.33314,0.0,-0.942877
930.207,0.0,7534.06,-0.33314,0.0,-0.942877
860.24,0.0,7558.79,-0.33314,0.0,-0.942877
860.24,500.0,7558.79,-0.168998,0.0,-0.985616
860.24,0.0,7558.79,-0.168998,0.0,-0.985616
787.103,500.0,7571.33,-0.168998,0.0,-0.985616
787.103,500.0,7571.33,-0.168998,0.0,-0.985616
860.24,0.0,7558.79,-0.168998,0.0,-0.985616
787.103,0.0,7571.33,-0.168998,0.0,-0.985616
787.103,500.0,7571.33,0.0,0.0,-1.0
787.103,0.0,7571.33,0.0,0.0,-1.0
712.897,500.0,7571.33,0.0,0.0,-1.0
712.897,500.0,7571.33,0.0,0.0,-1.0
787.103,0.0,7571.33,0.0,0.0,-1.0
712.897,0.0,7571.33,0.0,0.0,-1.0
712.897,500.0,7571.33,0.168998,0.0,-0.985616
712.897,0.0,7571.33,0.168998,0.0,-0.985616
639.76,500.0,7558.79,0.168998,0.0,-0.985616
639.76,500.0,7558.79,0.168998,0.0,-0.985616
712.897,0.0,7571.33,0.168998,0.0,-0.985616
639.76,0.0,7558.79,0.168998,0.0,-0.985616
639.76,500.0,7558.79,0.33314,0.0,-0.942877
639.76,0.0,7558.79,0.33314,0.0,-0.942877
569.793,500.0,7534.06,0.33314,0.0,-0.942877
569.793,500.0,7534.06,0.33314,0.0,-0.942877
639.76,0.0,7558.79,0.33314,0.0,-0.942877
569.793,0.0,7534.06,0.33314,0.0,-0.942877
569.793,500.0,7534.06,0.487699,0.0,-0.873012
569.793,0.0,7534.06,0.487699,0.0,-0.873012
505.011,500.0,7497.87,0.487699,0.0,-0.873012
505.011,500.0,7497.87,0.487699,0.0,-0.873012
569.793,0.0,7534.06,0.487699,0.0,-0.873012
505.011,0.0,7497.87,0.487699,0.0,-0.873012
505.011,500.0,7497.87,0.628216,0.0,-0.778039
505.011,0.0,7497.87,0.628216,0.0,-0.778039
447.277,500.0,7451.26,0.628216,0.0,-0.778039
447.277,500.0,7451.26,0.628216,0.0,-0.778039
505.011,0.0,7497.87,0.628216,0.0,-0.778039
447.277,0.0,7451.26,0.628216,0.0,-0.778039
447.277,500.0,7451.26,0.750671,0.0,-0.660676
447.277,0.0,7451.26,0.750671,0.0,-0.660676
398.251,500.0,7395.55,0.750671,0.0,-0.660676
398.251,500.0,7395.55,0.750671,0.0,-0.660676
447.277,0.0,7451.26,0.750671,0.0,-0.660676
398.251,0.0,7395.55,0.750671,0.0,-0.660676
398.251,500.0,7395.55,0.85153,0.0,-0.524307
398.251,0.0,7395.55,0.85153,0.0,-0.524307
359.345,500.0,7332.37,0.85153,0.0,-0.524307
359.345,500.0,7332.37,0.85153,0.0,-0.524307
398.251,0.0,7395.55,0.85153,0.0,-0.524307
359.345,0.0,7332.37,0.85153,0.0,-0.524307
359.345,500.0,7332.37,0.92789,0.0,-0.372855
359.345,0.0,7332.37,0.92789,0.0,-0.372855
331.677,500.0,7263.51,0.92789,0.0,-0.372855
331.677,500.0,7263.51,0.92789,0.0,-0.372855
359.345,0.0,7332.37,0.92789,0.0,-0.372855
331.677,0.0,7263.51,0.92789,0.0,-0.372855
331.677,500.0,7263.51,0.977555,0.0,-0.21068
331.677,0.0,7263.51,0.977555,0.0,-0.21068
316.044,500.0,7190.97,0.977555,0.0,-0.21068
316.044,500.0,7190.97,0.977555,0.0,-0.21068
331.677,0.0,7263.51,0.977555,0.0,-0.21068
316.044,0.0,7190.97,0.977555,0.0,-0.21068
316.044,500.0,7190.97,0.999099,0.0,-0.0424409
316.044,0.0,7190.97,0.999099,0.0,-0.0424409
312.894,500.0,7116.83,0.999099,0.0,-0.0424409
312.894,500.0,7116.83,0.999099,0.0,-0.0424409
316.044,0.0,7190.97,0.999099,0.0,-0.0424409
312.894,0.0,7116.83,0.999099,0.0,-0.0424409
312.894,500.0,7116.83,0.9919,0.0,0.127018
312.894,0.0,7116.83,0.9919,0.0,0.127018
322.32,500.0,7043.23,0.9919,0.0,0.127018
322.32,500.0,7043.23,0.9919,0.0,0.127018
312.894,0.0,7116.83,0.9919,0.0,0.127018
322.32,0.0,7043.23,0.9919,0.0,0.127018
322.32,500.0,7043.23,0.956166,0.0,0.292824
322.32,0.0,7043.23,0.956166,0.0,0.292824
344.049,500.0,6972.28,0.956166,0.0,0.292824
344.049,500.0,6972.28,0.956166,0.0,0.292824
322.32,0.0,7043.23,0.956166,0.0,0.292824
344.049,0.0,6972.28,0.956166,0.0,0.292824
344.049,500.0,6972.28,0.892927,0.0,0.450201
344.049,0.0,6972.28,0.892927,0.0,0.450201
377.456,500.0,6906.02,0.892927,0.0,0.450201
377.456,500.0,6906.02,0.892927,0.0,0.450201
344.049,0.0,6972.28,0.892927,0.0,0.450201
377.456,0.0,6906.02,0.892927,0.0,0.450201
377.456,500.0,6906.02,0.803995,0.0,0.594637
377.456,0.0,6906.02,0.803995,0.0,0.594637
421.581,500.0,6846.36,0.803995,0.0,0.594637
421.581,500.0,6846.36,0.803995,0.0,0.594637
377.456,0.0,6906.02,0.803995,0.0,0.594637
421.581,0.0,6846.36,0.803995,0.0,0.594637
421.581,500.0,6846.36,0.69194,0.0,0.721955
421.581,0.0,6846.36,0.69194,0.0,0.721955
475.154,500.0,6795.01,0.69194,0.0,0.721955
475.154,500.0,6795.01,0.69194,0.0,0.721955
421.581,0.0,6846.36,0.69194,0.0,0.721955
475.154,0.0,6795.01,0.69194,0.0,0.721955
475.154,500.0,6795.01,0.559976,0.0,0.828509
475.154,0.0,6795.01,0.559976,0.0,0.828509
536.633,500.0,6753.46,0.559976,0.0,0.828509
536.633,500.0,6753.46,0.559976,0.0,0.828509
475.154,0.0,6795.01,0.559976,0.0,0.828509
536.633,0.0,6753.46,0.559976,0.0,0.828509
536.633,500.0,6753.46,0.411898,0.0,0.91123
536.633,0.0,6753.46,0.411898,0.0,0.91123
604.251,500.0,6722.89,0.411898,0.0,0.91123
604.251,500.0,6722.89,0.411898,0.0,0.91123
536.633,0.0,6753.46,0.411898,0.0,0.91123
604.251,0.0,6722.89,0.411898,0.0,0.91123
604.251,500.0,6722.89,0.25198,0.0,0.967732
604.251,0.0,6722.89,0.25198,0.0,0.967732
676.062,500.0,6704.19,0.25198,0.0,0.967732
676.062,500.0,6704.19,0.25198,0.0,0.967732
604.251,0.0,6722.89,0.25198,0.0,0.967732
676.062,0.0,6704.19,0.25198,0.0,0.967732
676.062,500.0,6704.19,0.084805,0.0,0.996398
676.062,0.0,6704.19,0.084805,0.0,0.996398
750.0,500.0,6697.9,0.084805,0.0,0.996398
750.0,500.0,6697.9,0.084805,0.0,0.996398
676.062,0.0,6704.19,0.084805,0.0,0.996398
750.0,0.0,6697.9,0.084805,0.0,0.996398
750.0,500.0,6697.9,-0.084805,0.0,0.996398
750.0,0.0,6697.9,-0.084805,0.0,0.996398
823.938,500.0,6704.19,-0.084805,0.0,0.996398
823.938,500.0,6704.19,-0.084805,0.0,0.996398
750.0,0.0,6697.9,-0.084805,0.0,0.996398
823.938,0.0,6704.19,-0.084805,0.0,0.996398
3829.14,500.0,3698.99,-0.251979,0.0,0.967733
3829.14,0.0,3698.99,-0.251979,0.0,0.967733
3900.95,500.0,3717.69,-0.251979,0.0,0.967733
3900.95,500.0,3717.69,-0.251979,0.0,0.967733
3829.14,0.0,3698.99,-0.251979,0.0,0.967733
3900.95,0.0,3717.69,-0.251979,0.0,0.967733
3900.95,500.0,3717.69,-0.411901,0.0,0.911229
3900.95,0.0,3717.69,-0.411901,0.0,0.911229
3968.57,500.0,3748.25,-0.411901,0.0,0.911229
3968.57,500.0,3748.25,-0.411901,0.0,0.911229
3900.95,0.0,3717.69,-0.411901,0.0,0.911229
3968.57,0.0,3748.25,-0.411901,0.0,0.911229
3968.57,500.0,3748.25,-0.559976,0.0,0.828509
3968.57,0.0,3748.25,-0.559976,0.0,0.828509
4030.05,500.0,3789.81,-0.559976,0.0,0.828509
4030.05,500.0,3789.81,-0.559976,0.0,0.828509
3968.57,0.0,3748.25,-0.559976,0.0,0.828509
4030.05,0.0,3789.81,-0.559976,0.0,0.828509
4030.05,500.0,3789.81,-0.691938,0.0,0.721957
4030.05,0.0,3789.81,-0.691938,0.0,0.721957
4083.62,500.0,3841.15,-0.691938,0.0,0.721957
4083.62,500.0,3841.15,-0.691938,0.0,0.721957
4030.05,0.0,3789.81,-0.691938,0.0,0.721957
4083.62,0.0,3841.15,-0.691938,0.0,0.721957
4083.62,500.0,3841.15,-0.803999,0.0,0.594631
4083.62,0.0,3841.15,-0.803999,0.0,0.594631
4127.75,500.0,3900.81,-0.803999,0.0,0.594631
4127.75,500.0,3900.81,-0.803999,0.0,0.594631
4083.62,0.0,3841.15,-0.803999,0.0,0.594631
4127.75,0.0,3900.81,-0.803999,0.0,0.594631
4127.75,500.0,3900.81,-0.892925,0.0,0.450205
4127.75,0.0,3900.81,-0.892925,0.0,0.450205
4161.16,500.0,3967.07,-0.892925,0.0,0.450205
4161.16,500.0,3967.07,-0.892925,0.0,0.450205
4127.75,0.0,3900.81,-0.892925,0.0,0.450205
4161.16,0.0,3967.07,-0.892925,0.0,0.450205
4161.16,500.0,3967.07,-0.956166,0.0,0.292824
4161.16,0.0,3967.07,-0.956166,0.0,0.292824
4182.88,500.0,4038.03,-0.956166,0.0,0.292824
4182.88,500.0,4038.03,-0.956166,0.0,0.292824
4161.16,0.0,3967.07,-0.956166,0.0,0.292824
4182.88,0.0,4038.03,-0.956166,0.0,0.292824
4182.88,500.0,4038.03,-0.991901,0.0,0.127017
4182.88,0.0,4038.03,-0.991901,0.0,0.127017
4192.31,500.0,4111.63,-0.991901,0.0,0.127017
4192.31,500.0,4111.63,-0.991901,0.0,0.127017
4182.88,0.0,4038.03,-0.991901,0.0,0.127017
4192.31,0.0,4111.63,-0.991901,0.0,0.127017
4192.31,500.0,4111.63,-0.999099,0.0,-0.0424418
4192.31,0.0,4111.63,-0.999099,0.0,-0.0424418
4189.16,500.0,4185.77,-0.999099,0.0,-0.0424418
4189.16,500.0,4185.77,-0.999099,0.0,-0.0424418
4192.31,0.0,4111.63,-0.999099,0.0,-0.0424418
4189.16,0.0,4185.77,-0.999099,0.0,-0.0424418
4189.16,500.0,4185.77,-0.977556,0.0,-0.210677
4189.16,0.0,4185.77,-0.977556,0.0,-0.210677
4173.53,500.0,4258.31,-0.977556,0.0,-0.210677
4173.53,500.0,4258.31,-0.977556,0.0,-0.210677
4189.16,0.0,4185.77,-0.977556,0.0,-0.210677
4173.53,0.0,4258.31,-0.977556,0.0,-0.210677
4173.53,500.0,4258.31,-0.927888,0.0,-0.372858
4173.53,0.0,4258.31,-0.927888,0.0,-0.372858
4145.86,500.0,4327.16,-0.927888,0.0,-0.372858
4145.86,500.0,4327.16,-0.927888,0.0,-0.372858
4173.53,0.0,4258.31,-0.927888,0.0,-0.372858
4145.86,0.0,4327.16,-0.927888,0.0,-0.372858
4145.86,500.0,4327.16,-0.851532,0.0,-0.524303
4145.86,0.0,4327.16,-0.851532,0.0,-0.524303
4106.95,500.0,4390.35,-0.851532,0.0,-0.524303
4106.95,500.0,4390.35,-0.851532,0.0,-0.524303
4145.86,0.0,4327.16,-0.851532,0.0,-0.524303
4106.95,0.0,4390.35,-0.851532,0.0,-0.524303
4106.95,500.0,4390.35,-0.750672,0.0,-0.660675
4106.95,0.0,4390.35,-0.750672,0.0,-0.660675
4057.93,500.0,4446.05,-0.750672,0.0,-0.660675
4057.93,500.0,4446.05,-0.750672,0.0,-0.660675
4106.95,0.0,4390.35,-0.750672,0.0,-0.660675
4057.93,0.0,4446.05,-0.750672,0.0,-0.660675
4057.93,500.0,4446.05,-0.628214,0.0,-0.778041
4057.93,0.0,4446.05,-0.628214,0.0,-0.778041
4000.19,500.0,4492.67,-0.628214,0.0,-0.778041
4000.19,500.0,4492.67,-0.628214,0.0,-0.778041
4057.93,0.0,4446.05,-0.628214,0.0,-0.778041
4000.19,0.0,4492.67,-0.628214,0.0,-0.778041
4000.19,500.0,4492.67,-0.487694,0.0,-0.873015
4000.19,0.0,4492.67,-0.487694,0.0,-0.873015
3935.41,500.0,4528.86,-0.487694,0.0,-0.873015
3935.41,500.0,4528.86,-0.487694,0.0,-0.873015
4000.19,0.0,4492.67,-0.487694,0.0,-0.873015
3935.41,0.0,4528.86,-0.487694,0.0,-0.873015
3935.41,500.0,4528.86,-0.33314,0.0,-0.942877
3935.41,0.0,4528.86,-0.33314,0.0,-0.942877
3865.44,500.0,4553.58,-0.33314,0.0,-0.942877
3865.44,500.0,4553.58,-0.33314,0.0,-0.942877
3935.41,0.0,4528.86,-0.33314,0.0,-0.942877
3865.44,0.0,4553.58,-0.33314,0.0,-0.942877
3865.44,500.0,4553.58,-0.169005,0.0,-0.985615
3865.44,0.0,4553.58,-0.169005,0.0,-0.985615
3792.31,500.0,4566.12,-0.169005,0.0,-0.985615
3792.31,500.0,4566.12,-0.169005,0.0,-0.985615
3865.44,0.0,4553.58,-0.169005,0.0,-0.985615
3792.31,0.0,4566.12,-0.169005,0.0,-0.985615
3792.31,500.0,4566.12,0.0,0.0,-1.0
3792.31,0.0,4566.12,0.0,0.0,-1.0
3718.1,500.0,4566.12,0.0,0.0,-1.0
3718.1,500.0,4566.12,0.0,0.0,-1.0
3792.31,0.0,4566.12,0.0,0.0,-1.0
3718.1,0.0,4566.12,0.0,0.0,-1.0
3718.1,500.0,4566.12,0.169005,0.0,-0.985615
3718.1,0.0,4566.12,0.169005,0.0,-0.985615
3644.96,500.0,4553.58,0.169005,0.0,-0.985615
3644.96,500.0,4553.58,0.169005,0.0,-0.985615
3718.1,0.0,4566.12,0.169005,0.0,-0.985615
3644.96,0.0,4553.58,0.169005,0.0,-0.985615
3644.96,500.0,4553.58,0.333139,0.0,-0.942878
3644.96,0.0,4553.58,0.333139,0.0,-0.942878
3575.0,500.0,4528.86,0.333139,0.0,-0.942878
3575.0,500.0,4528.86,0.333139,0.0,-0.942878
3644.96,0.0,4553.58,0.333139,0.0,-0.942878
3575.0,0.0,4528.86,0.333139,0.0,-0.942878
3575.0,500.0,4528.86,0.487694,0.0,-0.873015
3575.0,0.0,4528.86,0.487694,0.0,-0.873015
3510.21,500.0,4492.67,0.487694,0.0,-0.873015
3510.21,500.0,4492.67,0.487694,0.0,-0.873015
3575.0,0.0,4528.86,0.487694,0.0,-0.873015
3510.21,0.0,4492.67,0.487694,0.0,-0.873015
3510.21,500.0,4492.67,0.628215,0.0,-0.778039
3510.21,0.0,4492.67,0.628215,0.0,-0.778039
3452.48,500.0,4446.05,0.628215,0.0,-0.778039
3452.48,500.0,4446.05,0.628215,0.0,-0.778039
3510.21,0.0,4492.67,0.628215,0.0,-0.778039
3452.48,0.0,4446.05,0.628215,0.0,-0.778039
3452.48,500.0,4446.05,0.750672,0.0,-0.660675
3452.48,0.0,4446.05,0.750672,0.0,-0.660675
3403.46,500.0,4390.35,0.750672,0.0,-0.660675
3403.46,500.0,4390.35,0.750672,0.0,-0.660675
3452.48,0.0,4446.05,0.750672,0.0,-0.660675
3403.46,0.0,4390.35,0.750672,0.0,-0.660675
3403.46,500.0,4390.35,0.85153,0.0,-0.524305
3403.46,0.0,4390.35,0.85153,0.0,-0.524305
3364.55,500.0,4327.16,0.85153,0.0,-0.524305
3364.55,500.0,4327.16,0.85153,0.0,-0.524305
3403.46,0.0,4390.35,0.85153,0.0,-0.524305
3364.55,0.0,4327.16,0.85153,0.0,-0.524305
3364.55,500.0,4327.16,0.927889,0.0,-0.372855
3364.55,0.0,4327.16,0.927889,0.0,-0.372855
3336.88,500.0,4258.31,0.927889,0.0,-0.372855
3336.88,500.0,4258.31,0.927889,0.0,-0.372855
3364.55,0.0,4327.16,0.927889,0.0,-0.372855
3336.88,0.0,4258.31,0.927889,0.0,-0.372855
3336.88,500.0,4258.31,0.977555,0.0,-0.21068
3336.88,0.0,4258.31,0.977555,0.0,-0.21068
3321.25,500.0,4185.77,0.977555,0.0,-0.21068
3321.25,500.0,4185.77,0.977555,0.0,-0.21068
3336.88,0.0,4258.31,0.977555,0.0,-0.21068
3321.25,0.0,4185.77,0.977555,0.0,-0.21068
3321.25,500.0,4185.77,0.999099,0.0,-0.0424385
3321.25,0.0,4185.77,0.999099,0.0,-0.0424385
3318.1,500.0,4111.63,0.999099,0.0,-0.0424385
3318.1,500.0,4111.63,0.999099,0.0,-0.0424385
3321.25,0.0,4185.77,0.999099,0.0,-0.0424385
3318.1,0.0,4111.63,0.999099,0.0,-0.0424385
3318.1,500.0,4111.63,0.991901,0.0,0.127017
3318.1,0.0,4111.63,0.991901,0.0,0.127017
3327.52,500.0,4038.03,0.991901,0.0,0.127017
3327.52,500.0,4038.03,0.991901,0.0,0.127017
3318.1,0.0,4111.63,0.991901,0.0,0.127017
3327.52,0.0,4038.03,0.991901,0.0,0.127017
3327.52,500.0,4038.03,0.956166,0.0,0.292824
3327.52,0.0,4038.03,0.956166,0.0,0.292824
3349.25,500.0,3967.07,0.956166,0.0,0.292824
3349.25,500.0,3967.07,0.956166,0.0,0.292824
3327.52,0.0,4038.03,0.956166,0.0,0.292824
3349.25,0.0,3967.07,0.956166,0.0,0.292824
3349.25,500.0,3967.07,0.892927,0.0,0.450202
3349.25,0.0,3967.07,0.892927,0.0,0.450202
3382.66,500.0,3900.81,0.892927,0.0,0.450202
3382.66,500.0,3900.81,0.892927,0.0,0.450202
3349.25,0.0,3967.07,0.892927,0.0,0.450202
3382.66,0.0,3900.81,0.892927,0.0,0.450202
3382.66,500.0,3900.81,0.803997,0.0,0.594633
3382.66,0.0,3900.81,0.803997,0.0,0.594633
3426.78,500.0,3841.15,0.803997,0.0,0.594633
3426.78,500.0,3841.15,0.803997,0.0,0.594633
3382.66,0.0,3900.81,0.803997,0.0,0.594633
3426.78,0.0,3841.15,0.803997,0.0,0.594633
3426.78,500.0,3841.15,0.691936,0.0,0.721958
3426.78,0.0,3841.15,0.691936,0.0,0.721958
3480.36,500.0,3789.81,0.691936,0.0,0.721958
3480.36,500.0,3789.81,0.691936,0.0,0.721958
3426.78,0.0,3841.15,0.691936,0.0,0.721958
3480.36,0.0,3789.81,0.691936,0.0,0.721958
3480.36,500.0,3789.81,0.559978,0.0,0.828508
3480.36,0.0,3789.81,0.559978,0.0,0.828508
3541.84,500.0,3748.25,0.559978,0.0,0.828508
3541.84,500.0,3748.25,0.559978,0.0,0.828508
3480.36,0.0,3789.81,0.559978,0.0,0.828508
3541.84,0.0,3748.25,0.559978,0.0,0.828508
3541.84,500.0,3748.25,0.411901,0.0,0.911229
3541.84,0.0,3748.25,0.411901,0.0,0.911229
3609.46,500.0,3717.69,0.411901,0.0,0.911229
3609.46,500.0,3717.69,0.411901,0.0,0.911229
3541.84,0.0,3748.25,0.411901,0.0,0.911229
3609.46,0.0,3717.69,0.411901,0.0,0.911229
3609.46,500.0,3717.69,0.251979,0.0,0.967733
3609.46,0.0,3717.69,0.251979,0.0,0.967733
3681.27,500.0,3698.99,0.251979,0.0,0.967733
3681.27,500.0,3698.99,0.251979,0.0,0.967733
3609.46,0.0,3717.69,0.251979,0.0,0.967733
3681.27,0.0,3698.99,0.251979,0.0,0.967733
3681.27,500.0,3698.99,0.0848054,0.0,0.996398
3681.27,0.0,3698.99,0.0848054,0.0,0.996398
3755.2,500.0,3692.7,0.0848054,0.0,0.996398
3755.2,500.0,3692.7,0.0848054,0.0,0.996398
3681.27,0.0,3698.99,0.0848054,0.0,0.996398
3755.2,0.0,3692.7,0.0848054,0.0,0.996398
3755.2,500.0,3692.7,-0.0848048,0.0,0.996398
3755.2,0.0,3692.7,-0.0848048,0.0,0.996398
3829.14,500.0,3698.99,-0.0848048,0.0,0.996398
3829.14,500.0,3698.99,-0.0848048,0.0,0.996398
3755.2,0.0,3692.7,-0.0848048,0.0,0.996398
3829.14,0.0,3698.99,-0.0848048,0.0,0.996398
4285.53,500.0,4660.53,0.707107,0.0,0.707107
1280.33,500.0,7665.73,0.707107,0.0,0.707107
4285.53,0.0,4660.53,0.707107,0.0,0.707107
4285.53,0.0,4660.53,0.707107,0.0,0.707107
1280.33,500.0,7665.73,0.707107,0.0,0.707107
1280.33,0.0,7665.73,0.707107,0.0,0.707107
1280.33,0.0,7665.73,0.6463,0.0,0.763083
1280.33,500.0,7665.73,0.6463,0.0,0.763083
1185.81,0.0,7745.79,0.6463,0.0,0.763083
1185.81,0.0,7745.79,0.6463,0.0,0.763083
1280.33,500.0,7665.73,0.6463,0.0,0.763083
1185.81,500.0,7745.79,0.6463,0.0,0.763083
1185.81,0.0,7745.79,0.511882,0.0,0.859056
1185.81,500.0,7745.79,0.511882,0.0,0.859056
1079.4,0.0,7809.19,0.511882,0.0,0.859056
1079.4,0.0,7809.19,0.511882,0.0,0.859056
1185.81,500.0,7745.79,0.511882,0.0,0.859056
1079.4,500.0,7809.19,0.511882,0.0,0.859056
1079.4,0.0,7809.19,0.363508,0.0,0.931591
1079.4,500.0,7809.19,0.363508,0.0,0.931591
964.002,0.0,7854.22,0.363508,0.0,0.931591
964.002,0.0,7854.22,0.363508,0.0,0.931591
1079.4,500.0,7809.19,0.363508,0.0,0.931591
964.002,500.0,7854.22,0.363508,0.0,0.931591
964.002,0.0,7854.22,0.20522,0.0,0.978716
964.002,500.0,7854.22,0.20522,0.0,0.978716
842.77,0.0,7879.64,0.20522,0.0,0.978716
842.77,0.0,7879.64,0.20522,0.0,0.978716
964.002,500.0,7854.22,0.20522,0.0,0.978716
842.77,500.0,7879.64,0.20522,0.0,0.978716
842.77,0.0,7879.64,0.0413231,0.0,0.999146
842.77,500.0,7879.64,0.0413231,0.0,0.999146
719.006,0.0,7884.76,0.0413231,0.0,0.999146
719.006,0.0,7884.76,0.0413231,0.0,0.999146
842.77,500.0,7879.64,0.0413231,0.0,0.999146
719.006,500.0,7884.76,0.0413231,0.0,0.999146
719.006,0.0,7884.76,-0.123693,0.0,0.99232
719.006,500.0,7884.76,-0.123693,0.0,0.99232
596.088,0.0,7869.44,-0.123693,0.0,0.99232
596.088,0.0,7869.44,-0.123693,0.0,0.99232
719.006,500.0,7884.76,-0.123693,0.0,0.99232
596.088,500.0,7869.44,-0.123693,0.0,0.99232
596.088,0.0,7869.44,-0.285336,0.0,0.958428
596.088,500.0,7869.44,-0.285336,0.0,0.958428
477.369,0.0,7834.1,-0.285336,0.0,0.958428
477.369,0.0,7834.1,-0.285336,0.0,0.958428
596.088,500.0,7869.44,-0.285336,0.0,0.958428
477.369,500.0,7834.1,-0.285336,0.0,0.958428
477.369,0.0,7834.1,-0.439196,0.0,0.898391
477.369,500.0,7834.1,-0.439196,0.0,0.898391
366.086,0.0,7779.69,-0.439196,0.0,0.898391
366.086,0.0,7779.69,-0.439196,0.0,0.898391
477.369,500.0,7834.1,-0.439196,0.0,0.898391
366.086,500.0,7779.69,-0.439196,0.0,0.898391
366.086,0.0,7779.69,-0.581077,0.0,0.813848
366.086,500.0,7779.69,-0.581077,0.0,0.813848
265.276,0.0,7707.71,-0.581077,0.0,0.813848
265.276,0.0,7707.71,-0.581077,0.0,0.813848
366.086,500.0,7779.69,-0.581077,0.0,0.813848
265.276,500.0,7707.71,-0.581077,0.0,0.813848
265.276,0.0,7707.71,-0.707106,0.0,0.707108
265.276,500.0,7707.71,-0.707106,0.0,0.707108
177.687,0.0,7620.13,-0.707106,0.0,0.707108
177.687,0.0,7620.13,-0.707106,0.0,0.707108
265.276,500.0,7707.71,-0.707106,0.0,0.707108
177.687,500.0,7620.13,-0.707106,0.0,0.707108
177.687,0.0,7620.13,-0.813849,0.0,0.581077
177.687,500.0,7620.13,-0.813849,0.0,0.581077
105.71,0.0,7519.32,-0.813849,0.0,0.581077
105.71,0.0,7519.32,-0.813849,0.0,0.581077
177.687,500.0,7620.13,-0.813849,0.0,0.581077
105.71,500.0,7519.32,-0.813849,0.0,0.581077
105.71,0.0,7519.32,-0.898391,0.0,0.439196
105.71,500.0,7519.32,-0.898391,0.0,0.439196
51.3067,0.0,7408.03,-0.898391,0.0,0.439196
51.3067,0.0,7408.03,-0.898391,0.0,0.439196
105.71,500.0,7519.32,-0.898391,0.0,0.439196
51.3067,500.0,7408.03,-0.898391,0.0,0.439196
51.3067,0.0,7408.03,-0.958427,0.0,0.285337
51.3067,500.0,7408.03,-0.958427,0.0,0.285337
15.9624,0.0,7289.31,-0.958427,0.0,0.285337
15.9624,0.0,7289.31,-0.958427,0.0,0.285337
51.3067,500.0,7408.03,-0.958427,0.0,0.285337
15.9624,500.0,7289.31,-0.958427,0.0,0.285337
15.9624,0.0,7289.31,-0.992321,0.0,0.123692
15.9624,500.0,7289.31,-0.992321,0.0,0.123692
0.64069,0.0,7166.4,-0.992321,0.0,0.123692
0.64069,0.0,7166.4,-0.992321,0.0,0.123692
15.9624,500.0,7289.31,-0.992321,0.0,0.123692
0.64069,500.0,7166.4,-0.992321,0.0,0.123692
0.64069,0.0,7166.4,-0.999146,0.0,-0.0413248
0.64069,500.0,7166.4,-0.999146,0.0,-0.0413248
5.75954,0.0,7042.63,-0.999146,0.0,-0.0413248
5.75954,0.0,7042.63,-0.999146,0.0,-0.0413248
0.64069,500.0,7166.4,-0.999146,0.0,-0.0413248
5.75954,500.0,7042.63,-0.999146,0.0,-0.0413248
5.75954,0.0,7042.63,-0.978717,0.0,-0.205214
5.75954,500.0,7042.63,-0.978717,0.0,-0.205214
31.1794,0.0,6921.4,-0.978717,0.0,-0.205214
31.1794,0.0,6921.4,-0.978717,0.0,-0.205214
5.75954,500.0,7042.63,-0.978717,0.0,-0.205214
31.1794,500.0,6921.4,-0.978717,0.0,-0.205214
31.1794,0.0,6921.4,-0.931591,0.0,-0.363509
31.1794,500.0,6921.4,-0.931591,0.0,-0.363509
76.2067,0.0,6806.0,-0.931591,0.0,-0.363509
76.2067,0.0,6806.0,-0.931591,0.0,-0.363509
31.1794,500.0,6921.4,-0.931591,0.0,-0.363509
76.2067,500.0,6806.0,-0.931591,0.0,-0.363509
76.2067,0.0,6806.0,-0.859053,0.0,-0.511887
76.2067,500.0,6806.0,-0.859053,0.0,-0.511887
139.613,0.0,6699.59,-0.859053,0.0,-0.511887
139.613,0.0,6699.59,-0.859053,0.0,-0.511887
76.2067,500.0,6806.0,-0.859053,0.0,-0.511887
139.613,500.0,6699.59,-0.859053,0.0,-0.511887
139.613,0.0,6699.59,-0.763084,0.0,-0.646299
139.613,500.0,6699.59,-0.763084,0.0,-0.646299
219.67,0.0,6605.07,-0.763084,0.0,-0.646299
219.67,0.0,6605.07,-0.763084,0.0,-0.646299
139.613,500.0,6699.59,-0.763084,0.0,-0.646299
219.67,500.0,6605.07,-0.763084,0.0,-0.646299
219.67,500.0,6605.07,-0.707107,0.0,-0.707107
3224.87,500.0,3599.87,-0.707107,0.0,-0.707107
219.67,0.0,6605.07,-0.707107,0.0,-0.707107
219.67,0.0,6605.07,-0.707107,0.0,-0.707107
3224.87,500.0,3599.87,-0.707107,0.0,-0.707107
3224.87,0.0,3599.87,-0.707107,0.0,-0.707107
3224.87,0.0,3599.87,-0.6463,0.0,-0.763083
3224.87,500.0,3599.87,-0.6463,0.0,-0.763083
3319.4,0.0,3519.81,-0.6463,0.0,-0.763083
3319.4,0.0,3519.81,-0.6463,0.0,-0.763083
3224.87,500.0,3599.87,-0.6463,0.0,-0.763083
3319.4,500.0,3519.81,-0.6463,0.0,-0.763083
3319.4,0.0,3519.81,-0.511884,0.0,-0.859055
3319.4,500.0,3519.81,-0.511884,0.0,-0.859055
3425.81,0.0,3456.41,-0.511884,0.0,-0.859055
3425.81,0.0,3456.41,-0.511884,0.0,-0.859055
3319.4,500.0,3519.81,-0.511884,0.0,-0.859055
3425.81,500.0,3456.41,-0.511884,0.0,-0.859055
3425.81,0.0,3456.41,-0.363509,0.0,-0.93159
3425.81,500.0,3456.41,-0.363509,0.0,-0.93159
3541.2,0.0,3411.38,-0.363509,0.0,-0.93159
3541.2,0.0,3411.38,-0.363509,0.0,-0.93159
3425.81,500.0,3456.41,-0.363509,0.0,-0.93159
3541.2,500.0,3411.38,-0.363509,0.0,-0.93159
3541.2,0.0,3411.38,-0.205214,0.0,-0.978717
3541.2,500.0,3411.38,-0.205214,0.0,-0.978717
3662.43,0.0,3385.96,-0.205214,0.0,-0.978717
3662.43,0.0,3385.96,-0.205214,0.0,-0.978717
3541.2,500.0,3411.38,-0.205214,0.0,-0.978717
3662.43,500.0,3385.96,-0.205214,0.0,-0.978717
3662.43,0.0,3385.96,-0.041325,0.0,-0.999146
3662.43,500.0,3385.96,-0.041325,0.0,-0.999146
3786.2,0.0,3380.84,-0.041325,0.0,-0.999146
3786.2,0.0,3380.84,-0.041325,0.0,-0.999146
3662.43,500.0,3385.96,-0.041325,0.0,-0.999146
3786.2,500.0,3380.84,-0.041325,0.0,-0.999146
3786.2,0.0,3380.84,0.123692,0.0,-0.992321
3786.2,500.0,3380.84,0.123692,0.0,-0.992321
3909.12,0.0,3396.16,0.123692,0.0,-0.992321
3909.12,0.0,3396.16,0.123692,0.0,-0.992321
3786.2,500.0,3380.84,0.123692,0.0,-0.992321
3909.12,500.0,3396.16,0.123692,0.0,-0.992321
3909.12,0.0,3396.16,0.285335,0.0,-0.958428
3909.12,500.0,3396.16,0.285335,0.0,-0.958428
4027.83,0.0,3431.5,0.285335,0.0,-0.958428
4027.83,0.0,3431.5,0.285335,0.0,-0.958428
3909.12,500.0,3396.16,0.285335,0.0,-0.958428
4027.83,500.0,3431.5,0.285335,0.0,-0.958428
4027.83,0.0,3431.5,0.439197,0.0,-0.898391
4027.83,500.0,3431.5,0.439197,0.0,-0.898391
4139.12,0.0,3485.91,0.439197,0.0,-0.898391
4139.12,0.0,3485.91,0.439197,0.0,-0.898391
4027.83,500.0,3431.5,0.439197,0.0,-0.898391
4139.12,500.0,3485.91,0.439197,0.0,-0.898391
4139.12,0.0,3485.91,0.581078,0.0,-0.813848
4139.12,500.0,3485.91,0.581078,0.0,-0.813848
4239.93,0.0,3557.89,0.581078,0.0,-0.813848
4239.93,0.0,3557.89,0.581078,0.0,-0.813848
4139.12,500.0,3485.91,0.581078,0.0,-0.813848
4239.93,500.0,3557.89,0.581078,0.0,-0.813848
4239.93,0.0,3557.89,0.707108,0.0,-0.707106
4239.93,500.0,3557.89,0.707108,0.0,-0.707106
4327.52,0.0,3645.47,0.707108,0.0,-0.707106
4327.52,0.0,3645.47,0.707108,0.0,-0.707106
4239.93,500.0,3557.89,0.707108,0.0,-0.707106
4327.52,500.0,3645.47,0.707108,0.0,-0.707106
4327.52,0.0,3645.47,0.813848,0.0,-0.581078
4327.52,500.0,3645.47,0.813848,0.0,-0.581078
4399.49,0.0,3746.28,0.813848,0.0,-0.581078
4399.49,0.0,3746.28,0.813848,0.0,-0.581078
4327.52,500.0,3645.47,0.813848,0.0,-0.581078
4399.49,500.0,3746.28,0.813848,0.0,-0.581078
4399.49,0.0,3746.28,0.89839,0.0,-0.439199
4399.49,500.0,3746.28,0.89839,0.0,-0.439199
4453.9,0.0,3857.57,0.89839,0.0,-0.439199
4453.9,0.0,3857.57,0.89839,0.0,-0.439199
4399.49,500.0,3746.28,0.89839,0.0,-0.439199
4453.9,500.0,3857.57,0.89839,0.0,-0.439199
4453.9,0.0,3857.57,0.958428,0.0,-0.285336
4453.9,500.0,3857.57,0.958428,0.0,-0.285336
4489.24,0.0,3976.29,0.958428,0.0,-0.285336
4489.24,0.0,3976.29,0.958428,0.0,-0.285336
4453.9,500.0,3857.57,0.958428,0.0,-0.285336
4489.24,500.0,3976.29,0.958428,0.0,-0.285336
4489.24,0.0,3976.29,0.992321,0.0,-0.123693
4489.24,500.0,3976.29,0.992321,0.0,-0.123693
4504.56,0.0,4099.2,0.992321,0.0,-0.123693
4504.56,0.0,4099.2,0.992321,0.0,-0.123693
4489.24,500.0,3976.29,0.992321,0.0,-0.123693
4504.56,500.0,4099.2,0.992321,0.0,-0.123693
4504.56,0.0,4099.2,0.999146,0.0,0.041331
4504.56,500.0,4099.2,0.999146,0.0,0.041331
4499.44,0.0,4222.97,0.999146,0.0,0.041331
4499.44,0.0,4222.97,0.999146,0.0,0.041331
4504.56,500.0,4099.2,0.999146,0.0,0.041331
4499.44,500.0,4222.97,0.999146,0.0,0.041331
4499.44,0.0,4222.97,0.978718,0.0,0.205209
4499.44,500.0,4222.97,0.978718,0.0,0.205209
4474.02,0.0,4344.2,0.978718,0.0,0.205209
4474.02,0.0,4344.2,0.978718,0.0,0.205209
4499.44,500.0,4222.97,0.978718,0.0,0.205209
4474.02,500.0,4344.2,0.978718,0.0,0.205209
4474.02,0.0,4344.2,0.93159,0.0,0.363511
4474.02,500.0,4344.2,0.93159,0.0,0.363511
4429.0,0.0,4459.6,0.93159,0.0,0.363511
4429.0,0.0,4459.6,0.93159,0.0,0.363511
4474.02,500.0,4344.2,0.93159,0.0,0.363511
4429.0,500.0,4459.6,0.93159,0.0,0.363511
4429.0,0.0,4459.6,0.859054,0.0,0.511885
4429.0,500.0,4459.6,0.859054,0.0,0.511885
4365.59,0.0,4566.01,0.859054,0.0,0.511885
4365.59,0.0,4566.01,0.859054,0.0,0.511885
4429.0,500.0,4459.6,0.859054,0.0,0.511885
4365.59,500.0,4566.01,0.859054,0.0,0.511885
4365.59,0.0,4566.01,0.763083,0.0,0.6463
4365.59,500.0,4566.01,0.763083,0.0,0.6463
4285.53,0.0,4660.53,0.763083,0.0,0.6463
4285.53,0.0,4660.53,0.763083,0.0,0.6463
4365.59,500.0,4566.01,0.763083,0.0,0.6463
4285.53,500.0,4660.53,0.763083,0.0,0.6463
895.749,500.0,6722.89,0.0,1.0,0.0
3224.87,500.0,3599.87,0.0,1.0,0.0
823.938,500.0,6704.19,0.0,1.0,0.0
823.938,500.0,6704.19,0.0,1.0,0.0
3224.87,500.0,3599.87,0.0,1.0,0.0
750.0,500.0,6697.9,0.0,1.0,0.0
421.581,500.0,6846.36,0.0,1.0,0.0
475.154,500.0,6795.01,0.0,1.0,0.0
219.67,500.0,6605.07,0.0,1.0,0.0
4000.19,500.0,4492.67,0.0,1.0,0.0
3935.41,500.0,4528.86,0.0,1.0,0.0
4285.53,500.0,4660.53,0.0,1.0,0.0
4285.53,500.0,4660.53,0.0,1.0,0.0
3935.41,500.0,4528.86,0.0,1.0,0.0
1280.33,500.0,7665.73,0.0,1.0,0.0
895.749,500.0,6722.89,0.0,1.0,0.0
963.367,500.0,6753.46,0.0,1.0,0.0
3321.25,500.0,4185.77,0.0,1.0,0.0
3321.25,500.0,4185.77,0.0,1.0,0.0
963.367,500.0,6753.46,0.0,1.0,0.0
1024.85,500.0,6795.01,0.0,1.0,0.0
3321.25,500.0,4185.77,0.0,1.0,0.0
1024.85,500.0,6795.01,0.0,1.0,0.0
3336.88,500.0,4258.31,0.0,1.0,0.0
475.154,500.0,6795.01,0.0,1.0,0.0
536.633,500.0,6753.46,0.0,1.0,0.0
219.67,500.0,6605.07,0.0,1.0,0.0
219.67,500.0,6605.07,0.0,1.0,0.0
536.633,500.0,6753.46,0.0,1.0,0.0
604.251,500.0,6722.89,0.0,1.0,0.0
219.67,500.0,6605.07,0.0,1.0,0.0
604.251,500.0,6722.89,0.0,1.0,0.0
3224.87,500.0,3599.87,0.0,1.0,0.0
3224.87,500.0,3599.87,0.0,1.0,0.0
604.251,500.0,6722.89,0.0,1.0,0.0
676.062,500.0,6704.19,0.0,1.0,0.0
3224.87,500.0,3599.87,0.0,1.0,0.0
676.062,500.0,6704.19,0.0,1.0,0.0
750.0,500.0,6697.9,0.0,1.0,0.0
3935.41,500.0,4528.86,0.0,1.0,0.0
3865.44,500.0,4553.58,0.0,1.0,0.0
1280.33,500.0,7665.73,0.0,1.0,0.0
1280.33,500.0,7665.73,0.0,1.0,0.0
3865.44,500.0,4553.58,0.0,1.0,0.0
3792.31,500.0,4566.12,0.0,1.0,0.0
1280.33,500.0,7665.73,0.0,1.0,0.0
3792.31,500.0,4566.12,0.0,1.0,0.0
3718.1,500.0,4566.12,0.0,1.0,0.0
1140.66,500.0,7332.37,0.0,1.0,0.0
1101.75,500.0,7395.55,0.0,1.0,0.0
1280.33,500.0,7665.73,0.0,1.0,0.0
1280.33,500.0,7665.73,0.0,1.0,0.0
1101.75,500.0,7395.55,0.0,1.0,0.0
1052.72,500.0,7451.26,0.0,1.0,0.0
1280.33,500.0,7665.73,0.0,1.0,0.0
1052.72,500.0,7451.26,0.0,1.0,0.0
1185.81,500.0,7745.79,0.0,1.0,0.0
1185.81,500.0,7745.79,0.0,1.0,0.0
1052.72,500.0,7451.26,0.0,1.0,0.0
994.989,500.0,7497.87,0.0,1.0,0.0
1185.81,500.0,7745.79,0.0,1.0,0.0
994.989,500.0,7497.87,0.0,1.0,0.0
1079.4,500.0,7809.19,0.0,1.0,0.0
1079.4,500.0,7809.19,0.0,1.0,0.0
994.989,500.0,7497.87,0.0,1.0,0.0
930.207,500.0,7534.06,0.0,1.0,0.0
1079.4,500.0,7809.19,0.0,1.0,0.0
930.207,500.0,7534.06,0.0,1.0,0.0
964.002,500.0,7854.22,0.0,1.0,0.0
964.002,500.0,7854.22,0.0,1.0,0.0
930.207,500.0,7534.06,0.0,1.0,0.0
860.24,500.0,7558.79,0.0,1.0,0.0
964.002,500.0,7854.22,0.0,1.0,0.0
860.24,500.0,7558.79,0.0,1.0,0.0
842.77,500.0,7879.64,0.0,1.0,0.0
842.77,500.0,7879.64,0.0,1.0,0.0
860.24,500.0,7558.79,0.0,1.0,0.0
787.103,500.0,7571.33,0.0,1.0,0.0
842.77,500.0,7879.64,0.0,1.0,0.0
787.103,500.0,7571.33,0.0,1.0,0.0
719.006,500.0,7884.76,0.0,1.0,0.0
719.006,500.0,7884.76,0.0,1.0,0.0
787.103,500.0,7571.33,0.0,1.0,0.0
712.897,500.0,7571.33,0.0,1.0,0.0
719.006,500.0,7884.76,0.0,1.0,0.0
712.897,500.0,7571.33,0.0,1.0,0.0
596.088,500.0,7869.44,0.0,1.0,0.0
596.088,500.0,7869.44,0.0,1.0,0.0
712.897,500.0,7571.33,0.0,1.0,0.0
639.76,500.0,7558.79,0.0,1.0,0.0
596.088,500.0,7869.44,0.0,1.0,0.0
639.76,500.0,7558.79,0.0,1.0,0.0
477.369,500.0,7834.1,0.0,1.0,0.0
477.369,500.0,7834.1,0.0,1.0,0.0
639.76,500.0,7558.79,0.0,1.0,0.0
569.793,500.0,7534.06,0.0,1.0,0.0
477.369,500.0,7834.1,0.0,1.0,0.0
569.793,500.0,7534.06,0.0,1.0,0.0
366.086,500.0,7779.69,0.0,1.0,0.0
366.086,500.0,7779.69,0.0,1.0,0.0
569.793,500.0,7534.06,0.0,1.0,0.0
505.011,500.0,7497.87,0.0,1.0,0.0
366.086,500.0,7779.69,0.0,1.0,0.0
505.011,500.0,7497.87,0.0,1.0,0.0
265.276,500.0,7707.71,0.0,1.0,0.0
265.276,500.0,7707.71,0.0,1.0,0.0
505.011,500.0,7497.87,0.0,1.0,0.0
447.277,500.0,7451.26,0.0,1.0,0.0
265.276,500.0,7707.71,0.0,1.0,0.0
447.277,500.0,7451.26,0.0,1.0,0.0
177.687,500.0,7620.13,0.0,1.0,0.0
177.687,500.0,7620.13,0.0,1.0,0.0
447.277,500.0,7451.26,0.0,1.0,0.0
398.251,500.0,7395.55,0.0,1.0,0.0
177.687,500.0,7620.13,0.0,1.0,0.0
398.251,500.0,7395.55,0.0,1.0,0.0
105.71,500.0,7519.32,0.0,1.0,0.0
105.71,500.0,7519.32,0.0,1.0,0.0
398.251,500.0,7395.55,0.0,1.0,0.0
359.345,500.0,7332.37,0.0,1.0,0.0
105.71,500.0,7519.32,0.0,1.0,0.0
359.345,500.0,7332.37,0.0,1.0,0.0
51.3067,500.0,7408.03,0.0,1.0,0.0
51.3067,500.0,7408.03,0.0,1.0,0.0
359.345,500.0,7332.37,0.0,1.0,0.0
331.677,500.0,7263.51,0.0,1.0,0.0
51.3067,500.0,7408.03,0.0,1.0,0.0
331.677,500.0,7263.51,0.0,1.0,0.0
15.9624,500.0,7289.31,0.0,1.0,0.0
15.9624,500.0,7289.31,0.0,1.0,0.0
331.677,500.0,7263.51,0.0,1.0,0.0
316.044,500.0,7190.97,0.0,1.0,0.0
15.9624,500.0,7289.31,0.0,1.0,0.0
316.044,500.0,7190.97,0.0,1.0,0.0
0.64069,500.0,7166.4,0.0,1.0,0.0
0.64069,500.0,7166.4,0.0,1.0,0.0
316.044,500.0,7190.97,0.0,1.0,0.0
312.894,500.0,7116.83,0.0,1.0,0.0
421.581,500.0,6846.36,0.0,1.0,0.0
219.67,500.0,6605.07,0.0,1.0,0.0
377.456,500.0,6906.02,0.0,1.0,0.0
377.456,500.0,6906.02,0.0,1.0,0.0
219.67,500.0,6605.07,0.0,1.0,0.0
139.613,500.0,6699.59,0.0,1.0,0.0
377.456,500.0,6906.02,0.0,1.0,0.0
139.613,500.0,6699.59,0.0,1.0,0.0
344.049,500.0,6972.28,0.0,1.0,0.0
344.049,500.0,6972.28,0.0,1.0,0.0
139.613,500.0,6699.59,0.0,1.0,0.0
76.2067,500.0,6806.0,0.0,1.0,0.0
344.049,500.0,6972.28,0.0,1.0,0.0
76.2067,500.0,6806.0,0.0,1.0,0.0
322.32,500.0,7043.23,0.0,1.0,0.0
322.32,500.0,7043.23,0.0,1.0,0.0
76.2067,500.0,6806.0,0.0,1.0,0.0
31.1794,500.0,6921.4,0.0,1.0,0.0
322.32,500.0,7043.23,0.0,1.0,0.0
31.1794,500.0,6921.4,0.0,1.0,0.0
312.894,500.0,7116.83,0.0,1.0,0.0
312.894,500.0,7116.83,0.0,1.0,0.0
31.1794,500.0,6921.4,0.0,1.0,0.0
5.75954,500.0,7042.63,0.0,1.0,0.0
312.894,500.0,7116.83,0.0,1.0,0.0
5.75954,500.0,7042.63,0.0,1.0,0.0
0.64069,500.0,7166.4,0.0,1.0,0.0
3452.48,500.0,4446.05,0.0,1.0,0.0
3403.46,500.0,4390.35,0.0,1.0,0.0
1024.85,500.0,6795.01,0.0,1.0,0.0
1024.85,500.0,6795.01,0.0,1.0,0.0
3403.46,500.0,4390.35,0.0,1.0,0.0
3364.55,500.0,4327.16,0.0,1.0,0.0
1024.85,500.0,6795.01,0.0,1.0,0.0
3364.55,500.0,4327.16,0.0,1.0,0.0
3336.88,500.0,4258.31,0.0,1.0,0.0
3321.25,500.0,4185.77,0.0,1.0,0.0
3318.1,500.0,4111.63,0.0,1.0,0.0
895.749,500.0,6722.89,0.0,1.0,0.0
895.749,500.0,6722.89,0.0,1.0,0.0
3318.1,500.0,4111.63,0.0,1.0,0.0
3327.52,500.0,4038.03,0.0,1.0,0.0
895.749,500.0,6722.89,0.0,1.0,0.0
3327.52,500.0,4038.03,0.0,1.0,0.0
3224.87,500.0,3599.87,0.0,1.0,0.0
3224.87,500.0,3599.87,0.0,1.0,0.0
3327.52,500.0,4038.03,0.0,1.0,0.0
3349.25,500.0,3967.07,0.0,1.0,0.0
3718.1,500.0,4566.12,0.0,1.0,0.0
3644.96,500.0,4553.58,0.0,1.0,0.0
1280.33,500.0,7665.73,0.0,1.0,0.0
1280.33,500.0,7665.73,0.0,1.0,0.0
3644.96,500.0,4553.58,0.0,1.0,0.0
3575.0,500.0,4528.86,0.0,1.0,0.0
1280.33,500.0,7665.73,0.0,1.0,0.0
3575.0,500.0,4528.86,0.0,1.0,0.0
3510.21,500.0,4492.67,0.0,1.0,0.0
1024.85,500.0,6795.01,0.0,1.0,0.0
1078.42,500.0,6846.36,0.0,1.0,0.0
3452.48,500.0,4446.05,0.0,1.0,0.0
3452.48,500.0,4446.05,0.0,1.0,0.0
1078.42,500.0,6846.36,0.0,1.0,0.0
1122.54,500.0,6906.02,0.0,1.0,0.0
3452.48,500.0,4446.05,0.0,1.0,0.0
1122.54,500.0,6906.02,0.0,1.0,0.0
3510.21,500.0,4492.67,0.0,1.0,0.0
3510.21,500.0,4492.67,0.0,1.0,0.0
1122.54,500.0,6906.02,0.0,1.0,0.0
1155.95,500.0,6972.28,0.0,1.0,0.0
3510.21,500.0,4492.67,0.0,1.0,0.0
1155.95,500.0,6972.28,0.0,1.0,0.0
1177.68,500.0,7043.23,0.0,1.0,0.0
3349.25,500.0,3967.07,0.0,1.0,0.0
3382.66,500.0,3900.81,0.0,1.0,0.0
3224.87,500.0,3599.87,0.0,1.0,0.0
3224.87,500.0,3599.87,0.0,1.0,0.0
3382.66,500.0,3900.81,0.0,1.0,0.0
3426.78,500.0,3841.15,0.0,1.0,0.0
3224.87,500.0,3599.87,0.0,1.0,0.0
3426.78,500.0,3841.15,0.0,1.0,0.0
3319.4,500.0,3519.81,0.0,1.0,0.0
3319.4,500.0,3519.81,0.0,1.0,0.0
3426.78,500.0,3841.15,0.0,1.0,0.0
3480.36,500.0,3789.81,0.0,1.0,0.0
3319.4,500.0,3519.81,0.0,1.0,0.0
3480.36,500.0,3789.81,0.0,1.0,0.0
3425.81,500.0,3456.41,0.0,1.0,0.0
3425.81,500.0,3456.41,0.0,1.0,0.0
3480.36,500.0,3789.81,0.0,1.0,0.0
3541.84,500.0,3748.25,0.0,1.0,0.0
3425.81,500.0,3456.41,0.0,1.0,0.0
3541.84,500.0,3748.25,0.0,1.0,0.0
3541.2,500.0,3411.38,0.0,1.0,0.0
3541.2,500.0,3411.38,0.0,1.0,0.0
3541.84,500.0,3748.25,0.0,1.0,0.0
3609.46,500.0,3717.69,0.0,1.0,0.0
3541.2,500.0,3411.38,0.0,1.0,0.0
3609.46,500.0,3717.69,0.0,1.0,0.0
3662.43,500.0,3385.96,0.0,1.0,0.0
3662.43,500.0,3385.96,0.0,1.0,0.0
3609.46,500.0,3717.69,0.0,1.0,0.0
3681.27,500.0,3698.99,0.0,1.0,0.0
3662.43,500.0,3385.96,0.0,1.0,0.0
3681.27,500.0,3698.99,0.0,1.0,0.0
3786.2,500.0,3380.84,0.0,1.0,0.0
3786.2,500.0,3380.84,0.0,1.0,0.0
3681.27,500.0,3698.99,0.0,1.0,0.0
3755.2,500.0,3692.7,0.0,1.0,0.0
3786.2,500.0,3380.84,0.0,1.0,0.0
3755.2,500.0,3692.7,0.0,1.0,0.0
3909.12,500.0,3396.16,0.0,1.0,0.0
3909.12,500.0,3396.16,0.0,1.0,0.0
3755.2,500.0,3692.7,0.0,1.0,0.0
3829.14,500.0,3698.99,0.0,1.0,0.0
3909.12,500.0,3396.16,0.0,1.0,0.0
3829.14,500.0,3698.99,0.0,1.0,0.0
4027.83,500.0,3431.5,0.0,1.0,0.0
4027.83,500.0,3431.5,0.0,1.0,0.0
3829.14,500.0,3698.99,0.0,1.0,0.0
3900.95,500.0,3717.69,0.0,1.0,0.0
4027.83,500.0,3431.5,0.0,1.0,0.0
3900.95,500.0,3717.69,0.0,1.0,0.0
4139.12,500.0,3485.91,0.0,1.0,0.0
4139.12,500.0,3485.91,0.0,1.0,0.0
3900.95,500.0,3717.69,0.0,1.0,0.0
3968.57,500.0,3748.25,0.0,1.0,0.0
4139.12,500.0,3485.91,0.0,1.0,0.0
3968.57,500.0,3748.25,0.0,1.0,0.0
4239.93,500.0,3557.89,0.0,1.0,0.0
4239.93,500.0,3557.89,0.0,1.0,0.0
3968.57,500.0,3748.25,0.0,1.0,0.0
4030.05,500.0,3789.81,0.0,1.0,0.0
4239.93,500.0,3557.89,0.0,1.0,0.0
4030.05,500.0,3789.81,0.0,1.0,0.0
4327.52,500.0,3645.47,0.0,1.0,0.0
4327.52,500.0,3645.47,0.0,1.0,0.0
4030.05,500.0,3789.81,0.0,1.0,0.0
4083.62,500.0,3841.15,0.0,1.0,0.0
4327.52,500.0,3645.47,0.0,1.0,0.0
4083.62,500.0,3841.15,0.0,1.0,0.0
4399.49,500.0,3746.28,0.0,1.0,0.0
4399.49,500.0,3746.28,0.0,1.0,0.0
4083.62,500.0,3841.15,0.0,1.0,0.0
4127.75,500.0,3900.81,0.0,1.0,0.0
4399.49,500.0,3746.28,0.0,1.0,0.0
4127.75,500.0,3900.81,0.0,1.0,0.0
4453.9,500.0,3857.57,0.0,1.0,0.0
4453.9,500.0,3857.57,0.0,1.0,0.0
4127.75,500.0,3900.81,0.0,1.0,0.0
4161.16,500.0,3967.07,0.0,1.0,0.0
4453.9,500.0,3857.57,0.0,1.0,0.0
4161.16,500.0,3967.07,0.0,1.0,0.0
4489.24,500.0,3976.29,0.0,1.0,0.0
4489.24,500.0,3976.29,0.0,1.0,0.0
4161.16,500.0,3967.07,0.0,1.0,0.0
4182.88,500.0,4038.03,0.0,1.0,0.0
4489.24,500.0,3976.29,0.0,1.0,0.0
4182.88,500.0,4038.03,0.0,1.0,0.0
4504.56,500.0,4099.2,0.0,1.0,0.0
4504.56,500.0,4099.2,0.0,1.0,0.0
4182.88,500.0,4038.03,0.0,1.0,0.0
4192.31,500.0,4111.63,0.0,1.0,0.0
4504.56,500.0,4099.2,0.0,1.0,0.0
4192.31,500.0,4111.63,0.0,1.0,0.0
4499.44,500.0,4222.97,0.0,1.0,0.0
4499.44,500.0,4222.97,0.0,1.0,0.0
4192.31,500.0,4111.63,0.0,1.0,0.0
4189.16,500.0,4185.77,0.0,1.0,0.0
4499.44,500.0,4222.97,0.0,1.0,0.0
4189.16,500.0,4185.77,0.0,1.0,0.0
4474.02,500.0,4344.2,0.0,1.0,0.0
4474.02,500.0,4344.2,0.0,1.0,0.0
4189.16,500.0,4185.77,0.0,1.0,0.0
4173.53,500.0,4258.31,0.0,1.0,0.0
4474.02,500.0,4344.2,0.0,1.0,0.0
4173.53,500.0,4258.31,0.0,1.0,0.0
4429.0,500.0,4459.6,0.0,1.0,0.0
4429.0,500.0,4459.6,0.0,1.0,0.0
4173.53,500.0,4258.31,0.0,1.0,0.0
4145.86,500.0,4327.16,0.0,1.0,0.0
4429.0,500.0,4459.6,0.0,1.0,0.0
4145.86,500.0,4327.16,0.0,1.0,0.0
4365.59,500.0,4566.01,0.0,1.0,0.0
4365.59,500.0,4566.01,0.0,1.0,0.0
4145.86,500.0,4327.16,0.0,1.0,0.0
4106.95,500.0,4390.35,0.0,1.0,0.0
4365.59,500.0,4566.01,0.0,1.0,0.0
4106.95,500.0,4390.35,0.0,1.0,0.0
4285.53,500.0,4660.53,0.0,1.0,0.0
4285.53,500.0,4660.53,0.0,1.0,0.0
4106.95,500.0,4390.35,0.0,1.0,0.0
4057.93,500.0,4446.05,0.0,1.0,0.0
4285.53,500.0,4660.53,0.0,1.0,0.0
4057.93,500.0,4446.05,0.0,1.0,0.0
4000.19,500.0,4492.67,0.0,1.0,0.0
1177.68,500.0,7043.23,0.0,1.0,0.0
1187.11,500.0,7116.83,0.0,1.0,0.0
3510.21,500.0,4492.67,0.0,1.0,0.0
3510.21,500.0,4492.67,0.0,1.0,0.0
1187.11,500.0,7116.83,0.0,1.0,0.0
1183.96,500.0,7190.97,0.0,1.0,0.0
3510.21,500.0,4492.67,0.0,1.0,0.0
1183.96,500.0,7190.97,0.0,1.0,0.0
1280.33,500.0,7665.73,0.0,1.0,0.0
1280.33,500.0,7665.73,0.0,1.0,0.0
1183.96,500.0,7190.97,0.0,1.0,0.0
1168.32,500.0,7263.51,0.0,1.0,0.0
1280.33,500.0,7665.73,0.0,1.0,0.0
1168.32,500.0,7263.51,0.0,1.0,0.0
1140.66,500.0,7332.37,0.0,1.0,0.0
