8.68596,14.2399,8.0,0.0,0.0,1.0
8.35509,13.6476,8.0,0.0,0.0,1.0
8.12907,13.0079,8.0,0.0,0.0,1.0
12.8427,15.9102,8.0,0.0,0.0,1.0
12.1698,15.9964,8.0,0.0,0.0,1.0
13.4914,15.7116,8.0,0.0,0.0,1.0
13.4914,15.7116,8.0,0.0,0.0,1.0
12.1698,15.9964,8.0,0.0,0.0,1.0
11.4919,15.9676,8.0,0.0,0.0,1.0
13.4914,15.7116,8.0,0.0,0.0,1.0
11.4919,15.9676,8.0,0.0,0.0,1.0
14.0972,15.4061,8.0,0.0,0.0,1.0
14.0972,15.4061,8.0,0.0,0.0,1.0
11.4919,15.9676,8.0,0.0,0.0,1.0
10.8287,15.8247,8.0,0.0,0.0,1.0
14.0972,15.4061,8.0,0.0,0.0,1.0
10.8287,15.8247,8.0,0.0,0.0,1.0
14.0972,8.59388,8.0,0.0,0.0,1.0
10.8287,15.8247,8.0,0.0,0.0,1.0
10.1992,15.5717,8.0,0.0,0.0,1.0
14.0972,8.59388,8.0,0.0,0.0,1.0
14.0972,8.59388,8.0,0.0,0.0,1.0
10.1992,15.5717,8.0,0.0,0.0,1.0
9.62147,15.216,8.0,0.0,0.0,1.0
14.0972,8.59388,8.0,0.0,0.0,1.0
9.62147,15.216,8.0,0.0,0.0,1.0
9.11218,14.7678,8.0,0.0,0.0,1.0
10.8287,8.17533,8.0,0.0,0.0,1.0
11.4919,8.0324,8.0,0.0,0.0,1.0
8.12907,13.0079,8.0,0.0,0.0,1.0
8.12907,13.0079,8.0,0.0,0.0,1.0
11.4919,8.0324,8.0,0.0,0.0,1.0
12.1698,8.0036,8.0,0.0,0.0,1.0
15.7715,10.6674,8.0,0.0,0.0,1.0
15.9425,11.324,8.0,0.0,0.0,1.0
14.0972,15.4061,8.0,0.0,0.0,1.0
14.0972,15.4061,8.0,0.0,0.0,1.0
15.9425,11.324,8.0,0.0,0.0,1.0
16.0,12.0,8.0,0.0,0.0,1.0
14.0972,15.4061,8.0,0.0,0.0,1.0
16.0,12.0,8.0,0.0,0.0,1.0
15.9425,12.676,8.0,0.0,0.0,1.0
9.11218,14.7678,8.0,0.0,0.0,1.0
8.68596,14.2399,8.0,0.0,0.0,1.0
14.0972,8.59388,8.0,0.0,0.0,1.0
14.0972,8.59388,8.0,0.0,0.0,1.0
8.68596,14.2399,8.0,0.0,0.0,1.0
8.12907,13.0079,8.0,0.0,0.0,1.0
14.0972,8.59388,8.0,0.0,0.0,1.0
8.12907,13.0079,8.0,0.0,0.0,1.0
13.4914,8.28844,8.0,0.0,0.0,1.0
13.4914,8.28844,8.0,0.0,0.0,1.0
8.12907,13.0079,8.0,0.0,0.0,1.0
12.1698,8.0036,8.0,0.0,0.0,1.0
13.4914,8.28844,8.0,0.0,0.0,1.0
12.1698,8.0036,8.0,0.0,0.0,1.0
12.8427,8.08978,8.0,0.0,0.0,1.0
8.12907,10.9921,8.0,0.0,0.0,1.0
8.35509,10.3524,8.0,0.0,0.0,1.0
8.01441,11.6608,8.0,0.0,0.0,1.0
8.01441,11.6608,8.0,0.0,0.0,1.0
8.35509,10.3524,8.0,0.0,0.0,1.0
10.8287,8.17533,8.0,0.0,0.0,1.0
8.01441,11.6608,8.0,0.0,0.0,1.0
10.8287,8.17533,8.0,0.0,0.0,1.0
8.01441,12.3392,8.0,0.0,0.0,1.0
8.01441,12.3392,8.0,0.0,0.0,1.0
10.8287,8.17533,8.0,0.0,0.0,1.0
8.12907,13.0079,8.0,0.0,0.0,1.0
10.1992,8.4283,8.0,0.0,0.0,1.0
10.8287,8.17533,8.0,0.0,0.0,1.0
9.62147,8.78401,8.0,0.0,0.0,1.0
9.62147,8.78401,8.0,0.0,0.0,1.0
10.8287,8.17533,8.0,0.0,0.0,1.0
8.35509,10.3524,8.0,0.0,0.0,1.0
9.62147,8.78401,8.0,0.0,0.0,1.0
8.35509,10.3524,8.0,0.0,0.0,1.0
9.11218,9.23224,8.0,0.0,0.0,1.0
9.11218,9.23224,8.0,0.0,0.0,1.0
8.35509,10.3524,8.0,0.0,0.0,1.0
8.68596,9.7601,8.0,0.0,0.0,1.0
15.4921,10.0492,8.0,0.0,0.0,1.0
15.7715,10.6674,8.0,0.0,0.0,1.0
15.1121,9.48712,8.0,0.0,0.0,1.0
15.1121,9.48712,8.0,0.0,0.0,1.0
15.7715,10.6674,8.0,0.0,0.0,1.0
14.0972,15.4061,8.0,0.0,0.0,1.0
15.1121,9.48712,8.0,0.0,0.0,1.0
14.0972,15.4061,8.0,0.0,0.0,1.0
14.6427,8.99731,8.0,0.0,0.0,1.0
14.6427,8.99731,8.0,0.0,0.0,1.0
14.0972,15.4061,8.0,0.0,0.0,1.0
14.0972,8.59388,8.0,0.0,0.0,1.0
15.1121,14.5129,8.0,0.0,0.0,1.0
14.6427,15.0027,8.0,0.0,0.0,1.0
15.4921,13.9508,8.0,0.0,0.0,1.0
15.4921,13.9508,8.0,0.0,0.0,1.0
14.6427,15.0027,8.0,0.0,0.0,1.0
14.0972,15.4061,8.0,0.0,0.0,1.0
15.4921,13.9508,8.0,0.0,0.0,1.0
14.0972,15.4061,8.0,0.0,0.0,1.0
15.7715,13.3326,8.0,0.0,0.0,1.0
15.7715,13.3326,8.0,0.0,0.0,1.0
14.0972,15.4061,8.0,0.0,0.0,1.0
15.9425,12.676,8.0,0.0,0.0,1.0
15.9425,12.676,8.0,-0.967733,-0.251978,0.0
15.9425,12.676,13.0,-0.967733,-0.251978,0.0
15.7715,13.3326,8.0,-0.967733,-0.251978,0.0
15.7715,13.3326,8.0,-0.967733,-0.251978,0.0
15.9425,12.676,13.0,-0.967733,-0.251978,0.0
15.7715,13.3326,13.0,-0.967733,-0.251978,0.0
15.7715,13.3326,8.0,-0.911229,-0.411901,0.0
15.7715,13.3326,13.0,-0.911229,-0.411901,0.0
15.4921,13.9508,8.0,-0.911229,-0.411901,0.0
15.4921,13.9508,8.0,-0.911229,-0.411901,0.0
15.7715,13.3326,13.0,-0.911229,-0.411901,0.0
15.4921,13.9508,13.0,-0.911229,-0.411901,0.0
15.4921,13.9508,8.0,-0.828509,-0.559976,0.0
15.4921,13.9508,13.0,-0.828509,-0.559976,0.0
15.1121,14.5129,8.0,-0.828509,-0.559976,0.0
15.1121,14.5129,8.0,-0.828509,-0.559976,0.0
15.4921,13.9508,13.0,-0.828509,-0.559976,0.0
15.1121,14.5129,13.0,-0.828509,-0.559976,0.0
15.1121,14.5129,8.0,-0.721957,-0.691938,0.0
15.1121,14.5129,13.0,-0.721957,-0.691938,0.0
14.6427,15.0027,8.0,-0.721957,-0.691938,0.0
14.6427,15.0027,8.0,-0.721957,-0.691938,0.0
15.1121,14.5129,13.0,-0.721957,-0.691938,0.0
14.6427,15.0027,13.0,-0.721957,-0.691938,0.0
14.6427,15.0027,8.0,-0.594634,-0.803997,0.0
14.6427,15.0027,13.0,-0.594634,-0.803997,0.0
14.0972,15.4061,8.0,-0.594634,-0.803997,0.0
14.0972,15.4061,8.0,-0.594634,-0.803997,0.0
14.6427,15.0027,13.0,-0.594634,-0.803997,0.0
14.0972,15.4061,13.0,-0.594634,-0.803997,0.0
14.0972,15.4061,8.0,-0.450205,-0.892925,0.0
14.0972,15.4061,13.0,-0.450205,-0.892925,0.0
13.4914,15.7116,8.0,-0.450205,-0.892925,0.0
13.4914,15.7116,8.0,-0.450205,-0.892925,0.0
14.0972,15.4061,13.0,-0.450205,-0.892925,0.0
13.4914,15.7116,13.0,-0.450205,-0.892925,0.0
13.4914,15.7116,8.0,-0.292821,-0.956167,0.0
13.4914,15.7116,13.0,-0.292821,-0.956167,0.0
12.8427,15.9102,8.0,-0.292821,-0.956167,0.0
12.8427,15.9102,8.0,-0.292821,-0.956167,0.0
13.4914,15.7116,13.0,-0.292821,-0.956167,0.0
12.8427,15.9102,13.0,-0.292821,-0.956167,0.0
12.8427,15.9102,8.0,-0.127019,-0.9919,0.0
12.8427,15.9102,13.0,-0.127019,-0.9919,0.0
12.1698,15.9964,8.0,-0.127019,-0.9919,0.0
12.1698,15.9964,8.0,-0.127019,-0.9919,0.0
12.8427,15.9102,13.0,-0.127019,-0.9919,0.0
12.1698,15.9964,13.0,-0.127019,-0.9919,0.0
12.1698,15.9964,8.0,0.0424428,-0.999099,0.0
12.1698,15.9964,13.0,0.0424428,-0.999099,0.0
11.4919,15.9676,8.0,0.0424428,-0.999099,0.0
11.4919,15.9676,8.0,0.0424428,-0.999099,0.0
12.1698,15.9964,13.0,0.0424428,-0.999099,0.0
11.4919,15.9676,13.0,0.0424428,-0.999099,0.0
11.4919,15.9676,8.0,0.210681,-0.977555,0.0
11.4919,15.9676,13.0,0.210681,-0.977555,0.0
10.8287,15.8247,8.0,0.210681,-0.977555,0.0
10.8287,15.8247,8.0,0.210681,-0.977555,0.0
11.4919,15.9676,13.0,0.210681,-0.977555,0.0
10.8287,15.8247,13.0,0.210681,-0.977555,0.0
10.8287,15.8247,8.0,0.372856,-0.927889,0.0
10.8287,15.8247,13.0,0.372856,-0.927889,0.0
10.1992,15.5717,8.0,0.372856,-0.927889,0.0
10.1992,15.5717,8.0,0.372856,-0.927889,0.0
10.8287,15.8247,13.0,0.372856,-0.927889,0.0
10.1992,15.5717,13.0,0.372856,-0.927889,0.0
10.1992,15.5717,8.0,0.524306,-0.85153,0.0
10.1992,15.5717,13.0,0.524306,-0.85153,0.0
9.62147,15.216,8.0,0.524306,-0.85153,0.0
9.62147,15.216,8.0,0.524306,-0.85153,0.0
10.1992,15.5717,13.0,0.524306,-0.85153,0.0
9.62147,15.216,13.0,0.524306,-0.85153,0.0
9.62147,15.216,8.0,0.660675,-0.750672,0.0
9.62147,15.216,13.0,0.660675,-0.750672,0.0
9.11218,14.7678,8.0,0.660675,-0.750672,0.0
9.11218,14.7678,8.0,0.660675,-0.750672,0.0
9.62147,15.216,13.0,0.660675,-0.750672,0.0
9.11218,14.7678,13.0,0.660675,-0.750672,0.0
9.11218,14.7678,8.0,0.778035,-0.62822,0.0
9.11218,14.7678,13.0,0.778035,-0.62822,0.0
8.68596,14.2399,8.0,0.778035,-0.62822,0.0
8.68596,14.2399,8.0,0.778035,-0.62822,0.0
9.11218,14.7678,13.0,0.778035,-0.62822,0.0
8.68596,14.2399,13.0,0.778035,-0.62822,0.0
8.68596,14.2399,8.0,0.873014,-0.487695,0.0
8.68596,14.2399,13.0,0.873014,-0.487695,0.0
8.35509,13.6476,8.0,0.873014,-0.487695,0.0
8.35509,13.6476,8.0,0.873014,-0.487695,0.0
8.68596,14.2399,13.0,0.873014,-0.487695,0.0
8.35509,13.6476,13.0,0.873014,-0.487695,0.0
8.35509,13.6476,8.0,0.942877,-0.33314,0.0
8.35509,13.6476,13.0,0.942877,-0.33314,0.0
8.12907,13.0079,8.0,0.942877,-0.33314,0.0
8.12907,13.0079,8.0,0.942877,-0.33314,0.0
8.35509,13.6476,13.0,0.942877,-0.33314,0.0
8.12907,13.0079,13.0,0.942877,-0.33314,0.0
8.12907,13.0079,8.0,0.985616,-0.169,0.0
8.12907,13.0079,13.0,0.985616,-0.169,0.0
8.01441,12.3392,8.0,0.985616,-0.169,0.0
8.01441,12.3392,8.0,0.985616,-0.169,0.0
8.12907,13.0079,13.0,0.985616,-0.169,0.0
8.01441,12.3392,13.0,0.985616,-0.169,0.0
8.01441,12.3392,8.0,1.0,0.0,0.0
8.01441,12.3392,13.0,1.0,0.0,0.0
8.01441,11.6608,8.0,1.0,0.0,0.0
8.01441,11.6608,8.0,1.0,0.0,0.0
8.01441,12.3392,13.0,1.0,0.0,0.0
8.01441,11.6608,13.0,1.0,0.0,0.0
8.01441,11.6608,8.0,0.985616,0.169,0.0
8.01441,11.6608,13.0,0.985616,0.169,0.0
8.12907,10.9921,8.0,0.985616,0.169,0.0
8.12907,10.9921,8.0,0.985616,0.169,0.0
8.01441,11.6608,13.0,0.985616,0.169,0.0
8.12907,10.9921,13.0,0.985616,0.169,0.0
8.12907,10.9921,8.0,0.942877,0.33314,0.0
8.12907,10.9921,13.0,0.942877,0.33314,0.0
8.35509,10.3524,8.0,0.942877,0.33314,0.0
8.35509,10.3524,8.0,0.942877,0.33314,0.0
8.12907,10.9921,13.0,0.942877,0.33314,0.0
8.35509,10.3524,13.0,0.942877,0.33314,0.0
8.35509,10.3524,8.0,0.873014,0.487695,0.0
8.35509,10.3524,13.0,0.873014,0.487695,0.0
8.68596,9.7601,8.0,0.873014,0.487695,0.0
8.68596,9.7601,8.0,0.873014,0.487695,0.0
8.35509,10.3524,13.0,0.873014,0.487695,0.0
8.68596,9.7601,13.0,0.873014,0.487695,0.0
8.68596,9.7601,8.0,0.778035,0.62822,0.0
8.68596,9.7601,13.0,0.778035,0.62822,0.0
9.11218,9.23224,8.0,0.778035,0.62822,0.0
9.11218,9.23224,8.0,0.778035,0.62822,0.0
8.68596,9.7601,13.0,0.778035,0.62822,0.0
9.11218,9.23224,13.0,0.778035,0.62822,0.0
9.11218,9.23224,8.0,0.660675,0.750672,0.0
9.11218,9.23224,13.0,0.660675,0.750672,0.0
9.62147,8.78401,8.0,0.660675,0.750672,0.0
9.62147,8.78401,8.0,0.660675,0.750672,0.0
9.11218,9.23224,13.0,0.660675,0.750672,0.0
9.62147,8.78401,13.0,0.660675,0.750672,0.0
9.62147,8.78401,8.0,0.524306,0.85153,0.0
9.62147,8.78401,13.0,0.524306,0.85153,0.0
10.1992,8.4283,8.0,0.524306,0.85153,0.0
10.1992,8.4283,8.0,0.524306,0.85153,0.0
9.62147,8.78401,13.0,0.524306,0.85153,0.0
10.1992,8.4283,13.0,0.524306,0.85153,0.0
10.1992,8.4283,8.0,0.372857,0.927889,0.0
10.1992,8.4283,13.0,0.372857,0.927889,0.0
10.8287,8.17533,8.0,0.372857,0.927889,0.0
10.8287,8.17533,8.0,0.372857,0.927889,0.0
10.1992,8.4283,13.0,0.372857,0.927889,0.0
10.8287,8.17533,13.0,0.372857,0.927889,0.0
10.8287,8.17533,8.0,0.210679,0.977555,0.0
10.8287,8.17533,13.0,0.210679,0.977555,0.0
11.4919,8.0324,8.0,0.210679,0.977555,0.0
11.4919,8.0324,8.0,0.210679,0.977555,0.0
10.8287,8.17533,13.0,0.210679,0.977555,0.0
11.4919,8.0324,13.0,0.210679,0.977555,0.0
11.4919,8.0324,8.0,0.0424414,0.999099,0.0
11.4919,8.0324,13.0,0.0424414,0.999099,0.0
12.1698,8.0036,8.0,0.0424414,0.999099,0.0
12.1698,8.0036,8.0,0.0424414,0.999099,0.0
11.4919,8.0324,13.0,0.0424414,0.999099,0.0
12.1698,8.0036,13.0,0.0424414,0.999099,0.0
12.1698,8.0036,8.0,-0.127018,0.9919,0.0
12.1698,8.0036,13.0,-0.127018,0.9919,0.0
12.8427,8.08978,8.0,-0.127018,0.9919,0.0
12.8427,8.08978,8.0,-0.127018,0.9919,0.0
12.1698,8.0036,13.0,-0.127018,0.9919,0.0
12.8427,8.08978,13.0,-0.127018,0.9919,0.0
12.8427,8.08978,8.0,-0.292823,0.956167,0.0
12.8427,8.08978,13.0,-0.292823,0.956167,0.0
13.4914,8.28844,8.0,-0.292823,0.956167,0.0
13.4914,8.28844,8.0,-0.292823,0.956167,0.0
12.8427,8.08978,13.0,-0.292823,0.956167,0.0
13.4914,8.28844,13.0,-0.292823,0.956167,0.0
13.4914,8.28844,8.0,-0.450203,0.892926,0.0
13.4914,8.28844,13.0,-0.450203,0.892926,0.0
14.0972,8.59388,8.0,-0.450203,0.892926,0.0
14.0972,8.59388,8.0,-0.450203,0.892926,0.0
13.4914,8.28844,13.0,-0.450203,0.892926,0.0
14.0972,8.59388,13.0,-0.450203,0.892926,0.0
14.0972,8.59388,8.0,-0.594634,0.803997,0.0
14.0972,8.59388,13.0,-0.594634,0.803997,0.0
14.6427,8.99731,8.0,-0.594634,0.803997,0.0
14.6427,8.99731,8.0,-0.594634,0.803997,0.0
14.0972,8.59388,13.0,-0.594634,0.803997,0.0
14.6427,8.99731,13.0,-0.594634,0.803997,0.0
14.6427,8.99731,8.0,-0.721957,0.691938,0.0
14.6427,8.99731,13.0,-0.721957,0.691938,0.0
15.1121,9.48712,8.0,-0.721957,0.691938,0.0
15.1121,9.48712,8.0,-0.721957,0.691938,0.0
14.6427,8.99731,13.0,-0.721957,0.691938,0.0
15.1121,9.48712,13.0,-0.721957,0.691938,0.0
15.1121,9.48712,8.0,-0.828509,0.559976,0.0
15.1121,9.48712,13.0,-0.828509,0.559976,0.0
15.4921,10.0492,8.0,-0.828509,0.559976,0.0
15.4921,10.0492,8.0,-0.828509,0.559976,0.0
15.1121,9.48712,13.0,-0.828509,0.559976,0.0
15.4921,10.0492,13.0,-0.828509,0.559976,0.0
15.4921,10.0492,8.0,-0.911229,0.411901,0.0
15.4921,10.0492,13.0,-0.911229,0.411901,0.0
15.7715,10.6674,8.0,-0.911229,0.411901,0.0
15.7715,10.6674,8.0,-0.911229,0.411901,0.0
15.4921,10.0492,13.0,-0.911229,0.411901,0.0
15.7715,10.6674,13.0,-0.911229,0.411901,0.0
15.7715,10.6674,8.0,-0.967733,0.251978,0.0
15.7715,10.6674,13.0,-0.967733,0.251978,0.0
15.9425,11.324,8.0,-0.967733,0.251978,0.0
15.9425,11.324,8.0,-0.967733,0.251978,0.0
15.7715,10.6674,13.0,-0.967733,0.251978,0.0
15.9425,11.324,13.0,-0.967733,0.251978,0.0
15.9425,11.324,8.0,-0.996398,0.0848056,0.0
15.9425,11.324,13.0,-0.996398,0.0848056,0.0
16.0,12.0,8.0,-0.996398,0.0848056,0.0
16.0,12.0,8.0,-0.996398,0.0848056,0.0
15.9425,11.324,13.0,-0.996398,0.0848056,0.0
16.0,12.0,13.0,-0.996398,0.0848056,0.0
16.0,12.0,8.0,-0.996398,-0.0848056,0.0
16.0,12.0,13.0,-0.996398,-0.0848056,0.0
15.9425,12.676,8.0,-0.996398,-0.0848056,0.0
15.9425,12.676,8.0,-0.996398,-0.0848056,0.0
16.0,12.0,13.0,-0.996398,-0.0848056,0.0
15.9425,12.676,13.0,-0.996398,-0.0848056,0.0
10.1992,8.4283,13.0,0.0,0.0,1.0
9.37775,5.50971,13.0,0.0,0.0,1.0
10.8287,8.17533,13.0,0.0,0.0,1.0
10.8287,8.17533,13.0,0.0,0.0,1.0
9.37775,5.50971,13.0,0.0,0.0,1.0
10.3065,5.20793,13.0,0.0,0.0,1.0
10.8287,8.17533,13.0,0.0,0.0,1.0
10.3065,5.20793,13.0,0.0,0.0,1.0
11.4919,8.0324,13.0,0.0,0.0,1.0
11.4919,8.0324,13.0,0.0,0.0,1.0
10.3065,5.20793,13.0,0.0,0.0,1.0
11.2683,5.03835,13.0,0.0,0.0,1.0
11.4919,8.0324,13.0,0.0,0.0,1.0
11.2683,5.03835,13.0,0.0,0.0,1.0
12.1698,8.0036,13.0,0.0,0.0,1.0
12.1698,8.0036,13.0,0.0,0.0,1.0
11.2683,5.03835,13.0,0.0,0.0,1.0
12.2443,5.00426,13.0,0.0,0.0,1.0
12.1698,8.0036,13.0,0.0,0.0,1.0
12.2443,5.00426,13.0,0.0,0.0,1.0
12.8427,8.08978,13.0,0.0,0.0,1.0
12.8427,8.08978,13.0,0.0,0.0,1.0
12.2443,5.00426,13.0,0.0,0.0,1.0
13.2155,5.10635,13.0,0.0,0.0,1.0
12.8427,8.08978,13.0,0.0,0.0,1.0
13.2155,5.10635,13.0,0.0,0.0,1.0
13.4914,8.28844,13.0,0.0,0.0,1.0
14.0972,15.4061,13.0,0.0,0.0,1.0
15.0686,18.2916,13.0,0.0,0.0,1.0
13.4914,15.7116,13.0,0.0,0.0,1.0
13.4914,15.7116,13.0,0.0,0.0,1.0
15.0686,18.2916,13.0,0.0,0.0,1.0
14.1631,18.6574,13.0,0.0,0.0,1.0
13.4914,15.7116,13.0,0.0,0.0,1.0
14.1631,18.6574,13.0,0.0,0.0,1.0
12.8427,15.9102,13.0,0.0,0.0,1.0
12.8427,15.9102,13.0,0.0,0.0,1.0
14.1631,18.6574,13.0,0.0,0.0,1.0
13.2155,18.8937,13.0,0.0,0.0,1.0
12.8427,15.9102,13.0,0.0,0.0,1.0
13.2155,18.8937,13.0,0.0,0.0,1.0
12.1698,15.9964,13.0,0.0,0.0,1.0
12.1698,15.9964,13.0,0.0,0.0,1.0
13.2155,18.8937,13.0,0.0,0.0,1.0
12.2443,18.9957,13.0,0.0,0.0,1.0
12.1698,15.9964,13.0,0.0,0.0,1.0
12.2443,18.9957,13.0,0.0,0.0,1.0
11.4919,15.9676,13.0,0.0,0.0,1.0
11.4919,15.9676,13.0,0.0,0.0,1.0
12.2443,18.9957,13.0,0.0,0.0,1.0
11.2683,18.9617,13.0,0.0,0.0,1.0
11.4919,15.9676,13.0,0.0,0.0,1.0
11.2683,18.9617,13.0,0.0,0.0,1.0
10.8287,15.8247,13.0,0.0,0.0,1.0
13.2155,5.10635,13.0,0.0,0.0,1.0
14.1631,5.3426,13.0,0.0,0.0,1.0
13.4914,8.28844,13.0,0.0,0.0,1.0
13.4914,8.28844,13.0,0.0,0.0,1.0
14.1631,5.3426,13.0,0.0,0.0,1.0
15.0686,5.70844,13.0,0.0,0.0,1.0
13.4914,8.28844,13.0,0.0,0.0,1.0
15.0686,5.70844,13.0,0.0,0.0,1.0
14.0972,8.59388,13.0,0.0,0.0,1.0
14.0972,8.59388,13.0,0.0,0.0,1.0
15.0686,5.70844,13.0,0.0,0.0,1.0
15.9144,6.19674,13.0,0.0,0.0,1.0
14.0972,8.59388,13.0,0.0,0.0,1.0
15.9144,6.19674,13.0,0.0,0.0,1.0
14.6427,8.99731,13.0,0.0,0.0,1.0
14.6427,8.99731,13.0,0.0,0.0,1.0
15.9144,6.19674,13.0,0.0,0.0,1.0
16.6839,6.79799,13.0,0.0,0.0,1.0
14.6427,8.99731,13.0,0.0,0.0,1.0
16.6839,6.79799,13.0,0.0,0.0,1.0
15.1121,9.48712,13.0,0.0,0.0,1.0
15.1121,9.48712,13.0,0.0,0.0,1.0
16.6839,6.79799,13.0,0.0,0.0,1.0
17.3623,7.50049,13.0,0.0,0.0,1.0
15.1121,9.48712,13.0,0.0,0.0,1.0
17.3623,7.50049,13.0,0.0,0.0,1.0
15.4921,10.0492,13.0,0.0,0.0,1.0
8.12907,10.9921,13.0,0.0,0.0,1.0
5.42215,9.60586,13.0,0.0,0.0,1.0
8.35509,10.3524,13.0,0.0,0.0,1.0
8.35509,10.3524,13.0,0.0,0.0,1.0
5.42215,9.60586,13.0,0.0,0.0,1.0
5.81937,8.7137,13.0,0.0,0.0,1.0
8.35509,10.3524,13.0,0.0,0.0,1.0
5.81937,8.7137,13.0,0.0,0.0,1.0
8.68596,9.7601,13.0,0.0,0.0,1.0
8.68596,9.7601,13.0,0.0,0.0,1.0
5.81937,8.7137,13.0,0.0,0.0,1.0
6.33688,7.8855,13.0,0.0,0.0,1.0
8.68596,9.7601,13.0,0.0,0.0,1.0
6.33688,7.8855,13.0,0.0,0.0,1.0
9.11218,9.23224,13.0,0.0,0.0,1.0
9.11218,9.23224,13.0,0.0,0.0,1.0
6.33688,7.8855,13.0,0.0,0.0,1.0
6.96462,7.13739,13.0,0.0,0.0,1.0
9.11218,9.23224,13.0,0.0,0.0,1.0
6.96462,7.13739,13.0,0.0,0.0,1.0
9.62147,8.78401,13.0,0.0,0.0,1.0
9.62147,8.78401,13.0,0.0,0.0,1.0
6.96462,7.13739,13.0,0.0,0.0,1.0
7.69037,6.48392,13.0,0.0,0.0,1.0
9.62147,8.78401,13.0,0.0,0.0,1.0
7.69037,6.48392,13.0,0.0,0.0,1.0
10.1992,8.4283,13.0,0.0,0.0,1.0
10.1992,8.4283,13.0,0.0,0.0,1.0
7.69037,6.48392,13.0,0.0,0.0,1.0
8.5,5.93782,13.0,0.0,0.0,1.0
10.1992,8.4283,13.0,0.0,0.0,1.0
8.5,5.93782,13.0,0.0,0.0,1.0
9.37775,5.50971,13.0,0.0,0.0,1.0
8.35509,13.6476,13.0,0.0,0.0,1.0
5.42215,14.3941,13.0,0.0,0.0,1.0
8.12907,13.0079,13.0,0.0,0.0,1.0
8.12907,13.0079,13.0,0.0,0.0,1.0
5.42215,14.3941,13.0,0.0,0.0,1.0
5.15297,13.4554,13.0,0.0,0.0,1.0
8.12907,13.0079,13.0,0.0,0.0,1.0
5.15297,13.4554,13.0,0.0,0.0,1.0
8.01441,12.3392,13.0,0.0,0.0,1.0
8.01441,12.3392,13.0,0.0,0.0,1.0
5.15297,13.4554,13.0,0.0,0.0,1.0
5.01705,12.4883,13.0,0.0,0.0,1.0
8.01441,12.3392,13.0,0.0,0.0,1.0
5.01705,12.4883,13.0,0.0,0.0,1.0
8.01441,11.6608,13.0,0.0,0.0,1.0
8.01441,11.6608,13.0,0.0,0.0,1.0
5.01705,12.4883,13.0,0.0,0.0,1.0
5.01705,11.5117,13.0,0.0,0.0,1.0
8.01441,11.6608,13.0,0.0,0.0,1.0
5.01705,11.5117,13.0,0.0,0.0,1.0
8.12907,10.9921,13.0,0.0,0.0,1.0
8.12907,10.9921,13.0,0.0,0.0,1.0
5.01705,11.5117,13.0,0.0,0.0,1.0
5.15297,10.5446,13.0,0.0,0.0,1.0
8.12907,10.9921,13.0,0.0,0.0,1.0
5.15297,10.5446,13.0,0.0,0.0,1.0
5.42215,9.60586,13.0,0.0,0.0,1.0
11.2683,18.9617,13.0,0.0,0.0,1.0
10.3065,18.7921,13.0,0.0,0.0,1.0
10.8287,15.8247,13.0,0.0,0.0,1.0
10.8287,15.8247,13.0,0.0,0.0,1.0
10.3065,18.7921,13.0,0.0,0.0,1.0
9.37775,18.4903,13.0,0.0,0.0,1.0
10.8287,15.8247,13.0,0.0,0.0,1.0
9.37775,18.4903,13.0,0.0,0.0,1.0
10.1992,15.5717,13.0,0.0,0.0,1.0
10.1992,15.5717,13.0,0.0,0.0,1.0
9.37775,18.4903,13.0,0.0,0.0,1.0
8.5,18.0622,13.0,0.0,0.0,1.0
10.1992,15.5717,13.0,0.0,0.0,1.0
8.5,18.0622,13.0,0.0,0.0,1.0
9.62147,15.216,13.0,0.0,0.0,1.0
9.62147,15.216,13.0,0.0,0.0,1.0
8.5,18.0622,13.0,0.0,0.0,1.0
7.69037,17.5161,13.0,0.0,0.0,1.0
9.62147,15.216,13.0,0.0,0.0,1.0
7.69037,17.5161,13.0,0.0,0.0,1.0
9.11218,14.7678,13.0,0.0,0.0,1.0
9.11218,14.7678,13.0,0.0,0.0,1.0
7.69037,17.5161,13.0,0.0,0.0,1.0
6.96462,16.8626,13.0,0.0,0.0,1.0
9.11218,14.7678,13.0,0.0,0.0,1.0
6.96462,16.8626,13.0,0.0,0.0,1.0
8.68596,14.2399,13.0,0.0,0.0,1.0
8.68596,14.2399,13.0,0.0,0.0,1.0
6.96462,16.8626,13.0,0.0,0.0,1.0
6.33688,16.1145,13.0,0.0,0.0,1.0
8.68596,14.2399,13.0,0.0,0.0,1.0
6.33688,16.1145,13.0,0.0,0.0,1.0
8.35509,13.6476,13.0,0.0,0.0,1.0
8.35509,13.6476,13.0,0.0,0.0,1.0
6.33688,16.1145,13.0,0.0,0.0,1.0
5.81937,15.2863,13.0,0.0,0.0,1.0
8.35509,13.6476,13.0,0.0,0.0,1.0
5.81937,15.2863,13.0,0.0,0.0,1.0
5.42215,14.3941,13.0,0.0,0.0,1.0
15.7715,13.3326,13.0,0.0,0.0,1.0
18.3948,14.8472,13.0,0.0,0.0,1.0
15.4921,13.9508,13.0,0.0,0.0,1.0
15.4921,13.9508,13.0,0.0,0.0,1.0
18.3948,14.8472,13.0,0.0,0.0,1.0
17.9363,15.7094,13.0,0.0,0.0,1.0
15.4921,13.9508,13.0,0.0,0.0,1.0
17.9363,15.7094,13.0,0.0,0.0,1.0
15.1121,14.5129,13.0,0.0,0.0,1.0
15.1121,14.5129,13.0,0.0,0.0,1.0
17.9363,15.7094,13.0,0.0,0.0,1.0
17.3623,16.4995,13.0,0.0,0.0,1.0
15.1121,14.5129,13.0,0.0,0.0,1.0
17.3623,16.4995,13.0,0.0,0.0,1.0
14.6427,15.0027,13.0,0.0,0.0,1.0
14.6427,15.0027,13.0,0.0,0.0,1.0
17.3623,16.4995,13.0,0.0,0.0,1.0
16.6839,17.202,13.0,0.0,0.0,1.0
14.6427,15.0027,13.0,0.0,0.0,1.0
16.6839,17.202,13.0,0.0,0.0,1.0
14.0972,15.4061,13.0,0.0,0.0,1.0
14.0972,15.4061,13.0,0.0,0.0,1.0
16.6839,17.202,13.0,0.0,0.0,1.0
15.9144,17.8033,13.0,0.0,0.0,1.0
14.0972,15.4061,13.0,0.0,0.0,1.0
15.9144,17.8033,13.0,0.0,0.0,1.0
15.0686,18.2916,13.0,0.0,0.0,1.0
17.3623,7.50049,13.0,0.0,0.0,1.0
17.9363,8.29057,13.0,0.0,0.0,1.0
15.4921,10.0492,13.0,0.0,0.0,1.0
15.4921,10.0492,13.0,0.0,0.0,1.0
17.9363,8.29057,13.0,0.0,0.0,1.0
18.3948,9.15284,13.0,0.0,0.0,1.0
15.4921,10.0492,13.0,0.0,0.0,1.0
18.3948,9.15284,13.0,0.0,0.0,1.0
15.7715,10.6674,13.0,0.0,0.0,1.0
15.7715,10.6674,13.0,0.0,0.0,1.0
18.3948,9.15284,13.0,0.0,0.0,1.0
18.7288,10.0705,13.0,0.0,0.0,1.0
15.7715,10.6674,13.0,0.0,0.0,1.0
18.7288,10.0705,13.0,0.0,0.0,1.0
15.9425,11.324,13.0,0.0,0.0,1.0
15.9425,11.324,13.0,0.0,0.0,1.0
18.7288,10.0705,13.0,0.0,0.0,1.0
18.9319,11.0258,13.0,0.0,0.0,1.0
15.9425,11.324,13.0,0.0,0.0,1.0
18.9319,11.0258,13.0,0.0,0.0,1.0
16.0,12.0,13.0,0.0,0.0,1.0
16.0,12.0,13.0,0.0,0.0,1.0
18.9319,11.0258,13.0,0.0,0.0,1.0
19.0,12.0,13.0,0.0,0.0,1.0
16.0,12.0,13.0,0.0,0.0,1.0
19.0,12.0,13.0,0.0,0.0,1.0
15.9425,12.676,13.0,0.0,0.0,1.0
15.9425,12.676,13.0,0.0,0.0,1.0
19.0,12.0,13.0,0.0,0.0,1.0
18.9319,12.9742,13.0,0.0,0.0,1.0
15.9425,12.676,13.0,0.0,0.0,1.0
18.9319,12.9742,13.0,0.0,0.0,1.0
15.7715,13.3326,13.0,0.0,0.0,1.0
15.7715,13.3326,13.0,0.0,0.0,1.0
18.9319,12.9742,13.0,0.0,0.0,1.0
18.7288,13.9295,13.0,0.0,0.0,1.0
15.7715,13.3326,13.0,0.0,0.0,1.0
18.7288,13.9295,13.0,0.0,0.0,1.0
18.3948,14.8472,13.0,0.0,0.0,1.0
18.9319,12.9742,13.0,0.978148,0.207912,0.0
18.9319,12.9742,5.0,0.978148,0.207912,0.0
18.7288,13.9295,13.0,0.978148,0.207912,0.0
18.7288,13.9295,13.0,0.978148,0.207912,0.0
18.9319,12.9742,5.0,0.978148,0.207912,0.0
18.7288,13.9295,5.0,0.978148,0.207912,0.0
18.7288,13.9295,13.0,0.939693,0.34202,0.0
18.7288,13.9295,5.0,0.939693,0.34202,0.0
18.3948,14.8472,13.0,0.939693,0.34202,0.0
18.3948,14.8472,13.0,0.939693,0.34202,0.0
18.7288,13.9295,5.0,0.939693,0.34202,0.0
18.3948,14.8472,5.0,0.939693,0.34202,0.0
18.3948,14.8472,13.0,0.882948,0.469471,0.0
18.3948,14.8472,5.0,0.882948,0.469471,0.0
17.9363,15.7094,13.0,0.882948,0.469471,0.0
17.9363,15.7094,13.0,0.882948,0.469471,0.0
18.3948,14.8472,5.0,0.882948,0.469471,0.0
17.9363,15.7094,5.0,0.882948,0.469471,0.0
17.9363,15.7094,13.0,0.809017,0.587786,0.0
17.9363,15.7094,5.0,0.809017,0.587786,0.0
17.3623,16.4995,13.0,0.809017,0.587786,0.0
17.3623,16.4995,13.0,0.809017,0.587786,0.0
17.9363,15.7094,5.0,0.809017,0.587786,0.0
17.3623,16.4995,5.0,0.809017,0.587786,0.0
17.3623,16.4995,13.0,0.71934,0.694659,0.0
17.3623,16.4995,5.0,0.71934,0.694659,0.0
16.6839,17.202,13.0,0.71934,0.694659,0.0
16.6839,17.202,13.0,0.71934,0.694659,0.0
17.3623,16.4995,5.0,0.71934,0.694659,0.0
16.6839,17.202,5.0,0.71934,0.694659,0.0
16.6839,17.202,13.0,0.615661,0.788011,0.0
16.6839,17.202,5.0,0.615661,0.788011,0.0
15.9144,17.8033,13.0,0.615661,0.788011,0.0
15.9144,17.8033,13.0,0.615661,0.788011,0.0
16.6839,17.202,5.0,0.615661,0.788011,0.0
15.9144,17.8033,5.0,0.615661,0.788011,0.0
15.9144,17.8033,13.0,0.500001,0.866025,0.0
15.9144,17.8033,5.0,0.500001,0.866025,0.0
15.0686,18.2916,13.0,0.500001,0.866025,0.0
15.0686,18.2916,13.0,0.500001,0.866025,0.0
15.9144,17.8033,5.0,0.500001,0.866025,0.0
15.0686,18.2916,5.0,0.500001,0.866025,0.0
15.0686,18.2916,13.0,0.374606,0.927184,0.0
15.0686,18.2916,5.0,0.374606,0.927184,0.0
14.1631,18.6574,13.0,0.374606,0.927184,0.0
14.1631,18.6574,13.0,0.374606,0.927184,0.0
15.0686,18.2916,5.0,0.374606,0.927184,0.0
14.1631,18.6574,5.0,0.374606,0.927184,0.0
14.1631,18.6574,13.0,0.241923,0.970296,0.0
14.1631,18.6574,5.0,0.241923,0.970296,0.0
13.2155,18.8937,13.0,0.241923,0.970296,0.0
13.2155,18.8937,13.0,0.241923,0.970296,0.0
14.1631,18.6574,5.0,0.241923,0.970296,0.0
13.2155,18.8937,5.0,0.241923,0.970296,0.0
13.2155,18.8937,13.0,0.104526,0.994522,0.0
13.2155,18.8937,5.0,0.104526,0.994522,0.0
12.2443,18.9957,13.0,0.104526,0.994522,0.0
12.2443,18.9957,13.0,0.104526,0.994522,0.0
13.2155,18.8937,5.0,0.104526,0.994522,0.0
12.2443,18.9957,5.0,0.104526,0.994522,0.0
12.2443,18.9957,13.0,-0.0348994,0.999391,0.0
12.2443,18.9957,5.0,-0.0348994,0.999391,0.0
11.2683,18.9617,13.0,-0.0348994,0.999391,0.0
11.2683,18.9617,13.0,-0.0348994,0.999391,0.0
12.2443,18.9957,5.0,-0.0348994,0.999391,0.0
11.2683,18.9617,5.0,-0.0348994,0.999391,0.0
11.2683,18.9617,13.0,-0.173647,0.984808,0.0
11.2683,18.9617,5.0,-0.173647,0.984808,0.0
10.3065,18.7921,13.0,-0.173647,0.984808,0.0
10.3065,18.7921,13.0,-0.173647,0.984808,0.0
11.2683,18.9617,5.0,-0.173647,0.984808,0.0
10.3065,18.7921,5.0,-0.173647,0.984808,0.0
10.3065,18.7921,13.0,-0.309019,0.951056,0.0
10.3065,18.7921,5.0,-0.309019,0.951056,0.0
9.37775,18.4903,13.0,-0.309019,0.951056,0.0
9.37775,18.4903,13.0,-0.309019,0.951056,0.0
10.3065,18.7921,5.0,-0.309019,0.951056,0.0
9.37775,18.4903,5.0,-0.309019,0.951056,0.0
9.37775,18.4903,13.0,-0.43837,0.898794,0.0
9.37775,18.4903,5.0,-0.43837,0.898794,0.0
8.5,18.0622,13.0,-0.43837,0.898794,0.0
8.5,18.0622,13.0,-0.43837,0.898794,0.0
9.37775,18.4903,5.0,-0.43837,0.898794,0.0
8.5,18.0622,5.0,-0.43837,0.898794,0.0
8.5,18.0622,13.0,-0.559193,0.829038,0.0
8.5,18.0622,5.0,-0.559193,0.829038,0.0
7.69037,17.5161,13.0,-0.559193,0.829038,0.0
7.69037,17.5161,13.0,-0.559193,0.829038,0.0
8.5,18.0622,5.0,-0.559193,0.829038,0.0
7.69037,17.5161,5.0,-0.559193,0.829038,0.0
7.69037,17.5161,13.0,-0.669131,0.743144,0.0
7.69037,17.5161,5.0,-0.669131,0.743144,0.0
6.96462,16.8626,13.0,-0.669131,0.743144,0.0
6.96462,16.8626,13.0,-0.669131,0.743144,0.0
7.69037,17.5161,5.0,-0.669131,0.743144,0.0
6.96462,16.8626,5.0,-0.669131,0.743144,0.0
6.96462,16.8626,13.0,-0.766044,0.642789,0.0
6.96462,16.8626,5.0,-0.766044,0.642789,0.0
6.33688,16.1145,13.0,-0.766044,0.642789,0.0
6.33688,16.1145,13.0,-0.766044,0.642789,0.0
6.96462,16.8626,5.0,-0.766044,0.642789,0.0
6.33688,16.1145,5.0,-0.766044,0.642789,0.0
6.33688,16.1145,13.0,-0.848048,0.529919,0.0
6.33688,16.1145,5.0,-0.848048,0.529919,0.0
5.81937,15.2863,13.0,-0.848048,0.529919,0.0
5.81937,15.2863,13.0,-0.848048,0.529919,0.0
6.33688,16.1145,5.0,-0.848048,0.529919,0.0
5.81937,15.2863,5.0,-0.848048,0.529919,0.0
5.81937,15.2863,13.0,-0.913545,0.406737,0.0
5.81937,15.2863,5.0,-0.913545,0.406737,0.0
5.42215,14.3941,13.0,-0.913545,0.406737,0.0
5.42215,14.3941,13.0,-0.913545,0.406737,0.0
5.81937,15.2863,5.0,-0.913545,0.406737,0.0
5.42215,14.3941,5.0,-0.913545,0.406737,0.0
5.42215,14.3941,13.0,-0.961262,0.275637,0.0
5.42215,14.3941,5.0,-0.961262,0.275637,0.0
5.15297,13.4554,13.0,-0.961262,0.275637,0.0
5.15297,13.4554,13.0,-0.961262,0.275637,0.0
5.42215,14.3941,5.0,-0.961262,0.275637,0.0
5.15297,13.4554,5.0,-0.961262,0.275637,0.0
5.15297,13.4554,13.0,-0.990268,0.139173,0.0
5.15297,13.4554,5.0,-0.990268,0.139173,0.0
5.01705,12.4883,13.0,-0.990268,0.139173,0.0
5.01705,12.4883,13.0,-0.990268,0.139173,0.0
5.15297,13.4554,5.0,-0.990268,0.139173,0.0
5.01705,12.4883,5.0,-0.990268,0.139173,0.0
5.01705,12.4883,13.0,-1.0,0.0,0.0
5.01705,12.4883,5.0,-1.0,0.0,0.0
5.01705,11.5117,13.0,-1.0,0.0,0.0
5.01705,11.5117,13.0,-1.0,0.0,0.0
5.01705,12.4883,5.0,-1.0,0.0,0.0
5.01705,11.5117,5.0,-1.0,0.0,0.0
5.01705,11.5117,13.0,-0.990268,-0.139173,0.0
5.01705,11.5117,5.0,-0.990268,-0.139173,0.0
5.15297,10.5446,13.0,-0.990268,-0.139173,0.0
5.15297,10.5446,13.0,-0.990268,-0.139173,0.0
5.01705,11.5117,5.0,-0.990268,-0.139173,0.0
5.15297,10.5446,5.0,-0.990268,-0.139173,0.0
5.15297,10.5446,13.0,-0.961262,-0.275637,0.0
5.15297,10.5446,5.0,-0.961262,-0.275637,0.0
5.42215,9.60586,13.0,-0.961262,-0.275637,0.0
5.42215,9.60586,13.0,-0.961262,-0.275637,0.0
5.15297,10.5446,5.0,-0.961262,-0.275637,0.0
5.42215,9.60586,5.0,-0.961262,-0.275637,0.0
5.42215,9.60586,13.0,-0.913545,-0.406737,0.0
5.42215,9.60586,5.0,-0.913545,-0.406737,0.0
5.81937,8.7137,13.0,-0.913545,-0.406737,0.0
5.81937,8.7137,13.0,-0.913545,-0.406737,0.0
5.42215,9.60586,5.0,-0.913545,-0.406737,0.0
5.81937,8.7137,5.0,-0.913545,-0.406737,0.0
5.81937,8.7137,13.0,-0.848048,-0.529919,0.0
5.81937,8.7137,5.0,-0.848048,-0.529919,0.0
6.33688,7.8855,13.0,-0.848048,-0.529919,0.0
6.33688,7.8855,13.0,-0.848048,-0.529919,0.0
5.81937,8.7137,5.0,-0.848048,-0.529919,0.0
6.33688,7.8855,5.0,-0.848048,-0.529919,0.0
6.33688,7.8855,13.0,-0.766044,-0.642788,0.0
6.33688,7.8855,5.0,-0.766044,-0.642788,0.0
6.96462,7.13739,13.0,-0.766044,-0.642788,0.0
6.96462,7.13739,13.0,-0.766044,-0.642788,0.0
6.33688,7.8855,5.0,-0.766044,-0.642788,0.0
6.96462,7.13739,5.0,-0.766044,-0.642788,0.0
6.96462,7.13739,13.0,-0.669131,-0.743145,0.0
6.96462,7.13739,5.0,-0.669131,-0.743145,0.0
7.69037,6.48392,13.0,-0.669131,-0.743145,0.0
7.69037,6.48392,13.0,-0.669131,-0.743145,0.0
6.96462,7.13739,5.0,-0.669131,-0.743145,0.0
7.69037,6.48392,5.0,-0.669131,-0.743145,0.0
7.69037,6.48392,13.0,-0.559193,-0.829038,0.0
7.69037,6.48392,5.0,-0.559193,-0.829038,0.0
8.5,5.93782,13.0,-0.559193,-0.829038,0.0
8.5,5.93782,13.0,-0.559193,-0.829038,0.0
7.69037,6.48392,5.0,-0.559193,-0.829038,0.0
8.5,5.93782,5.0,-0.559193,-0.829038,0.0
8.5,5.93782,13.0,-0.438371,-0.898794,0.0
8.5,5.93782,5.0,-0.438371,-0.898794,0.0
9.37775,5.50971,13.0,-0.438371,-0.898794,0.0
9.37775,5.50971,13.0,-0.438371,-0.898794,0.0
8.5,5.93782,5.0,-0.438371,-0.898794,0.0
9.37775,5.50971,5.0,-0.438371,-0.898794,0.0
9.37775,5.50971,13.0,-0.309017,-0.951056,0.0
9.37775,5.50971,5.0,-0.309017,-0.951056,0.0
10.3065,5.20793,13.0,-0.309017,-0.951056,0.0
10.3065,5.20793,13.0,-0.309017,-0.951056,0.0
9.37775,5.50971,5.0,-0.309017,-0.951056,0.0
10.3065,5.20793,5.0,-0.309017,-0.951056,0.0
10.3065,5.20793,13.0,-0.173648,-0.984808,0.0
10.3065,5.20793,5.0,-0.173648,-0.984808,0.0
11.2683,5.03835,13.0,-0.173648,-0.984808,0.0
11.2683,5.03835,13.0,-0.173648,-0.984808,0.0
10.3065,5.20793,5.0,-0.173648,-0.984808,0.0
11.2683,5.03835,5.0,-0.173648,-0.984808,0.0
11.2683,5.03835,13.0,-0.0348994,-0.999391,0.0
11.2683,5.03835,5.0,-0.0348994,-0.999391,0.0
12.2443,5.00426,13.0,-0.0348994,-0.999391,0.0
12.2443,5.00426,13.0,-0.0348994,-0.999391,0.0
11.2683,5.03835,5.0,-0.0348994,-0.999391,0.0
12.2443,5.00426,5.0,-0.0348994,-0.999391,0.0
12.2443,5.00426,13.0,0.104528,-0.994522,0.0
12.2443,5.00426,5.0,0.104528,-0.994522,0.0
13.2155,5.10635,13.0,0.104528,-0.994522,0.0
13.2155,5.10635,13.0,0.104528,-0.994522,0.0
12.2443,5.00426,5.0,0.104528,-0.994522,0.0
13.2155,5.10635,5.0,0.104528,-0.994522,0.0
13.2155,5.10635,13.0,0.241922,-0.970296,0.0
13.2155,5.10635,5.0,0.241922,-0.970296,0.0
14.1631,5.3426,13.0,0.241922,-0.970296,0.0
14.1631,5.3426,13.0,0.241922,-0.970296,0.0
13.2155,5.10635,5.0,0.241922,-0.970296,0.0
14.1631,5.3426,5.0,0.241922,-0.970296,0.0
14.1631,5.3426,13.0,0.374606,-0.927184,0.0
14.1631,5.3426,5.0,0.374606,-0.927184,0.0
15.0686,5.70844,13.0,0.374606,-0.927184,0.0
15.0686,5.70844,13.0,0.374606,-0.927184,0.0
14.1631,5.3426,5.0,0.374606,-0.927184,0.0
15.0686,5.70844,5.0,0.374606,-0.927184,0.0
15.0686,5.70844,13.0,0.5,-0.866025,0.0
15.0686,5.70844,5.0,0.5,-0.866025,0.0
15.9144,6.19674,13.0,0.5,-0.866025,0.0
15.9144,6.19674,13.0,0.5,-0.866025,0.0
15.0686,5.70844,5.0,0.5,-0.866025,0.0
15.9144,6.19674,5.0,0.5,-0.866025,0.0
15.9144,6.19674,13.0,0.615661,-0.788011,0.0
15.9144,6.19674,5.0,0.615661,-0.788011,0.0
16.6839,6.79799,13.0,0.615661,-0.788011,0.0
16.6839,6.79799,13.0,0.615661,-0.788011,0.0
15.9144,6.19674,5.0,0.615661,-0.788011,0.0
16.6839,6.79799,5.0,0.615661,-0.788011,0.0
16.6839,6.79799,13.0,0.719339,-0.694659,0.0
16.6839,6.79799,5.0,0.719339,-0.694659,0.0
17.3623,7.50049,13.0,0.719339,-0.694659,0.0
17.3623,7.50049,13.0,0.719339,-0.694659,0.0
16.6839,6.79799,5.0,0.719339,-0.694659,0.0
17.3623,7.50049,5.0,0.719339,-0.694659,0.0
17.3623,7.50049,13.0,0.809017,-0.587786,0.0
17.3623,7.50049,5.0,0.809017,-0.587786,0.0
17.9363,8.29057,13.0,0.809017,-0.587786,0.0
17.9363,8.29057,13.0,0.809017,-0.587786,0.0
17.3623,7.50049,5.0,0.809017,-0.587786,0.0
17.9363,8.29057,5.0,0.809017,-0.587786,0.0
17.9363,8.29057,13.0,0.882948,-0.469471,0.0
17.9363,8.29057,5.0,0.882948,-0.469471,0.0
18.3948,9.15284,13.0,0.882948,-0.469471,0.0
18.3948,9.15284,13.0,0.882948,-0.469471,0.0
17.9363,8.29057,5.0,0.882948,-0.469471,0.0
18.3948,9.15284,5.0,0.882948,-0.469471,0.0
18.3948,9.15284,13.0,0.939693,-0.34202,0.0
18.3948,9.15284,5.0,0.939693,-0.34202,0.0
18.7288,10.0705,13.0,0.939693,-0.34202,0.0
18.7288,10.0705,13.0,0.939693,-0.34202,0.0
18.3948,9.15284,5.0,0.939693,-0.34202,0.0
18.7288,10.0705,5.0,0.939693,-0.34202,0.0
18.7288,10.0705,13.0,0.978148,-0.207912,0.0
18.7288,10.0705,5.0,0.978148,-0.207912,0.0
18.9319,11.0258,13.0,0.978148,-0.207912,0.0
18.9319,11.0258,13.0,0.978148,-0.207912,0.0
18.7288,10.0705,5.0,0.978148,-0.207912,0.0
18.9319,11.0258,5.0,0.978148,-0.207912,0.0
18.9319,11.0258,13.0,0.997564,-0.0697578,0.0
18.9319,11.0258,5.0,0.997564,-0.0697578,0.0
19.0,12.0,13.0,0.997564,-0.0697578,0.0
19.0,12.0,13.0,0.997564,-0.0697578,0.0
18.9319,11.0258,5.0,0.997564,-0.0697578,0.0
19.0,12.0,5.0,0.997564,-0.0697578,0.0
19.0,12.0,13.0,0.997564,0.0697578,0.0
19.0,12.0,5.0,0.997564,0.0697578,0.0
18.9319,12.9742,13.0,0.997564,0.0697578,0.0
18.9319,12.9742,13.0,0.997564,0.0697578,0.0
19.0,12.0,5.0,0.997564,0.0697578,0.0
18.9319,12.9742,5.0,0.997564,0.0697578,0.0
18.7288,10.0705,5.0,0.0,0.0,1.0
23.7288,9.46341,5.0,0.0,0.0,1.0
18.9319,11.0258,5.0,0.0,0.0,1.0
18.9319,11.0258,5.0,0.0,0.0,1.0
23.7288,9.46341,5.0,0.0,0.0,1.0
23.932,10.7245,5.0,0.0,0.0,1.0
18.9319,11.0258,5.0,0.0,0.0,1.0
23.932,10.7245,5.0,0.0,0.0,1.0
19.0,12.0,5.0,0.0,0.0,1.0
19.0,12.0,5.0,0.0,0.0,1.0
23.932,10.7245,5.0,0.0,0.0,1.0
24.0,12.0,5.0,0.0,0.0,1.0
19.0,12.0,5.0,0.0,0.0,1.0
24.0,12.0,5.0,0.0,0.0,1.0
18.9319,12.9742,5.0,0.0,0.0,1.0
6.96462,16.8626,5.0,0.0,0.0,1.0
2.76199,19.6589,5.0,0.0,0.0,1.0
6.33688,16.1145,5.0,0.0,0.0,1.0
6.33688,16.1145,5.0,0.0,0.0,1.0
2.76199,19.6589,5.0,0.0,0.0,1.0
2.00023,18.6336,5.0,0.0,0.0,1.0
6.33688,16.1145,5.0,0.0,0.0,1.0
2.00023,18.6336,5.0,0.0,0.0,1.0
5.81937,15.2863,5.0,0.0,0.0,1.0
5.81937,15.2863,5.0,0.0,0.0,1.0
2.00023,18.6336,5.0,0.0,0.0,1.0
1.35178,17.5331,5.0,0.0,0.0,1.0
5.81937,15.2863,5.0,0.0,0.0,1.0
1.35178,17.5331,5.0,0.0,0.0,1.0
5.42215,14.3941,5.0,0.0,0.0,1.0
17.3623,7.50049,5.0,0.0,0.0,1.0
21.6325,4.84359,5.0,0.0,0.0,1.0
17.9363,8.29057,5.0,0.0,0.0,1.0
17.9363,8.29057,5.0,0.0,0.0,1.0
21.6325,4.84359,5.0,0.0,0.0,1.0
22.3386,5.90801,5.0,0.0,0.0,1.0
17.9363,8.29057,5.0,0.0,0.0,1.0
22.3386,5.90801,5.0,0.0,0.0,1.0
18.3948,9.15284,5.0,0.0,0.0,1.0
18.3948,9.15284,5.0,0.0,0.0,1.0
22.3386,5.90801,5.0,0.0,0.0,1.0
22.9276,7.04145,5.0,0.0,0.0,1.0
18.3948,9.15284,5.0,0.0,0.0,1.0
22.9276,7.04145,5.0,0.0,0.0,1.0
18.7288,10.0705,5.0,0.0,0.0,1.0
18.7288,10.0705,5.0,0.0,0.0,1.0
22.9276,7.04145,5.0,0.0,0.0,1.0
23.3928,8.23108,5.0,0.0,0.0,1.0
18.7288,10.0705,5.0,0.0,0.0,1.0
23.3928,8.23108,5.0,0.0,0.0,1.0
23.7288,9.46341,5.0,0.0,0.0,1.0
24.0,12.0,5.0,0.0,0.0,1.0
23.932,13.2755,5.0,0.0,0.0,1.0
18.9319,12.9742,5.0,0.0,0.0,1.0
18.9319,12.9742,5.0,0.0,0.0,1.0
23.932,13.2755,5.0,0.0,0.0,1.0
23.7288,14.5366,5.0,0.0,0.0,1.0
18.9319,12.9742,5.0,0.0,0.0,1.0
23.7288,14.5366,5.0,0.0,0.0,1.0
18.7288,13.9295,5.0,0.0,0.0,1.0
18.7288,13.9295,5.0,0.0,0.0,1.0
23.7288,14.5366,5.0,0.0,0.0,1.0
23.3928,15.7689,5.0,0.0,0.0,1.0
18.7288,13.9295,5.0,0.0,0.0,1.0
23.3928,15.7689,5.0,0.0,0.0,1.0
18.3948,14.8472,5.0,0.0,0.0,1.0
18.3948,14.8472,5.0,0.0,0.0,1.0
23.3928,15.7689,5.0,0.0,0.0,1.0
22.9276,16.9585,5.0,0.0,0.0,1.0
18.3948,14.8472,5.0,0.0,0.0,1.0
22.9276,16.9585,5.0,0.0,0.0,1.0
17.9363,15.7094,5.0,0.0,0.0,1.0
14.1631,5.3426,5.0,0.0,0.0,1.0
16.6659,0.944257,5.0,0.0,0.0,1.0
15.0686,5.70844,5.0,0.0,0.0,1.0
15.0686,5.70844,5.0,0.0,0.0,1.0
16.6659,0.944257,5.0,0.0,0.0,1.0
17.8146,1.50284,5.0,0.0,0.0,1.0
15.0686,5.70844,5.0,0.0,0.0,1.0
17.8146,1.50284,5.0,0.0,0.0,1.0
15.9144,6.19674,5.0,0.0,0.0,1.0
15.9144,6.19674,5.0,0.0,0.0,1.0
17.8146,1.50284,5.0,0.0,0.0,1.0
18.8974,2.18037,5.0,0.0,0.0,1.0
15.9144,6.19674,5.0,0.0,0.0,1.0
18.8974,2.18037,5.0,0.0,0.0,1.0
16.6839,6.79799,5.0,0.0,0.0,1.0
16.6839,6.79799,5.0,0.0,0.0,1.0
18.8974,2.18037,5.0,0.0,0.0,1.0
19.9021,2.96915,5.0,0.0,0.0,1.0
16.6839,6.79799,5.0,0.0,0.0,1.0
19.9021,2.96915,5.0,0.0,0.0,1.0
17.3623,7.50049,5.0,0.0,0.0,1.0
17.3623,7.50049,5.0,0.0,0.0,1.0
19.9021,2.96915,5.0,0.0,0.0,1.0
20.8173,3.86026,5.0,0.0,0.0,1.0
17.3623,7.50049,5.0,0.0,0.0,1.0
20.8173,3.86026,5.0,0.0,0.0,1.0
21.6325,4.84359,5.0,0.0,0.0,1.0
11.2683,5.03835,5.0,0.0,0.0,1.0
11.6806,0.00425242,5.0,0.0,0.0,1.0
12.2443,5.00426,5.0,0.0,0.0,1.0
12.2443,5.00426,5.0,0.0,0.0,1.0
11.6806,0.00425242,5.0,0.0,0.0,1.0
12.9574,0.0382559,5.0,0.0,0.0,1.0
12.2443,5.00426,5.0,0.0,0.0,1.0
12.9574,0.0382559,5.0,0.0,0.0,1.0
13.2155,5.10635,5.0,0.0,0.0,1.0
13.2155,5.10635,5.0,0.0,0.0,1.0
12.9574,0.0382559,5.0,0.0,0.0,1.0
14.2235,0.20779,5.0,0.0,0.0,1.0
13.2155,5.10635,5.0,0.0,0.0,1.0
14.2235,0.20779,5.0,0.0,0.0,1.0
14.1631,5.3426,5.0,0.0,0.0,1.0
14.1631,5.3426,5.0,0.0,0.0,1.0
14.2235,0.20779,5.0,0.0,0.0,1.0
15.4643,0.510936,5.0,0.0,0.0,1.0
14.1631,5.3426,5.0,0.0,0.0,1.0
15.4643,0.510936,5.0,0.0,0.0,1.0
16.6659,0.944257,5.0,0.0,0.0,1.0
8.5,5.93782,5.0,0.0,0.0,1.0
6.75231,1.20825,5.0,0.0,0.0,1.0
9.37775,5.50971,5.0,0.0,0.0,1.0
9.37775,5.50971,5.0,0.0,0.0,1.0
6.75231,1.20825,5.0,0.0,0.0,1.0
7.92913,0.711597,5.0,0.0,0.0,1.0
9.37775,5.50971,5.0,0.0,0.0,1.0
7.92913,0.711597,5.0,0.0,0.0,1.0
10.3065,5.20793,5.0,0.0,0.0,1.0
10.3065,5.20793,5.0,0.0,0.0,1.0
7.92913,0.711597,5.0,0.0,0.0,1.0
9.15208,0.342841,5.0,0.0,0.0,1.0
10.3065,5.20793,5.0,0.0,0.0,1.0
9.15208,0.342841,5.0,0.0,0.0,1.0
11.2683,5.03835,5.0,0.0,0.0,1.0
11.2683,5.03835,5.0,0.0,0.0,1.0
9.15208,0.342841,5.0,0.0,0.0,1.0
10.4073,0.106166,5.0,0.0,0.0,1.0
11.2683,5.03835,5.0,0.0,0.0,1.0
10.4073,0.106166,5.0,0.0,0.0,1.0
11.6806,0.00425242,5.0,0.0,0.0,1.0
6.33688,7.8855,5.0,0.0,0.0,1.0
2.76199,4.34107,5.0,0.0,0.0,1.0
6.96462,7.13739,5.0,0.0,0.0,1.0
6.96462,7.13739,5.0,0.0,0.0,1.0
2.76199,4.34107,5.0,0.0,0.0,1.0
3.62842,3.40252,5.0,0.0,0.0,1.0
6.96462,7.13739,5.0,0.0,0.0,1.0
3.62842,3.40252,5.0,0.0,0.0,1.0
7.69037,6.48392,5.0,0.0,0.0,1.0
7.69037,6.48392,5.0,0.0,0.0,1.0
3.62842,3.40252,5.0,0.0,0.0,1.0
4.5897,2.56138,5.0,0.0,0.0,1.0
7.69037,6.48392,5.0,0.0,0.0,1.0
4.5897,2.56138,5.0,0.0,0.0,1.0
8.5,5.93782,5.0,0.0,0.0,1.0
8.5,5.93782,5.0,0.0,0.0,1.0
4.5897,2.56138,5.0,0.0,0.0,1.0
5.63495,1.82719,5.0,0.0,0.0,1.0
8.5,5.93782,5.0,0.0,0.0,1.0
5.63495,1.82719,5.0,0.0,0.0,1.0
6.75231,1.20825,5.0,0.0,0.0,1.0
5.15297,10.5446,5.0,0.0,0.0,1.0
0.422786,8.84277,5.0,0.0,0.0,1.0
5.42215,9.60586,5.0,0.0,0.0,1.0
5.42215,9.60586,5.0,0.0,0.0,1.0
0.422786,8.84277,5.0,0.0,0.0,1.0
0.823966,7.63007,5.0,0.0,0.0,1.0
5.42215,9.60586,5.0,0.0,0.0,1.0
0.823966,7.63007,5.0,0.0,0.0,1.0
5.81937,8.7137,5.0,0.0,0.0,1.0
5.81937,8.7137,5.0,0.0,0.0,1.0
0.823966,7.63007,5.0,0.0,0.0,1.0
1.35178,6.46689,5.0,0.0,0.0,1.0
5.81937,8.7137,5.0,0.0,0.0,1.0
1.35178,6.46689,5.0,0.0,0.0,1.0
6.33688,7.8855,5.0,0.0,0.0,1.0
6.33688,7.8855,5.0,0.0,0.0,1.0
1.35178,6.46689,5.0,0.0,0.0,1.0
2.00023,5.3664,5.0,0.0,0.0,1.0
6.33688,7.8855,5.0,0.0,0.0,1.0
2.00023,5.3664,5.0,0.0,0.0,1.0
2.76199,4.34107,5.0,0.0,0.0,1.0
9.37775,18.4903,5.0,0.0,0.0,1.0
6.75231,22.7917,5.0,0.0,0.0,1.0
8.5,18.0622,5.0,0.0,0.0,1.0
8.5,18.0622,5.0,0.0,0.0,1.0
6.75231,22.7917,5.0,0.0,0.0,1.0
5.63495,22.1728,5.0,0.0,0.0,1.0
8.5,18.0622,5.0,0.0,0.0,1.0
5.63495,22.1728,5.0,0.0,0.0,1.0
7.69037,17.5161,5.0,0.0,0.0,1.0
7.69037,17.5161,5.0,0.0,0.0,1.0
5.63495,22.1728,5.0,0.0,0.0,1.0
4.5897,21.4386,5.0,0.0,0.0,1.0
7.69037,17.5161,5.0,0.0,0.0,1.0
4.5897,21.4386,5.0,0.0,0.0,1.0
6.96462,16.8626,5.0,0.0,0.0,1.0
6.96462,16.8626,5.0,0.0,0.0,1.0
4.5897,21.4386,5.0,0.0,0.0,1.0
3.62842,20.5975,5.0,0.0,0.0,1.0
6.96462,16.8626,5.0,0.0,0.0,1.0
3.62842,20.5975,5.0,0.0,0.0,1.0
2.76199,19.6589,5.0,0.0,0.0,1.0
12.2443,18.9957,5.0,0.0,0.0,1.0
11.6806,23.9957,5.0,0.0,0.0,1.0
11.2683,18.9617,5.0,0.0,0.0,1.0
11.2683,18.9617,5.0,0.0,0.0,1.0
11.6806,23.9957,5.0,0.0,0.0,1.0
10.4073,23.8938,5.0,0.0,0.0,1.0
11.2683,18.9617,5.0,0.0,0.0,1.0
10.4073,23.8938,5.0,0.0,0.0,1.0
10.3065,18.7921,5.0,0.0,0.0,1.0
10.3065,18.7921,5.0,0.0,0.0,1.0
10.4073,23.8938,5.0,0.0,0.0,1.0
9.15208,23.6572,5.0,0.0,0.0,1.0
10.3065,18.7921,5.0,0.0,0.0,1.0
9.15208,23.6572,5.0,0.0,0.0,1.0
9.37775,18.4903,5.0,0.0,0.0,1.0
9.37775,18.4903,5.0,0.0,0.0,1.0
9.15208,23.6572,5.0,0.0,0.0,1.0
7.92913,23.2884,5.0,0.0,0.0,1.0
9.37775,18.4903,5.0,0.0,0.0,1.0
7.92913,23.2884,5.0,0.0,0.0,1.0
6.75231,22.7917,5.0,0.0,0.0,1.0
1.35178,17.5331,5.0,0.0,0.0,1.0
0.823966,16.3699,5.0,0.0,0.0,1.0
5.42215,14.3941,5.0,0.0,0.0,1.0
5.42215,14.3941,5.0,0.0,0.0,1.0
0.823966,16.3699,5.0,0.0,0.0,1.0
0.422786,15.1572,5.0,0.0,0.0,1.0
5.42215,14.3941,5.0,0.0,0.0,1.0
0.422786,15.1572,5.0,0.0,0.0,1.0
5.15297,13.4554,5.0,0.0,0.0,1.0
5.15297,13.4554,5.0,0.0,0.0,1.0
0.422786,15.1572,5.0,0.0,0.0,1.0
0.15278,13.9088,5.0,0.0,0.0,1.0
5.15297,13.4554,5.0,0.0,0.0,1.0
0.15278,13.9088,5.0,0.0,0.0,1.0
5.01705,12.4883,5.0,0.0,0.0,1.0
5.01705,12.4883,5.0,0.0,0.0,1.0
0.15278,13.9088,5.0,0.0,0.0,1.0
0.0170078,12.6387,5.0,0.0,0.0,1.0
5.01705,12.4883,5.0,0.0,0.0,1.0
0.0170078,12.6387,5.0,0.0,0.0,1.0
5.01705,11.5117,5.0,0.0,0.0,1.0
5.01705,11.5117,5.0,0.0,0.0,1.0
0.0170078,12.6387,5.0,0.0,0.0,1.0
0.0170078,11.3613,5.0,0.0,0.0,1.0
5.01705,11.5117,5.0,0.0,0.0,1.0
0.0170078,11.3613,5.0,0.0,0.0,1.0
5.15297,10.5446,5.0,0.0,0.0,1.0
5.15297,10.5446,5.0,0.0,0.0,1.0
0.0170078,11.3613,5.0,0.0,0.0,1.0
0.15278,10.0912,5.0,0.0,0.0,1.0
5.15297,10.5446,5.0,0.0,0.0,1.0
0.15278,10.0912,5.0,0.0,0.0,1.0
0.422786,8.84277,5.0,0.0,0.0,1.0
15.0686,18.2916,5.0,0.0,0.0,1.0
16.6659,23.0557,5.0,0.0,0.0,1.0
14.1631,18.6574,5.0,0.0,0.0,1.0
14.1631,18.6574,5.0,0.0,0.0,1.0
16.6659,23.0557,5.0,0.0,0.0,1.0
15.4643,23.4891,5.0,0.0,0.0,1.0
14.1631,18.6574,5.0,0.0,0.0,1.0
15.4643,23.4891,5.0,0.0,0.0,1.0
13.2155,18.8937,5.0,0.0,0.0,1.0
13.2155,18.8937,5.0,0.0,0.0,1.0
15.4643,23.4891,5.0,0.0,0.0,1.0
14.2235,23.7922,5.0,0.0,0.0,1.0
13.2155,18.8937,5.0,0.0,0.0,1.0
14.2235,23.7922,5.0,0.0,0.0,1.0
12.2443,18.9957,5.0,0.0,0.0,1.0
12.2443,18.9957,5.0,0.0,0.0,1.0
14.2235,23.7922,5.0,0.0,0.0,1.0
12.9574,23.9617,5.0,0.0,0.0,1.0
12.2443,18.9957,5.0,0.0,0.0,1.0
12.9574,23.9617,5.0,0.0,0.0,1.0
11.6806,23.9957,5.0,0.0,0.0,1.0
22.9276,16.9585,5.0,0.0,0.0,1.0
22.3386,18.092,5.0,0.0,0.0,1.0
17.9363,15.7094,5.0,0.0,0.0,1.0
17.9363,15.7094,5.0,0.0,0.0,1.0
22.3386,18.092,5.0,0.0,0.0,1.0
21.6325,19.1564,5.0,0.0,0.0,1.0
17.9363,15.7094,5.0,0.0,0.0,1.0
21.6325,19.1564,5.0,0.0,0.0,1.0
17.3623,16.4995,5.0,0.0,0.0,1.0
17.3623,16.4995,5.0,0.0,0.0,1.0
21.6325,19.1564,5.0,0.0,0.0,1.0
20.8173,20.1397,5.0,0.0,0.0,1.0
17.3623,16.4995,5.0,0.0,0.0,1.0
20.8173,20.1397,5.0,0.0,0.0,1.0
16.6839,17.202,5.0,0.0,0.0,1.0
16.6839,17.202,5.0,0.0,0.0,1.0
20.8173,20.1397,5.0,0.0,0.0,1.0
19.9021,21.0309,5.0,0.0,0.0,1.0
16.6839,17.202,5.0,0.0,0.0,1.0
19.9021,21.0309,5.0,0.0,0.0,1.0
15.9144,17.8033,5.0,0.0,0.0,1.0
15.9144,17.8033,5.0,0.0,0.0,1.0
19.9021,21.0309,5.0,0.0,0.0,1.0
18.8974,21.8196,5.0,0.0,0.0,1.0
15.9144,17.8033,5.0,0.0,0.0,1.0
18.8974,21.8196,5.0,0.0,0.0,1.0
15.0686,18.2916,5.0,0.0,0.0,1.0
15.0686,18.2916,5.0,0.0,0.0,1.0
18.8974,21.8196,5.0,0.0,0.0,1.0
17.8146,22.4972,5.0,0.0,0.0,1.0
15.0686,18.2916,5.0,0.0,0.0,1.0
17.8146,22.4972,5.0,0.0,0.0,1.0
16.6659,23.0557,5.0,0.0,0.0,1.0
23.932,13.2755,5.0,0.987268,0.159065,0.0
23.932,13.2755,0.0,0.987268,0.159065,0.0
23.7288,14.5366,5.0,0.987268,0.159065,0.0
23.7288,14.5366,5.0,0.987268,0.159065,0.0
23.932,13.2755,0.0,0.987268,0.159065,0.0
23.7288,14.5366,0.0,0.987268,0.159065,0.0
23.7288,14.5366,5.0,0.964768,0.263102,0.0
23.7288,14.5366,0.0,0.964768,0.263102,0.0
23.3928,15.7689,5.0,0.964768,0.263102,0.0
23.3928,15.7689,5.0,0.964768,0.263102,0.0
23.7288,14.5366,0.0,0.964768,0.263102,0.0
23.3928,15.7689,0.0,0.964768,0.263102,0.0
23.3928,15.7689,5.0,0.931336,0.36416,0.0
23.3928,15.7689,0.0,0.931336,0.36416,0.0
22.9276,16.9585,5.0,0.931336,0.36416,0.0
22.9276,16.9585,5.0,0.931336,0.36416,0.0
23.3928,15.7689,0.0,0.931336,0.36416,0.0
22.9276,16.9585,0.0,0.931336,0.36416,0.0
22.9276,16.9585,5.0,0.887352,0.461092,0.0
22.9276,16.9585,0.0,0.887352,0.461092,0.0
22.3386,18.092,5.0,0.887352,0.461092,0.0
22.3386,18.092,5.0,0.887352,0.461092,0.0
22.9276,16.9585,0.0,0.887352,0.461092,0.0
22.3386,18.092,0.0,0.887352,0.461092,0.0
22.3386,18.092,5.0,0.833314,0.552799,0.0
22.3386,18.092,0.0,0.833314,0.552799,0.0
21.6325,19.1564,5.0,0.833314,0.552799,0.0
21.6325,19.1564,5.0,0.833314,0.552799,0.0
22.3386,18.092,0.0,0.833314,0.552799,0.0
21.6325,19.1564,0.0,0.833314,0.552799,0.0
21.6325,19.1564,5.0,0.769834,0.638244,0.0
21.6325,19.1564,0.0,0.769834,0.638244,0.0
20.8173,20.1397,5.0,0.769834,0.638244,0.0
20.8173,20.1397,5.0,0.769834,0.638244,0.0
21.6325,19.1564,0.0,0.769834,0.638244,0.0
20.8173,20.1397,0.0,0.769834,0.638244,0.0
20.8173,20.1397,5.0,0.697632,0.716457,0.0
20.8173,20.1397,0.0,0.697632,0.716457,0.0
19.9021,21.0309,5.0,0.697632,0.716457,0.0
19.9021,21.0309,5.0,0.697632,0.716457,0.0
20.8173,20.1397,0.0,0.697632,0.716457,0.0
19.9021,21.0309,0.0,0.697632,0.716457,0.0
19.9021,21.0309,5.0,0.617523,0.786553,0.0
19.9021,21.0309,0.0,0.617523,0.786553,0.0
18.8974,21.8196,5.0,0.617523,0.786553,0.0
18.8974,21.8196,5.0,0.617523,0.786553,0.0
19.9021,21.0309,0.0,0.617523,0.786553,0.0
18.8974,21.8196,0.0,0.617523,0.786553,0.0
18.8974,21.8196,5.0,0.530422,0.847734,0.0
18.8974,21.8196,0.0,0.530422,0.847734,0.0
17.8146,22.4972,5.0,0.530422,0.847734,0.0
17.8146,22.4972,5.0,0.530422,0.847734,0.0
18.8974,21.8196,0.0,0.530422,0.847734,0.0
17.8146,22.4972,0.0,0.530422,0.847734,0.0
17.8146,22.4972,5.0,0.437308,0.899312,0.0
17.8146,22.4972,0.0,0.437308,0.899312,0.0
16.6659,23.0557,5.0,0.437308,0.899312,0.0
16.6659,23.0557,5.0,0.437308,0.899312,0.0
17.8146,22.4972,0.0,0.437308,0.899312,0.0
16.6659,23.0557,0.0,0.437308,0.899312,0.0
16.6659,23.0557,5.0,0.339239,0.9407,0.0
16.6659,23.0557,0.0,0.339239,0.9407,0.0
15.4643,23.4891,5.0,0.339239,0.9407,0.0
15.4643,23.4891,5.0,0.339239,0.9407,0.0
16.6659,23.0557,0.0,0.339239,0.9407,0.0
15.4643,23.4891,0.0,0.339239,0.9407,0.0
15.4643,23.4891,5.0,0.237328,0.97143,0.0
15.4643,23.4891,0.0,0.237328,0.97143,0.0
14.2235,23.7922,5.0,0.237328,0.97143,0.0
14.2235,23.7922,5.0,0.237328,0.97143,0.0
15.4643,23.4891,0.0,0.237328,0.97143,0.0
14.2235,23.7922,0.0,0.237328,0.97143,0.0
14.2235,23.7922,5.0,0.132724,0.991153,0.0
14.2235,23.7922,0.0,0.132724,0.991153,0.0
12.9574,23.9617,5.0,0.132724,0.991153,0.0
12.9574,23.9617,5.0,0.132724,0.991153,0.0
14.2235,23.7922,0.0,0.132724,0.991153,0.0
12.9574,23.9617,0.0,0.132724,0.991153,0.0
12.9574,23.9617,5.0,0.0266213,0.999646,0.0
12.9574,23.9617,0.0,0.0266213,0.999646,0.0
11.6806,23.9957,5.0,0.0266213,0.999646,0.0
11.6806,23.9957,5.0,0.0266213,0.999646,0.0
12.9574,23.9617,0.0,0.0266213,0.999646,0.0
11.6806,23.9957,0.0,0.0266213,0.999646,0.0
11.6806,23.9957,5.0,-0.0797877,0.996812,0.0
11.6806,23.9957,0.0,-0.0797877,0.996812,0.0
10.4073,23.8938,5.0,-0.0797877,0.996812,0.0
10.4073,23.8938,5.0,-0.0797877,0.996812,0.0
11.6806,23.9957,0.0,-0.0797877,0.996812,0.0
10.4073,23.8938,0.0,-0.0797877,0.996812,0.0
10.4073,23.8938,5.0,-0.185289,0.982684,0.0
10.4073,23.8938,0.0,-0.185289,0.982684,0.0
9.15208,23.6572,5.0,-0.185289,0.982684,0.0
9.15208,23.6572,5.0,-0.185289,0.982684,0.0
10.4073,23.8938,0.0,-0.185289,0.982684,0.0
9.15208,23.6572,0.0,-0.185289,0.982684,0.0
9.15208,23.6572,5.0,-0.288692,0.957422,0.0
9.15208,23.6572,0.0,-0.288692,0.957422,0.0
7.92913,23.2884,5.0,-0.288692,0.957422,0.0
7.92913,23.2884,5.0,-0.288692,0.957422,0.0
9.15208,23.6572,0.0,-0.288692,0.957422,0.0
7.92913,23.2884,0.0,-0.288692,0.957422,0.0
7.92913,23.2884,5.0,-0.388823,0.921312,0.0
7.92913,23.2884,0.0,-0.388823,0.921312,0.0
6.75231,22.7917,5.0,-0.388823,0.921312,0.0
6.75231,22.7917,5.0,-0.388823,0.921312,0.0
7.92913,23.2884,0.0,-0.388823,0.921312,0.0
6.75231,22.7917,0.0,-0.388823,0.921312,0.0
6.75231,22.7917,5.0,-0.484552,0.874762,0.0
6.75231,22.7917,0.0,-0.484552,0.874762,0.0
5.63495,22.1728,5.0,-0.484552,0.874762,0.0
5.63495,22.1728,5.0,-0.484552,0.874762,0.0
6.75231,22.7917,0.0,-0.484552,0.874762,0.0
5.63495,22.1728,0.0,-0.484552,0.874762,0.0
5.63495,22.1728,5.0,-0.574786,0.818304,0.0
5.63495,22.1728,0.0,-0.574786,0.818304,0.0
4.5897,21.4386,5.0,-0.574786,0.818304,0.0
4.5897,21.4386,5.0,-0.574786,0.818304,0.0
5.63495,22.1728,0.0,-0.574786,0.818304,0.0
4.5897,21.4386,0.0,-0.574786,0.818304,0.0
4.5897,21.4386,5.0,-0.658512,0.752571,0.0
4.5897,21.4386,0.0,-0.658512,0.752571,0.0
3.62842,20.5975,5.0,-0.658512,0.752571,0.0
3.62842,20.5975,5.0,-0.658512,0.752571,0.0
4.5897,21.4386,0.0,-0.658512,0.752571,0.0
3.62842,20.5975,0.0,-0.658512,0.752571,0.0
3.62842,20.5975,5.0,-0.734775,0.678311,0.0
3.62842,20.5975,0.0,-0.734775,0.678311,0.0
2.76199,19.6589,5.0,-0.734775,0.678311,0.0
2.76199,19.6589,5.0,-0.734775,0.678311,0.0
3.62842,20.5975,0.0,-0.734775,0.678311,0.0
2.76199,19.6589,0.0,-0.734775,0.678311,0.0
2.76199,19.6589,5.0,-0.802712,0.596367,0.0
2.76199,19.6589,0.0,-0.802712,0.596367,0.0
2.00023,18.6336,5.0,-0.802712,0.596367,0.0
2.00023,18.6336,5.0,-0.802712,0.596367,0.0
2.76199,19.6589,0.0,-0.802712,0.596367,0.0
2.00023,18.6336,0.0,-0.802712,0.596367,0.0
2.00023,18.6336,5.0,-0.861554,0.507666,0.0
2.00023,18.6336,0.0,-0.861554,0.507666,0.0
1.35178,17.5331,5.0,-0.861554,0.507666,0.0
1.35178,17.5331,5.0,-0.861554,0.507666,0.0
2.00023,18.6336,0.0,-0.861554,0.507666,0.0
1.35178,17.5331,0.0,-0.861554,0.507666,0.0
1.35178,17.5331,5.0,-0.910634,0.413213,0.0
1.35178,17.5331,0.0,-0.910634,0.413213,0.0
0.823966,16.3699,5.0,-0.910634,0.413213,0.0
0.823966,16.3699,5.0,-0.910634,0.413213,0.0
1.35178,17.5331,0.0,-0.910634,0.413213,0.0
0.823966,16.3699,0.0,-0.910634,0.413213,0.0
0.823966,16.3699,5.0,-0.949398,0.314076,0.0
0.823966,16.3699,0.0,-0.949398,0.314076,0.0
0.422786,15.1572,5.0,-0.949398,0.314076,0.0
0.422786,15.1572,5.0,-0.949398,0.314076,0.0
0.823966,16.3699,0.0,-0.949398,0.314076,0.0
0.422786,15.1572,0.0,-0.949398,0.314076,0.0
0.422786,15.1572,5.0,-0.977403,0.211383,0.0
0.422786,15.1572,0.0,-0.977403,0.211383,0.0
0.15278,13.9088,5.0,-0.977403,0.211383,0.0
0.15278,13.9088,5.0,-0.977403,0.211383,0.0
0.422786,15.1572,0.0,-0.977403,0.211383,0.0
0.15278,13.9088,0.0,-0.977403,0.211383,0.0
0.15278,13.9088,5.0,-0.994335,0.106293,0.0
0.15278,13.9088,0.0,-0.994335,0.106293,0.0
0.0170078,12.6387,5.0,-0.994335,0.106293,0.0
0.0170078,12.6387,5.0,-0.994335,0.106293,0.0
0.15278,13.9088,0.0,-0.994335,0.106293,0.0
0.0170078,12.6387,0.0,-0.994335,0.106293,0.0
0.0170078,12.6387,5.0,-1.0,0.0,0.0
0.0170078,12.6387,0.0,-1.0,0.0,0.0
0.0170078,11.3613,5.0,-1.0,0.0,0.0
0.0170078,11.3613,5.0,-1.0,0.0,0.0
0.0170078,12.6387,0.0,-1.0,0.0,0.0
0.0170078,11.3613,0.0,-1.0,0.0,0.0
0.0170078,11.3613,5.0,-0.994335,-0.106293,0.0
0.0170078,11.3613,0.0,-0.994335,-0.106293,0.0
0.15278,10.0912,5.0,-0.994335,-0.106293,0.0
0.15278,10.0912,5.0,-0.994335,-0.106293,0.0
0.0170078,11.3613,0.0,-0.994335,-0.106293,0.0
0.15278,10.0912,0.0,-0.994335,-0.106293,0.0
0.15278,10.0912,5.0,-0.977403,-0.211383,0.0
0.15278,10.0912,0.0,-0.977403,-0.211383,0.0
0.422786,8.84277,5.0,-0.977403,-0.211383,0.0
0.422786,8.84277,5.0,-0.977403,-0.211383,0.0
0.15278,10.0912,0.0,-0.977403,-0.211383,0.0
0.422786,8.84277,0.0,-0.977403,-0.211383,0.0
0.422786,8.84277,5.0,-0.949398,-0.314077,0.0
0.422786,8.84277,0.0,-0.949398,-0.314077,0.0
0.823966,7.63007,5.0,-0.949398,-0.314077,0.0
0.823966,7.63007,5.0,-0.949398,-0.314077,0.0
0.422786,8.84277,0.0,-0.949398,-0.314077,0.0
0.823966,7.63007,0.0,-0.949398,-0.314077,0.0
0.823966,7.63007,5.0,-0.910635,-0.413212,0.0
0.823966,7.63007,0.0,-0.910635,-0.413212,0.0
1.35178,6.46689,5.0,-0.910635,-0.413212,0.0
1.35178,6.46689,5.0,-0.910635,-0.413212,0.0
0.823966,7.63007,0.0,-0.910635,-0.413212,0.0
1.35178,6.46689,0.0,-0.910635,-0.413212,0.0
1.35178,6.46689,5.0,-0.861554,-0.507666,0.0
1.35178,6.46689,0.0,-0.861554,-0.507666,0.0
2.00023,5.3664,5.0,-0.861554,-0.507666,0.0
2.00023,5.3664,5.0,-0.861554,-0.507666,0.0
1.35178,6.46689,0.0,-0.861554,-0.507666,0.0
2.00023,5.3664,0.0,-0.861554,-0.507666,0.0
2.00023,5.3664,5.0,-0.802711,-0.596368,0.0
2.00023,5.3664,0.0,-0.802711,-0.596368,0.0
2.76199,4.34107,5.0,-0.802711,-0.596368,0.0
2.76199,4.34107,5.0,-0.802711,-0.596368,0.0
2.00023,5.3664,0.0,-0.802711,-0.596368,0.0
2.76199,4.34107,0.0,-0.802711,-0.596368,0.0
2.76199,4.34107,5.0,-0.734775,-0.678311,0.0
2.76199,4.34107,0.0,-0.734775,-0.678311,0.0
3.62842,3.40252,5.0,-0.734775,-0.678311,0.0
3.62842,3.40252,5.0,-0.734775,-0.678311,0.0
2.76199,4.34107,0.0,-0.734775,-0.678311,0.0
3.62842,3.40252,0.0,-0.734775,-0.678311,0.0
3.62842,3.40252,5.0,-0.658511,-0.752571,0.0
3.62842,3.40252,0.0,-0.658511,-0.752571,0.0
4.5897,2.56138,5.0,-0.658511,-0.752571,0.0
4.5897,2.56138,5.0,-0.658511,-0.752571,0.0
3.62842,3.40252,0.0,-0.658511,-0.752571,0.0
4.5897,2.56138,0.0,-0.658511,-0.752571,0.0
4.5897,2.56138,5.0,-0.574787,-0.818303,0.0
4.5897,2.56138,0.0,-0.574787,-0.818303,0.0
5.63495,1.82719,5.0,-0.574787,-0.818303,0.0
5.63495,1.82719,5.0,-0.574787,-0.818303,0.0
4.5897,2.56138,0.0,-0.574787,-0.818303,0.0
5.63495,1.82719,0.0,-0.574787,-0.818303,0.0
5.63495,1.82719,5.0,-0.484551,-0.874763,0.0
5.63495,1.82719,0.0,-0.484551,-0.874763,0.0
6.75231,1.20825,5.0,-0.484551,-0.874763,0.0
6.75231,1.20825,5.0,-0.484551,-0.874763,0.0
5.63495,1.82719,0.0,-0.484551,-0.874763,0.0
6.75231,1.20825,0.0,-0.484551,-0.874763,0.0
6.75231,1.20825,5.0,-0.388824,-0.921312,0.0
6.75231,1.20825,0.0,-0.388824,-0.921312,0.0
7.92913,0.711597,5.0,-0.388824,-0.921312,0.0
7.92913,0.711597,5.0,-0.388824,-0.921312,0.0
6.75231,1.20825,0.0,-0.388824,-0.921312,0.0
7.92913,0.711597,0.0,-0.388824,-0.921312,0.0
7.92913,0.711597,5.0,-0.288692,-0.957422,0.0
7.92913,0.711597,0.0,-0.288692,-0.957422,0.0
9.15208,0.342841,5.0,-0.288692,-0.957422,0.0
9.15208,0.342841,5.0,-0.288692,-0.957422,0.0
7.92913,0.711597,0.0,-0.288692,-0.957422,0.0
9.15208,0.342841,0.0,-0.288692,-0.957422,0.0
9.15208,0.342841,5.0,-0.185289,-0.982684,0.0
9.15208,0.342841,0.0,-0.185289,-0.982684,0.0
10.4073,0.106166,5.0,-0.185289,-0.982684,0.0
10.4073,0.106166,5.0,-0.185289,-0.982684,0.0
9.15208,0.342841,0.0,-0.185289,-0.982684,0.0
10.4073,0.106166,0.0,-0.185289,-0.982684,0.0
10.4073,0.106166,5.0,-0.0797864,-0.996812,0.0
10.4073,0.106166,0.0,-0.0797864,-0.996812,0.0
11.6806,0.00425242,5.0,-0.0797864,-0.996812,0.0
11.6806,0.00425242,5.0,-0.0797864,-0.996812,0.0
10.4073,0.106166,0.0,-0.0797864,-0.996812,0.0
11.6806,0.00425242,0.0,-0.0797864,-0.996812,0.0
11.6806,0.00425242,5.0,0.0266207,-0.999646,0.0
11.6806,0.00425242,0.0,0.0266207,-0.999646,0.0
12.9574,0.0382559,5.0,0.0266207,-0.999646,0.0
12.9574,0.0382559,5.0,0.0266207,-0.999646,0.0
11.6806,0.00425242,0.0,0.0266207,-0.999646,0.0
12.9574,0.0382559,0.0,0.0266207,-0.999646,0.0
12.9574,0.0382559,5.0,0.132725,-0.991153,0.0
12.9574,0.0382559,0.0,0.132725,-0.991153,0.0
14.2235,0.20779,5.0,0.132725,-0.991153,0.0
14.2235,0.20779,5.0,0.132725,-0.991153,0.0
12.9574,0.0382559,0.0,0.132725,-0.991153,0.0
14.2235,0.20779,0.0,0.132725,-0.991153,0.0
14.2235,0.20779,5.0,0.237327,-0.97143,0.0
14.2235,0.20779,0.0,0.237327,-0.97143,0.0
15.4643,0.510936,5.0,0.237327,-0.97143,0.0
15.4643,0.510936,5.0,0.237327,-0.97143,0.0
14.2235,0.20779,0.0,0.237327,-0.97143,0.0
15.4643,0.510936,0.0,0.237327,-0.97143,0.0
15.4643,0.510936,5.0,0.339239,-0.9407,0.0
15.4643,0.510936,0.0,0.339239,-0.9407,0.0
16.6659,0.944257,5.0,0.339239,-0.9407,0.0
16.6659,0.944257,5.0,0.339239,-0.9407,0.0
15.4643,0.510936,0.0,0.339239,-0.9407,0.0
16.6659,0.944257,0.0,0.339239,-0.9407,0.0
16.6659,0.944257,5.0,0.437308,-0.899312,0.0
16.6659,0.944257,0.0,0.437308,-0.899312,0.0
17.8146,1.50284,5.0,0.437308,-0.899312,0.0
17.8146,1.50284,5.0,0.437308,-0.899312,0.0
16.6659,0.944257,0.0,0.437308,-0.899312,0.0
17.8146,1.50284,0.0,0.437308,-0.899312,0.0
17.8146,1.50284,5.0,0.530421,-0.847735,0.0
17.8146,1.50284,0.0,0.530421,-0.847735,0.0
18.8974,2.18037,5.0,0.530421,-0.847735,0.0
18.8974,2.18037,5.0,0.530421,-0.847735,0.0
17.8146,1.50284,0.0,0.530421,-0.847735,0.0
18.8974,2.18037,0.0,0.530421,-0.847735,0.0
18.8974,2.18037,5.0,0.617525,-0.786551,0.0
18.8974,2.18037,0.0,0.617525,-0.786551,0.0
19.9021,2.96915,5.0,0.617525,-0.786551,0.0
19.9021,2.96915,5.0,0.617525,-0.786551,0.0
18.8974,2.18037,0.0,0.617525,-0.786551,0.0
19.9021,2.96915,0.0,0.617525,-0.786551,0.0
19.9021,2.96915,5.0,0.697631,-0.716457,0.0
19.9021,2.96915,0.0,0.697631,-0.716457,0.0
20.8173,3.86026,5.0,0.697631,-0.716457,0.0
20.8173,3.86026,5.0,0.697631,-0.716457,0.0
19.9021,2.96915,0.0,0.697631,-0.716457,0.0
20.8173,3.86026,0.0,0.697631,-0.716457,0.0
20.8173,3.86026,5.0,0.769834,-0.638245,0.0
20.8173,3.86026,0.0,0.769834,-0.638245,0.0
21.6325,4.84359,5.0,0.769834,-0.638245,0.0
21.6325,4.84359,5.0,0.769834,-0.638245,0.0
20.8173,3.86026,0.0,0.769834,-0.638245,0.0
21.6325,4.84359,0.0,0.769834,-0.638245,0.0
21.6325,4.84359,5.0,0.833314,-0.552799,0.0
21.6325,4.84359,0.0,0.833314,-0.552799,0.0
22.3386,5.90801,5.0,0.833314,-0.552799,0.0
22.3386,5.90801,5.0,0.833314,-0.552799,0.0
21.6325,4.84359,0.0,0.833314,-0.552799,0.0
22.3386,5.90801,0.0,0.833314,-0.552799,0.0
22.3386,5.90801,5.0,0.887352,-0.461092,0.0
22.3386,5.90801,0.0,0.887352,-0.461092,0.0
22.9276,7.04145,5.0,0.887352,-0.461092,0.0
22.9276,7.04145,5.0,0.887352,-0.461092,0.0
22.3386,5.90801,0.0,0.887352,-0.461092,0.0
22.9276,7.04145,0.0,0.887352,-0.461092,0.0
22.9276,7.04145,5.0,0.931336,-0.36416,0.0
22.9276,7.04145,0.0,0.931336,-0.36416,0.0
23.3928,8.23108,5.0,0.931336,-0.36416,0.0
23.3928,8.23108,5.0,0.931336,-0.36416,0.0
22.9276,7.04145,0.0,0.931336,-0.36416,0.0
23.3928,8.23108,0.0,0.931336,-0.36416,0.0
23.3928,8.23108,5.0,0.964768,-0.263102,0.0
23.3928,8.23108,0.0,0.964768,-0.263102,0.0
23.7288,9.46341,5.0,0.964768,-0.263102,0.0
23.7288,9.46341,5.0,0.964768,-0.263102,0.0
23.3928,8.23108,0.0,0.964768,-0.263102,0.0
23.7288,9.46341,0.0,0.964768,-0.263102,0.0
23.7288,9.46341,5.0,0.987268,-0.159065,0.0
23.7288,9.46341,0.0,0.987268,-0.159065,0.0
23.932,10.7245,5.0,0.987268,-0.159065,0.0
23.932,10.7245,5.0,0.987268,-0.159065,0.0
23.7288,9.46341,0.0,0.987268,-0.159065,0.0
23.932,10.7245,0.0,0.987268,-0.159065,0.0
23.932,10.7245,5.0,0.998583,-0.0532217,0.0
23.932,10.7245,0.0,0.998583,-0.0532217,0.0
24.0,12.0,5.0,0.998583,-0.0532217,0.0
24.0,12.0,5.0,0.998583,-0.0532217,0.0
23.932,10.7245,0.0,0.998583,-0.0532217,0.0
24.0,12.0,0.0,0.998583,-0.0532217,0.0
24.0,12.0,5.0,0.998583,0.0532216,0.0
24.0,12.0,0.0,0.998583,0.0532216,0.0
23.932,13.2755,5.0,0.998583,0.0532216,0.0
23.932,13.2755,5.0,0.998583,0.0532216,0.0
24.0,12.0,0.0,0.998583,0.0532216,0.0
23.932,13.2755,0.0,0.998583,0.0532216,0.0
19.9021,21.0309,0.0,0.0,0.0,-1.0
20.8173,20.1397,0.0,0.0,0.0,-1.0
21.6325,19.1564,0.0,0.0,0.0,-1.0
23.3928,15.7689,0.0,0.0,0.0,-1.0
23.7288,14.5366,0.0,0.0,0.0,-1.0
0.422786,8.84277,0.0,0.0,0.0,-1.0
0.422786,8.84277,0.0,0.0,0.0,-1.0
23.7288,14.5366,0.0,0.0,0.0,-1.0
23.932,13.2755,0.0,0.0,0.0,-1.0
18.8974,2.18037,0.0,0.0,0.0,-1.0
17.8146,1.50284,0.0,0.0,0.0,-1.0
16.6659,0.944257,0.0,0.0,0.0,-1.0
0.0170078,11.3613,0.0,0.0,0.0,-1.0
0.0170078,12.6387,0.0,0.0,0.0,-1.0
0.15278,13.9088,0.0,0.0,0.0,-1.0
22.9276,16.9585,0.0,0.0,0.0,-1.0
23.3928,15.7689,0.0,0.0,0.0,-1.0
22.3386,18.092,0.0,0.0,0.0,-1.0
22.3386,18.092,0.0,0.0,0.0,-1.0
23.3928,15.7689,0.0,0.0,0.0,-1.0
0.422786,8.84277,0.0,0.0,0.0,-1.0
22.3386,18.092,0.0,0.0,0.0,-1.0
0.422786,8.84277,0.0,0.0,0.0,-1.0
21.6325,19.1564,0.0,0.0,0.0,-1.0
21.6325,19.1564,0.0,0.0,0.0,-1.0
0.422786,8.84277,0.0,0.0,0.0,-1.0
0.15278,10.0912,0.0,0.0,0.0,-1.0
21.6325,19.1564,0.0,0.0,0.0,-1.0
0.15278,10.0912,0.0,0.0,0.0,-1.0
0.0170078,11.3613,0.0,0.0,0.0,-1.0
23.932,13.2755,0.0,0.0,0.0,-1.0
24.0,12.0,0.0,0.0,0.0,-1.0
0.422786,8.84277,0.0,0.0,0.0,-1.0
0.422786,8.84277,0.0,0.0,0.0,-1.0
24.0,12.0,0.0,0.0,0.0,-1.0
23.932,10.7245,0.0,0.0,0.0,-1.0
0.422786,8.84277,0.0,0.0,0.0,-1.0
23.932,10.7245,0.0,0.0,0.0,-1.0
23.7288,9.46341,0.0,0.0,0.0,-1.0
21.6325,4.84359,0.0,0.0,0.0,-1.0
20.8173,3.86026,0.0,0.0,0.0,-1.0
0.422786,8.84277,0.0,0.0,0.0,-1.0
0.422786,8.84277,0.0,0.0,0.0,-1.0
20.8173,3.86026,0.0,0.0,0.0,-1.0
19.9021,2.96915,0.0,0.0,0.0,-1.0
12.9574,0.0382559,0.0,0.0,0.0,-1.0
11.6806,0.00425242,0.0,0.0,0.0,-1.0
10.4073,0.106166,0.0,0.0,0.0,-1.0
2.76199,4.34107,0.0,0.0,0.0,-1.0
5.63495,1.82719,0.0,0.0,0.0,-1.0
3.62842,3.40252,0.0,0.0,0.0,-1.0
3.62842,3.40252,0.0,0.0,0.0,-1.0
5.63495,1.82719,0.0,0.0,0.0,-1.0
4.5897,2.56138,0.0,0.0,0.0,-1.0
7.92913,23.2884,0.0,0.0,0.0,-1.0
9.15208,23.6572,0.0,0.0,0.0,-1.0
21.6325,19.1564,0.0,0.0,0.0,-1.0
19.9021,2.96915,0.0,0.0,0.0,-1.0
18.8974,2.18037,0.0,0.0,0.0,-1.0
0.422786,8.84277,0.0,0.0,0.0,-1.0
0.422786,8.84277,0.0,0.0,0.0,-1.0
18.8974,2.18037,0.0,0.0,0.0,-1.0
16.6659,0.944257,0.0,0.0,0.0,-1.0
0.422786,8.84277,0.0,0.0,0.0,-1.0
16.6659,0.944257,0.0,0.0,0.0,-1.0
0.823966,7.63007,0.0,0.0,0.0,-1.0
0.823966,7.63007,0.0,0.0,0.0,-1.0
16.6659,0.944257,0.0,0.0,0.0,-1.0
2.00023,5.3664,0.0,0.0,0.0,-1.0
0.823966,7.63007,0.0,0.0,0.0,-1.0
2.00023,5.3664,0.0,0.0,0.0,-1.0
1.35178,6.46689,0.0,0.0,0.0,-1.0
14.2235,0.20779,0.0,0.0,0.0,-1.0
12.9574,0.0382559,0.0,0.0,0.0,-1.0
15.4643,0.510936,0.0,0.0,0.0,-1.0
15.4643,0.510936,0.0,0.0,0.0,-1.0
12.9574,0.0382559,0.0,0.0,0.0,-1.0
5.63495,1.82719,0.0,0.0,0.0,-1.0
15.4643,0.510936,0.0,0.0,0.0,-1.0
5.63495,1.82719,0.0,0.0,0.0,-1.0
16.6659,0.944257,0.0,0.0,0.0,-1.0
16.6659,0.944257,0.0,0.0,0.0,-1.0
5.63495,1.82719,0.0,0.0,0.0,-1.0
2.76199,4.34107,0.0,0.0,0.0,-1.0
16.6659,0.944257,0.0,0.0,0.0,-1.0
2.76199,4.34107,0.0,0.0,0.0,-1.0
2.00023,5.3664,0.0,0.0,0.0,-1.0
7.92913,23.2884,0.0,0.0,0.0,-1.0
21.6325,19.1564,0.0,0.0,0.0,-1.0
6.75231,22.7917,0.0,0.0,0.0,-1.0
6.75231,22.7917,0.0,0.0,0.0,-1.0
21.6325,19.1564,0.0,0.0,0.0,-1.0
4.5897,21.4386,0.0,0.0,0.0,-1.0
6.75231,22.7917,0.0,0.0,0.0,-1.0
4.5897,21.4386,0.0,0.0,0.0,-1.0
5.63495,22.1728,0.0,0.0,0.0,-1.0
9.15208,23.6572,0.0,0.0,0.0,-1.0
10.4073,23.8938,0.0,0.0,0.0,-1.0
11.6806,23.9957,0.0,0.0,0.0,-1.0
6.75231,1.20825,0.0,0.0,0.0,-1.0
5.63495,1.82719,0.0,0.0,0.0,-1.0
7.92913,0.711597,0.0,0.0,0.0,-1.0
7.92913,0.711597,0.0,0.0,0.0,-1.0
5.63495,1.82719,0.0,0.0,0.0,-1.0
12.9574,0.0382559,0.0,0.0,0.0,-1.0
7.92913,0.711597,0.0,0.0,0.0,-1.0
12.9574,0.0382559,0.0,0.0,0.0,-1.0
9.15208,0.342841,0.0,0.0,0.0,-1.0
9.15208,0.342841,0.0,0.0,0.0,-1.0
12.9574,0.0382559,0.0,0.0,0.0,-1.0
10.4073,0.106166,0.0,0.0,0.0,-1.0
0.0170078,11.3613,0.0,0.0,0.0,-1.0
0.15278,13.9088,0.0,0.0,0.0,-1.0
21.6325,19.1564,0.0,0.0,0.0,-1.0
21.6325,19.1564,0.0,0.0,0.0,-1.0
0.15278,13.9088,0.0,0.0,0.0,-1.0
0.422786,15.1572,0.0,0.0,0.0,-1.0
21.6325,19.1564,0.0,0.0,0.0,-1.0
0.422786,15.1572,0.0,0.0,0.0,-1.0
0.823966,16.3699,0.0,0.0,0.0,-1.0
9.15208,23.6572,0.0,0.0,0.0,-1.0
11.6806,23.9957,0.0,0.0,0.0,-1.0
21.6325,19.1564,0.0,0.0,0.0,-1.0
21.6325,19.1564,0.0,0.0,0.0,-1.0
11.6806,23.9957,0.0,0.0,0.0,-1.0
12.9574,23.9617,0.0,0.0,0.0,-1.0
21.6325,19.1564,0.0,0.0,0.0,-1.0
12.9574,23.9617,0.0,0.0,0.0,-1.0
19.9021,21.0309,0.0,0.0,0.0,-1.0
22.3386,5.90801,0.0,0.0,0.0,-1.0
21.6325,4.84359,0.0,0.0,0.0,-1.0
22.9276,7.04145,0.0,0.0,0.0,-1.0
22.9276,7.04145,0.0,0.0,0.0,-1.0
21.6325,4.84359,0.0,0.0,0.0,-1.0
0.422786,8.84277,0.0,0.0,0.0,-1.0
22.9276,7.04145,0.0,0.0,0.0,-1.0
0.422786,8.84277,0.0,0.0,0.0,-1.0
23.3928,8.23108,0.0,0.0,0.0,-1.0
23.3928,8.23108,0.0,0.0,0.0,-1.0
0.422786,8.84277,0.0,0.0,0.0,-1.0
23.7288,9.46341,0.0,0.0,0.0,-1.0
3.62842,20.5975,0.0,0.0,0.0,-1.0
4.5897,21.4386,0.0,0.0,0.0,-1.0
2.76199,19.6589,0.0,0.0,0.0,-1.0
2.76199,19.6589,0.0,0.0,0.0,-1.0
4.5897,21.4386,0.0,0.0,0.0,-1.0
21.6325,19.1564,0.0,0.0,0.0,-1.0
2.76199,19.6589,0.0,0.0,0.0,-1.0
21.6325,19.1564,0.0,0.0,0.0,-1.0
2.00023,18.6336,0.0,0.0,0.0,-1.0
2.00023,18.6336,0.0,0.0,0.0,-1.0
21.6325,19.1564,0.0,0.0,0.0,-1.0
0.823966,16.3699,0.0,0.0,0.0,-1.0
2.00023,18.6336,0.0,0.0,0.0,-1.0
0.823966,16.3699,0.0,0.0,0.0,-1.0
1.35178,17.5331,0.0,0.0,0.0,-1.0
12.9574,23.9617,0.0,0.0,0.0,-1.0
14.2235,23.7922,0.0,0.0,0.0,-1.0
19.9021,21.0309,0.0,0.0,0.0,-1.0
19.9021,21.0309,0.0,0.0,0.0,-1.0
14.2235,23.7922,0.0,0.0,0.0,-1.0
15.4643,23.4891,0.0,0.0,0.0,-1.0
19.9021,21.0309,0.0,0.0,0.0,-1.0
15.4643,23.4891,0.0,0.0,0.0,-1.0
18.8974,21.8196,0.0,0.0,0.0,-1.0
18.8974,21.8196,0.0,0.0,0.0,-1.0
15.4643,23.4891,0.0,0.0,0.0,-1.0
16.6659,23.0557,0.0,0.0,0.0,-1.0
18.8974,21.8196,0.0,0.0,0.0,-1.0
16.6659,23.0557,0.0,0.0,0.0,-1.0
17.8146,22.4972,0.0,0.0,0.0,-1.0
