532.629,4094.0,1559.84,0.164594,0.0,0.986361
532.629,3875.0,1559.84,0.164594,0.0,0.986361
580.173,4094.0,1551.91,0.164594,0.0,0.986361
580.173,4094.0,1551.91,0.164594,0.0,0.986361
532.629,3875.0,1559.84,0.164594,0.0,0.986361
580.173,3875.0,1551.91,0.164594,0.0,0.986361
580.173,4094.0,1551.91,0.272103,0.0,0.962268
580.173,3875.0,1551.91,0.272103,0.0,0.962268
626.556,4094.0,1538.8,0.272103,0.0,0.962268
626.556,4094.0,1538.8,0.272103,0.0,0.962268
580.173,3875.0,1551.91,0.272103,0.0,0.962268
626.556,3875.0,1538.8,0.272103,0.0,0.962268
626.556,4094.0,1538.8,0.376309,0.0,0.926494
626.556,3875.0,1538.8,0.376309,0.0,0.926494
671.215,4094.0,1520.66,0.376309,0.0,0.926494
671.215,4094.0,1520.66,0.376309,0.0,0.926494
626.556,3875.0,1538.8,0.376309,0.0,0.926494
671.215,3875.0,1520.66,0.376309,0.0,0.926494
671.215,4094.0,1520.66,0.475948,0.0,0.879473
671.215,3875.0,1520.66,0.475948,0.0,0.879473
713.607,4094.0,1497.71,0.475948,0.0,0.879473
713.607,4094.0,1497.71,0.475948,0.0,0.879473
671.215,3875.0,1520.66,0.475948,0.0,0.879473
713.607,3875.0,1497.71,0.475948,0.0,0.879473
713.607,4094.0,1497.71,0.569808,0.0,0.821778
713.607,3875.0,1497.71,0.569808,0.0,0.821778
753.218,4094.0,1470.25,0.569808,0.0,0.821778
753.218,4094.0,1470.25,0.569808,0.0,0.821778
713.607,3875.0,1497.71,0.569808,0.0,0.821778
753.218,3875.0,1470.25,0.569808,0.0,0.821778
753.218,4094.0,1470.25,0.656752,0.0,0.754106
753.218,3875.0,1470.25,0.656752,0.0,0.754106
789.567,4094.0,1438.59,0.656752,0.0,0.754106
789.567,4094.0,1438.59,0.656752,0.0,0.754106
753.218,3875.0,1470.25,0.656752,0.0,0.754106
789.567,3875.0,1438.59,0.656752,0.0,0.754106
789.567,4094.0,1438.59,0.735723,0.0,0.677282
789.567,3875.0,1438.59,0.735723,0.0,0.677282
822.214,4094.0,1403.13,0.735723,0.0,0.677282
822.214,4094.0,1403.13,0.735723,0.0,0.677282
789.567,3875.0,1438.59,0.735723,0.0,0.677282
822.214,3875.0,1403.13,0.735723,0.0,0.677282
822.214,4094.0,1403.13,0.805765,0.0,0.592235
822.214,3875.0,1403.13,0.805765,0.0,0.592235
850.76,4094.0,1364.29,0.805765,0.0,0.592235
850.76,4094.0,1364.29,0.805765,0.0,0.592235
822.214,3875.0,1403.13,0.805765,0.0,0.592235
850.76,3875.0,1364.29,0.805765,0.0,0.592235
850.76,4094.0,1364.29,0.866024,0.0,0.500002
850.76,3875.0,1364.29,0.866024,0.0,0.500002
874.861,4094.0,1322.55,0.866024,0.0,0.500002
874.861,4094.0,1322.55,0.866024,0.0,0.500002
850.76,3875.0,1364.29,0.866024,0.0,0.500002
874.861,3875.0,1322.55,0.866024,0.0,0.500002
874.861,4094.0,1322.55,0.915774,0.0,0.401695
874.861,3875.0,1322.55,0.915774,0.0,0.401695
894.224,4094.0,1278.4,0.915774,0.0,0.401695
894.224,4094.0,1278.4,0.915774,0.0,0.401695
874.861,3875.0,1322.55,0.915774,0.0,0.401695
894.224,3875.0,1278.4,0.915774,0.0,0.401695
894.224,4094.0,1278.4,0.954405,0.0,0.298514
894.224,3875.0,1278.4,0.954405,0.0,0.298514
908.613,4094.0,1232.4,0.954405,0.0,0.298514
908.613,4094.0,1232.4,0.954405,0.0,0.298514
894.224,3875.0,1278.4,0.954405,0.0,0.298514
908.613,3875.0,1232.4,0.954405,0.0,0.298514
908.613,4094.0,1232.4,0.981452,0.0,0.19171
908.613,3875.0,1232.4,0.981452,0.0,0.19171
917.853,4094.0,1185.09,0.981452,0.0,0.19171
917.853,4094.0,1185.09,0.981452,0.0,0.19171
908.613,3875.0,1232.4,0.981452,0.0,0.19171
917.853,3875.0,1185.09,0.981452,0.0,0.19171
917.853,4094.0,1185.09,0.996584,0.0,0.0825794
917.853,3875.0,1185.09,0.996584,0.0,0.0825794
921.834,4094.0,1137.06,0.996584,0.0,0.0825794
921.834,4094.0,1137.06,0.996584,0.0,0.0825794
917.853,3875.0,1185.09,0.996584,0.0,0.0825794
921.834,3875.0,1137.06,0.996584,0.0,0.0825794
921.834,4094.0,1137.06,0.99962,0.0,-0.0275546
921.834,3875.0,1137.06,0.99962,0.0,-0.0275546
920.506,4094.0,1088.87,0.99962,0.0,-0.0275546
920.506,4094.0,1088.87,0.99962,0.0,-0.0275546
921.834,3875.0,1137.06,0.99962,0.0,-0.0275546
920.506,3875.0,1088.87,0.99962,0.0,-0.0275546
920.506,4094.0,1088.87,0.990522,0.0,-0.137353
920.506,3875.0,1088.87,0.990522,0.0,-0.137353
913.885,4094.0,1041.13,0.990522,0.0,-0.137353
913.885,4094.0,1041.13,0.990522,0.0,-0.137353
920.506,3875.0,1088.87,0.990522,0.0,-0.137353
913.885,3875.0,1041.13,0.990522,0.0,-0.137353
913.885,4094.0,1041.13,0.9694,0.0,-0.245485
913.885,3875.0,1041.13,0.9694,0.0,-0.245485
902.052,4094.0,994.4,0.9694,0.0,-0.245485
902.052,4094.0,994.4,0.9694,0.0,-0.245485
913.885,3875.0,1041.13,0.9694,0.0,-0.245485
902.052,3875.0,994.4,0.9694,0.0,-0.245485
902.052,4094.0,994.4,0.936511,0.0,-0.350638
902.052,3875.0,994.4,0.936511,0.0,-0.350638
885.151,4094.0,949.258,0.936511,0.0,-0.350638
885.151,4094.0,949.258,0.936511,0.0,-0.350638
902.052,3875.0,994.4,0.936511,0.0,-0.350638
885.151,3875.0,949.258,0.936511,0.0,-0.350638
885.151,4094.0,949.258,0.892254,0.0,-0.451533
885.151,3875.0,949.258,0.892254,0.0,-0.451533
863.386,4094.0,906.25,0.892254,0.0,-0.451533
863.386,4094.0,906.25,0.892254,0.0,-0.451533
885.151,3875.0,949.258,0.892254,0.0,-0.451533
863.386,3875.0,906.25,0.892254,0.0,-0.451533
863.386,4094.0,906.25,0.837166,0.0,-0.546949
863.386,3875.0,906.25,0.837166,0.0,-0.546949
837.022,4094.0,865.897,0.837166,0.0,-0.546949
837.022,4094.0,865.897,0.837166,0.0,-0.546949
863.386,3875.0,906.25,0.837166,0.0,-0.546949
837.022,3875.0,865.897,0.837166,0.0,-0.546949
837.022,4094.0,865.897,0.771917,0.0,-0.635723
837.022,3875.0,865.897,0.771917,0.0,-0.635723
806.379,4094.0,828.689,0.771917,0.0,-0.635723
806.379,4094.0,828.689,0.771917,0.0,-0.635723
837.022,3875.0,865.897,0.771917,0.0,-0.635723
806.379,3875.0,828.689,0.771917,0.0,-0.635723
806.379,4094.0,828.689,0.697297,0.0,-0.716782
806.379,3875.0,828.689,0.697297,0.0,-0.716782
771.829,4094.0,795.078,0.697297,0.0,-0.716782
771.829,4094.0,795.078,0.697297,0.0,-0.716782
806.379,3875.0,828.689,0.697297,0.0,-0.716782
771.829,3875.0,795.078,0.697297,0.0,-0.716782
771.829,4094.0,795.078,0.614212,0.0,-0.789141
771.829,3875.0,795.078,0.614212,0.0,-0.789141
733.791,4094.0,765.472,0.614212,0.0,-0.789141
733.791,4094.0,765.472,0.614212,0.0,-0.789141
771.829,3875.0,795.078,0.614212,0.0,-0.789141
733.791,3875.0,765.472,0.614212,0.0,-0.789141
733.791,4094.0,765.472,0.523673,0.0,-0.85192
733.791,3875.0,765.472,0.523673,0.0,-0.85192
692.727,4094.0,740.23,0.523673,0.0,-0.85192
692.727,4094.0,740.23,0.523673,0.0,-0.85192
733.791,3875.0,765.472,0.523673,0.0,-0.85192
692.727,3875.0,740.23,0.523673,0.0,-0.85192
692.727,4094.0,740.23,0.426777,0.0,-0.904357
692.727,3875.0,740.23,0.426777,0.0,-0.904357
649.135,4094.0,719.659,0.426777,0.0,-0.904357
649.135,4094.0,719.659,0.426777,0.0,-0.904357
692.727,3875.0,740.23,0.426777,0.0,-0.904357
649.135,3875.0,719.659,0.426777,0.0,-0.904357
649.135,4094.0,719.659,0.3247,0.0,-0.945817
649.135,3875.0,719.659,0.3247,0.0,-0.945817
603.545,4094.0,704.008,0.3247,0.0,-0.945817
603.545,4094.0,704.008,0.3247,0.0,-0.945817
649.135,3875.0,719.659,0.3247,0.0,-0.945817
603.545,3875.0,704.008,0.3247,0.0,-0.945817
603.545,4094.0,704.008,0.218681,0.0,-0.975796
603.545,3875.0,704.008,0.218681,0.0,-0.975796
556.51,4094.0,693.467,0.218681,0.0,-0.975796
556.51,4094.0,693.467,0.218681,0.0,-0.975796
603.545,3875.0,704.008,0.218681,0.0,-0.975796
556.51,3875.0,693.467,0.218681,0.0,-0.975796
556.51,4094.0,693.467,0.110007,0.0,-0.993931
556.51,3875.0,693.467,0.110007,0.0,-0.993931
508.601,4094.0,688.164,0.110007,0.0,-0.993931
508.601,4094.0,688.164,0.110007,0.0,-0.993931
556.51,3875.0,693.467,0.110007,0.0,-0.993931
508.601,3875.0,688.164,0.110007,0.0,-0.993931
508.601,4094.0,688.164,0.0,0.0,-1.0
508.601,3875.0,688.164,0.0,0.0,-1.0
460.399,4094.0,688.164,0.0,0.0,-1.0
460.399,4094.0,688.164,0.0,0.0,-1.0
508.601,3875.0,688.164,0.0,0.0,-1.0
460.399,3875.0,688.164,0.0,0.0,-1.0
460.399,4094.0,688.164,-0.110007,0.0,-0.993931
460.399,3875.0,688.164,-0.110007,0.0,-0.993931
412.49,4094.0,693.467,-0.110007,0.0,-0.993931
412.49,4094.0,693.467,-0.110007,0.0,-0.993931
460.399,3875.0,688.164,-0.110007,0.0,-0.993931
412.49,3875.0,693.467,-0.110007,0.0,-0.993931
412.49,4094.0,693.467,-0.218681,0.0,-0.975796
412.49,3875.0,693.467,-0.218681,0.0,-0.975796
365.455,4094.0,704.008,-0.218681,0.0,-0.975796
365.455,4094.0,704.008,-0.218681,0.0,-0.975796
412.49,3875.0,693.467,-0.218681,0.0,-0.975796
365.455,3875.0,704.008,-0.218681,0.0,-0.975796
365.455,4094.0,704.008,-0.3247,0.0,-0.945817
365.455,3875.0,704.008,-0.3247,0.0,-0.945817
319.865,4094.0,719.659,-0.3247,0.0,-0.945817
319.865,4094.0,719.659,-0.3247,0.0,-0.945817
365.455,3875.0,704.008,-0.3247,0.0,-0.945817
319.865,3875.0,719.659,-0.3247,0.0,-0.945817
319.865,4094.0,719.659,-0.426777,0.0,-0.904357
319.865,3875.0,719.659,-0.426777,0.0,-0.904357
276.273,4094.0,740.23,-0.426777,0.0,-0.904357
276.273,4094.0,740.23,-0.426777,0.0,-0.904357
319.865,3875.0,719.659,-0.426777,0.0,-0.904357
276.273,3875.0,740.23,-0.426777,0.0,-0.904357
276.273,4094.0,740.23,-0.523672,0.0,-0.85192
276.273,3875.0,740.23,-0.523672,0.0,-0.85192
235.209,4094.0,765.472,-0.523672,0.0,-0.85192
235.209,4094.0,765.472,-0.523672,0.0,-0.85192
276.273,3875.0,740.23,-0.523672,0.0,-0.85192
235.209,3875.0,765.472,-0.523672,0.0,-0.85192
235.209,4094.0,765.472,-0.614212,0.0,-0.789141
235.209,3875.0,765.472,-0.614212,0.0,-0.789141
197.171,4094.0,795.078,-0.614212,0.0,-0.789141
197.171,4094.0,795.078,-0.614212,0.0,-0.789141
235.209,3875.0,765.472,-0.614212,0.0,-0.789141
197.171,3875.0,795.078,-0.614212,0.0,-0.789141
197.171,4094.0,795.078,-0.697298,0.0,-0.716782
197.171,3875.0,795.078,-0.697298,0.0,-0.716782
162.621,4094.0,828.689,-0.697298,0.0,-0.716782
162.621,4094.0,828.689,-0.697298,0.0,-0.716782
197.171,3875.0,795.078,-0.697298,0.0,-0.716782
162.621,3875.0,828.689,-0.697298,0.0,-0.716782
162.621,4094.0,828.689,-0.771916,0.0,-0.635724
162.621,3875.0,828.689,-0.771916,0.0,-0.635724
131.978,4094.0,865.897,-0.771916,0.0,-0.635724
131.978,4094.0,865.897,-0.771916,0.0,-0.635724
162.621,3875.0,828.689,-0.771916,0.0,-0.635724
131.978,3875.0,865.897,-0.771916,0.0,-0.635724
131.978,4094.0,865.897,-0.837167,0.0,-0.546948
131.978,3875.0,865.897,-0.837167,0.0,-0.546948
105.614,4094.0,906.25,-0.837167,0.0,-0.546948
105.614,4094.0,906.25,-0.837167,0.0,-0.546948
131.978,3875.0,865.897,-0.837167,0.0,-0.546948
105.614,3875.0,906.25,-0.837167,0.0,-0.546948
105.614,4094.0,906.25,-0.892254,0.0,-0.451534
105.614,3875.0,906.25,-0.892254,0.0,-0.451534
83.8492,4094.0,949.258,-0.892254,0.0,-0.451534
83.8492,4094.0,949.258,-0.892254,0.0,-0.451534
105.614,3875.0,906.25,-0.892254,0.0,-0.451534
83.8492,3875.0,949.258,-0.892254,0.0,-0.451534
83.8492,4094.0,949.258,-0.936511,0.0,-0.350638
83.8492,3875.0,949.258,-0.936511,0.0,-0.350638
66.9478,4094.0,994.4,-0.936511,0.0,-0.350638
66.9478,4094.0,994.4,-0.936511,0.0,-0.350638
83.8492,3875.0,949.258,-0.936511,0.0,-0.350638
66.9478,3875.0,994.4,-0.936511,0.0,-0.350638
66.9478,4094.0,994.4,-0.9694,0.0,-0.245485
66.9478,3875.0,994.4,-0.9694,0.0,-0.245485
55.115,4094.0,1041.13,-0.9694,0.0,-0.245485
55.115,4094.0,1041.13,-0.9694,0.0,-0.245485
66.9478,3875.0,994.4,-0.9694,0.0,-0.245485
55.115,3875.0,1041.13,-0.9694,0.0,-0.245485
55.115,4094.0,1041.13,-0.990522,0.0,-0.137354
55.115,3875.0,1041.13,-0.990522,0.0,-0.137354
48.4943,4094.0,1088.87,-0.990522,0.0,-0.137354
48.4943,4094.0,1088.87,-0.990522,0.0,-0.137354
55.115,3875.0,1041.13,-0.990522,0.0,-0.137354
48.4943,3875.0,1088.87,-0.990522,0.0,-0.137354
48.4943,4094.0,1088.87,-0.99962,0.0,-0.0275543
48.4943,3875.0,1088.87,-0.99962,0.0,-0.0275543
47.1661,4094.0,1137.06,-0.99962,0.0,-0.0275543
47.1661,4094.0,1137.06,-0.99962,0.0,-0.0275543
48.4943,3875.0,1088.87,-0.99962,0.0,-0.0275543
47.1661,3875.0,1137.06,-0.99962,0.0,-0.0275543
47.1661,4094.0,1137.06,-0.996585,0.0,0.0825792
47.1661,3875.0,1137.06,-0.996585,0.0,0.0825792
51.1466,4094.0,1185.09,-0.996585,0.0,0.0825792
51.1466,4094.0,1185.09,-0.996585,0.0,0.0825792
47.1661,3875.0,1137.06,-0.996585,0.0,0.0825792
51.1466,3875.0,1185.09,-0.996585,0.0,0.0825792
51.1466,4094.0,1185.09,-0.981451,0.0,0.191711
51.1466,3875.0,1185.09,-0.981451,0.0,0.191711
60.3874,4094.0,1232.4,-0.981451,0.0,0.191711
60.3874,4094.0,1232.4,-0.981451,0.0,0.191711
51.1466,3875.0,1185.09,-0.981451,0.0,0.191711
60.3874,3875.0,1232.4,-0.981451,0.0,0.191711
60.3874,4094.0,1232.4,-0.954405,0.0,0.298515
60.3874,3875.0,1232.4,-0.954405,0.0,0.298515
74.7763,4094.0,1278.4,-0.954405,0.0,0.298515
74.7763,4094.0,1278.4,-0.954405,0.0,0.298515
60.3874,3875.0,1232.4,-0.954405,0.0,0.298515
74.7763,3875.0,1278.4,-0.954405,0.0,0.298515
74.7763,4094.0,1278.4,-0.915773,0.0,0.401695
74.7763,3875.0,1278.4,-0.915773,0.0,0.401695
94.1388,4094.0,1322.55,-0.915773,0.0,0.401695
94.1388,4094.0,1322.55,-0.915773,0.0,0.401695
74.7763,3875.0,1278.4,-0.915773,0.0,0.401695
94.1388,3875.0,1322.55,-0.915773,0.0,0.401695
94.1388,4094.0,1322.55,-0.866025,0.0,0.500001
94.1388,3875.0,1322.55,-0.866025,0.0,0.500001
118.24,4094.0,1364.29,-0.866025,0.0,0.500001
118.24,4094.0,1364.29,-0.866025,0.0,0.500001
94.1388,3875.0,1322.55,-0.866025,0.0,0.500001
118.24,3875.0,1364.29,-0.866025,0.0,0.500001
118.24,4094.0,1364.29,-0.805766,0.0,0.592235
118.24,3875.0,1364.29,-0.805766,0.0,0.592235
146.786,4094.0,1403.13,-0.805766,0.0,0.592235
146.786,4094.0,1403.13,-0.805766,0.0,0.592235
118.24,3875.0,1364.29,-0.805766,0.0,0.592235
146.786,3875.0,1403.13,-0.805766,0.0,0.592235
146.786,4094.0,1403.13,-0.735723,0.0,0.677282
146.786,3875.0,1403.13,-0.735723,0.0,0.677282
179.433,4094.0,1438.59,-0.735723,0.0,0.677282
179.433,4094.0,1438.59,-0.735723,0.0,0.677282
146.786,3875.0,1403.13,-0.735723,0.0,0.677282
179.433,3875.0,1438.59,-0.735723,0.0,0.677282
179.433,4094.0,1438.59,-0.656752,0.0,0.754107
179.433,3875.0,1438.59,-0.656752,0.0,0.754107
215.782,4094.0,1470.25,-0.656752,0.0,0.754107
215.782,4094.0,1470.25,-0.656752,0.0,0.754107
179.433,3875.0,1438.59,-0.656752,0.0,0.754107
215.782,3875.0,1470.25,-0.656752,0.0,0.754107
215.782,4094.0,1470.25,-0.569809,0.0,0.821777
215.782,3875.0,1470.25,-0.569809,0.0,0.821777
255.393,4094.0,1497.71,-0.569809,0.0,0.821777
255.393,4094.0,1497.71,-0.569809,0.0,0.821777
215.782,3875.0,1470.25,-0.569809,0.0,0.821777
255.393,3875.0,1497.71,-0.569809,0.0,0.821777
255.393,4094.0,1497.71,-0.475948,0.0,0.879474
255.393,3875.0,1497.71,-0.475948,0.0,0.879474
297.785,4094.0,1520.66,-0.475948,0.0,0.879474
297.785,4094.0,1520.66,-0.475948,0.0,0.879474
255.393,3875.0,1497.71,-0.475948,0.0,0.879474
297.785,3875.0,1520.66,-0.475948,0.0,0.879474
297.785,4094.0,1520.66,-0.376309,0.0,0.926494
297.785,3875.0,1520.66,-0.376309,0.0,0.926494
342.444,4094.0,1538.8,-0.376309,0.0,0.926494
342.444,4094.0,1538.8,-0.376309,0.0,0.926494
297.785,3875.0,1520.66,-0.376309,0.0,0.926494
342.444,3875.0,1538.8,-0.376309,0.0,0.926494
342.444,4094.0,1538.8,-0.272103,0.0,0.962268
342.444,3875.0,1538.8,-0.272103,0.0,0.962268
388.827,4094.0,1551.91,-0.272103,0.0,0.962268
388.827,4094.0,1551.91,-0.272103,0.0,0.962268
342.444,3875.0,1538.8,-0.272103,0.0,0.962268
388.827,3875.0,1551.91,-0.272103,0.0,0.962268
388.827,4094.0,1551.91,-0.164594,0.0,0.986361
388.827,3875.0,1551.91,-0.164594,0.0,0.986361
436.371,4094.0,1559.84,-0.164594,0.0,0.986361
436.371,4094.0,1559.84,-0.164594,0.0,0.986361
388.827,3875.0,1551.91,-0.164594,0.0,0.986361
436.371,3875.0,1559.84,-0.164594,0.0,0.986361
436.371,4094.0,1559.84,-0.0550891,0.0,0.998481
436.371,3875.0,1559.84,-0.0550891,0.0,0.998481
484.5,4094.0,1562.5,-0.0550891,0.0,0.998481
484.5,4094.0,1562.5,-0.0550891,0.0,0.998481
436.371,3875.0,1559.84,-0.0550891,0.0,0.998481
484.5,3875.0,1562.5,-0.0550891,0.0,0.998481
484.5,4094.0,1562.5,0.0550891,0.0,0.998481
484.5,3875.0,1562.5,0.0550891,0.0,0.998481
532.629,4094.0,1559.84,0.0550891,0.0,0.998481
532.629,4094.0,1559.84,0.0550891,0.0,0.998481
484.5,3875.0,1562.5,0.0550891,0.0,0.998481
532.629,3875.0,1559.84,0.0550891,0.0,0.998481
850.76,3875.0,1364.29,0.0,1.0,0.0
822.214,3875.0,1403.13,0.0,1.0,0.0
844.554,3875.0,1449.19,0.0,1.0,0.0
94.1388,3875.0,1322.55,0.0,1.0,0.0
64.9107,3875.0,1367.25,0.0,1.0,0.0
118.24,3875.0,1364.29,0.0,1.0,0.0
118.24,3875.0,1364.29,0.0,1.0,0.0
64.9107,3875.0,1367.25,0.0,1.0,0.0
92.5313,3875.0,1409.78,0.0,1.0,0.0
118.24,3875.0,1364.29,0.0,1.0,0.0
92.5313,3875.0,1409.78,0.0,1.0,0.0
146.786,3875.0,1403.13,0.0,1.0,0.0
146.786,3875.0,1403.13,0.0,1.0,0.0
92.5313,3875.0,1409.78,0.0,1.0,0.0
124.446,3875.0,1449.19,0.0,1.0,0.0
146.786,3875.0,1403.13,0.0,1.0,0.0
124.446,3875.0,1449.19,0.0,1.0,0.0
179.433,3875.0,1438.59,0.0,1.0,0.0
179.433,3875.0,1438.59,0.0,1.0,0.0
124.446,3875.0,1449.19,0.0,1.0,0.0
160.306,3875.0,1485.05,0.0,1.0,0.0
179.433,3875.0,1438.59,0.0,1.0,0.0
160.306,3875.0,1485.05,0.0,1.0,0.0
215.782,3875.0,1470.25,0.0,1.0,0.0
215.782,3875.0,1470.25,0.0,1.0,0.0
160.306,3875.0,1485.05,0.0,1.0,0.0
199.718,3875.0,1516.97,0.0,1.0,0.0
215.782,3875.0,1470.25,0.0,1.0,0.0
199.718,3875.0,1516.97,0.0,1.0,0.0
255.393,3875.0,1497.71,0.0,1.0,0.0
255.393,3875.0,1497.71,0.0,1.0,0.0
199.718,3875.0,1516.97,0.0,1.0,0.0
242.25,3875.0,1544.59,0.0,1.0,0.0
255.393,3875.0,1497.71,0.0,1.0,0.0
242.25,3875.0,1544.59,0.0,1.0,0.0
297.785,3875.0,1520.66,0.0,1.0,0.0
297.785,3875.0,1520.66,0.0,1.0,0.0
242.25,3875.0,1544.59,0.0,1.0,0.0
287.436,3875.0,1567.61,0.0,1.0,0.0
297.785,3875.0,1520.66,0.0,1.0,0.0
287.436,3875.0,1567.61,0.0,1.0,0.0
342.444,3875.0,1538.8,0.0,1.0,0.0
342.444,3875.0,1538.8,0.0,1.0,0.0
287.436,3875.0,1567.61,0.0,1.0,0.0
334.781,3875.0,1585.79,0.0,1.0,0.0
342.444,3875.0,1538.8,0.0,1.0,0.0
334.781,3875.0,1585.79,0.0,1.0,0.0
388.827,3875.0,1551.91,0.0,1.0,0.0
388.827,3875.0,1551.91,0.0,1.0,0.0
334.781,3875.0,1585.79,0.0,1.0,0.0
383.767,3875.0,1598.91,0.0,1.0,0.0
388.827,3875.0,1551.91,0.0,1.0,0.0
383.767,3875.0,1598.91,0.0,1.0,0.0
436.371,3875.0,1559.84,0.0,1.0,0.0
436.371,3875.0,1559.84,0.0,1.0,0.0
383.767,3875.0,1598.91,0.0,1.0,0.0
433.856,3875.0,1606.85,0.0,1.0,0.0
436.371,3875.0,1559.84,0.0,1.0,0.0
433.856,3875.0,1606.85,0.0,1.0,0.0
484.5,3875.0,1562.5,0.0,1.0,0.0
484.5,3875.0,1562.5,0.0,1.0,0.0
433.856,3875.0,1606.85,0.0,1.0,0.0
484.5,3875.0,1609.5,0.0,1.0,0.0
484.5,3875.0,1562.5,0.0,1.0,0.0
484.5,3875.0,1609.5,0.0,1.0,0.0
535.144,3875.0,1606.85,0.0,1.0,0.0
508.601,3875.0,688.164,0.0,1.0,0.0
484.5,3875.0,640.5,0.0,1.0,0.0
460.399,3875.0,688.164,0.0,1.0,0.0
460.399,3875.0,688.164,0.0,1.0,0.0
484.5,3875.0,640.5,0.0,1.0,0.0
433.856,3875.0,643.154,0.0,1.0,0.0
460.399,3875.0,688.164,0.0,1.0,0.0
433.856,3875.0,643.154,0.0,1.0,0.0
412.49,3875.0,693.467,0.0,1.0,0.0
412.49,3875.0,693.467,0.0,1.0,0.0
433.856,3875.0,643.154,0.0,1.0,0.0
383.767,3875.0,651.087,0.0,1.0,0.0
412.49,3875.0,693.467,0.0,1.0,0.0
383.767,3875.0,651.087,0.0,1.0,0.0
365.455,3875.0,704.008,0.0,1.0,0.0
365.455,3875.0,704.008,0.0,1.0,0.0
383.767,3875.0,651.087,0.0,1.0,0.0
334.781,3875.0,664.213,0.0,1.0,0.0
365.455,3875.0,704.008,0.0,1.0,0.0
334.781,3875.0,664.213,0.0,1.0,0.0
319.865,3875.0,719.659,0.0,1.0,0.0
319.865,3875.0,719.659,0.0,1.0,0.0
334.781,3875.0,664.213,0.0,1.0,0.0
287.436,3875.0,682.387,0.0,1.0,0.0
319.865,3875.0,719.659,0.0,1.0,0.0
287.436,3875.0,682.387,0.0,1.0,0.0
276.273,3875.0,740.23,0.0,1.0,0.0
276.273,3875.0,740.23,0.0,1.0,0.0
287.436,3875.0,682.387,0.0,1.0,0.0
242.25,3875.0,705.411,0.0,1.0,0.0
276.273,3875.0,740.23,0.0,1.0,0.0
242.25,3875.0,705.411,0.0,1.0,0.0
235.209,3875.0,765.472,0.0,1.0,0.0
235.209,3875.0,765.472,0.0,1.0,0.0
242.25,3875.0,705.411,0.0,1.0,0.0
199.718,3875.0,733.031,0.0,1.0,0.0
235.209,3875.0,765.472,0.0,1.0,0.0
199.718,3875.0,733.031,0.0,1.0,0.0
197.171,3875.0,795.078,0.0,1.0,0.0
197.171,3875.0,795.078,0.0,1.0,0.0
199.718,3875.0,733.031,0.0,1.0,0.0
160.306,3875.0,764.946,0.0,1.0,0.0
197.171,3875.0,795.078,0.0,1.0,0.0
160.306,3875.0,764.946,0.0,1.0,0.0
162.621,3875.0,828.689,0.0,1.0,0.0
162.621,3875.0,828.689,0.0,1.0,0.0
160.306,3875.0,764.946,0.0,1.0,0.0
124.446,3875.0,800.806,0.0,1.0,0.0
162.621,3875.0,828.689,0.0,1.0,0.0
124.446,3875.0,800.806,0.0,1.0,0.0
131.978,3875.0,865.897,0.0,1.0,0.0
131.978,3875.0,865.897,0.0,1.0,0.0
124.446,3875.0,800.806,0.0,1.0,0.0
92.5313,3875.0,840.218,0.0,1.0,0.0
131.978,3875.0,865.897,0.0,1.0,0.0
92.5313,3875.0,840.218,0.0,1.0,0.0
105.614,3875.0,906.25,0.0,1.0,0.0
105.614,3875.0,906.25,0.0,1.0,0.0
92.5313,3875.0,840.218,0.0,1.0,0.0
64.9107,3875.0,882.75,0.0,1.0,0.0
105.614,3875.0,906.25,0.0,1.0,0.0
64.9107,3875.0,882.75,0.0,1.0,0.0
83.8492,3875.0,949.258,0.0,1.0,0.0
83.8492,3875.0,949.258,0.0,1.0,0.0
64.9107,3875.0,882.75,0.0,1.0,0.0
41.8872,3875.0,927.936,0.0,1.0,0.0
83.8492,3875.0,949.258,0.0,1.0,0.0
41.8872,3875.0,927.936,0.0,1.0,0.0
66.9478,3875.0,994.4,0.0,1.0,0.0
66.9478,3875.0,994.4,0.0,1.0,0.0
41.8872,3875.0,927.936,0.0,1.0,0.0
23.7131,3875.0,975.281,0.0,1.0,0.0
66.9478,3875.0,994.4,0.0,1.0,0.0
23.7131,3875.0,975.281,0.0,1.0,0.0
55.115,3875.0,1041.13,0.0,1.0,0.0
55.115,3875.0,1041.13,0.0,1.0,0.0
23.7131,3875.0,975.281,0.0,1.0,0.0
10.5875,3875.0,1024.27,0.0,1.0,0.0
55.115,3875.0,1041.13,0.0,1.0,0.0
10.5875,3875.0,1024.27,0.0,1.0,0.0
48.4943,3875.0,1088.87,0.0,1.0,0.0
48.4943,3875.0,1088.87,0.0,1.0,0.0
10.5875,3875.0,1024.27,0.0,1.0,0.0
2.65414,3875.0,1074.36,0.0,1.0,0.0
48.4943,3875.0,1088.87,0.0,1.0,0.0
2.65414,3875.0,1074.36,0.0,1.0,0.0
47.1661,3875.0,1137.06,0.0,1.0,0.0
47.1661,3875.0,1137.06,0.0,1.0,0.0
2.65414,3875.0,1074.36,0.0,1.0,0.0
0.0,3875.0,1125.0,0.0,1.0,0.0
47.1661,3875.0,1137.06,0.0,1.0,0.0
0.0,3875.0,1125.0,0.0,1.0,0.0
51.1466,3875.0,1185.09,0.0,1.0,0.0
51.1466,3875.0,1185.09,0.0,1.0,0.0
0.0,3875.0,1125.0,0.0,1.0,0.0
2.65414,3875.0,1175.64,0.0,1.0,0.0
51.1466,3875.0,1185.09,0.0,1.0,0.0
2.65414,3875.0,1175.64,0.0,1.0,0.0
60.3874,3875.0,1232.4,0.0,1.0,0.0
60.3874,3875.0,1232.4,0.0,1.0,0.0
2.65414,3875.0,1175.64,0.0,1.0,0.0
10.5875,3875.0,1225.73,0.0,1.0,0.0
60.3874,3875.0,1232.4,0.0,1.0,0.0
10.5875,3875.0,1225.73,0.0,1.0,0.0
74.7763,3875.0,1278.4,0.0,1.0,0.0
74.7763,3875.0,1278.4,0.0,1.0,0.0
10.5875,3875.0,1225.73,0.0,1.0,0.0
23.7131,3875.0,1274.72,0.0,1.0,0.0
74.7763,3875.0,1278.4,0.0,1.0,0.0
23.7131,3875.0,1274.72,0.0,1.0,0.0
94.1388,3875.0,1322.55,0.0,1.0,0.0
94.1388,3875.0,1322.55,0.0,1.0,0.0
23.7131,3875.0,1274.72,0.0,1.0,0.0
41.8872,3875.0,1322.06,0.0,1.0,0.0
94.1388,3875.0,1322.55,0.0,1.0,0.0
41.8872,3875.0,1322.06,0.0,1.0,0.0
64.9107,3875.0,1367.25,0.0,1.0,0.0
844.554,3875.0,1449.19,0.0,1.0,0.0
822.214,3875.0,1403.13,0.0,1.0,0.0
808.694,3875.0,1485.05,0.0,1.0,0.0
808.694,3875.0,1485.05,0.0,1.0,0.0
822.214,3875.0,1403.13,0.0,1.0,0.0
789.567,3875.0,1438.59,0.0,1.0,0.0
808.694,3875.0,1485.05,0.0,1.0,0.0
789.567,3875.0,1438.59,0.0,1.0,0.0
769.282,3875.0,1516.97,0.0,1.0,0.0
769.282,3875.0,1516.97,0.0,1.0,0.0
789.567,3875.0,1438.59,0.0,1.0,0.0
753.218,3875.0,1470.25,0.0,1.0,0.0
769.282,3875.0,1516.97,0.0,1.0,0.0
753.218,3875.0,1470.25,0.0,1.0,0.0
726.75,3875.0,1544.59,0.0,1.0,0.0
726.75,3875.0,1544.59,0.0,1.0,0.0
753.218,3875.0,1470.25,0.0,1.0,0.0
713.607,3875.0,1497.71,0.0,1.0,0.0
726.75,3875.0,1544.59,0.0,1.0,0.0
713.607,3875.0,1497.71,0.0,1.0,0.0
681.564,3875.0,1567.61,0.0,1.0,0.0
681.564,3875.0,1567.61,0.0,1.0,0.0
713.607,3875.0,1497.71,0.0,1.0,0.0
671.215,3875.0,1520.66,0.0,1.0,0.0
681.564,3875.0,1567.61,0.0,1.0,0.0
671.215,3875.0,1520.66,0.0,1.0,0.0
634.219,3875.0,1585.79,0.0,1.0,0.0
634.219,3875.0,1585.79,0.0,1.0,0.0
671.215,3875.0,1520.66,0.0,1.0,0.0
626.556,3875.0,1538.8,0.0,1.0,0.0
634.219,3875.0,1585.79,0.0,1.0,0.0
626.556,3875.0,1538.8,0.0,1.0,0.0
585.233,3875.0,1598.91,0.0,1.0,0.0
585.233,3875.0,1598.91,0.0,1.0,0.0
626.556,3875.0,1538.8,0.0,1.0,0.0
580.173,3875.0,1551.91,0.0,1.0,0.0
585.233,3875.0,1598.91,0.0,1.0,0.0
580.173,3875.0,1551.91,0.0,1.0,0.0
535.144,3875.0,1606.85,0.0,1.0,0.0
535.144,3875.0,1606.85,0.0,1.0,0.0
580.173,3875.0,1551.91,0.0,1.0,0.0
532.629,3875.0,1559.84,0.0,1.0,0.0
535.144,3875.0,1606.85,0.0,1.0,0.0
532.629,3875.0,1559.84,0.0,1.0,0.0
484.5,3875.0,1562.5,0.0,1.0,0.0
844.554,3875.0,1449.19,0.0,1.0,0.0
876.469,3875.0,1409.78,0.0,1.0,0.0
850.76,3875.0,1364.29,0.0,1.0,0.0
850.76,3875.0,1364.29,0.0,1.0,0.0
876.469,3875.0,1409.78,0.0,1.0,0.0
904.089,3875.0,1367.25,0.0,1.0,0.0
850.76,3875.0,1364.29,0.0,1.0,0.0
904.089,3875.0,1367.25,0.0,1.0,0.0
874.861,3875.0,1322.55,0.0,1.0,0.0
874.861,3875.0,1322.55,0.0,1.0,0.0
904.089,3875.0,1367.25,0.0,1.0,0.0
927.113,3875.0,1322.06,0.0,1.0,0.0
874.861,3875.0,1322.55,0.0,1.0,0.0
927.113,3875.0,1322.06,0.0,1.0,0.0
894.224,3875.0,1278.4,0.0,1.0,0.0
894.224,3875.0,1278.4,0.0,1.0,0.0
927.113,3875.0,1322.06,0.0,1.0,0.0
945.287,3875.0,1274.72,0.0,1.0,0.0
894.224,3875.0,1278.4,0.0,1.0,0.0
945.287,3875.0,1274.72,0.0,1.0,0.0
908.613,3875.0,1232.4,0.0,1.0,0.0
908.613,3875.0,1232.4,0.0,1.0,0.0
945.287,3875.0,1274.72,0.0,1.0,0.0
958.413,3875.0,1225.73,0.0,1.0,0.0
908.613,3875.0,1232.4,0.0,1.0,0.0
958.413,3875.0,1225.73,0.0,1.0,0.0
917.853,3875.0,1185.09,0.0,1.0,0.0
917.853,3875.0,1185.09,0.0,1.0,0.0
958.413,3875.0,1225.73,0.0,1.0,0.0
966.346,3875.0,1175.64,0.0,1.0,0.0
917.853,3875.0,1185.09,0.0,1.0,0.0
966.346,3875.0,1175.64,0.0,1.0,0.0
921.834,3875.0,1137.06,0.0,1.0,0.0
921.834,3875.0,1137.06,0.0,1.0,0.0
966.346,3875.0,1175.64,0.0,1.0,0.0
969.0,3875.0,1125.0,0.0,1.0,0.0
921.834,3875.0,1137.06,0.0,1.0,0.0
969.0,3875.0,1125.0,0.0,1.0,0.0
920.506,3875.0,1088.87,0.0,1.0,0.0
920.506,3875.0,1088.87,0.0,1.0,0.0
969.0,3875.0,1125.0,0.0,1.0,0.0
966.346,3875.0,1074.36,0.0,1.0,0.0
920.506,3875.0,1088.87,0.0,1.0,0.0
966.346,3875.0,1074.36,0.0,1.0,0.0
913.885,3875.0,1041.13,0.0,1.0,0.0
913.885,3875.0,1041.13,0.0,1.0,0.0
966.346,3875.0,1074.36,0.0,1.0,0.0
958.413,3875.0,1024.27,0.0,1.0,0.0
913.885,3875.0,1041.13,0.0,1.0,0.0
958.413,3875.0,1024.27,0.0,1.0,0.0
902.052,3875.0,994.4,0.0,1.0,0.0
902.052,3875.0,994.4,0.0,1.0,0.0
958.413,3875.0,1024.27,0.0,1.0,0.0
945.287,3875.0,975.281,0.0,1.0,0.0
902.052,3875.0,994.4,0.0,1.0,0.0
945.287,3875.0,975.281,0.0,1.0,0.0
885.151,3875.0,949.258,0.0,1.0,0.0
885.151,3875.0,949.258,0.0,1.0,0.0
945.287,3875.0,975.281,0.0,1.0,0.0
927.113,3875.0,927.936,0.0,1.0,0.0
885.151,3875.0,949.258,0.0,1.0,0.0
927.113,3875.0,927.936,0.0,1.0,0.0
863.386,3875.0,906.25,0.0,1.0,0.0
863.386,3875.0,906.25,0.0,1.0,0.0
927.113,3875.0,927.936,0.0,1.0,0.0
904.089,3875.0,882.75,0.0,1.0,0.0
863.386,3875.0,906.25,0.0,1.0,0.0
904.089,3875.0,882.75,0.0,1.0,0.0
837.022,3875.0,865.897,0.0,1.0,0.0
837.022,3875.0,865.897,0.0,1.0,0.0
904.089,3875.0,882.75,0.0,1.0,0.0
876.469,3875.0,840.218,0.0,1.0,0.0
837.022,3875.0,865.897,0.0,1.0,0.0
876.469,3875.0,840.218,0.0,1.0,0.0
806.379,3875.0,828.689,0.0,1.0,0.0
806.379,3875.0,828.689,0.0,1.0,0.0
876.469,3875.0,840.218,0.0,1.0,0.0
844.554,3875.0,800.806,0.0,1.0,0.0
806.379,3875.0,828.689,0.0,1.0,0.0
844.554,3875.0,800.806,0.0,1.0,0.0
771.829,3875.0,795.078,0.0,1.0,0.0
771.829,3875.0,795.078,0.0,1.0,0.0
844.554,3875.0,800.806,0.0,1.0,0.0
808.694,3875.0,764.946,0.0,1.0,0.0
771.829,3875.0,795.078,0.0,1.0,0.0
808.694,3875.0,764.946,0.0,1.0,0.0
733.791,3875.0,765.472,0.0,1.0,0.0
733.791,3875.0,765.472,0.0,1.0,0.0
808.694,3875.0,764.946,0.0,1.0,0.0
769.282,3875.0,733.031,0.0,1.0,0.0
733.791,3875.0,765.472,0.0,1.0,0.0
769.282,3875.0,733.031,0.0,1.0,0.0
692.727,3875.0,740.23,0.0,1.0,0.0
692.727,3875.0,740.23,0.0,1.0,0.0
769.282,3875.0,733.031,0.0,1.0,0.0
726.75,3875.0,705.411,0.0,1.0,0.0
692.727,3875.0,740.23,0.0,1.0,0.0
726.75,3875.0,705.411,0.0,1.0,0.0
649.135,3875.0,719.659,0.0,1.0,0.0
649.135,3875.0,719.659,0.0,1.0,0.0
726.75,3875.0,705.411,0.0,1.0,0.0
681.564,3875.0,682.387,0.0,1.0,0.0
649.135,3875.0,719.659,0.0,1.0,0.0
681.564,3875.0,682.387,0.0,1.0,0.0
603.545,3875.0,704.008,0.0,1.0,0.0
603.545,3875.0,704.008,0.0,1.0,0.0
681.564,3875.0,682.387,0.0,1.0,0.0
634.219,3875.0,664.213,0.0,1.0,0.0
603.545,3875.0,704.008,0.0,1.0,0.0
634.219,3875.0,664.213,0.0,1.0,0.0
556.51,3875.0,693.467,0.0,1.0,0.0
556.51,3875.0,693.467,0.0,1.0,0.0
634.219,3875.0,664.213,0.0,1.0,0.0
585.233,3875.0,651.087,0.0,1.0,0.0
556.51,3875.0,693.467,0.0,1.0,0.0
585.233,3875.0,651.087,0.0,1.0,0.0
508.601,3875.0,688.164,0.0,1.0,0.0
508.601,3875.0,688.164,0.0,1.0,0.0
585.233,3875.0,651.087,0.0,1.0,0.0
535.144,3875.0,643.154,0.0,1.0,0.0
508.601,3875.0,688.164,0.0,1.0,0.0
535.144,3875.0,643.154,0.0,1.0,0.0
484.5,3875.0,640.5,0.0,1.0,0.0
484.5,4094.0,1312.5,0.0,1.0,0.0
532.629,4094.0,1559.84,0.0,1.0,0.0
515.362,4094.0,1309.94,0.0,1.0,0.0
515.362,4094.0,1309.94,0.0,1.0,0.0
532.629,4094.0,1559.84,0.0,1.0,0.0
580.173,4094.0,1551.91,0.0,1.0,0.0
515.362,4094.0,1309.94,0.0,1.0,0.0
580.173,4094.0,1551.91,0.0,1.0,0.0
545.381,4094.0,1302.34,0.0,1.0,0.0
423.619,4094.0,1302.34,0.0,1.0,0.0
388.827,4094.0,1551.91,0.0,1.0,0.0
453.638,4094.0,1309.94,0.0,1.0,0.0
453.638,4094.0,1309.94,0.0,1.0,0.0
388.827,4094.0,1551.91,0.0,1.0,0.0
436.371,4094.0,1559.84,0.0,1.0,0.0
453.638,4094.0,1309.94,0.0,1.0,0.0
436.371,4094.0,1559.84,0.0,1.0,0.0
484.5,4094.0,1312.5,0.0,1.0,0.0
484.5,4094.0,1312.5,0.0,1.0,0.0
436.371,4094.0,1559.84,0.0,1.0,0.0
484.5,4094.0,1562.5,0.0,1.0,0.0
484.5,4094.0,1312.5,0.0,1.0,0.0
484.5,4094.0,1562.5,0.0,1.0,0.0
532.629,4094.0,1559.84,0.0,1.0,0.0
327.531,4094.0,1227.55,0.0,1.0,0.0
146.786,4094.0,1403.13,0.0,1.0,0.0
346.552,4094.0,1251.99,0.0,1.0,0.0
346.552,4094.0,1251.99,0.0,1.0,0.0
146.786,4094.0,1403.13,0.0,1.0,0.0
179.433,4094.0,1438.59,0.0,1.0,0.0
346.552,4094.0,1251.99,0.0,1.0,0.0
179.433,4094.0,1438.59,0.0,1.0,0.0
369.335,4094.0,1272.96,0.0,1.0,0.0
297.64,4094.0,1109.52,0.0,1.0,0.0
47.1661,4094.0,1137.06,0.0,1.0,0.0
297.64,4094.0,1140.48,0.0,1.0,0.0
297.64,4094.0,1140.48,0.0,1.0,0.0
47.1661,4094.0,1137.06,0.0,1.0,0.0
51.1466,4094.0,1185.09,0.0,1.0,0.0
297.64,4094.0,1140.48,0.0,1.0,0.0
51.1466,4094.0,1185.09,0.0,1.0,0.0
302.737,4094.0,1171.03,0.0,1.0,0.0
179.433,4094.0,1438.59,0.0,1.0,0.0
215.782,4094.0,1470.25,0.0,1.0,0.0
369.335,4094.0,1272.96,0.0,1.0,0.0
369.335,4094.0,1272.96,0.0,1.0,0.0
215.782,4094.0,1470.25,0.0,1.0,0.0
255.393,4094.0,1497.71,0.0,1.0,0.0
369.335,4094.0,1272.96,0.0,1.0,0.0
255.393,4094.0,1497.71,0.0,1.0,0.0
395.26,4094.0,1289.9,0.0,1.0,0.0
395.26,4094.0,1289.9,0.0,1.0,0.0
255.393,4094.0,1497.71,0.0,1.0,0.0
297.785,4094.0,1520.66,0.0,1.0,0.0
395.26,4094.0,1289.9,0.0,1.0,0.0
297.785,4094.0,1520.66,0.0,1.0,0.0
423.619,4094.0,1302.34,0.0,1.0,0.0
423.619,4094.0,1302.34,0.0,1.0,0.0
297.785,4094.0,1520.66,0.0,1.0,0.0
342.444,4094.0,1538.8,0.0,1.0,0.0
423.619,4094.0,1302.34,0.0,1.0,0.0
342.444,4094.0,1538.8,0.0,1.0,0.0
388.827,4094.0,1551.91,0.0,1.0,0.0
346.552,4094.0,998.01,0.0,1.0,0.0
131.978,4094.0,865.897,0.0,1.0,0.0
327.531,4094.0,1022.45,0.0,1.0,0.0
327.531,4094.0,1022.45,0.0,1.0,0.0
131.978,4094.0,865.897,0.0,1.0,0.0
105.614,4094.0,906.25,0.0,1.0,0.0
327.531,4094.0,1022.45,0.0,1.0,0.0
105.614,4094.0,906.25,0.0,1.0,0.0
312.792,4094.0,1049.68,0.0,1.0,0.0
453.638,4094.0,940.057,0.0,1.0,0.0
365.455,4094.0,704.008,0.0,1.0,0.0
423.619,4094.0,947.659,0.0,1.0,0.0
423.619,4094.0,947.659,0.0,1.0,0.0
365.455,4094.0,704.008,0.0,1.0,0.0
319.865,4094.0,719.659,0.0,1.0,0.0
423.619,4094.0,947.659,0.0,1.0,0.0
319.865,4094.0,719.659,0.0,1.0,0.0
395.26,4094.0,960.099,0.0,1.0,0.0
51.1466,4094.0,1185.09,0.0,1.0,0.0
60.3874,4094.0,1232.4,0.0,1.0,0.0
302.737,4094.0,1171.03,0.0,1.0,0.0
302.737,4094.0,1171.03,0.0,1.0,0.0
60.3874,4094.0,1232.4,0.0,1.0,0.0
74.7763,4094.0,1278.4,0.0,1.0,0.0
302.737,4094.0,1171.03,0.0,1.0,0.0
74.7763,4094.0,1278.4,0.0,1.0,0.0
312.792,4094.0,1200.32,0.0,1.0,0.0
312.792,4094.0,1200.32,0.0,1.0,0.0
74.7763,4094.0,1278.4,0.0,1.0,0.0
94.1388,4094.0,1322.55,0.0,1.0,0.0
312.792,4094.0,1200.32,0.0,1.0,0.0
94.1388,4094.0,1322.55,0.0,1.0,0.0
327.531,4094.0,1227.55,0.0,1.0,0.0
327.531,4094.0,1227.55,0.0,1.0,0.0
94.1388,4094.0,1322.55,0.0,1.0,0.0
118.24,4094.0,1364.29,0.0,1.0,0.0
327.531,4094.0,1227.55,0.0,1.0,0.0
118.24,4094.0,1364.29,0.0,1.0,0.0
146.786,4094.0,1403.13,0.0,1.0,0.0
105.614,4094.0,906.25,0.0,1.0,0.0
83.8492,4094.0,949.258,0.0,1.0,0.0
312.792,4094.0,1049.68,0.0,1.0,0.0
312.792,4094.0,1049.68,0.0,1.0,0.0
83.8492,4094.0,949.258,0.0,1.0,0.0
66.9478,4094.0,994.4,0.0,1.0,0.0
312.792,4094.0,1049.68,0.0,1.0,0.0
66.9478,4094.0,994.4,0.0,1.0,0.0
302.737,4094.0,1078.97,0.0,1.0,0.0
302.737,4094.0,1078.97,0.0,1.0,0.0
66.9478,4094.0,994.4,0.0,1.0,0.0
55.115,4094.0,1041.13,0.0,1.0,0.0
302.737,4094.0,1078.97,0.0,1.0,0.0
55.115,4094.0,1041.13,0.0,1.0,0.0
297.64,4094.0,1109.52,0.0,1.0,0.0
297.64,4094.0,1109.52,0.0,1.0,0.0
55.115,4094.0,1041.13,0.0,1.0,0.0
48.4943,4094.0,1088.87,0.0,1.0,0.0
297.64,4094.0,1109.52,0.0,1.0,0.0
48.4943,4094.0,1088.87,0.0,1.0,0.0
47.1661,4094.0,1137.06,0.0,1.0,0.0
319.865,4094.0,719.659,0.0,1.0,0.0
276.273,4094.0,740.23,0.0,1.0,0.0
395.26,4094.0,960.099,0.0,1.0,0.0
395.26,4094.0,960.099,0.0,1.0,0.0
276.273,4094.0,740.23,0.0,1.0,0.0
235.209,4094.0,765.472,0.0,1.0,0.0
395.26,4094.0,960.099,0.0,1.0,0.0
235.209,4094.0,765.472,0.0,1.0,0.0
369.335,4094.0,977.036,0.0,1.0,0.0
369.335,4094.0,977.036,0.0,1.0,0.0
235.209,4094.0,765.472,0.0,1.0,0.0
197.171,4094.0,795.078,0.0,1.0,0.0
369.335,4094.0,977.036,0.0,1.0,0.0
197.171,4094.0,795.078,0.0,1.0,0.0
346.552,4094.0,998.01,0.0,1.0,0.0
346.552,4094.0,998.01,0.0,1.0,0.0
197.171,4094.0,795.078,0.0,1.0,0.0
162.621,4094.0,828.689,0.0,1.0,0.0
346.552,4094.0,998.01,0.0,1.0,0.0
162.621,4094.0,828.689,0.0,1.0,0.0
131.978,4094.0,865.897,0.0,1.0,0.0
515.362,4094.0,940.057,0.0,1.0,0.0
508.601,4094.0,688.164,0.0,1.0,0.0
484.5,4094.0,937.5,0.0,1.0,0.0
484.5,4094.0,937.5,0.0,1.0,0.0
508.601,4094.0,688.164,0.0,1.0,0.0
460.399,4094.0,688.164,0.0,1.0,0.0
484.5,4094.0,937.5,0.0,1.0,0.0
460.399,4094.0,688.164,0.0,1.0,0.0
453.638,4094.0,940.057,0.0,1.0,0.0
453.638,4094.0,940.057,0.0,1.0,0.0
460.399,4094.0,688.164,0.0,1.0,0.0
412.49,4094.0,693.467,0.0,1.0,0.0
453.638,4094.0,940.057,0.0,1.0,0.0
412.49,4094.0,693.467,0.0,1.0,0.0
365.455,4094.0,704.008,0.0,1.0,0.0
573.74,4094.0,960.099,0.0,1.0,0.0
649.135,4094.0,719.659,0.0,1.0,0.0
545.381,4094.0,947.659,0.0,1.0,0.0
545.381,4094.0,947.659,0.0,1.0,0.0
649.135,4094.0,719.659,0.0,1.0,0.0
603.545,4094.0,704.008,0.0,1.0,0.0
545.381,4094.0,947.659,0.0,1.0,0.0
603.545,4094.0,704.008,0.0,1.0,0.0
515.362,4094.0,940.057,0.0,1.0,0.0
515.362,4094.0,940.057,0.0,1.0,0.0
603.545,4094.0,704.008,0.0,1.0,0.0
556.51,4094.0,693.467,0.0,1.0,0.0
515.362,4094.0,940.057,0.0,1.0,0.0
556.51,4094.0,693.467,0.0,1.0,0.0
508.601,4094.0,688.164,0.0,1.0,0.0
656.208,4094.0,1049.68,0.0,1.0,0.0
863.386,4094.0,906.25,0.0,1.0,0.0
641.469,4094.0,1022.45,0.0,1.0,0.0
641.469,4094.0,1022.45,0.0,1.0,0.0
863.386,4094.0,906.25,0.0,1.0,0.0
837.022,4094.0,865.897,0.0,1.0,0.0
641.469,4094.0,1022.45,0.0,1.0,0.0
837.022,4094.0,865.897,0.0,1.0,0.0
622.448,4094.0,998.01,0.0,1.0,0.0
671.36,4094.0,1140.48,0.0,1.0,0.0
921.834,4094.0,1137.06,0.0,1.0,0.0
671.36,4094.0,1109.52,0.0,1.0,0.0
671.36,4094.0,1109.52,0.0,1.0,0.0
921.834,4094.0,1137.06,0.0,1.0,0.0
920.506,4094.0,1088.87,0.0,1.0,0.0
671.36,4094.0,1109.52,0.0,1.0,0.0
920.506,4094.0,1088.87,0.0,1.0,0.0
666.263,4094.0,1078.97,0.0,1.0,0.0
580.173,4094.0,1551.91,0.0,1.0,0.0
626.556,4094.0,1538.8,0.0,1.0,0.0
545.381,4094.0,1302.34,0.0,1.0,0.0
545.381,4094.0,1302.34,0.0,1.0,0.0
626.556,4094.0,1538.8,0.0,1.0,0.0
671.215,4094.0,1520.66,0.0,1.0,0.0
545.381,4094.0,1302.34,0.0,1.0,0.0
671.215,4094.0,1520.66,0.0,1.0,0.0
573.74,4094.0,1289.9,0.0,1.0,0.0
573.74,4094.0,1289.9,0.0,1.0,0.0
671.215,4094.0,1520.66,0.0,1.0,0.0
713.607,4094.0,1497.71,0.0,1.0,0.0
573.74,4094.0,1289.9,0.0,1.0,0.0
713.607,4094.0,1497.71,0.0,1.0,0.0
599.665,4094.0,1272.96,0.0,1.0,0.0
599.665,4094.0,1272.96,0.0,1.0,0.0
713.607,4094.0,1497.71,0.0,1.0,0.0
753.218,4094.0,1470.25,0.0,1.0,0.0
599.665,4094.0,1272.96,0.0,1.0,0.0
753.218,4094.0,1470.25,0.0,1.0,0.0
622.448,4094.0,1251.99,0.0,1.0,0.0
837.022,4094.0,865.897,0.0,1.0,0.0
806.379,4094.0,828.689,0.0,1.0,0.0
622.448,4094.0,998.01,0.0,1.0,0.0
622.448,4094.0,998.01,0.0,1.0,0.0
806.379,4094.0,828.689,0.0,1.0,0.0
771.829,4094.0,795.078,0.0,1.0,0.0
622.448,4094.0,998.01,0.0,1.0,0.0
771.829,4094.0,795.078,0.0,1.0,0.0
599.665,4094.0,977.036,0.0,1.0,0.0
599.665,4094.0,977.036,0.0,1.0,0.0
771.829,4094.0,795.078,0.0,1.0,0.0
733.791,4094.0,765.472,0.0,1.0,0.0
599.665,4094.0,977.036,0.0,1.0,0.0
733.791,4094.0,765.472,0.0,1.0,0.0
573.74,4094.0,960.099,0.0,1.0,0.0
573.74,4094.0,960.099,0.0,1.0,0.0
733.791,4094.0,765.472,0.0,1.0,0.0
692.727,4094.0,740.23,0.0,1.0,0.0
573.74,4094.0,960.099,0.0,1.0,0.0
692.727,4094.0,740.23,0.0,1.0,0.0
649.135,4094.0,719.659,0.0,1.0,0.0
920.506,4094.0,1088.87,0.0,1.0,0.0
913.885,4094.0,1041.13,0.0,1.0,0.0
666.263,4094.0,1078.97,0.0,1.0,0.0
666.263,4094.0,1078.97,0.0,1.0,0.0
913.885,4094.0,1041.13,0.0,1.0,0.0
902.052,4094.0,994.4,0.0,1.0,0.0
666.263,4094.0,1078.97,0.0,1.0,0.0
902.052,4094.0,994.4,0.0,1.0,0.0
656.208,4094.0,1049.68,0.0,1.0,0.0
656.208,4094.0,1049.68,0.0,1.0,0.0
902.052,4094.0,994.4,0.0,1.0,0.0
885.151,4094.0,949.258,0.0,1.0,0.0
656.208,4094.0,1049.68,0.0,1.0,0.0
885.151,4094.0,949.258,0.0,1.0,0.0
863.386,4094.0,906.25,0.0,1.0,0.0
753.218,4094.0,1470.25,0.0,1.0,0.0
789.567,4094.0,1438.59,0.0,1.0,0.0
622.448,4094.0,1251.99,0.0,1.0,0.0
622.448,4094.0,1251.99,0.0,1.0,0.0
789.567,4094.0,1438.59,0.0,1.0,0.0
822.214,4094.0,1403.13,0.0,1.0,0.0
622.448,4094.0,1251.99,0.0,1.0,0.0
822.214,4094.0,1403.13,0.0,1.0,0.0
641.469,4094.0,1227.55,0.0,1.0,0.0
822.214,4094.0,1403.13,0.0,1.0,0.0
850.76,4094.0,1364.29,0.0,1.0,0.0
641.469,4094.0,1227.55,0.0,1.0,0.0
641.469,4094.0,1227.55,0.0,1.0,0.0
850.76,4094.0,1364.29,0.0,1.0,0.0
874.861,4094.0,1322.55,0.0,1.0,0.0
641.469,4094.0,1227.55,0.0,1.0,0.0
874.861,4094.0,1322.55,0.0,1.0,0.0
656.208,4094.0,1200.32,0.0,1.0,0.0
656.208,4094.0,1200.32,0.0,1.0,0.0
874.861,4094.0,1322.55,0.0,1.0,0.0
894.224,4094.0,1278.4,0.0,1.0,0.0
656.208,4094.0,1200.32,0.0,1.0,0.0
894.224,4094.0,1278.4,0.0,1.0,0.0
666.263,4094.0,1171.03,0.0,1.0,0.0
666.263,4094.0,1171.03,0.0,1.0,0.0
894.224,4094.0,1278.4,0.0,1.0,0.0
908.613,4094.0,1232.4,0.0,1.0,0.0
666.263,4094.0,1171.03,0.0,1.0,0.0
908.613,4094.0,1232.4,0.0,1.0,0.0
671.36,4094.0,1140.48,0.0,1.0,0.0
671.36,4094.0,1140.48,0.0,1.0,0.0
908.613,4094.0,1232.4,0.0,1.0,0.0
917.853,4094.0,1185.09,0.0,1.0,0.0
671.36,4094.0,1140.48,0.0,1.0,0.0
917.853,4094.0,1185.09,0.0,1.0,0.0
921.834,4094.0,1137.06,0.0,1.0,0.0
535.144,3875.0,1606.85,0.156435,0.0,0.987688
535.144,3813.0,1606.85,0.156435,0.0,0.987688
585.233,3875.0,1598.91,0.156435,0.0,0.987688
585.233,3875.0,1598.91,0.156435,0.0,0.987688
535.144,3813.0,1606.85,0.156435,0.0,0.987688
585.233,3813.0,1598.91,0.156435,0.0,0.987688
585.233,3875.0,1598.91,0.258817,0.0,0.965926
585.233,3813.0,1598.91,0.258817,0.0,0.965926
634.219,3875.0,1585.79,0.258817,0.0,0.965926
634.219,3875.0,1585.79,0.258817,0.0,0.965926
585.233,3813.0,1598.91,0.258817,0.0,0.965926
634.219,3813.0,1585.79,0.258817,0.0,0.965926
634.219,3875.0,1585.79,0.358369,0.0,0.93358
634.219,3813.0,1585.79,0.358369,0.0,0.93358
681.564,3875.0,1567.61,0.358369,0.0,0.93358
681.564,3875.0,1567.61,0.358369,0.0,0.93358
634.219,3813.0,1585.79,0.358369,0.0,0.93358
681.564,3813.0,1567.61,0.358369,0.0,0.93358
681.564,3875.0,1567.61,0.453992,0.0,0.891006
681.564,3813.0,1567.61,0.453992,0.0,0.891006
726.75,3875.0,1544.59,0.453992,0.0,0.891006
726.75,3875.0,1544.59,0.453992,0.0,0.891006
681.564,3813.0,1567.61,0.453992,0.0,0.891006
726.75,3813.0,1544.59,0.453992,0.0,0.891006
726.75,3875.0,1544.59,0.544638,0.0,0.838672
726.75,3813.0,1544.59,0.544638,0.0,0.838672
769.282,3875.0,1516.97,0.544638,0.0,0.838672
769.282,3875.0,1516.97,0.544638,0.0,0.838672
726.75,3813.0,1544.59,0.544638,0.0,0.838672
769.282,3813.0,1516.97,0.544638,0.0,0.838672
769.282,3875.0,1516.97,0.62932,0.0,0.777146
769.282,3813.0,1516.97,0.62932,0.0,0.777146
808.694,3875.0,1485.05,0.62932,0.0,0.777146
808.694,3875.0,1485.05,0.62932,0.0,0.777146
769.282,3813.0,1516.97,0.62932,0.0,0.777146
808.694,3813.0,1485.05,0.62932,0.0,0.777146
808.694,3875.0,1485.05,0.707107,0.0,0.707107
808.694,3813.0,1485.05,0.707107,0.0,0.707107
844.554,3875.0,1449.19,0.707107,0.0,0.707107
844.554,3875.0,1449.19,0.707107,0.0,0.707107
808.694,3813.0,1485.05,0.707107,0.0,0.707107
844.554,3813.0,1449.19,0.707107,0.0,0.707107
844.554,3875.0,1449.19,0.777147,0.0,0.62932
844.554,3813.0,1449.19,0.777147,0.0,0.62932
876.469,3875.0,1409.78,0.777147,0.0,0.62932
876.469,3875.0,1409.78,0.777147,0.0,0.62932
844.554,3813.0,1449.19,0.777147,0.0,0.62932
876.469,3813.0,1409.78,0.777147,0.0,0.62932
876.469,3875.0,1409.78,0.83867,0.0,0.54464
876.469,3813.0,1409.78,0.83867,0.0,0.54464
904.089,3875.0,1367.25,0.83867,0.0,0.54464
904.089,3875.0,1367.25,0.83867,0.0,0.54464
876.469,3813.0,1409.78,0.83867,0.0,0.54464
904.089,3813.0,1367.25,0.83867,0.0,0.54464
904.089,3875.0,1367.25,0.891007,0.0,0.45399
904.089,3813.0,1367.25,0.891007,0.0,0.45399
927.113,3875.0,1322.06,0.891007,0.0,0.45399
927.113,3875.0,1322.06,0.891007,0.0,0.45399
904.089,3813.0,1367.25,0.891007,0.0,0.45399
927.113,3813.0,1322.06,0.891007,0.0,0.45399
927.113,3875.0,1322.06,0.93358,0.0,0.358368
927.113,3813.0,1322.06,0.93358,0.0,0.358368
945.287,3875.0,1274.72,0.93358,0.0,0.358368
945.287,3875.0,1274.72,0.93358,0.0,0.358368
927.113,3813.0,1322.06,0.93358,0.0,0.358368
945.287,3813.0,1274.72,0.93358,0.0,0.358368
945.287,3875.0,1274.72,0.965926,0.0,0.258819
945.287,3813.0,1274.72,0.965926,0.0,0.258819
958.413,3875.0,1225.73,0.965926,0.0,0.258819
958.413,3875.0,1225.73,0.965926,0.0,0.258819
945.287,3813.0,1274.72,0.965926,0.0,0.258819
958.413,3813.0,1225.73,0.965926,0.0,0.258819
958.413,3875.0,1225.73,0.987688,0.0,0.156434
958.413,3813.0,1225.73,0.987688,0.0,0.156434
966.346,3875.0,1175.64,0.987688,0.0,0.156434
966.346,3875.0,1175.64,0.987688,0.0,0.156434
958.413,3813.0,1225.73,0.987688,0.0,0.156434
966.346,3813.0,1175.64,0.987688,0.0,0.156434
966.346,3875.0,1175.64,0.99863,0.0,0.0523366
966.346,3813.0,1175.64,0.99863,0.0,0.0523366
969.0,3875.0,1125.0,0.99863,0.0,0.0523366
969.0,3875.0,1125.0,0.99863,0.0,0.0523366
966.346,3813.0,1175.64,0.99863,0.0,0.0523366
969.0,3813.0,1125.0,0.99863,0.0,0.0523366
969.0,3875.0,1125.0,0.99863,0.0,-0.0523366
969.0,3813.0,1125.0,0.99863,0.0,-0.0523366
966.346,3875.0,1074.36,0.99863,0.0,-0.0523366
966.346,3875.0,1074.36,0.99863,0.0,-0.0523366
969.0,3813.0,1125.0,0.99863,0.0,-0.0523366
966.346,3813.0,1074.36,0.99863,0.0,-0.0523366
966.346,3875.0,1074.36,0.987688,0.0,-0.156434
966.346,3813.0,1074.36,0.987688,0.0,-0.156434
958.413,3875.0,1024.27,0.987688,0.0,-0.156434
958.413,3875.0,1024.27,0.987688,0.0,-0.156434
966.346,3813.0,1074.36,0.987688,0.0,-0.156434
958.413,3813.0,1024.27,0.987688,0.0,-0.156434
958.413,3875.0,1024.27,0.965926,0.0,-0.258819
958.413,3813.0,1024.27,0.965926,0.0,-0.258819
945.287,3875.0,975.281,0.965926,0.0,-0.258819
945.287,3875.0,975.281,0.965926,0.0,-0.258819
958.413,3813.0,1024.27,0.965926,0.0,-0.258819
945.287,3813.0,975.281,0.965926,0.0,-0.258819
945.287,3875.0,975.281,0.93358,0.0,-0.358368
945.287,3813.0,975.281,0.93358,0.0,-0.358368
927.113,3875.0,927.936,0.93358,0.0,-0.358368
927.113,3875.0,927.936,0.93358,0.0,-0.358368
945.287,3813.0,975.281,0.93358,0.0,-0.358368
927.113,3813.0,927.936,0.93358,0.0,-0.358368
927.113,3875.0,927.936,0.891007,0.0,-0.453989
927.113,3813.0,927.936,0.891007,0.0,-0.453989
904.089,3875.0,882.75,0.891007,0.0,-0.453989
904.089,3875.0,882.75,0.891007,0.0,-0.453989
927.113,3813.0,927.936,0.891007,0.0,-0.453989
904.089,3813.0,882.75,0.891007,0.0,-0.453989
904.089,3875.0,882.75,0.83867,0.0,-0.544641
904.089,3813.0,882.75,0.83867,0.0,-0.544641
876.469,3875.0,840.218,0.83867,0.0,-0.544641
876.469,3875.0,840.218,0.83867,0.0,-0.544641
904.089,3813.0,882.75,0.83867,0.0,-0.544641
876.469,3813.0,840.218,0.83867,0.0,-0.544641
876.469,3875.0,840.218,0.777147,0.0,-0.62932
876.469,3813.0,840.218,0.777147,0.0,-0.62932
844.554,3875.0,800.806,0.777147,0.0,-0.62932
844.554,3875.0,800.806,0.777147,0.0,-0.62932
876.469,3813.0,840.218,0.777147,0.0,-0.62932
844.554,3813.0,800.806,0.777147,0.0,-0.62932
844.554,3875.0,800.806,0.707107,0.0,-0.707107
844.554,3813.0,800.806,0.707107,0.0,-0.707107
808.694,3875.0,764.946,0.707107,0.0,-0.707107
808.694,3875.0,764.946,0.707107,0.0,-0.707107
844.554,3813.0,800.806,0.707107,0.0,-0.707107
808.694,3813.0,764.946,0.707107,0.0,-0.707107
808.694,3875.0,764.946,0.629321,0.0,-0.777145
808.694,3813.0,764.946,0.629321,0.0,-0.777145
769.282,3875.0,733.031,0.629321,0.0,-0.777145
769.282,3875.0,733.031,0.629321,0.0,-0.777145
808.694,3813.0,764.946,0.629321,0.0,-0.777145
769.282,3813.0,733.031,0.629321,0.0,-0.777145
769.282,3875.0,733.031,0.544638,0.0,-0.838671
769.282,3813.0,733.031,0.544638,0.0,-0.838671
726.75,3875.0,705.411,0.544638,0.0,-0.838671
726.75,3875.0,705.411,0.544638,0.0,-0.838671
769.282,3813.0,733.031,0.544638,0.0,-0.838671
726.75,3813.0,705.411,0.544638,0.0,-0.838671
726.75,3875.0,705.411,0.453991,0.0,-0.891006
726.75,3813.0,705.411,0.453991,0.0,-0.891006
681.564,3875.0,682.387,0.453991,0.0,-0.891006
681.564,3875.0,682.387,0.453991,0.0,-0.891006
726.75,3813.0,705.411,0.453991,0.0,-0.891006
681.564,3813.0,682.387,0.453991,0.0,-0.891006
681.564,3875.0,682.387,0.358367,0.0,-0.933581
681.564,3813.0,682.387,0.358367,0.0,-0.933581
634.219,3875.0,664.213,0.358367,0.0,-0.933581
634.219,3875.0,664.213,0.358367,0.0,-0.933581
681.564,3813.0,682.387,0.358367,0.0,-0.933581
634.219,3813.0,664.213,0.358367,0.0,-0.933581
634.219,3875.0,664.213,0.25882,0.0,-0.965926
634.219,3813.0,664.213,0.25882,0.0,-0.965926
585.233,3875.0,651.087,0.25882,0.0,-0.965926
585.233,3875.0,651.087,0.25882,0.0,-0.965926
634.219,3813.0,664.213,0.25882,0.0,-0.965926
585.233,3813.0,651.087,0.25882,0.0,-0.965926
585.233,3875.0,651.087,0.156433,0.0,-0.987689
585.233,3813.0,651.087,0.156433,0.0,-0.987689
535.144,3875.0,643.154,0.156433,0.0,-0.987689
535.144,3875.0,643.154,0.156433,0.0,-0.987689
585.233,3813.0,651.087,0.156433,0.0,-0.987689
535.144,3813.0,643.154,0.156433,0.0,-0.987689
535.144,3875.0,643.154,0.0523366,0.0,-0.99863
535.144,3813.0,643.154,0.0523366,0.0,-0.99863
484.5,3875.0,640.5,0.0523366,0.0,-0.99863
484.5,3875.0,640.5,0.0523366,0.0,-0.99863
535.144,3813.0,643.154,0.0523366,0.0,-0.99863
484.5,3813.0,640.5,0.0523366,0.0,-0.99863
484.5,3875.0,640.5,-0.0523366,0.0,-0.99863
484.5,3813.0,640.5,-0.0523366,0.0,-0.99863
433.856,3875.0,643.154,-0.0523366,0.0,-0.99863
433.856,3875.0,643.154,-0.0523366,0.0,-0.99863
484.5,3813.0,640.5,-0.0523366,0.0,-0.99863
433.856,3813.0,643.154,-0.0523366,0.0,-0.99863
433.856,3875.0,643.154,-0.156433,0.0,-0.987689
433.856,3813.0,643.154,-0.156433,0.0,-0.987689
383.767,3875.0,651.087,-0.156433,0.0,-0.987689
383.767,3875.0,651.087,-0.156433,0.0,-0.987689
433.856,3813.0,643.154,-0.156433,0.0,-0.987689
383.767,3813.0,651.087,-0.156433,0.0,-0.987689
383.767,3875.0,651.087,-0.25882,0.0,-0.965926
383.767,3813.0,651.087,-0.25882,0.0,-0.965926
334.781,3875.0,664.213,-0.25882,0.0,-0.965926
334.781,3875.0,664.213,-0.25882,0.0,-0.965926
383.767,3813.0,651.087,-0.25882,0.0,-0.965926
334.781,3813.0,664.213,-0.25882,0.0,-0.965926
334.781,3875.0,664.213,-0.358367,0.0,-0.933581
334.781,3813.0,664.213,-0.358367,0.0,-0.933581
287.436,3875.0,682.387,-0.358367,0.0,-0.933581
287.436,3875.0,682.387,-0.358367,0.0,-0.933581
334.781,3813.0,664.213,-0.358367,0.0,-0.933581
287.436,3813.0,682.387,-0.358367,0.0,-0.933581
287.436,3875.0,682.387,-0.453991,0.0,-0.891006
287.436,3813.0,682.387,-0.453991,0.0,-0.891006
242.25,3875.0,705.411,-0.453991,0.0,-0.891006
242.25,3875.0,705.411,-0.453991,0.0,-0.891006
287.436,3813.0,682.387,-0.453991,0.0,-0.891006
242.25,3813.0,705.411,-0.453991,0.0,-0.891006
242.25,3875.0,705.411,-0.544639,0.0,-0.838671
242.25,3813.0,705.411,-0.544639,0.0,-0.838671
199.718,3875.0,733.031,-0.544639,0.0,-0.838671
199.718,3875.0,733.031,-0.544639,0.0,-0.838671
242.25,3813.0,705.411,-0.544639,0.0,-0.838671
199.718,3813.0,733.031,-0.544639,0.0,-0.838671
199.718,3875.0,733.031,-0.629321,0.0,-0.777146
199.718,3813.0,733.031,-0.629321,0.0,-0.777146
160.306,3875.0,764.946,-0.629321,0.0,-0.777146
160.306,3875.0,764.946,-0.629321,0.0,-0.777146
199.718,3813.0,733.031,-0.629321,0.0,-0.777146
160.306,3813.0,764.946,-0.629321,0.0,-0.777146
160.306,3875.0,764.946,-0.707107,0.0,-0.707107
160.306,3813.0,764.946,-0.707107,0.0,-0.707107
124.446,3875.0,800.806,-0.707107,0.0,-0.707107
124.446,3875.0,800.806,-0.707107,0.0,-0.707107
160.306,3813.0,764.946,-0.707107,0.0,-0.707107
124.446,3813.0,800.806,-0.707107,0.0,-0.707107
124.446,3875.0,800.806,-0.777146,0.0,-0.62932
124.446,3813.0,800.806,-0.777146,0.0,-0.62932
92.5313,3875.0,840.218,-0.777146,0.0,-0.62932
92.5313,3875.0,840.218,-0.777146,0.0,-0.62932
124.446,3813.0,800.806,-0.777146,0.0,-0.62932
92.5313,3813.0,840.218,-0.777146,0.0,-0.62932
92.5313,3875.0,840.218,-0.83867,0.0,-0.544639
92.5313,3813.0,840.218,-0.83867,0.0,-0.544639
64.9107,3875.0,882.75,-0.83867,0.0,-0.544639
64.9107,3875.0,882.75,-0.83867,0.0,-0.544639
92.5313,3813.0,840.218,-0.83867,0.0,-0.544639
64.9107,3813.0,882.75,-0.83867,0.0,-0.544639
64.9107,3875.0,882.75,-0.891007,0.0,-0.45399
64.9107,3813.0,882.75,-0.891007,0.0,-0.45399
41.8872,3875.0,927.936,-0.891007,0.0,-0.45399
41.8872,3875.0,927.936,-0.891007,0.0,-0.45399
64.9107,3813.0,882.75,-0.891007,0.0,-0.45399
41.8872,3813.0,927.936,-0.891007,0.0,-0.45399
41.8872,3875.0,927.936,-0.93358,0.0,-0.358368
41.8872,3813.0,927.936,-0.93358,0.0,-0.358368
23.7131,3875.0,975.281,-0.93358,0.0,-0.358368
23.7131,3875.0,975.281,-0.93358,0.0,-0.358368
41.8872,3813.0,927.936,-0.93358,0.0,-0.358368
23.7131,3813.0,975.281,-0.93358,0.0,-0.358368
23.7131,3875.0,975.281,-0.965926,0.0,-0.258819
23.7131,3813.0,975.281,-0.965926,0.0,-0.258819
10.5875,3875.0,1024.27,-0.965926,0.0,-0.258819
10.5875,3875.0,1024.27,-0.965926,0.0,-0.258819
23.7131,3813.0,975.281,-0.965926,0.0,-0.258819
10.5875,3813.0,1024.27,-0.965926,0.0,-0.258819
10.5875,3875.0,1024.27,-0.987688,0.0,-0.156435
10.5875,3813.0,1024.27,-0.987688,0.0,-0.156435
2.65414,3875.0,1074.36,-0.987688,0.0,-0.156435
2.65414,3875.0,1074.36,-0.987688,0.0,-0.156435
10.5875,3813.0,1024.27,-0.987688,0.0,-0.156435
2.65414,3813.0,1074.36,-0.987688,0.0,-0.156435
2.65414,3875.0,1074.36,-0.99863,0.0,-0.0523358
2.65414,3813.0,1074.36,-0.99863,0.0,-0.0523358
0.0,3875.0,1125.0,-0.99863,0.0,-0.0523358
0.0,3875.0,1125.0,-0.99863,0.0,-0.0523358
2.65414,3813.0,1074.36,-0.99863,0.0,-0.0523358
0.0,3813.0,1125.0,-0.99863,0.0,-0.0523358
0.0,3875.0,1125.0,-0.99863,0.0,0.0523358
0.0,3813.0,1125.0,-0.99863,0.0,0.0523358
2.65414,3875.0,1175.64,-0.99863,0.0,0.0523358
2.65414,3875.0,1175.64,-0.99863,0.0,0.0523358
0.0,3813.0,1125.0,-0.99863,0.0,0.0523358
2.65414,3813.0,1175.64,-0.99863,0.0,0.0523358
2.65414,3875.0,1175.64,-0.987688,0.0,0.156435
2.65414,3813.0,1175.64,-0.987688,0.0,0.156435
10.5875,3875.0,1225.73,-0.987688,0.0,0.156435
10.5875,3875.0,1225.73,-0.987688,0.0,0.156435
2.65414,3813.0,1175.64,-0.987688,0.0,0.156435
10.5875,3813.0,1225.73,-0.987688,0.0,0.156435
10.5875,3875.0,1225.73,-0.965926,0.0,0.258819
10.5875,3813.0,1225.73,-0.965926,0.0,0.258819
23.7131,3875.0,1274.72,-0.965926,0.0,0.258819
23.7131,3875.0,1274.72,-0.965926,0.0,0.258819
10.5875,3813.0,1225.73,-0.965926,0.0,0.258819
23.7131,3813.0,1274.72,-0.965926,0.0,0.258819
23.7131,3875.0,1274.72,-0.933581,0.0,0.358368
23.7131,3813.0,1274.72,-0.933581,0.0,0.358368
41.8872,3875.0,1322.06,-0.933581,0.0,0.358368
41.8872,3875.0,1322.06,-0.933581,0.0,0.358368
23.7131,3813.0,1274.72,-0.933581,0.0,0.358368
41.8872,3813.0,1322.06,-0.933581,0.0,0.358368
41.8872,3875.0,1322.06,-0.891006,0.0,0.453991
41.8872,3813.0,1322.06,-0.891006,0.0,0.453991
64.9107,3875.0,1367.25,-0.891006,0.0,0.453991
64.9107,3875.0,1367.25,-0.891006,0.0,0.453991
41.8872,3813.0,1322.06,-0.891006,0.0,0.453991
64.9107,3813.0,1367.25,-0.891006,0.0,0.453991
64.9107,3875.0,1367.25,-0.838671,0.0,0.544639
64.9107,3813.0,1367.25,-0.838671,0.0,0.544639
92.5313,3875.0,1409.78,-0.838671,0.0,0.544639
92.5313,3875.0,1409.78,-0.838671,0.0,0.544639
64.9107,3813.0,1367.25,-0.838671,0.0,0.544639
92.5313,3813.0,1409.78,-0.838671,0.0,0.544639
92.5313,3875.0,1409.78,-0.777146,0.0,0.62932
92.5313,3813.0,1409.78,-0.777146,0.0,0.62932
124.446,3875.0,1449.19,-0.777146,0.0,0.62932
124.446,3875.0,1449.19,-0.777146,0.0,0.62932
92.5313,3813.0,1409.78,-0.777146,0.0,0.62932
124.446,3813.0,1449.19,-0.777146,0.0,0.62932
124.446,3875.0,1449.19,-0.707107,0.0,0.707107
124.446,3813.0,1449.19,-0.707107,0.0,0.707107
160.306,3875.0,1485.05,-0.707107,0.0,0.707107
160.306,3875.0,1485.05,-0.707107,0.0,0.707107
124.446,3813.0,1449.19,-0.707107,0.0,0.707107
160.306,3813.0,1485.05,-0.707107,0.0,0.707107
160.306,3875.0,1485.05,-0.62932,0.0,0.777146
160.306,3813.0,1485.05,-0.62932,0.0,0.777146
199.718,3875.0,1516.97,-0.62932,0.0,0.777146
199.718,3875.0,1516.97,-0.62932,0.0,0.777146
160.306,3813.0,1485.05,-0.62932,0.0,0.777146
199.718,3813.0,1516.97,-0.62932,0.0,0.777146
199.718,3875.0,1516.97,-0.544638,0.0,0.838671
199.718,3813.0,1516.97,-0.544638,0.0,0.838671
242.25,3875.0,1544.59,-0.544638,0.0,0.838671
242.25,3875.0,1544.59,-0.544638,0.0,0.838671
199.718,3813.0,1516.97,-0.544638,0.0,0.838671
242.25,3813.0,1544.59,-0.544638,0.0,0.838671
242.25,3875.0,1544.59,-0.453992,0.0,0.891006
242.25,3813.0,1544.59,-0.453992,0.0,0.891006
287.436,3875.0,1567.61,-0.453992,0.0,0.891006
287.436,3875.0,1567.61,-0.453992,0.0,0.891006
242.25,3813.0,1544.59,-0.453992,0.0,0.891006
287.436,3813.0,1567.61,-0.453992,0.0,0.891006
287.436,3875.0,1567.61,-0.358369,0.0,0.93358
287.436,3813.0,1567.61,-0.358369,0.0,0.93358
334.781,3875.0,1585.79,-0.358369,0.0,0.93358
334.781,3875.0,1585.79,-0.358369,0.0,0.93358
287.436,3813.0,1567.61,-0.358369,0.0,0.93358
334.781,3813.0,1585.79,-0.358369,0.0,0.93358
334.781,3875.0,1585.79,-0.258816,0.0,0.965927
334.781,3813.0,1585.79,-0.258816,0.0,0.965927
383.767,3875.0,1598.91,-0.258816,0.0,0.965927
383.767,3875.0,1598.91,-0.258816,0.0,0.965927
334.781,3813.0,1585.79,-0.258816,0.0,0.965927
383.767,3813.0,1598.91,-0.258816,0.0,0.965927
383.767,3875.0,1598.91,-0.156435,0.0,0.987688
383.767,3813.0,1598.91,-0.156435,0.0,0.987688
433.856,3875.0,1606.85,-0.156435,0.0,0.987688
433.856,3875.0,1606.85,-0.156435,0.0,0.987688
383.767,3813.0,1598.91,-0.156435,0.0,0.987688
433.856,3813.0,1606.85,-0.156435,0.0,0.987688
433.856,3875.0,1606.85,-0.0523366,0.0,0.99863
433.856,3813.0,1606.85,-0.0523366,0.0,0.99863
484.5,3875.0,1609.5,-0.0523366,0.0,0.99863
484.5,3875.0,1609.5,-0.0523366,0.0,0.99863
433.856,3813.0,1606.85,-0.0523366,0.0,0.99863
484.5,3813.0,1609.5,-0.0523366,0.0,0.99863
484.5,3875.0,1609.5,0.0523366,0.0,0.99863
484.5,3813.0,1609.5,0.0523366,0.0,0.99863
535.144,3875.0,1606.85,0.0523366,0.0,0.99863
535.144,3875.0,1606.85,0.0523366,0.0,0.99863
484.5,3813.0,1609.5,0.0523366,0.0,0.99863
535.144,3813.0,1606.85,0.0523366,0.0,0.99863
515.362,4094.0,940.057,-0.245485,0.0,0.9694
515.362,3813.0,940.057,-0.245485,0.0,0.9694
545.381,4094.0,947.659,-0.245485,0.0,0.9694
545.381,4094.0,947.659,-0.245485,0.0,0.9694
515.362,3813.0,940.057,-0.245485,0.0,0.9694
545.381,3813.0,947.659,-0.245485,0.0,0.9694
545.381,4094.0,947.659,-0.401696,0.0,0.915773
545.381,3813.0,947.659,-0.401696,0.0,0.915773
573.74,4094.0,960.099,-0.401696,0.0,0.915773
573.74,4094.0,960.099,-0.401696,0.0,0.915773
545.381,3813.0,947.659,-0.401696,0.0,0.915773
573.74,3813.0,960.099,-0.401696,0.0,0.915773
573.74,4094.0,960.099,-0.546949,0.0,0.837166
573.74,3813.0,960.099,-0.546949,0.0,0.837166
599.665,4094.0,977.036,-0.546949,0.0,0.837166
599.665,4094.0,977.036,-0.546949,0.0,0.837166
573.74,3813.0,960.099,-0.546949,0.0,0.837166
599.665,3813.0,977.036,-0.546949,0.0,0.837166
599.665,4094.0,977.036,-0.677281,0.0,0.735724
599.665,3813.0,977.036,-0.677281,0.0,0.735724
622.448,4094.0,998.01,-0.677281,0.0,0.735724
622.448,4094.0,998.01,-0.677281,0.0,0.735724
599.665,3813.0,977.036,-0.677281,0.0,0.735724
622.448,3813.0,998.01,-0.677281,0.0,0.735724
622.448,4094.0,998.01,-0.78914,0.0,0.614213
622.448,3813.0,998.01,-0.78914,0.0,0.614213
641.469,4094.0,1022.45,-0.78914,0.0,0.614213
641.469,4094.0,1022.45,-0.78914,0.0,0.614213
622.448,3813.0,998.01,-0.78914,0.0,0.614213
641.469,3813.0,1022.45,-0.78914,0.0,0.614213
641.469,4094.0,1022.45,-0.879473,0.0,0.475948
641.469,3813.0,1022.45,-0.879473,0.0,0.475948
656.208,4094.0,1049.68,-0.879473,0.0,0.475948
656.208,4094.0,1049.68,-0.879473,0.0,0.475948
641.469,3813.0,1022.45,-0.879473,0.0,0.475948
656.208,3813.0,1049.68,-0.879473,0.0,0.475948
656.208,4094.0,1049.68,-0.945818,0.0,0.324697
656.208,3813.0,1049.68,-0.945818,0.0,0.324697
666.263,4094.0,1078.97,-0.945818,0.0,0.324697
666.263,4094.0,1078.97,-0.945818,0.0,0.324697
656.208,3813.0,1049.68,-0.945818,0.0,0.324697
666.263,3813.0,1078.97,-0.945818,0.0,0.324697
666.263,4094.0,1078.97,-0.986361,0.0,0.164597
666.263,3813.0,1078.97,-0.986361,0.0,0.164597
671.36,4094.0,1109.52,-0.986361,0.0,0.164597
671.36,4094.0,1109.52,-0.986361,0.0,0.164597
666.263,3813.0,1078.97,-0.986361,0.0,0.164597
671.36,3813.0,1109.52,-0.986361,0.0,0.164597
671.36,4094.0,1109.52,-1.0,0.0,0.0
671.36,3813.0,1109.52,-1.0,0.0,0.0
671.36,4094.0,1140.48,-1.0,0.0,0.0
671.36,4094.0,1140.48,-1.0,0.0,0.0
671.36,3813.0,1109.52,-1.0,0.0,0.0
671.36,3813.0,1140.48,-1.0,0.0,0.0
671.36,4094.0,1140.48,-0.986361,0.0,-0.164597
671.36,3813.0,1140.48,-0.986361,0.0,-0.164597
666.263,4094.0,1171.03,-0.986361,0.0,-0.164597
666.263,4094.0,1171.03,-0.986361,0.0,-0.164597
671.36,3813.0,1140.48,-0.986361,0.0,-0.164597
666.263,3813.0,1171.03,-0.986361,0.0,-0.164597
666.263,4094.0,1171.03,-0.945818,0.0,-0.324697
666.263,3813.0,1171.03,-0.945818,0.0,-0.324697
656.208,4094.0,1200.32,-0.945818,0.0,-0.324697
656.208,4094.0,1200.32,-0.945818,0.0,-0.324697
666.263,3813.0,1171.03,-0.945818,0.0,-0.324697
656.208,3813.0,1200.32,-0.945818,0.0,-0.324697
656.208,4094.0,1200.32,-0.879473,0.0,-0.475949
656.208,3813.0,1200.32,-0.879473,0.0,-0.475949
641.469,4094.0,1227.55,-0.879473,0.0,-0.475949
641.469,4094.0,1227.55,-0.879473,0.0,-0.475949
656.208,3813.0,1200.32,-0.879473,0.0,-0.475949
641.469,3813.0,1227.55,-0.879473,0.0,-0.475949
641.469,4094.0,1227.55,-0.789141,0.0,-0.614212
641.469,3813.0,1227.55,-0.789141,0.0,-0.614212
622.448,4094.0,1251.99,-0.789141,0.0,-0.614212
622.448,4094.0,1251.99,-0.789141,0.0,-0.614212
641.469,3813.0,1227.55,-0.789141,0.0,-0.614212
622.448,3813.0,1251.99,-0.789141,0.0,-0.614212
622.448,4094.0,1251.99,-0.677281,0.0,-0.735724
622.448,3813.0,1251.99,-0.677281,0.0,-0.735724
599.665,4094.0,1272.96,-0.677281,0.0,-0.735724
599.665,4094.0,1272.96,-0.677281,0.0,-0.735724
622.448,3813.0,1251.99,-0.677281,0.0,-0.735724
599.665,3813.0,1272.96,-0.677281,0.0,-0.735724
599.665,4094.0,1272.96,-0.546949,0.0,-0.837166
599.665,3813.0,1272.96,-0.546949,0.0,-0.837166
573.74,4094.0,1289.9,-0.546949,0.0,-0.837166
573.74,4094.0,1289.9,-0.546949,0.0,-0.837166
599.665,3813.0,1272.96,-0.546949,0.0,-0.837166
573.74,3813.0,1289.9,-0.546949,0.0,-0.837166
573.74,4094.0,1289.9,-0.401693,0.0,-0.915774
573.74,3813.0,1289.9,-0.401693,0.0,-0.915774
545.381,4094.0,1302.34,-0.401693,0.0,-0.915774
545.381,4094.0,1302.34,-0.401693,0.0,-0.915774
573.74,3813.0,1289.9,-0.401693,0.0,-0.915774
545.381,3813.0,1302.34,-0.401693,0.0,-0.915774
545.381,4094.0,1302.34,-0.245487,0.0,-0.9694
545.381,3813.0,1302.34,-0.245487,0.0,-0.9694
515.362,4094.0,1309.94,-0.245487,0.0,-0.9694
515.362,4094.0,1309.94,-0.245487,0.0,-0.9694
545.381,3813.0,1302.34,-0.245487,0.0,-0.9694
515.362,3813.0,1309.94,-0.245487,0.0,-0.9694
515.362,4094.0,1309.94,-0.0825791,0.0,-0.996585
515.362,3813.0,1309.94,-0.0825791,0.0,-0.996585
484.5,4094.0,1312.5,-0.0825791,0.0,-0.996585
484.5,4094.0,1312.5,-0.0825791,0.0,-0.996585
515.362,3813.0,1309.94,-0.0825791,0.0,-0.996585
484.5,3813.0,1312.5,-0.0825791,0.0,-0.996585
484.5,4094.0,1312.5,0.0825791,0.0,-0.996585
484.5,3813.0,1312.5,0.0825791,0.0,-0.996585
453.638,4094.0,1309.94,0.0825791,0.0,-0.996585
453.638,4094.0,1309.94,0.0825791,0.0,-0.996585
484.5,3813.0,1312.5,0.0825791,0.0,-0.996585
453.638,3813.0,1309.94,0.0825791,0.0,-0.996585
453.638,4094.0,1309.94,0.245487,0.0,-0.9694
453.638,3813.0,1309.94,0.245487,0.0,-0.9694
423.619,4094.0,1302.34,0.245487,0.0,-0.9694
423.619,4094.0,1302.34,0.245487,0.0,-0.9694
453.638,3813.0,1309.94,0.245487,0.0,-0.9694
423.619,3813.0,1302.34,0.245487,0.0,-0.9694
423.619,4094.0,1302.34,0.401693,0.0,-0.915774
423.619,3813.0,1302.34,0.401693,0.0,-0.915774
395.26,4094.0,1289.9,0.401693,0.0,-0.915774
395.26,4094.0,1289.9,0.401693,0.0,-0.915774
423.619,3813.0,1302.34,0.401693,0.0,-0.915774
395.26,3813.0,1289.9,0.401693,0.0,-0.915774
395.26,4094.0,1289.9,0.546949,0.0,-0.837166
395.26,3813.0,1289.9,0.546949,0.0,-0.837166
369.335,4094.0,1272.96,0.546949,0.0,-0.837166
369.335,4094.0,1272.96,0.546949,0.0,-0.837166
395.26,3813.0,1289.9,0.546949,0.0,-0.837166
369.335,3813.0,1272.96,0.546949,0.0,-0.837166
369.335,4094.0,1272.96,0.677281,0.0,-0.735724
369.335,3813.0,1272.96,0.677281,0.0,-0.735724
346.552,4094.0,1251.99,0.677281,0.0,-0.735724
346.552,4094.0,1251.99,0.677281,0.0,-0.735724
369.335,3813.0,1272.96,0.677281,0.0,-0.735724
346.552,3813.0,1251.99,0.677281,0.0,-0.735724
346.552,4094.0,1251.99,0.789141,0.0,-0.614212
346.552,3813.0,1251.99,0.789141,0.0,-0.614212
327.531,4094.0,1227.55,0.789141,0.0,-0.614212
327.531,4094.0,1227.55,0.789141,0.0,-0.614212
346.552,3813.0,1251.99,0.789141,0.0,-0.614212
327.531,3813.0,1227.55,0.789141,0.0,-0.614212
327.531,4094.0,1227.55,0.879473,0.0,-0.475948
327.531,3813.0,1227.55,0.879473,0.0,-0.475948
312.792,4094.0,1200.32,0.879473,0.0,-0.475948
312.792,4094.0,1200.32,0.879473,0.0,-0.475948
327.531,3813.0,1227.55,0.879473,0.0,-0.475948
312.792,3813.0,1200.32,0.879473,0.0,-0.475948
312.792,4094.0,1200.32,0.945818,0.0,-0.324698
312.792,3813.0,1200.32,0.945818,0.0,-0.324698
302.737,4094.0,1171.03,0.945818,0.0,-0.324698
302.737,4094.0,1171.03,0.945818,0.0,-0.324698
312.792,3813.0,1200.32,0.945818,0.0,-0.324698
302.737,3813.0,1171.03,0.945818,0.0,-0.324698
302.737,4094.0,1171.03,0.986361,0.0,-0.164596
302.737,3813.0,1171.03,0.986361,0.0,-0.164596
297.64,4094.0,1140.48,0.986361,0.0,-0.164596
297.64,4094.0,1140.48,0.986361,0.0,-0.164596
302.737,3813.0,1171.03,0.986361,0.0,-0.164596
297.64,3813.0,1140.48,0.986361,0.0,-0.164596
297.64,4094.0,1140.48,1.0,0.0,0.0
297.64,3813.0,1140.48,1.0,0.0,0.0
297.64,4094.0,1109.52,1.0,0.0,0.0
297.64,4094.0,1109.52,1.0,0.0,0.0
297.64,3813.0,1140.48,1.0,0.0,0.0
297.64,3813.0,1109.52,1.0,0.0,0.0
297.64,4094.0,1109.52,0.986361,0.0,0.164596
297.64,3813.0,1109.52,0.986361,0.0,0.164596
302.737,4094.0,1078.97,0.986361,0.0,0.164596
302.737,4094.0,1078.97,0.986361,0.0,0.164596
297.64,3813.0,1109.52,0.986361,0.0,0.164596
302.737,3813.0,1078.97,0.986361,0.0,0.164596
302.737,4094.0,1078.97,0.945818,0.0,0.324698
302.737,3813.0,1078.97,0.945818,0.0,0.324698
312.792,4094.0,1049.68,0.945818,0.0,0.324698
312.792,4094.0,1049.68,0.945818,0.0,0.324698
302.737,3813.0,1078.97,0.945818,0.0,0.324698
312.792,3813.0,1049.68,0.945818,0.0,0.324698
312.792,4094.0,1049.68,0.879474,0.0,0.475947
312.792,3813.0,1049.68,0.879474,0.0,0.475947
327.531,4094.0,1022.45,0.879474,0.0,0.475947
327.531,4094.0,1022.45,0.879474,0.0,0.475947
312.792,3813.0,1049.68,0.879474,0.0,0.475947
327.531,3813.0,1022.45,0.879474,0.0,0.475947
327.531,4094.0,1022.45,0.78914,0.0,0.614213
327.531,3813.0,1022.45,0.78914,0.0,0.614213
346.552,4094.0,998.01,0.78914,0.0,0.614213
346.552,4094.0,998.01,0.78914,0.0,0.614213
327.531,3813.0,1022.45,0.78914,0.0,0.614213
346.552,3813.0,998.01,0.78914,0.0,0.614213
346.552,4094.0,998.01,0.677281,0.0,0.735724
346.552,3813.0,998.01,0.677281,0.0,0.735724
369.335,4094.0,977.036,0.677281,0.0,0.735724
369.335,4094.0,977.036,0.677281,0.0,0.735724
346.552,3813.0,998.01,0.677281,0.0,0.735724
369.335,3813.0,977.036,0.677281,0.0,0.735724
369.335,4094.0,977.036,0.546949,0.0,0.837166
369.335,3813.0,977.036,0.546949,0.0,0.837166
395.26,4094.0,960.099,0.546949,0.0,0.837166
395.26,4094.0,960.099,0.546949,0.0,0.837166
369.335,3813.0,977.036,0.546949,0.0,0.837166
395.26,3813.0,960.099,0.546949,0.0,0.837166
395.26,4094.0,960.099,0.401696,0.0,0.915773
395.26,3813.0,960.099,0.401696,0.0,0.915773
423.619,4094.0,947.659,0.401696,0.0,0.915773
423.619,4094.0,947.659,0.401696,0.0,0.915773
395.26,3813.0,960.099,0.401696,0.0,0.915773
423.619,3813.0,947.659,0.401696,0.0,0.915773
423.619,4094.0,947.659,0.245485,0.0,0.9694
423.619,3813.0,947.659,0.245485,0.0,0.9694
453.638,4094.0,940.057,0.245485,0.0,0.9694
453.638,4094.0,940.057,0.245485,0.0,0.9694
423.619,3813.0,947.659,0.245485,0.0,0.9694
453.638,3813.0,940.057,0.245485,0.0,0.9694
453.638,4094.0,940.057,0.0825791,0.0,0.996585
453.638,3813.0,940.057,0.0825791,0.0,0.996585
484.5,4094.0,937.5,0.0825791,0.0,0.996585
484.5,4094.0,937.5,0.0825791,0.0,0.996585
453.638,3813.0,940.057,0.0825791,0.0,0.996585
484.5,3813.0,937.5,0.0825791,0.0,0.996585
484.5,4094.0,937.5,-0.0825791,0.0,0.996585
484.5,3813.0,937.5,-0.0825791,0.0,0.996585
515.362,4094.0,940.057,-0.0825791,0.0,0.996585
515.362,4094.0,940.057,-0.0825791,0.0,0.996585
484.5,3813.0,937.5,-0.0825791,0.0,0.996585
515.362,3813.0,940.057,-0.0825791,0.0,0.996585
484.5,3813.0,937.5,0.0,-1.0,0.0
453.638,3813.0,940.057,0.0,-1.0,0.0
433.856,3813.0,643.154,0.0,-1.0,0.0
395.26,3813.0,960.099,0.0,-1.0,0.0
287.436,3813.0,682.387,0.0,-1.0,0.0
423.619,3813.0,947.659,0.0,-1.0,0.0
423.619,3813.0,947.659,0.0,-1.0,0.0
287.436,3813.0,682.387,0.0,-1.0,0.0
334.781,3813.0,664.213,0.0,-1.0,0.0
423.619,3813.0,947.659,0.0,-1.0,0.0
334.781,3813.0,664.213,0.0,-1.0,0.0
453.638,3813.0,940.057,0.0,-1.0,0.0
453.638,3813.0,940.057,0.0,-1.0,0.0
334.781,3813.0,664.213,0.0,-1.0,0.0
383.767,3813.0,651.087,0.0,-1.0,0.0
453.638,3813.0,940.057,0.0,-1.0,0.0
383.767,3813.0,651.087,0.0,-1.0,0.0
433.856,3813.0,643.154,0.0,-1.0,0.0
346.552,3813.0,998.01,0.0,-1.0,0.0
160.306,3813.0,764.946,0.0,-1.0,0.0
369.335,3813.0,977.036,0.0,-1.0,0.0
369.335,3813.0,977.036,0.0,-1.0,0.0
160.306,3813.0,764.946,0.0,-1.0,0.0
199.718,3813.0,733.031,0.0,-1.0,0.0
369.335,3813.0,977.036,0.0,-1.0,0.0
199.718,3813.0,733.031,0.0,-1.0,0.0
395.26,3813.0,960.099,0.0,-1.0,0.0
395.26,3813.0,960.099,0.0,-1.0,0.0
199.718,3813.0,733.031,0.0,-1.0,0.0
242.25,3813.0,705.411,0.0,-1.0,0.0
395.26,3813.0,960.099,0.0,-1.0,0.0
242.25,3813.0,705.411,0.0,-1.0,0.0
287.436,3813.0,682.387,0.0,-1.0,0.0
423.619,3813.0,1302.34,0.0,-1.0,0.0
287.436,3813.0,1567.61,0.0,-1.0,0.0
395.26,3813.0,1289.9,0.0,-1.0,0.0
395.26,3813.0,1289.9,0.0,-1.0,0.0
287.436,3813.0,1567.61,0.0,-1.0,0.0
242.25,3813.0,1544.59,0.0,-1.0,0.0
395.26,3813.0,1289.9,0.0,-1.0,0.0
242.25,3813.0,1544.59,0.0,-1.0,0.0
369.335,3813.0,1272.96,0.0,-1.0,0.0
484.5,3813.0,1312.5,0.0,-1.0,0.0
433.856,3813.0,1606.85,0.0,-1.0,0.0
453.638,3813.0,1309.94,0.0,-1.0,0.0
453.638,3813.0,1309.94,0.0,-1.0,0.0
433.856,3813.0,1606.85,0.0,-1.0,0.0
383.767,3813.0,1598.91,0.0,-1.0,0.0
453.638,3813.0,1309.94,0.0,-1.0,0.0
383.767,3813.0,1598.91,0.0,-1.0,0.0
423.619,3813.0,1302.34,0.0,-1.0,0.0
423.619,3813.0,1302.34,0.0,-1.0,0.0
383.767,3813.0,1598.91,0.0,-1.0,0.0
334.781,3813.0,1585.79,0.0,-1.0,0.0
423.619,3813.0,1302.34,0.0,-1.0,0.0
334.781,3813.0,1585.79,0.0,-1.0,0.0
287.436,3813.0,1567.61,0.0,-1.0,0.0
515.362,3813.0,1309.94,0.0,-1.0,0.0
535.144,3813.0,1606.85,0.0,-1.0,0.0
484.5,3813.0,1312.5,0.0,-1.0,0.0
484.5,3813.0,1312.5,0.0,-1.0,0.0
535.144,3813.0,1606.85,0.0,-1.0,0.0
484.5,3813.0,1609.5,0.0,-1.0,0.0
484.5,3813.0,1312.5,0.0,-1.0,0.0
484.5,3813.0,1609.5,0.0,-1.0,0.0
433.856,3813.0,1606.85,0.0,-1.0,0.0
297.64,3813.0,1140.48,0.0,-1.0,0.0
0.0,3813.0,1125.0,0.0,-1.0,0.0
297.64,3813.0,1109.52,0.0,-1.0,0.0
297.64,3813.0,1109.52,0.0,-1.0,0.0
0.0,3813.0,1125.0,0.0,-1.0,0.0
2.65414,3813.0,1074.36,0.0,-1.0,0.0
297.64,3813.0,1109.52,0.0,-1.0,0.0
2.65414,3813.0,1074.36,0.0,-1.0,0.0
302.737,3813.0,1078.97,0.0,-1.0,0.0
242.25,3813.0,1544.59,0.0,-1.0,0.0
199.718,3813.0,1516.97,0.0,-1.0,0.0
369.335,3813.0,1272.96,0.0,-1.0,0.0
369.335,3813.0,1272.96,0.0,-1.0,0.0
199.718,3813.0,1516.97,0.0,-1.0,0.0
160.306,3813.0,1485.05,0.0,-1.0,0.0
369.335,3813.0,1272.96,0.0,-1.0,0.0
160.306,3813.0,1485.05,0.0,-1.0,0.0
346.552,3813.0,1251.99,0.0,-1.0,0.0
346.552,3813.0,1251.99,0.0,-1.0,0.0
160.306,3813.0,1485.05,0.0,-1.0,0.0
124.446,3813.0,1449.19,0.0,-1.0,0.0
346.552,3813.0,1251.99,0.0,-1.0,0.0
124.446,3813.0,1449.19,0.0,-1.0,0.0
327.531,3813.0,1227.55,0.0,-1.0,0.0
312.792,3813.0,1049.68,0.0,-1.0,0.0
64.9107,3813.0,882.75,0.0,-1.0,0.0
327.531,3813.0,1022.45,0.0,-1.0,0.0
327.531,3813.0,1022.45,0.0,-1.0,0.0
64.9107,3813.0,882.75,0.0,-1.0,0.0
92.5313,3813.0,840.218,0.0,-1.0,0.0
327.531,3813.0,1022.45,0.0,-1.0,0.0
92.5313,3813.0,840.218,0.0,-1.0,0.0
346.552,3813.0,998.01,0.0,-1.0,0.0
346.552,3813.0,998.01,0.0,-1.0,0.0
92.5313,3813.0,840.218,0.0,-1.0,0.0
124.446,3813.0,800.806,0.0,-1.0,0.0
346.552,3813.0,998.01,0.0,-1.0,0.0
124.446,3813.0,800.806,0.0,-1.0,0.0
160.306,3813.0,764.946,0.0,-1.0,0.0
312.792,3813.0,1200.32,0.0,-1.0,0.0
23.7131,3813.0,1274.72,0.0,-1.0,0.0
302.737,3813.0,1171.03,0.0,-1.0,0.0
302.737,3813.0,1171.03,0.0,-1.0,0.0
23.7131,3813.0,1274.72,0.0,-1.0,0.0
10.5875,3813.0,1225.73,0.0,-1.0,0.0
302.737,3813.0,1171.03,0.0,-1.0,0.0
10.5875,3813.0,1225.73,0.0,-1.0,0.0
297.64,3813.0,1140.48,0.0,-1.0,0.0
297.64,3813.0,1140.48,0.0,-1.0,0.0
10.5875,3813.0,1225.73,0.0,-1.0,0.0
2.65414,3813.0,1175.64,0.0,-1.0,0.0
297.64,3813.0,1140.48,0.0,-1.0,0.0
2.65414,3813.0,1175.64,0.0,-1.0,0.0
0.0,3813.0,1125.0,0.0,-1.0,0.0
124.446,3813.0,1449.19,0.0,-1.0,0.0
92.5313,3813.0,1409.78,0.0,-1.0,0.0
327.531,3813.0,1227.55,0.0,-1.0,0.0
327.531,3813.0,1227.55,0.0,-1.0,0.0
92.5313,3813.0,1409.78,0.0,-1.0,0.0
64.9107,3813.0,1367.25,0.0,-1.0,0.0
327.531,3813.0,1227.55,0.0,-1.0,0.0
64.9107,3813.0,1367.25,0.0,-1.0,0.0
312.792,3813.0,1200.32,0.0,-1.0,0.0
312.792,3813.0,1200.32,0.0,-1.0,0.0
64.9107,3813.0,1367.25,0.0,-1.0,0.0
41.8872,3813.0,1322.06,0.0,-1.0,0.0
312.792,3813.0,1200.32,0.0,-1.0,0.0
41.8872,3813.0,1322.06,0.0,-1.0,0.0
23.7131,3813.0,1274.72,0.0,-1.0,0.0
573.74,3813.0,1289.9,0.0,-1.0,0.0
681.564,3813.0,1567.61,0.0,-1.0,0.0
545.381,3813.0,1302.34,0.0,-1.0,0.0
545.381,3813.0,1302.34,0.0,-1.0,0.0
681.564,3813.0,1567.61,0.0,-1.0,0.0
634.219,3813.0,1585.79,0.0,-1.0,0.0
545.381,3813.0,1302.34,0.0,-1.0,0.0
634.219,3813.0,1585.79,0.0,-1.0,0.0
515.362,3813.0,1309.94,0.0,-1.0,0.0
515.362,3813.0,1309.94,0.0,-1.0,0.0
634.219,3813.0,1585.79,0.0,-1.0,0.0
585.233,3813.0,1598.91,0.0,-1.0,0.0
515.362,3813.0,1309.94,0.0,-1.0,0.0
585.233,3813.0,1598.91,0.0,-1.0,0.0
535.144,3813.0,1606.85,0.0,-1.0,0.0
622.448,3813.0,1251.99,0.0,-1.0,0.0
808.694,3813.0,1485.05,0.0,-1.0,0.0
599.665,3813.0,1272.96,0.0,-1.0,0.0
599.665,3813.0,1272.96,0.0,-1.0,0.0
808.694,3813.0,1485.05,0.0,-1.0,0.0
769.282,3813.0,1516.97,0.0,-1.0,0.0
599.665,3813.0,1272.96,0.0,-1.0,0.0
769.282,3813.0,1516.97,0.0,-1.0,0.0
573.74,3813.0,1289.9,0.0,-1.0,0.0
573.74,3813.0,1289.9,0.0,-1.0,0.0
769.282,3813.0,1516.97,0.0,-1.0,0.0
726.75,3813.0,1544.59,0.0,-1.0,0.0
573.74,3813.0,1289.9,0.0,-1.0,0.0
726.75,3813.0,1544.59,0.0,-1.0,0.0
681.564,3813.0,1567.61,0.0,-1.0,0.0
545.381,3813.0,947.659,0.0,-1.0,0.0
681.564,3813.0,682.387,0.0,-1.0,0.0
573.74,3813.0,960.099,0.0,-1.0,0.0
573.74,3813.0,960.099,0.0,-1.0,0.0
681.564,3813.0,682.387,0.0,-1.0,0.0
726.75,3813.0,705.411,0.0,-1.0,0.0
573.74,3813.0,960.099,0.0,-1.0,0.0
726.75,3813.0,705.411,0.0,-1.0,0.0
599.665,3813.0,977.036,0.0,-1.0,0.0
433.856,3813.0,643.154,0.0,-1.0,0.0
484.5,3813.0,640.5,0.0,-1.0,0.0
484.5,3813.0,937.5,0.0,-1.0,0.0
484.5,3813.0,937.5,0.0,-1.0,0.0
484.5,3813.0,640.5,0.0,-1.0,0.0
535.144,3813.0,643.154,0.0,-1.0,0.0
484.5,3813.0,937.5,0.0,-1.0,0.0
535.144,3813.0,643.154,0.0,-1.0,0.0
515.362,3813.0,940.057,0.0,-1.0,0.0
515.362,3813.0,940.057,0.0,-1.0,0.0
535.144,3813.0,643.154,0.0,-1.0,0.0
585.233,3813.0,651.087,0.0,-1.0,0.0
515.362,3813.0,940.057,0.0,-1.0,0.0
585.233,3813.0,651.087,0.0,-1.0,0.0
545.381,3813.0,947.659,0.0,-1.0,0.0
545.381,3813.0,947.659,0.0,-1.0,0.0
585.233,3813.0,651.087,0.0,-1.0,0.0
634.219,3813.0,664.213,0.0,-1.0,0.0
545.381,3813.0,947.659,0.0,-1.0,0.0
634.219,3813.0,664.213,0.0,-1.0,0.0
681.564,3813.0,682.387,0.0,-1.0,0.0
2.65414,3813.0,1074.36,0.0,-1.0,0.0
10.5875,3813.0,1024.27,0.0,-1.0,0.0
302.737,3813.0,1078.97,0.0,-1.0,0.0
302.737,3813.0,1078.97,0.0,-1.0,0.0
10.5875,3813.0,1024.27,0.0,-1.0,0.0
23.7131,3813.0,975.281,0.0,-1.0,0.0
302.737,3813.0,1078.97,0.0,-1.0,0.0
23.7131,3813.0,975.281,0.0,-1.0,0.0
312.792,3813.0,1049.68,0.0,-1.0,0.0
312.792,3813.0,1049.68,0.0,-1.0,0.0
23.7131,3813.0,975.281,0.0,-1.0,0.0
41.8872,3813.0,927.936,0.0,-1.0,0.0
312.792,3813.0,1049.68,0.0,-1.0,0.0
41.8872,3813.0,927.936,0.0,-1.0,0.0
64.9107,3813.0,882.75,0.0,-1.0,0.0
656.208,3813.0,1200.32,0.0,-1.0,0.0
904.089,3813.0,1367.25,0.0,-1.0,0.0
641.469,3813.0,1227.55,0.0,-1.0,0.0
641.469,3813.0,1227.55,0.0,-1.0,0.0
904.089,3813.0,1367.25,0.0,-1.0,0.0
876.469,3813.0,1409.78,0.0,-1.0,0.0
641.469,3813.0,1227.55,0.0,-1.0,0.0
876.469,3813.0,1409.78,0.0,-1.0,0.0
622.448,3813.0,1251.99,0.0,-1.0,0.0
622.448,3813.0,1251.99,0.0,-1.0,0.0
876.469,3813.0,1409.78,0.0,-1.0,0.0
844.554,3813.0,1449.19,0.0,-1.0,0.0
622.448,3813.0,1251.99,0.0,-1.0,0.0
844.554,3813.0,1449.19,0.0,-1.0,0.0
808.694,3813.0,1485.05,0.0,-1.0,0.0
671.36,3813.0,1109.52,0.0,-1.0,0.0
969.0,3813.0,1125.0,0.0,-1.0,0.0
671.36,3813.0,1140.48,0.0,-1.0,0.0
671.36,3813.0,1140.48,0.0,-1.0,0.0
969.0,3813.0,1125.0,0.0,-1.0,0.0
966.346,3813.0,1175.64,0.0,-1.0,0.0
671.36,3813.0,1140.48,0.0,-1.0,0.0
966.346,3813.0,1175.64,0.0,-1.0,0.0
666.263,3813.0,1171.03,0.0,-1.0,0.0
656.208,3813.0,1049.68,0.0,-1.0,0.0
945.287,3813.0,975.281,0.0,-1.0,0.0
666.263,3813.0,1078.97,0.0,-1.0,0.0
666.263,3813.0,1078.97,0.0,-1.0,0.0
945.287,3813.0,975.281,0.0,-1.0,0.0
958.413,3813.0,1024.27,0.0,-1.0,0.0
666.263,3813.0,1078.97,0.0,-1.0,0.0
958.413,3813.0,1024.27,0.0,-1.0,0.0
671.36,3813.0,1109.52,0.0,-1.0,0.0
671.36,3813.0,1109.52,0.0,-1.0,0.0
958.413,3813.0,1024.27,0.0,-1.0,0.0
966.346,3813.0,1074.36,0.0,-1.0,0.0
671.36,3813.0,1109.52,0.0,-1.0,0.0
966.346,3813.0,1074.36,0.0,-1.0,0.0
969.0,3813.0,1125.0,0.0,-1.0,0.0
726.75,3813.0,705.411,0.0,-1.0,0.0
769.282,3813.0,733.031,0.0,-1.0,0.0
599.665,3813.0,977.036,0.0,-1.0,0.0
599.665,3813.0,977.036,0.0,-1.0,0.0
769.282,3813.0,733.031,0.0,-1.0,0.0
808.694,3813.0,764.946,0.0,-1.0,0.0
599.665,3813.0,977.036,0.0,-1.0,0.0
808.694,3813.0,764.946,0.0,-1.0,0.0
622.448,3813.0,998.01,0.0,-1.0,0.0
622.448,3813.0,998.01,0.0,-1.0,0.0
808.694,3813.0,764.946,0.0,-1.0,0.0
844.554,3813.0,800.806,0.0,-1.0,0.0
622.448,3813.0,998.01,0.0,-1.0,0.0
844.554,3813.0,800.806,0.0,-1.0,0.0
641.469,3813.0,1022.45,0.0,-1.0,0.0
966.346,3813.0,1175.64,0.0,-1.0,0.0
958.413,3813.0,1225.73,0.0,-1.0,0.0
666.263,3813.0,1171.03,0.0,-1.0,0.0
666.263,3813.0,1171.03,0.0,-1.0,0.0
958.413,3813.0,1225.73,0.0,-1.0,0.0
945.287,3813.0,1274.72,0.0,-1.0,0.0
666.263,3813.0,1171.03,0.0,-1.0,0.0
945.287,3813.0,1274.72,0.0,-1.0,0.0
656.208,3813.0,1200.32,0.0,-1.0,0.0
656.208,3813.0,1200.32,0.0,-1.0,0.0
945.287,3813.0,1274.72,0.0,-1.0,0.0
927.113,3813.0,1322.06,0.0,-1.0,0.0
656.208,3813.0,1200.32,0.0,-1.0,0.0
927.113,3813.0,1322.06,0.0,-1.0,0.0
904.089,3813.0,1367.25,0.0,-1.0,0.0
844.554,3813.0,800.806,0.0,-1.0,0.0
876.469,3813.0,840.218,0.0,-1.0,0.0
641.469,3813.0,1022.45,0.0,-1.0,0.0
641.469,3813.0,1022.45,0.0,-1.0,0.0
876.469,3813.0,840.218,0.0,-1.0,0.0
904.089,3813.0,882.75,0.0,-1.0,0.0
641.469,3813.0,1022.45,0.0,-1.0,0.0
904.089,3813.0,882.75,0.0,-1.0,0.0
656.208,3813.0,1049.68,0.0,-1.0,0.0
656.208,3813.0,1049.68,0.0,-1.0,0.0
904.089,3813.0,882.75,0.0,-1.0,0.0
927.113,3813.0,927.936,0.0,-1.0,0.0
656.208,3813.0,1049.68,0.0,-1.0,0.0
927.113,3813.0,927.936,0.0,-1.0,0.0
945.287,3813.0,975.281,0.0,-1.0,0.0
