532.629,4656.0,4565.04,0.164602,0.0,0.98636
532.629,4437.0,4565.04,0.164602,0.0,0.98636
580.173,4656.0,4557.11,0.164602,0.0,0.98636
580.173,4656.0,4557.11,0.164602,0.0,0.98636
532.629,4437.0,4565.04,0.164602,0.0,0.98636
580.173,4437.0,4557.11,0.164602,0.0,0.98636
580.173,4656.0,4557.11,0.2721,0.0,0.962269
580.173,4437.0,4557.11,0.2721,0.0,0.962269
626.556,4656.0,4544.0,0.2721,0.0,0.962269
626.556,4656.0,4544.0,0.2721,0.0,0.962269
580.173,4437.0,4557.11,0.2721,0.0,0.962269
626.556,4437.0,4544.0,0.2721,0.0,0.962269
626.556,4656.0,4544.0,0.376307,0.0,0.926495
626.556,4437.0,4544.0,0.376307,0.0,0.926495
671.215,4656.0,4525.86,0.376307,0.0,0.926495
671.215,4656.0,4525.86,0.376307,0.0,0.926495
626.556,4437.0,4544.0,0.376307,0.0,0.926495
671.215,4437.0,4525.86,0.376307,0.0,0.926495
671.215,4656.0,4525.86,0.475946,0.0,0.879475
671.215,4437.0,4525.86,0.475946,0.0,0.879475
713.607,4656.0,4502.92,0.475946,0.0,0.879475
713.607,4656.0,4502.92,0.475946,0.0,0.879475
671.215,4437.0,4525.86,0.475946,0.0,0.879475
713.607,4437.0,4502.92,0.475946,0.0,0.879475
713.607,4656.0,4502.92,0.569809,0.0,0.821777
713.607,4437.0,4502.92,0.569809,0.0,0.821777
753.218,4656.0,4475.45,0.569809,0.0,0.821777
753.218,4656.0,4475.45,0.569809,0.0,0.821777
713.607,4437.0,4502.92,0.569809,0.0,0.821777
753.218,4437.0,4475.45,0.569809,0.0,0.821777
753.218,4656.0,4475.45,0.656754,0.0,0.754105
753.218,4437.0,4475.45,0.656754,0.0,0.754105
789.567,4656.0,4443.79,0.656754,0.0,0.754105
789.567,4656.0,4443.79,0.656754,0.0,0.754105
753.218,4437.0,4475.45,0.656754,0.0,0.754105
789.567,4437.0,4443.79,0.656754,0.0,0.754105
789.567,4656.0,4443.79,0.735726,0.0,0.67728
789.567,4437.0,4443.79,0.735726,0.0,0.67728
822.214,4656.0,4408.33,0.735726,0.0,0.67728
822.214,4656.0,4408.33,0.735726,0.0,0.67728
789.567,4437.0,4443.79,0.735726,0.0,0.67728
822.214,4437.0,4408.33,0.735726,0.0,0.67728
822.214,4656.0,4408.33,0.805765,0.0,0.592235
822.214,4437.0,4408.33,0.805765,0.0,0.592235
850.76,4656.0,4369.49,0.805765,0.0,0.592235
850.76,4656.0,4369.49,0.805765,0.0,0.592235
822.214,4437.0,4408.33,0.805765,0.0,0.592235
850.76,4437.0,4369.49,0.805765,0.0,0.592235
850.76,4656.0,4369.49,0.866024,0.0,0.500002
850.76,4437.0,4369.49,0.866024,0.0,0.500002
874.861,4656.0,4327.75,0.866024,0.0,0.500002
874.861,4656.0,4327.75,0.866024,0.0,0.500002
850.76,4437.0,4369.49,0.866024,0.0,0.500002
874.861,4437.0,4327.75,0.866024,0.0,0.500002
874.861,4656.0,4327.75,0.915774,0.0,0.401694
874.861,4437.0,4327.75,0.915774,0.0,0.401694
894.224,4656.0,4283.6,0.915774,0.0,0.401694
894.224,4656.0,4283.6,0.915774,0.0,0.401694
874.861,4437.0,4327.75,0.915774,0.0,0.401694
894.224,4437.0,4283.6,0.915774,0.0,0.401694
894.224,4656.0,4283.6,0.954405,0.0,0.298514
894.224,4437.0,4283.6,0.954405,0.0,0.298514
908.613,4656.0,4237.6,0.954405,0.0,0.298514
908.613,4656.0,4237.6,0.954405,0.0,0.298514
894.224,4437.0,4283.6,0.954405,0.0,0.298514
908.613,4437.0,4237.6,0.954405,0.0,0.298514
908.613,4656.0,4237.6,0.981451,0.0,0.191714
908.613,4437.0,4237.6,0.981451,0.0,0.191714
917.854,4656.0,4190.29,0.981451,0.0,0.191714
917.854,4656.0,4190.29,0.981451,0.0,0.191714
908.613,4437.0,4237.6,0.981451,0.0,0.191714
917.854,4437.0,4190.29,0.981451,0.0,0.191714
917.854,4656.0,4190.29,0.996585,0.0,0.0825773
917.854,4437.0,4190.29,0.996585,0.0,0.0825773
921.834,4656.0,4142.25,0.996585,0.0,0.0825773
921.834,4656.0,4142.25,0.996585,0.0,0.0825773
917.854,4437.0,4190.29,0.996585,0.0,0.0825773
921.834,4437.0,4142.25,0.996585,0.0,0.0825773
921.834,4656.0,4142.25,0.99962,0.0,-0.0275559
921.834,4437.0,4142.25,0.99962,0.0,-0.0275559
920.506,4656.0,4094.07,0.99962,0.0,-0.0275559
920.506,4656.0,4094.07,0.99962,0.0,-0.0275559
921.834,4437.0,4142.25,0.99962,0.0,-0.0275559
920.506,4437.0,4094.07,0.99962,0.0,-0.0275559
920.506,4656.0,4094.07,0.990522,0.0,-0.137353
920.506,4437.0,4094.07,0.990522,0.0,-0.137353
913.885,4656.0,4046.33,0.990522,0.0,-0.137353
913.885,4656.0,4046.33,0.990522,0.0,-0.137353
920.506,4437.0,4094.07,0.990522,0.0,-0.137353
913.885,4437.0,4046.33,0.990522,0.0,-0.137353
913.885,4656.0,4046.33,0.9694,0.0,-0.245486
913.885,4437.0,4046.33,0.9694,0.0,-0.245486
902.052,4656.0,3999.6,0.9694,0.0,-0.245486
902.052,4656.0,3999.6,0.9694,0.0,-0.245486
913.885,4437.0,4046.33,0.9694,0.0,-0.245486
902.052,4437.0,3999.6,0.9694,0.0,-0.245486
902.052,4656.0,3999.6,0.936511,0.0,-0.350638
902.052,4437.0,3999.6,0.936511,0.0,-0.350638
885.151,4656.0,3954.46,0.936511,0.0,-0.350638
885.151,4656.0,3954.46,0.936511,0.0,-0.350638
902.052,4437.0,3999.6,0.936511,0.0,-0.350638
885.151,4437.0,3954.46,0.936511,0.0,-0.350638
885.151,4656.0,3954.46,0.892255,0.0,-0.451533
885.151,4437.0,3954.46,0.892255,0.0,-0.451533
863.386,4656.0,3911.45,0.892255,0.0,-0.451533
863.386,4656.0,3911.45,0.892255,0.0,-0.451533
885.151,4437.0,3954.46,0.892255,0.0,-0.451533
863.386,4437.0,3911.45,0.892255,0.0,-0.451533
863.386,4656.0,3911.45,0.837166,0.0,-0.54695
863.386,4437.0,3911.45,0.837166,0.0,-0.54695
837.022,4656.0,3871.1,0.837166,0.0,-0.54695
837.022,4656.0,3871.1,0.837166,0.0,-0.54695
863.386,4437.0,3911.45,0.837166,0.0,-0.54695
837.022,4437.0,3871.1,0.837166,0.0,-0.54695
837.022,4656.0,3871.1,0.771919,0.0,-0.63572
837.022,4437.0,3871.1,0.771919,0.0,-0.63572
806.379,4656.0,3833.89,0.771919,0.0,-0.63572
806.379,4656.0,3833.89,0.771919,0.0,-0.63572
837.022,4437.0,3871.1,0.771919,0.0,-0.63572
806.379,4437.0,3833.89,0.771919,0.0,-0.63572
806.379,4656.0,3833.89,0.697295,0.0,-0.716784
806.379,4437.0,3833.89,0.697295,0.0,-0.716784
771.829,4656.0,3800.28,0.697295,0.0,-0.716784
771.829,4656.0,3800.28,0.697295,0.0,-0.716784
806.379,4437.0,3833.89,0.697295,0.0,-0.716784
771.829,4437.0,3800.28,0.697295,0.0,-0.716784
771.829,4656.0,3800.28,0.61421,0.0,-0.789142
771.829,4437.0,3800.28,0.61421,0.0,-0.789142
733.791,4656.0,3770.67,0.61421,0.0,-0.789142
733.791,4656.0,3770.67,0.61421,0.0,-0.789142
771.829,4437.0,3800.28,0.61421,0.0,-0.789142
733.791,4437.0,3770.67,0.61421,0.0,-0.789142
733.791,4656.0,3770.67,0.523676,0.0,-0.851917
733.791,4437.0,3770.67,0.523676,0.0,-0.851917
692.727,4656.0,3745.43,0.523676,0.0,-0.851917
692.727,4656.0,3745.43,0.523676,0.0,-0.851917
733.791,4437.0,3770.67,0.523676,0.0,-0.851917
692.727,4437.0,3745.43,0.523676,0.0,-0.851917
692.727,4656.0,3745.43,0.426778,0.0,-0.904356
692.727,4437.0,3745.43,0.426778,0.0,-0.904356
649.135,4656.0,3724.86,0.426778,0.0,-0.904356
649.135,4656.0,3724.86,0.426778,0.0,-0.904356
692.727,4437.0,3745.43,0.426778,0.0,-0.904356
649.135,4437.0,3724.86,0.426778,0.0,-0.904356
649.135,4656.0,3724.86,0.324696,0.0,-0.945818
649.135,4437.0,3724.86,0.324696,0.0,-0.945818
603.545,4656.0,3709.21,0.324696,0.0,-0.945818
603.545,4656.0,3709.21,0.324696,0.0,-0.945818
649.135,4437.0,3724.86,0.324696,0.0,-0.945818
603.545,4437.0,3709.21,0.324696,0.0,-0.945818
603.545,4656.0,3709.21,0.218685,0.0,-0.975796
603.545,4437.0,3709.21,0.218685,0.0,-0.975796
556.51,4656.0,3698.67,0.218685,0.0,-0.975796
556.51,4656.0,3698.67,0.218685,0.0,-0.975796
603.545,4437.0,3709.21,0.218685,0.0,-0.975796
556.51,4437.0,3698.67,0.218685,0.0,-0.975796
556.51,4656.0,3698.67,0.110001,0.0,-0.993931
556.51,4437.0,3698.67,0.110001,0.0,-0.993931
508.601,4656.0,3693.36,0.110001,0.0,-0.993931
508.601,4656.0,3693.36,0.110001,0.0,-0.993931
556.51,4437.0,3698.67,0.110001,0.0,-0.993931
508.601,4437.0,3693.36,0.110001,0.0,-0.993931
508.601,4656.0,3693.36,0.0,0.0,-1.0
508.601,4437.0,3693.36,0.0,0.0,-1.0
460.399,4656.0,3693.36,0.0,0.0,-1.0
460.399,4656.0,3693.36,0.0,0.0,-1.0
508.601,4437.0,3693.36,0.0,0.0,-1.0
460.399,4437.0,3693.36,0.0,0.0,-1.0
460.399,4656.0,3693.36,-0.110001,0.0,-0.993931
460.399,4437.0,3693.36,-0.110001,0.0,-0.993931
412.49,4656.0,3698.67,-0.110001,0.0,-0.993931
412.49,4656.0,3698.67,-0.110001,0.0,-0.993931
460.399,4437.0,3693.36,-0.110001,0.0,-0.993931
412.49,4437.0,3698.67,-0.110001,0.0,-0.993931
412.49,4656.0,3698.67,-0.218686,0.0,-0.975795
412.49,4437.0,3698.67,-0.218686,0.0,-0.975795
365.455,4656.0,3709.21,-0.218686,0.0,-0.975795
365.455,4656.0,3709.21,-0.218686,0.0,-0.975795
412.49,4437.0,3698.67,-0.218686,0.0,-0.975795
365.455,4437.0,3709.21,-0.218686,0.0,-0.975795
365.455,4656.0,3709.21,-0.324695,0.0,-0.945819
365.455,4437.0,3709.21,-0.324695,0.0,-0.945819
319.865,4656.0,3724.86,-0.324695,0.0,-0.945819
319.865,4656.0,3724.86,-0.324695,0.0,-0.945819
365.455,4437.0,3709.21,-0.324695,0.0,-0.945819
319.865,4437.0,3724.86,-0.324695,0.0,-0.945819
319.865,4656.0,3724.86,-0.426778,0.0,-0.904356
319.865,4437.0,3724.86,-0.426778,0.0,-0.904356
276.273,4656.0,3745.43,-0.426778,0.0,-0.904356
276.273,4656.0,3745.43,-0.426778,0.0,-0.904356
319.865,4437.0,3724.86,-0.426778,0.0,-0.904356
276.273,4437.0,3745.43,-0.426778,0.0,-0.904356
276.273,4656.0,3745.43,-0.523676,0.0,-0.851917
276.273,4437.0,3745.43,-0.523676,0.0,-0.851917
235.209,4656.0,3770.67,-0.523676,0.0,-0.851917
235.209,4656.0,3770.67,-0.523676,0.0,-0.851917
276.273,4437.0,3745.43,-0.523676,0.0,-0.851917
235.209,4437.0,3770.67,-0.523676,0.0,-0.851917
235.209,4656.0,3770.67,-0.61421,0.0,-0.789143
235.209,4437.0,3770.67,-0.61421,0.0,-0.789143
197.171,4656.0,3800.28,-0.61421,0.0,-0.789143
197.171,4656.0,3800.28,-0.61421,0.0,-0.789143
235.209,4437.0,3770.67,-0.61421,0.0,-0.789143
197.171,4437.0,3800.28,-0.61421,0.0,-0.789143
197.171,4656.0,3800.28,-0.697296,0.0,-0.716784
197.171,4437.0,3800.28,-0.697296,0.0,-0.716784
162.621,4656.0,3833.89,-0.697296,0.0,-0.716784
162.621,4656.0,3833.89,-0.697296,0.0,-0.716784
197.171,4437.0,3800.28,-0.697296,0.0,-0.716784
162.621,4437.0,3833.89,-0.697296,0.0,-0.716784
162.621,4656.0,3833.89,-0.771919,0.0,-0.635721
162.621,4437.0,3833.89,-0.771919,0.0,-0.635721
131.978,4656.0,3871.1,-0.771919,0.0,-0.635721
131.978,4656.0,3871.1,-0.771919,0.0,-0.635721
162.621,4437.0,3833.89,-0.771919,0.0,-0.635721
131.978,4437.0,3871.1,-0.771919,0.0,-0.635721
131.978,4656.0,3871.1,-0.837166,0.0,-0.546949
131.978,4437.0,3871.1,-0.837166,0.0,-0.546949
105.614,4656.0,3911.45,-0.837166,0.0,-0.546949
105.614,4656.0,3911.45,-0.837166,0.0,-0.546949
131.978,4437.0,3871.1,-0.837166,0.0,-0.546949
105.614,4437.0,3911.45,-0.837166,0.0,-0.546949
105.614,4656.0,3911.45,-0.892254,0.0,-0.451534
105.614,4437.0,3911.45,-0.892254,0.0,-0.451534
83.8492,4656.0,3954.46,-0.892254,0.0,-0.451534
83.8492,4656.0,3954.46,-0.892254,0.0,-0.451534
105.614,4437.0,3911.45,-0.892254,0.0,-0.451534
83.8492,4437.0,3954.46,-0.892254,0.0,-0.451534
83.8492,4656.0,3954.46,-0.936512,0.0,-0.350637
83.8492,4437.0,3954.46,-0.936512,0.0,-0.350637
66.9479,4656.0,3999.6,-0.936512,0.0,-0.350637
66.9479,4656.0,3999.6,-0.936512,0.0,-0.350637
83.8492,4437.0,3954.46,-0.936512,0.0,-0.350637
66.9479,4437.0,3999.6,-0.936512,0.0,-0.350637
66.9479,4656.0,3999.6,-0.9694,0.0,-0.245487
66.9479,4437.0,3999.6,-0.9694,0.0,-0.245487
55.115,4656.0,4046.33,-0.9694,0.0,-0.245487
55.115,4656.0,4046.33,-0.9694,0.0,-0.245487
66.9479,4437.0,3999.6,-0.9694,0.0,-0.245487
55.115,4437.0,4046.33,-0.9694,0.0,-0.245487
55.115,4656.0,4046.33,-0.990522,0.0,-0.137354
55.115,4437.0,4046.33,-0.990522,0.0,-0.137354
48.4943,4656.0,4094.07,-0.990522,0.0,-0.137354
48.4943,4656.0,4094.07,-0.990522,0.0,-0.137354
55.115,4437.0,4046.33,-0.990522,0.0,-0.137354
48.4943,4437.0,4094.07,-0.990522,0.0,-0.137354
48.4943,4656.0,4094.07,-0.99962,0.0,-0.0275556
48.4943,4437.0,4094.07,-0.99962,0.0,-0.0275556
47.1661,4656.0,4142.25,-0.99962,0.0,-0.0275556
47.1661,4656.0,4142.25,-0.99962,0.0,-0.0275556
48.4943,4437.0,4094.07,-0.99962,0.0,-0.0275556
47.1661,4437.0,4142.25,-0.99962,0.0,-0.0275556
47.1661,4656.0,4142.25,-0.996584,0.0,0.082582
47.1661,4437.0,4142.25,-0.996584,0.0,0.082582
51.1467,4656.0,4190.29,-0.996584,0.0,0.082582
51.1467,4656.0,4190.29,-0.996584,0.0,0.082582
47.1661,4437.0,4142.25,-0.996584,0.0,0.082582
51.1467,4437.0,4190.29,-0.996584,0.0,0.082582
51.1467,4656.0,4190.29,-0.981452,0.0,0.19171
51.1467,4437.0,4190.29,-0.981452,0.0,0.19171
60.3874,4656.0,4237.6,-0.981452,0.0,0.19171
60.3874,4656.0,4237.6,-0.981452,0.0,0.19171
51.1467,4437.0,4190.29,-0.981452,0.0,0.19171
60.3874,4437.0,4237.6,-0.981452,0.0,0.19171
60.3874,4656.0,4237.6,-0.954405,0.0,0.298514
60.3874,4437.0,4237.6,-0.954405,0.0,0.298514
74.7764,4656.0,4283.6,-0.954405,0.0,0.298514
74.7764,4656.0,4283.6,-0.954405,0.0,0.298514
60.3874,4437.0,4237.6,-0.954405,0.0,0.298514
74.7764,4437.0,4283.6,-0.954405,0.0,0.298514
74.7764,4656.0,4283.6,-0.915774,0.0,0.401694
74.7764,4437.0,4283.6,-0.915774,0.0,0.401694
94.1389,4656.0,4327.75,-0.915774,0.0,0.401694
94.1389,4656.0,4327.75,-0.915774,0.0,0.401694
74.7764,4437.0,4283.6,-0.915774,0.0,0.401694
94.1389,4437.0,4327.75,-0.915774,0.0,0.401694
94.1389,4656.0,4327.75,-0.866025,0.0,0.500001
94.1389,4437.0,4327.75,-0.866025,0.0,0.500001
118.24,4656.0,4369.49,-0.866025,0.0,0.500001
118.24,4656.0,4369.49,-0.866025,0.0,0.500001
94.1389,4437.0,4327.75,-0.866025,0.0,0.500001
118.24,4437.0,4369.49,-0.866025,0.0,0.500001
118.24,4656.0,4369.49,-0.805765,0.0,0.592235
118.24,4437.0,4369.49,-0.805765,0.0,0.592235
146.786,4656.0,4408.33,-0.805765,0.0,0.592235
146.786,4656.0,4408.33,-0.805765,0.0,0.592235
118.24,4437.0,4369.49,-0.805765,0.0,0.592235
146.786,4437.0,4408.33,-0.805765,0.0,0.592235
146.786,4656.0,4408.33,-0.735726,0.0,0.67728
146.786,4437.0,4408.33,-0.735726,0.0,0.67728
179.433,4656.0,4443.79,-0.735726,0.0,0.67728
179.433,4656.0,4443.79,-0.735726,0.0,0.67728
146.786,4437.0,4408.33,-0.735726,0.0,0.67728
179.433,4437.0,4443.79,-0.735726,0.0,0.67728
179.433,4656.0,4443.79,-0.656753,0.0,0.754105
179.433,4437.0,4443.79,-0.656753,0.0,0.754105
215.782,4656.0,4475.45,-0.656753,0.0,0.754105
215.782,4656.0,4475.45,-0.656753,0.0,0.754105
179.433,4437.0,4443.79,-0.656753,0.0,0.754105
215.782,4437.0,4475.45,-0.656753,0.0,0.754105
215.782,4656.0,4475.45,-0.569807,0.0,0.821779
215.782,4437.0,4475.45,-0.569807,0.0,0.821779
255.393,4656.0,4502.92,-0.569807,0.0,0.821779
255.393,4656.0,4502.92,-0.569807,0.0,0.821779
215.782,4437.0,4475.45,-0.569807,0.0,0.821779
255.393,4437.0,4502.92,-0.569807,0.0,0.821779
255.393,4656.0,4502.92,-0.475947,0.0,0.879474
255.393,4437.0,4502.92,-0.475947,0.0,0.879474
297.785,4656.0,4525.86,-0.475947,0.0,0.879474
297.785,4656.0,4525.86,-0.475947,0.0,0.879474
255.393,4437.0,4502.92,-0.475947,0.0,0.879474
297.785,4437.0,4525.86,-0.475947,0.0,0.879474
297.785,4656.0,4525.86,-0.376307,0.0,0.926495
297.785,4437.0,4525.86,-0.376307,0.0,0.926495
342.444,4656.0,4544.0,-0.376307,0.0,0.926495
342.444,4656.0,4544.0,-0.376307,0.0,0.926495
297.785,4437.0,4525.86,-0.376307,0.0,0.926495
342.444,4437.0,4544.0,-0.376307,0.0,0.926495
342.444,4656.0,4544.0,-0.2721,0.0,0.962269
342.444,4437.0,4544.0,-0.2721,0.0,0.962269
388.827,4656.0,4557.11,-0.2721,0.0,0.962269
388.827,4656.0,4557.11,-0.2721,0.0,0.962269
342.444,4437.0,4544.0,-0.2721,0.0,0.962269
388.827,4437.0,4557.11,-0.2721,0.0,0.962269
388.827,4656.0,4557.11,-0.164601,0.0,0.98636
388.827,4437.0,4557.11,-0.164601,0.0,0.98636
436.372,4656.0,4565.04,-0.164601,0.0,0.98636
436.372,4656.0,4565.04,-0.164601,0.0,0.98636
388.827,4437.0,4557.11,-0.164601,0.0,0.98636
436.372,4437.0,4565.04,-0.164601,0.0,0.98636
436.372,4656.0,4565.04,-0.0550765,0.0,0.998482
436.372,4437.0,4565.04,-0.0550765,0.0,0.998482
484.5,4656.0,4567.7,-0.0550765,0.0,0.998482
484.5,4656.0,4567.7,-0.0550765,0.0,0.998482
436.372,4437.0,4565.04,-0.0550765,0.0,0.998482
484.5,4437.0,4567.7,-0.0550765,0.0,0.998482
484.5,4656.0,4567.7,0.0550765,0.0,0.998482
484.5,4437.0,4567.7,0.0550765,0.0,0.998482
532.629,4656.0,4565.04,0.0550765,0.0,0.998482
532.629,4656.0,4565.04,0.0550765,0.0,0.998482
484.5,4437.0,4567.7,0.0550765,0.0,0.998482
532.629,4437.0,4565.04,0.0550765,0.0,0.998482
94.1389,4437.0,4327.75,0.0,1.0,0.0
64.9109,4437.0,4372.45,0.0,1.0,0.0
118.24,4437.0,4369.49,0.0,1.0,0.0
118.24,4437.0,4369.49,0.0,1.0,0.0
64.9109,4437.0,4372.45,0.0,1.0,0.0
92.5314,4437.0,4414.98,0.0,1.0,0.0
118.24,4437.0,4369.49,0.0,1.0,0.0
92.5314,4437.0,4414.98,0.0,1.0,0.0
146.786,4437.0,4408.33,0.0,1.0,0.0
146.786,4437.0,4408.33,0.0,1.0,0.0
92.5314,4437.0,4414.98,0.0,1.0,0.0
124.446,4437.0,4454.39,0.0,1.0,0.0
146.786,4437.0,4408.33,0.0,1.0,0.0
124.446,4437.0,4454.39,0.0,1.0,0.0
179.433,4437.0,4443.79,0.0,1.0,0.0
179.433,4437.0,4443.79,0.0,1.0,0.0
124.446,4437.0,4454.39,0.0,1.0,0.0
160.306,4437.0,4490.25,0.0,1.0,0.0
179.433,4437.0,4443.79,0.0,1.0,0.0
160.306,4437.0,4490.25,0.0,1.0,0.0
215.782,4437.0,4475.45,0.0,1.0,0.0
215.782,4437.0,4475.45,0.0,1.0,0.0
160.306,4437.0,4490.25,0.0,1.0,0.0
199.718,4437.0,4522.17,0.0,1.0,0.0
215.782,4437.0,4475.45,0.0,1.0,0.0
199.718,4437.0,4522.17,0.0,1.0,0.0
255.393,4437.0,4502.92,0.0,1.0,0.0
255.393,4437.0,4502.92,0.0,1.0,0.0
199.718,4437.0,4522.17,0.0,1.0,0.0
242.25,4437.0,4549.79,0.0,1.0,0.0
255.393,4437.0,4502.92,0.0,1.0,0.0
242.25,4437.0,4549.79,0.0,1.0,0.0
297.785,4437.0,4525.86,0.0,1.0,0.0
297.785,4437.0,4525.86,0.0,1.0,0.0
242.25,4437.0,4549.79,0.0,1.0,0.0
287.436,4437.0,4572.81,0.0,1.0,0.0
297.785,4437.0,4525.86,0.0,1.0,0.0
287.436,4437.0,4572.81,0.0,1.0,0.0
342.444,4437.0,4544.0,0.0,1.0,0.0
342.444,4437.0,4544.0,0.0,1.0,0.0
287.436,4437.0,4572.81,0.0,1.0,0.0
334.781,4437.0,4590.99,0.0,1.0,0.0
342.444,4437.0,4544.0,0.0,1.0,0.0
334.781,4437.0,4590.99,0.0,1.0,0.0
388.827,4437.0,4557.11,0.0,1.0,0.0
388.827,4437.0,4557.11,0.0,1.0,0.0
334.781,4437.0,4590.99,0.0,1.0,0.0
383.767,4437.0,4604.11,0.0,1.0,0.0
388.827,4437.0,4557.11,0.0,1.0,0.0
383.767,4437.0,4604.11,0.0,1.0,0.0
436.372,4437.0,4565.04,0.0,1.0,0.0
436.372,4437.0,4565.04,0.0,1.0,0.0
383.767,4437.0,4604.11,0.0,1.0,0.0
433.856,4437.0,4612.05,0.0,1.0,0.0
436.372,4437.0,4565.04,0.0,1.0,0.0
433.856,4437.0,4612.05,0.0,1.0,0.0
484.5,4437.0,4567.7,0.0,1.0,0.0
484.5,4437.0,4567.7,0.0,1.0,0.0
433.856,4437.0,4612.05,0.0,1.0,0.0
484.5,4437.0,4614.7,0.0,1.0,0.0
484.5,4437.0,4567.7,0.0,1.0,0.0
484.5,4437.0,4614.7,0.0,1.0,0.0
532.629,4437.0,4565.04,0.0,1.0,0.0
532.629,4437.0,4565.04,0.0,1.0,0.0
484.5,4437.0,4614.7,0.0,1.0,0.0
535.144,4437.0,4612.05,0.0,1.0,0.0
532.629,4437.0,4565.04,0.0,1.0,0.0
535.144,4437.0,4612.05,0.0,1.0,0.0
580.173,4437.0,4557.11,0.0,1.0,0.0
580.173,4437.0,4557.11,0.0,1.0,0.0
535.144,4437.0,4612.05,0.0,1.0,0.0
585.233,4437.0,4604.11,0.0,1.0,0.0
580.173,4437.0,4557.11,0.0,1.0,0.0
585.233,4437.0,4604.11,0.0,1.0,0.0
626.556,4437.0,4544.0,0.0,1.0,0.0
626.556,4437.0,4544.0,0.0,1.0,0.0
585.233,4437.0,4604.11,0.0,1.0,0.0
634.219,4437.0,4590.99,0.0,1.0,0.0
626.556,4437.0,4544.0,0.0,1.0,0.0
634.219,4437.0,4590.99,0.0,1.0,0.0
671.215,4437.0,4525.86,0.0,1.0,0.0
671.215,4437.0,4525.86,0.0,1.0,0.0
634.219,4437.0,4590.99,0.0,1.0,0.0
681.564,4437.0,4572.81,0.0,1.0,0.0
671.215,4437.0,4525.86,0.0,1.0,0.0
681.564,4437.0,4572.81,0.0,1.0,0.0
713.607,4437.0,4502.92,0.0,1.0,0.0
713.607,4437.0,4502.92,0.0,1.0,0.0
681.564,4437.0,4572.81,0.0,1.0,0.0
726.75,4437.0,4549.79,0.0,1.0,0.0
713.607,4437.0,4502.92,0.0,1.0,0.0
726.75,4437.0,4549.79,0.0,1.0,0.0
753.218,4437.0,4475.45,0.0,1.0,0.0
753.218,4437.0,4475.45,0.0,1.0,0.0
726.75,4437.0,4549.79,0.0,1.0,0.0
769.282,4437.0,4522.17,0.0,1.0,0.0
753.218,4437.0,4475.45,0.0,1.0,0.0
769.282,4437.0,4522.17,0.0,1.0,0.0
789.567,4437.0,4443.79,0.0,1.0,0.0
789.567,4437.0,4443.79,0.0,1.0,0.0
769.282,4437.0,4522.17,0.0,1.0,0.0
808.694,4437.0,4490.25,0.0,1.0,0.0
789.567,4437.0,4443.79,0.0,1.0,0.0
808.694,4437.0,4490.25,0.0,1.0,0.0
822.214,4437.0,4408.33,0.0,1.0,0.0
822.214,4437.0,4408.33,0.0,1.0,0.0
808.694,4437.0,4490.25,0.0,1.0,0.0
844.554,4437.0,4454.39,0.0,1.0,0.0
822.214,4437.0,4408.33,0.0,1.0,0.0
844.554,4437.0,4454.39,0.0,1.0,0.0
850.76,4437.0,4369.49,0.0,1.0,0.0
508.601,4437.0,3693.36,0.0,1.0,0.0
484.5,4437.0,3645.7,0.0,1.0,0.0
460.399,4437.0,3693.36,0.0,1.0,0.0
460.399,4437.0,3693.36,0.0,1.0,0.0
484.5,4437.0,3645.7,0.0,1.0,0.0
433.856,4437.0,3648.35,0.0,1.0,0.0
460.399,4437.0,3693.36,0.0,1.0,0.0
433.856,4437.0,3648.35,0.0,1.0,0.0
412.49,4437.0,3698.67,0.0,1.0,0.0
412.49,4437.0,3698.67,0.0,1.0,0.0
433.856,4437.0,3648.35,0.0,1.0,0.0
383.767,4437.0,3656.29,0.0,1.0,0.0
412.49,4437.0,3698.67,0.0,1.0,0.0
383.767,4437.0,3656.29,0.0,1.0,0.0
365.455,4437.0,3709.21,0.0,1.0,0.0
365.455,4437.0,3709.21,0.0,1.0,0.0
383.767,4437.0,3656.29,0.0,1.0,0.0
334.781,4437.0,3669.41,0.0,1.0,0.0
365.455,4437.0,3709.21,0.0,1.0,0.0
334.781,4437.0,3669.41,0.0,1.0,0.0
319.865,4437.0,3724.86,0.0,1.0,0.0
319.865,4437.0,3724.86,0.0,1.0,0.0
334.781,4437.0,3669.41,0.0,1.0,0.0
287.436,4437.0,3687.59,0.0,1.0,0.0
319.865,4437.0,3724.86,0.0,1.0,0.0
287.436,4437.0,3687.59,0.0,1.0,0.0
276.273,4437.0,3745.43,0.0,1.0,0.0
276.273,4437.0,3745.43,0.0,1.0,0.0
287.436,4437.0,3687.59,0.0,1.0,0.0
242.25,4437.0,3710.61,0.0,1.0,0.0
276.273,4437.0,3745.43,0.0,1.0,0.0
242.25,4437.0,3710.61,0.0,1.0,0.0
235.209,4437.0,3770.67,0.0,1.0,0.0
235.209,4437.0,3770.67,0.0,1.0,0.0
242.25,4437.0,3710.61,0.0,1.0,0.0
199.718,4437.0,3738.23,0.0,1.0,0.0
235.209,4437.0,3770.67,0.0,1.0,0.0
199.718,4437.0,3738.23,0.0,1.0,0.0
197.171,4437.0,3800.28,0.0,1.0,0.0
197.171,4437.0,3800.28,0.0,1.0,0.0
199.718,4437.0,3738.23,0.0,1.0,0.0
160.306,4437.0,3770.15,0.0,1.0,0.0
197.171,4437.0,3800.28,0.0,1.0,0.0
160.306,4437.0,3770.15,0.0,1.0,0.0
162.621,4437.0,3833.89,0.0,1.0,0.0
162.621,4437.0,3833.89,0.0,1.0,0.0
160.306,4437.0,3770.15,0.0,1.0,0.0
124.446,4437.0,3806.01,0.0,1.0,0.0
162.621,4437.0,3833.89,0.0,1.0,0.0
124.446,4437.0,3806.01,0.0,1.0,0.0
131.978,4437.0,3871.1,0.0,1.0,0.0
131.978,4437.0,3871.1,0.0,1.0,0.0
124.446,4437.0,3806.01,0.0,1.0,0.0
92.5314,4437.0,3845.42,0.0,1.0,0.0
131.978,4437.0,3871.1,0.0,1.0,0.0
92.5314,4437.0,3845.42,0.0,1.0,0.0
105.614,4437.0,3911.45,0.0,1.0,0.0
105.614,4437.0,3911.45,0.0,1.0,0.0
92.5314,4437.0,3845.42,0.0,1.0,0.0
64.9109,4437.0,3887.95,0.0,1.0,0.0
105.614,4437.0,3911.45,0.0,1.0,0.0
64.9109,4437.0,3887.95,0.0,1.0,0.0
83.8492,4437.0,3954.46,0.0,1.0,0.0
83.8492,4437.0,3954.46,0.0,1.0,0.0
64.9109,4437.0,3887.95,0.0,1.0,0.0
41.8873,4437.0,3933.14,0.0,1.0,0.0
83.8492,4437.0,3954.46,0.0,1.0,0.0
41.8873,4437.0,3933.14,0.0,1.0,0.0
66.9479,4437.0,3999.6,0.0,1.0,0.0
66.9479,4437.0,3999.6,0.0,1.0,0.0
41.8873,4437.0,3933.14,0.0,1.0,0.0
23.7131,4437.0,3980.48,0.0,1.0,0.0
66.9479,4437.0,3999.6,0.0,1.0,0.0
23.7131,4437.0,3980.48,0.0,1.0,0.0
55.115,4437.0,4046.33,0.0,1.0,0.0
55.115,4437.0,4046.33,0.0,1.0,0.0
23.7131,4437.0,3980.48,0.0,1.0,0.0
10.5875,4437.0,4029.47,0.0,1.0,0.0
55.115,4437.0,4046.33,0.0,1.0,0.0
10.5875,4437.0,4029.47,0.0,1.0,0.0
48.4943,4437.0,4094.07,0.0,1.0,0.0
48.4943,4437.0,4094.07,0.0,1.0,0.0
10.5875,4437.0,4029.47,0.0,1.0,0.0
2.65431,4437.0,4079.56,0.0,1.0,0.0
48.4943,4437.0,4094.07,0.0,1.0,0.0
2.65431,4437.0,4079.56,0.0,1.0,0.0
47.1661,4437.0,4142.25,0.0,1.0,0.0
47.1661,4437.0,4142.25,0.0,1.0,0.0
2.65431,4437.0,4079.56,0.0,1.0,0.0
0.0,4437.0,4130.2,0.0,1.0,0.0
47.1661,4437.0,4142.25,0.0,1.0,0.0
0.0,4437.0,4130.2,0.0,1.0,0.0
51.1467,4437.0,4190.29,0.0,1.0,0.0
51.1467,4437.0,4190.29,0.0,1.0,0.0
0.0,4437.0,4130.2,0.0,1.0,0.0
2.65431,4437.0,4180.84,0.0,1.0,0.0
51.1467,4437.0,4190.29,0.0,1.0,0.0
2.65431,4437.0,4180.84,0.0,1.0,0.0
60.3874,4437.0,4237.6,0.0,1.0,0.0
60.3874,4437.0,4237.6,0.0,1.0,0.0
2.65431,4437.0,4180.84,0.0,1.0,0.0
10.5875,4437.0,4230.93,0.0,1.0,0.0
60.3874,4437.0,4237.6,0.0,1.0,0.0
10.5875,4437.0,4230.93,0.0,1.0,0.0
74.7764,4437.0,4283.6,0.0,1.0,0.0
74.7764,4437.0,4283.6,0.0,1.0,0.0
10.5875,4437.0,4230.93,0.0,1.0,0.0
23.7131,4437.0,4279.92,0.0,1.0,0.0
74.7764,4437.0,4283.6,0.0,1.0,0.0
23.7131,4437.0,4279.92,0.0,1.0,0.0
94.1389,4437.0,4327.75,0.0,1.0,0.0
94.1389,4437.0,4327.75,0.0,1.0,0.0
23.7131,4437.0,4279.92,0.0,1.0,0.0
41.8873,4437.0,4327.26,0.0,1.0,0.0
94.1389,4437.0,4327.75,0.0,1.0,0.0
41.8873,4437.0,4327.26,0.0,1.0,0.0
64.9109,4437.0,4372.45,0.0,1.0,0.0
844.554,4437.0,4454.39,0.0,1.0,0.0
876.469,4437.0,4414.98,0.0,1.0,0.0
850.76,4437.0,4369.49,0.0,1.0,0.0
850.76,4437.0,4369.49,0.0,1.0,0.0
876.469,4437.0,4414.98,0.0,1.0,0.0
904.089,4437.0,4372.45,0.0,1.0,0.0
850.76,4437.0,4369.49,0.0,1.0,0.0
904.089,4437.0,4372.45,0.0,1.0,0.0
874.861,4437.0,4327.75,0.0,1.0,0.0
874.861,4437.0,4327.75,0.0,1.0,0.0
904.089,4437.0,4372.45,0.0,1.0,0.0
927.113,4437.0,4327.26,0.0,1.0,0.0
874.861,4437.0,4327.75,0.0,1.0,0.0
927.113,4437.0,4327.26,0.0,1.0,0.0
894.224,4437.0,4283.6,0.0,1.0,0.0
894.224,4437.0,4283.6,0.0,1.0,0.0
927.113,4437.0,4327.26,0.0,1.0,0.0
945.287,4437.0,4279.92,0.0,1.0,0.0
894.224,4437.0,4283.6,0.0,1.0,0.0
945.287,4437.0,4279.92,0.0,1.0,0.0
908.613,4437.0,4237.6,0.0,1.0,0.0
908.613,4437.0,4237.6,0.0,1.0,0.0
945.287,4437.0,4279.92,0.0,1.0,0.0
958.413,4437.0,4230.93,0.0,1.0,0.0
908.613,4437.0,4237.6,0.0,1.0,0.0
958.413,4437.0,4230.93,0.0,1.0,0.0
917.854,4437.0,4190.29,0.0,1.0,0.0
917.854,4437.0,4190.29,0.0,1.0,0.0
958.413,4437.0,4230.93,0.0,1.0,0.0
966.346,4437.0,4180.84,0.0,1.0,0.0
917.854,4437.0,4190.29,0.0,1.0,0.0
966.346,4437.0,4180.84,0.0,1.0,0.0
921.834,4437.0,4142.25,0.0,1.0,0.0
921.834,4437.0,4142.25,0.0,1.0,0.0
966.346,4437.0,4180.84,0.0,1.0,0.0
969.0,4437.0,4130.2,0.0,1.0,0.0
921.834,4437.0,4142.25,0.0,1.0,0.0
969.0,4437.0,4130.2,0.0,1.0,0.0
920.506,4437.0,4094.07,0.0,1.0,0.0
920.506,4437.0,4094.07,0.0,1.0,0.0
969.0,4437.0,4130.2,0.0,1.0,0.0
966.346,4437.0,4079.56,0.0,1.0,0.0
920.506,4437.0,4094.07,0.0,1.0,0.0
966.346,4437.0,4079.56,0.0,1.0,0.0
913.885,4437.0,4046.33,0.0,1.0,0.0
913.885,4437.0,4046.33,0.0,1.0,0.0
966.346,4437.0,4079.56,0.0,1.0,0.0
958.413,4437.0,4029.47,0.0,1.0,0.0
913.885,4437.0,4046.33,0.0,1.0,0.0
958.413,4437.0,4029.47,0.0,1.0,0.0
902.052,4437.0,3999.6,0.0,1.0,0.0
902.052,4437.0,3999.6,0.0,1.0,0.0
958.413,4437.0,4029.47,0.0,1.0,0.0
945.287,4437.0,3980.48,0.0,1.0,0.0
902.052,4437.0,3999.6,0.0,1.0,0.0
945.287,4437.0,3980.48,0.0,1.0,0.0
885.151,4437.0,3954.46,0.0,1.0,0.0
885.151,4437.0,3954.46,0.0,1.0,0.0
945.287,4437.0,3980.48,0.0,1.0,0.0
927.113,4437.0,3933.14,0.0,1.0,0.0
885.151,4437.0,3954.46,0.0,1.0,0.0
927.113,4437.0,3933.14,0.0,1.0,0.0
863.386,4437.0,3911.45,0.0,1.0,0.0
863.386,4437.0,3911.45,0.0,1.0,0.0
927.113,4437.0,3933.14,0.0,1.0,0.0
904.089,4437.0,3887.95,0.0,1.0,0.0
863.386,4437.0,3911.45,0.0,1.0,0.0
904.089,4437.0,3887.95,0.0,1.0,0.0
837.022,4437.0,3871.1,0.0,1.0,0.0
837.022,4437.0,3871.1,0.0,1.0,0.0
904.089,4437.0,3887.95,0.0,1.0,0.0
876.469,4437.0,3845.42,0.0,1.0,0.0
837.022,4437.0,3871.1,0.0,1.0,0.0
876.469,4437.0,3845.42,0.0,1.0,0.0
806.379,4437.0,3833.89,0.0,1.0,0.0
806.379,4437.0,3833.89,0.0,1.0,0.0
876.469,4437.0,3845.42,0.0,1.0,0.0
844.554,4437.0,3806.01,0.0,1.0,0.0
806.379,4437.0,3833.89,0.0,1.0,0.0
844.554,4437.0,3806.01,0.0,1.0,0.0
771.829,4437.0,3800.28,0.0,1.0,0.0
771.829,4437.0,3800.28,0.0,1.0,0.0
844.554,4437.0,3806.01,0.0,1.0,0.0
808.694,4437.0,3770.15,0.0,1.0,0.0
771.829,4437.0,3800.28,0.0,1.0,0.0
808.694,4437.0,3770.15,0.0,1.0,0.0
733.791,4437.0,3770.67,0.0,1.0,0.0
733.791,4437.0,3770.67,0.0,1.0,0.0
808.694,4437.0,3770.15,0.0,1.0,0.0
769.282,4437.0,3738.23,0.0,1.0,0.0
733.791,4437.0,3770.67,0.0,1.0,0.0
769.282,4437.0,3738.23,0.0,1.0,0.0
692.727,4437.0,3745.43,0.0,1.0,0.0
692.727,4437.0,3745.43,0.0,1.0,0.0
769.282,4437.0,3738.23,0.0,1.0,0.0
726.75,4437.0,3710.61,0.0,1.0,0.0
692.727,4437.0,3745.43,0.0,1.0,0.0
726.75,4437.0,3710.61,0.0,1.0,0.0
649.135,4437.0,3724.86,0.0,1.0,0.0
649.135,4437.0,3724.86,0.0,1.0,0.0
726.75,4437.0,3710.61,0.0,1.0,0.0
681.564,4437.0,3687.59,0.0,1.0,0.0
649.135,4437.0,3724.86,0.0,1.0,0.0
681.564,4437.0,3687.59,0.0,1.0,0.0
603.545,4437.0,3709.21,0.0,1.0,0.0
603.545,4437.0,3709.21,0.0,1.0,0.0
681.564,4437.0,3687.59,0.0,1.0,0.0
634.219,4437.0,3669.41,0.0,1.0,0.0
603.545,4437.0,3709.21,0.0,1.0,0.0
634.219,4437.0,3669.41,0.0,1.0,0.0
556.51,4437.0,3698.67,0.0,1.0,0.0
556.51,4437.0,3698.67,0.0,1.0,0.0
634.219,4437.0,3669.41,0.0,1.0,0.0
585.233,4437.0,3656.29,0.0,1.0,0.0
556.51,4437.0,3698.67,0.0,1.0,0.0
585.233,4437.0,3656.29,0.0,1.0,0.0
508.601,4437.0,3693.36,0.0,1.0,0.0
508.601,4437.0,3693.36,0.0,1.0,0.0
585.233,4437.0,3656.29,0.0,1.0,0.0
535.144,4437.0,3648.35,0.0,1.0,0.0
508.601,4437.0,3693.36,0.0,1.0,0.0
535.144,4437.0,3648.35,0.0,1.0,0.0
484.5,4437.0,3645.7,0.0,1.0,0.0
484.5,4656.0,4317.7,0.0,1.0,0.0
453.639,4656.0,4315.14,0.0,1.0,0.0
436.372,4656.0,4565.04,0.0,1.0,0.0
369.335,4656.0,4278.16,0.0,1.0,0.0
255.393,4656.0,4502.92,0.0,1.0,0.0
395.26,4656.0,4295.1,0.0,1.0,0.0
395.26,4656.0,4295.1,0.0,1.0,0.0
255.393,4656.0,4502.92,0.0,1.0,0.0
297.785,4656.0,4525.86,0.0,1.0,0.0
395.26,4656.0,4295.1,0.0,1.0,0.0
297.785,4656.0,4525.86,0.0,1.0,0.0
423.619,4656.0,4307.54,0.0,1.0,0.0
423.619,4656.0,4307.54,0.0,1.0,0.0
297.785,4656.0,4525.86,0.0,1.0,0.0
342.444,4656.0,4544.0,0.0,1.0,0.0
423.619,4656.0,4307.54,0.0,1.0,0.0
342.444,4656.0,4544.0,0.0,1.0,0.0
453.639,4656.0,4315.14,0.0,1.0,0.0
453.639,4656.0,4315.14,0.0,1.0,0.0
342.444,4656.0,4544.0,0.0,1.0,0.0
388.827,4656.0,4557.11,0.0,1.0,0.0
453.639,4656.0,4315.14,0.0,1.0,0.0
388.827,4656.0,4557.11,0.0,1.0,0.0
436.372,4656.0,4565.04,0.0,1.0,0.0
436.372,4656.0,4565.04,0.0,1.0,0.0
484.5,4656.0,4567.7,0.0,1.0,0.0
484.5,4656.0,4317.7,0.0,1.0,0.0
484.5,4656.0,4317.7,0.0,1.0,0.0
484.5,4656.0,4567.7,0.0,1.0,0.0
532.629,4656.0,4565.04,0.0,1.0,0.0
484.5,4656.0,4317.7,0.0,1.0,0.0
532.629,4656.0,4565.04,0.0,1.0,0.0
515.362,4656.0,4315.14,0.0,1.0,0.0
515.362,4656.0,4315.14,0.0,1.0,0.0
532.629,4656.0,4565.04,0.0,1.0,0.0
580.173,4656.0,4557.11,0.0,1.0,0.0
515.362,4656.0,4315.14,0.0,1.0,0.0
580.173,4656.0,4557.11,0.0,1.0,0.0
545.381,4656.0,4307.54,0.0,1.0,0.0
545.381,4656.0,4307.54,0.0,1.0,0.0
580.173,4656.0,4557.11,0.0,1.0,0.0
626.556,4656.0,4544.0,0.0,1.0,0.0
545.381,4656.0,4307.54,0.0,1.0,0.0
626.556,4656.0,4544.0,0.0,1.0,0.0
573.74,4656.0,4295.1,0.0,1.0,0.0
327.531,4656.0,4232.75,0.0,1.0,0.0
146.786,4656.0,4408.33,0.0,1.0,0.0
346.552,4656.0,4257.19,0.0,1.0,0.0
346.552,4656.0,4257.19,0.0,1.0,0.0
146.786,4656.0,4408.33,0.0,1.0,0.0
179.433,4656.0,4443.79,0.0,1.0,0.0
346.552,4656.0,4257.19,0.0,1.0,0.0
179.433,4656.0,4443.79,0.0,1.0,0.0
369.335,4656.0,4278.16,0.0,1.0,0.0
369.335,4656.0,4278.16,0.0,1.0,0.0
179.433,4656.0,4443.79,0.0,1.0,0.0
215.782,4656.0,4475.45,0.0,1.0,0.0
369.335,4656.0,4278.16,0.0,1.0,0.0
215.782,4656.0,4475.45,0.0,1.0,0.0
255.393,4656.0,4502.92,0.0,1.0,0.0
573.74,4656.0,3965.3,0.0,1.0,0.0
599.665,4656.0,3982.24,0.0,1.0,0.0
733.791,4656.0,3770.67,0.0,1.0,0.0
346.552,4656.0,4003.21,0.0,1.0,0.0
131.978,4656.0,3871.1,0.0,1.0,0.0
327.531,4656.0,4027.65,0.0,1.0,0.0
327.531,4656.0,4027.65,0.0,1.0,0.0
131.978,4656.0,3871.1,0.0,1.0,0.0
105.614,4656.0,3911.45,0.0,1.0,0.0
327.531,4656.0,4027.65,0.0,1.0,0.0
105.614,4656.0,3911.45,0.0,1.0,0.0
312.793,4656.0,4054.88,0.0,1.0,0.0
641.469,4656.0,4027.65,0.0,1.0,0.0
837.022,4656.0,3871.1,0.0,1.0,0.0
622.448,4656.0,4003.21,0.0,1.0,0.0
622.448,4656.0,4003.21,0.0,1.0,0.0
837.022,4656.0,3871.1,0.0,1.0,0.0
806.379,4656.0,3833.89,0.0,1.0,0.0
622.448,4656.0,4003.21,0.0,1.0,0.0
806.379,4656.0,3833.89,0.0,1.0,0.0
599.665,4656.0,3982.24,0.0,1.0,0.0
599.665,4656.0,3982.24,0.0,1.0,0.0
806.379,4656.0,3833.89,0.0,1.0,0.0
771.829,4656.0,3800.28,0.0,1.0,0.0
599.665,4656.0,3982.24,0.0,1.0,0.0
771.829,4656.0,3800.28,0.0,1.0,0.0
733.791,4656.0,3770.67,0.0,1.0,0.0
599.665,4656.0,4278.16,0.0,1.0,0.0
789.567,4656.0,4443.79,0.0,1.0,0.0
622.448,4656.0,4257.19,0.0,1.0,0.0
622.448,4656.0,4257.19,0.0,1.0,0.0
789.567,4656.0,4443.79,0.0,1.0,0.0
822.214,4656.0,4408.33,0.0,1.0,0.0
622.448,4656.0,4257.19,0.0,1.0,0.0
822.214,4656.0,4408.33,0.0,1.0,0.0
641.469,4656.0,4232.75,0.0,1.0,0.0
626.556,4656.0,4544.0,0.0,1.0,0.0
671.215,4656.0,4525.86,0.0,1.0,0.0
573.74,4656.0,4295.1,0.0,1.0,0.0
573.74,4656.0,4295.1,0.0,1.0,0.0
671.215,4656.0,4525.86,0.0,1.0,0.0
713.607,4656.0,4502.92,0.0,1.0,0.0
573.74,4656.0,4295.1,0.0,1.0,0.0
713.607,4656.0,4502.92,0.0,1.0,0.0
599.665,4656.0,4278.16,0.0,1.0,0.0
599.665,4656.0,4278.16,0.0,1.0,0.0
713.607,4656.0,4502.92,0.0,1.0,0.0
753.218,4656.0,4475.45,0.0,1.0,0.0
599.665,4656.0,4278.16,0.0,1.0,0.0
753.218,4656.0,4475.45,0.0,1.0,0.0
789.567,4656.0,4443.79,0.0,1.0,0.0
312.793,4656.0,4205.52,0.0,1.0,0.0
94.1389,4656.0,4327.75,0.0,1.0,0.0
327.531,4656.0,4232.75,0.0,1.0,0.0
327.531,4656.0,4232.75,0.0,1.0,0.0
94.1389,4656.0,4327.75,0.0,1.0,0.0
118.24,4656.0,4369.49,0.0,1.0,0.0
327.531,4656.0,4232.75,0.0,1.0,0.0
118.24,4656.0,4369.49,0.0,1.0,0.0
146.786,4656.0,4408.33,0.0,1.0,0.0
297.641,4656.0,4114.72,0.0,1.0,0.0
47.1661,4656.0,4142.25,0.0,1.0,0.0
297.641,4656.0,4145.68,0.0,1.0,0.0
297.641,4656.0,4145.68,0.0,1.0,0.0
47.1661,4656.0,4142.25,0.0,1.0,0.0
51.1467,4656.0,4190.29,0.0,1.0,0.0
297.641,4656.0,4145.68,0.0,1.0,0.0
51.1467,4656.0,4190.29,0.0,1.0,0.0
302.737,4656.0,4176.23,0.0,1.0,0.0
302.737,4656.0,4176.23,0.0,1.0,0.0
51.1467,4656.0,4190.29,0.0,1.0,0.0
60.3874,4656.0,4237.6,0.0,1.0,0.0
302.737,4656.0,4176.23,0.0,1.0,0.0
60.3874,4656.0,4237.6,0.0,1.0,0.0
312.793,4656.0,4205.52,0.0,1.0,0.0
312.793,4656.0,4205.52,0.0,1.0,0.0
60.3874,4656.0,4237.6,0.0,1.0,0.0
74.7764,4656.0,4283.6,0.0,1.0,0.0
312.793,4656.0,4205.52,0.0,1.0,0.0
74.7764,4656.0,4283.6,0.0,1.0,0.0
94.1389,4656.0,4327.75,0.0,1.0,0.0
733.791,4656.0,3770.67,0.0,1.0,0.0
692.727,4656.0,3745.43,0.0,1.0,0.0
573.74,4656.0,3965.3,0.0,1.0,0.0
573.74,4656.0,3965.3,0.0,1.0,0.0
692.727,4656.0,3745.43,0.0,1.0,0.0
649.135,4656.0,3724.86,0.0,1.0,0.0
573.74,4656.0,3965.3,0.0,1.0,0.0
649.135,4656.0,3724.86,0.0,1.0,0.0
545.381,4656.0,3952.86,0.0,1.0,0.0
545.381,4656.0,3952.86,0.0,1.0,0.0
649.135,4656.0,3724.86,0.0,1.0,0.0
603.545,4656.0,3709.21,0.0,1.0,0.0
545.381,4656.0,3952.86,0.0,1.0,0.0
603.545,4656.0,3709.21,0.0,1.0,0.0
515.362,4656.0,3945.26,0.0,1.0,0.0
515.362,4656.0,3945.26,0.0,1.0,0.0
603.545,4656.0,3709.21,0.0,1.0,0.0
556.51,4656.0,3698.67,0.0,1.0,0.0
515.362,4656.0,3945.26,0.0,1.0,0.0
556.51,4656.0,3698.67,0.0,1.0,0.0
484.5,4656.0,3942.7,0.0,1.0,0.0
666.263,4656.0,4176.23,0.0,1.0,0.0
917.854,4656.0,4190.29,0.0,1.0,0.0
671.36,4656.0,4145.68,0.0,1.0,0.0
671.36,4656.0,4145.68,0.0,1.0,0.0
917.854,4656.0,4190.29,0.0,1.0,0.0
921.834,4656.0,4142.25,0.0,1.0,0.0
671.36,4656.0,4145.68,0.0,1.0,0.0
921.834,4656.0,4142.25,0.0,1.0,0.0
671.36,4656.0,4114.72,0.0,1.0,0.0
671.36,4656.0,4114.72,0.0,1.0,0.0
921.834,4656.0,4142.25,0.0,1.0,0.0
920.506,4656.0,4094.07,0.0,1.0,0.0
671.36,4656.0,4114.72,0.0,1.0,0.0
920.506,4656.0,4094.07,0.0,1.0,0.0
666.263,4656.0,4084.17,0.0,1.0,0.0
105.614,4656.0,3911.45,0.0,1.0,0.0
83.8492,4656.0,3954.46,0.0,1.0,0.0
312.793,4656.0,4054.88,0.0,1.0,0.0
312.793,4656.0,4054.88,0.0,1.0,0.0
83.8492,4656.0,3954.46,0.0,1.0,0.0
66.9479,4656.0,3999.6,0.0,1.0,0.0
312.793,4656.0,4054.88,0.0,1.0,0.0
66.9479,4656.0,3999.6,0.0,1.0,0.0
302.737,4656.0,4084.17,0.0,1.0,0.0
302.737,4656.0,4084.17,0.0,1.0,0.0
66.9479,4656.0,3999.6,0.0,1.0,0.0
55.115,4656.0,4046.33,0.0,1.0,0.0
302.737,4656.0,4084.17,0.0,1.0,0.0
55.115,4656.0,4046.33,0.0,1.0,0.0
297.641,4656.0,4114.72,0.0,1.0,0.0
297.641,4656.0,4114.72,0.0,1.0,0.0
55.115,4656.0,4046.33,0.0,1.0,0.0
48.4943,4656.0,4094.07,0.0,1.0,0.0
297.641,4656.0,4114.72,0.0,1.0,0.0
48.4943,4656.0,4094.07,0.0,1.0,0.0
47.1661,4656.0,4142.25,0.0,1.0,0.0
920.506,4656.0,4094.07,0.0,1.0,0.0
913.885,4656.0,4046.33,0.0,1.0,0.0
666.263,4656.0,4084.17,0.0,1.0,0.0
666.263,4656.0,4084.17,0.0,1.0,0.0
913.885,4656.0,4046.33,0.0,1.0,0.0
902.052,4656.0,3999.6,0.0,1.0,0.0
666.263,4656.0,4084.17,0.0,1.0,0.0
902.052,4656.0,3999.6,0.0,1.0,0.0
656.208,4656.0,4054.88,0.0,1.0,0.0
656.208,4656.0,4054.88,0.0,1.0,0.0
902.052,4656.0,3999.6,0.0,1.0,0.0
885.151,4656.0,3954.46,0.0,1.0,0.0
656.208,4656.0,4054.88,0.0,1.0,0.0
885.151,4656.0,3954.46,0.0,1.0,0.0
641.469,4656.0,4027.65,0.0,1.0,0.0
641.469,4656.0,4027.65,0.0,1.0,0.0
885.151,4656.0,3954.46,0.0,1.0,0.0
863.386,4656.0,3911.45,0.0,1.0,0.0
641.469,4656.0,4027.65,0.0,1.0,0.0
863.386,4656.0,3911.45,0.0,1.0,0.0
837.022,4656.0,3871.1,0.0,1.0,0.0
822.214,4656.0,4408.33,0.0,1.0,0.0
850.76,4656.0,4369.49,0.0,1.0,0.0
641.469,4656.0,4232.75,0.0,1.0,0.0
641.469,4656.0,4232.75,0.0,1.0,0.0
850.76,4656.0,4369.49,0.0,1.0,0.0
874.861,4656.0,4327.75,0.0,1.0,0.0
641.469,4656.0,4232.75,0.0,1.0,0.0
874.861,4656.0,4327.75,0.0,1.0,0.0
656.208,4656.0,4205.52,0.0,1.0,0.0
656.208,4656.0,4205.52,0.0,1.0,0.0
874.861,4656.0,4327.75,0.0,1.0,0.0
894.224,4656.0,4283.6,0.0,1.0,0.0
656.208,4656.0,4205.52,0.0,1.0,0.0
894.224,4656.0,4283.6,0.0,1.0,0.0
666.263,4656.0,4176.23,0.0,1.0,0.0
666.263,4656.0,4176.23,0.0,1.0,0.0
894.224,4656.0,4283.6,0.0,1.0,0.0
908.613,4656.0,4237.6,0.0,1.0,0.0
666.263,4656.0,4176.23,0.0,1.0,0.0
908.613,4656.0,4237.6,0.0,1.0,0.0
917.854,4656.0,4190.29,0.0,1.0,0.0
369.335,4656.0,3982.24,0.0,1.0,0.0
197.171,4656.0,3800.28,0.0,1.0,0.0
346.552,4656.0,4003.21,0.0,1.0,0.0
346.552,4656.0,4003.21,0.0,1.0,0.0
197.171,4656.0,3800.28,0.0,1.0,0.0
162.621,4656.0,3833.89,0.0,1.0,0.0
346.552,4656.0,4003.21,0.0,1.0,0.0
162.621,4656.0,3833.89,0.0,1.0,0.0
131.978,4656.0,3871.1,0.0,1.0,0.0
453.639,4656.0,3945.26,0.0,1.0,0.0
365.455,4656.0,3709.21,0.0,1.0,0.0
423.619,4656.0,3952.86,0.0,1.0,0.0
423.619,4656.0,3952.86,0.0,1.0,0.0
365.455,4656.0,3709.21,0.0,1.0,0.0
319.865,4656.0,3724.86,0.0,1.0,0.0
423.619,4656.0,3952.86,0.0,1.0,0.0
319.865,4656.0,3724.86,0.0,1.0,0.0
395.26,4656.0,3965.3,0.0,1.0,0.0
395.26,4656.0,3965.3,0.0,1.0,0.0
319.865,4656.0,3724.86,0.0,1.0,0.0
276.273,4656.0,3745.43,0.0,1.0,0.0
395.26,4656.0,3965.3,0.0,1.0,0.0
276.273,4656.0,3745.43,0.0,1.0,0.0
369.335,4656.0,3982.24,0.0,1.0,0.0
369.335,4656.0,3982.24,0.0,1.0,0.0
276.273,4656.0,3745.43,0.0,1.0,0.0
235.209,4656.0,3770.67,0.0,1.0,0.0
369.335,4656.0,3982.24,0.0,1.0,0.0
235.209,4656.0,3770.67,0.0,1.0,0.0
197.171,4656.0,3800.28,0.0,1.0,0.0
556.51,4656.0,3698.67,0.0,1.0,0.0
508.601,4656.0,3693.36,0.0,1.0,0.0
484.5,4656.0,3942.7,0.0,1.0,0.0
484.5,4656.0,3942.7,0.0,1.0,0.0
508.601,4656.0,3693.36,0.0,1.0,0.0
460.399,4656.0,3693.36,0.0,1.0,0.0
484.5,4656.0,3942.7,0.0,1.0,0.0
460.399,4656.0,3693.36,0.0,1.0,0.0
453.639,4656.0,3945.26,0.0,1.0,0.0
453.639,4656.0,3945.26,0.0,1.0,0.0
460.399,4656.0,3693.36,0.0,1.0,0.0
412.49,4656.0,3698.67,0.0,1.0,0.0
453.639,4656.0,3945.26,0.0,1.0,0.0
412.49,4656.0,3698.67,0.0,1.0,0.0
365.455,4656.0,3709.21,0.0,1.0,0.0
535.144,4437.0,4612.05,0.15643,0.0,0.987689
535.144,4375.0,4612.05,0.15643,0.0,0.987689
585.233,4437.0,4604.11,0.15643,0.0,0.987689
585.233,4437.0,4604.11,0.15643,0.0,0.987689
535.144,4375.0,4612.05,0.15643,0.0,0.987689
585.233,4375.0,4604.11,0.15643,0.0,0.987689
585.233,4437.0,4604.11,0.258824,0.0,0.965924
585.233,4375.0,4604.11,0.258824,0.0,0.965924
634.219,4437.0,4590.99,0.258824,0.0,0.965924
634.219,4437.0,4590.99,0.258824,0.0,0.965924
585.233,4375.0,4604.11,0.258824,0.0,0.965924
634.219,4375.0,4590.99,0.258824,0.0,0.965924
634.219,4437.0,4590.99,0.358372,0.0,0.933579
634.219,4375.0,4590.99,0.358372,0.0,0.933579
681.564,4437.0,4572.81,0.358372,0.0,0.933579
681.564,4437.0,4572.81,0.358372,0.0,0.933579
634.219,4375.0,4590.99,0.358372,0.0,0.933579
681.564,4375.0,4572.81,0.358372,0.0,0.933579
681.564,4437.0,4572.81,0.453983,0.0,0.89101
681.564,4375.0,4572.81,0.453983,0.0,0.89101
726.75,4437.0,4549.79,0.453983,0.0,0.89101
726.75,4437.0,4549.79,0.453983,0.0,0.89101
681.564,4375.0,4572.81,0.453983,0.0,0.89101
726.75,4375.0,4549.79,0.453983,0.0,0.89101
726.75,4437.0,4549.79,0.544646,0.0,0.838666
726.75,4375.0,4549.79,0.544646,0.0,0.838666
769.282,4437.0,4522.17,0.544646,0.0,0.838666
769.282,4437.0,4522.17,0.544646,0.0,0.838666
726.75,4375.0,4549.79,0.544646,0.0,0.838666
769.282,4375.0,4522.17,0.544646,0.0,0.838666
769.282,4437.0,4522.17,0.62932,0.0,0.777146
769.282,4375.0,4522.17,0.62932,0.0,0.777146
808.694,4437.0,4490.25,0.62932,0.0,0.777146
808.694,4437.0,4490.25,0.62932,0.0,0.777146
769.282,4375.0,4522.17,0.62932,0.0,0.777146
808.694,4375.0,4490.25,0.62932,0.0,0.777146
808.694,4437.0,4490.25,0.707103,0.0,0.707111
808.694,4375.0,4490.25,0.707103,0.0,0.707111
844.554,4437.0,4454.39,0.707103,0.0,0.707111
844.554,4437.0,4454.39,0.707103,0.0,0.707111
808.694,4375.0,4490.25,0.707103,0.0,0.707111
844.554,4375.0,4454.39,0.707103,0.0,0.707111
844.554,4437.0,4454.39,0.777147,0.0,0.629319
844.554,4375.0,4454.39,0.777147,0.0,0.629319
876.469,4437.0,4414.98,0.777147,0.0,0.629319
876.469,4437.0,4414.98,0.777147,0.0,0.629319
844.554,4375.0,4454.39,0.777147,0.0,0.629319
876.469,4375.0,4414.98,0.777147,0.0,0.629319
876.469,4437.0,4414.98,0.838672,0.0,0.544637
876.469,4375.0,4414.98,0.838672,0.0,0.544637
904.089,4437.0,4372.45,0.838672,0.0,0.544637
904.089,4437.0,4372.45,0.838672,0.0,0.544637
876.469,4375.0,4414.98,0.838672,0.0,0.544637
904.089,4375.0,4372.45,0.838672,0.0,0.544637
904.089,4437.0,4372.45,0.891007,0.0,0.453989
904.089,4375.0,4372.45,0.891007,0.0,0.453989
927.113,4437.0,4327.26,0.891007,0.0,0.453989
927.113,4437.0,4327.26,0.891007,0.0,0.453989
904.089,4375.0,4372.45,0.891007,0.0,0.453989
927.113,4375.0,4327.26,0.891007,0.0,0.453989
927.113,4437.0,4327.26,0.93358,0.0,0.358369
927.113,4375.0,4327.26,0.93358,0.0,0.358369
945.287,4437.0,4279.92,0.93358,0.0,0.358369
945.287,4437.0,4279.92,0.93358,0.0,0.358369
927.113,4375.0,4327.26,0.93358,0.0,0.358369
945.287,4375.0,4279.92,0.93358,0.0,0.358369
945.287,4437.0,4279.92,0.965925,0.0,0.258821
945.287,4375.0,4279.92,0.965925,0.0,0.258821
958.413,4437.0,4230.93,0.965925,0.0,0.258821
958.413,4437.0,4230.93,0.965925,0.0,0.258821
945.287,4375.0,4279.92,0.965925,0.0,0.258821
958.413,4375.0,4230.93,0.965925,0.0,0.258821
958.413,4437.0,4230.93,0.987688,0.0,0.156434
958.413,4375.0,4230.93,0.987688,0.0,0.156434
966.346,4437.0,4180.84,0.987688,0.0,0.156434
966.346,4437.0,4180.84,0.987688,0.0,0.156434
958.413,4375.0,4230.93,0.987688,0.0,0.156434
966.346,4375.0,4180.84,0.987688,0.0,0.156434
966.346,4437.0,4180.84,0.99863,0.0,0.0523354
966.346,4375.0,4180.84,0.99863,0.0,0.0523354
969.0,4437.0,4130.2,0.99863,0.0,0.0523354
969.0,4437.0,4130.2,0.99863,0.0,0.0523354
966.346,4375.0,4180.84,0.99863,0.0,0.0523354
969.0,4375.0,4130.2,0.99863,0.0,0.0523354
969.0,4437.0,4130.2,0.99863,0.0,-0.0523357
969.0,4375.0,4130.2,0.99863,0.0,-0.0523357
966.346,4437.0,4079.56,0.99863,0.0,-0.0523357
966.346,4437.0,4079.56,0.99863,0.0,-0.0523357
969.0,4375.0,4130.2,0.99863,0.0,-0.0523357
966.346,4375.0,4079.56,0.99863,0.0,-0.0523357
966.346,4437.0,4079.56,0.987688,0.0,-0.156434
966.346,4375.0,4079.56,0.987688,0.0,-0.156434
958.413,4437.0,4029.47,0.987688,0.0,-0.156434
958.413,4437.0,4029.47,0.987688,0.0,-0.156434
966.346,4375.0,4079.56,0.987688,0.0,-0.156434
958.413,4375.0,4029.47,0.987688,0.0,-0.156434
958.413,4437.0,4029.47,0.965925,0.0,-0.258821
958.413,4375.0,4029.47,0.965925,0.0,-0.258821
945.287,4437.0,3980.48,0.965925,0.0,-0.258821
945.287,4437.0,3980.48,0.965925,0.0,-0.258821
958.413,4375.0,4029.47,0.965925,0.0,-0.258821
945.287,4375.0,3980.48,0.965925,0.0,-0.258821
945.287,4437.0,3980.48,0.93358,0.0,-0.358369
945.287,4375.0,3980.48,0.93358,0.0,-0.358369
927.113,4437.0,3933.14,0.93358,0.0,-0.358369
927.113,4437.0,3933.14,0.93358,0.0,-0.358369
945.287,4375.0,3980.48,0.93358,0.0,-0.358369
927.113,4375.0,3933.14,0.93358,0.0,-0.358369
927.113,4437.0,3933.14,0.891007,0.0,-0.453989
927.113,4375.0,3933.14,0.891007,0.0,-0.453989
904.089,4437.0,3887.95,0.891007,0.0,-0.453989
904.089,4437.0,3887.95,0.891007,0.0,-0.453989
927.113,4375.0,3933.14,0.891007,0.0,-0.453989
904.089,4375.0,3887.95,0.891007,0.0,-0.453989
904.089,4437.0,3887.95,0.83867,0.0,-0.544639
904.089,4375.0,3887.95,0.83867,0.0,-0.544639
876.469,4437.0,3845.42,0.83867,0.0,-0.544639
876.469,4437.0,3845.42,0.83867,0.0,-0.544639
904.089,4375.0,3887.95,0.83867,0.0,-0.544639
876.469,4375.0,3845.42,0.83867,0.0,-0.544639
876.469,4437.0,3845.42,0.777145,0.0,-0.629321
876.469,4375.0,3845.42,0.777145,0.0,-0.629321
844.554,4437.0,3806.01,0.777145,0.0,-0.629321
844.554,4437.0,3806.01,0.777145,0.0,-0.629321
876.469,4375.0,3845.42,0.777145,0.0,-0.629321
844.554,4375.0,3806.01,0.777145,0.0,-0.629321
844.554,4437.0,3806.01,0.707105,0.0,-0.707109
844.554,4375.0,3806.01,0.707105,0.0,-0.707109
808.694,4437.0,3770.15,0.707105,0.0,-0.707109
808.694,4437.0,3770.15,0.707105,0.0,-0.707109
844.554,4375.0,3806.01,0.707105,0.0,-0.707109
808.694,4375.0,3770.15,0.707105,0.0,-0.707109
808.694,4437.0,3770.15,0.629323,0.0,-0.777144
808.694,4375.0,3770.15,0.629323,0.0,-0.777144
769.282,4437.0,3738.23,0.629323,0.0,-0.777144
769.282,4437.0,3738.23,0.629323,0.0,-0.777144
808.694,4375.0,3770.15,0.629323,0.0,-0.777144
769.282,4375.0,3738.23,0.629323,0.0,-0.777144
769.282,4437.0,3738.23,0.544639,0.0,-0.83867
769.282,4375.0,3738.23,0.544639,0.0,-0.83867
726.75,4437.0,3710.61,0.544639,0.0,-0.83867
726.75,4437.0,3710.61,0.544639,0.0,-0.83867
769.282,4375.0,3738.23,0.544639,0.0,-0.83867
726.75,4375.0,3710.61,0.544639,0.0,-0.83867
726.75,4437.0,3710.61,0.453991,0.0,-0.891007
726.75,4375.0,3710.61,0.453991,0.0,-0.891007
681.564,4437.0,3687.59,0.453991,0.0,-0.891007
681.564,4437.0,3687.59,0.453991,0.0,-0.891007
726.75,4375.0,3710.61,0.453991,0.0,-0.891007
681.564,4375.0,3687.59,0.453991,0.0,-0.891007
681.564,4437.0,3687.59,0.358367,0.0,-0.933581
681.564,4375.0,3687.59,0.358367,0.0,-0.933581
634.219,4437.0,3669.41,0.358367,0.0,-0.933581
634.219,4437.0,3669.41,0.358367,0.0,-0.933581
681.564,4375.0,3687.59,0.358367,0.0,-0.933581
634.219,4375.0,3669.41,0.358367,0.0,-0.933581
634.219,4437.0,3669.41,0.25882,0.0,-0.965926
634.219,4375.0,3669.41,0.25882,0.0,-0.965926
585.233,4437.0,3656.29,0.25882,0.0,-0.965926
585.233,4437.0,3656.29,0.25882,0.0,-0.965926
634.219,4375.0,3669.41,0.25882,0.0,-0.965926
585.233,4375.0,3656.29,0.25882,0.0,-0.965926
585.233,4437.0,3656.29,0.156435,0.0,-0.987688
585.233,4375.0,3656.29,0.156435,0.0,-0.987688
535.144,4437.0,3648.35,0.156435,0.0,-0.987688
535.144,4437.0,3648.35,0.156435,0.0,-0.987688
585.233,4375.0,3656.29,0.156435,0.0,-0.987688
535.144,4375.0,3648.35,0.156435,0.0,-0.987688
535.144,4437.0,3648.35,0.0523343,0.0,-0.99863
535.144,4375.0,3648.35,0.0523343,0.0,-0.99863
484.5,4437.0,3645.7,0.0523343,0.0,-0.99863
484.5,4437.0,3645.7,0.0523343,0.0,-0.99863
535.144,4375.0,3648.35,0.0523343,0.0,-0.99863
484.5,4375.0,3645.7,0.0523343,0.0,-0.99863
484.5,4437.0,3645.7,-0.0523341,0.0,-0.99863
484.5,4375.0,3645.7,-0.0523341,0.0,-0.99863
433.856,4437.0,3648.35,-0.0523341,0.0,-0.99863
433.856,4437.0,3648.35,-0.0523341,0.0,-0.99863
484.5,4375.0,3645.7,-0.0523341,0.0,-0.99863
433.856,4375.0,3648.35,-0.0523341,0.0,-0.99863
433.856,4437.0,3648.35,-0.156435,0.0,-0.987688
433.856,4375.0,3648.35,-0.156435,0.0,-0.987688
383.767,4437.0,3656.29,-0.156435,0.0,-0.987688
383.767,4437.0,3656.29,-0.156435,0.0,-0.987688
433.856,4375.0,3648.35,-0.156435,0.0,-0.987688
383.767,4375.0,3656.29,-0.156435,0.0,-0.987688
383.767,4437.0,3656.29,-0.258821,0.0,-0.965925
383.767,4375.0,3656.29,-0.258821,0.0,-0.965925
334.781,4437.0,3669.41,-0.258821,0.0,-0.965925
334.781,4437.0,3669.41,-0.258821,0.0,-0.965925
383.767,4375.0,3656.29,-0.258821,0.0,-0.965925
334.781,4375.0,3669.41,-0.258821,0.0,-0.965925
334.781,4437.0,3669.41,-0.358367,0.0,-0.933581
334.781,4375.0,3669.41,-0.358367,0.0,-0.933581
287.436,4437.0,3687.59,-0.358367,0.0,-0.933581
287.436,4437.0,3687.59,-0.358367,0.0,-0.933581
334.781,4375.0,3669.41,-0.358367,0.0,-0.933581
287.436,4375.0,3687.59,-0.358367,0.0,-0.933581
287.436,4437.0,3687.59,-0.453989,0.0,-0.891007
287.436,4375.0,3687.59,-0.453989,0.0,-0.891007
242.25,4437.0,3710.61,-0.453989,0.0,-0.891007
242.25,4437.0,3710.61,-0.453989,0.0,-0.891007
287.436,4375.0,3687.59,-0.453989,0.0,-0.891007
242.25,4375.0,3710.61,-0.453989,0.0,-0.891007
242.25,4437.0,3710.61,-0.544641,0.0,-0.838669
242.25,4375.0,3710.61,-0.544641,0.0,-0.838669
199.718,4437.0,3738.23,-0.544641,0.0,-0.838669
199.718,4437.0,3738.23,-0.544641,0.0,-0.838669
242.25,4375.0,3710.61,-0.544641,0.0,-0.838669
199.718,4375.0,3738.23,-0.544641,0.0,-0.838669
199.718,4437.0,3738.23,-0.629321,0.0,-0.777145
199.718,4375.0,3738.23,-0.629321,0.0,-0.777145
160.306,4437.0,3770.15,-0.629321,0.0,-0.777145
160.306,4437.0,3770.15,-0.629321,0.0,-0.777145
199.718,4375.0,3738.23,-0.629321,0.0,-0.777145
160.306,4375.0,3770.15,-0.629321,0.0,-0.777145
160.306,4437.0,3770.15,-0.707105,0.0,-0.707109
160.306,4375.0,3770.15,-0.707105,0.0,-0.707109
124.446,4437.0,3806.01,-0.707105,0.0,-0.707109
124.446,4437.0,3806.01,-0.707105,0.0,-0.707109
160.306,4375.0,3770.15,-0.707105,0.0,-0.707109
124.446,4375.0,3806.01,-0.707105,0.0,-0.707109
124.446,4437.0,3806.01,-0.777147,0.0,-0.629319
124.446,4375.0,3806.01,-0.777147,0.0,-0.629319
92.5314,4437.0,3845.42,-0.777147,0.0,-0.629319
92.5314,4437.0,3845.42,-0.777147,0.0,-0.629319
124.446,4375.0,3806.01,-0.777147,0.0,-0.629319
92.5314,4375.0,3845.42,-0.777147,0.0,-0.629319
92.5314,4437.0,3845.42,-0.838671,0.0,-0.544638
92.5314,4375.0,3845.42,-0.838671,0.0,-0.544638
64.9109,4437.0,3887.95,-0.838671,0.0,-0.544638
64.9109,4437.0,3887.95,-0.838671,0.0,-0.544638
92.5314,4375.0,3845.42,-0.838671,0.0,-0.544638
64.9109,4375.0,3887.95,-0.838671,0.0,-0.544638
64.9109,4437.0,3887.95,-0.891005,0.0,-0.453993
64.9109,4375.0,3887.95,-0.891005,0.0,-0.453993
41.8873,4437.0,3933.14,-0.891005,0.0,-0.453993
41.8873,4437.0,3933.14,-0.891005,0.0,-0.453993
64.9109,4375.0,3887.95,-0.891005,0.0,-0.453993
41.8873,4375.0,3933.14,-0.891005,0.0,-0.453993
41.8873,4437.0,3933.14,-0.93358,0.0,-0.358369
41.8873,4375.0,3933.14,-0.93358,0.0,-0.358369
23.7131,4437.0,3980.48,-0.93358,0.0,-0.358369
23.7131,4437.0,3980.48,-0.93358,0.0,-0.358369
41.8873,4375.0,3933.14,-0.93358,0.0,-0.358369
23.7131,4375.0,3980.48,-0.93358,0.0,-0.358369
23.7131,4437.0,3980.48,-0.965925,0.0,-0.25882
23.7131,4375.0,3980.48,-0.965925,0.0,-0.25882
10.5875,4437.0,4029.47,-0.965925,0.0,-0.25882
10.5875,4437.0,4029.47,-0.965925,0.0,-0.25882
23.7131,4375.0,3980.48,-0.965925,0.0,-0.25882
10.5875,4375.0,4029.47,-0.965925,0.0,-0.25882
10.5875,4437.0,4029.47,-0.987689,0.0,-0.15643
10.5875,4375.0,4029.47,-0.987689,0.0,-0.15643
2.65431,4437.0,4079.56,-0.987689,0.0,-0.15643
2.65431,4437.0,4079.56,-0.987689,0.0,-0.15643
10.5875,4375.0,4029.47,-0.987689,0.0,-0.15643
2.65431,4375.0,4079.56,-0.987689,0.0,-0.15643
2.65431,4437.0,4079.56,-0.998629,0.0,-0.0523396
2.65431,4375.0,4079.56,-0.998629,0.0,-0.0523396
0.0,4437.0,4130.2,-0.998629,0.0,-0.0523396
0.0,4437.0,4130.2,-0.998629,0.0,-0.0523396
2.65431,4375.0,4079.56,-0.998629,0.0,-0.0523396
0.0,4375.0,4130.2,-0.998629,0.0,-0.0523396
0.0,4437.0,4130.2,-0.998629,0.0,0.0523393
0.0,4375.0,4130.2,-0.998629,0.0,0.0523393
2.65431,4437.0,4180.84,-0.998629,0.0,0.0523393
2.65431,4437.0,4180.84,-0.998629,0.0,0.0523393
0.0,4375.0,4130.2,-0.998629,0.0,0.0523393
2.65431,4375.0,4180.84,-0.998629,0.0,0.0523393
2.65431,4437.0,4180.84,-0.987689,0.0,0.15643
2.65431,4375.0,4180.84,-0.987689,0.0,0.15643
10.5875,4437.0,4230.93,-0.987689,0.0,0.15643
10.5875,4437.0,4230.93,-0.987689,0.0,0.15643
2.65431,4375.0,4180.84,-0.987689,0.0,0.15643
10.5875,4375.0,4230.93,-0.987689,0.0,0.15643
10.5875,4437.0,4230.93,-0.965925,0.0,0.25882
10.5875,4375.0,4230.93,-0.965925,0.0,0.25882
23.7131,4437.0,4279.92,-0.965925,0.0,0.25882
23.7131,4437.0,4279.92,-0.965925,0.0,0.25882
10.5875,4375.0,4230.93,-0.965925,0.0,0.25882
23.7131,4375.0,4279.92,-0.965925,0.0,0.25882
23.7131,4437.0,4279.92,-0.93358,0.0,0.358369
23.7131,4375.0,4279.92,-0.93358,0.0,0.358369
41.8873,4437.0,4327.26,-0.93358,0.0,0.358369
41.8873,4437.0,4327.26,-0.93358,0.0,0.358369
23.7131,4375.0,4279.92,-0.93358,0.0,0.358369
41.8873,4375.0,4327.26,-0.93358,0.0,0.358369
41.8873,4437.0,4327.26,-0.891005,0.0,0.453993
41.8873,4375.0,4327.26,-0.891005,0.0,0.453993
64.9109,4437.0,4372.45,-0.891005,0.0,0.453993
64.9109,4437.0,4372.45,-0.891005,0.0,0.453993
41.8873,4375.0,4327.26,-0.891005,0.0,0.453993
64.9109,4375.0,4372.45,-0.891005,0.0,0.453993
64.9109,4437.0,4372.45,-0.838672,0.0,0.544636
64.9109,4375.0,4372.45,-0.838672,0.0,0.544636
92.5314,4437.0,4414.98,-0.838672,0.0,0.544636
92.5314,4437.0,4414.98,-0.838672,0.0,0.544636
64.9109,4375.0,4372.45,-0.838672,0.0,0.544636
92.5314,4375.0,4414.98,-0.838672,0.0,0.544636
92.5314,4437.0,4414.98,-0.777149,0.0,0.629316
92.5314,4375.0,4414.98,-0.777149,0.0,0.629316
124.446,4437.0,4454.39,-0.777149,0.0,0.629316
124.446,4437.0,4454.39,-0.777149,0.0,0.629316
92.5314,4375.0,4414.98,-0.777149,0.0,0.629316
124.446,4375.0,4454.39,-0.777149,0.0,0.629316
124.446,4437.0,4454.39,-0.707102,0.0,0.707111
124.446,4375.0,4454.39,-0.707102,0.0,0.707111
160.306,4437.0,4490.25,-0.707102,0.0,0.707111
160.306,4437.0,4490.25,-0.707102,0.0,0.707111
124.446,4375.0,4454.39,-0.707102,0.0,0.707111
160.306,4375.0,4490.25,-0.707102,0.0,0.707111
160.306,4437.0,4490.25,-0.629318,0.0,0.777148
160.306,4375.0,4490.25,-0.629318,0.0,0.777148
199.718,4437.0,4522.17,-0.629318,0.0,0.777148
199.718,4437.0,4522.17,-0.629318,0.0,0.777148
160.306,4375.0,4490.25,-0.629318,0.0,0.777148
199.718,4375.0,4522.17,-0.629318,0.0,0.777148
199.718,4437.0,4522.17,-0.544648,0.0,0.838665
199.718,4375.0,4522.17,-0.544648,0.0,0.838665
242.25,4437.0,4549.79,-0.544648,0.0,0.838665
242.25,4437.0,4549.79,-0.544648,0.0,0.838665
199.718,4375.0,4522.17,-0.544648,0.0,0.838665
242.25,4375.0,4549.79,-0.544648,0.0,0.838665
242.25,4437.0,4549.79,-0.453981,0.0,0.891011
242.25,4375.0,4549.79,-0.453981,0.0,0.891011
287.436,4437.0,4572.81,-0.453981,0.0,0.891011
287.436,4437.0,4572.81,-0.453981,0.0,0.891011
242.25,4375.0,4549.79,-0.453981,0.0,0.891011
287.436,4375.0,4572.81,-0.453981,0.0,0.891011
287.436,4437.0,4572.81,-0.358372,0.0,0.933579
287.436,4375.0,4572.81,-0.358372,0.0,0.933579
334.781,4437.0,4590.99,-0.358372,0.0,0.933579
334.781,4437.0,4590.99,-0.358372,0.0,0.933579
287.436,4375.0,4572.81,-0.358372,0.0,0.933579
334.781,4375.0,4590.99,-0.358372,0.0,0.933579
334.781,4437.0,4590.99,-0.258826,0.0,0.965924
334.781,4375.0,4590.99,-0.258826,0.0,0.965924
383.767,4437.0,4604.11,-0.258826,0.0,0.965924
383.767,4437.0,4604.11,-0.258826,0.0,0.965924
334.781,4375.0,4590.99,-0.258826,0.0,0.965924
383.767,4375.0,4604.11,-0.258826,0.0,0.965924
383.767,4437.0,4604.11,-0.15643,0.0,0.987689
383.767,4375.0,4604.11,-0.15643,0.0,0.987689
433.856,4437.0,4612.05,-0.15643,0.0,0.987689
433.856,4437.0,4612.05,-0.15643,0.0,0.987689
383.767,4375.0,4604.11,-0.15643,0.0,0.987689
433.856,4375.0,4612.05,-0.15643,0.0,0.987689
433.856,4437.0,4612.05,-0.0523293,0.0,0.99863
433.856,4375.0,4612.05,-0.0523293,0.0,0.99863
484.5,4437.0,4614.7,-0.0523293,0.0,0.99863
484.5,4437.0,4614.7,-0.0523293,0.0,0.99863
433.856,4375.0,4612.05,-0.0523293,0.0,0.99863
484.5,4375.0,4614.7,-0.0523293,0.0,0.99863
484.5,4437.0,4614.7,0.0523295,0.0,0.99863
484.5,4375.0,4614.7,0.0523295,0.0,0.99863
535.144,4437.0,4612.05,0.0523295,0.0,0.99863
535.144,4437.0,4612.05,0.0523295,0.0,0.99863
484.5,4375.0,4614.7,0.0523295,0.0,0.99863
535.144,4375.0,4612.05,0.0523295,0.0,0.99863
515.362,4656.0,3945.26,-0.245486,0.0,0.9694
515.362,4375.0,3945.26,-0.245486,0.0,0.9694
545.381,4656.0,3952.86,-0.245486,0.0,0.9694
545.381,4656.0,3952.86,-0.245486,0.0,0.9694
515.362,4375.0,3945.26,-0.245486,0.0,0.9694
545.381,4375.0,3952.86,-0.245486,0.0,0.9694
545.381,4656.0,3952.86,-0.401697,0.0,0.915773
545.381,4375.0,3952.86,-0.401697,0.0,0.915773
573.74,4656.0,3965.3,-0.401697,0.0,0.915773
573.74,4656.0,3965.3,-0.401697,0.0,0.915773
545.381,4375.0,3952.86,-0.401697,0.0,0.915773
573.74,4375.0,3965.3,-0.401697,0.0,0.915773
573.74,4656.0,3965.3,-0.54695,0.0,0.837166
573.74,4375.0,3965.3,-0.54695,0.0,0.837166
599.665,4656.0,3982.24,-0.54695,0.0,0.837166
599.665,4656.0,3982.24,-0.54695,0.0,0.837166
573.74,4375.0,3965.3,-0.54695,0.0,0.837166
599.665,4375.0,3982.24,-0.54695,0.0,0.837166
599.665,4656.0,3982.24,-0.67728,0.0,0.735725
599.665,4375.0,3982.24,-0.67728,0.0,0.735725
622.448,4656.0,4003.21,-0.67728,0.0,0.735725
622.448,4656.0,4003.21,-0.67728,0.0,0.735725
599.665,4375.0,3982.24,-0.67728,0.0,0.735725
622.448,4375.0,4003.21,-0.67728,0.0,0.735725
622.448,4656.0,4003.21,-0.789139,0.0,0.614215
622.448,4375.0,4003.21,-0.789139,0.0,0.614215
641.469,4656.0,4027.65,-0.789139,0.0,0.614215
641.469,4656.0,4027.65,-0.789139,0.0,0.614215
622.448,4375.0,4003.21,-0.789139,0.0,0.614215
641.469,4375.0,4027.65,-0.789139,0.0,0.614215
641.469,4656.0,4027.65,-0.879475,0.0,0.475946
641.469,4375.0,4027.65,-0.879475,0.0,0.475946
656.208,4656.0,4054.88,-0.879475,0.0,0.475946
656.208,4656.0,4054.88,-0.879475,0.0,0.475946
641.469,4375.0,4027.65,-0.879475,0.0,0.475946
656.208,4375.0,4054.88,-0.879475,0.0,0.475946
656.208,4656.0,4054.88,-0.945817,0.0,0.3247
656.208,4375.0,4054.88,-0.945817,0.0,0.3247
666.263,4656.0,4084.17,-0.945817,0.0,0.3247
666.263,4656.0,4084.17,-0.945817,0.0,0.3247
656.208,4375.0,4054.88,-0.945817,0.0,0.3247
666.263,4375.0,4084.17,-0.945817,0.0,0.3247
666.263,4656.0,4084.17,-0.986361,0.0,0.164598
666.263,4375.0,4084.17,-0.986361,0.0,0.164598
671.36,4656.0,4114.72,-0.986361,0.0,0.164598
671.36,4656.0,4114.72,-0.986361,0.0,0.164598
666.263,4375.0,4084.17,-0.986361,0.0,0.164598
671.36,4375.0,4114.72,-0.986361,0.0,0.164598
671.36,4656.0,4114.72,-1.0,0.0,0.0
671.36,4375.0,4114.72,-1.0,0.0,0.0
671.36,4656.0,4145.68,-1.0,0.0,0.0
671.36,4656.0,4145.68,-1.0,0.0,0.0
671.36,4375.0,4114.72,-1.0,0.0,0.0
671.36,4375.0,4145.68,-1.0,0.0,0.0
671.36,4656.0,4145.68,-0.986361,0.0,-0.164598
671.36,4375.0,4145.68,-0.986361,0.0,-0.164598
666.263,4656.0,4176.23,-0.986361,0.0,-0.164598
666.263,4656.0,4176.23,-0.986361,0.0,-0.164598
671.36,4375.0,4145.68,-0.986361,0.0,-0.164598
666.263,4375.0,4176.23,-0.986361,0.0,-0.164598
666.263,4656.0,4176.23,-0.945816,0.0,-0.324703
666.263,4375.0,4176.23,-0.945816,0.0,-0.324703
656.208,4656.0,4205.52,-0.945816,0.0,-0.324703
656.208,4656.0,4205.52,-0.945816,0.0,-0.324703
666.263,4375.0,4176.23,-0.945816,0.0,-0.324703
656.208,4375.0,4205.52,-0.945816,0.0,-0.324703
656.208,4656.0,4205.52,-0.879477,0.0,-0.475942
656.208,4375.0,4205.52,-0.879477,0.0,-0.475942
641.469,4656.0,4232.75,-0.879477,0.0,-0.475942
641.469,4656.0,4232.75,-0.879477,0.0,-0.475942
656.208,4375.0,4205.52,-0.879477,0.0,-0.475942
641.469,4375.0,4232.75,-0.879477,0.0,-0.475942
641.469,4656.0,4232.75,-0.789139,0.0,-0.614215
641.469,4375.0,4232.75,-0.789139,0.0,-0.614215
622.448,4656.0,4257.19,-0.789139,0.0,-0.614215
622.448,4656.0,4257.19,-0.789139,0.0,-0.614215
641.469,4375.0,4232.75,-0.789139,0.0,-0.614215
622.448,4375.0,4257.19,-0.789139,0.0,-0.614215
622.448,4656.0,4257.19,-0.677284,0.0,-0.735721
622.448,4375.0,4257.19,-0.677284,0.0,-0.735721
599.665,4656.0,4278.16,-0.677284,0.0,-0.735721
599.665,4656.0,4278.16,-0.677284,0.0,-0.735721
622.448,4375.0,4257.19,-0.677284,0.0,-0.735721
599.665,4375.0,4278.16,-0.677284,0.0,-0.735721
599.665,4656.0,4278.16,-0.546938,0.0,-0.837173
599.665,4375.0,4278.16,-0.546938,0.0,-0.837173
573.74,4656.0,4295.1,-0.546938,0.0,-0.837173
573.74,4656.0,4295.1,-0.546938,0.0,-0.837173
599.665,4375.0,4278.16,-0.546938,0.0,-0.837173
573.74,4375.0,4295.1,-0.546938,0.0,-0.837173
573.74,4656.0,4295.1,-0.40171,0.0,-0.915767
573.74,4375.0,4295.1,-0.40171,0.0,-0.915767
545.381,4656.0,4307.54,-0.40171,0.0,-0.915767
545.381,4656.0,4307.54,-0.40171,0.0,-0.915767
573.74,4375.0,4295.1,-0.40171,0.0,-0.915767
545.381,4375.0,4307.54,-0.40171,0.0,-0.915767
545.381,4656.0,4307.54,-0.245471,0.0,-0.969404
545.381,4375.0,4307.54,-0.245471,0.0,-0.969404
515.362,4656.0,4315.14,-0.245471,0.0,-0.969404
515.362,4656.0,4315.14,-0.245471,0.0,-0.969404
545.381,4375.0,4307.54,-0.245471,0.0,-0.969404
515.362,4375.0,4315.14,-0.245471,0.0,-0.969404
515.362,4656.0,4315.14,-0.0825755,0.0,-0.996585
515.362,4375.0,4315.14,-0.0825755,0.0,-0.996585
484.5,4656.0,4317.7,-0.0825755,0.0,-0.996585
484.5,4656.0,4317.7,-0.0825755,0.0,-0.996585
515.362,4375.0,4315.14,-0.0825755,0.0,-0.996585
484.5,4375.0,4317.7,-0.0825755,0.0,-0.996585
484.5,4656.0,4317.7,0.0825749,0.0,-0.996585
484.5,4375.0,4317.7,0.0825749,0.0,-0.996585
453.639,4656.0,4315.14,0.0825749,0.0,-0.996585
453.639,4656.0,4315.14,0.0825749,0.0,-0.996585
484.5,4375.0,4317.7,0.0825749,0.0,-0.996585
453.639,4375.0,4315.14,0.0825749,0.0,-0.996585
453.639,4656.0,4315.14,0.245473,0.0,-0.969403
453.639,4375.0,4315.14,0.245473,0.0,-0.969403
423.619,4656.0,4307.54,0.245473,0.0,-0.969403
423.619,4656.0,4307.54,0.245473,0.0,-0.969403
453.639,4375.0,4315.14,0.245473,0.0,-0.969403
423.619,4375.0,4307.54,0.245473,0.0,-0.969403
423.619,4656.0,4307.54,0.401708,0.0,-0.915768
423.619,4375.0,4307.54,0.401708,0.0,-0.915768
395.26,4656.0,4295.1,0.401708,0.0,-0.915768
395.26,4656.0,4295.1,0.401708,0.0,-0.915768
423.619,4375.0,4307.54,0.401708,0.0,-0.915768
395.26,4375.0,4295.1,0.401708,0.0,-0.915768
395.26,4656.0,4295.1,0.546938,0.0,-0.837173
395.26,4375.0,4295.1,0.546938,0.0,-0.837173
369.335,4656.0,4278.16,0.546938,0.0,-0.837173
369.335,4656.0,4278.16,0.546938,0.0,-0.837173
395.26,4375.0,4295.1,0.546938,0.0,-0.837173
369.335,4375.0,4278.16,0.546938,0.0,-0.837173
369.335,4656.0,4278.16,0.677284,0.0,-0.735722
369.335,4375.0,4278.16,0.677284,0.0,-0.735722
346.552,4656.0,4257.19,0.677284,0.0,-0.735722
346.552,4656.0,4257.19,0.677284,0.0,-0.735722
369.335,4375.0,4278.16,0.677284,0.0,-0.735722
346.552,4375.0,4257.19,0.677284,0.0,-0.735722
346.552,4656.0,4257.19,0.789139,0.0,-0.614214
346.552,4375.0,4257.19,0.789139,0.0,-0.614214
327.531,4656.0,4232.75,0.789139,0.0,-0.614214
327.531,4656.0,4232.75,0.789139,0.0,-0.614214
346.552,4375.0,4257.19,0.789139,0.0,-0.614214
327.531,4375.0,4232.75,0.789139,0.0,-0.614214
327.531,4656.0,4232.75,0.879477,0.0,-0.475942
327.531,4375.0,4232.75,0.879477,0.0,-0.475942
312.793,4656.0,4205.52,0.879477,0.0,-0.475942
312.793,4656.0,4205.52,0.879477,0.0,-0.475942
327.531,4375.0,4232.75,0.879477,0.0,-0.475942
312.793,4375.0,4205.52,0.879477,0.0,-0.475942
312.793,4656.0,4205.52,0.945816,0.0,-0.324703
312.793,4375.0,4205.52,0.945816,0.0,-0.324703
302.737,4656.0,4176.23,0.945816,0.0,-0.324703
302.737,4656.0,4176.23,0.945816,0.0,-0.324703
312.793,4375.0,4205.52,0.945816,0.0,-0.324703
302.737,4375.0,4176.23,0.945816,0.0,-0.324703
302.737,4656.0,4176.23,0.986362,0.0,-0.164591
302.737,4375.0,4176.23,0.986362,0.0,-0.164591
297.641,4656.0,4145.68,0.986362,0.0,-0.164591
297.641,4656.0,4145.68,0.986362,0.0,-0.164591
302.737,4375.0,4176.23,0.986362,0.0,-0.164591
297.641,4375.0,4145.68,0.986362,0.0,-0.164591
297.641,4656.0,4145.68,1.0,0.0,0.0
297.641,4375.0,4145.68,1.0,0.0,0.0
297.641,4656.0,4114.72,1.0,0.0,0.0
297.641,4656.0,4114.72,1.0,0.0,0.0
297.641,4375.0,4145.68,1.0,0.0,0.0
297.641,4375.0,4114.72,1.0,0.0,0.0
297.641,4656.0,4114.72,0.986362,0.0,0.164591
297.641,4375.0,4114.72,0.986362,0.0,0.164591
302.737,4656.0,4084.17,0.986362,0.0,0.164591
302.737,4656.0,4084.17,0.986362,0.0,0.164591
297.641,4375.0,4114.72,0.986362,0.0,0.164591
302.737,4375.0,4084.17,0.986362,0.0,0.164591
302.737,4656.0,4084.17,0.945817,0.0,0.3247
302.737,4375.0,4084.17,0.945817,0.0,0.3247
312.793,4656.0,4054.88,0.945817,0.0,0.3247
312.793,4656.0,4054.88,0.945817,0.0,0.3247
302.737,4375.0,4084.17,0.945817,0.0,0.3247
312.793,4375.0,4054.88,0.945817,0.0,0.3247
312.793,4656.0,4054.88,0.879475,0.0,0.475945
312.793,4375.0,4054.88,0.879475,0.0,0.475945
327.531,4656.0,4027.65,0.879475,0.0,0.475945
327.531,4656.0,4027.65,0.879475,0.0,0.475945
312.793,4375.0,4054.88,0.879475,0.0,0.475945
327.531,4375.0,4027.65,0.879475,0.0,0.475945
327.531,4656.0,4027.65,0.789139,0.0,0.614214
327.531,4375.0,4027.65,0.789139,0.0,0.614214
346.552,4656.0,4003.21,0.789139,0.0,0.614214
346.552,4656.0,4003.21,0.789139,0.0,0.614214
327.531,4375.0,4027.65,0.789139,0.0,0.614214
346.552,4375.0,4003.21,0.789139,0.0,0.614214
346.552,4656.0,4003.21,0.67728,0.0,0.735726
346.552,4375.0,4003.21,0.67728,0.0,0.735726
369.335,4656.0,3982.24,0.67728,0.0,0.735726
369.335,4656.0,3982.24,0.67728,0.0,0.735726
346.552,4375.0,4003.21,0.67728,0.0,0.735726
369.335,4375.0,3982.24,0.67728,0.0,0.735726
369.335,4656.0,3982.24,0.54695,0.0,0.837166
369.335,4375.0,3982.24,0.54695,0.0,0.837166
395.26,4656.0,3965.3,0.54695,0.0,0.837166
395.26,4656.0,3965.3,0.54695,0.0,0.837166
369.335,4375.0,3982.24,0.54695,0.0,0.837166
395.26,4375.0,3965.3,0.54695,0.0,0.837166
395.26,4656.0,3965.3,0.401695,0.0,0.915774
395.26,4375.0,3965.3,0.401695,0.0,0.915774
423.619,4656.0,3952.86,0.401695,0.0,0.915774
423.619,4656.0,3952.86,0.401695,0.0,0.915774
395.26,4375.0,3965.3,0.401695,0.0,0.915774
423.619,4375.0,3952.86,0.401695,0.0,0.915774
423.619,4656.0,3952.86,0.245488,0.0,0.9694
423.619,4375.0,3952.86,0.245488,0.0,0.9694
453.639,4656.0,3945.26,0.245488,0.0,0.9694
453.639,4656.0,3945.26,0.245488,0.0,0.9694
423.619,4375.0,3952.86,0.245488,0.0,0.9694
453.639,4375.0,3945.26,0.245488,0.0,0.9694
453.639,4656.0,3945.26,0.0825749,0.0,0.996585
453.639,4375.0,3945.26,0.0825749,0.0,0.996585
484.5,4656.0,3942.7,0.0825749,0.0,0.996585
484.5,4656.0,3942.7,0.0825749,0.0,0.996585
453.639,4375.0,3945.26,0.0825749,0.0,0.996585
484.5,4375.0,3942.7,0.0825749,0.0,0.996585
484.5,4656.0,3942.7,-0.0825755,0.0,0.996585
484.5,4375.0,3942.7,-0.0825755,0.0,0.996585
515.362,4656.0,3945.26,-0.0825755,0.0,0.996585
515.362,4656.0,3945.26,-0.0825755,0.0,0.996585
484.5,4375.0,3942.7,-0.0825755,0.0,0.996585
515.362,4375.0,3945.26,-0.0825755,0.0,0.996585
346.552,4375.0,4003.21,0.0,-1.0,0.0
160.306,4375.0,3770.15,0.0,-1.0,0.0
369.335,4375.0,3982.24,0.0,-1.0,0.0
369.335,4375.0,3982.24,0.0,-1.0,0.0
160.306,4375.0,3770.15,0.0,-1.0,0.0
199.718,4375.0,3738.23,0.0,-1.0,0.0
369.335,4375.0,3982.24,0.0,-1.0,0.0
199.718,4375.0,3738.23,0.0,-1.0,0.0
395.26,4375.0,3965.3,0.0,-1.0,0.0
297.641,4375.0,4145.68,0.0,-1.0,0.0
0.0,4375.0,4130.2,0.0,-1.0,0.0
297.641,4375.0,4114.72,0.0,-1.0,0.0
297.641,4375.0,4114.72,0.0,-1.0,0.0
0.0,4375.0,4130.2,0.0,-1.0,0.0
2.65431,4375.0,4079.56,0.0,-1.0,0.0
297.641,4375.0,4114.72,0.0,-1.0,0.0
2.65431,4375.0,4079.56,0.0,-1.0,0.0
302.737,4375.0,4084.17,0.0,-1.0,0.0
423.619,4375.0,4307.54,0.0,-1.0,0.0
287.436,4375.0,4572.81,0.0,-1.0,0.0
395.26,4375.0,4295.1,0.0,-1.0,0.0
395.26,4375.0,4295.1,0.0,-1.0,0.0
287.436,4375.0,4572.81,0.0,-1.0,0.0
242.25,4375.0,4549.79,0.0,-1.0,0.0
395.26,4375.0,4295.1,0.0,-1.0,0.0
242.25,4375.0,4549.79,0.0,-1.0,0.0
369.335,4375.0,4278.16,0.0,-1.0,0.0
484.5,4375.0,4317.7,0.0,-1.0,0.0
433.856,4375.0,4612.05,0.0,-1.0,0.0
453.639,4375.0,4315.14,0.0,-1.0,0.0
453.639,4375.0,4315.14,0.0,-1.0,0.0
433.856,4375.0,4612.05,0.0,-1.0,0.0
383.767,4375.0,4604.11,0.0,-1.0,0.0
453.639,4375.0,4315.14,0.0,-1.0,0.0
383.767,4375.0,4604.11,0.0,-1.0,0.0
423.619,4375.0,4307.54,0.0,-1.0,0.0
423.619,4375.0,4307.54,0.0,-1.0,0.0
383.767,4375.0,4604.11,0.0,-1.0,0.0
334.781,4375.0,4590.99,0.0,-1.0,0.0
423.619,4375.0,4307.54,0.0,-1.0,0.0
334.781,4375.0,4590.99,0.0,-1.0,0.0
287.436,4375.0,4572.81,0.0,-1.0,0.0
515.362,4375.0,4315.14,0.0,-1.0,0.0
535.144,4375.0,4612.05,0.0,-1.0,0.0
484.5,4375.0,4317.7,0.0,-1.0,0.0
484.5,4375.0,4317.7,0.0,-1.0,0.0
535.144,4375.0,4612.05,0.0,-1.0,0.0
484.5,4375.0,4614.7,0.0,-1.0,0.0
484.5,4375.0,4317.7,0.0,-1.0,0.0
484.5,4375.0,4614.7,0.0,-1.0,0.0
433.856,4375.0,4612.05,0.0,-1.0,0.0
545.381,4375.0,3952.86,0.0,-1.0,0.0
681.564,4375.0,3687.59,0.0,-1.0,0.0
573.74,4375.0,3965.3,0.0,-1.0,0.0
573.74,4375.0,3965.3,0.0,-1.0,0.0
681.564,4375.0,3687.59,0.0,-1.0,0.0
726.75,4375.0,3710.61,0.0,-1.0,0.0
573.74,4375.0,3965.3,0.0,-1.0,0.0
726.75,4375.0,3710.61,0.0,-1.0,0.0
599.665,4375.0,3982.24,0.0,-1.0,0.0
484.5,4375.0,3942.7,0.0,-1.0,0.0
535.144,4375.0,3648.35,0.0,-1.0,0.0
515.362,4375.0,3945.26,0.0,-1.0,0.0
515.362,4375.0,3945.26,0.0,-1.0,0.0
535.144,4375.0,3648.35,0.0,-1.0,0.0
585.233,4375.0,3656.29,0.0,-1.0,0.0
515.362,4375.0,3945.26,0.0,-1.0,0.0
585.233,4375.0,3656.29,0.0,-1.0,0.0
545.381,4375.0,3952.86,0.0,-1.0,0.0
545.381,4375.0,3952.86,0.0,-1.0,0.0
585.233,4375.0,3656.29,0.0,-1.0,0.0
634.219,4375.0,3669.41,0.0,-1.0,0.0
545.381,4375.0,3952.86,0.0,-1.0,0.0
634.219,4375.0,3669.41,0.0,-1.0,0.0
681.564,4375.0,3687.59,0.0,-1.0,0.0
453.639,4375.0,3945.26,0.0,-1.0,0.0
433.856,4375.0,3648.35,0.0,-1.0,0.0
484.5,4375.0,3942.7,0.0,-1.0,0.0
484.5,4375.0,3942.7,0.0,-1.0,0.0
433.856,4375.0,3648.35,0.0,-1.0,0.0
484.5,4375.0,3645.7,0.0,-1.0,0.0
484.5,4375.0,3942.7,0.0,-1.0,0.0
484.5,4375.0,3645.7,0.0,-1.0,0.0
535.144,4375.0,3648.35,0.0,-1.0,0.0
312.793,4375.0,4205.52,0.0,-1.0,0.0
23.7131,4375.0,4279.92,0.0,-1.0,0.0
302.737,4375.0,4176.23,0.0,-1.0,0.0
302.737,4375.0,4176.23,0.0,-1.0,0.0
23.7131,4375.0,4279.92,0.0,-1.0,0.0
10.5875,4375.0,4230.93,0.0,-1.0,0.0
302.737,4375.0,4176.23,0.0,-1.0,0.0
10.5875,4375.0,4230.93,0.0,-1.0,0.0
297.641,4375.0,4145.68,0.0,-1.0,0.0
297.641,4375.0,4145.68,0.0,-1.0,0.0
10.5875,4375.0,4230.93,0.0,-1.0,0.0
2.65431,4375.0,4180.84,0.0,-1.0,0.0
297.641,4375.0,4145.68,0.0,-1.0,0.0
2.65431,4375.0,4180.84,0.0,-1.0,0.0
0.0,4375.0,4130.2,0.0,-1.0,0.0
327.531,4375.0,4232.75,0.0,-1.0,0.0
64.9109,4375.0,4372.45,0.0,-1.0,0.0
312.793,4375.0,4205.52,0.0,-1.0,0.0
312.793,4375.0,4205.52,0.0,-1.0,0.0
64.9109,4375.0,4372.45,0.0,-1.0,0.0
41.8873,4375.0,4327.26,0.0,-1.0,0.0
312.793,4375.0,4205.52,0.0,-1.0,0.0
41.8873,4375.0,4327.26,0.0,-1.0,0.0
23.7131,4375.0,4279.92,0.0,-1.0,0.0
242.25,4375.0,4549.79,0.0,-1.0,0.0
199.718,4375.0,4522.17,0.0,-1.0,0.0
369.335,4375.0,4278.16,0.0,-1.0,0.0
369.335,4375.0,4278.16,0.0,-1.0,0.0
199.718,4375.0,4522.17,0.0,-1.0,0.0
160.306,4375.0,4490.25,0.0,-1.0,0.0
369.335,4375.0,4278.16,0.0,-1.0,0.0
160.306,4375.0,4490.25,0.0,-1.0,0.0
346.552,4375.0,4257.19,0.0,-1.0,0.0
346.552,4375.0,4257.19,0.0,-1.0,0.0
160.306,4375.0,4490.25,0.0,-1.0,0.0
124.446,4375.0,4454.39,0.0,-1.0,0.0
346.552,4375.0,4257.19,0.0,-1.0,0.0
124.446,4375.0,4454.39,0.0,-1.0,0.0
327.531,4375.0,4232.75,0.0,-1.0,0.0
327.531,4375.0,4232.75,0.0,-1.0,0.0
124.446,4375.0,4454.39,0.0,-1.0,0.0
92.5314,4375.0,4414.98,0.0,-1.0,0.0
327.531,4375.0,4232.75,0.0,-1.0,0.0
92.5314,4375.0,4414.98,0.0,-1.0,0.0
64.9109,4375.0,4372.45,0.0,-1.0,0.0
573.74,4375.0,4295.1,0.0,-1.0,0.0
681.564,4375.0,4572.81,0.0,-1.0,0.0
545.381,4375.0,4307.54,0.0,-1.0,0.0
545.381,4375.0,4307.54,0.0,-1.0,0.0
681.564,4375.0,4572.81,0.0,-1.0,0.0
634.219,4375.0,4590.99,0.0,-1.0,0.0
545.381,4375.0,4307.54,0.0,-1.0,0.0
634.219,4375.0,4590.99,0.0,-1.0,0.0
515.362,4375.0,4315.14,0.0,-1.0,0.0
515.362,4375.0,4315.14,0.0,-1.0,0.0
634.219,4375.0,4590.99,0.0,-1.0,0.0
585.233,4375.0,4604.11,0.0,-1.0,0.0
515.362,4375.0,4315.14,0.0,-1.0,0.0
585.233,4375.0,4604.11,0.0,-1.0,0.0
535.144,4375.0,4612.05,0.0,-1.0,0.0
622.448,4375.0,4257.19,0.0,-1.0,0.0
808.694,4375.0,4490.25,0.0,-1.0,0.0
599.665,4375.0,4278.16,0.0,-1.0,0.0
599.665,4375.0,4278.16,0.0,-1.0,0.0
808.694,4375.0,4490.25,0.0,-1.0,0.0
769.282,4375.0,4522.17,0.0,-1.0,0.0
599.665,4375.0,4278.16,0.0,-1.0,0.0
769.282,4375.0,4522.17,0.0,-1.0,0.0
573.74,4375.0,4295.1,0.0,-1.0,0.0
573.74,4375.0,4295.1,0.0,-1.0,0.0
769.282,4375.0,4522.17,0.0,-1.0,0.0
726.75,4375.0,4549.79,0.0,-1.0,0.0
573.74,4375.0,4295.1,0.0,-1.0,0.0
726.75,4375.0,4549.79,0.0,-1.0,0.0
681.564,4375.0,4572.81,0.0,-1.0,0.0
199.718,4375.0,3738.23,0.0,-1.0,0.0
242.25,4375.0,3710.61,0.0,-1.0,0.0
395.26,4375.0,3965.3,0.0,-1.0,0.0
395.26,4375.0,3965.3,0.0,-1.0,0.0
242.25,4375.0,3710.61,0.0,-1.0,0.0
287.436,4375.0,3687.59,0.0,-1.0,0.0
395.26,4375.0,3965.3,0.0,-1.0,0.0
287.436,4375.0,3687.59,0.0,-1.0,0.0
423.619,4375.0,3952.86,0.0,-1.0,0.0
423.619,4375.0,3952.86,0.0,-1.0,0.0
287.436,4375.0,3687.59,0.0,-1.0,0.0
334.781,4375.0,3669.41,0.0,-1.0,0.0
423.619,4375.0,3952.86,0.0,-1.0,0.0
334.781,4375.0,3669.41,0.0,-1.0,0.0
453.639,4375.0,3945.26,0.0,-1.0,0.0
453.639,4375.0,3945.26,0.0,-1.0,0.0
334.781,4375.0,3669.41,0.0,-1.0,0.0
383.767,4375.0,3656.29,0.0,-1.0,0.0
453.639,4375.0,3945.26,0.0,-1.0,0.0
383.767,4375.0,3656.29,0.0,-1.0,0.0
433.856,4375.0,3648.35,0.0,-1.0,0.0
312.793,4375.0,4054.88,0.0,-1.0,0.0
64.9109,4375.0,3887.95,0.0,-1.0,0.0
327.531,4375.0,4027.65,0.0,-1.0,0.0
327.531,4375.0,4027.65,0.0,-1.0,0.0
64.9109,4375.0,3887.95,0.0,-1.0,0.0
92.5314,4375.0,3845.42,0.0,-1.0,0.0
327.531,4375.0,4027.65,0.0,-1.0,0.0
92.5314,4375.0,3845.42,0.0,-1.0,0.0
346.552,4375.0,4003.21,0.0,-1.0,0.0
346.552,4375.0,4003.21,0.0,-1.0,0.0
92.5314,4375.0,3845.42,0.0,-1.0,0.0
124.446,4375.0,3806.01,0.0,-1.0,0.0
346.552,4375.0,4003.21,0.0,-1.0,0.0
124.446,4375.0,3806.01,0.0,-1.0,0.0
160.306,4375.0,3770.15,0.0,-1.0,0.0
671.36,4375.0,4114.72,0.0,-1.0,0.0
969.0,4375.0,4130.2,0.0,-1.0,0.0
671.36,4375.0,4145.68,0.0,-1.0,0.0
671.36,4375.0,4145.68,0.0,-1.0,0.0
969.0,4375.0,4130.2,0.0,-1.0,0.0
966.346,4375.0,4180.84,0.0,-1.0,0.0
671.36,4375.0,4145.68,0.0,-1.0,0.0
966.346,4375.0,4180.84,0.0,-1.0,0.0
666.263,4375.0,4176.23,0.0,-1.0,0.0
2.65431,4375.0,4079.56,0.0,-1.0,0.0
10.5875,4375.0,4029.47,0.0,-1.0,0.0
302.737,4375.0,4084.17,0.0,-1.0,0.0
302.737,4375.0,4084.17,0.0,-1.0,0.0
10.5875,4375.0,4029.47,0.0,-1.0,0.0
23.7131,4375.0,3980.48,0.0,-1.0,0.0
302.737,4375.0,4084.17,0.0,-1.0,0.0
23.7131,4375.0,3980.48,0.0,-1.0,0.0
312.793,4375.0,4054.88,0.0,-1.0,0.0
312.793,4375.0,4054.88,0.0,-1.0,0.0
23.7131,4375.0,3980.48,0.0,-1.0,0.0
41.8873,4375.0,3933.14,0.0,-1.0,0.0
312.793,4375.0,4054.88,0.0,-1.0,0.0
41.8873,4375.0,3933.14,0.0,-1.0,0.0
64.9109,4375.0,3887.95,0.0,-1.0,0.0
656.208,4375.0,4205.52,0.0,-1.0,0.0
904.089,4375.0,4372.45,0.0,-1.0,0.0
641.469,4375.0,4232.75,0.0,-1.0,0.0
641.469,4375.0,4232.75,0.0,-1.0,0.0
904.089,4375.0,4372.45,0.0,-1.0,0.0
876.469,4375.0,4414.98,0.0,-1.0,0.0
641.469,4375.0,4232.75,0.0,-1.0,0.0
876.469,4375.0,4414.98,0.0,-1.0,0.0
622.448,4375.0,4257.19,0.0,-1.0,0.0
622.448,4375.0,4257.19,0.0,-1.0,0.0
876.469,4375.0,4414.98,0.0,-1.0,0.0
844.554,4375.0,4454.39,0.0,-1.0,0.0
622.448,4375.0,4257.19,0.0,-1.0,0.0
844.554,4375.0,4454.39,0.0,-1.0,0.0
808.694,4375.0,4490.25,0.0,-1.0,0.0
726.75,4375.0,3710.61,0.0,-1.0,0.0
769.282,4375.0,3738.23,0.0,-1.0,0.0
599.665,4375.0,3982.24,0.0,-1.0,0.0
599.665,4375.0,3982.24,0.0,-1.0,0.0
769.282,4375.0,3738.23,0.0,-1.0,0.0
808.694,4375.0,3770.15,0.0,-1.0,0.0
599.665,4375.0,3982.24,0.0,-1.0,0.0
808.694,4375.0,3770.15,0.0,-1.0,0.0
622.448,4375.0,4003.21,0.0,-1.0,0.0
622.448,4375.0,4003.21,0.0,-1.0,0.0
808.694,4375.0,3770.15,0.0,-1.0,0.0
844.554,4375.0,3806.01,0.0,-1.0,0.0
622.448,4375.0,4003.21,0.0,-1.0,0.0
844.554,4375.0,3806.01,0.0,-1.0,0.0
641.469,4375.0,4027.65,0.0,-1.0,0.0
966.346,4375.0,4180.84,0.0,-1.0,0.0
958.413,4375.0,4230.93,0.0,-1.0,0.0
666.263,4375.0,4176.23,0.0,-1.0,0.0
666.263,4375.0,4176.23,0.0,-1.0,0.0
958.413,4375.0,4230.93,0.0,-1.0,0.0
945.287,4375.0,4279.92,0.0,-1.0,0.0
666.263,4375.0,4176.23,0.0,-1.0,0.0
945.287,4375.0,4279.92,0.0,-1.0,0.0
656.208,4375.0,4205.52,0.0,-1.0,0.0
656.208,4375.0,4205.52,0.0,-1.0,0.0
945.287,4375.0,4279.92,0.0,-1.0,0.0
927.113,4375.0,4327.26,0.0,-1.0,0.0
656.208,4375.0,4205.52,0.0,-1.0,0.0
927.113,4375.0,4327.26,0.0,-1.0,0.0
904.089,4375.0,4372.45,0.0,-1.0,0.0
656.208,4375.0,4054.88,0.0,-1.0,0.0
945.287,4375.0,3980.48,0.0,-1.0,0.0
666.263,4375.0,4084.17,0.0,-1.0,0.0
666.263,4375.0,4084.17,0.0,-1.0,0.0
945.287,4375.0,3980.48,0.0,-1.0,0.0
958.413,4375.0,4029.47,0.0,-1.0,0.0
666.263,4375.0,4084.17,0.0,-1.0,0.0
958.413,4375.0,4029.47,0.0,-1.0,0.0
671.36,4375.0,4114.72,0.0,-1.0,0.0
671.36,4375.0,4114.72,0.0,-1.0,0.0
958.413,4375.0,4029.47,0.0,-1.0,0.0
966.346,4375.0,4079.56,0.0,-1.0,0.0
671.36,4375.0,4114.72,0.0,-1.0,0.0
966.346,4375.0,4079.56,0.0,-1.0,0.0
969.0,4375.0,4130.2,0.0,-1.0,0.0
844.554,4375.0,3806.01,0.0,-1.0,0.0
876.469,4375.0,3845.42,0.0,-1.0,0.0
641.469,4375.0,4027.65,0.0,-1.0,0.0
641.469,4375.0,4027.65,0.0,-1.0,0.0
876.469,4375.0,3845.42,0.0,-1.0,0.0
904.089,4375.0,3887.95,0.0,-1.0,0.0
641.469,4375.0,4027.65,0.0,-1.0,0.0
904.089,4375.0,3887.95,0.0,-1.0,0.0
656.208,4375.0,4054.88,0.0,-1.0,0.0
656.208,4375.0,4054.88,0.0,-1.0,0.0
904.089,4375.0,3887.95,0.0,-1.0,0.0
927.113,4375.0,3933.14,0.0,-1.0,0.0
656.208,4375.0,4054.88,0.0,-1.0,0.0
927.113,4375.0,3933.14,0.0,-1.0,0.0
945.287,4375.0,3980.48,0.0,-1.0,0.0
