10.2535,0.0,88.5216,0.0,-1.0,0.0
10.0,0.0,88.5,0.0,-1.0,0.0
68.5014,0.0,89.9363,0.0,-1.0,0.0
10.0,0.0,88.5,0.0,-1.0,0.0
9.7465,0.0,88.5216,0.0,-1.0,0.0
0.0,0.0,0.0,0.0,-1.0,0.0
0.0,0.0,0.0,0.0,-1.0,0.0
9.7465,0.0,88.5216,0.0,-1.0,0.0
9.50029,0.0,88.5857,0.0,-1.0,0.0
0.0,0.0,0.0,0.0,-1.0,0.0
9.50029,0.0,88.5857,0.0,-1.0,0.0
9.26846,0.0,88.6905,0.0,-1.0,0.0
68.5014,0.0,89.9363,0.0,-1.0,0.0
10.0,0.0,88.5,0.0,-1.0,0.0
68.5337,0.0,89.684,0.0,-1.0,0.0
69.8728,0.0,91.4946,0.0,-1.0,0.0
70.1272,0.0,91.4946,0.0,-1.0,0.0
80.0,0.0,100.0,0.0,-1.0,0.0
80.0,0.0,100.0,0.0,-1.0,0.0
70.1272,0.0,91.4946,0.0,-1.0,0.0
70.378,0.0,91.4516,0.0,-1.0,0.0
80.0,0.0,100.0,0.0,-1.0,0.0
70.378,0.0,91.4516,0.0,-1.0,0.0
70.6179,0.0,91.3668,0.0,-1.0,0.0
71.126,0.0,89.009,0.0,-1.0,0.0
70.9423,0.0,88.8329,0.0,-1.0,0.0
61.4986,0.0,9.93634,0.0,-1.0,0.0
61.4986,0.0,9.93634,0.0,-1.0,0.0
70.9423,0.0,88.8329,0.0,-1.0,0.0
70.7315,0.0,88.6905,0.0,-1.0,0.0
70.7315,0.0,88.6905,0.0,-1.0,0.0
70.4997,0.0,88.5857,0.0,-1.0,0.0
61.4986,0.0,9.93634,0.0,-1.0,0.0
61.4986,0.0,9.93634,0.0,-1.0,0.0
70.4997,0.0,88.5857,0.0,-1.0,0.0
70.2535,0.0,88.5216,0.0,-1.0,0.0
61.4986,0.0,9.93634,0.0,-1.0,0.0
70.2535,0.0,88.5216,0.0,-1.0,0.0
70.0,0.0,88.5,0.0,-1.0,0.0
0.0,0.0,100.0,0.0,-1.0,0.0
8.56575,0.0,90.4392,0.0,-1.0,0.0
8.66061,0.0,90.6753,0.0,-1.0,0.0
8.66061,0.0,90.6753,0.0,-1.0,0.0
8.794,0.0,90.892,0.0,-1.0,0.0
0.0,0.0,100.0,0.0,-1.0,0.0
0.0,0.0,100.0,0.0,-1.0,0.0
8.794,0.0,90.892,0.0,-1.0,0.0
8.96209,0.0,91.0829,0.0,-1.0,0.0
0.0,0.0,100.0,0.0,-1.0,0.0
8.96209,0.0,91.0829,0.0,-1.0,0.0
9.16004,0.0,91.2428,0.0,-1.0,0.0
0.0,0.0,100.0,0.0,-1.0,0.0
68.9621,0.0,91.0829,0.0,-1.0,0.0
80.0,0.0,100.0,0.0,-1.0,0.0
80.0,0.0,100.0,0.0,-1.0,0.0
68.9621,0.0,91.0829,0.0,-1.0,0.0
69.16,0.0,91.2428,0.0,-1.0,0.0
69.16,0.0,91.2428,0.0,-1.0,0.0
69.3821,0.0,91.3668,0.0,-1.0,0.0
80.0,0.0,100.0,0.0,-1.0,0.0
80.0,0.0,100.0,0.0,-1.0,0.0
69.3821,0.0,91.3668,0.0,-1.0,0.0
69.622,0.0,91.4516,0.0,-1.0,0.0
80.0,0.0,100.0,0.0,-1.0,0.0
69.622,0.0,91.4516,0.0,-1.0,0.0
69.8728,0.0,91.4946,0.0,-1.0,0.0
70.6179,0.0,91.3668,0.0,-1.0,0.0
70.84,0.0,91.2428,0.0,-1.0,0.0
80.0,0.0,100.0,0.0,-1.0,0.0
80.0,0.0,100.0,0.0,-1.0,0.0
70.84,0.0,91.2428,0.0,-1.0,0.0
71.0379,0.0,91.0829,0.0,-1.0,0.0
80.0,0.0,100.0,0.0,-1.0,0.0
71.0379,0.0,91.0829,0.0,-1.0,0.0
71.206,0.0,90.892,0.0,-1.0,0.0
71.4879,0.0,90.1905,0.0,-1.0,0.0
71.4986,0.0,89.9363,0.0,-1.0,0.0
80.0,0.0,100.0,0.0,-1.0,0.0
80.0,0.0,100.0,0.0,-1.0,0.0
71.4986,0.0,89.9363,0.0,-1.0,0.0
71.4663,0.0,89.684,0.0,-1.0,0.0
80.0,0.0,100.0,0.0,-1.0,0.0
71.4663,0.0,89.684,0.0,-1.0,0.0
80.0,0.0,0.0,0.0,-1.0,0.0
71.4663,0.0,89.684,0.0,-1.0,0.0
71.3918,0.0,89.4407,0.0,-1.0,0.0
80.0,0.0,0.0,0.0,-1.0,0.0
80.0,0.0,0.0,0.0,-1.0,0.0
71.3918,0.0,89.4407,0.0,-1.0,0.0
71.2773,0.0,89.2135,0.0,-1.0,0.0
80.0,0.0,0.0,0.0,-1.0,0.0
71.2773,0.0,89.2135,0.0,-1.0,0.0
71.126,0.0,89.009,0.0,-1.0,0.0
8.60817,0.0,89.4407,0.0,-1.0,0.0
8.53367,0.0,89.684,0.0,-1.0,0.0
0.0,0.0,100.0,0.0,-1.0,0.0
9.26846,0.0,88.6905,0.0,-1.0,0.0
9.05767,0.0,88.8329,0.0,-1.0,0.0
0.0,0.0,0.0,0.0,-1.0,0.0
0.0,0.0,0.0,0.0,-1.0,0.0
9.05767,0.0,88.8329,0.0,-1.0,0.0
8.87399,0.0,89.009,0.0,-1.0,0.0
0.0,0.0,0.0,0.0,-1.0,0.0
8.87399,0.0,89.009,0.0,-1.0,0.0
0.0,0.0,100.0,0.0,-1.0,0.0
0.0,0.0,100.0,0.0,-1.0,0.0
8.87399,0.0,89.009,0.0,-1.0,0.0
8.72271,0.0,89.2135,0.0,-1.0,0.0
0.0,0.0,100.0,0.0,-1.0,0.0
8.72271,0.0,89.2135,0.0,-1.0,0.0
8.60817,0.0,89.4407,0.0,-1.0,0.0
9.16004,0.0,91.2428,0.0,-1.0,0.0
9.38215,0.0,91.3668,0.0,-1.0,0.0
0.0,0.0,100.0,0.0,-1.0,0.0
0.0,0.0,100.0,0.0,-1.0,0.0
9.38215,0.0,91.3668,0.0,-1.0,0.0
9.62203,0.0,91.4516,0.0,-1.0,0.0
0.0,0.0,100.0,0.0,-1.0,0.0
9.62203,0.0,91.4516,0.0,-1.0,0.0
9.87279,0.0,91.4946,0.0,-1.0,0.0
71.206,0.0,90.892,0.0,-1.0,0.0
71.3394,0.0,90.6753,0.0,-1.0,0.0
80.0,0.0,100.0,0.0,-1.0,0.0
80.0,0.0,100.0,0.0,-1.0,0.0
71.3394,0.0,90.6753,0.0,-1.0,0.0
71.4342,0.0,90.4392,0.0,-1.0,0.0
80.0,0.0,100.0,0.0,-1.0,0.0
71.4342,0.0,90.4392,0.0,-1.0,0.0
71.4879,0.0,90.1905,0.0,-1.0,0.0
71.126,0.0,89.009,0.0,-1.0,0.0
61.4986,0.0,9.93634,0.0,-1.0,0.0
80.0,0.0,0.0,0.0,-1.0,0.0
80.0,0.0,0.0,0.0,-1.0,0.0
61.4986,0.0,9.93634,0.0,-1.0,0.0
61.4663,0.0,9.68398,0.0,-1.0,0.0
80.0,0.0,0.0,0.0,-1.0,0.0
61.4663,0.0,9.68398,0.0,-1.0,0.0
61.3918,0.0,9.44072,0.0,-1.0,0.0
8.53367,0.0,89.684,0.0,-1.0,0.0
8.50135,0.0,89.9363,0.0,-1.0,0.0
0.0,0.0,100.0,0.0,-1.0,0.0
0.0,0.0,100.0,0.0,-1.0,0.0
8.50135,0.0,89.9363,0.0,-1.0,0.0
8.51215,0.0,90.1905,0.0,-1.0,0.0
0.0,0.0,100.0,0.0,-1.0,0.0
8.51215,0.0,90.1905,0.0,-1.0,0.0
8.56575,0.0,90.4392,0.0,-1.0,0.0
27.84,0.0,13.2428,0.0,-1.0,0.0
58.5121,0.0,10.1905,0.0,-1.0,0.0
27.6179,0.0,13.3668,0.0,-1.0,0.0
27.6179,0.0,13.3668,0.0,-1.0,0.0
58.5121,0.0,10.1905,0.0,-1.0,0.0
27.378,0.0,13.4516,0.0,-1.0,0.0
58.5121,0.0,10.1905,0.0,-1.0,0.0
28.3394,0.0,12.6753,0.0,-1.0,0.0
28.4342,0.0,12.4392,0.0,-1.0,0.0
10.84,0.0,91.2428,0.0,-1.0,0.0
11.0379,0.0,91.0829,0.0,-1.0,0.0
68.9621,0.0,91.0829,0.0,-1.0,0.0
68.9621,0.0,91.0829,0.0,-1.0,0.0
11.0379,0.0,91.0829,0.0,-1.0,0.0
11.206,0.0,90.892,0.0,-1.0,0.0
68.9621,0.0,91.0829,0.0,-1.0,0.0
11.206,0.0,90.892,0.0,-1.0,0.0
68.794,0.0,90.892,0.0,-1.0,0.0
11.3918,0.0,89.4407,0.0,-1.0,0.0
11.2773,0.0,89.2135,0.0,-1.0,0.0
68.5014,0.0,89.9363,0.0,-1.0,0.0
68.5014,0.0,89.9363,0.0,-1.0,0.0
11.2773,0.0,89.2135,0.0,-1.0,0.0
11.126,0.0,89.009,0.0,-1.0,0.0
68.5014,0.0,89.9363,0.0,-1.0,0.0
11.126,0.0,89.009,0.0,-1.0,0.0
10.9423,0.0,88.8329,0.0,-1.0,0.0
10.9423,0.0,88.8329,0.0,-1.0,0.0
10.7315,0.0,88.6905,0.0,-1.0,0.0
68.5014,0.0,89.9363,0.0,-1.0,0.0
68.5014,0.0,89.9363,0.0,-1.0,0.0
10.7315,0.0,88.6905,0.0,-1.0,0.0
10.4997,0.0,88.5857,0.0,-1.0,0.0
68.5014,0.0,89.9363,0.0,-1.0,0.0
10.4997,0.0,88.5857,0.0,-1.0,0.0
10.2535,0.0,88.5216,0.0,-1.0,0.0
61.3918,0.0,9.44072,0.0,-1.0,0.0
61.2773,0.0,9.21354,0.0,-1.0,0.0
80.0,0.0,0.0,0.0,-1.0,0.0
80.0,0.0,0.0,0.0,-1.0,0.0
61.2773,0.0,9.21354,0.0,-1.0,0.0
61.126,0.0,9.00899,0.0,-1.0,0.0
80.0,0.0,0.0,0.0,-1.0,0.0
61.126,0.0,9.00899,0.0,-1.0,0.0
60.9423,0.0,8.83295,0.0,-1.0,0.0
60.9423,0.0,8.83295,0.0,-1.0,0.0
60.7315,0.0,8.69048,0.0,-1.0,0.0
80.0,0.0,0.0,0.0,-1.0,0.0
80.0,0.0,0.0,0.0,-1.0,0.0
60.7315,0.0,8.69048,0.0,-1.0,0.0
60.4997,0.0,8.58568,0.0,-1.0,0.0
80.0,0.0,0.0,0.0,-1.0,0.0
60.4997,0.0,8.58568,0.0,-1.0,0.0
60.2535,0.0,8.52158,0.0,-1.0,0.0
27.84,0.0,13.2428,0.0,-1.0,0.0
28.0379,0.0,13.0829,0.0,-1.0,0.0
58.5121,0.0,10.1905,0.0,-1.0,0.0
58.5121,0.0,10.1905,0.0,-1.0,0.0
28.0379,0.0,13.0829,0.0,-1.0,0.0
28.206,0.0,12.8919,0.0,-1.0,0.0
58.5121,0.0,10.1905,0.0,-1.0,0.0
28.206,0.0,12.8919,0.0,-1.0,0.0
28.3394,0.0,12.6753,0.0,-1.0,0.0
27.9423,0.0,10.8329,0.0,-1.0,0.0
80.0,0.0,0.0,0.0,-1.0,0.0
28.126,0.0,11.009,0.0,-1.0,0.0
28.126,0.0,11.009,0.0,-1.0,0.0
80.0,0.0,0.0,0.0,-1.0,0.0
28.2773,0.0,11.2135,0.0,-1.0,0.0
27.9423,0.0,10.8329,0.0,-1.0,0.0
27.7315,0.0,10.6905,0.0,-1.0,0.0
80.0,0.0,0.0,0.0,-1.0,0.0
80.0,0.0,0.0,0.0,-1.0,0.0
27.7315,0.0,10.6905,0.0,-1.0,0.0
27.4997,0.0,10.5857,0.0,-1.0,0.0
80.0,0.0,0.0,0.0,-1.0,0.0
27.4997,0.0,10.5857,0.0,-1.0,0.0
0.0,0.0,0.0,0.0,-1.0,0.0
0.0,0.0,0.0,0.0,-1.0,0.0
27.4997,0.0,10.5857,0.0,-1.0,0.0
27.2535,0.0,10.5216,0.0,-1.0,0.0
0.0,0.0,0.0,0.0,-1.0,0.0
27.2535,0.0,10.5216,0.0,-1.0,0.0
27.0,0.0,10.5,0.0,-1.0,0.0
25.794,0.0,12.8919,0.0,-1.0,0.0
25.9621,0.0,13.0829,0.0,-1.0,0.0
10.0,0.0,88.5,0.0,-1.0,0.0
60.2535,0.0,8.52158,0.0,-1.0,0.0
60.0,0.0,8.5,0.0,-1.0,0.0
80.0,0.0,0.0,0.0,-1.0,0.0
80.0,0.0,0.0,0.0,-1.0,0.0
60.0,0.0,8.5,0.0,-1.0,0.0
59.7465,0.0,8.52158,0.0,-1.0,0.0
80.0,0.0,0.0,0.0,-1.0,0.0
59.7465,0.0,8.52158,0.0,-1.0,0.0
28.2773,0.0,11.2135,0.0,-1.0,0.0
28.2773,0.0,11.2135,0.0,-1.0,0.0
59.7465,0.0,8.52158,0.0,-1.0,0.0
59.5003,0.0,8.58568,0.0,-1.0,0.0
59.5003,0.0,8.58568,0.0,-1.0,0.0
59.2685,0.0,8.69048,0.0,-1.0,0.0
28.2773,0.0,11.2135,0.0,-1.0,0.0
28.2773,0.0,11.2135,0.0,-1.0,0.0
59.2685,0.0,8.69048,0.0,-1.0,0.0
59.0577,0.0,8.83295,0.0,-1.0,0.0
28.2773,0.0,11.2135,0.0,-1.0,0.0
59.0577,0.0,8.83295,0.0,-1.0,0.0
58.874,0.0,9.00899,0.0,-1.0,0.0
25.7227,0.0,11.2135,0.0,-1.0,0.0
25.6082,0.0,11.4407,0.0,-1.0,0.0
0.0,0.0,0.0,0.0,-1.0,0.0
0.0,0.0,0.0,0.0,-1.0,0.0
25.6082,0.0,11.4407,0.0,-1.0,0.0
25.5337,0.0,11.684,0.0,-1.0,0.0
0.0,0.0,0.0,0.0,-1.0,0.0
25.5337,0.0,11.684,0.0,-1.0,0.0
25.5014,0.0,11.9363,0.0,-1.0,0.0
11.3394,0.0,90.6753,0.0,-1.0,0.0
11.4343,0.0,90.4392,0.0,-1.0,0.0
68.5658,0.0,90.4392,0.0,-1.0,0.0
11.3394,0.0,90.6753,0.0,-1.0,0.0
68.5658,0.0,90.4392,0.0,-1.0,0.0
11.206,0.0,90.892,0.0,-1.0,0.0
11.206,0.0,90.892,0.0,-1.0,0.0
68.5658,0.0,90.4392,0.0,-1.0,0.0
68.6606,0.0,90.6753,0.0,-1.0,0.0
11.206,0.0,90.892,0.0,-1.0,0.0
68.6606,0.0,90.6753,0.0,-1.0,0.0
68.794,0.0,90.892,0.0,-1.0,0.0
58.874,0.0,9.00899,0.0,-1.0,0.0
58.7227,0.0,9.21354,0.0,-1.0,0.0
28.2773,0.0,11.2135,0.0,-1.0,0.0
28.2773,0.0,11.2135,0.0,-1.0,0.0
58.7227,0.0,9.21354,0.0,-1.0,0.0
58.6082,0.0,9.44072,0.0,-1.0,0.0
28.2773,0.0,11.2135,0.0,-1.0,0.0
58.6082,0.0,9.44072,0.0,-1.0,0.0
58.5337,0.0,9.68398,0.0,-1.0,0.0
28.4342,0.0,12.4392,0.0,-1.0,0.0
28.4879,0.0,12.1905,0.0,-1.0,0.0
58.5121,0.0,10.1905,0.0,-1.0,0.0
58.5121,0.0,10.1905,0.0,-1.0,0.0
28.4879,0.0,12.1905,0.0,-1.0,0.0
28.4986,0.0,11.9363,0.0,-1.0,0.0
58.5121,0.0,10.1905,0.0,-1.0,0.0
28.4986,0.0,11.9363,0.0,-1.0,0.0
58.5014,0.0,9.93634,0.0,-1.0,0.0
58.5014,0.0,9.93634,0.0,-1.0,0.0
28.4986,0.0,11.9363,0.0,-1.0,0.0
28.4663,0.0,11.684,0.0,-1.0,0.0
58.5014,0.0,9.93634,0.0,-1.0,0.0
28.4663,0.0,11.684,0.0,-1.0,0.0
58.5337,0.0,9.68398,0.0,-1.0,0.0
58.5337,0.0,9.68398,0.0,-1.0,0.0
28.4663,0.0,11.684,0.0,-1.0,0.0
28.3918,0.0,11.4407,0.0,-1.0,0.0
58.5337,0.0,9.68398,0.0,-1.0,0.0
28.3918,0.0,11.4407,0.0,-1.0,0.0
28.2773,0.0,11.2135,0.0,-1.0,0.0
27.0,0.0,10.5,0.0,-1.0,0.0
26.7465,0.0,10.5216,0.0,-1.0,0.0
0.0,0.0,0.0,0.0,-1.0,0.0
0.0,0.0,0.0,0.0,-1.0,0.0
26.7465,0.0,10.5216,0.0,-1.0,0.0
26.5003,0.0,10.5857,0.0,-1.0,0.0
0.0,0.0,0.0,0.0,-1.0,0.0
26.5003,0.0,10.5857,0.0,-1.0,0.0
26.2685,0.0,10.6905,0.0,-1.0,0.0
26.2685,0.0,10.6905,0.0,-1.0,0.0
26.0577,0.0,10.8329,0.0,-1.0,0.0
0.0,0.0,0.0,0.0,-1.0,0.0
0.0,0.0,0.0,0.0,-1.0,0.0
26.0577,0.0,10.8329,0.0,-1.0,0.0
25.874,0.0,11.009,0.0,-1.0,0.0
0.0,0.0,0.0,0.0,-1.0,0.0
25.874,0.0,11.009,0.0,-1.0,0.0
25.7227,0.0,11.2135,0.0,-1.0,0.0
25.9621,0.0,13.0829,0.0,-1.0,0.0
26.16,0.0,13.2428,0.0,-1.0,0.0
10.0,0.0,88.5,0.0,-1.0,0.0
10.0,0.0,88.5,0.0,-1.0,0.0
26.16,0.0,13.2428,0.0,-1.0,0.0
26.3821,0.0,13.3668,0.0,-1.0,0.0
10.0,0.0,88.5,0.0,-1.0,0.0
26.3821,0.0,13.3668,0.0,-1.0,0.0
26.622,0.0,13.4516,0.0,-1.0,0.0
9.87279,0.0,91.4946,0.0,-1.0,0.0
10.1272,0.0,91.4946,0.0,-1.0,0.0
0.0,0.0,100.0,0.0,-1.0,0.0
0.0,0.0,100.0,0.0,-1.0,0.0
10.1272,0.0,91.4946,0.0,-1.0,0.0
10.378,0.0,91.4516,0.0,-1.0,0.0
0.0,0.0,100.0,0.0,-1.0,0.0
10.378,0.0,91.4516,0.0,-1.0,0.0
68.9621,0.0,91.0829,0.0,-1.0,0.0
68.9621,0.0,91.0829,0.0,-1.0,0.0
10.378,0.0,91.4516,0.0,-1.0,0.0
10.6179,0.0,91.3668,0.0,-1.0,0.0
68.9621,0.0,91.0829,0.0,-1.0,0.0
10.6179,0.0,91.3668,0.0,-1.0,0.0
10.84,0.0,91.2428,0.0,-1.0,0.0
59.3821,0.0,11.3668,0.0,-1.0,0.0
59.622,0.0,11.4516,0.0,-1.0,0.0
69.5003,0.0,88.5857,0.0,-1.0,0.0
26.8728,0.0,13.4946,0.0,-1.0,0.0
27.1272,0.0,13.4946,0.0,-1.0,0.0
69.5003,0.0,88.5857,0.0,-1.0,0.0
69.0577,0.0,88.8329,0.0,-1.0,0.0
68.874,0.0,89.009,0.0,-1.0,0.0
26.622,0.0,13.4516,0.0,-1.0,0.0
26.622,0.0,13.4516,0.0,-1.0,0.0
68.874,0.0,89.009,0.0,-1.0,0.0
68.7227,0.0,89.2135,0.0,-1.0,0.0
26.622,0.0,13.4516,0.0,-1.0,0.0
68.7227,0.0,89.2135,0.0,-1.0,0.0
10.0,0.0,88.5,0.0,-1.0,0.0
10.0,0.0,88.5,0.0,-1.0,0.0
68.7227,0.0,89.2135,0.0,-1.0,0.0
68.6082,0.0,89.4407,0.0,-1.0,0.0
10.0,0.0,88.5,0.0,-1.0,0.0
68.6082,0.0,89.4407,0.0,-1.0,0.0
68.5337,0.0,89.684,0.0,-1.0,0.0
11.4879,0.0,90.1905,0.0,-1.0,0.0
11.4986,0.0,89.9363,0.0,-1.0,0.0
68.5014,0.0,89.9363,0.0,-1.0,0.0
68.5014,0.0,89.9363,0.0,-1.0,0.0
11.4986,0.0,89.9363,0.0,-1.0,0.0
11.4663,0.0,89.684,0.0,-1.0,0.0
68.5014,0.0,89.9363,0.0,-1.0,0.0
11.4663,0.0,89.684,0.0,-1.0,0.0
11.3918,0.0,89.4407,0.0,-1.0,0.0
25.5014,0.0,11.9363,0.0,-1.0,0.0
25.5121,0.0,12.1905,0.0,-1.0,0.0
0.0,0.0,0.0,0.0,-1.0,0.0
0.0,0.0,0.0,0.0,-1.0,0.0
25.5121,0.0,12.1905,0.0,-1.0,0.0
25.5657,0.0,12.4392,0.0,-1.0,0.0
0.0,0.0,0.0,0.0,-1.0,0.0
25.5657,0.0,12.4392,0.0,-1.0,0.0
10.0,0.0,88.5,0.0,-1.0,0.0
10.0,0.0,88.5,0.0,-1.0,0.0
25.5657,0.0,12.4392,0.0,-1.0,0.0
25.6606,0.0,12.6753,0.0,-1.0,0.0
10.0,0.0,88.5,0.0,-1.0,0.0
25.6606,0.0,12.6753,0.0,-1.0,0.0
25.794,0.0,12.8919,0.0,-1.0,0.0
27.378,0.0,13.4516,0.0,-1.0,0.0
58.5121,0.0,10.1905,0.0,-1.0,0.0
27.1272,0.0,13.4946,0.0,-1.0,0.0
27.1272,0.0,13.4946,0.0,-1.0,0.0
58.5121,0.0,10.1905,0.0,-1.0,0.0
58.5658,0.0,10.4392,0.0,-1.0,0.0
27.1272,0.0,13.4946,0.0,-1.0,0.0
58.5658,0.0,10.4392,0.0,-1.0,0.0
58.6606,0.0,10.6753,0.0,-1.0,0.0
69.5003,0.0,88.5857,0.0,-1.0,0.0
59.622,0.0,11.4516,0.0,-1.0,0.0
69.7465,0.0,88.5216,0.0,-1.0,0.0
11.4879,0.0,90.1905,0.0,-1.0,0.0
68.5014,0.0,89.9363,0.0,-1.0,0.0
11.4343,0.0,90.4392,0.0,-1.0,0.0
11.4343,0.0,90.4392,0.0,-1.0,0.0
68.5014,0.0,89.9363,0.0,-1.0,0.0
68.5121,0.0,90.1905,0.0,-1.0,0.0
11.4343,0.0,90.4392,0.0,-1.0,0.0
68.5121,0.0,90.1905,0.0,-1.0,0.0
68.5658,0.0,90.4392,0.0,-1.0,0.0
58.6606,0.0,10.6753,0.0,-1.0,0.0
58.794,0.0,10.8919,0.0,-1.0,0.0
27.1272,0.0,13.4946,0.0,-1.0,0.0
27.1272,0.0,13.4946,0.0,-1.0,0.0
58.794,0.0,10.8919,0.0,-1.0,0.0
58.9621,0.0,11.0829,0.0,-1.0,0.0
27.1272,0.0,13.4946,0.0,-1.0,0.0
58.9621,0.0,11.0829,0.0,-1.0,0.0
69.5003,0.0,88.5857,0.0,-1.0,0.0
69.5003,0.0,88.5857,0.0,-1.0,0.0
58.9621,0.0,11.0829,0.0,-1.0,0.0
59.16,0.0,11.2428,0.0,-1.0,0.0
69.5003,0.0,88.5857,0.0,-1.0,0.0
59.16,0.0,11.2428,0.0,-1.0,0.0
59.3821,0.0,11.3668,0.0,-1.0,0.0
61.3394,0.0,10.6753,0.0,-1.0,0.0
61.4342,0.0,10.4392,0.0,-1.0,0.0
70.0,0.0,88.5,0.0,-1.0,0.0
70.0,0.0,88.5,0.0,-1.0,0.0
61.4342,0.0,10.4392,0.0,-1.0,0.0
61.4879,0.0,10.1905,0.0,-1.0,0.0
70.0,0.0,88.5,0.0,-1.0,0.0
61.4879,0.0,10.1905,0.0,-1.0,0.0
61.4986,0.0,9.93634,0.0,-1.0,0.0
26.8728,0.0,13.4946,0.0,-1.0,0.0
69.5003,0.0,88.5857,0.0,-1.0,0.0
26.622,0.0,13.4516,0.0,-1.0,0.0
26.622,0.0,13.4516,0.0,-1.0,0.0
69.5003,0.0,88.5857,0.0,-1.0,0.0
69.2685,0.0,88.6905,0.0,-1.0,0.0
26.622,0.0,13.4516,0.0,-1.0,0.0
69.2685,0.0,88.6905,0.0,-1.0,0.0
69.0577,0.0,88.8329,0.0,-1.0,0.0
69.7465,0.0,88.5216,0.0,-1.0,0.0
59.622,0.0,11.4516,0.0,-1.0,0.0
70.0,0.0,88.5,0.0,-1.0,0.0
70.0,0.0,88.5,0.0,-1.0,0.0
59.622,0.0,11.4516,0.0,-1.0,0.0
59.8728,0.0,11.4946,0.0,-1.0,0.0
70.0,0.0,88.5,0.0,-1.0,0.0
59.8728,0.0,11.4946,0.0,-1.0,0.0
60.1272,0.0,11.4946,0.0,-1.0,0.0
60.1272,0.0,11.4946,0.0,-1.0,0.0
60.378,0.0,11.4516,0.0,-1.0,0.0
70.0,0.0,88.5,0.0,-1.0,0.0
70.0,0.0,88.5,0.0,-1.0,0.0
60.378,0.0,11.4516,0.0,-1.0,0.0
60.6179,0.0,11.3668,0.0,-1.0,0.0
70.0,0.0,88.5,0.0,-1.0,0.0
60.6179,0.0,11.3668,0.0,-1.0,0.0
60.84,0.0,11.2428,0.0,-1.0,0.0
60.84,0.0,11.2428,0.0,-1.0,0.0
61.0379,0.0,11.0829,0.0,-1.0,0.0
70.0,0.0,88.5,0.0,-1.0,0.0
70.0,0.0,88.5,0.0,-1.0,0.0
61.0379,0.0,11.0829,0.0,-1.0,0.0
61.206,0.0,10.8919,0.0,-1.0,0.0
70.0,0.0,88.5,0.0,-1.0,0.0
61.206,0.0,10.8919,0.0,-1.0,0.0
61.3394,0.0,10.6753,0.0,-1.0,0.0
0.0,0.0,0.0,-1.0,0.0,0.0
0.0,0.0,100.0,-1.0,0.0,0.0
0.0,1.5,0.0,-1.0,0.0,0.0
0.0,1.5,0.0,-1.0,0.0,0.0
0.0,0.0,100.0,-1.0,0.0,0.0
0.0,1.5,100.0,-1.0,0.0,0.0
80.0,0.0,100.0,0.0,0.0,1.0
80.0,1.5,100.0,0.0,0.0,1.0
0.0,0.0,100.0,0.0,0.0,1.0
0.0,0.0,100.0,0.0,0.0,1.0
80.0,1.5,100.0,0.0,0.0,1.0
0.0,1.5,100.0,0.0,0.0,1.0
80.0,1.5,0.0,1.0,0.0,0.0
80.0,1.5,100.0,1.0,0.0,0.0
80.0,0.0,0.0,1.0,0.0,0.0
80.0,0.0,0.0,1.0,0.0,0.0
80.0,1.5,100.0,1.0,0.0,0.0
80.0,0.0,100.0,1.0,0.0,0.0
80.0,0.0,0.0,0.0,0.0,-1.0
0.0,0.0,0.0,0.0,0.0,-1.0
80.0,1.5,0.0,0.0,0.0,-1.0
80.0,1.5,0.0,0.0,0.0,-1.0
0.0,0.0,0.0,0.0,0.0,-1.0
0.0,1.5,0.0,0.0,0.0,-1.0
70.2535,1.5,88.5216,-0.251986,0.0,0.967731
70.2535,0.0,88.5216,-0.251986,0.0,0.967731
70.4997,1.5,88.5857,-0.251986,0.0,0.967731
70.4997,1.5,88.5857,-0.251986,0.0,0.967731
70.2535,0.0,88.5216,-0.251986,0.0,0.967731
70.4997,0.0,88.5857,-0.251986,0.0,0.967731
70.4997,1.5,88.5857,-0.411906,0.0,0.911226
70.4997,0.0,88.5857,-0.411906,0.0,0.911226
70.7315,1.5,88.6905,-0.411906,0.0,0.911226
70.7315,1.5,88.6905,-0.411906,0.0,0.911226
70.4997,0.0,88.5857,-0.411906,0.0,0.911226
70.7315,0.0,88.6905,-0.411906,0.0,0.911226
70.7315,1.5,88.6905,-0.559969,0.0,0.828513
70.7315,0.0,88.6905,-0.559969,0.0,0.828513
70.9423,1.5,88.8329,-0.559969,0.0,0.828513
70.9423,1.5,88.8329,-0.559969,0.0,0.828513
70.7315,0.0,88.6905,-0.559969,0.0,0.828513
70.9423,0.0,88.8329,-0.559969,0.0,0.828513
70.9423,1.5,88.8329,-0.691939,0.0,0.721956
70.9423,0.0,88.8329,-0.691939,0.0,0.721956
71.126,1.5,89.009,-0.691939,0.0,0.721956
71.126,1.5,89.009,-0.691939,0.0,0.721956
70.9423,0.0,88.8329,-0.691939,0.0,0.721956
71.126,0.0,89.009,-0.691939,0.0,0.721956
71.126,1.5,89.009,-0.804002,0.0,0.594627
71.126,0.0,89.009,-0.804002,0.0,0.594627
71.2773,1.5,89.2135,-0.804002,0.0,0.594627
71.2773,1.5,89.2135,-0.804002,0.0,0.594627
71.126,0.0,89.009,-0.804002,0.0,0.594627
71.2773,0.0,89.2135,-0.804002,0.0,0.594627
71.2773,1.5,89.2135,-0.892917,0.0,0.450222
71.2773,0.0,89.2135,-0.892917,0.0,0.450222
71.3918,1.5,89.4407,-0.892917,0.0,0.450222
71.3918,1.5,89.4407,-0.892917,0.0,0.450222
71.2773,0.0,89.2135,-0.892917,0.0,0.450222
71.3918,0.0,89.4407,-0.892917,0.0,0.450222
71.3918,1.5,89.4407,-0.956172,0.0,0.292804
71.3918,0.0,89.4407,-0.956172,0.0,0.292804
71.4663,1.5,89.684,-0.956172,0.0,0.292804
71.4663,1.5,89.684,-0.956172,0.0,0.292804
71.3918,0.0,89.4407,-0.956172,0.0,0.292804
71.4663,0.0,89.684,-0.956172,0.0,0.292804
71.4663,1.5,89.684,-0.991899,0.0,0.127027
71.4663,0.0,89.684,-0.991899,0.0,0.127027
71.4986,1.5,89.9363,-0.991899,0.0,0.127027
71.4986,1.5,89.9363,-0.991899,0.0,0.127027
71.4663,0.0,89.684,-0.991899,0.0,0.127027
71.4986,0.0,89.9363,-0.991899,0.0,0.127027
71.4986,1.5,89.9363,-0.999099,0.0,-0.0424326
71.4986,0.0,89.9363,-0.999099,0.0,-0.0424326
71.4879,1.5,90.1905,-0.999099,0.0,-0.0424326
71.4879,1.5,90.1905,-0.999099,0.0,-0.0424326
71.4986,0.0,89.9363,-0.999099,0.0,-0.0424326
71.4879,0.0,90.1905,-0.999099,0.0,-0.0424326
71.4879,1.5,90.1905,-0.977553,0.0,-0.21069
71.4879,0.0,90.1905,-0.977553,0.0,-0.21069
71.4342,1.5,90.4392,-0.977553,0.0,-0.21069
71.4342,1.5,90.4392,-0.977553,0.0,-0.21069
71.4879,0.0,90.1905,-0.977553,0.0,-0.21069
71.4342,0.0,90.4392,-0.977553,0.0,-0.21069
71.4342,1.5,90.4392,-0.927894,0.0,-0.372843
71.4342,0.0,90.4392,-0.927894,0.0,-0.372843
71.3394,1.5,90.6753,-0.927894,0.0,-0.372843
71.3394,1.5,90.6753,-0.927894,0.0,-0.372843
71.4342,0.0,90.4392,-0.927894,0.0,-0.372843
71.3394,0.0,90.6753,-0.927894,0.0,-0.372843
71.3394,1.5,90.6753,-0.851517,0.0,-0.524327
71.3394,0.0,90.6753,-0.851517,0.0,-0.524327
71.206,1.5,90.892,-0.851517,0.0,-0.524327
71.206,1.5,90.892,-0.851517,0.0,-0.524327
71.3394,0.0,90.6753,-0.851517,0.0,-0.524327
71.206,0.0,90.892,-0.851517,0.0,-0.524327
71.206,1.5,90.892,-0.750671,0.0,-0.660676
71.206,0.0,90.892,-0.750671,0.0,-0.660676
71.0379,1.5,91.0829,-0.750671,0.0,-0.660676
71.0379,1.5,91.0829,-0.750671,0.0,-0.660676
71.206,0.0,90.892,-0.750671,0.0,-0.660676
71.0379,0.0,91.0829,-0.750671,0.0,-0.660676
71.0379,1.5,91.0829,-0.628236,0.0,-0.778023
71.0379,0.0,91.0829,-0.628236,0.0,-0.778023
70.84,1.5,91.2428,-0.628236,0.0,-0.778023
70.84,1.5,91.2428,-0.628236,0.0,-0.778023
71.0379,0.0,91.0829,-0.628236,0.0,-0.778023
70.84,0.0,91.2428,-0.628236,0.0,-0.778023
70.84,1.5,91.2428,-0.487684,0.0,-0.87302
70.84,0.0,91.2428,-0.487684,0.0,-0.87302
70.6179,1.5,91.3668,-0.487684,0.0,-0.87302
70.6179,1.5,91.3668,-0.487684,0.0,-0.87302
70.84,0.0,91.2428,-0.487684,0.0,-0.87302
70.6179,0.0,91.3668,-0.487684,0.0,-0.87302
70.6179,1.5,91.3668,-0.333135,0.0,-0.942879
70.6179,0.0,91.3668,-0.333135,0.0,-0.942879
70.378,1.5,91.4516,-0.333135,0.0,-0.942879
70.378,1.5,91.4516,-0.333135,0.0,-0.942879
70.6179,0.0,91.3668,-0.333135,0.0,-0.942879
70.378,0.0,91.4516,-0.333135,0.0,-0.942879
70.378,1.5,91.4516,-0.169012,0.0,-0.985614
70.378,0.0,91.4516,-0.169012,0.0,-0.985614
70.1272,1.5,91.4946,-0.169012,0.0,-0.985614
70.1272,1.5,91.4946,-0.169012,0.0,-0.985614
70.378,0.0,91.4516,-0.169012,0.0,-0.985614
70.1272,0.0,91.4946,-0.169012,0.0,-0.985614
70.1272,1.5,91.4946,0.0,0.0,-1.0
70.1272,0.0,91.4946,0.0,0.0,-1.0
69.8728,1.5,91.4946,0.0,0.0,-1.0
69.8728,1.5,91.4946,0.0,0.0,-1.0
70.1272,0.0,91.4946,0.0,0.0,-1.0
69.8728,0.0,91.4946,0.0,0.0,-1.0
69.8728,1.5,91.4946,0.169012,0.0,-0.985614
69.8728,0.0,91.4946,0.169012,0.0,-0.985614
69.622,1.5,91.4516,0.169012,0.0,-0.985614
69.622,1.5,91.4516,0.169012,0.0,-0.985614
69.8728,0.0,91.4946,0.169012,0.0,-0.985614
69.622,0.0,91.4516,0.169012,0.0,-0.985614
69.622,1.5,91.4516,0.333135,0.0,-0.942879
69.622,0.0,91.4516,0.333135,0.0,-0.942879
69.3821,1.5,91.3668,0.333135,0.0,-0.942879
69.3821,1.5,91.3668,0.333135,0.0,-0.942879
69.622,0.0,91.4516,0.333135,0.0,-0.942879
69.3821,0.0,91.3668,0.333135,0.0,-0.942879
69.3821,1.5,91.3668,0.487684,0.0,-0.87302
69.3821,0.0,91.3668,0.487684,0.0,-0.87302
69.16,1.5,91.2428,0.487684,0.0,-0.87302
69.16,1.5,91.2428,0.487684,0.0,-0.87302
69.3821,0.0,91.3668,0.487684,0.0,-0.87302
69.16,0.0,91.2428,0.487684,0.0,-0.87302
69.16,1.5,91.2428,0.628236,0.0,-0.778023
69.16,0.0,91.2428,0.628236,0.0,-0.778023
68.9621,1.5,91.0829,0.628236,0.0,-0.778023
68.9621,1.5,91.0829,0.628236,0.0,-0.778023
69.16,0.0,91.2428,0.628236,0.0,-0.778023
68.9621,0.0,91.0829,0.628236,0.0,-0.778023
68.9621,1.5,91.0829,0.750671,0.0,-0.660676
68.9621,0.0,91.0829,0.750671,0.0,-0.660676
68.794,1.5,90.892,0.750671,0.0,-0.660676
68.794,1.5,90.892,0.750671,0.0,-0.660676
68.9621,0.0,91.0829,0.750671,0.0,-0.660676
68.794,0.0,90.892,0.750671,0.0,-0.660676
68.794,1.5,90.892,0.851517,0.0,-0.524327
68.794,0.0,90.892,0.851517,0.0,-0.524327
68.6606,1.5,90.6753,0.851517,0.0,-0.524327
68.6606,1.5,90.6753,0.851517,0.0,-0.524327
68.794,0.0,90.892,0.851517,0.0,-0.524327
68.6606,0.0,90.6753,0.851517,0.0,-0.524327
68.6606,1.5,90.6753,0.927894,0.0,-0.372843
68.6606,0.0,90.6753,0.927894,0.0,-0.372843
68.5658,1.5,90.4392,0.927894,0.0,-0.372843
68.5658,1.5,90.4392,0.927894,0.0,-0.372843
68.6606,0.0,90.6753,0.927894,0.0,-0.372843
68.5658,0.0,90.4392,0.927894,0.0,-0.372843
68.5658,1.5,90.4392,0.977553,0.0,-0.21069
68.5658,0.0,90.4392,0.977553,0.0,-0.21069
68.5121,1.5,90.1905,0.977553,0.0,-0.21069
68.5121,1.5,90.1905,0.977553,0.0,-0.21069
68.5658,0.0,90.4392,0.977553,0.0,-0.21069
68.5121,0.0,90.1905,0.977553,0.0,-0.21069
68.5121,1.5,90.1905,0.999099,0.0,-0.0424326
68.5121,0.0,90.1905,0.999099,0.0,-0.0424326
68.5014,1.5,89.9363,0.999099,0.0,-0.0424326
68.5014,1.5,89.9363,0.999099,0.0,-0.0424326
68.5121,0.0,90.1905,0.999099,0.0,-0.0424326
68.5014,0.0,89.9363,0.999099,0.0,-0.0424326
68.5014,1.5,89.9363,0.991899,0.0,0.127027
68.5014,0.0,89.9363,0.991899,0.0,0.127027
68.5337,1.5,89.684,0.991899,0.0,0.127027
68.5337,1.5,89.684,0.991899,0.0,0.127027
68.5014,0.0,89.9363,0.991899,0.0,0.127027
68.5337,0.0,89.684,0.991899,0.0,0.127027
68.5337,1.5,89.684,0.956172,0.0,0.292804
68.5337,0.0,89.684,0.956172,0.0,0.292804
68.6082,1.5,89.4407,0.956172,0.0,0.292804
68.6082,1.5,89.4407,0.956172,0.0,0.292804
68.5337,0.0,89.684,0.956172,0.0,0.292804
68.6082,0.0,89.4407,0.956172,0.0,0.292804
68.6082,1.5,89.4407,0.892917,0.0,0.450222
68.6082,0.0,89.4407,0.892917,0.0,0.450222
68.7227,1.5,89.2135,0.892917,0.0,0.450222
68.7227,1.5,89.2135,0.892917,0.0,0.450222
68.6082,0.0,89.4407,0.892917,0.0,0.450222
68.7227,0.0,89.2135,0.892917,0.0,0.450222
68.7227,1.5,89.2135,0.804002,0.0,0.594627
68.7227,0.0,89.2135,0.804002,0.0,0.594627
68.874,1.5,89.009,0.804002,0.0,0.594627
68.874,1.5,89.009,0.804002,0.0,0.594627
68.7227,0.0,89.2135,0.804002,0.0,0.594627
68.874,0.0,89.009,0.804002,0.0,0.594627
68.874,1.5,89.009,0.691939,0.0,0.721956
68.874,0.0,89.009,0.691939,0.0,0.721956
69.0577,1.5,88.8329,0.691939,0.0,0.721956
69.0577,1.5,88.8329,0.691939,0.0,0.721956
68.874,0.0,89.009,0.691939,0.0,0.721956
69.0577,0.0,88.8329,0.691939,0.0,0.721956
69.0577,1.5,88.8329,0.559969,0.0,0.828513
69.0577,0.0,88.8329,0.559969,0.0,0.828513
69.2685,1.5,88.6905,0.559969,0.0,0.828513
69.2685,1.5,88.6905,0.559969,0.0,0.828513
69.0577,0.0,88.8329,0.559969,0.0,0.828513
69.2685,0.0,88.6905,0.559969,0.0,0.828513
69.2685,1.5,88.6905,0.411906,0.0,0.911226
69.2685,0.0,88.6905,0.411906,0.0,0.911226
69.5003,1.5,88.5857,0.411906,0.0,0.911226
69.5003,1.5,88.5857,0.411906,0.0,0.911226
69.2685,0.0,88.6905,0.411906,0.0,0.911226
69.5003,0.0,88.5857,0.411906,0.0,0.911226
69.5003,1.5,88.5857,0.251986,0.0,0.967731
69.5003,0.0,88.5857,0.251986,0.0,0.967731
69.7465,1.5,88.5216,0.251986,0.0,0.967731
69.7465,1.5,88.5216,0.251986,0.0,0.967731
69.5003,0.0,88.5857,0.251986,0.0,0.967731
69.7465,0.0,88.5216,0.251986,0.0,0.967731
69.7465,1.5,88.5216,0.0848049,0.0,0.996398
69.7465,0.0,88.5216,0.0848049,0.0,0.996398
70.0,1.5,88.5,0.0848049,0.0,0.996398
70.0,1.5,88.5,0.0848049,0.0,0.996398
69.7465,0.0,88.5216,0.0848049,0.0,0.996398
70.0,0.0,88.5,0.0848049,0.0,0.996398
70.0,1.5,88.5,-0.0848049,0.0,0.996398
70.0,0.0,88.5,-0.0848049,0.0,0.996398
70.2535,1.5,88.5216,-0.0848049,0.0,0.996398
70.2535,1.5,88.5216,-0.0848049,0.0,0.996398
70.0,0.0,88.5,-0.0848049,0.0,0.996398
70.2535,0.0,88.5216,-0.0848049,0.0,0.996398
60.2535,1.5,8.52158,-0.251976,0.0,0.967734
60.2535,0.0,8.52158,-0.251976,0.0,0.967734
60.4997,1.5,8.58568,-0.251976,0.0,0.967734
60.4997,1.5,8.58568,-0.251976,0.0,0.967734
60.2535,0.0,8.52158,-0.251976,0.0,0.967734
60.4997,0.0,8.58568,-0.251976,0.0,0.967734
60.4997,1.5,8.58568,-0.411906,0.0,0.911226
60.4997,0.0,8.58568,-0.411906,0.0,0.911226
60.7315,1.5,8.69048,-0.411906,0.0,0.911226
60.7315,1.5,8.69048,-0.411906,0.0,0.911226
60.4997,0.0,8.58568,-0.411906,0.0,0.911226
60.7315,0.0,8.69048,-0.411906,0.0,0.911226
60.7315,1.5,8.69048,-0.559973,0.0,0.828511
60.7315,0.0,8.69048,-0.559973,0.0,0.828511
60.9423,1.5,8.83295,-0.559973,0.0,0.828511
60.9423,1.5,8.83295,-0.559973,0.0,0.828511
60.7315,0.0,8.69048,-0.559973,0.0,0.828511
60.9423,0.0,8.83295,-0.559973,0.0,0.828511
60.9423,1.5,8.83295,-0.691939,0.0,0.721956
60.9423,0.0,8.83295,-0.691939,0.0,0.721956
61.126,1.5,9.00899,-0.691939,0.0,0.721956
61.126,1.5,9.00899,-0.691939,0.0,0.721956
60.9423,0.0,8.83295,-0.691939,0.0,0.721956
61.126,0.0,9.00899,-0.691939,0.0,0.721956
61.126,1.5,9.00899,-0.803994,0.0,0.594637
61.126,0.0,9.00899,-0.803994,0.0,0.594637
61.2773,1.5,9.21354,-0.803994,0.0,0.594637
61.2773,1.5,9.21354,-0.803994,0.0,0.594637
61.126,0.0,9.00899,-0.803994,0.0,0.594637
61.2773,0.0,9.21354,-0.803994,0.0,0.594637
61.2773,1.5,9.21354,-0.892926,0.0,0.450204
61.2773,0.0,9.21354,-0.892926,0.0,0.450204
61.3918,1.5,9.44072,-0.892926,0.0,0.450204
61.3918,1.5,9.44072,-0.892926,0.0,0.450204
61.2773,0.0,9.21354,-0.892926,0.0,0.450204
61.3918,0.0,9.44072,-0.892926,0.0,0.450204
61.3918,1.5,9.44072,-0.956169,0.0,0.292815
61.3918,0.0,9.44072,-0.956169,0.0,0.292815
61.4663,1.5,9.68398,-0.956169,0.0,0.292815
61.4663,1.5,9.68398,-0.956169,0.0,0.292815
61.3918,0.0,9.44072,-0.956169,0.0,0.292815
61.4663,0.0,9.68398,-0.956169,0.0,0.292815
61.4663,1.5,9.68398,-0.991899,0.0,0.127028
61.4663,0.0,9.68398,-0.991899,0.0,0.127028
61.4986,1.5,9.93634,-0.991899,0.0,0.127028
61.4986,1.5,9.93634,-0.991899,0.0,0.127028
61.4663,0.0,9.68398,-0.991899,0.0,0.127028
61.4986,0.0,9.93634,-0.991899,0.0,0.127028
61.4986,1.5,9.93634,-0.999099,0.0,-0.0424475
61.4986,0.0,9.93634,-0.999099,0.0,-0.0424475
61.4879,1.5,10.1905,-0.999099,0.0,-0.0424475
61.4879,1.5,10.1905,-0.999099,0.0,-0.0424475
61.4986,0.0,9.93634,-0.999099,0.0,-0.0424475
61.4879,0.0,10.1905,-0.999099,0.0,-0.0424475
61.4879,1.5,10.1905,-0.977555,0.0,-0.210679
61.4879,0.0,10.1905,-0.977555,0.0,-0.210679
61.4342,1.5,10.4392,-0.977555,0.0,-0.210679
61.4342,1.5,10.4392,-0.977555,0.0,-0.210679
61.4879,0.0,10.1905,-0.977555,0.0,-0.210679
61.4342,0.0,10.4392,-0.977555,0.0,-0.210679
61.4342,1.5,10.4392,-0.927891,0.0,-0.372852
61.4342,0.0,10.4392,-0.927891,0.0,-0.372852
61.3394,1.5,10.6753,-0.927891,0.0,-0.372852
61.3394,1.5,10.6753,-0.927891,0.0,-0.372852
61.4342,0.0,10.4392,-0.927891,0.0,-0.372852
61.3394,0.0,10.6753,-0.927891,0.0,-0.372852
61.3394,1.5,10.6753,-0.851524,0.0,-0.524316
61.3394,0.0,10.6753,-0.851524,0.0,-0.524316
61.206,1.5,10.8919,-0.851524,0.0,-0.524316
61.206,1.5,10.8919,-0.851524,0.0,-0.524316
61.3394,0.0,10.6753,-0.851524,0.0,-0.524316
61.206,0.0,10.8919,-0.851524,0.0,-0.524316
61.206,1.5,10.8919,-0.750681,0.0,-0.660665
61.206,0.0,10.8919,-0.750681,0.0,-0.660665
61.0379,1.5,11.0829,-0.750681,0.0,-0.660665
61.0379,1.5,11.0829,-0.750681,0.0,-0.660665
61.206,0.0,10.8919,-0.750681,0.0,-0.660665
61.0379,0.0,11.0829,-0.750681,0.0,-0.660665
61.0379,1.5,11.0829,-0.628215,0.0,-0.77804
61.0379,0.0,11.0829,-0.628215,0.0,-0.77804
60.84,1.5,11.2428,-0.628215,0.0,-0.77804
60.84,1.5,11.2428,-0.628215,0.0,-0.77804
61.0379,0.0,11.0829,-0.628215,0.0,-0.77804
60.84,0.0,11.2428,-0.628215,0.0,-0.77804
60.84,1.5,11.2428,-0.487693,0.0,-0.873015
60.84,0.0,11.2428,-0.487693,0.0,-0.873015
60.6179,1.5,11.3668,-0.487693,0.0,-0.873015
60.6179,1.5,11.3668,-0.487693,0.0,-0.873015
60.84,0.0,11.2428,-0.487693,0.0,-0.873015
60.6179,0.0,11.3668,-0.487693,0.0,-0.873015
60.6179,1.5,11.3668,-0.333142,0.0,-0.942877
60.6179,0.0,11.3668,-0.333142,0.0,-0.942877
60.378,1.5,11.4516,-0.333142,0.0,-0.942877
60.378,1.5,11.4516,-0.333142,0.0,-0.942877
60.6179,0.0,11.3668,-0.333142,0.0,-0.942877
60.378,0.0,11.4516,-0.333142,0.0,-0.942877
60.378,1.5,11.4516,-0.169002,0.0,-0.985616
60.378,0.0,11.4516,-0.169002,0.0,-0.985616
60.1272,1.5,11.4946,-0.169002,0.0,-0.985616
60.1272,1.5,11.4946,-0.169002,0.0,-0.985616
60.378,0.0,11.4516,-0.169002,0.0,-0.985616
60.1272,0.0,11.4946,-0.169002,0.0,-0.985616
60.1272,1.5,11.4946,0.0,0.0,-1.0
60.1272,0.0,11.4946,0.0,0.0,-1.0
59.8728,1.5,11.4946,0.0,0.0,-1.0
59.8728,1.5,11.4946,0.0,0.0,-1.0
60.1272,0.0,11.4946,0.0,0.0,-1.0
59.8728,0.0,11.4946,0.0,0.0,-1.0
59.8728,1.5,11.4946,0.169005,0.0,-0.985615
59.8728,0.0,11.4946,0.169005,0.0,-0.985615
59.622,1.5,11.4516,0.169005,0.0,-0.985615
59.622,1.5,11.4516,0.169005,0.0,-0.985615
59.8728,0.0,11.4946,0.169005,0.0,-0.985615
59.622,0.0,11.4516,0.169005,0.0,-0.985615
59.622,1.5,11.4516,0.333137,0.0,-0.942878
59.622,0.0,11.4516,0.333137,0.0,-0.942878
59.3821,1.5,11.3668,0.333137,0.0,-0.942878
59.3821,1.5,11.3668,0.333137,0.0,-0.942878
59.622,0.0,11.4516,0.333137,0.0,-0.942878
59.3821,0.0,11.3668,0.333137,0.0,-0.942878
59.3821,1.5,11.3668,0.487693,0.0,-0.873015
59.3821,0.0,11.3668,0.487693,0.0,-0.873015
59.16,1.5,11.2428,0.487693,0.0,-0.873015
59.16,1.5,11.2428,0.487693,0.0,-0.873015
59.3821,0.0,11.3668,0.487693,0.0,-0.873015
59.16,0.0,11.2428,0.487693,0.0,-0.873015
59.16,1.5,11.2428,0.628222,0.0,-0.778034
59.16,0.0,11.2428,0.628222,0.0,-0.778034
58.9621,1.5,11.0829,0.628222,0.0,-0.778034
58.9621,1.5,11.0829,0.628222,0.0,-0.778034
59.16,0.0,11.2428,0.628222,0.0,-0.778034
58.9621,0.0,11.0829,0.628222,0.0,-0.778034
58.9621,1.5,11.0829,0.750666,0.0,-0.660682
58.9621,0.0,11.0829,0.750666,0.0,-0.660682
58.794,1.5,10.8919,0.750666,0.0,-0.660682
58.794,1.5,10.8919,0.750666,0.0,-0.660682
58.9621,0.0,11.0829,0.750666,0.0,-0.660682
58.794,0.0,10.8919,0.750666,0.0,-0.660682
58.794,1.5,10.8919,0.851531,0.0,-0.524305
58.794,0.0,10.8919,0.851531,0.0,-0.524305
58.6606,1.5,10.6753,0.851531,0.0,-0.524305
58.6606,1.5,10.6753,0.851531,0.0,-0.524305
58.794,0.0,10.8919,0.851531,0.0,-0.524305
58.6606,0.0,10.6753,0.851531,0.0,-0.524305
58.6606,1.5,10.6753,0.927891,0.0,-0.372852
58.6606,0.0,10.6753,0.927891,0.0,-0.372852
58.5658,1.5,10.4392,0.927891,0.0,-0.372852
58.5658,1.5,10.4392,0.927891,0.0,-0.372852
58.6606,0.0,10.6753,0.927891,0.0,-0.372852
58.5658,0.0,10.4392,0.927891,0.0,-0.372852
58.5658,1.5,10.4392,0.977552,0.0,-0.210693
58.5658,0.0,10.4392,0.977552,0.0,-0.210693
58.5121,1.5,10.1905,0.977552,0.0,-0.210693
58.5121,1.5,10.1905,0.977552,0.0,-0.210693
58.5658,0.0,10.4392,0.977552,0.0,-0.210693
58.5121,0.0,10.1905,0.977552,0.0,-0.210693
58.5121,1.5,10.1905,0.999099,0.0,-0.0424326
58.5121,0.0,10.1905,0.999099,0.0,-0.0424326
58.5014,1.5,9.93634,0.999099,0.0,-0.0424326
58.5014,1.5,9.93634,0.999099,0.0,-0.0424326
58.5121,0.0,10.1905,0.999099,0.0,-0.0424326
58.5014,0.0,9.93634,0.999099,0.0,-0.0424326
58.5014,1.5,9.93634,0.991899,0.0,0.127028
58.5014,0.0,9.93634,0.991899,0.0,0.127028
58.5337,1.5,9.68398,0.991899,0.0,0.127028
58.5337,1.5,9.68398,0.991899,0.0,0.127028
58.5014,0.0,9.93634,0.991899,0.0,0.127028
58.5337,0.0,9.68398,0.991899,0.0,0.127028
58.5337,1.5,9.68398,0.956169,0.0,0.292815
58.5337,0.0,9.68398,0.956169,0.0,0.292815
58.6082,1.5,9.44072,0.956169,0.0,0.292815
58.6082,1.5,9.44072,0.956169,0.0,0.292815
58.5337,0.0,9.68398,0.956169,0.0,0.292815
58.6082,0.0,9.44072,0.956169,0.0,0.292815
58.6082,1.5,9.44072,0.892926,0.0,0.450204
58.6082,0.0,9.44072,0.892926,0.0,0.450204
58.7227,1.5,9.21354,0.892926,0.0,0.450204
58.7227,1.5,9.21354,0.892926,0.0,0.450204
58.6082,0.0,9.44072,0.892926,0.0,0.450204
58.7227,0.0,9.21354,0.892926,0.0,0.450204
58.7227,1.5,9.21354,0.803994,0.0,0.594637
58.7227,0.0,9.21354,0.803994,0.0,0.594637
58.874,1.5,9.00899,0.803994,0.0,0.594637
58.874,1.5,9.00899,0.803994,0.0,0.594637
58.7227,0.0,9.21354,0.803994,0.0,0.594637
58.874,0.0,9.00899,0.803994,0.0,0.594637
58.874,1.5,9.00899,0.691939,0.0,0.721956
58.874,0.0,9.00899,0.691939,0.0,0.721956
59.0577,1.5,8.83295,0.691939,0.0,0.721956
59.0577,1.5,8.83295,0.691939,0.0,0.721956
58.874,0.0,9.00899,0.691939,0.0,0.721956
59.0577,0.0,8.83295,0.691939,0.0,0.721956
59.0577,1.5,8.83295,0.55998,0.0,0.828506
59.0577,0.0,8.83295,0.55998,0.0,0.828506
59.2685,1.5,8.69048,0.55998,0.0,0.828506
59.2685,1.5,8.69048,0.55998,0.0,0.828506
59.0577,0.0,8.83295,0.55998,0.0,0.828506
59.2685,0.0,8.69048,0.55998,0.0,0.828506
59.2685,1.5,8.69048,0.411895,0.0,0.911231
59.2685,0.0,8.69048,0.411895,0.0,0.911231
59.5003,1.5,8.58568,0.411895,0.0,0.911231
59.5003,1.5,8.58568,0.411895,0.0,0.911231
59.2685,0.0,8.69048,0.411895,0.0,0.911231
59.5003,0.0,8.58568,0.411895,0.0,0.911231
59.5003,1.5,8.58568,0.251976,0.0,0.967734
59.5003,0.0,8.58568,0.251976,0.0,0.967734
59.7465,1.5,8.52158,0.251976,0.0,0.967734
59.7465,1.5,8.52158,0.251976,0.0,0.967734
59.5003,0.0,8.58568,0.251976,0.0,0.967734
59.7465,0.0,8.52158,0.251976,0.0,0.967734
59.7465,1.5,8.52158,0.0848099,0.0,0.996397
59.7465,0.0,8.52158,0.0848099,0.0,0.996397
60.0,1.5,8.5,0.0848099,0.0,0.996397
60.0,1.5,8.5,0.0848099,0.0,0.996397
59.7465,0.0,8.52158,0.0848099,0.0,0.996397
60.0,0.0,8.5,0.0848099,0.0,0.996397
60.0,1.5,8.5,-0.0848086,0.0,0.996397
60.0,0.0,8.5,-0.0848086,0.0,0.996397
60.2535,1.5,8.52158,-0.0848086,0.0,0.996397
60.2535,1.5,8.52158,-0.0848086,0.0,0.996397
60.0,0.0,8.5,-0.0848086,0.0,0.996397
60.2535,0.0,8.52158,-0.0848086,0.0,0.996397
10.2535,1.5,88.5216,-0.251986,0.0,0.967731
10.2535,0.0,88.5216,-0.251986,0.0,0.967731
10.4997,1.5,88.5857,-0.251986,0.0,0.967731
10.4997,1.5,88.5857,-0.251986,0.0,0.967731
10.2535,0.0,88.5216,-0.251986,0.0,0.967731
10.4997,0.0,88.5857,-0.251986,0.0,0.967731
10.4997,1.5,88.5857,-0.411908,0.0,0.911225
10.4997,0.0,88.5857,-0.411908,0.0,0.911225
10.7315,1.5,88.6905,-0.411908,0.0,0.911225
10.7315,1.5,88.6905,-0.411908,0.0,0.911225
10.4997,0.0,88.5857,-0.411908,0.0,0.911225
10.7315,0.0,88.6905,-0.411908,0.0,0.911225
10.7315,1.5,88.6905,-0.559966,0.0,0.828516
10.7315,0.0,88.6905,-0.559966,0.0,0.828516
10.9423,1.5,88.8329,-0.559966,0.0,0.828516
10.9423,1.5,88.8329,-0.559966,0.0,0.828516
10.7315,0.0,88.6905,-0.559966,0.0,0.828516
10.9423,0.0,88.8329,-0.559966,0.0,0.828516
10.9423,1.5,88.8329,-0.691935,0.0,0.72196
10.9423,0.0,88.8329,-0.691935,0.0,0.72196
11.126,1.5,89.009,-0.691935,0.0,0.72196
11.126,1.5,89.009,-0.691935,0.0,0.72196
10.9423,0.0,88.8329,-0.691935,0.0,0.72196
11.126,0.0,89.009,-0.691935,0.0,0.72196
11.126,1.5,89.009,-0.803998,0.0,0.594632
11.126,0.0,89.009,-0.803998,0.0,0.594632
11.2773,1.5,89.2135,-0.803998,0.0,0.594632
11.2773,1.5,89.2135,-0.803998,0.0,0.594632
11.126,0.0,89.009,-0.803998,0.0,0.594632
11.2773,0.0,89.2135,-0.803998,0.0,0.594632
11.2773,1.5,89.2135,-0.89293,0.0,0.450195
11.2773,0.0,89.2135,-0.89293,0.0,0.450195
11.3918,1.5,89.4407,-0.89293,0.0,0.450195
11.3918,1.5,89.4407,-0.89293,0.0,0.450195
11.2773,0.0,89.2135,-0.89293,0.0,0.450195
11.3918,0.0,89.4407,-0.89293,0.0,0.450195
11.3918,1.5,89.4407,-0.956166,0.0,0.292825
11.3918,0.0,89.4407,-0.956166,0.0,0.292825
11.4663,1.5,89.684,-0.956166,0.0,0.292825
11.4663,1.5,89.684,-0.956166,0.0,0.292825
11.3918,0.0,89.4407,-0.956166,0.0,0.292825
11.4663,0.0,89.684,-0.956166,0.0,0.292825
11.4663,1.5,89.684,-0.9919,0.0,0.12702
11.4663,0.0,89.684,-0.9919,0.0,0.12702
11.4986,1.5,89.9363,-0.9919,0.0,0.12702
11.4986,1.5,89.9363,-0.9919,0.0,0.12702
11.4663,0.0,89.684,-0.9919,0.0,0.12702
11.4986,0.0,89.9363,-0.9919,0.0,0.12702
11.4986,1.5,89.9363,-0.999099,0.0,-0.04244
11.4986,0.0,89.9363,-0.999099,0.0,-0.04244
11.4879,1.5,90.1905,-0.999099,0.0,-0.04244
11.4879,1.5,90.1905,-0.999099,0.0,-0.04244
11.4986,0.0,89.9363,-0.999099,0.0,-0.04244
11.4879,0.0,90.1905,-0.999099,0.0,-0.04244
11.4879,1.5,90.1905,-0.977556,0.0,-0.210676
11.4879,0.0,90.1905,-0.977556,0.0,-0.210676
11.4343,1.5,90.4392,-0.977556,0.0,-0.210676
11.4343,1.5,90.4392,-0.977556,0.0,-0.210676
11.4879,0.0,90.1905,-0.977556,0.0,-0.210676
11.4343,0.0,90.4392,-0.977556,0.0,-0.210676
11.4343,1.5,90.4392,-0.927887,0.0,-0.372862
11.4343,0.0,90.4392,-0.927887,0.0,-0.372862
11.3394,1.5,90.6753,-0.927887,0.0,-0.372862
11.3394,1.5,90.6753,-0.927887,0.0,-0.372862
11.4343,0.0,90.4392,-0.927887,0.0,-0.372862
11.3394,0.0,90.6753,-0.927887,0.0,-0.372862
11.3394,1.5,90.6753,-0.851529,0.0,-0.524308
11.3394,0.0,90.6753,-0.851529,0.0,-0.524308
11.206,1.5,90.892,-0.851529,0.0,-0.524308
11.206,1.5,90.892,-0.851529,0.0,-0.524308
11.3394,0.0,90.6753,-0.851529,0.0,-0.524308
11.206,0.0,90.892,-0.851529,0.0,-0.524308
11.206,1.5,90.892,-0.750664,0.0,-0.660684
11.206,0.0,90.892,-0.750664,0.0,-0.660684
11.0379,1.5,91.0829,-0.750664,0.0,-0.660684
11.0379,1.5,91.0829,-0.750664,0.0,-0.660684
11.206,0.0,90.892,-0.750664,0.0,-0.660684
11.0379,0.0,91.0829,-0.750664,0.0,-0.660684
11.0379,1.5,91.0829,-0.628232,0.0,-0.778026
11.0379,0.0,91.0829,-0.628232,0.0,-0.778026
10.84,1.5,91.2428,-0.628232,0.0,-0.778026
10.84,1.5,91.2428,-0.628232,0.0,-0.778026
11.0379,0.0,91.0829,-0.628232,0.0,-0.778026
10.84,0.0,91.2428,-0.628232,0.0,-0.778026
10.84,1.5,91.2428,-0.487692,0.0,-0.873016
10.84,0.0,91.2428,-0.487692,0.0,-0.873016
10.6179,1.5,91.3668,-0.487692,0.0,-0.873016
10.6179,1.5,91.3668,-0.487692,0.0,-0.873016
10.84,0.0,91.2428,-0.487692,0.0,-0.873016
10.6179,0.0,91.3668,-0.487692,0.0,-0.873016
10.6179,1.5,91.3668,-0.333133,0.0,-0.94288
10.6179,0.0,91.3668,-0.333133,0.0,-0.94288
10.378,1.5,91.4516,-0.333133,0.0,-0.94288
10.378,1.5,91.4516,-0.333133,0.0,-0.94288
10.6179,0.0,91.3668,-0.333133,0.0,-0.94288
10.378,0.0,91.4516,-0.333133,0.0,-0.94288
10.378,1.5,91.4516,-0.16901,0.0,-0.985614
10.378,0.0,91.4516,-0.16901,0.0,-0.985614
10.1272,1.5,91.4946,-0.16901,0.0,-0.985614
10.1272,1.5,91.4946,-0.16901,0.0,-0.985614
10.378,0.0,91.4516,-0.16901,0.0,-0.985614
10.1272,0.0,91.4946,-0.16901,0.0,-0.985614
10.1272,1.5,91.4946,0.0,0.0,-1.0
10.1272,0.0,91.4946,0.0,0.0,-1.0
9.87279,1.5,91.4946,0.0,0.0,-1.0
9.87279,1.5,91.4946,0.0,0.0,-1.0
10.1272,0.0,91.4946,0.0,0.0,-1.0
9.87279,0.0,91.4946,0.0,0.0,-1.0
9.87279,1.5,91.4946,0.16901,0.0,-0.985614
9.87279,0.0,91.4946,0.16901,0.0,-0.985614
9.62203,1.5,91.4516,0.16901,0.0,-0.985614
9.62203,1.5,91.4516,0.16901,0.0,-0.985614
9.87279,0.0,91.4946,0.16901,0.0,-0.985614
9.62203,0.0,91.4516,0.16901,0.0,-0.985614
9.62203,1.5,91.4516,0.333134,0.0,-0.942879
9.62203,0.0,91.4516,0.333134,0.0,-0.942879
9.38215,1.5,91.3668,0.333134,0.0,-0.942879
9.38215,1.5,91.3668,0.333134,0.0,-0.942879
9.62203,0.0,91.4516,0.333134,0.0,-0.942879
9.38215,0.0,91.3668,0.333134,0.0,-0.942879
9.38215,1.5,91.3668,0.48769,0.0,-0.873017
9.38215,0.0,91.3668,0.48769,0.0,-0.873017
9.16004,1.5,91.2428,0.48769,0.0,-0.873017
9.16004,1.5,91.2428,0.48769,0.0,-0.873017
9.38215,0.0,91.3668,0.48769,0.0,-0.873017
9.16004,0.0,91.2428,0.48769,0.0,-0.873017
9.16004,1.5,91.2428,0.628234,0.0,-0.778024
9.16004,0.0,91.2428,0.628234,0.0,-0.778024
8.96209,1.5,91.0829,0.628234,0.0,-0.778024
8.96209,1.5,91.0829,0.628234,0.0,-0.778024
9.16004,0.0,91.2428,0.628234,0.0,-0.778024
8.96209,0.0,91.0829,0.628234,0.0,-0.778024
8.96209,1.5,91.0829,0.750662,0.0,-0.660686
8.96209,0.0,91.0829,0.750662,0.0,-0.660686
8.794,1.5,90.892,0.750662,0.0,-0.660686
8.794,1.5,90.892,0.750662,0.0,-0.660686
8.96209,0.0,91.0829,0.750662,0.0,-0.660686
8.794,0.0,90.892,0.750662,0.0,-0.660686
8.794,1.5,90.892,0.851529,0.0,-0.524308
8.794,0.0,90.892,0.851529,0.0,-0.524308
8.66061,1.5,90.6753,0.851529,0.0,-0.524308
8.66061,1.5,90.6753,0.851529,0.0,-0.524308
8.794,0.0,90.892,0.851529,0.0,-0.524308
8.66061,0.0,90.6753,0.851529,0.0,-0.524308
8.66061,1.5,90.6753,0.927888,0.0,-0.372859
8.66061,0.0,90.6753,0.927888,0.0,-0.372859
8.56575,1.5,90.4392,0.927888,0.0,-0.372859
8.56575,1.5,90.4392,0.927888,0.0,-0.372859
8.66061,0.0,90.6753,0.927888,0.0,-0.372859
8.56575,0.0,90.4392,0.927888,0.0,-0.372859
8.56575,1.5,90.4392,0.977556,0.0,-0.210676
8.56575,0.0,90.4392,0.977556,0.0,-0.210676
8.51215,1.5,90.1905,0.977556,0.0,-0.210676
8.51215,1.5,90.1905,0.977556,0.0,-0.210676
8.56575,0.0,90.4392,0.977556,0.0,-0.210676
8.51215,0.0,90.1905,0.977556,0.0,-0.210676
8.51215,1.5,90.1905,0.999099,0.0,-0.0424438
8.51215,0.0,90.1905,0.999099,0.0,-0.0424438
8.50135,1.5,89.9363,0.999099,0.0,-0.0424438
8.50135,1.5,89.9363,0.999099,0.0,-0.0424438
8.51215,0.0,90.1905,0.999099,0.0,-0.0424438
8.50135,0.0,89.9363,0.999099,0.0,-0.0424438
8.50135,1.5,89.9363,0.991901,0.0,0.127016
8.50135,0.0,89.9363,0.991901,0.0,0.127016
8.53367,1.5,89.684,0.991901,0.0,0.127016
8.53367,1.5,89.684,0.991901,0.0,0.127016
8.50135,0.0,89.9363,0.991901,0.0,0.127016
8.53367,0.0,89.684,0.991901,0.0,0.127016
8.53367,1.5,89.684,0.956166,0.0,0.292825
8.53367,0.0,89.684,0.956166,0.0,0.292825
8.60817,1.5,89.4407,0.956166,0.0,0.292825
8.60817,1.5,89.4407,0.956166,0.0,0.292825
8.53367,0.0,89.684,0.956166,0.0,0.292825
8.60817,0.0,89.4407,0.956166,0.0,0.292825
8.60817,1.5,89.4407,0.892927,0.0,0.450201
8.60817,0.0,89.4407,0.892927,0.0,0.450201
8.72271,1.5,89.2135,0.892927,0.0,0.450201
8.72271,1.5,89.2135,0.892927,0.0,0.450201
8.60817,0.0,89.4407,0.892927,0.0,0.450201
8.72271,0.0,89.2135,0.892927,0.0,0.450201
8.72271,1.5,89.2135,0.803998,0.0,0.594632
8.72271,0.0,89.2135,0.803998,0.0,0.594632
8.87399,1.5,89.009,0.803998,0.0,0.594632
8.87399,1.5,89.009,0.803998,0.0,0.594632
8.72271,0.0,89.2135,0.803998,0.0,0.594632
8.87399,0.0,89.009,0.803998,0.0,0.594632
8.87399,1.5,89.009,0.691939,0.0,0.721956
8.87399,0.0,89.009,0.691939,0.0,0.721956
9.05767,1.5,88.8329,0.691939,0.0,0.721956
9.05767,1.5,88.8329,0.691939,0.0,0.721956
8.87399,0.0,89.009,0.691939,0.0,0.721956
9.05767,0.0,88.8329,0.691939,0.0,0.721956
9.05767,1.5,88.8329,0.559962,0.0,0.828518
9.05767,0.0,88.8329,0.559962,0.0,0.828518
9.26846,1.5,88.6905,0.559962,0.0,0.828518
9.26846,1.5,88.6905,0.559962,0.0,0.828518
9.05767,0.0,88.8329,0.559962,0.0,0.828518
9.26846,0.0,88.6905,0.559962,0.0,0.828518
9.26846,1.5,88.6905,0.411911,0.0,0.911224
9.26846,0.0,88.6905,0.411911,0.0,0.911224
9.50029,1.5,88.5857,0.411911,0.0,0.911224
9.50029,1.5,88.5857,0.411911,0.0,0.911224
9.26846,0.0,88.6905,0.411911,0.0,0.911224
9.50029,0.0,88.5857,0.411911,0.0,0.911224
9.50029,1.5,88.5857,0.251986,0.0,0.967731
9.50029,0.0,88.5857,0.251986,0.0,0.967731
9.7465,1.5,88.5216,0.251986,0.0,0.967731
9.7465,1.5,88.5216,0.251986,0.0,0.967731
9.50029,0.0,88.5857,0.251986,0.0,0.967731
9.7465,0.0,88.5216,0.251986,0.0,0.967731
9.7465,1.5,88.5216,0.0848049,0.0,0.996398
9.7465,0.0,88.5216,0.0848049,0.0,0.996398
10.0,1.5,88.5,0.0848049,0.0,0.996398
10.0,1.5,88.5,0.0848049,0.0,0.996398
9.7465,0.0,88.5216,0.0848049,0.0,0.996398
10.0,0.0,88.5,0.0848049,0.0,0.996398
10.0,1.5,88.5,-0.0848052,0.0,0.996398
10.0,0.0,88.5,-0.0848052,0.0,0.996398
10.2535,1.5,88.5216,-0.0848052,0.0,0.996398
10.2535,1.5,88.5216,-0.0848052,0.0,0.996398
10.0,0.0,88.5,-0.0848052,0.0,0.996398
10.2535,0.0,88.5216,-0.0848052,0.0,0.996398
27.2535,1.5,10.5216,-0.251979,0.0,0.967733
27.2535,0.0,10.5216,-0.251979,0.0,0.967733
27.4997,1.5,10.5857,-0.251979,0.0,0.967733
27.4997,1.5,10.5857,-0.251979,0.0,0.967733
27.2535,0.0,10.5216,-0.251979,0.0,0.967733
27.4997,0.0,10.5857,-0.251979,0.0,0.967733
27.4997,1.5,10.5857,-0.411903,0.0,0.911228
27.4997,0.0,10.5857,-0.411903,0.0,0.911228
27.7315,1.5,10.6905,-0.411903,0.0,0.911228
27.7315,1.5,10.6905,-0.411903,0.0,0.911228
27.4997,0.0,10.5857,-0.411903,0.0,0.911228
27.7315,0.0,10.6905,-0.411903,0.0,0.911228
27.7315,1.5,10.6905,-0.559975,0.0,0.828509
27.7315,0.0,10.6905,-0.559975,0.0,0.828509
27.9423,1.5,10.8329,-0.559975,0.0,0.828509
27.9423,1.5,10.8329,-0.559975,0.0,0.828509
27.7315,0.0,10.6905,-0.559975,0.0,0.828509
27.9423,0.0,10.8329,-0.559975,0.0,0.828509
27.9423,1.5,10.8329,-0.691937,0.0,0.721958
27.9423,0.0,10.8329,-0.691937,0.0,0.721958
28.126,1.5,11.009,-0.691937,0.0,0.721958
28.126,1.5,11.009,-0.691937,0.0,0.721958
27.9423,0.0,10.8329,-0.691937,0.0,0.721958
28.126,0.0,11.009,-0.691937,0.0,0.721958
28.126,1.5,11.009,-0.804,0.0,0.594629
28.126,0.0,11.009,-0.804,0.0,0.594629
28.2773,1.5,11.2135,-0.804,0.0,0.594629
28.2773,1.5,11.2135,-0.804,0.0,0.594629
28.126,0.0,11.009,-0.804,0.0,0.594629
28.2773,0.0,11.2135,-0.804,0.0,0.594629
28.2773,1.5,11.2135,-0.892922,0.0,0.450211
28.2773,0.0,11.2135,-0.892922,0.0,0.450211
28.3918,1.5,11.4407,-0.892922,0.0,0.450211
28.3918,1.5,11.4407,-0.892922,0.0,0.450211
28.2773,0.0,11.2135,-0.892922,0.0,0.450211
28.3918,0.0,11.4407,-0.892922,0.0,0.450211
28.3918,1.5,11.4407,-0.956167,0.0,0.292822
28.3918,0.0,11.4407,-0.956167,0.0,0.292822
28.4663,1.5,11.684,-0.956167,0.0,0.292822
28.4663,1.5,11.684,-0.956167,0.0,0.292822
28.3918,0.0,11.4407,-0.956167,0.0,0.292822
28.4663,0.0,11.684,-0.956167,0.0,0.292822
28.4663,1.5,11.684,-0.991901,0.0,0.127013
28.4663,0.0,11.684,-0.991901,0.0,0.127013
28.4986,1.5,11.9363,-0.991901,0.0,0.127013
28.4986,1.5,11.9363,-0.991901,0.0,0.127013
28.4663,0.0,11.684,-0.991901,0.0,0.127013
28.4986,0.0,11.9363,-0.991901,0.0,0.127013
28.4986,1.5,11.9363,-0.999099,0.0,-0.0424402
28.4986,0.0,11.9363,-0.999099,0.0,-0.0424402
28.4879,1.5,12.1905,-0.999099,0.0,-0.0424402
28.4879,1.5,12.1905,-0.999099,0.0,-0.0424402
28.4986,0.0,11.9363,-0.999099,0.0,-0.0424402
28.4879,0.0,12.1905,-0.999099,0.0,-0.0424402
28.4879,1.5,12.1905,-0.977555,0.0,-0.210678
28.4879,0.0,12.1905,-0.977555,0.0,-0.210678
28.4342,1.5,12.4392,-0.977555,0.0,-0.210678
28.4342,1.5,12.4392,-0.977555,0.0,-0.210678
28.4879,0.0,12.1905,-0.977555,0.0,-0.210678
28.4342,0.0,12.4392,-0.977555,0.0,-0.210678
28.4342,1.5,12.4392,-0.927891,0.0,-0.372852
28.4342,0.0,12.4392,-0.927891,0.0,-0.372852
28.3394,1.5,12.6753,-0.927891,0.0,-0.372852
28.3394,1.5,12.6753,-0.927891,0.0,-0.372852
28.4342,0.0,12.4392,-0.927891,0.0,-0.372852
28.3394,0.0,12.6753,-0.927891,0.0,-0.372852
28.3394,1.5,12.6753,-0.851527,0.0,-0.52431
28.3394,0.0,12.6753,-0.851527,0.0,-0.52431
28.206,1.5,12.8919,-0.851527,0.0,-0.52431
28.206,1.5,12.8919,-0.851527,0.0,-0.52431
28.3394,0.0,12.6753,-0.851527,0.0,-0.52431
28.206,0.0,12.8919,-0.851527,0.0,-0.52431
28.206,1.5,12.8919,-0.75067,0.0,-0.660677
28.206,0.0,12.8919,-0.75067,0.0,-0.660677
28.0379,1.5,13.0829,-0.75067,0.0,-0.660677
28.0379,1.5,13.0829,-0.75067,0.0,-0.660677
28.206,0.0,12.8919,-0.75067,0.0,-0.660677
28.0379,0.0,13.0829,-0.75067,0.0,-0.660677
28.0379,1.5,13.0829,-0.628222,0.0,-0.778034
28.0379,0.0,13.0829,-0.628222,0.0,-0.778034
27.84,1.5,13.2428,-0.628222,0.0,-0.778034
27.84,1.5,13.2428,-0.628222,0.0,-0.778034
28.0379,0.0,13.0829,-0.628222,0.0,-0.778034
27.84,0.0,13.2428,-0.628222,0.0,-0.778034
27.84,1.5,13.2428,-0.487693,0.0,-0.873015
27.84,0.0,13.2428,-0.487693,0.0,-0.873015
27.6179,1.5,13.3668,-0.487693,0.0,-0.873015
27.6179,1.5,13.3668,-0.487693,0.0,-0.873015
27.84,0.0,13.2428,-0.487693,0.0,-0.873015
27.6179,0.0,13.3668,-0.487693,0.0,-0.873015
27.6179,1.5,13.3668,-0.33314,0.0,-0.942877
27.6179,0.0,13.3668,-0.33314,0.0,-0.942877
27.378,1.5,13.4516,-0.33314,0.0,-0.942877
27.378,1.5,13.4516,-0.33314,0.0,-0.942877
27.6179,0.0,13.3668,-0.33314,0.0,-0.942877
27.378,0.0,13.4516,-0.33314,0.0,-0.942877
27.378,1.5,13.4516,-0.169,0.0,-0.985616
27.378,0.0,13.4516,-0.169,0.0,-0.985616
27.1272,1.5,13.4946,-0.169,0.0,-0.985616
27.1272,1.5,13.4946,-0.169,0.0,-0.985616
27.378,0.0,13.4516,-0.169,0.0,-0.985616
27.1272,0.0,13.4946,-0.169,0.0,-0.985616
27.1272,1.5,13.4946,0.0,0.0,-1.0
27.1272,0.0,13.4946,0.0,0.0,-1.0
26.8728,1.5,13.4946,0.0,0.0,-1.0
26.8728,1.5,13.4946,0.0,0.0,-1.0
27.1272,0.0,13.4946,0.0,0.0,-1.0
26.8728,0.0,13.4946,0.0,0.0,-1.0
26.8728,1.5,13.4946,0.168999,0.0,-0.985616
26.8728,0.0,13.4946,0.168999,0.0,-0.985616
26.622,1.5,13.4516,0.168999,0.0,-0.985616
26.622,1.5,13.4516,0.168999,0.0,-0.985616
26.8728,0.0,13.4946,0.168999,0.0,-0.985616
26.622,0.0,13.4516,0.168999,0.0,-0.985616
26.622,1.5,13.4516,0.333142,0.0,-0.942877
26.622,0.0,13.4516,0.333142,0.0,-0.942877
26.3821,1.5,13.3668,0.333142,0.0,-0.942877
26.3821,1.5,13.3668,0.333142,0.0,-0.942877
26.622,0.0,13.4516,0.333142,0.0,-0.942877
26.3821,0.0,13.3668,0.333142,0.0,-0.942877
26.3821,1.5,13.3668,0.487693,0.0,-0.873015
26.3821,0.0,13.3668,0.487693,0.0,-0.873015
26.16,1.5,13.2428,0.487693,0.0,-0.873015
26.16,1.5,13.2428,0.487693,0.0,-0.873015
26.3821,0.0,13.3668,0.487693,0.0,-0.873015
26.16,0.0,13.2428,0.487693,0.0,-0.873015
26.16,1.5,13.2428,0.628219,0.0,-0.778037
26.16,0.0,13.2428,0.628219,0.0,-0.778037
25.9621,1.5,13.0829,0.628219,0.0,-0.778037
25.9621,1.5,13.0829,0.628219,0.0,-0.778037
26.16,0.0,13.2428,0.628219,0.0,-0.778037
25.9621,0.0,13.0829,0.628219,0.0,-0.778037
25.9621,1.5,13.0829,0.750674,0.0,-0.660673
25.9621,0.0,13.0829,0.750674,0.0,-0.660673
25.794,1.5,12.8919,0.750674,0.0,-0.660673
25.794,1.5,12.8919,0.750674,0.0,-0.660673
25.9621,0.0,13.0829,0.750674,0.0,-0.660673
25.794,0.0,12.8919,0.750674,0.0,-0.660673
25.794,1.5,12.8919,0.851531,0.0,-0.524305
25.794,0.0,12.8919,0.851531,0.0,-0.524305
25.6606,1.5,12.6753,0.851531,0.0,-0.524305
25.6606,1.5,12.6753,0.851531,0.0,-0.524305
25.794,0.0,12.8919,0.851531,0.0,-0.524305
25.6606,0.0,12.6753,0.851531,0.0,-0.524305
25.6606,1.5,12.6753,0.927886,0.0,-0.372865
25.6606,0.0,12.6753,0.927886,0.0,-0.372865
25.5657,1.5,12.4392,0.927886,0.0,-0.372865
25.5657,1.5,12.4392,0.927886,0.0,-0.372865
25.6606,0.0,12.6753,0.927886,0.0,-0.372865
25.5657,0.0,12.4392,0.927886,0.0,-0.372865
25.5657,1.5,12.4392,0.977557,0.0,-0.210671
25.5657,0.0,12.4392,0.977557,0.0,-0.210671
25.5121,1.5,12.1905,0.977557,0.0,-0.210671
25.5121,1.5,12.1905,0.977557,0.0,-0.210671
25.5657,0.0,12.4392,0.977557,0.0,-0.210671
25.5121,0.0,12.1905,0.977557,0.0,-0.210671
25.5121,1.5,12.1905,0.999099,0.0,-0.0424402
25.5121,0.0,12.1905,0.999099,0.0,-0.0424402
25.5014,1.5,11.9363,0.999099,0.0,-0.0424402
25.5014,1.5,11.9363,0.999099,0.0,-0.0424402
25.5121,0.0,12.1905,0.999099,0.0,-0.0424402
25.5014,0.0,11.9363,0.999099,0.0,-0.0424402
25.5014,1.5,11.9363,0.991901,0.0,0.127013
25.5014,0.0,11.9363,0.991901,0.0,0.127013
25.5337,1.5,11.684,0.991901,0.0,0.127013
25.5337,1.5,11.684,0.991901,0.0,0.127013
25.5014,0.0,11.9363,0.991901,0.0,0.127013
25.5337,0.0,11.684,0.991901,0.0,0.127013
25.5337,1.5,11.684,0.956165,0.0,0.292829
25.5337,0.0,11.684,0.956165,0.0,0.292829
25.6082,1.5,11.4407,0.956165,0.0,0.292829
25.6082,1.5,11.4407,0.956165,0.0,0.292829
25.5337,0.0,11.684,0.956165,0.0,0.292829
25.6082,0.0,11.4407,0.956165,0.0,0.292829
25.6082,1.5,11.4407,0.892928,0.0,0.450199
25.6082,0.0,11.4407,0.892928,0.0,0.450199
25.7227,1.5,11.2135,0.892928,0.0,0.450199
25.7227,1.5,11.2135,0.892928,0.0,0.450199
25.6082,0.0,11.4407,0.892928,0.0,0.450199
25.7227,0.0,11.2135,0.892928,0.0,0.450199
25.7227,1.5,11.2135,0.803997,0.0,0.594634
25.7227,0.0,11.2135,0.803997,0.0,0.594634
25.874,1.5,11.009,0.803997,0.0,0.594634
25.874,1.5,11.009,0.803997,0.0,0.594634
25.7227,0.0,11.2135,0.803997,0.0,0.594634
25.874,0.0,11.009,0.803997,0.0,0.594634
25.874,1.5,11.009,0.691937,0.0,0.721958
25.874,0.0,11.009,0.691937,0.0,0.721958
26.0577,1.5,10.8329,0.691937,0.0,0.721958
26.0577,1.5,10.8329,0.691937,0.0,0.721958
25.874,0.0,11.009,0.691937,0.0,0.721958
26.0577,0.0,10.8329,0.691937,0.0,0.721958
26.0577,1.5,10.8329,0.559979,0.0,0.828507
26.0577,0.0,10.8329,0.559979,0.0,0.828507
26.2685,1.5,10.6905,0.559979,0.0,0.828507
26.2685,1.5,10.6905,0.559979,0.0,0.828507
26.0577,0.0,10.8329,0.559979,0.0,0.828507
26.2685,0.0,10.6905,0.559979,0.0,0.828507
26.2685,1.5,10.6905,0.4119,0.0,0.911229
26.2685,0.0,10.6905,0.4119,0.0,0.911229
26.5003,1.5,10.5857,0.4119,0.0,0.911229
26.5003,1.5,10.5857,0.4119,0.0,0.911229
26.2685,0.0,10.6905,0.4119,0.0,0.911229
26.5003,0.0,10.5857,0.4119,0.0,0.911229
26.5003,1.5,10.5857,0.251979,0.0,0.967733
26.5003,0.0,10.5857,0.251979,0.0,0.967733
26.7465,1.5,10.5216,0.251979,0.0,0.967733
26.7465,1.5,10.5216,0.251979,0.0,0.967733
26.5003,0.0,10.5857,0.251979,0.0,0.967733
26.7465,0.0,10.5216,0.251979,0.0,0.967733
26.7465,1.5,10.5216,0.0848049,0.0,0.996398
26.7465,0.0,10.5216,0.0848049,0.0,0.996398
27.0,1.5,10.5,0.0848049,0.0,0.996398
27.0,1.5,10.5,0.0848049,0.0,0.996398
26.7465,0.0,10.5216,0.0848049,0.0,0.996398
27.0,0.0,10.5,0.0848049,0.0,0.996398
27.0,1.5,10.5,-0.0848049,0.0,0.996398
27.0,0.0,10.5,-0.0848049,0.0,0.996398
27.2535,1.5,10.5216,-0.0848049,0.0,0.996398
27.2535,1.5,10.5216,-0.0848049,0.0,0.996398
27.0,0.0,10.5,-0.0848049,0.0,0.996398
27.2535,0.0,10.5216,-0.0848049,0.0,0.996398
9.87279,1.5,91.4946,0.0,1.0,0.0
9.62203,1.5,91.4516,0.0,1.0,0.0
0.0,1.5,100.0,0.0,1.0,0.0
8.96209,1.5,91.0829,0.0,1.0,0.0
8.794,1.5,90.892,0.0,1.0,0.0
0.0,1.5,100.0,0.0,1.0,0.0
71.126,1.5,89.009,0.0,1.0,0.0
71.2773,1.5,89.2135,0.0,1.0,0.0
80.0,1.5,0.0,0.0,1.0,0.0
10.6179,1.5,91.3668,0.0,1.0,0.0
10.378,1.5,91.4516,0.0,1.0,0.0
0.0,1.5,100.0,0.0,1.0,0.0
0.0,1.5,100.0,0.0,1.0,0.0
10.378,1.5,91.4516,0.0,1.0,0.0
10.1272,1.5,91.4946,0.0,1.0,0.0
0.0,1.5,100.0,0.0,1.0,0.0
10.1272,1.5,91.4946,0.0,1.0,0.0
9.87279,1.5,91.4946,0.0,1.0,0.0
11.3394,1.5,90.6753,0.0,1.0,0.0
11.206,1.5,90.892,0.0,1.0,0.0
80.0,1.5,100.0,0.0,1.0,0.0
80.0,1.5,100.0,0.0,1.0,0.0
11.206,1.5,90.892,0.0,1.0,0.0
11.0379,1.5,91.0829,0.0,1.0,0.0
80.0,1.5,100.0,0.0,1.0,0.0
11.0379,1.5,91.0829,0.0,1.0,0.0
0.0,1.5,100.0,0.0,1.0,0.0
0.0,1.5,100.0,0.0,1.0,0.0
11.0379,1.5,91.0829,0.0,1.0,0.0
10.84,1.5,91.2428,0.0,1.0,0.0
0.0,1.5,100.0,0.0,1.0,0.0
10.84,1.5,91.2428,0.0,1.0,0.0
10.6179,1.5,91.3668,0.0,1.0,0.0
9.62203,1.5,91.4516,0.0,1.0,0.0
9.38215,1.5,91.3668,0.0,1.0,0.0
0.0,1.5,100.0,0.0,1.0,0.0
0.0,1.5,100.0,0.0,1.0,0.0
9.38215,1.5,91.3668,0.0,1.0,0.0
9.16004,1.5,91.2428,0.0,1.0,0.0
0.0,1.5,100.0,0.0,1.0,0.0
9.16004,1.5,91.2428,0.0,1.0,0.0
8.96209,1.5,91.0829,0.0,1.0,0.0
8.794,1.5,90.892,0.0,1.0,0.0
8.66061,1.5,90.6753,0.0,1.0,0.0
0.0,1.5,100.0,0.0,1.0,0.0
0.0,1.5,100.0,0.0,1.0,0.0
8.66061,1.5,90.6753,0.0,1.0,0.0
8.56575,1.5,90.4392,0.0,1.0,0.0
0.0,1.5,100.0,0.0,1.0,0.0
8.56575,1.5,90.4392,0.0,1.0,0.0
8.51215,1.5,90.1905,0.0,1.0,0.0
80.0,1.5,0.0,0.0,1.0,0.0
71.2773,1.5,89.2135,0.0,1.0,0.0
80.0,1.5,100.0,0.0,1.0,0.0
80.0,1.5,100.0,0.0,1.0,0.0
71.2773,1.5,89.2135,0.0,1.0,0.0
71.3918,1.5,89.4407,0.0,1.0,0.0
80.0,1.5,100.0,0.0,1.0,0.0
71.3918,1.5,89.4407,0.0,1.0,0.0
71.4663,1.5,89.684,0.0,1.0,0.0
69.16,1.5,91.2428,0.0,1.0,0.0
68.9621,1.5,91.0829,0.0,1.0,0.0
11.4879,1.5,90.1905,0.0,1.0,0.0
71.4663,1.5,89.684,0.0,1.0,0.0
71.4986,1.5,89.9363,0.0,1.0,0.0
80.0,1.5,100.0,0.0,1.0,0.0
80.0,1.5,100.0,0.0,1.0,0.0
71.4986,1.5,89.9363,0.0,1.0,0.0
71.4879,1.5,90.1905,0.0,1.0,0.0
80.0,1.5,100.0,0.0,1.0,0.0
71.4879,1.5,90.1905,0.0,1.0,0.0
71.4342,1.5,90.4392,0.0,1.0,0.0
71.0379,1.5,91.0829,0.0,1.0,0.0
70.84,1.5,91.2428,0.0,1.0,0.0
80.0,1.5,100.0,0.0,1.0,0.0
80.0,1.5,100.0,0.0,1.0,0.0
70.84,1.5,91.2428,0.0,1.0,0.0
70.6179,1.5,91.3668,0.0,1.0,0.0
80.0,1.5,100.0,0.0,1.0,0.0
70.6179,1.5,91.3668,0.0,1.0,0.0
70.378,1.5,91.4516,0.0,1.0,0.0
70.378,1.5,91.4516,0.0,1.0,0.0
70.1272,1.5,91.4946,0.0,1.0,0.0
80.0,1.5,100.0,0.0,1.0,0.0
80.0,1.5,100.0,0.0,1.0,0.0
70.1272,1.5,91.4946,0.0,1.0,0.0
69.8728,1.5,91.4946,0.0,1.0,0.0
80.0,1.5,100.0,0.0,1.0,0.0
69.8728,1.5,91.4946,0.0,1.0,0.0
69.622,1.5,91.4516,0.0,1.0,0.0
71.4342,1.5,90.4392,0.0,1.0,0.0
71.3394,1.5,90.6753,0.0,1.0,0.0
80.0,1.5,100.0,0.0,1.0,0.0
80.0,1.5,100.0,0.0,1.0,0.0
71.3394,1.5,90.6753,0.0,1.0,0.0
71.206,1.5,90.892,0.0,1.0,0.0
80.0,1.5,100.0,0.0,1.0,0.0
71.206,1.5,90.892,0.0,1.0,0.0
71.0379,1.5,91.0829,0.0,1.0,0.0
11.3394,1.5,90.6753,0.0,1.0,0.0
80.0,1.5,100.0,0.0,1.0,0.0
11.4343,1.5,90.4392,0.0,1.0,0.0
11.4343,1.5,90.4392,0.0,1.0,0.0
80.0,1.5,100.0,0.0,1.0,0.0
69.622,1.5,91.4516,0.0,1.0,0.0
11.4343,1.5,90.4392,0.0,1.0,0.0
69.622,1.5,91.4516,0.0,1.0,0.0
11.4879,1.5,90.1905,0.0,1.0,0.0
11.4879,1.5,90.1905,0.0,1.0,0.0
69.622,1.5,91.4516,0.0,1.0,0.0
69.3821,1.5,91.3668,0.0,1.0,0.0
11.4879,1.5,90.1905,0.0,1.0,0.0
69.3821,1.5,91.3668,0.0,1.0,0.0
69.16,1.5,91.2428,0.0,1.0,0.0
61.4986,1.5,9.93634,0.0,1.0,0.0
61.4879,1.5,10.1905,0.0,1.0,0.0
68.5121,1.5,90.1905,0.0,1.0,0.0
68.5121,1.5,90.1905,0.0,1.0,0.0
61.4879,1.5,10.1905,0.0,1.0,0.0
61.4342,1.5,10.4392,0.0,1.0,0.0
68.5121,1.5,90.1905,0.0,1.0,0.0
61.4342,1.5,10.4392,0.0,1.0,0.0
61.3394,1.5,10.6753,0.0,1.0,0.0
60.84,1.5,11.2428,0.0,1.0,0.0
60.6179,1.5,11.3668,0.0,1.0,0.0
68.5121,1.5,90.1905,0.0,1.0,0.0
68.5121,1.5,90.1905,0.0,1.0,0.0
60.6179,1.5,11.3668,0.0,1.0,0.0
60.378,1.5,11.4516,0.0,1.0,0.0
68.5121,1.5,90.1905,0.0,1.0,0.0
60.378,1.5,11.4516,0.0,1.0,0.0
60.1272,1.5,11.4946,0.0,1.0,0.0
28.0379,1.5,13.0829,0.0,1.0,0.0
27.84,1.5,13.2428,0.0,1.0,0.0
68.5121,1.5,90.1905,0.0,1.0,0.0
9.05767,1.5,88.8329,0.0,1.0,0.0
0.0,1.5,0.0,0.0,1.0,0.0
8.87399,1.5,89.009,0.0,1.0,0.0
8.87399,1.5,89.009,0.0,1.0,0.0
0.0,1.5,0.0,0.0,1.0,0.0
8.72271,1.5,89.2135,0.0,1.0,0.0
61.3394,1.5,10.6753,0.0,1.0,0.0
61.206,1.5,10.8919,0.0,1.0,0.0
68.5121,1.5,90.1905,0.0,1.0,0.0
68.5121,1.5,90.1905,0.0,1.0,0.0
61.206,1.5,10.8919,0.0,1.0,0.0
61.0379,1.5,11.0829,0.0,1.0,0.0
68.5121,1.5,90.1905,0.0,1.0,0.0
61.0379,1.5,11.0829,0.0,1.0,0.0
60.84,1.5,11.2428,0.0,1.0,0.0
27.4997,1.5,10.5857,0.0,1.0,0.0
27.7315,1.5,10.6905,0.0,1.0,0.0
58.5121,1.5,10.1905,0.0,1.0,0.0
27.7315,1.5,10.6905,0.0,1.0,0.0
27.9423,1.5,10.8329,0.0,1.0,0.0
58.5121,1.5,10.1905,0.0,1.0,0.0
58.5121,1.5,10.1905,0.0,1.0,0.0
27.9423,1.5,10.8329,0.0,1.0,0.0
28.126,1.5,11.009,0.0,1.0,0.0
58.5121,1.5,10.1905,0.0,1.0,0.0
28.126,1.5,11.009,0.0,1.0,0.0
28.2773,1.5,11.2135,0.0,1.0,0.0
8.51215,1.5,90.1905,0.0,1.0,0.0
8.50135,1.5,89.9363,0.0,1.0,0.0
0.0,1.5,100.0,0.0,1.0,0.0
0.0,1.5,100.0,0.0,1.0,0.0
8.50135,1.5,89.9363,0.0,1.0,0.0
8.53367,1.5,89.684,0.0,1.0,0.0
0.0,1.5,100.0,0.0,1.0,0.0
8.53367,1.5,89.684,0.0,1.0,0.0
0.0,1.5,0.0,0.0,1.0,0.0
0.0,1.5,0.0,0.0,1.0,0.0
8.53367,1.5,89.684,0.0,1.0,0.0
8.60817,1.5,89.4407,0.0,1.0,0.0
0.0,1.5,0.0,0.0,1.0,0.0
8.60817,1.5,89.4407,0.0,1.0,0.0
8.72271,1.5,89.2135,0.0,1.0,0.0
28.4986,1.5,11.9363,0.0,1.0,0.0
58.5658,1.5,10.4392,0.0,1.0,0.0
28.4663,1.5,11.684,0.0,1.0,0.0
28.4663,1.5,11.684,0.0,1.0,0.0
58.5658,1.5,10.4392,0.0,1.0,0.0
58.5121,1.5,10.1905,0.0,1.0,0.0
28.4663,1.5,11.684,0.0,1.0,0.0
58.5121,1.5,10.1905,0.0,1.0,0.0
28.3918,1.5,11.4407,0.0,1.0,0.0
28.3918,1.5,11.4407,0.0,1.0,0.0
58.5121,1.5,10.1905,0.0,1.0,0.0
28.2773,1.5,11.2135,0.0,1.0,0.0
68.5121,1.5,90.1905,0.0,1.0,0.0
27.84,1.5,13.2428,0.0,1.0,0.0
68.5658,1.5,90.4392,0.0,1.0,0.0
10.7315,1.5,88.6905,0.0,1.0,0.0
10.9423,1.5,88.8329,0.0,1.0,0.0
27.1272,1.5,13.4946,0.0,1.0,0.0
10.9423,1.5,88.8329,0.0,1.0,0.0
11.126,1.5,89.009,0.0,1.0,0.0
27.1272,1.5,13.4946,0.0,1.0,0.0
27.1272,1.5,13.4946,0.0,1.0,0.0
11.126,1.5,89.009,0.0,1.0,0.0
11.2773,1.5,89.2135,0.0,1.0,0.0
27.1272,1.5,13.4946,0.0,1.0,0.0
11.2773,1.5,89.2135,0.0,1.0,0.0
11.3918,1.5,89.4407,0.0,1.0,0.0
11.3918,1.5,89.4407,0.0,1.0,0.0
11.4663,1.5,89.684,0.0,1.0,0.0
27.1272,1.5,13.4946,0.0,1.0,0.0
27.1272,1.5,13.4946,0.0,1.0,0.0
11.4663,1.5,89.684,0.0,1.0,0.0
11.4986,1.5,89.9363,0.0,1.0,0.0
27.1272,1.5,13.4946,0.0,1.0,0.0
11.4986,1.5,89.9363,0.0,1.0,0.0
11.4879,1.5,90.1905,0.0,1.0,0.0
27.378,1.5,13.4516,0.0,1.0,0.0
27.1272,1.5,13.4946,0.0,1.0,0.0
68.6606,1.5,90.6753,0.0,1.0,0.0
68.6606,1.5,90.6753,0.0,1.0,0.0
27.1272,1.5,13.4946,0.0,1.0,0.0
11.4879,1.5,90.1905,0.0,1.0,0.0
68.6606,1.5,90.6753,0.0,1.0,0.0
11.4879,1.5,90.1905,0.0,1.0,0.0
68.794,1.5,90.892,0.0,1.0,0.0
68.794,1.5,90.892,0.0,1.0,0.0
11.4879,1.5,90.1905,0.0,1.0,0.0
68.9621,1.5,91.0829,0.0,1.0,0.0
9.7465,1.5,88.5216,0.0,1.0,0.0
10.0,1.5,88.5,0.0,1.0,0.0
27.1272,1.5,13.4946,0.0,1.0,0.0
68.5658,1.5,90.4392,0.0,1.0,0.0
27.84,1.5,13.2428,0.0,1.0,0.0
68.6606,1.5,90.6753,0.0,1.0,0.0
68.6606,1.5,90.6753,0.0,1.0,0.0
27.84,1.5,13.2428,0.0,1.0,0.0
27.6179,1.5,13.3668,0.0,1.0,0.0
68.6606,1.5,90.6753,0.0,1.0,0.0
27.6179,1.5,13.3668,0.0,1.0,0.0
27.378,1.5,13.4516,0.0,1.0,0.0
25.5337,1.5,11.684,0.0,1.0,0.0
25.6082,1.5,11.4407,0.0,1.0,0.0
0.0,1.5,0.0,0.0,1.0,0.0
0.0,1.5,0.0,0.0,1.0,0.0
25.6082,1.5,11.4407,0.0,1.0,0.0
25.7227,1.5,11.2135,0.0,1.0,0.0
0.0,1.5,0.0,0.0,1.0,0.0
25.7227,1.5,11.2135,0.0,1.0,0.0
25.874,1.5,11.009,0.0,1.0,0.0
28.4879,1.5,12.1905,0.0,1.0,0.0
60.1272,1.5,11.4946,0.0,1.0,0.0
28.4986,1.5,11.9363,0.0,1.0,0.0
28.4986,1.5,11.9363,0.0,1.0,0.0
60.1272,1.5,11.4946,0.0,1.0,0.0
59.8728,1.5,11.4946,0.0,1.0,0.0
28.4986,1.5,11.9363,0.0,1.0,0.0
59.8728,1.5,11.4946,0.0,1.0,0.0
59.622,1.5,11.4516,0.0,1.0,0.0
58.9621,1.5,11.0829,0.0,1.0,0.0
58.794,1.5,10.8919,0.0,1.0,0.0
28.4986,1.5,11.9363,0.0,1.0,0.0
28.4986,1.5,11.9363,0.0,1.0,0.0
58.794,1.5,10.8919,0.0,1.0,0.0
58.6606,1.5,10.6753,0.0,1.0,0.0
28.4986,1.5,11.9363,0.0,1.0,0.0
58.6606,1.5,10.6753,0.0,1.0,0.0
58.5658,1.5,10.4392,0.0,1.0,0.0
28.4879,1.5,12.1905,0.0,1.0,0.0
28.4342,1.5,12.4392,0.0,1.0,0.0
60.1272,1.5,11.4946,0.0,1.0,0.0
60.1272,1.5,11.4946,0.0,1.0,0.0
28.4342,1.5,12.4392,0.0,1.0,0.0
28.3394,1.5,12.6753,0.0,1.0,0.0
60.1272,1.5,11.4946,0.0,1.0,0.0
28.3394,1.5,12.6753,0.0,1.0,0.0
68.5121,1.5,90.1905,0.0,1.0,0.0
68.5121,1.5,90.1905,0.0,1.0,0.0
28.3394,1.5,12.6753,0.0,1.0,0.0
28.206,1.5,12.8919,0.0,1.0,0.0
68.5121,1.5,90.1905,0.0,1.0,0.0
28.206,1.5,12.8919,0.0,1.0,0.0
28.0379,1.5,13.0829,0.0,1.0,0.0
26.8728,1.5,13.4946,0.0,1.0,0.0
26.622,1.5,13.4516,0.0,1.0,0.0
9.05767,1.5,88.8329,0.0,1.0,0.0
9.05767,1.5,88.8329,0.0,1.0,0.0
26.622,1.5,13.4516,0.0,1.0,0.0
26.3821,1.5,13.3668,0.0,1.0,0.0
9.05767,1.5,88.8329,0.0,1.0,0.0
26.3821,1.5,13.3668,0.0,1.0,0.0
26.16,1.5,13.2428,0.0,1.0,0.0
26.16,1.5,13.2428,0.0,1.0,0.0
25.9621,1.5,13.0829,0.0,1.0,0.0
9.05767,1.5,88.8329,0.0,1.0,0.0
9.05767,1.5,88.8329,0.0,1.0,0.0
25.9621,1.5,13.0829,0.0,1.0,0.0
25.794,1.5,12.8919,0.0,1.0,0.0
9.05767,1.5,88.8329,0.0,1.0,0.0
25.794,1.5,12.8919,0.0,1.0,0.0
0.0,1.5,0.0,0.0,1.0,0.0
0.0,1.5,0.0,0.0,1.0,0.0
25.794,1.5,12.8919,0.0,1.0,0.0
25.6606,1.5,12.6753,0.0,1.0,0.0
0.0,1.5,0.0,0.0,1.0,0.0
25.6606,1.5,12.6753,0.0,1.0,0.0
25.5657,1.5,12.4392,0.0,1.0,0.0
9.7465,1.5,88.5216,0.0,1.0,0.0
27.1272,1.5,13.4946,0.0,1.0,0.0
9.50029,1.5,88.5857,0.0,1.0,0.0
26.8728,1.5,13.4946,0.0,1.0,0.0
9.05767,1.5,88.8329,0.0,1.0,0.0
27.1272,1.5,13.4946,0.0,1.0,0.0
27.1272,1.5,13.4946,0.0,1.0,0.0
9.05767,1.5,88.8329,0.0,1.0,0.0
9.26846,1.5,88.6905,0.0,1.0,0.0
27.1272,1.5,13.4946,0.0,1.0,0.0
9.26846,1.5,88.6905,0.0,1.0,0.0
9.50029,1.5,88.5857,0.0,1.0,0.0
25.5657,1.5,12.4392,0.0,1.0,0.0
25.5121,1.5,12.1905,0.0,1.0,0.0
0.0,1.5,0.0,0.0,1.0,0.0
0.0,1.5,0.0,0.0,1.0,0.0
25.5121,1.5,12.1905,0.0,1.0,0.0
25.5014,1.5,11.9363,0.0,1.0,0.0
0.0,1.5,0.0,0.0,1.0,0.0
25.5014,1.5,11.9363,0.0,1.0,0.0
25.5337,1.5,11.684,0.0,1.0,0.0
80.0,1.5,0.0,0.0,1.0,0.0
61.4663,1.5,9.68398,0.0,1.0,0.0
61.4986,1.5,9.93634,0.0,1.0,0.0
80.0,1.5,0.0,0.0,1.0,0.0
68.7227,1.5,89.2135,0.0,1.0,0.0
68.874,1.5,89.009,0.0,1.0,0.0
69.5003,1.5,88.5857,0.0,1.0,0.0
69.7465,1.5,88.5216,0.0,1.0,0.0
80.0,1.5,0.0,0.0,1.0,0.0
59.622,1.5,11.4516,0.0,1.0,0.0
59.3821,1.5,11.3668,0.0,1.0,0.0
28.4986,1.5,11.9363,0.0,1.0,0.0
28.4986,1.5,11.9363,0.0,1.0,0.0
59.3821,1.5,11.3668,0.0,1.0,0.0
59.16,1.5,11.2428,0.0,1.0,0.0
28.4986,1.5,11.9363,0.0,1.0,0.0
59.16,1.5,11.2428,0.0,1.0,0.0
58.9621,1.5,11.0829,0.0,1.0,0.0
10.0,1.5,88.5,0.0,1.0,0.0
10.2535,1.5,88.5216,0.0,1.0,0.0
27.1272,1.5,13.4946,0.0,1.0,0.0
27.1272,1.5,13.4946,0.0,1.0,0.0
10.2535,1.5,88.5216,0.0,1.0,0.0
10.4997,1.5,88.5857,0.0,1.0,0.0
27.1272,1.5,13.4946,0.0,1.0,0.0
10.4997,1.5,88.5857,0.0,1.0,0.0
10.7315,1.5,88.6905,0.0,1.0,0.0
68.5121,1.5,90.1905,0.0,1.0,0.0
68.5014,1.5,89.9363,0.0,1.0,0.0
61.4986,1.5,9.93634,0.0,1.0,0.0
61.4986,1.5,9.93634,0.0,1.0,0.0
68.5014,1.5,89.9363,0.0,1.0,0.0
68.5337,1.5,89.684,0.0,1.0,0.0
61.4986,1.5,9.93634,0.0,1.0,0.0
68.5337,1.5,89.684,0.0,1.0,0.0
80.0,1.5,0.0,0.0,1.0,0.0
80.0,1.5,0.0,0.0,1.0,0.0
68.5337,1.5,89.684,0.0,1.0,0.0
68.6082,1.5,89.4407,0.0,1.0,0.0
80.0,1.5,0.0,0.0,1.0,0.0
68.6082,1.5,89.4407,0.0,1.0,0.0
68.7227,1.5,89.2135,0.0,1.0,0.0
68.874,1.5,89.009,0.0,1.0,0.0
69.0577,1.5,88.8329,0.0,1.0,0.0
80.0,1.5,0.0,0.0,1.0,0.0
80.0,1.5,0.0,0.0,1.0,0.0
69.0577,1.5,88.8329,0.0,1.0,0.0
69.2685,1.5,88.6905,0.0,1.0,0.0
80.0,1.5,0.0,0.0,1.0,0.0
69.2685,1.5,88.6905,0.0,1.0,0.0
69.5003,1.5,88.5857,0.0,1.0,0.0
70.4997,1.5,88.5857,0.0,1.0,0.0
70.7315,1.5,88.6905,0.0,1.0,0.0
80.0,1.5,0.0,0.0,1.0,0.0
80.0,1.5,0.0,0.0,1.0,0.0
70.7315,1.5,88.6905,0.0,1.0,0.0
70.9423,1.5,88.8329,0.0,1.0,0.0
80.0,1.5,0.0,0.0,1.0,0.0
70.9423,1.5,88.8329,0.0,1.0,0.0
71.126,1.5,89.009,0.0,1.0,0.0
80.0,1.5,0.0,0.0,1.0,0.0
60.9423,1.5,8.83295,0.0,1.0,0.0
61.126,1.5,9.00899,0.0,1.0,0.0
69.7465,1.5,88.5216,0.0,1.0,0.0
70.0,1.5,88.5,0.0,1.0,0.0
80.0,1.5,0.0,0.0,1.0,0.0
80.0,1.5,0.0,0.0,1.0,0.0
70.0,1.5,88.5,0.0,1.0,0.0
70.2535,1.5,88.5216,0.0,1.0,0.0
80.0,1.5,0.0,0.0,1.0,0.0
70.2535,1.5,88.5216,0.0,1.0,0.0
70.4997,1.5,88.5857,0.0,1.0,0.0
58.5014,1.5,9.93634,0.0,1.0,0.0
27.0,1.5,10.5,0.0,1.0,0.0
58.5121,1.5,10.1905,0.0,1.0,0.0
58.5121,1.5,10.1905,0.0,1.0,0.0
27.0,1.5,10.5,0.0,1.0,0.0
27.2535,1.5,10.5216,0.0,1.0,0.0
58.5121,1.5,10.1905,0.0,1.0,0.0
27.2535,1.5,10.5216,0.0,1.0,0.0
27.4997,1.5,10.5857,0.0,1.0,0.0
0.0,1.5,0.0,0.0,1.0,0.0
58.5337,1.5,9.68398,0.0,1.0,0.0
58.6082,1.5,9.44072,0.0,1.0,0.0
58.6082,1.5,9.44072,0.0,1.0,0.0
58.7227,1.5,9.21354,0.0,1.0,0.0
0.0,1.5,0.0,0.0,1.0,0.0
0.0,1.5,0.0,0.0,1.0,0.0
58.7227,1.5,9.21354,0.0,1.0,0.0
58.874,1.5,9.00899,0.0,1.0,0.0
0.0,1.5,0.0,0.0,1.0,0.0
58.874,1.5,9.00899,0.0,1.0,0.0
59.0577,1.5,8.83295,0.0,1.0,0.0
25.874,1.5,11.009,0.0,1.0,0.0
26.0577,1.5,10.8329,0.0,1.0,0.0
0.0,1.5,0.0,0.0,1.0,0.0
0.0,1.5,0.0,0.0,1.0,0.0
26.0577,1.5,10.8329,0.0,1.0,0.0
26.2685,1.5,10.6905,0.0,1.0,0.0
0.0,1.5,0.0,0.0,1.0,0.0
26.2685,1.5,10.6905,0.0,1.0,0.0
26.5003,1.5,10.5857,0.0,1.0,0.0
61.126,1.5,9.00899,0.0,1.0,0.0
61.2773,1.5,9.21354,0.0,1.0,0.0
80.0,1.5,0.0,0.0,1.0,0.0
80.0,1.5,0.0,0.0,1.0,0.0
61.2773,1.5,9.21354,0.0,1.0,0.0
61.3918,1.5,9.44072,0.0,1.0,0.0
80.0,1.5,0.0,0.0,1.0,0.0
61.3918,1.5,9.44072,0.0,1.0,0.0
61.4663,1.5,9.68398,0.0,1.0,0.0
26.5003,1.5,10.5857,0.0,1.0,0.0
26.7465,1.5,10.5216,0.0,1.0,0.0
0.0,1.5,0.0,0.0,1.0,0.0
0.0,1.5,0.0,0.0,1.0,0.0
26.7465,1.5,10.5216,0.0,1.0,0.0
27.0,1.5,10.5,0.0,1.0,0.0
0.0,1.5,0.0,0.0,1.0,0.0
27.0,1.5,10.5,0.0,1.0,0.0
58.5337,1.5,9.68398,0.0,1.0,0.0
58.5337,1.5,9.68398,0.0,1.0,0.0
27.0,1.5,10.5,0.0,1.0,0.0
58.5014,1.5,9.93634,0.0,1.0,0.0
80.0,1.5,0.0,0.0,1.0,0.0
60.0,1.5,8.5,0.0,1.0,0.0
60.2535,1.5,8.52158,0.0,1.0,0.0
59.0577,1.5,8.83295,0.0,1.0,0.0
59.2685,1.5,8.69048,0.0,1.0,0.0
0.0,1.5,0.0,0.0,1.0,0.0
0.0,1.5,0.0,0.0,1.0,0.0
59.2685,1.5,8.69048,0.0,1.0,0.0
59.5003,1.5,8.58568,0.0,1.0,0.0
0.0,1.5,0.0,0.0,1.0,0.0
59.5003,1.5,8.58568,0.0,1.0,0.0
80.0,1.5,0.0,0.0,1.0,0.0
80.0,1.5,0.0,0.0,1.0,0.0
59.5003,1.5,8.58568,0.0,1.0,0.0
59.7465,1.5,8.52158,0.0,1.0,0.0
80.0,1.5,0.0,0.0,1.0,0.0
59.7465,1.5,8.52158,0.0,1.0,0.0
60.0,1.5,8.5,0.0,1.0,0.0
60.2535,1.5,8.52158,0.0,1.0,0.0
60.4997,1.5,8.58568,0.0,1.0,0.0
80.0,1.5,0.0,0.0,1.0,0.0
80.0,1.5,0.0,0.0,1.0,0.0
60.4997,1.5,8.58568,0.0,1.0,0.0
60.7315,1.5,8.69048,0.0,1.0,0.0
80.0,1.5,0.0,0.0,1.0,0.0
60.7315,1.5,8.69048,0.0,1.0,0.0
60.9423,1.5,8.83295,0.0,1.0,0.0
