-1.08,-1.541976e-17,0.0,0.0,0.0,-1.0
0.8388437,-0.1260018,0.0,0.0,0.0,-1.0
-0.8388437,-0.1260018,0.0,0.0,0.0,-1.0
-0.8388437,-0.1260018,0.4,0.0,-1.0,0.0
-0.8388437,-0.1260018,0.0,0.0,-1.0,0.0
0.8388437,-0.1260018,0.0,0.0,-1.0,0.0
-0.9077591,-0.2302636,0.0,0.0,0.0,-1.0
-0.8388437,-0.1260018,0.0,0.0,0.0,-1.0
-1.032885e-16,-0.5662817,0.0,0.0,0.0,-1.0
-4.624138e-17,-0.5662817,0.4,0.4647404,0.885447,-6.628029e-17
-1.032885e-16,-0.5662817,0.0,0.4647404,0.885447,-6.628029e-17
-0.8388437,-0.1260018,0.0,0.4647404,0.885447,-6.628029e-17
-1.08,-1.541976e-17,0.0,0.0,0.0,-1.0
-0.8388437,-0.1260018,0.0,0.0,0.0,-1.0
-0.9077591,-0.2302636,0.0,0.0,0.0,-1.0
-4.624138e-17,-0.5662817,0.4,0.4647404,0.885447,0.0
-0.8388437,-0.1260018,0.0,0.4647404,0.885447,0.0
-0.8388437,-0.1260018,0.4,0.4647404,0.885447,0.0
0.9077591,-0.2302636,0.0,0.0,0.0,-1.0
-1.032885e-16,-0.5662817,0.0,0.0,0.0,-1.0
0.8388437,-0.1260018,0.0,0.0,0.0,-1.0
0.8388437,-0.1260018,0.4,-0.4647404,0.885447,0.0
0.8388437,-0.1260018,0.0,-0.4647404,0.885447,0.0
-1.032885e-16,-0.5662817,0.0,-0.4647404,0.885447,0.0
1.08,-1.541976e-17,0.0,0.0,0.0,-1.0
0.9077591,-0.2302636,0.0,0.0,0.0,-1.0
0.8388437,-0.1260018,0.0,0.0,0.0,-1.0
-1.08,-1.541976e-17,0.0,0.0,0.0,-1.0
1.08,-1.541976e-17,0.0,0.0,0.0,-1.0
0.8388437,-0.1260018,0.0,0.0,0.0,-1.0
0.8388437,-0.1260018,0.4,0.0,-1.0,0.0
-0.8388437,-0.1260018,0.4,0.0,-1.0,0.0
0.8388437,-0.1260018,0.0,0.0,-1.0,0.0
0.1602663,-0.6225966,0.0,0.0,0.0,-1.0
-1.032885e-16,-0.5662817,0.0,0.0,0.0,-1.0
0.9077591,-0.2302636,0.0,0.0,0.0,-1.0
-0.1602663,-0.6225966,0.0,0.0,0.0,-1.0
-1.032885e-16,-0.5662817,0.0,0.0,0.0,-1.0
0.1602663,-0.6225966,0.0,0.0,0.0,-1.0
-0.1602663,-0.6225966,0.0,0.0,0.0,-1.0
-0.9077591,-0.2302636,0.0,0.0,0.0,-1.0
-1.032885e-16,-0.5662817,0.0,0.0,0.0,-1.0
0.8388437,-0.1260018,0.4,-0.4647404,0.885447,1.464879e-16
-1.032885e-16,-0.5662817,0.0,-0.4647404,0.885447,1.464879e-16
-4.624138e-17,-0.5662817,0.4,-0.4647404,0.885447,1.464879e-16
0.5328593,-2.011794,0.0,0.0,0.0,-1.0
0.7207318,-0.9179485,0.0,0.0,0.0,-1.0
0.9077591,-0.2302636,0.0,0.0,0.0,-1.0
0.9077591,-0.2302636,0.4,-0.9649499,0.2624341,-3.642004e-17
0.9077591,-0.2302636,0.0,-0.9649499,0.2624341,-3.642004e-17
0.7207318,-0.9179485,0.0,-0.9649499,0.2624341,-3.642004e-17
0.1602663,-0.6225966,0.4,0.4647404,-0.885447,0.0
0.1602663,-0.6225966,0.0,0.4647404,-0.885447,0.0
0.9077591,-0.2302636,0.0,0.4647404,-0.885447,0.0
1.08,-1.541976e-17,0.0,0.0,0.0,-1.0
0.5328593,-2.011794,0.0,0.0,0.0,-1.0
0.9077591,-0.2302636,0.0,0.0,0.0,-1.0
0.1602663,-0.6225966,0.4,0.4647404,-0.885447,0.0
0.9077591,-0.2302636,0.0,0.4647404,-0.885447,0.0
0.9077591,-0.2302636,0.4,0.4647404,-0.885447,0.0
-0.1602663,-0.6225966,0.0,0.0,0.0,-1.0
0.1602663,-0.6225966,0.0,0.0,0.0,-1.0
0.7207318,-0.9179485,0.0,0.0,0.0,-1.0
0.7207318,-0.9179485,0.4,0.4662037,0.8846774,0.0
0.7207318,-0.9179485,0.0,0.4662037,0.8846774,0.0
0.1602663,-0.6225966,0.0,0.4662037,0.8846774,0.0
-2.791755e-17,-0.6942701,0.0,0.0,0.0,-1.0
0.7207318,-0.9179485,0.0,0.0,0.0,-1.0
0.5733992,-0.9964376,0.0,0.0,0.0,-1.0
0.6734146,-1.09193,0.0,0.0,0.0,-1.0
0.5733992,-0.9964376,0.0,0.0,0.0,-1.0
0.7207318,-0.9179485,0.0,0.0,0.0,-1.0
-0.1602663,-0.6225966,0.0,0.0,0.0,-1.0
0.7207318,-0.9179485,0.0,0.0,0.0,-1.0
-2.791755e-17,-0.6942701,0.0,0.0,0.0,-1.0
0.6734146,-1.09193,0.0,0.0,0.0,-1.0
0.7207318,-0.9179485,0.0,0.0,0.0,-1.0
0.5328593,-2.011794,0.0,0.0,0.0,-1.0
0.7207318,-0.9179485,0.4,-0.9649499,0.2624341,0.0
0.9077591,-0.2302636,0.4,-0.9649499,0.2624341,0.0
0.7207318,-0.9179485,0.0,-0.9649499,0.2624341,0.0
0.7207318,-0.9179485,0.4,0.4662037,0.8846774,0.0
0.1602663,-0.6225966,0.0,0.4662037,0.8846774,0.0
0.1602663,-0.6225966,0.4,0.4662037,0.8846774,0.0
0.6734146,-1.09193,0.0,0.0,0.0,-1.0
-0.5733992,-0.9964376,0.0,0.0,0.0,-1.0
0.5733992,-0.9964376,0.0,0.0,0.0,-1.0
0.5733992,-0.9964376,0.4,0.0,1.0,0.0
0.5733992,-0.9964376,0.0,0.0,1.0,0.0
-0.5733992,-0.9964376,0.0,0.0,1.0,0.0
2.462048e-17,-0.6942701,0.4,-0.4662037,-0.8846774,6.123356e-17
-2.791755e-17,-0.6942701,0.0,-0.4662037,-0.8846774,6.123356e-17
0.5733992,-0.9964376,0.0,-0.4662037,-0.8846774,6.123356e-17
2.462048e-17,-0.6942701,0.4,-0.4662037,-0.8846774,1.070577e-16
0.5733992,-0.9964376,0.0,-0.4662037,-0.8846774,1.070577e-16
0.5733992,-0.9964376,0.4,-0.4662037,-0.8846774,1.070577e-16
-0.7207318,-0.9179485,0.0,0.0,0.0,-1.0
-2.791755e-17,-0.6942701,0.0,0.0,0.0,-1.0
-0.5733992,-0.9964376,0.0,0.0,0.0,-1.0
-0.5733992,-0.9964376,0.4,0.4662037,-0.8846774,2.58795e-16
-0.5733992,-0.9964376,0.0,0.4662037,-0.8846774,2.58795e-16
-2.791755e-17,-0.6942701,0.0,0.4662037,-0.8846774,2.58795e-16
-0.6734146,-1.09193,0.0,0.0,0.0,-1.0
-0.7207318,-0.9179485,0.0,0.0,0.0,-1.0
-0.5733992,-0.9964376,0.0,0.0,0.0,-1.0
-0.05313589,-1.09193,0.0,0.0,0.0,-1.0
-0.6734146,-1.09193,0.0,0.0,0.0,-1.0
-0.5733992,-0.9964376,0.0,0.0,0.0,-1.0
0.05313589,-1.09193,0.0,0.0,0.0,-1.0
-0.05313589,-1.09193,0.0,0.0,0.0,-1.0
-0.5733992,-0.9964376,0.0,0.0,0.0,-1.0
0.6734146,-1.09193,0.0,0.0,0.0,-1.0
0.05313589,-1.09193,0.0,0.0,0.0,-1.0
-0.5733992,-0.9964376,0.0,0.0,0.0,-1.0
-0.5733992,-0.9964376,0.4,0.0,1.0,0.0
0.5733992,-0.9964376,0.4,0.0,1.0,0.0
-0.5733992,-0.9964376,0.0,0.0,1.0,0.0
-0.7207318,-0.9179485,0.0,0.0,0.0,-1.0
-0.1602663,-0.6225966,0.0,0.0,0.0,-1.0
-2.791755e-17,-0.6942701,0.0,0.0,0.0,-1.0
-0.5733992,-0.9964376,0.4,0.4662037,-0.8846774,0.0
-2.791755e-17,-0.6942701,0.0,0.4662037,-0.8846774,0.0
2.462048e-17,-0.6942701,0.4,0.4662037,-0.8846774,0.0
-0.9077591,-0.2302636,0.4,-0.4647404,-0.885447,0.0
-0.9077591,-0.2302636,0.0,-0.4647404,-0.885447,0.0
-0.1602663,-0.6225966,0.0,-0.4647404,-0.885447,0.0
-1.08,-1.541976e-17,0.0,0.0,0.0,-1.0
-0.9077591,-0.2302636,0.0,0.0,0.0,-1.0
-0.7207318,-0.9179485,0.0,0.0,0.0,-1.0
-0.7207318,-0.9179485,0.4,0.9649499,0.2624341,-7.284009e-17
-0.7207318,-0.9179485,0.0,0.9649499,0.2624341,-7.284009e-17
-0.9077591,-0.2302636,0.0,0.9649499,0.2624341,-7.284009e-17
-0.7207318,-0.9179485,0.4,0.9649499,0.2624341,0.0
-0.9077591,-0.2302636,0.0,0.9649499,0.2624341,0.0
-0.9077591,-0.2302636,0.4,0.9649499,0.2624341,0.0
-0.1602663,-0.6225966,0.4,-0.4662037,0.8846774,3.234938e-17
-0.1602663,-0.6225966,0.0,-0.4662037,0.8846774,3.234938e-17
-0.7207318,-0.9179485,0.0,-0.4662037,0.8846774,3.234938e-17
-0.1602663,-0.6225966,0.4,-0.4647404,-0.885447,3.224784e-17
-0.9077591,-0.2302636,0.4,-0.4647404,-0.885447,3.224784e-17
-0.1602663,-0.6225966,0.0,-0.4647404,-0.885447,3.224784e-17
-0.6734146,-1.09193,0.0,0.0,0.0,-1.0
-1.08,-1.541976e-17,0.0,0.0,0.0,-1.0
-0.7207318,-0.9179485,0.0,0.0,0.0,-1.0
-0.1602663,-0.6225966,0.4,-0.4662037,0.8846774,-2.190565e-16
-0.7207318,-0.9179485,0.0,-0.4662037,0.8846774,-2.190565e-16
-0.7207318,-0.9179485,0.4,-0.4662037,0.8846774,-2.190565e-16
-0.23,-2.011794,0.0,0.0,0.0,-1.0
-0.4512526,-1.908803,0.0,0.0,0.0,-1.0
-0.13,-1.908803,0.0,0.0,0.0,-1.0
-0.4512526,-1.908803,0.4,0.0,1.0,0.0
-0.13,-1.908803,0.0,0.0,1.0,0.0
-0.4512526,-1.908803,0.0,0.0,1.0,0.0
-0.23,-2.011794,0.0,0.0,0.0,-1.0
-0.13,-1.908803,0.0,0.0,0.0,-1.0
-0.13,-2.385711,0.0,0.0,0.0,-1.0
-0.13,-2.220637,0.1261016,1.0,0.0,0.0
-0.13,-2.385711,0.0,1.0,0.0,0.0
-0.13,-1.908803,0.0,1.0,0.0,0.0
-0.4512526,-1.908803,0.4,0.0,1.0,0.0
-0.13,-1.908803,0.4,0.0,1.0,0.0
-0.13,-1.908803,0.0,0.0,1.0,0.0
-0.13,-2.133457,0.2565843,1.0,0.0,0.0
-0.13,-1.908803,0.0,1.0,0.0,0.0
-0.13,-1.908803,0.4,1.0,0.0,0.0
-0.13,-2.19,0.1200124,1.0,0.0,0.0
-0.13,-2.220637,0.1261016,1.0,0.0,0.0
-0.13,-1.908803,0.0,1.0,0.0,0.0
-0.13,-2.159363,0.1261016,1.0,0.0,0.0
-0.13,-2.19,0.1200124,1.0,0.0,0.0
-0.13,-1.908803,0.0,1.0,0.0,0.0
-0.13,-2.133457,0.1434157,1.0,0.0,0.0
-0.13,-2.159363,0.1261016,1.0,0.0,0.0
-0.13,-1.908803,0.0,1.0,0.0,0.0
-0.13,-2.116093,0.1694064,1.0,0.0,0.0
-0.13,-2.133457,0.1434157,1.0,0.0,0.0
-0.13,-1.908803,0.0,1.0,0.0,0.0
-0.13,-2.11,0.2,1.0,0.0,0.0
-0.13,-2.116093,0.1694064,1.0,0.0,0.0
-0.13,-1.908803,0.0,1.0,0.0,0.0
-0.13,-2.116093,0.2305936,1.0,0.0,0.0
-0.13,-2.11,0.2,1.0,0.0,0.0
-0.13,-1.908803,0.0,1.0,0.0,0.0
-0.13,-2.133457,0.2565843,1.0,0.0,0.0
-0.13,-2.116093,0.2305936,1.0,0.0,0.0
-0.13,-1.908803,0.0,1.0,0.0,0.0
-1.08,-1.541976e-17,0.0,0.0,0.0,-1.0
-0.542811,-1.57215,0.0,0.0,0.0,-1.0
-0.4512526,-1.908803,0.0,0.0,0.0,-1.0
-0.542811,-1.57215,0.4,0.9649499,0.2624341,0.0
-0.4512526,-1.908803,0.0,0.9649499,0.2624341,0.0
-0.542811,-1.57215,0.0,0.9649499,0.2624341,0.0
-0.5328593,-2.011794,0.0,0.0,0.0,-1.0
-1.08,-1.541976e-17,0.0,0.0,0.0,-1.0
-0.4512526,-1.908803,0.0,0.0,0.0,-1.0
-0.23,-2.011794,0.0,0.0,0.0,-1.0
-0.5328593,-2.011794,0.0,0.0,0.0,-1.0
-0.4512526,-1.908803,0.0,0.0,0.0,-1.0
-0.4512526,-1.908803,0.4,0.9649499,0.2624341,0.0
-0.4512526,-1.908803,0.0,0.9649499,0.2624341,0.0
-0.542811,-1.57215,0.4,0.9649499,0.2624341,0.0
-0.5691497,-1.475304,0.0,0.0,0.0,-1.0
0.542811,-1.57215,0.0,0.0,0.0,-1.0
-0.542811,-1.57215,0.0,0.0,0.0,-1.0
-0.542811,-1.57215,0.4,0.0,-1.0,0.0
-0.542811,-1.57215,0.0,0.0,-1.0,0.0
0.542811,-1.57215,0.0,0.0,-1.0,0.0
-0.5691497,-1.475304,0.0,0.0,0.0,-1.0
-0.542811,-1.57215,0.0,0.0,0.0,-1.0
-1.08,-1.541976e-17,0.0,0.0,0.0,-1.0
0.5328593,-2.011794,0.0,0.0,0.0,-1.0
0.4512526,-1.908803,0.0,0.0,0.0,-1.0
0.542811,-1.57215,0.0,0.0,0.0,-1.0
0.4512526,-1.908803,0.4,-0.9649499,0.2624341,0.0
0.542811,-1.57215,0.0,-0.9649499,0.2624341,0.0
0.4512526,-1.908803,0.0,-0.9649499,0.2624341,0.0
0.5691497,-1.475304,0.0,0.0,0.0,-1.0
0.5328593,-2.011794,0.0,0.0,0.0,-1.0
0.542811,-1.57215,0.0,0.0,0.0,-1.0
-0.5691497,-1.475304,0.0,0.0,0.0,-1.0
-0.05313589,-1.475304,0.0,0.0,0.0,-1.0
0.542811,-1.57215,0.0,0.0,0.0,-1.0
0.05313589,-1.475304,0.0,0.0,0.0,-1.0
0.542811,-1.57215,0.0,0.0,0.0,-1.0
-0.05313589,-1.475304,0.0,0.0,0.0,-1.0
0.5691497,-1.475304,0.0,0.0,0.0,-1.0
0.542811,-1.57215,0.0,0.0,0.0,-1.0
0.05313589,-1.475304,0.0,0.0,0.0,-1.0
0.542811,-1.57215,0.4,-0.9649499,0.2624341,0.0
0.542811,-1.57215,0.0,-0.9649499,0.2624341,0.0
0.4512526,-1.908803,0.4,-0.9649499,0.2624341,0.0
-0.542811,-1.57215,0.4,0.0,-1.0,0.0
0.542811,-1.57215,0.0,0.0,-1.0,0.0
0.542811,-1.57215,0.4,0.0,-1.0,0.0
0.5328593,-2.011794,0.0,0.0,0.0,-1.0
0.13,-1.908803,0.0,0.0,0.0,-1.0
0.4512526,-1.908803,0.0,0.0,0.0,-1.0
0.13,-1.908803,0.4,0.0,1.0,0.0
0.4512526,-1.908803,0.0,0.0,1.0,0.0
0.13,-1.908803,0.0,0.0,1.0,0.0
0.4512526,-1.908803,0.4,0.0,1.0,0.0
0.4512526,-1.908803,0.0,0.0,1.0,0.0
0.13,-1.908803,0.4,0.0,1.0,0.0
0.23,-2.385711,0.0,0.0,0.0,-1.0
0.13,-2.385711,0.0,0.0,0.0,-1.0
0.13,-1.908803,0.0,0.0,0.0,-1.0
0.13,-2.159363,0.1261016,-1.0,0.0,-4.402098e-16
0.13,-1.908803,0.0,-1.0,0.0,-4.402098e-16
0.13,-2.385711,0.0,-1.0,0.0,-4.402098e-16
0.23,-2.011794,0.0,0.0,0.0,-1.0
0.23,-2.385711,0.0,0.0,0.0,-1.0
0.13,-1.908803,0.0,0.0,0.0,-1.0
0.5328593,-2.011794,0.0,0.0,0.0,-1.0
0.23,-2.011794,0.0,0.0,0.0,-1.0
0.13,-1.908803,0.0,0.0,0.0,-1.0
0.13,-2.133457,0.1434157,-1.0,2.470961e-16,0.0
0.13,-1.908803,0.4,-1.0,2.470961e-16,0.0
0.13,-1.908803,0.0,-1.0,2.470961e-16,0.0
0.13,-2.159363,0.1261016,-1.0,1.263816e-16,-1.890938e-16
0.13,-2.133457,0.1434157,-1.0,1.263816e-16,-1.890938e-16
0.13,-1.908803,0.0,-1.0,1.263816e-16,-1.890938e-16
0.43,-2.39,0.0,0.0,0.0,-1.0
-0.13,-2.385711,0.0,0.0,0.0,-1.0
0.13,-2.385711,0.0,0.0,0.0,-1.0
-0.13,-2.385711,0.4,0.0,1.0,0.0
0.13,-2.385711,0.0,0.0,1.0,0.0
-0.13,-2.385711,0.0,0.0,1.0,0.0
0.23,-2.385711,0.0,0.0,0.0,-1.0
0.43,-2.39,0.0,0.0,0.0,-1.0
0.13,-2.385711,0.0,0.0,0.0,-1.0
0.13,-2.385711,0.4,0.0,1.0,0.0
0.13,-2.385711,0.0,0.0,1.0,0.0
-0.13,-2.385711,0.4,0.0,1.0,0.0
0.13,-2.263907,0.2305936,-1.0,-1.930147e-16,-1.387779e-16
0.13,-2.385711,0.0,-1.0,-1.930147e-16,-1.387779e-16
0.13,-2.385711,0.4,-1.0,-1.930147e-16,-1.387779e-16
0.13,-2.263907,0.2305936,-1.0,-7.315552e-16,1.456885e-16
0.13,-2.27,0.2,-1.0,-7.315552e-16,1.456885e-16
0.13,-2.385711,0.0,-1.0,-7.315552e-16,1.456885e-16
0.13,-2.263907,0.1694064,-1.0,-3.568916e-16,-7.107463e-17
0.13,-2.385711,0.0,-1.0,-3.568916e-16,-7.107463e-17
0.13,-2.27,0.2,-1.0,-3.568916e-16,-7.107463e-17
0.13,-2.19,0.1200124,-1.0,1.360159e-16,-6.843538e-16
0.13,-2.159363,0.1261016,-1.0,1.360159e-16,-6.843538e-16
0.13,-2.385711,0.0,-1.0,1.360159e-16,-6.843538e-16
0.13,-2.220637,0.1261016,-1.0,-6.942849e-17,-3.493243e-16
0.13,-2.19,0.1200124,-1.0,-6.942849e-17,-3.493243e-16
0.13,-2.385711,0.0,-1.0,-6.942849e-17,-3.493243e-16
0.13,-2.246543,0.1434157,-1.0,-1.569227e-16,-2.347898e-16
0.13,-2.220637,0.1261016,-1.0,-1.569227e-16,-2.347898e-16
0.13,-2.385711,0.0,-1.0,-1.569227e-16,-2.347898e-16
0.13,-2.263907,0.1694064,-1.0,-2.362339e-16,-1.578277e-16
0.13,-2.246543,0.1434157,-1.0,-2.362339e-16,-1.578277e-16
0.13,-2.385711,0.0,-1.0,-2.362339e-16,-1.578277e-16
-0.23,-2.385711,0.0,0.0,0.0,-1.0
-0.13,-2.385711,0.0,0.0,0.0,-1.0
0.43,-2.39,0.0,0.0,0.0,-1.0
-0.23,-2.385711,0.0,0.0,0.0,-1.0
-0.23,-2.011794,0.0,0.0,0.0,-1.0
-0.13,-2.385711,0.0,0.0,0.0,-1.0
-0.13,-2.263907,0.1694064,1.0,0.0,0.0
-0.13,-2.385711,0.4,1.0,0.0,0.0
-0.13,-2.385711,0.0,1.0,0.0,0.0
-0.13,-2.246543,0.1434157,1.0,0.0,0.0
-0.13,-2.263907,0.1694064,1.0,0.0,0.0
-0.13,-2.385711,0.0,1.0,0.0,0.0
-0.13,-2.220637,0.1261016,1.0,0.0,0.0
-0.13,-2.246543,0.1434157,1.0,0.0,0.0
-0.13,-2.385711,0.0,1.0,0.0,0.0
0.43,-2.39,0.0,0.0,0.0,-1.0
-0.43,-2.39,0.0,0.0,0.0,-1.0
-0.43,-2.385711,0.0,0.0,0.0,-1.0
-0.43,-2.48282,0.05358984,-1.0,0.0,0.0
-0.43,-2.385711,0.0,-1.0,0.0,0.0
-0.43,-2.39,0.0,-1.0,0.0,0.0
-0.23,-2.385711,0.0,0.0,0.0,-1.0
0.43,-2.39,0.0,0.0,0.0,-1.0
-0.43,-2.385711,0.0,0.0,0.0,-1.0
-0.43,-2.385711,0.4,0.0,1.0,0.0
-0.23,-2.385711,0.0,0.0,1.0,0.0
-0.43,-2.385711,0.0,0.0,1.0,0.0
-0.43,-2.385711,0.4,-1.0,0.0,0.0
-0.43,-2.385711,0.0,-1.0,0.0,0.0
-0.43,-2.39,0.4,-1.0,0.0,0.0
-0.43,-2.48282,0.05358984,-1.0,0.0,0.0
-0.43,-2.39,0.4,-1.0,0.0,0.0
-0.43,-2.385711,0.0,-1.0,0.0,0.0
-0.43,-2.48282,0.05358984,0.0,-0.5,-0.8660254
-0.43,-2.39,0.0,0.0,-0.5,-0.8660254
0.43,-2.39,0.0,0.0,-0.5,-0.8660254
0.23,-2.385711,0.0,0.0,0.0,-1.0
0.43,-2.385711,0.0,0.0,0.0,-1.0
0.43,-2.39,0.0,0.0,0.0,-1.0
0.43,-2.385711,0.4,1.0,0.0,1.387779e-16
0.43,-2.39,0.0,1.0,0.0,1.387779e-16
0.43,-2.385711,0.0,1.0,0.0,1.387779e-16
0.43,-2.48282,0.05358984,1.0,-5.147394e-16,1.442974e-16
0.43,-2.39,0.0,1.0,-5.147394e-16,1.442974e-16
0.43,-2.385711,0.4,1.0,-5.147394e-16,1.442974e-16
-0.43,-2.48282,0.05358984,-2.721664e-16,-0.5,-0.8660254
0.43,-2.39,0.0,-2.721664e-16,-0.5,-0.8660254
0.43,-2.48282,0.05358984,-2.721664e-16,-0.5,-0.8660254
0.23,-2.385711,0.4,0.0,1.0,0.0
0.43,-2.385711,0.0,0.0,1.0,0.0
0.23,-2.385711,0.0,0.0,1.0,0.0
0.43,-2.385711,0.4,0.0,1.0,0.0
0.43,-2.385711,0.0,0.0,1.0,0.0
0.23,-2.385711,0.4,0.0,1.0,0.0
0.23,-2.159363,0.1261016,1.0,0.0,2.201049e-16
0.23,-2.385711,0.0,1.0,0.0,2.201049e-16
0.23,-2.011794,0.0,1.0,0.0,2.201049e-16
0.23,-2.263907,0.2305936,1.0,-3.485705e-17,1.387779e-16
0.23,-2.385711,0.4,1.0,-3.485705e-17,1.387779e-16
0.23,-2.385711,0.0,1.0,-3.485705e-17,1.387779e-16
0.23,-2.263907,0.1694064,1.0,1.784458e-16,3.553731e-17
0.23,-2.27,0.2,1.0,1.784458e-16,3.553731e-17
0.23,-2.385711,0.0,1.0,1.784458e-16,3.553731e-17
0.23,-2.263907,0.2305936,1.0,3.657776e-16,-7.284426e-17
0.23,-2.385711,0.0,1.0,3.657776e-16,-7.284426e-17
0.23,-2.27,0.2,1.0,3.657776e-16,-7.284426e-17
0.23,-2.246543,0.1434157,1.0,1.18117e-16,7.891386e-17
0.23,-2.263907,0.1694064,1.0,1.18117e-16,7.891386e-17
0.23,-2.385711,0.0,1.0,1.18117e-16,7.891386e-17
0.23,-2.220637,0.1261016,1.0,7.846136e-17,1.173949e-16
0.23,-2.246543,0.1434157,1.0,7.846136e-17,1.173949e-16
0.23,-2.385711,0.0,1.0,7.846136e-17,1.173949e-16
0.23,-2.19,0.1200124,1.0,3.471425e-17,1.746621e-16
0.23,-2.220637,0.1261016,1.0,3.471425e-17,1.746621e-16
0.23,-2.385711,0.0,1.0,3.471425e-17,1.746621e-16
0.23,-2.159363,0.1261016,1.0,-6.800794e-17,3.421769e-16
0.23,-2.19,0.1200124,1.0,-6.800794e-17,3.421769e-16
0.23,-2.385711,0.0,1.0,-6.800794e-17,3.421769e-16
0.5328593,-2.011794,0.4,0.0,-1.0,0.0
0.23,-2.011794,0.0,0.0,-1.0,0.0
0.5328593,-2.011794,0.0,0.0,-1.0,0.0
0.23,-2.011794,0.4,0.0,-1.0,0.0
0.23,-2.011794,0.0,0.0,-1.0,0.0
0.5328593,-2.011794,0.4,0.0,-1.0,0.0
0.23,-2.116093,0.1694064,1.0,-4.070736e-17,1.387779e-16
0.23,-2.011794,0.0,1.0,-4.070736e-17,1.387779e-16
0.23,-2.011794,0.4,1.0,-4.070736e-17,1.387779e-16
0.23,-2.133457,0.1434157,1.0,-8.254613e-17,1.235066e-16
0.23,-2.159363,0.1261016,1.0,-8.254613e-17,1.235066e-16
0.23,-2.011794,0.0,1.0,-8.254613e-17,1.235066e-16
0.23,-2.116093,0.1694064,1.0,-1.276244e-16,8.526574e-17
0.23,-2.133457,0.1434157,1.0,-1.276244e-16,8.526574e-17
0.23,-2.011794,0.0,1.0,-1.276244e-16,8.526574e-17
0.5328593,-2.011794,0.4,0.9649499,-0.2624341,0.0
0.5328593,-2.011794,0.0,0.9649499,-0.2624341,0.0
1.08,-1.541976e-17,0.0,0.9649499,-0.2624341,0.0
0.5691497,-1.475304,0.0,0.0,0.0,-1.0
0.6734146,-1.09193,0.0,0.0,0.0,-1.0
0.5328593,-2.011794,0.0,0.0,0.0,-1.0
1.08,0.2,0.09,0.0,0.4103647,-0.9119215
1.08,-1.541976e-17,0.0,0.0,0.4103647,-0.9119215
-1.08,-1.541976e-17,0.0,0.0,0.4103647,-0.9119215
0.5328593,-2.011794,0.4,0.9649499,-0.2624341,0.0
1.08,-1.541976e-17,0.0,0.9649499,-0.2624341,0.0
1.08,-2.775558e-17,0.4,0.9649499,-0.2624341,0.0
1.08,0.09836667,0.2420749,1.0,0.0,0.0
1.08,-2.775558e-17,0.4,1.0,0.0,0.0
1.08,-1.541976e-17,0.0,1.0,0.0,0.0
1.08,0.1578937,0.09838619,1.0,0.0,0.0
1.08,-1.541976e-17,0.0,1.0,0.0,0.0
1.08,0.2,0.09,1.0,0.0,0.0
1.08,0.09000875,0.2,1.0,0.0,0.0
1.08,0.09836667,0.2420749,1.0,0.0,0.0
1.08,-1.541976e-17,0.0,1.0,0.0,0.0
1.08,0.09836667,0.1579251,1.0,0.0,0.0
1.08,0.09000875,0.2,1.0,0.0,0.0
1.08,-1.541976e-17,0.0,1.0,0.0,0.0
1.08,0.1222389,0.1222045,1.0,0.0,0.0
1.08,0.09836667,0.1579251,1.0,0.0,0.0
1.08,-1.541976e-17,0.0,1.0,0.0,0.0
1.08,0.1578937,0.09838619,1.0,0.0,0.0
1.08,0.1222389,0.1222045,1.0,0.0,0.0
1.08,-1.541976e-17,0.0,1.0,0.0,0.0
-1.08,-2.775558e-17,0.4,-0.9649499,-0.2624341,-8.093343e-18
-1.08,-1.541976e-17,0.0,-0.9649499,-0.2624341,-8.093343e-18
-0.5328593,-2.011794,0.0,-0.9649499,-0.2624341,-8.093343e-18
-0.5691497,-1.475304,0.0,0.0,0.0,-1.0
-1.08,-1.541976e-17,0.0,0.0,0.0,-1.0
-0.6734146,-1.09193,0.0,0.0,0.0,-1.0
-1.08,0.09836667,0.1579251,-1.0,0.0,0.0
-1.08,-1.541976e-17,0.0,-1.0,0.0,0.0
-1.08,-2.775558e-17,0.4,-1.0,0.0,0.0
1.08,0.2,0.09,0.0,0.4103647,-0.9119215
-1.08,-1.541976e-17,0.0,0.0,0.4103647,-0.9119215
-1.08,0.2,0.09,0.0,0.4103647,-0.9119215
-1.08,0.1578937,0.09838619,-1.0,0.0,0.0
-1.08,0.2,0.09,-1.0,0.0,0.0
-1.08,-1.541976e-17,0.0,-1.0,0.0,0.0
-1.08,0.1222389,0.1222045,-1.0,0.0,0.0
-1.08,0.1578937,0.09838619,-1.0,0.0,0.0
-1.08,-1.541976e-17,0.0,-1.0,0.0,0.0
-1.08,0.09836667,0.1579251,-1.0,0.0,0.0
-1.08,0.1222389,0.1222045,-1.0,0.0,0.0
-1.08,-1.541976e-17,0.0,-1.0,0.0,0.0
-0.23,-2.011794,0.4,0.0,-1.0,0.0
-0.5328593,-2.011794,0.0,0.0,-1.0,0.0
-0.23,-2.011794,0.0,0.0,-1.0,0.0
-0.5328593,-2.011794,0.4,0.0,-1.0,0.0
-0.5328593,-2.011794,0.0,0.0,-1.0,0.0
-0.23,-2.011794,0.4,0.0,-1.0,0.0
-1.08,-2.775558e-17,0.4,-0.9649499,-0.2624341,0.0
-0.5328593,-2.011794,0.0,-0.9649499,-0.2624341,0.0
-0.5328593,-2.011794,0.4,-0.9649499,-0.2624341,0.0
-0.23,-2.220637,0.1261016,-1.0,0.0,0.0
-0.23,-2.011794,0.0,-1.0,0.0,0.0
-0.23,-2.385711,0.0,-1.0,0.0,0.0
-0.23,-2.116093,0.2305936,-1.0,1.534122e-16,6.938894e-17
-0.23,-2.011794,0.4,-1.0,1.534122e-16,6.938894e-17
-0.23,-2.011794,0.0,-1.0,1.534122e-16,6.938894e-17
-0.23,-2.11,0.2,-1.0,0.0,0.0
-0.23,-2.116093,0.2305936,-1.0,0.0,0.0
-0.23,-2.011794,0.0,-1.0,0.0,0.0
-0.23,-2.116093,0.1694064,-1.0,0.0,0.0
-0.23,-2.11,0.2,-1.0,0.0,0.0
-0.23,-2.011794,0.0,-1.0,0.0,0.0
-0.23,-2.133457,0.1434157,-1.0,0.0,0.0
-0.23,-2.116093,0.1694064,-1.0,0.0,0.0
-0.23,-2.011794,0.0,-1.0,0.0,0.0
-0.23,-2.159363,0.1261016,-1.0,0.0,0.0
-0.23,-2.133457,0.1434157,-1.0,0.0,0.0
-0.23,-2.011794,0.0,-1.0,0.0,0.0
-0.23,-2.19,0.1200124,-1.0,0.0,0.0
-0.23,-2.159363,0.1261016,-1.0,0.0,0.0
-0.23,-2.011794,0.0,-1.0,0.0,0.0
-0.23,-2.220637,0.1261016,-1.0,0.0,0.0
-0.23,-2.19,0.1200124,-1.0,0.0,0.0
-0.23,-2.011794,0.0,-1.0,0.0,0.0
-0.23,-2.385711,0.4,0.0,1.0,0.0
-0.23,-2.385711,0.0,0.0,1.0,0.0
-0.43,-2.385711,0.4,0.0,1.0,0.0
-0.23,-2.263907,0.1694064,-1.0,-9.650734e-17,6.938894e-17
-0.23,-2.385711,0.0,-1.0,-9.650734e-17,6.938894e-17
-0.23,-2.385711,0.4,-1.0,-9.650734e-17,6.938894e-17
-0.23,-2.246543,0.1434157,-1.0,0.0,0.0
-0.23,-2.220637,0.1261016,-1.0,0.0,0.0
-0.23,-2.385711,0.0,-1.0,0.0,0.0
-0.23,-2.263907,0.1694064,-1.0,0.0,0.0
-0.23,-2.246543,0.1434157,-1.0,0.0,0.0
-0.23,-2.385711,0.0,-1.0,0.0,0.0
-0.6734146,-1.09193,0.4,0.0,-1.0,0.0
-0.6734146,-1.09193,0.0,0.0,-1.0,0.0
-0.05313589,-1.09193,0.0,0.0,-1.0,0.0
-0.6734146,-1.09193,0.4,0.9649499,0.2624341,0.0
-0.5691497,-1.475304,0.0,0.9649499,0.2624341,0.0
-0.6734146,-1.09193,0.0,0.9649499,0.2624341,0.0
0.05313589,-1.475304,0.0,0.0,0.0,-1.0
-0.05313589,-1.475304,0.0,0.0,0.0,-1.0
-0.05313589,-1.09193,0.0,0.0,0.0,-1.0
-0.05313589,-1.475304,0.4,-1.0,0.0,0.0
-0.05313589,-1.09193,0.0,-1.0,0.0,0.0
-0.05313589,-1.475304,0.0,-1.0,0.0,0.0
0.05313589,-1.09193,0.0,0.0,0.0,-1.0
0.05313589,-1.475304,0.0,0.0,0.0,-1.0
-0.05313589,-1.09193,0.0,0.0,0.0,-1.0
-0.05313589,-1.09193,0.4,0.0,-1.0,0.0
-0.6734146,-1.09193,0.4,0.0,-1.0,0.0
-0.05313589,-1.09193,0.0,0.0,-1.0,0.0
-0.05313589,-1.09193,0.4,-1.0,0.0,0.0
-0.05313589,-1.09193,0.0,-1.0,0.0,0.0
-0.05313589,-1.475304,0.4,-1.0,0.0,0.0
-0.05313589,-1.475304,0.4,0.0,1.0,0.0
-0.05313589,-1.475304,0.0,0.0,1.0,0.0
-0.5691497,-1.475304,0.0,0.0,1.0,0.0
-0.5691497,-1.475304,0.4,0.9649499,0.2624341,0.0
-0.5691497,-1.475304,0.0,0.9649499,0.2624341,0.0
-0.6734146,-1.09193,0.4,0.9649499,0.2624341,0.0
-0.05313589,-1.475304,0.4,0.0,1.0,0.0
-0.5691497,-1.475304,0.0,0.0,1.0,0.0
-0.5691497,-1.475304,0.4,0.0,1.0,0.0
0.05313589,-1.09193,0.4,1.0,0.0,0.0
0.05313589,-1.475304,0.0,1.0,0.0,0.0
0.05313589,-1.09193,0.0,1.0,0.0,0.0
0.5691497,-1.475304,0.4,0.0,1.0,0.0
0.5691497,-1.475304,0.0,0.0,1.0,0.0
0.05313589,-1.475304,0.0,0.0,1.0,0.0
0.5691497,-1.475304,0.4,0.0,1.0,0.0
0.05313589,-1.475304,0.0,0.0,1.0,0.0
0.05313589,-1.475304,0.4,0.0,1.0,0.0
0.05313589,-1.09193,0.4,1.0,0.0,0.0
0.05313589,-1.475304,0.4,1.0,0.0,0.0
0.05313589,-1.475304,0.0,1.0,0.0,0.0
0.05313589,-1.09193,0.4,0.0,-1.0,0.0
0.05313589,-1.09193,0.0,0.0,-1.0,0.0
0.6734146,-1.09193,0.0,0.0,-1.0,0.0
0.5691497,-1.475304,0.4,-0.9649499,0.2624341,0.0
0.6734146,-1.09193,0.0,-0.9649499,0.2624341,0.0
0.5691497,-1.475304,0.0,-0.9649499,0.2624341,0.0
0.6734146,-1.09193,0.4,-0.9649499,0.2624341,0.0
0.6734146,-1.09193,0.0,-0.9649499,0.2624341,0.0
0.5691497,-1.475304,0.4,-0.9649499,0.2624341,0.0
0.05313589,-1.09193,0.4,0.0,-1.0,0.0
0.6734146,-1.09193,0.0,0.0,-1.0,0.0
0.6734146,-1.09193,0.4,0.0,-1.0,0.0
-0.9077591,-0.2302636,0.4,0.0,0.0,1.0
-4.624138e-17,-0.5662817,0.4,0.0,0.0,1.0
-0.8388437,-0.1260018,0.4,0.0,0.0,1.0
1.08,-2.775558e-17,0.4,0.0,0.0,1.0
-0.8388437,-0.1260018,0.4,0.0,0.0,1.0
0.8388437,-0.1260018,0.4,0.0,0.0,1.0
-1.08,-2.775558e-17,0.4,0.0,0.0,1.0
-0.9077591,-0.2302636,0.4,0.0,0.0,1.0
-0.8388437,-0.1260018,0.4,0.0,0.0,1.0
1.08,-2.775558e-17,0.4,0.0,0.0,1.0
-1.08,-2.775558e-17,0.4,0.0,0.0,1.0
-0.8388437,-0.1260018,0.4,0.0,0.0,1.0
0.9077591,-0.2302636,0.4,0.0,0.0,1.0
0.8388437,-0.1260018,0.4,0.0,0.0,1.0
-4.624138e-17,-0.5662817,0.4,0.0,0.0,1.0
0.1602663,-0.6225966,0.4,0.0,0.0,1.0
0.9077591,-0.2302636,0.4,0.0,0.0,1.0
-4.624138e-17,-0.5662817,0.4,0.0,0.0,1.0
-0.1602663,-0.6225966,0.4,0.0,0.0,1.0
0.1602663,-0.6225966,0.4,0.0,0.0,1.0
-4.624138e-17,-0.5662817,0.4,0.0,0.0,1.0
-0.1602663,-0.6225966,0.4,0.0,0.0,1.0
-4.624138e-17,-0.5662817,0.4,0.0,0.0,1.0
-0.9077591,-0.2302636,0.4,0.0,0.0,1.0
1.08,-2.775558e-17,0.4,0.0,0.0,1.0
0.8388437,-0.1260018,0.4,0.0,0.0,1.0
0.9077591,-0.2302636,0.4,0.0,0.0,1.0
1.08,-2.775558e-17,0.4,0.0,0.0,1.0
0.9077591,-0.2302636,0.4,0.0,0.0,1.0
0.7207318,-0.9179485,0.4,0.0,0.0,1.0
2.462048e-17,-0.6942701,0.4,0.0,0.0,1.0
0.7207318,-0.9179485,0.4,0.0,0.0,1.0
0.1602663,-0.6225966,0.4,0.0,0.0,1.0
-0.7207318,-0.9179485,0.4,0.0,0.0,1.0
2.462048e-17,-0.6942701,0.4,0.0,0.0,1.0
0.1602663,-0.6225966,0.4,0.0,0.0,1.0
-0.1602663,-0.6225966,0.4,0.0,0.0,1.0
-0.7207318,-0.9179485,0.4,0.0,0.0,1.0
0.1602663,-0.6225966,0.4,0.0,0.0,1.0
2.462048e-17,-0.6942701,0.4,0.0,0.0,1.0
0.5733992,-0.9964376,0.4,0.0,0.0,1.0
0.7207318,-0.9179485,0.4,0.0,0.0,1.0
0.6734146,-1.09193,0.4,0.0,0.0,1.0
0.7207318,-0.9179485,0.4,0.0,0.0,1.0
0.5733992,-0.9964376,0.4,0.0,0.0,1.0
1.08,-2.775558e-17,0.4,0.0,0.0,1.0
0.7207318,-0.9179485,0.4,0.0,0.0,1.0
0.6734146,-1.09193,0.4,0.0,0.0,1.0
-0.6734146,-1.09193,0.4,0.0,0.0,1.0
0.5733992,-0.9964376,0.4,0.0,0.0,1.0
-0.5733992,-0.9964376,0.4,0.0,0.0,1.0
-0.05313589,-1.09193,0.4,0.0,0.0,1.0
0.5733992,-0.9964376,0.4,0.0,0.0,1.0
-0.6734146,-1.09193,0.4,0.0,0.0,1.0
0.05313589,-1.09193,0.4,0.0,0.0,1.0
0.5733992,-0.9964376,0.4,0.0,0.0,1.0
-0.05313589,-1.09193,0.4,0.0,0.0,1.0
0.05313589,-1.09193,0.4,0.0,0.0,1.0
0.6734146,-1.09193,0.4,0.0,0.0,1.0
0.5733992,-0.9964376,0.4,0.0,0.0,1.0
-0.7207318,-0.9179485,0.4,0.0,0.0,1.0
-0.5733992,-0.9964376,0.4,0.0,0.0,1.0
2.462048e-17,-0.6942701,0.4,0.0,0.0,1.0
-0.6734146,-1.09193,0.4,0.0,0.0,1.0
-0.5733992,-0.9964376,0.4,0.0,0.0,1.0
-0.7207318,-0.9179485,0.4,0.0,0.0,1.0
-0.5328593,-2.011794,0.4,0.0,0.0,1.0
-0.7207318,-0.9179485,0.4,0.0,0.0,1.0
-0.9077591,-0.2302636,0.4,0.0,0.0,1.0
-1.08,-2.775558e-17,0.4,0.0,0.0,1.0
-0.5328593,-2.011794,0.4,0.0,0.0,1.0
-0.9077591,-0.2302636,0.4,0.0,0.0,1.0
-0.5328593,-2.011794,0.4,0.0,0.0,1.0
-0.6734146,-1.09193,0.4,0.0,0.0,1.0
-0.7207318,-0.9179485,0.4,0.0,0.0,1.0
-0.5328593,-2.011794,0.4,0.0,0.0,1.0
-0.5691497,-1.475304,0.4,0.0,0.0,1.0
-0.6734146,-1.09193,0.4,0.0,0.0,1.0
-0.542811,-1.57215,0.4,0.0,0.0,1.0
-0.05313589,-1.475304,0.4,0.0,0.0,1.0
-0.5691497,-1.475304,0.4,0.0,0.0,1.0
-0.5328593,-2.011794,0.4,0.0,0.0,1.0
-0.542811,-1.57215,0.4,0.0,0.0,1.0
-0.5691497,-1.475304,0.4,0.0,0.0,1.0
0.05313589,-1.09193,0.4,0.0,0.0,1.0
-0.05313589,-1.09193,0.4,0.0,0.0,1.0
-0.05313589,-1.475304,0.4,0.0,0.0,1.0
0.05313589,-1.09193,0.4,0.0,0.0,1.0
-0.05313589,-1.475304,0.4,0.0,0.0,1.0
0.05313589,-1.475304,0.4,0.0,0.0,1.0
-0.542811,-1.57215,0.4,0.0,0.0,1.0
0.05313589,-1.475304,0.4,0.0,0.0,1.0
-0.05313589,-1.475304,0.4,0.0,0.0,1.0
-0.542811,-1.57215,0.4,0.0,0.0,1.0
0.5691497,-1.475304,0.4,0.0,0.0,1.0
0.05313589,-1.475304,0.4,0.0,0.0,1.0
1.08,-2.775558e-17,0.4,0.0,0.0,1.0
0.6734146,-1.09193,0.4,0.0,0.0,1.0
0.5691497,-1.475304,0.4,0.0,0.0,1.0
-0.542811,-1.57215,0.4,0.0,0.0,1.0
0.542811,-1.57215,0.4,0.0,0.0,1.0
0.5691497,-1.475304,0.4,0.0,0.0,1.0
1.08,-2.775558e-17,0.4,0.0,0.0,1.0
0.5691497,-1.475304,0.4,0.0,0.0,1.0
0.542811,-1.57215,0.4,0.0,0.0,1.0
-0.23,-2.385711,0.4,0.0,0.0,1.0
-0.13,-2.385711,0.4,0.0,0.0,1.0
-0.13,-1.908803,0.4,0.0,0.0,1.0
-0.13,-2.159363,0.2738984,1.0,0.0,0.0
-0.13,-1.908803,0.4,1.0,0.0,0.0
-0.13,-2.385711,0.4,1.0,0.0,0.0
-0.5328593,-2.011794,0.4,0.0,0.0,1.0
-0.13,-1.908803,0.4,0.0,0.0,1.0
-0.4512526,-1.908803,0.4,0.0,0.0,1.0
-0.23,-2.011794,0.4,0.0,0.0,1.0
-0.23,-2.385711,0.4,0.0,0.0,1.0
-0.13,-1.908803,0.4,0.0,0.0,1.0
-0.5328593,-2.011794,0.4,0.0,0.0,1.0
-0.23,-2.011794,0.4,0.0,0.0,1.0
-0.13,-1.908803,0.4,0.0,0.0,1.0
-0.13,-2.159363,0.2738984,1.0,0.0,0.0
-0.13,-2.133457,0.2565843,1.0,0.0,0.0
-0.13,-1.908803,0.4,1.0,0.0,0.0
-0.43,-2.39,0.4,0.0,0.0,1.0
0.13,-2.385711,0.4,0.0,0.0,1.0
-0.13,-2.385711,0.4,0.0,0.0,1.0
-0.23,-2.385711,0.4,0.0,0.0,1.0
-0.43,-2.39,0.4,0.0,0.0,1.0
-0.13,-2.385711,0.4,0.0,0.0,1.0
-0.13,-2.263907,0.1694064,1.0,0.0,0.0
-0.13,-2.27,0.2,1.0,0.0,0.0
-0.13,-2.385711,0.4,1.0,0.0,0.0
-0.13,-2.263907,0.2305936,1.0,0.0,0.0
-0.13,-2.385711,0.4,1.0,0.0,0.0
-0.13,-2.27,0.2,1.0,0.0,0.0
-0.13,-2.19,0.2799876,1.0,0.0,0.0
-0.13,-2.159363,0.2738984,1.0,0.0,0.0
-0.13,-2.385711,0.4,1.0,0.0,0.0
-0.13,-2.220637,0.2738984,1.0,0.0,0.0
-0.13,-2.19,0.2799876,1.0,0.0,0.0
-0.13,-2.385711,0.4,1.0,0.0,0.0
-0.13,-2.246543,0.2565843,1.0,0.0,0.0
-0.13,-2.220637,0.2738984,1.0,0.0,0.0
-0.13,-2.385711,0.4,1.0,0.0,0.0
-0.13,-2.263907,0.2305936,1.0,0.0,0.0
-0.13,-2.246543,0.2565843,1.0,0.0,0.0
-0.13,-2.385711,0.4,1.0,0.0,0.0
0.23,-2.011794,0.4,0.0,0.0,1.0
0.13,-1.908803,0.4,0.0,0.0,1.0
0.13,-2.385711,0.4,0.0,0.0,1.0
0.13,-2.220637,0.2738984,-1.0,1.163981e-16,1.523711e-16
0.13,-2.385711,0.4,-1.0,1.163981e-16,1.523711e-16
0.13,-1.908803,0.4,-1.0,1.163981e-16,1.523711e-16
0.23,-2.385711,0.4,0.0,0.0,1.0
0.13,-2.385711,0.4,0.0,0.0,1.0
-0.43,-2.39,0.4,0.0,0.0,1.0
0.23,-2.385711,0.4,0.0,0.0,1.0
0.23,-2.011794,0.4,0.0,0.0,1.0
0.13,-2.385711,0.4,0.0,0.0,1.0
0.13,-2.246543,0.2565843,-1.0,0.0,0.0
0.13,-2.263907,0.2305936,-1.0,0.0,0.0
0.13,-2.385711,0.4,-1.0,0.0,0.0
0.13,-2.220637,0.2738984,-1.0,0.0,0.0
0.13,-2.246543,0.2565843,-1.0,0.0,0.0
0.13,-2.385711,0.4,-1.0,0.0,0.0
0.23,-2.011794,0.4,0.0,0.0,1.0
0.4512526,-1.908803,0.4,0.0,0.0,1.0
0.13,-1.908803,0.4,0.0,0.0,1.0
0.13,-2.19,0.2799876,-1.0,-1.720548e-16,8.656811e-16
0.13,-2.220637,0.2738984,-1.0,-1.720548e-16,8.656811e-16
0.13,-1.908803,0.4,-1.0,-1.720548e-16,8.656811e-16
0.13,-2.159363,0.2738984,-1.0,6.272231e-17,3.155826e-16
0.13,-2.19,0.2799876,-1.0,6.272231e-17,3.155826e-16
0.13,-1.908803,0.4,-1.0,6.272231e-17,3.155826e-16
0.13,-2.133457,0.2565843,-1.0,1.263816e-16,1.890938e-16
0.13,-2.159363,0.2738984,-1.0,1.263816e-16,1.890938e-16
0.13,-1.908803,0.4,-1.0,1.263816e-16,1.890938e-16
0.13,-2.116093,0.2305936,-1.0,1.732179e-16,1.157268e-16
0.13,-2.133457,0.2565843,-1.0,1.732179e-16,1.157268e-16
0.13,-1.908803,0.4,-1.0,1.732179e-16,1.157268e-16
0.13,-2.11,0.2,-1.0,2.303111e-16,4.586623e-17
0.13,-2.116093,0.2305936,-1.0,2.303111e-16,4.586623e-17
0.13,-1.908803,0.4,-1.0,2.303111e-16,4.586623e-17
0.13,-2.116093,0.1694064,-1.0,3.440051e-16,-6.850829e-17
0.13,-2.11,0.2,-1.0,3.440051e-16,-6.850829e-17
0.13,-1.908803,0.4,-1.0,3.440051e-16,-6.850829e-17
0.13,-2.133457,0.1434157,-1.0,1.042848e-15,-6.967262e-16
0.13,-2.116093,0.1694064,-1.0,1.042848e-15,-6.967262e-16
0.13,-1.908803,0.4,-1.0,1.042848e-15,-6.967262e-16
1.08,-2.775558e-17,0.4,0.0,0.0,1.0
0.542811,-1.57215,0.4,0.0,0.0,1.0
0.4512526,-1.908803,0.4,0.0,0.0,1.0
0.5328593,-2.011794,0.4,0.0,0.0,1.0
1.08,-2.775558e-17,0.4,0.0,0.0,1.0
0.4512526,-1.908803,0.4,0.0,0.0,1.0
0.23,-2.011794,0.4,0.0,0.0,1.0
0.5328593,-2.011794,0.4,0.0,0.0,1.0
0.4512526,-1.908803,0.4,0.0,0.0,1.0
-0.5328593,-2.011794,0.4,0.0,0.0,1.0
-0.4512526,-1.908803,0.4,0.0,0.0,1.0
-0.542811,-1.57215,0.4,0.0,0.0,1.0
0.43,-2.385711,0.4,0.0,0.0,1.0
-0.43,-2.39,0.4,0.0,0.0,1.0
0.43,-2.39,0.4,0.0,0.0,1.0
0.43,-2.341941,0.5793578,0.0,0.9659258,-0.258819
0.43,-2.39,0.4,0.0,0.9659258,-0.258819
-0.43,-2.39,0.4,0.0,0.9659258,-0.258819
0.43,-2.48282,0.05358984,1.0,0.0,0.0
0.43,-2.385711,0.4,1.0,0.0,0.0
0.43,-2.39,0.4,1.0,0.0,0.0
0.4544604,-2.60159,-0.00329352,0.9713631,0.2295037,-0.06149534
0.43,-2.48282,0.05358984,0.9713631,0.2295037,-0.06149534
0.43,-2.39,0.4,0.9713631,0.2295037,-0.06149534
0.4544604,-2.464416,0.5086472,0.9713631,0.2295037,-0.06149534
0.4544604,-2.60159,-0.00329352,0.9713631,0.2295037,-0.06149534
0.43,-2.39,0.4,0.9713631,0.2295037,-0.06149534
0.43,-2.341941,0.5793578,0.9713631,0.2295037,-0.06149534
0.4544604,-2.464416,0.5086472,0.9713631,0.2295037,-0.06149534
0.43,-2.39,0.4,0.9713631,0.2295037,-0.06149534
-0.23,-2.385711,0.4,0.0,0.0,1.0
-0.43,-2.385711,0.4,0.0,0.0,1.0
-0.43,-2.39,0.4,0.0,0.0,1.0
0.43,-2.385711,0.4,0.0,0.0,1.0
0.23,-2.385711,0.4,0.0,0.0,1.0
-0.43,-2.39,0.4,0.0,0.0,1.0
-0.2988974,-2.60159,-0.00329352,-0.6064741,-0.7680108,0.2057879
-0.43,-2.39,0.4,-0.6064741,-0.7680108,0.2057879
-0.43,-2.48282,0.05358984,-0.6064741,-0.7680108,0.2057879
-0.43,-2.341941,0.5793578,-0.6064741,-0.7680108,0.2057879
-0.43,-2.39,0.4,-0.6064741,-0.7680108,0.2057879
-0.2988974,-2.60159,-0.00329352,-0.6064741,-0.7680108,0.2057879
-0.43,-2.341941,0.5793578,0.0,0.9659258,-0.258819
0.43,-2.341941,0.5793578,0.0,0.9659258,-0.258819
-0.43,-2.39,0.4,0.0,0.9659258,-0.258819
-0.23,-2.159363,0.2738984,-1.0,0.0,2.201049e-16
-0.23,-2.385711,0.4,-1.0,0.0,2.201049e-16
-0.23,-2.011794,0.4,-1.0,0.0,2.201049e-16
-0.23,-2.263907,0.2305936,-1.0,-1.784458e-16,3.553731e-17
-0.23,-2.27,0.2,-1.0,-1.784458e-16,3.553731e-17
-0.23,-2.385711,0.4,-1.0,-1.784458e-16,3.553731e-17
-0.23,-2.263907,0.1694064,-1.0,-3.657776e-16,-7.284426e-17
-0.23,-2.385711,0.4,-1.0,-3.657776e-16,-7.284426e-17
-0.23,-2.27,0.2,-1.0,-3.657776e-16,-7.284426e-17
-0.23,-2.246543,0.2565843,-1.0,-1.18117e-16,7.891386e-17
-0.23,-2.263907,0.2305936,-1.0,-1.18117e-16,7.891386e-17
-0.23,-2.385711,0.4,-1.0,-1.18117e-16,7.891386e-17
-0.23,-2.220637,0.2738984,-1.0,-7.846136e-17,1.173949e-16
-0.23,-2.246543,0.2565843,-1.0,-7.846136e-17,1.173949e-16
-0.23,-2.385711,0.4,-1.0,-7.846136e-17,1.173949e-16
-0.23,-2.19,0.2799876,-1.0,-3.471425e-17,1.746621e-16
-0.23,-2.220637,0.2738984,-1.0,-3.471425e-17,1.746621e-16
-0.23,-2.385711,0.4,-1.0,-3.471425e-17,1.746621e-16
-0.23,-2.159363,0.2738984,-1.0,6.800794e-17,3.421769e-16
-0.23,-2.19,0.2799876,-1.0,6.800794e-17,3.421769e-16
-0.23,-2.385711,0.4,-1.0,6.800794e-17,3.421769e-16
-0.23,-2.133457,0.2565843,-1.0,8.254613e-17,1.235066e-16
-0.23,-2.159363,0.2738984,-1.0,8.254613e-17,1.235066e-16
-0.23,-2.011794,0.4,-1.0,8.254613e-17,1.235066e-16
-0.23,-2.116093,0.2305936,-1.0,1.276244e-16,8.526574e-17
-0.23,-2.133457,0.2565843,-1.0,1.276244e-16,8.526574e-17
-0.23,-2.011794,0.4,-1.0,1.276244e-16,8.526574e-17
-1.08,0.2,0.31,0.0,0.4103647,0.9119215
-1.08,-2.775558e-17,0.4,0.0,0.4103647,0.9119215
1.08,-2.775558e-17,0.4,0.0,0.4103647,0.9119215
-1.08,0.09000875,0.2,-1.0,0.0,0.0
-1.08,0.09836667,0.1579251,-1.0,0.0,0.0
-1.08,-2.775558e-17,0.4,-1.0,0.0,0.0
-1.08,0.09836667,0.2420749,-1.0,0.0,0.0
-1.08,0.09000875,0.2,-1.0,0.0,0.0
-1.08,-2.775558e-17,0.4,-1.0,0.0,0.0
-1.08,0.1222389,0.2777955,-1.0,0.0,0.0
-1.08,0.09836667,0.2420749,-1.0,0.0,0.0
-1.08,-2.775558e-17,0.4,-1.0,0.0,0.0
-1.08,0.1578937,0.3016138,-1.0,0.0,0.0
-1.08,0.1222389,0.2777955,-1.0,0.0,0.0
-1.08,-2.775558e-17,0.4,-1.0,0.0,0.0
-1.08,0.2,0.31,-1.0,0.0,0.0
-1.08,0.1578937,0.3016138,-1.0,0.0,0.0
-1.08,-2.775558e-17,0.4,-1.0,0.0,0.0
1.08,0.2,0.31,0.0,0.4103647,0.9119215
-1.08,0.2,0.31,0.0,0.4103647,0.9119215
1.08,-2.775558e-17,0.4,0.0,0.4103647,0.9119215
1.08,0.1578937,0.3016138,1.0,3.99614e-15,6.413149e-15
1.08,0.2,0.31,1.0,3.99614e-15,6.413149e-15
1.08,-2.775558e-17,0.4,1.0,3.99614e-15,6.413149e-15
1.08,0.1222389,0.2777955,1.0,0.0,0.0
1.08,0.1578937,0.3016138,1.0,0.0,0.0
1.08,-2.775558e-17,0.4,1.0,0.0,0.0
1.08,0.09836667,0.2420749,1.0,0.0,0.0
1.08,0.1222389,0.2777955,1.0,0.0,0.0
1.08,-2.775558e-17,0.4,1.0,0.0,0.0
0.23,-2.220637,0.2738984,1.0,0.0,2.201049e-16
0.23,-2.011794,0.4,1.0,0.0,2.201049e-16
0.23,-2.385711,0.4,1.0,0.0,2.201049e-16
0.23,-2.11,0.2,1.0,4.754632e-16,-9.468805e-17
0.23,-2.116093,0.1694064,1.0,4.754632e-16,-9.468805e-17
0.23,-2.011794,0.4,1.0,4.754632e-16,-9.468805e-17
0.23,-2.116093,0.2305936,1.0,2.010757e-16,4.004403e-17
0.23,-2.11,0.2,1.0,2.010757e-16,4.004403e-17
0.23,-2.011794,0.4,1.0,2.010757e-16,4.004403e-17
0.23,-2.133457,0.2565843,1.0,1.276244e-16,8.526574e-17
0.23,-2.116093,0.2305936,1.0,1.276244e-16,8.526574e-17
0.23,-2.011794,0.4,1.0,1.276244e-16,8.526574e-17
0.23,-2.159363,0.2738984,1.0,8.254613e-17,1.235066e-16
0.23,-2.133457,0.2565843,1.0,8.254613e-17,1.235066e-16
0.23,-2.011794,0.4,1.0,8.254613e-17,1.235066e-16
0.23,-2.19,0.2799876,1.0,3.549129e-17,1.785718e-16
0.23,-2.159363,0.2738984,1.0,3.549129e-17,1.785718e-16
0.23,-2.011794,0.4,1.0,3.549129e-17,1.785718e-16
0.23,-2.220637,0.2738984,1.0,-6.521092e-17,3.281039e-16
0.23,-2.19,0.2799876,1.0,-6.521092e-17,3.281039e-16
0.23,-2.011794,0.4,1.0,-6.521092e-17,3.281039e-16
0.23,-2.246543,0.2565843,1.0,-7.846136e-17,1.173949e-16
0.23,-2.220637,0.2738984,1.0,-7.846136e-17,1.173949e-16
0.23,-2.385711,0.4,1.0,-7.846136e-17,1.173949e-16
0.23,-2.263907,0.2305936,1.0,-1.18117e-16,7.891386e-17
0.23,-2.246543,0.2565843,1.0,-1.18117e-16,7.891386e-17
0.23,-2.385711,0.4,1.0,-1.18117e-16,7.891386e-17
-0.43,-2.530879,-0.125768,4.997042e-16,0.9659258,-0.258819
-0.43,-2.48282,0.05358984,4.997042e-16,0.9659258,-0.258819
0.43,-2.48282,0.05358984,4.997042e-16,0.9659258,-0.258819
-0.43,-2.530879,-0.125768,0.0,0.9659258,-0.258819
0.43,-2.48282,0.05358984,0.0,0.9659258,-0.258819
0.43,-2.530879,-0.125768,0.0,0.9659258,-0.258819
0.4544604,-2.60159,-0.00329352,0.9713631,0.2295037,-0.06149534
0.43,-2.530879,-0.125768,0.9713631,0.2295037,-0.06149534
0.43,-2.48282,0.05358984,0.9713631,0.2295037,-0.06149534
-0.2988974,-2.60159,-0.00329352,-0.6064741,-0.7680108,0.2057879
-0.43,-2.48282,0.05358984,-0.6064741,-0.7680108,0.2057879
-0.43,-2.530879,-0.125768,-0.6064741,-0.7680108,0.2057879
-1.495,0.2420906,0.09838438,0.0,0.1953602,-0.9807316
1.08,0.2,0.09,0.0,0.1953602,-0.9807316
-1.08,0.2,0.09,0.0,0.1953602,-0.9807316
-1.495,0.2,0.09,2.612776e-17,-0.1953305,-0.9807375
-1.08,0.2,0.09,2.612776e-17,-0.1953305,-0.9807375
-1.08,0.1578937,0.09838619,2.612776e-17,-0.1953305,-0.9807375
-1.495,0.2420906,0.09838438,-2.739303e-17,0.1953602,-0.9807316
-1.08,0.2,0.09,-2.739303e-17,0.1953602,-0.9807316
-1.495,0.2,0.09,-2.739303e-17,0.1953602,-0.9807316
1.495,0.1579094,0.09838438,3.131918e-06,-0.1953305,-0.9807375
1.08,0.1578937,0.09838619,3.131918e-06,-0.1953305,-0.9807375
1.08,0.2,0.09,3.131918e-06,-0.1953305,-0.9807375
1.495,0.2,0.09,2.613174e-17,0.1953602,-0.9807316
1.08,0.2,0.09,2.613174e-17,0.1953602,-0.9807316
-1.495,0.2420906,0.09838438,2.613174e-17,0.1953602,-0.9807316
1.495,0.1579094,0.09838438,-2.434936e-17,-0.1953602,-0.9807316
1.08,0.2,0.09,-2.434936e-17,-0.1953602,-0.9807316
1.495,0.2,0.09,-2.434936e-17,-0.1953602,-0.9807316
-1.495,0.1579094,0.09838438,-1.744764e-05,-0.5554831,-0.8315278
-1.08,0.1578937,0.09838619,-1.744764e-05,-0.5554831,-0.8315278
-1.08,0.1222389,0.1222045,-1.744764e-05,-0.5554831,-0.8315278
-1.495,0.2,0.09,-3.133071e-06,-0.1953602,-0.9807316
-1.08,0.1578937,0.09838619,-3.133071e-06,-0.1953602,-0.9807316
-1.495,0.1579094,0.09838438,-3.133071e-06,-0.1953602,-0.9807316
-1.495,0.1222183,0.1222183,2.30638e-05,-0.8314206,-0.5556436
-1.08,0.1222389,0.1222045,2.30638e-05,-0.8314206,-0.5556436
-1.08,0.09836667,0.1579251,2.30638e-05,-0.8314206,-0.5556436
-1.495,0.1579094,0.09838438,1.637144e-07,-0.5553414,-0.8316225
-1.08,0.1222389,0.1222045,1.637144e-07,-0.5553414,-0.8316225
-1.495,0.1222183,0.1222183,1.637144e-07,-0.5553414,-0.8316225
-1.495,0.09838438,0.1579094,-3.450533e-05,-0.9808357,-0.1948368
-1.08,0.09836667,0.1579251,-3.450533e-05,-0.9808357,-0.1948368
-1.08,0.09000875,0.2,-3.450533e-05,-0.9808357,-0.1948368
-1.495,0.1222183,0.1222183,-1.453568e-05,-0.8316225,-0.5553414
-1.08,0.09836667,0.1579251,-1.453568e-05,-0.8316225,-0.5553414
-1.495,0.09838438,0.1579094,-1.453568e-05,-0.8316225,-0.5553414
-1.495,0.09,0.2,2.068067e-05,-0.9808357,0.1948368
-1.08,0.09000875,0.2,2.068067e-05,-0.9808357,0.1948368
-1.08,0.09836667,0.2420749,2.068067e-05,-0.9808357,0.1948368
-1.495,0.09838438,0.1579094,2.067847e-05,-0.9807316,-0.1953602
-1.08,0.09000875,0.2,2.067847e-05,-0.9807316,-0.1953602
-1.495,0.09,0.2,2.067847e-05,-0.9807316,-0.1953602
-1.495,0.09838438,0.2420906,-1.451566e-05,-0.8314206,0.5556436
-1.08,0.09836667,0.2420749,-1.451566e-05,-0.8314206,0.5556436
-1.08,0.1222389,0.2777955,-1.451566e-05,-0.8314206,0.5556436
-1.495,0.09,0.2,-3.448114e-05,-0.9807316,0.1953602
-1.08,0.09836667,0.2420749,-3.448114e-05,-0.9807316,0.1953602
-1.495,0.09838438,0.2420906,-3.448114e-05,-0.9807316,0.1953602
-1.495,0.1222183,0.2777817,1.73912e-07,-0.5554831,0.8315278
-1.08,0.1222389,0.2777955,1.73912e-07,-0.5554831,0.8315278
-1.08,0.1578937,0.3016138,1.73912e-07,-0.5554831,0.8315278
-1.495,0.09838438,0.2420906,2.308386e-05,-0.8316225,0.5553414
-1.08,0.1222389,0.2777955,2.308386e-05,-0.8316225,0.5553414
-1.495,0.1222183,0.2777817,2.308386e-05,-0.8316225,0.5553414
-1.495,0.1579094,0.3016156,-3.131918e-06,-0.1953305,0.9807375
-1.08,0.1578937,0.3016138,-3.131918e-06,-0.1953305,0.9807375
-1.08,0.2,0.31,-3.131918e-06,-0.1953305,0.9807375
-1.495,0.1222183,0.2777817,-1.744185e-05,-0.5553414,0.8316225
-1.08,0.1578937,0.3016138,-1.744185e-05,-0.5553414,0.8316225
-1.495,0.1579094,0.3016156,-1.744185e-05,-0.5553414,0.8316225
1.495,0.2420906,0.3016156,0.0,0.1953602,0.9807316
-1.08,0.2,0.31,0.0,0.1953602,0.9807316
1.08,0.2,0.31,0.0,0.1953602,0.9807316
-1.495,0.1579094,0.3016156,1.217468e-17,-0.1953602,0.9807316
-1.08,0.2,0.31,1.217468e-17,-0.1953602,0.9807316
-1.495,0.2,0.31,1.217468e-17,-0.1953602,0.9807316
1.495,0.2420906,0.3016156,-1.217468e-17,0.1953602,0.9807316
-1.495,0.2,0.31,-1.217468e-17,0.1953602,0.9807316
-1.08,0.2,0.31,-1.217468e-17,0.1953602,0.9807316
1.495,0.2,0.31,-1.306388e-17,-0.1953305,0.9807375
1.08,0.2,0.31,-1.306388e-17,-0.1953305,0.9807375
1.08,0.1578937,0.3016138,-1.306388e-17,-0.1953305,0.9807375
1.495,0.2,0.31,1.306587e-17,0.1953602,0.9807316
1.495,0.2420906,0.3016156,1.306587e-17,0.1953602,0.9807316
1.08,0.2,0.31,1.306587e-17,0.1953602,0.9807316
1.495,0.1579094,0.3016156,1.744764e-05,-0.5554831,0.8315278
1.08,0.1578937,0.3016138,1.744764e-05,-0.5554831,0.8315278
1.08,0.1222389,0.2777955,1.744764e-05,-0.5554831,0.8315278
1.495,0.1579094,0.3016156,3.133071e-06,-0.1953602,0.9807316
1.495,0.2,0.31,3.133071e-06,-0.1953602,0.9807316
1.08,0.1578937,0.3016138,3.133071e-06,-0.1953602,0.9807316
1.495,0.1222183,0.2777817,-2.30638e-05,-0.8314206,0.5556436
1.08,0.1222389,0.2777955,-2.30638e-05,-0.8314206,0.5556436
1.08,0.09836667,0.2420749,-2.30638e-05,-0.8314206,0.5556436
1.495,0.1579094,0.3016156,-1.637144e-07,-0.5553414,0.8316225
1.08,0.1222389,0.2777955,-1.637144e-07,-0.5553414,0.8316225
1.495,0.1222183,0.2777817,-1.637144e-07,-0.5553414,0.8316225
1.495,0.09838438,0.2420906,3.450533e-05,-0.9808357,0.1948368
1.08,0.09836667,0.2420749,3.450533e-05,-0.9808357,0.1948368
1.08,0.09000875,0.2,3.450533e-05,-0.9808357,0.1948368
1.495,0.1222183,0.2777817,1.453568e-05,-0.8316225,0.5553414
1.08,0.09836667,0.2420749,1.453568e-05,-0.8316225,0.5553414
1.495,0.09838438,0.2420906,1.453568e-05,-0.8316225,0.5553414
1.495,0.09,0.2,-2.068067e-05,-0.9808357,-0.1948368
1.08,0.09000875,0.2,-2.068067e-05,-0.9808357,-0.1948368
1.08,0.09836667,0.1579251,-2.068067e-05,-0.9808357,-0.1948368
1.495,0.09838438,0.2420906,-2.067847e-05,-0.9807316,0.1953602
1.08,0.09000875,0.2,-2.067847e-05,-0.9807316,0.1953602
1.495,0.09,0.2,-2.067847e-05,-0.9807316,0.1953602
1.495,0.09838438,0.1579094,1.451566e-05,-0.8314206,-0.5556436
1.08,0.09836667,0.1579251,1.451566e-05,-0.8314206,-0.5556436
1.08,0.1222389,0.1222045,1.451566e-05,-0.8314206,-0.5556436
1.495,0.09,0.2,3.448114e-05,-0.9807316,-0.1953602
1.08,0.09836667,0.1579251,3.448114e-05,-0.9807316,-0.1953602
1.495,0.09838438,0.1579094,3.448114e-05,-0.9807316,-0.1953602
1.495,0.1222183,0.1222183,-1.73912e-07,-0.5554831,-0.8315278
1.08,0.1222389,0.1222045,-1.73912e-07,-0.5554831,-0.8315278
1.08,0.1578937,0.09838619,-1.73912e-07,-0.5554831,-0.8315278
1.495,0.09838438,0.1579094,-2.308386e-05,-0.8316225,-0.5553414
1.08,0.1222389,0.1222045,-2.308386e-05,-0.8316225,-0.5553414
1.495,0.1222183,0.1222183,-2.308386e-05,-0.8316225,-0.5553414
1.495,0.1222183,0.1222183,1.744185e-05,-0.5553414,-0.8316225
1.08,0.1578937,0.09838619,1.744185e-05,-0.5553414,-0.8316225
1.495,0.1579094,0.09838438,1.744185e-05,-0.5553414,-0.8316225
-1.495,0.1579094,0.09838438,-1.0,0.0,0.0
-1.495,0.1579094,0.3016156,-1.0,0.0,0.0
-1.495,0.2,0.31,-1.0,0.0,0.0
-1.495,0.2,0.09,-1.0,0.0,0.0
-1.495,0.1579094,0.09838438,-1.0,0.0,0.0
-1.495,0.2,0.31,-1.0,0.0,0.0
-1.495,0.2420906,0.3016156,-1.0,0.0,0.0
-1.495,0.2,0.09,-1.0,0.0,0.0
-1.495,0.2,0.31,-1.0,0.0,0.0
1.495,0.2420906,0.3016156,0.0,0.1953602,0.9807316
-1.495,0.2420906,0.3016156,0.0,0.1953602,0.9807316
-1.495,0.2,0.31,0.0,0.1953602,0.9807316
-1.495,0.1222183,0.1222183,-1.0,0.0,0.0
-1.495,0.1222183,0.2777817,-1.0,0.0,0.0
-1.495,0.1579094,0.3016156,-1.0,0.0,0.0
-1.495,0.1579094,0.09838438,-1.0,0.0,0.0
-1.495,0.1222183,0.1222183,-1.0,0.0,0.0
-1.495,0.1579094,0.3016156,-1.0,0.0,0.0
-1.495,0.09838438,0.1579094,-1.0,0.0,0.0
-1.495,0.09838438,0.2420906,-1.0,0.0,0.0
-1.495,0.1222183,0.2777817,-1.0,0.0,0.0
-1.495,0.1222183,0.1222183,-1.0,0.0,0.0
-1.495,0.09838438,0.1579094,-1.0,0.0,0.0
-1.495,0.1222183,0.2777817,-1.0,0.0,0.0
-1.495,0.09838438,0.1579094,-1.0,0.0,0.0
-1.495,0.09,0.2,-1.0,0.0,0.0
-1.495,0.09838438,0.2420906,-1.0,0.0,0.0
-1.495,0.2420906,0.3016156,-1.0,0.0,0.0
-1.495,0.2420906,0.09838438,-1.0,0.0,0.0
-1.495,0.2,0.09,-1.0,0.0,0.0
-1.495,0.2777817,0.2777817,-1.0,0.0,0.0
-1.495,0.2777817,0.1222183,-1.0,0.0,0.0
-1.495,0.2420906,0.09838438,-1.0,0.0,0.0
1.495,0.2420906,0.09838438,0.0,0.5553414,-0.8316225
-1.495,0.2420906,0.09838438,0.0,0.5553414,-0.8316225
-1.495,0.2777817,0.1222183,0.0,0.5553414,-0.8316225
-1.495,0.2420906,0.3016156,-1.0,0.0,0.0
-1.495,0.2777817,0.2777817,-1.0,0.0,0.0
-1.495,0.2420906,0.09838438,-1.0,0.0,0.0
1.495,0.2420906,0.09838438,0.0,0.1953602,-0.9807316
1.495,0.2,0.09,0.0,0.1953602,-0.9807316
-1.495,0.2420906,0.09838438,0.0,0.1953602,-0.9807316
-1.495,0.3016156,0.2420906,-1.0,0.0,0.0
-1.495,0.3016156,0.1579094,-1.0,0.0,0.0
-1.495,0.2777817,0.1222183,-1.0,0.0,0.0
1.495,0.2777817,0.1222183,0.0,0.8316225,-0.5553414
-1.495,0.2777817,0.1222183,0.0,0.8316225,-0.5553414
-1.495,0.3016156,0.1579094,0.0,0.8316225,-0.5553414
-1.495,0.2777817,0.2777817,-1.0,0.0,0.0
-1.495,0.3016156,0.2420906,-1.0,0.0,0.0
-1.495,0.2777817,0.1222183,-1.0,0.0,0.0
1.495,0.2777817,0.1222183,0.0,0.5553414,-0.8316225
1.495,0.2420906,0.09838438,0.0,0.5553414,-0.8316225
-1.495,0.2777817,0.1222183,0.0,0.5553414,-0.8316225
-1.495,0.3016156,0.2420906,-1.0,0.0,0.0
-1.495,0.31,0.2,-1.0,0.0,0.0
-1.495,0.3016156,0.1579094,-1.0,0.0,0.0
1.495,0.3016156,0.1579094,0.0,0.9807316,-0.1953602
-1.495,0.3016156,0.1579094,0.0,0.9807316,-0.1953602
-1.495,0.31,0.2,0.0,0.9807316,-0.1953602
1.495,0.3016156,0.1579094,0.0,0.8316225,-0.5553414
1.495,0.2777817,0.1222183,0.0,0.8316225,-0.5553414
-1.495,0.3016156,0.1579094,0.0,0.8316225,-0.5553414
1.495,0.31,0.2,0.0,0.9807316,0.1953602
-1.495,0.31,0.2,0.0,0.9807316,0.1953602
-1.495,0.3016156,0.2420906,0.0,0.9807316,0.1953602
1.495,0.31,0.2,0.0,0.9807316,-0.1953602
1.495,0.3016156,0.1579094,0.0,0.9807316,-0.1953602
-1.495,0.31,0.2,0.0,0.9807316,-0.1953602
1.495,0.3016156,0.2420906,0.0,0.8316225,0.5553414
-1.495,0.3016156,0.2420906,0.0,0.8316225,0.5553414
-1.495,0.2777817,0.2777817,0.0,0.8316225,0.5553414
1.495,0.3016156,0.2420906,0.0,0.9807316,0.1953602
1.495,0.31,0.2,0.0,0.9807316,0.1953602
-1.495,0.3016156,0.2420906,0.0,0.9807316,0.1953602
1.495,0.2777817,0.2777817,0.0,0.5553414,0.8316225
-1.495,0.2777817,0.2777817,0.0,0.5553414,0.8316225
-1.495,0.2420906,0.3016156,0.0,0.5553414,0.8316225
1.495,0.2777817,0.2777817,0.0,0.8316225,0.5553414
1.495,0.3016156,0.2420906,0.0,0.8316225,0.5553414
-1.495,0.2777817,0.2777817,0.0,0.8316225,0.5553414
1.495,0.2420906,0.3016156,0.0,0.5553414,0.8316225
1.495,0.2777817,0.2777817,0.0,0.5553414,0.8316225
-1.495,0.2420906,0.3016156,0.0,0.5553414,0.8316225
1.495,0.2,0.31,1.0,0.0,0.0
1.495,0.2,0.09,1.0,0.0,0.0
1.495,0.2420906,0.09838438,1.0,0.0,0.0
1.495,0.1579094,0.3016156,1.0,0.0,0.0
1.495,0.2,0.09,1.0,0.0,0.0
1.495,0.2,0.31,1.0,0.0,0.0
1.495,0.1579094,0.3016156,1.0,0.0,0.0
1.495,0.1579094,0.09838438,1.0,0.0,0.0
1.495,0.2,0.09,1.0,0.0,0.0
1.495,0.2420906,0.3016156,1.0,0.0,0.0
1.495,0.2420906,0.09838438,1.0,0.0,0.0
1.495,0.2777817,0.1222183,1.0,0.0,0.0
1.495,0.2,0.31,1.0,0.0,0.0
1.495,0.2420906,0.09838438,1.0,0.0,0.0
1.495,0.2420906,0.3016156,1.0,0.0,0.0
1.495,0.2777817,0.2777817,1.0,0.0,0.0
1.495,0.2777817,0.1222183,1.0,0.0,0.0
1.495,0.3016156,0.1579094,1.0,0.0,0.0
1.495,0.2420906,0.3016156,1.0,0.0,0.0
1.495,0.2777817,0.1222183,1.0,0.0,0.0
1.495,0.2777817,0.2777817,1.0,0.0,0.0
1.495,0.3016156,0.2420906,1.0,0.0,0.0
1.495,0.3016156,0.1579094,1.0,0.0,0.0
1.495,0.31,0.2,1.0,0.0,0.0
1.495,0.2777817,0.2777817,1.0,0.0,0.0
1.495,0.3016156,0.1579094,1.0,0.0,0.0
1.495,0.3016156,0.2420906,1.0,0.0,0.0
1.495,0.1222183,0.2777817,1.0,0.0,0.0
1.495,0.1222183,0.1222183,1.0,0.0,0.0
1.495,0.1579094,0.09838438,1.0,0.0,0.0
1.495,0.1579094,0.3016156,1.0,0.0,0.0
1.495,0.1222183,0.2777817,1.0,0.0,0.0
1.495,0.1579094,0.09838438,1.0,0.0,0.0
1.495,0.09838438,0.2420906,1.0,0.0,0.0
1.495,0.09838438,0.1579094,1.0,0.0,0.0
1.495,0.1222183,0.1222183,1.0,0.0,0.0
1.495,0.1222183,0.2777817,1.0,0.0,0.0
1.495,0.09838438,0.2420906,1.0,0.0,0.0
1.495,0.1222183,0.1222183,1.0,0.0,0.0
1.495,0.09838438,0.2420906,1.0,0.0,0.0
1.495,0.09,0.2,1.0,0.0,0.0
1.495,0.09838438,0.1579094,1.0,0.0,0.0
0.13,-2.27,0.2,0.0,0.9807408,0.1953136
0.23,-2.27,0.2,0.0,0.9807408,0.1953136
0.23,-2.263907,0.1694064,0.0,0.9807408,0.1953136
0.13,-2.263907,0.2305936,0.0,0.9807408,-0.1953136
0.23,-2.263907,0.2305936,0.0,0.9807408,-0.1953136
0.23,-2.27,0.2,0.0,0.9807408,-0.1953136
0.13,-2.263907,0.2305936,0.0,0.9807408,-0.1953136
0.23,-2.27,0.2,0.0,0.9807408,-0.1953136
0.13,-2.27,0.2,0.0,0.9807408,-0.1953136
0.13,-2.263907,0.1694064,0.0,0.8315001,0.5555246
0.23,-2.263907,0.1694064,0.0,0.8315001,0.5555246
0.23,-2.246543,0.1434157,0.0,0.8315001,0.5555246
0.13,-2.263907,0.1694064,0.0,0.9807408,0.1953136
0.13,-2.27,0.2,0.0,0.9807408,0.1953136
0.23,-2.263907,0.1694064,0.0,0.9807408,0.1953136
0.13,-2.246543,0.1434157,0.0,0.555671,0.8314023
0.23,-2.246543,0.1434157,0.0,0.555671,0.8314023
0.23,-2.220637,0.1261016,0.0,0.555671,0.8314023
0.13,-2.263907,0.1694064,0.0,0.8315001,0.5555246
0.23,-2.246543,0.1434157,0.0,0.8315001,0.5555246
0.13,-2.246543,0.1434157,0.0,0.8315001,0.5555246
0.13,-2.220637,0.1261016,0.0,0.1949379,0.9808156
0.23,-2.220637,0.1261016,0.0,0.1949379,0.9808156
0.23,-2.19,0.1200124,0.0,0.1949379,0.9808156
0.13,-2.246543,0.1434157,0.0,0.555671,0.8314023
0.23,-2.220637,0.1261016,0.0,0.555671,0.8314023
0.13,-2.220637,0.1261016,0.0,0.555671,0.8314023
0.13,-2.19,0.1200124,0.0,-0.1949379,0.9808156
0.23,-2.19,0.1200124,0.0,-0.1949379,0.9808156
0.23,-2.159363,0.1261016,0.0,-0.1949379,0.9808156
0.13,-2.220637,0.1261016,0.0,0.1949379,0.9808156
0.23,-2.19,0.1200124,0.0,0.1949379,0.9808156
0.13,-2.19,0.1200124,0.0,0.1949379,0.9808156
0.13,-2.159363,0.1261016,0.0,-0.555671,0.8314023
0.23,-2.159363,0.1261016,0.0,-0.555671,0.8314023
0.23,-2.133457,0.1434157,0.0,-0.555671,0.8314023
0.13,-2.19,0.1200124,0.0,-0.1949379,0.9808156
0.23,-2.159363,0.1261016,0.0,-0.1949379,0.9808156
0.13,-2.159363,0.1261016,0.0,-0.1949379,0.9808156
0.13,-2.133457,0.1434157,0.0,-0.8315001,0.5555246
0.23,-2.133457,0.1434157,0.0,-0.8315001,0.5555246
0.23,-2.116093,0.1694064,0.0,-0.8315001,0.5555246
0.13,-2.159363,0.1261016,0.0,-0.555671,0.8314023
0.23,-2.133457,0.1434157,0.0,-0.555671,0.8314023
0.13,-2.133457,0.1434157,0.0,-0.555671,0.8314023
0.13,-2.116093,0.1694064,0.0,-0.9807408,0.1953136
0.23,-2.116093,0.1694064,0.0,-0.9807408,0.1953136
0.23,-2.11,0.2,0.0,-0.9807408,0.1953136
0.13,-2.133457,0.1434157,0.0,-0.8315001,0.5555246
0.23,-2.116093,0.1694064,0.0,-0.8315001,0.5555246
0.13,-2.116093,0.1694064,0.0,-0.8315001,0.5555246
0.13,-2.11,0.2,0.0,-0.9807408,-0.1953136
0.23,-2.11,0.2,0.0,-0.9807408,-0.1953136
0.23,-2.116093,0.2305936,0.0,-0.9807408,-0.1953136
0.13,-2.116093,0.1694064,0.0,-0.9807408,0.1953136
0.23,-2.11,0.2,0.0,-0.9807408,0.1953136
0.13,-2.11,0.2,0.0,-0.9807408,0.1953136
0.13,-2.116093,0.2305936,0.0,-0.8315001,-0.5555246
0.23,-2.116093,0.2305936,0.0,-0.8315001,-0.5555246
0.23,-2.133457,0.2565843,0.0,-0.8315001,-0.5555246
0.13,-2.11,0.2,0.0,-0.9807408,-0.1953136
0.23,-2.116093,0.2305936,0.0,-0.9807408,-0.1953136
0.13,-2.116093,0.2305936,0.0,-0.9807408,-0.1953136
0.13,-2.133457,0.2565843,0.0,-0.555671,-0.8314023
0.23,-2.133457,0.2565843,0.0,-0.555671,-0.8314023
0.23,-2.159363,0.2738984,0.0,-0.555671,-0.8314023
0.13,-2.116093,0.2305936,0.0,-0.8315001,-0.5555246
0.23,-2.133457,0.2565843,0.0,-0.8315001,-0.5555246
0.13,-2.133457,0.2565843,0.0,-0.8315001,-0.5555246
0.13,-2.159363,0.2738984,0.0,-0.1949379,-0.9808156
0.23,-2.159363,0.2738984,0.0,-0.1949379,-0.9808156
0.23,-2.19,0.2799876,0.0,-0.1949379,-0.9808156
0.13,-2.133457,0.2565843,0.0,-0.555671,-0.8314023
0.23,-2.159363,0.2738984,0.0,-0.555671,-0.8314023
0.13,-2.159363,0.2738984,0.0,-0.555671,-0.8314023
0.13,-2.19,0.2799876,0.0,0.1949379,-0.9808156
0.23,-2.19,0.2799876,0.0,0.1949379,-0.9808156
0.23,-2.220637,0.2738984,0.0,0.1949379,-0.9808156
0.13,-2.159363,0.2738984,0.0,-0.1949379,-0.9808156
0.23,-2.19,0.2799876,0.0,-0.1949379,-0.9808156
0.13,-2.19,0.2799876,0.0,-0.1949379,-0.9808156
0.13,-2.220637,0.2738984,0.0,0.555671,-0.8314023
0.23,-2.220637,0.2738984,0.0,0.555671,-0.8314023
0.23,-2.246543,0.2565843,0.0,0.555671,-0.8314023
0.13,-2.19,0.2799876,0.0,0.1949379,-0.9808156
0.23,-2.220637,0.2738984,0.0,0.1949379,-0.9808156
0.13,-2.220637,0.2738984,0.0,0.1949379,-0.9808156
0.13,-2.246543,0.2565843,0.0,0.8315001,-0.5555246
0.23,-2.246543,0.2565843,0.0,0.8315001,-0.5555246
0.23,-2.263907,0.2305936,0.0,0.8315001,-0.5555246
0.13,-2.220637,0.2738984,0.0,0.555671,-0.8314023
0.23,-2.246543,0.2565843,0.0,0.555671,-0.8314023
0.13,-2.246543,0.2565843,0.0,0.555671,-0.8314023
0.13,-2.246543,0.2565843,0.0,0.8315001,-0.5555246
0.23,-2.263907,0.2305936,0.0,0.8315001,-0.5555246
0.13,-2.263907,0.2305936,0.0,0.8315001,-0.5555246
-0.13,-2.27,0.2,0.0,0.9807408,-0.1953136
-0.23,-2.27,0.2,0.0,0.9807408,-0.1953136
-0.23,-2.263907,0.2305936,0.0,0.9807408,-0.1953136
-0.13,-2.263907,0.1694064,0.0,0.9807408,0.1953136
-0.23,-2.263907,0.1694064,0.0,0.9807408,0.1953136
-0.23,-2.27,0.2,0.0,0.9807408,0.1953136
-0.13,-2.263907,0.1694064,0.0,0.9807408,0.1953136
-0.23,-2.27,0.2,0.0,0.9807408,0.1953136
-0.13,-2.27,0.2,0.0,0.9807408,0.1953136
-0.13,-2.263907,0.2305936,0.0,0.8315001,-0.5555246
-0.23,-2.263907,0.2305936,0.0,0.8315001,-0.5555246
-0.23,-2.246543,0.2565843,0.0,0.8315001,-0.5555246
-0.13,-2.263907,0.2305936,0.0,0.9807408,-0.1953136
-0.13,-2.27,0.2,0.0,0.9807408,-0.1953136
-0.23,-2.263907,0.2305936,0.0,0.9807408,-0.1953136
-0.13,-2.246543,0.2565843,0.0,0.555671,-0.8314023
-0.23,-2.246543,0.2565843,0.0,0.555671,-0.8314023
-0.23,-2.220637,0.2738984,0.0,0.555671,-0.8314023
-0.13,-2.263907,0.2305936,0.0,0.8315001,-0.5555246
-0.23,-2.246543,0.2565843,0.0,0.8315001,-0.5555246
-0.13,-2.246543,0.2565843,0.0,0.8315001,-0.5555246
-0.13,-2.220637,0.2738984,0.0,0.1949379,-0.9808156
-0.23,-2.220637,0.2738984,0.0,0.1949379,-0.9808156
-0.23,-2.19,0.2799876,0.0,0.1949379,-0.9808156
-0.13,-2.246543,0.2565843,0.0,0.555671,-0.8314023
-0.23,-2.220637,0.2738984,0.0,0.555671,-0.8314023
-0.13,-2.220637,0.2738984,0.0,0.555671,-0.8314023
-0.13,-2.19,0.2799876,0.0,-0.1949379,-0.9808156
-0.23,-2.19,0.2799876,0.0,-0.1949379,-0.9808156
-0.23,-2.159363,0.2738984,0.0,-0.1949379,-0.9808156
-0.13,-2.220637,0.2738984,0.0,0.1949379,-0.9808156
-0.23,-2.19,0.2799876,0.0,0.1949379,-0.9808156
-0.13,-2.19,0.2799876,0.0,0.1949379,-0.9808156
-0.13,-2.159363,0.2738984,0.0,-0.555671,-0.8314023
-0.23,-2.159363,0.2738984,0.0,-0.555671,-0.8314023
-0.23,-2.133457,0.2565843,0.0,-0.555671,-0.8314023
-0.13,-2.19,0.2799876,0.0,-0.1949379,-0.9808156
-0.23,-2.159363,0.2738984,0.0,-0.1949379,-0.9808156
-0.13,-2.159363,0.2738984,0.0,-0.1949379,-0.9808156
-0.13,-2.133457,0.2565843,0.0,-0.8315001,-0.5555246
-0.23,-2.133457,0.2565843,0.0,-0.8315001,-0.5555246
-0.23,-2.116093,0.2305936,0.0,-0.8315001,-0.5555246
-0.13,-2.159363,0.2738984,0.0,-0.555671,-0.8314023
-0.23,-2.133457,0.2565843,0.0,-0.555671,-0.8314023
-0.13,-2.133457,0.2565843,0.0,-0.555671,-0.8314023
-0.13,-2.116093,0.2305936,0.0,-0.9807408,-0.1953136
-0.23,-2.116093,0.2305936,0.0,-0.9807408,-0.1953136
-0.23,-2.11,0.2,0.0,-0.9807408,-0.1953136
-0.13,-2.133457,0.2565843,0.0,-0.8315001,-0.5555246
-0.23,-2.116093,0.2305936,0.0,-0.8315001,-0.5555246
-0.13,-2.116093,0.2305936,0.0,-0.8315001,-0.5555246
-0.13,-2.11,0.2,0.0,-0.9807408,0.1953136
-0.23,-2.11,0.2,0.0,-0.9807408,0.1953136
-0.23,-2.116093,0.1694064,0.0,-0.9807408,0.1953136
-0.13,-2.116093,0.2305936,0.0,-0.9807408,-0.1953136
-0.23,-2.11,0.2,0.0,-0.9807408,-0.1953136
-0.13,-2.11,0.2,0.0,-0.9807408,-0.1953136
-0.13,-2.116093,0.1694064,0.0,-0.8315001,0.5555246
-0.23,-2.116093,0.1694064,0.0,-0.8315001,0.5555246
-0.23,-2.133457,0.1434157,0.0,-0.8315001,0.5555246
-0.13,-2.11,0.2,0.0,-0.9807408,0.1953136
-0.23,-2.116093,0.1694064,0.0,-0.9807408,0.1953136
-0.13,-2.116093,0.1694064,0.0,-0.9807408,0.1953136
-0.13,-2.133457,0.1434157,0.0,-0.555671,0.8314023
-0.23,-2.133457,0.1434157,0.0,-0.555671,0.8314023
-0.23,-2.159363,0.1261016,0.0,-0.555671,0.8314023
-0.13,-2.116093,0.1694064,0.0,-0.8315001,0.5555246
-0.23,-2.133457,0.1434157,0.0,-0.8315001,0.5555246
-0.13,-2.133457,0.1434157,0.0,-0.8315001,0.5555246
-0.13,-2.159363,0.1261016,0.0,-0.1949379,0.9808156
-0.23,-2.159363,0.1261016,0.0,-0.1949379,0.9808156
-0.23,-2.19,0.1200124,0.0,-0.1949379,0.9808156
-0.13,-2.133457,0.1434157,0.0,-0.555671,0.8314023
-0.23,-2.159363,0.1261016,0.0,-0.555671,0.8314023
-0.13,-2.159363,0.1261016,0.0,-0.555671,0.8314023
-0.13,-2.19,0.1200124,0.0,0.1949379,0.9808156
-0.23,-2.19,0.1200124,0.0,0.1949379,0.9808156
-0.23,-2.220637,0.1261016,0.0,0.1949379,0.9808156
-0.13,-2.159363,0.1261016,0.0,-0.1949379,0.9808156
-0.23,-2.19,0.1200124,0.0,-0.1949379,0.9808156
-0.13,-2.19,0.1200124,0.0,-0.1949379,0.9808156
-0.13,-2.220637,0.1261016,0.0,0.555671,0.8314023
-0.23,-2.220637,0.1261016,0.0,0.555671,0.8314023
-0.23,-2.246543,0.1434157,0.0,0.555671,0.8314023
-0.13,-2.19,0.1200124,0.0,0.1949379,0.9808156
-0.23,-2.220637,0.1261016,0.0,0.1949379,0.9808156
-0.13,-2.220637,0.1261016,0.0,0.1949379,0.9808156
-0.13,-2.246543,0.1434157,0.0,0.8315001,0.5555246
-0.23,-2.246543,0.1434157,0.0,0.8315001,0.5555246
-0.23,-2.263907,0.1694064,0.0,0.8315001,0.5555246
-0.13,-2.220637,0.1261016,0.0,0.555671,0.8314023
-0.23,-2.246543,0.1434157,0.0,0.555671,0.8314023
-0.13,-2.246543,0.1434157,0.0,0.555671,0.8314023
-0.13,-2.246543,0.1434157,0.0,0.8315001,0.5555246
-0.23,-2.263907,0.1694064,0.0,0.8315001,0.5555246
-0.13,-2.263907,0.1694064,0.0,0.8315001,0.5555246
0.3945465,-3.129448,0.03461797,-2.350492e-16,-0.258819,-0.9659258
0.4032306,-3.081186,0.02168636,-2.350492e-16,-0.258819,-0.9659258
0.43,-3.086336,0.02306615,-2.350492e-16,-0.258819,-0.9659258
0.43,-3.060454,0.1196587,0.1953136,0.9473229,-0.2538344
0.43,-3.086336,0.02306615,0.1953136,0.9473229,-0.2538344
0.4032306,-3.081186,0.02168636,0.1953136,0.9473229,-0.2538344
0.436251,-3.134472,0.0359643,0.0,-0.258819,-0.9659258
0.43,-3.086336,0.02306615,0.0,-0.258819,-0.9659258
0.4567694,-3.081186,0.02168636,0.0,-0.258819,-0.9659258
0.4567694,-3.055304,0.1182789,-0.1953136,0.9473229,-0.2538344
0.4567694,-3.081186,0.02168636,-0.1953136,0.9473229,-0.2538344
0.43,-3.086336,0.02306615,-0.1953136,0.9473229,-0.2538344
0.436251,-3.134472,0.0359643,-1.854867e-15,-0.258819,-0.9659258
0.3945465,-3.129448,0.03461797,-1.854867e-15,-0.258819,-0.9659258
0.43,-3.086336,0.02306615,-1.854867e-15,-0.258819,-0.9659258
0.4567694,-3.055304,0.1182789,-0.1953136,0.9473229,-0.2538344
0.43,-3.086336,0.02306615,-0.1953136,0.9473229,-0.2538344
0.43,-3.060454,0.1196587,-0.1953136,0.9473229,-0.2538344
0.3945465,-3.129448,0.03461797,3.163134e-15,-0.258819,-0.9659258
0.3804887,-3.06651,0.0177539,3.163134e-15,-0.258819,-0.9659258
0.4032306,-3.081186,0.02168636,3.163134e-15,-0.258819,-0.9659258
0.4032306,-3.055304,0.1182789,0.5555246,0.8031674,-0.2152081
0.4032306,-3.081186,0.02168636,0.5555246,0.8031674,-0.2152081
0.3804887,-3.06651,0.0177539,0.5555246,0.8031674,-0.2152081
0.4032306,-3.055304,0.1182789,0.1953136,0.9473229,-0.2538344
0.43,-3.060454,0.1196587,0.1953136,0.9473229,-0.2538344
0.4032306,-3.081186,0.02168636,0.1953136,0.9473229,-0.2538344
0.3572231,-3.110882,0.02964336,-4.16553e-15,-0.258819,-0.9659258
0.3653389,-3.044615,0.01188715,-4.16553e-15,-0.258819,-0.9659258
0.3804887,-3.06651,0.0177539,-4.16553e-15,-0.258819,-0.9659258
0.3804887,-3.040628,0.1143465,0.8314023,0.5367369,-0.1438182
0.3804887,-3.06651,0.0177539,0.8314023,0.5367369,-0.1438182
0.3653389,-3.044615,0.01188715,0.8314023,0.5367369,-0.1438182
0.3945465,-3.129448,0.03461797,1.103406e-15,-0.258819,-0.9659258
0.3572231,-3.110882,0.02964336,1.103406e-15,-0.258819,-0.9659258
0.3804887,-3.06651,0.0177539,1.103406e-15,-0.258819,-0.9659258
0.4032306,-3.055304,0.1182789,0.5555246,0.8031674,-0.2152081
0.3804887,-3.06651,0.0177539,0.5555246,0.8031674,-0.2152081
0.3804887,-3.040628,0.1143465,0.5555246,0.8031674,-0.2152081
0.3572231,-3.110882,0.02964336,5.206304e-15,-0.258819,-0.9659258
0.3600108,-3.018721,0.004948817,5.206304e-15,-0.258819,-0.9659258
0.3653389,-3.044615,0.01188715,5.206304e-15,-0.258819,-0.9659258
0.3653389,-3.018733,0.1084797,0.9808156,0.1882956,-0.05045364
0.3653389,-3.044615,0.01188715,0.9808156,0.1882956,-0.05045364
0.3600108,-3.018721,0.004948817,0.9808156,0.1882956,-0.05045364
0.3804887,-3.040628,0.1143465,0.8314023,0.5367369,-0.1438182
0.3653389,-3.044615,0.01188715,0.8314023,0.5367369,-0.1438182
0.3653389,-3.018733,0.1084797,0.8314023,0.5367369,-0.1438182
0.43,-2.530879,-0.125768,-1.703446e-14,-0.258819,-0.9659258
0.3653389,-2.992827,-0.001989519,-1.703446e-14,-0.258819,-0.9659258
0.3600108,-3.018721,0.004948817,-1.703446e-14,-0.258819,-0.9659258
0.3600108,-2.992839,0.1015414,0.9808156,-0.1882956,0.05045364
0.3600108,-3.018721,0.004948817,0.9808156,-0.1882956,0.05045364
0.3653389,-2.992827,-0.001989519,0.9808156,-0.1882956,0.05045364
-0.43,-2.530879,-0.125768,0.0,-0.258819,-0.9659258
0.43,-2.530879,-0.125768,0.0,-0.258819,-0.9659258
0.3600108,-3.018721,0.004948817,0.0,-0.258819,-0.9659258
0.3572231,-3.110882,0.02964336,1.581442e-16,-0.258819,-0.9659258
-0.43,-2.530879,-0.125768,1.581442e-16,-0.258819,-0.9659258
0.3600108,-3.018721,0.004948817,1.581442e-16,-0.258819,-0.9659258
0.3653389,-3.018733,0.1084797,0.9808156,0.1882956,-0.05045364
0.3600108,-3.018721,0.004948817,0.9808156,0.1882956,-0.05045364
0.3600108,-2.992839,0.1015414,0.9808156,0.1882956,-0.05045364
0.43,-2.530879,-0.125768,-2.401163e-15,-0.258819,-0.9659258
0.3804887,-2.970932,-0.007856271,-2.401163e-15,-0.258819,-0.9659258
0.3653389,-2.992827,-0.001989519,-2.401163e-15,-0.258819,-0.9659258
0.3653389,-2.966945,0.09460306,0.8314023,-0.5367369,0.1438182
0.3653389,-2.992827,-0.001989519,0.8314023,-0.5367369,0.1438182
0.3804887,-2.970932,-0.007856271,0.8314023,-0.5367369,0.1438182
0.3600108,-2.992839,0.1015414,0.9808156,-0.1882956,0.05045364
0.3653389,-2.992827,-0.001989519,0.9808156,-0.1882956,0.05045364
0.3653389,-2.966945,0.09460306,0.9808156,-0.1882956,0.05045364
0.43,-2.530879,-0.125768,0.0,-0.258819,-0.9659258
0.4032306,-2.956256,-0.01178873,0.0,-0.258819,-0.9659258
0.3804887,-2.970932,-0.007856271,0.0,-0.258819,-0.9659258
0.3804887,-2.94505,0.08873631,0.5555246,-0.8031674,0.2152081
0.3804887,-2.970932,-0.007856271,0.5555246,-0.8031674,0.2152081
0.4032306,-2.956256,-0.01178873,0.5555246,-0.8031674,0.2152081
0.3653389,-2.966945,0.09460306,0.8314023,-0.5367369,0.1438182
0.3804887,-2.970932,-0.007856271,0.8314023,-0.5367369,0.1438182
0.3804887,-2.94505,0.08873631,0.8314023,-0.5367369,0.1438182
0.43,-2.530879,-0.125768,1.191631e-15,-0.258819,-0.9659258
0.43,-2.951106,-0.01316852,1.191631e-15,-0.258819,-0.9659258
0.4032306,-2.956256,-0.01178873,1.191631e-15,-0.258819,-0.9659258
0.4032306,-2.930374,0.08480386,0.1953136,-0.9473229,0.2538344
0.4032306,-2.956256,-0.01178873,0.1953136,-0.9473229,0.2538344
0.43,-2.951106,-0.01316852,0.1953136,-0.9473229,0.2538344
0.3804887,-2.94505,0.08873631,0.5555246,-0.8031674,0.2152081
0.4032306,-2.956256,-0.01178873,0.5555246,-0.8031674,0.2152081
0.4032306,-2.930374,0.08480386,0.5555246,-0.8031674,0.2152081
0.43,-2.530879,-0.125768,0.0,-0.258819,-0.9659258
0.4567694,-2.956256,-0.01178873,0.0,-0.258819,-0.9659258
0.43,-2.951106,-0.01316852,0.0,-0.258819,-0.9659258
0.43,-2.925224,0.08342407,-0.1953136,-0.9473229,0.2538344
0.43,-2.951106,-0.01316852,-0.1953136,-0.9473229,0.2538344
0.4567694,-2.956256,-0.01178873,-0.1953136,-0.9473229,0.2538344
0.4032306,-2.930374,0.08480386,0.1953136,-0.9473229,0.2538344
0.43,-2.951106,-0.01316852,0.1953136,-0.9473229,0.2538344
0.43,-2.925224,0.08342407,0.1953136,-0.9473229,0.2538344
0.5465636,-2.99118,-0.002430624,2.000218e-15,-0.258819,-0.9659258
0.4795113,-2.970932,-0.007856271,2.000218e-15,-0.258819,-0.9659258
0.4567694,-2.956256,-0.01178873,2.000218e-15,-0.258819,-0.9659258
0.4567694,-2.930374,0.08480386,-0.5555246,-0.8031674,0.2152081
0.4567694,-2.956256,-0.01178873,-0.5555246,-0.8031674,0.2152081
0.4795113,-2.970932,-0.007856271,-0.5555246,-0.8031674,0.2152081
0.5465636,-2.99118,-0.002430624,2.023611e-16,-0.258819,-0.9659258
0.4567694,-2.956256,-0.01178873,2.023611e-16,-0.258819,-0.9659258
0.43,-2.530879,-0.125768,2.023611e-16,-0.258819,-0.9659258
0.43,-2.925224,0.08342407,-0.1953136,-0.9473229,0.2538344
0.4567694,-2.956256,-0.01178873,-0.1953136,-0.9473229,0.2538344
0.4567694,-2.930374,0.08480386,-0.1953136,-0.9473229,0.2538344
0.5465636,-2.99118,-0.002430624,1.0483e-15,-0.258819,-0.9659258
0.4946611,-2.992827,-0.001989519,1.0483e-15,-0.258819,-0.9659258
0.4795113,-2.970932,-0.007856271,1.0483e-15,-0.258819,-0.9659258
0.4795113,-2.94505,0.08873631,-0.8314023,-0.5367369,0.1438182
0.4795113,-2.970932,-0.007856271,-0.8314023,-0.5367369,0.1438182
0.4946611,-2.992827,-0.001989519,-0.8314023,-0.5367369,0.1438182
0.4567694,-2.930374,0.08480386,-0.5555246,-0.8031674,0.2152081
0.4795113,-2.970932,-0.007856271,-0.5555246,-0.8031674,0.2152081
0.4795113,-2.94505,0.08873631,-0.5555246,-0.8031674,0.2152081
0.5465636,-2.99118,-0.002430624,1.146744e-15,-0.258819,-0.9659258
0.4999892,-3.018721,0.004948817,1.146744e-15,-0.258819,-0.9659258
0.4946611,-2.992827,-0.001989519,1.146744e-15,-0.258819,-0.9659258
0.4946611,-2.966945,0.09460306,-0.9808156,-0.1882956,0.05045364
0.4946611,-2.992827,-0.001989519,-0.9808156,-0.1882956,0.05045364
0.4999892,-3.018721,0.004948817,-0.9808156,-0.1882956,0.05045364
0.4795113,-2.94505,0.08873631,-0.8314023,-0.5367369,0.1438182
0.4946611,-2.992827,-0.001989519,-0.8314023,-0.5367369,0.1438182
0.4946611,-2.966945,0.09460306,-0.8314023,-0.5367369,0.1438182
0.5122853,-3.103081,0.0275529,-3.000464e-15,-0.258819,-0.9659258
0.4946611,-3.044615,0.01188715,-3.000464e-15,-0.258819,-0.9659258
0.4999892,-3.018721,0.004948817,-3.000464e-15,-0.258819,-0.9659258
0.4999892,-2.992839,0.1015414,-0.9808156,0.1882956,-0.05045364
0.4999892,-3.018721,0.004948817,-0.9808156,0.1882956,-0.05045364
0.4946611,-3.044615,0.01188715,-0.9808156,0.1882956,-0.05045364
0.5465636,-2.99118,-0.002430624,1.717767e-16,-0.258819,-0.9659258
0.5122853,-3.103081,0.0275529,1.717767e-16,-0.258819,-0.9659258
0.4999892,-3.018721,0.004948817,1.717767e-16,-0.258819,-0.9659258
0.4946611,-2.966945,0.09460306,-0.9808156,-0.1882956,0.05045364
0.4999892,-3.018721,0.004948817,-0.9808156,-0.1882956,0.05045364
0.4999892,-2.992839,0.1015414,-0.9808156,-0.1882956,0.05045364
0.4771072,-3.12532,0.03351201,7.745198e-15,-0.258819,-0.9659258
0.4795113,-3.06651,0.0177539,7.745198e-15,-0.258819,-0.9659258
0.4946611,-3.044615,0.01188715,7.745198e-15,-0.258819,-0.9659258
0.4946611,-3.018733,0.1084797,-0.8314023,0.5367369,-0.1438182
0.4946611,-3.044615,0.01188715,-0.8314023,0.5367369,-0.1438182
0.4795113,-3.06651,0.0177539,-0.8314023,0.5367369,-0.1438182
0.5122853,-3.103081,0.0275529,8.553747e-17,-0.258819,-0.9659258
0.4771072,-3.12532,0.03351201,8.553747e-17,-0.258819,-0.9659258
0.4946611,-3.044615,0.01188715,8.553747e-17,-0.258819,-0.9659258
0.4999892,-2.992839,0.1015414,-0.9808156,0.1882956,-0.05045364
0.4946611,-3.044615,0.01188715,-0.9808156,0.1882956,-0.05045364
0.4946611,-3.018733,0.1084797,-0.9808156,0.1882956,-0.05045364
0.4771072,-3.12532,0.03351201,-3.377812e-15,-0.258819,-0.9659258
0.4567694,-3.081186,0.02168636,-3.377812e-15,-0.258819,-0.9659258
0.4795113,-3.06651,0.0177539,-3.377812e-15,-0.258819,-0.9659258
0.4795113,-3.040628,0.1143465,-0.5555246,0.8031674,-0.2152081
0.4795113,-3.06651,0.0177539,-0.5555246,0.8031674,-0.2152081
0.4567694,-3.081186,0.02168636,-0.5555246,0.8031674,-0.2152081
0.4946611,-3.018733,0.1084797,-0.8314023,0.5367369,-0.1438182
0.4795113,-3.06651,0.0177539,-0.8314023,0.5367369,-0.1438182
0.4795113,-3.040628,0.1143465,-0.8314023,0.5367369,-0.1438182
0.4771072,-3.12532,0.03351201,3.882577e-16,-0.258819,-0.9659258
0.436251,-3.134472,0.0359643,3.882577e-16,-0.258819,-0.9659258
0.4567694,-3.081186,0.02168636,3.882577e-16,-0.258819,-0.9659258
0.4795113,-3.040628,0.1143465,-0.5555246,0.8031674,-0.2152081
0.4567694,-3.081186,0.02168636,-0.5555246,0.8031674,-0.2152081
0.4567694,-3.055304,0.1182789,-0.5555246,0.8031674,-0.2152081
0.4544604,-2.60159,-0.00329352,0.9713631,0.2295037,-0.06149534
0.5465636,-2.99118,-0.002430624,0.9713631,0.2295037,-0.06149534
0.43,-2.530879,-0.125768,0.9713631,0.2295037,-0.06149534
-0.2988974,-2.60159,-0.00329352,-0.6064741,-0.7680108,0.2057879
-0.43,-2.530879,-0.125768,-0.6064741,-0.7680108,0.2057879
0.3572231,-3.110882,0.02964336,-0.6064741,-0.7680108,0.2057879
0.3572231,-3.085,0.1262359,-0.4578289,-0.858747,0.2301006
0.3572231,-3.110882,0.02964336,-0.4578289,-0.858747,0.2301006
0.3945465,-3.129448,0.03461797,-0.4578289,-0.858747,0.2301006
-0.2988974,-2.60159,-0.00329352,-0.6064741,-0.7680108,0.2057879
0.3572231,-3.110882,0.02964336,-0.6064741,-0.7680108,0.2057879
0.3572231,-3.085,0.1262359,-0.6064741,-0.7680108,0.2057879
0.3945465,-3.103566,0.1312106,-0.123771,-0.9584986,0.2568289
0.3945465,-3.129448,0.03461797,-0.123771,-0.9584986,0.2568289
0.436251,-3.134472,0.0359643,-0.123771,-0.9584986,0.2568289
0.3572231,-3.085,0.1262359,-0.4578289,-0.858747,0.2301006
0.3945465,-3.129448,0.03461797,-0.4578289,-0.858747,0.2301006
0.3945465,-3.103566,0.1312106,-0.4578289,-0.858747,0.2301006
0.436251,-3.10859,0.1325569,0.225913,-0.9409542,0.2521279
0.436251,-3.134472,0.0359643,0.225913,-0.9409542,0.2521279
0.4771072,-3.12532,0.03351201,0.225913,-0.9409542,0.2521279
0.3945465,-3.103566,0.1312106,-0.123771,-0.9584986,0.2568289
0.436251,-3.134472,0.0359643,-0.123771,-0.9584986,0.2568289
0.436251,-3.10859,0.1325569,-0.123771,-0.9584986,0.2568289
0.4771072,-3.099438,0.1301046,0.5476357,-0.8082064,0.2165583
0.4771072,-3.12532,0.03351201,0.5476357,-0.8082064,0.2165583
0.5122853,-3.103081,0.0275529,0.5476357,-0.8082064,0.2165583
0.436251,-3.10859,0.1325569,0.225913,-0.9409542,0.2521279
0.4771072,-3.12532,0.03351201,0.225913,-0.9409542,0.2521279
0.4771072,-3.099438,0.1301046,0.225913,-0.9409542,0.2521279
0.5465636,-2.99118,-0.002430624,-1.98642e-15,-0.258819,-0.9659258
0.5373187,-3.070577,0.01884358,-1.98642e-15,-0.258819,-0.9659258
0.5122853,-3.103081,0.0275529,-1.98642e-15,-0.258819,-0.9659258
0.5122853,-3.077199,0.1241455,0.8023318,-0.5765401,0.1544835
0.5122853,-3.103081,0.0275529,0.8023318,-0.5765401,0.1544835
0.5373187,-3.070577,0.01884358,0.8023318,-0.5765401,0.1544835
0.4771072,-3.099438,0.1301046,0.5476357,-0.8082064,0.2165583
0.5122853,-3.103081,0.0275529,0.5476357,-0.8082064,0.2165583
0.5122853,-3.077199,0.1241455,0.5476357,-0.8082064,0.2165583
0.5465636,-2.99118,-0.002430624,5.354713e-16,-0.258819,-0.9659258
0.5492413,-3.031649,0.008412902,5.354713e-16,-0.258819,-0.9659258
0.5373187,-3.070577,0.01884358,5.354713e-16,-0.258819,-0.9659258
0.5373187,-3.044695,0.1154362,0.9589174,-0.274019,0.07342317
0.5373187,-3.070577,0.01884358,0.9589174,-0.274019,0.07342317
0.5492413,-3.031649,0.008412902,0.9589174,-0.274019,0.07342317
0.5122853,-3.077199,0.1241455,0.8023318,-0.5765401,0.1544835
0.5373187,-3.070577,0.01884358,0.8023318,-0.5765401,0.1544835
0.5373187,-3.044695,0.1154362,0.8023318,-0.5765401,0.1544835
0.5492413,-3.005767,0.1050055,0.9979637,0.06161048,-0.01650848
0.5492413,-3.031649,0.008412902,0.9979637,0.06161048,-0.01650848
0.5465636,-2.99118,-0.002430624,0.9979637,0.06161048,-0.01650848
0.5373187,-3.044695,0.1154362,0.9589174,-0.274019,0.07342317
0.5492413,-3.031649,0.008412902,0.9589174,-0.274019,0.07342317
0.5492413,-3.005767,0.1050055,0.9589174,-0.274019,0.07342317
0.5465636,-2.965299,0.09416196,0.9713631,0.2295037,-0.06149534
0.5465636,-2.99118,-0.002430624,0.9713631,0.2295037,-0.06149534
0.4544604,-2.60159,-0.00329352,0.9713631,0.2295037,-0.06149534
0.5492413,-3.005767,0.1050055,0.9979637,0.06161048,-0.01650848
0.5465636,-2.99118,-0.002430624,0.9979637,0.06161048,-0.01650848
0.5465636,-2.965299,0.09416196,0.9979637,0.06161048,-0.01650848
0.436251,-3.10859,0.1325569,-1.506534e-15,0.258819,0.9659258
0.4567694,-3.055304,0.1182789,-1.506534e-15,0.258819,0.9659258
0.43,-3.060454,0.1196587,-1.506534e-15,0.258819,0.9659258
0.436251,-3.10859,0.1325569,-2.333918e-15,0.258819,0.9659258
0.43,-3.060454,0.1196587,-2.333918e-15,0.258819,0.9659258
0.4032306,-3.055304,0.1182789,-2.333918e-15,0.258819,0.9659258
0.4771072,-3.099438,0.1301046,1.045513e-15,0.258819,0.9659258
0.4795113,-3.040628,0.1143465,1.045513e-15,0.258819,0.9659258
0.4567694,-3.055304,0.1182789,1.045513e-15,0.258819,0.9659258
0.436251,-3.10859,0.1325569,-2.632256e-16,0.258819,0.9659258
0.4771072,-3.099438,0.1301046,-2.632256e-16,0.258819,0.9659258
0.4567694,-3.055304,0.1182789,-2.632256e-16,0.258819,0.9659258
0.5122853,-3.077199,0.1241455,9.882731e-16,0.258819,0.9659258
0.4946611,-3.018733,0.1084797,9.882731e-16,0.258819,0.9659258
0.4795113,-3.040628,0.1143465,9.882731e-16,0.258819,0.9659258
0.4771072,-3.099438,0.1301046,1.558917e-16,0.258819,0.9659258
0.5122853,-3.077199,0.1241455,1.558917e-16,0.258819,0.9659258
0.4795113,-3.040628,0.1143465,1.558917e-16,0.258819,0.9659258
0.5122853,-3.077199,0.1241455,3.000464e-15,0.258819,0.9659258
0.4999892,-2.992839,0.1015414,3.000464e-15,0.258819,0.9659258
0.4946611,-3.018733,0.1084797,3.000464e-15,0.258819,0.9659258
0.4544604,-2.60159,-0.00329352,-1.48012e-14,0.258819,0.9659258
0.4946611,-2.966945,0.09460306,-1.48012e-14,0.258819,0.9659258
0.4999892,-2.992839,0.1015414,-1.48012e-14,0.258819,0.9659258
0.5122853,-3.077199,0.1241455,6.909197e-15,0.258819,0.9659258
0.4544604,-2.60159,-0.00329352,6.909197e-15,0.258819,0.9659258
0.4999892,-2.992839,0.1015414,6.909197e-15,0.258819,0.9659258
0.4544604,-2.60159,-0.00329352,0.0,0.258819,0.9659258
0.4795113,-2.94505,0.08873631,0.0,0.258819,0.9659258
0.4946611,-2.966945,0.09460306,0.0,0.258819,0.9659258
0.4544604,-2.60159,-0.00329352,0.0,0.258819,0.9659258
0.4567694,-2.930374,0.08480386,0.0,0.258819,0.9659258
0.4795113,-2.94505,0.08873631,0.0,0.258819,0.9659258
0.4544604,-2.60159,-0.00329352,1.525114e-15,0.258819,0.9659258
0.43,-2.925224,0.08342407,1.525114e-15,0.258819,0.9659258
0.4567694,-2.930374,0.08480386,1.525114e-15,0.258819,0.9659258
-0.2988974,-2.60159,-0.00329352,-1.889247e-15,0.258819,0.9659258
0.4032306,-2.930374,0.08480386,-1.889247e-15,0.258819,0.9659258
0.43,-2.925224,0.08342407,-1.889247e-15,0.258819,0.9659258
-0.2988974,-2.60159,-0.00329352,0.0,0.258819,0.9659258
0.43,-2.925224,0.08342407,0.0,0.258819,0.9659258
0.4544604,-2.60159,-0.00329352,0.0,0.258819,0.9659258
-0.2988974,-2.60159,-0.00329352,0.0,0.258819,0.9659258
0.3804887,-2.94505,0.08873631,0.0,0.258819,0.9659258
0.4032306,-2.930374,0.08480386,0.0,0.258819,0.9659258
-0.2988974,-2.60159,-0.00329352,3.338121e-16,0.258819,0.9659258
0.3653389,-2.966945,0.09460306,3.338121e-16,0.258819,0.9659258
0.3804887,-2.94505,0.08873631,3.338121e-16,0.258819,0.9659258
-0.2988974,-2.60159,-0.00329352,3.500615e-16,0.258819,0.9659258
0.3600108,-2.992839,0.1015414,3.500615e-16,0.258819,0.9659258
0.3653389,-2.966945,0.09460306,3.500615e-16,0.258819,0.9659258
0.3572231,-3.085,0.1262359,-5.206304e-15,0.258819,0.9659258
0.3653389,-3.018733,0.1084797,-5.206304e-15,0.258819,0.9659258
0.3600108,-2.992839,0.1015414,-5.206304e-15,0.258819,0.9659258
-0.2988974,-2.60159,-0.00329352,-2.1685e-16,0.258819,0.9659258
0.3572231,-3.085,0.1262359,-2.1685e-16,0.258819,0.9659258
0.3600108,-2.992839,0.1015414,-2.1685e-16,0.258819,0.9659258
0.3945465,-3.103566,0.1312106,-4.541321e-15,0.258819,0.9659258
0.3804887,-3.040628,0.1143465,-4.541321e-15,0.258819,0.9659258
0.3653389,-3.018733,0.1084797,-4.541321e-15,0.258819,0.9659258
0.3572231,-3.085,0.1262359,-1.157419e-15,0.258819,0.9659258
0.3945465,-3.103566,0.1312106,-1.157419e-15,0.258819,0.9659258
0.3653389,-3.018733,0.1084797,-1.157419e-15,0.258819,0.9659258
0.3945465,-3.103566,0.1312106,5.214897e-15,0.258819,0.9659258
0.4032306,-3.055304,0.1182789,5.214897e-15,0.258819,0.9659258
0.3804887,-3.040628,0.1143465,5.214897e-15,0.258819,0.9659258
0.3945465,-3.103566,0.1312106,1.457814e-15,0.258819,0.9659258
0.436251,-3.10859,0.1325569,1.457814e-15,0.258819,0.9659258
0.4032306,-3.055304,0.1182789,1.457814e-15,0.258819,0.9659258
0.5373187,-3.044695,0.1154362,1.569647e-15,0.258819,0.9659258
0.5465636,-2.965299,0.09416196,1.569647e-15,0.258819,0.9659258
0.4544604,-2.60159,-0.00329352,1.569647e-15,0.258819,0.9659258
0.5122853,-3.077199,0.1241455,-1.337028e-15,0.258819,0.9659258
0.5373187,-3.044695,0.1154362,-1.337028e-15,0.258819,0.9659258
0.4544604,-2.60159,-0.00329352,-1.337028e-15,0.258819,0.9659258
-0.2988974,-2.464416,0.5086472,0.0,-0.9659258,0.258819
-0.2988974,-2.60159,-0.00329352,0.0,-0.9659258,0.258819
0.4544604,-2.60159,-0.00329352,0.0,-0.9659258,0.258819
0.4544604,-2.464416,0.5086472,0.0,-0.9659258,0.258819
-0.2988974,-2.464416,0.5086472,0.0,-0.9659258,0.258819
0.4544604,-2.60159,-0.00329352,0.0,-0.9659258,0.258819
0.5373187,-3.044695,0.1154362,-2.141885e-15,0.258819,0.9659258
0.5492413,-3.005767,0.1050055,-2.141885e-15,0.258819,0.9659258
0.5465636,-2.965299,0.09416196,-2.141885e-15,0.258819,0.9659258
-0.43,-2.341941,0.5793578,-0.6064741,-0.7680108,0.2057879
-0.2988974,-2.60159,-0.00329352,-0.6064741,-0.7680108,0.2057879
-0.2988974,-2.464416,0.5086472,-0.6064741,-0.7680108,0.2057879
0.3653389,-2.829771,0.6065438,0.0,-0.258819,-0.9659258
-0.2988974,-2.464416,0.5086472,0.0,-0.258819,-0.9659258
0.4544604,-2.464416,0.5086472,0.0,-0.258819,-0.9659258
0.3653389,-2.829771,0.6065438,-5.250923e-16,-0.258819,-0.9659258
0.3600108,-2.855665,0.6134821,-5.250923e-16,-0.258819,-0.9659258
-0.2988974,-2.464416,0.5086472,-5.250923e-16,-0.258819,-0.9659258
0.3572231,-2.947826,0.6381766,-1.626375e-16,-0.258819,-0.9659258
-0.2988974,-2.464416,0.5086472,-1.626375e-16,-0.258819,-0.9659258
0.3600108,-2.855665,0.6134821,-1.626375e-16,-0.258819,-0.9659258
-0.43,-2.341941,0.5793578,-0.6064741,-0.7680108,0.2057879
-0.2988974,-2.464416,0.5086472,-0.6064741,-0.7680108,0.2057879
0.3572231,-2.947826,0.6381766,-0.6064741,-0.7680108,0.2057879
0.3804887,-2.807876,0.600677,-9.584953e-15,-0.258819,-0.9659258
0.3653389,-2.829771,0.6065438,-9.584953e-15,-0.258819,-0.9659258
0.4544604,-2.464416,0.5086472,-9.584953e-15,-0.258819,-0.9659258
0.4032306,-2.7932,0.5967445,1.058889e-15,-0.258819,-0.9659258
0.3804887,-2.807876,0.600677,1.058889e-15,-0.258819,-0.9659258
0.4544604,-2.464416,0.5086472,1.058889e-15,-0.258819,-0.9659258
0.43,-2.78805,0.5953648,1.78478e-15,-0.258819,-0.9659258
0.4032306,-2.7932,0.5967445,1.78478e-15,-0.258819,-0.9659258
0.4544604,-2.464416,0.5086472,1.78478e-15,-0.258819,-0.9659258
0.4567694,-2.7932,0.5967445,-1.733626e-15,-0.258819,-0.9659258
0.43,-2.78805,0.5953648,-1.733626e-15,-0.258819,-0.9659258
0.4544604,-2.464416,0.5086472,-1.733626e-15,-0.258819,-0.9659258
0.5465636,-2.828124,0.6061026,3.556994e-16,-0.258819,-0.9659258
0.4567694,-2.7932,0.5967445,3.556994e-16,-0.258819,-0.9659258
0.4544604,-2.464416,0.5086472,3.556994e-16,-0.258819,-0.9659258
0.43,-2.341941,0.5793578,0.9713631,0.2295037,-0.06149534
0.5465636,-2.828124,0.6061026,0.9713631,0.2295037,-0.06149534
0.4544604,-2.464416,0.5086472,0.9713631,0.2295037,-0.06149534
0.3945465,-2.966392,0.6431512,1.802044e-15,-0.258819,-0.9659258
0.4032306,-2.91813,0.6302196,1.802044e-15,-0.258819,-0.9659258
0.43,-2.92328,0.6315994,1.802044e-15,-0.258819,-0.9659258
0.43,-2.897398,0.728192,0.1953136,0.9473229,-0.2538344
0.43,-2.92328,0.6315994,0.1953136,0.9473229,-0.2538344
0.4032306,-2.91813,0.6302196,0.1953136,0.9473229,-0.2538344
0.436251,-2.971416,0.6444976,-2.140865e-15,-0.258819,-0.9659258
0.43,-2.92328,0.6315994,-2.140865e-15,-0.258819,-0.9659258
0.4567694,-2.91813,0.6302196,-2.140865e-15,-0.258819,-0.9659258
0.4567694,-2.892248,0.7268122,-0.1953136,0.9473229,-0.2538344
0.4567694,-2.91813,0.6302196,-0.1953136,0.9473229,-0.2538344
0.43,-2.92328,0.6315994,-0.1953136,0.9473229,-0.2538344
0.436251,-2.971416,0.6444976,-4.438432e-16,-0.258819,-0.9659258
0.3945465,-2.966392,0.6431512,-4.438432e-16,-0.258819,-0.9659258
0.43,-2.92328,0.6315994,-4.438432e-16,-0.258819,-0.9659258
0.4567694,-2.892248,0.7268122,-0.1953136,0.9473229,-0.2538344
0.43,-2.92328,0.6315994,-0.1953136,0.9473229,-0.2538344
0.43,-2.897398,0.728192,-0.1953136,0.9473229,-0.2538344
0.3945465,-2.966392,0.6431512,-2.137253e-15,-0.258819,-0.9659258
0.3804887,-2.903454,0.6262872,-2.137253e-15,-0.258819,-0.9659258
0.4032306,-2.91813,0.6302196,-2.137253e-15,-0.258819,-0.9659258
0.4032306,-2.892248,0.7268122,0.5555246,0.8031674,-0.2152081
0.4032306,-2.91813,0.6302196,0.5555246,0.8031674,-0.2152081
0.3804887,-2.903454,0.6262872,0.5555246,0.8031674,-0.2152081
0.4032306,-2.892248,0.7268122,0.1953136,0.9473229,-0.2538344
0.43,-2.897398,0.728192,0.1953136,0.9473229,-0.2538344
0.4032306,-2.91813,0.6302196,0.1953136,0.9473229,-0.2538344
0.3572231,-2.947826,0.6381766,-8.862829e-16,-0.258819,-0.9659258
0.3653389,-2.881559,0.6204204,-8.862829e-16,-0.258819,-0.9659258
0.3804887,-2.903454,0.6262872,-8.862829e-16,-0.258819,-0.9659258
0.3804887,-2.877572,0.7228798,0.8314023,0.5367369,-0.1438182
0.3804887,-2.903454,0.6262872,0.8314023,0.5367369,-0.1438182
0.3653389,-2.881559,0.6204204,0.8314023,0.5367369,-0.1438182
0.3945465,-2.966392,0.6431512,8.275543e-16,-0.258819,-0.9659258
0.3572231,-2.947826,0.6381766,8.275543e-16,-0.258819,-0.9659258
0.3804887,-2.903454,0.6262872,8.275543e-16,-0.258819,-0.9659258
0.4032306,-2.892248,0.7268122,0.5555246,0.8031674,-0.2152081
0.3804887,-2.903454,0.6262872,0.5555246,0.8031674,-0.2152081
0.3804887,-2.877572,0.7228798,0.5555246,0.8031674,-0.2152081
0.3572231,-2.947826,0.6381766,1.859394e-15,-0.258819,-0.9659258
0.3600108,-2.855665,0.6134821,1.859394e-15,-0.258819,-0.9659258
0.3653389,-2.881559,0.6204204,1.859394e-15,-0.258819,-0.9659258
0.3653389,-2.855677,0.717013,0.9808156,0.1882956,-0.05045364
0.3653389,-2.881559,0.6204204,0.9808156,0.1882956,-0.05045364
0.3600108,-2.855665,0.6134821,0.9808156,0.1882956,-0.05045364
0.3804887,-2.877572,0.7228798,0.8314023,0.5367369,-0.1438182
0.3653389,-2.881559,0.6204204,0.8314023,0.5367369,-0.1438182
0.3653389,-2.855677,0.717013,0.8314023,0.5367369,-0.1438182
0.3600108,-2.829783,0.7100747,0.9808156,-0.1882956,0.05045364
0.3600108,-2.855665,0.6134821,0.9808156,-0.1882956,0.05045364
0.3653389,-2.829771,0.6065438,0.9808156,-0.1882956,0.05045364
0.3653389,-2.855677,0.717013,0.9808156,0.1882956,-0.05045364
0.3600108,-2.855665,0.6134821,0.9808156,0.1882956,-0.05045364
0.3600108,-2.829783,0.7100747,0.9808156,0.1882956,-0.05045364
0.3653389,-2.803889,0.7031363,0.8314023,-0.5367369,0.1438182
0.3653389,-2.829771,0.6065438,0.8314023,-0.5367369,0.1438182
0.3804887,-2.807876,0.600677,0.8314023,-0.5367369,0.1438182
0.3600108,-2.829783,0.7100747,0.9808156,-0.1882956,0.05045364
0.3653389,-2.829771,0.6065438,0.9808156,-0.1882956,0.05045364
0.3653389,-2.803889,0.7031363,0.9808156,-0.1882956,0.05045364
0.3804887,-2.781994,0.6972696,0.5555246,-0.8031674,0.2152081
0.3804887,-2.807876,0.600677,0.5555246,-0.8031674,0.2152081
0.4032306,-2.7932,0.5967445,0.5555246,-0.8031674,0.2152081
0.3653389,-2.803889,0.7031363,0.8314023,-0.5367369,0.1438182
0.3804887,-2.807876,0.600677,0.8314023,-0.5367369,0.1438182
0.3804887,-2.781994,0.6972696,0.8314023,-0.5367369,0.1438182
0.4032306,-2.767318,0.6933371,0.1953136,-0.9473229,0.2538344
0.4032306,-2.7932,0.5967445,0.1953136,-0.9473229,0.2538344
0.43,-2.78805,0.5953648,0.1953136,-0.9473229,0.2538344
0.3804887,-2.781994,0.6972696,0.5555246,-0.8031674,0.2152081
0.4032306,-2.7932,0.5967445,0.5555246,-0.8031674,0.2152081
0.4032306,-2.767318,0.6933371,0.5555246,-0.8031674,0.2152081
0.43,-2.762168,0.6919573,-0.1953136,-0.9473229,0.2538344
0.43,-2.78805,0.5953648,-0.1953136,-0.9473229,0.2538344
0.4567694,-2.7932,0.5967445,-0.1953136,-0.9473229,0.2538344
0.4032306,-2.767318,0.6933371,0.1953136,-0.9473229,0.2538344
0.43,-2.78805,0.5953648,0.1953136,-0.9473229,0.2538344
0.43,-2.762168,0.6919573,0.1953136,-0.9473229,0.2538344
0.5465636,-2.828124,0.6061026,2.300251e-15,-0.258819,-0.9659258
0.4795113,-2.807876,0.600677,2.300251e-15,-0.258819,-0.9659258
0.4567694,-2.7932,0.5967445,2.300251e-15,-0.258819,-0.9659258
0.4567694,-2.767318,0.6933371,-0.5555246,-0.8031674,0.2152081
0.4567694,-2.7932,0.5967445,-0.5555246,-0.8031674,0.2152081
0.4795113,-2.807876,0.600677,-0.5555246,-0.8031674,0.2152081
0.43,-2.762168,0.6919573,-0.1953136,-0.9473229,0.2538344
0.4567694,-2.7932,0.5967445,-0.1953136,-0.9473229,0.2538344
0.4567694,-2.767318,0.6933371,-0.1953136,-0.9473229,0.2538344
0.5465636,-2.828124,0.6061026,-8.651294e-16,-0.258819,-0.9659258
0.4946611,-2.829771,0.6065438,-8.651294e-16,-0.258819,-0.9659258
0.4795113,-2.807876,0.600677,-8.651294e-16,-0.258819,-0.9659258
0.4795113,-2.781994,0.6972696,-0.8314023,-0.5367369,0.1438182
0.4795113,-2.807876,0.600677,-0.8314023,-0.5367369,0.1438182
0.4946611,-2.829771,0.6065438,-0.8314023,-0.5367369,0.1438182
0.4567694,-2.767318,0.6933371,-0.5555246,-0.8031674,0.2152081
0.4795113,-2.807876,0.600677,-0.5555246,-0.8031674,0.2152081
0.4795113,-2.781994,0.6972696,-0.5555246,-0.8031674,0.2152081
0.5465636,-2.828124,0.6061026,-1.002796e-15,-0.258819,-0.9659258
0.4999892,-2.855665,0.6134821,-1.002796e-15,-0.258819,-0.9659258
0.4946611,-2.829771,0.6065438,-1.002796e-15,-0.258819,-0.9659258
0.4946611,-2.803889,0.7031363,-0.9808156,-0.1882956,0.05045364
0.4946611,-2.829771,0.6065438,-0.9808156,-0.1882956,0.05045364
0.4999892,-2.855665,0.6134821,-0.9808156,-0.1882956,0.05045364
0.4795113,-2.781994,0.6972696,-0.8314023,-0.5367369,0.1438182
0.4946611,-2.829771,0.6065438,-0.8314023,-0.5367369,0.1438182
0.4946611,-2.803889,0.7031363,-0.8314023,-0.5367369,0.1438182
0.5122853,-2.940025,0.6360862,-2.454925e-15,-0.258819,-0.9659258
0.4946611,-2.881559,0.6204204,-2.454925e-15,-0.258819,-0.9659258
0.4999892,-2.855665,0.6134821,-2.454925e-15,-0.258819,-0.9659258
0.4999892,-2.829783,0.7100747,-0.9808156,0.1882956,-0.05045364
0.4999892,-2.855665,0.6134821,-0.9808156,0.1882956,-0.05045364
0.4946611,-2.881559,0.6204204,-0.9808156,0.1882956,-0.05045364
0.5465636,-2.828124,0.6061026,-1.374214e-15,-0.258819,-0.9659258
0.5122853,-2.940025,0.6360862,-1.374214e-15,-0.258819,-0.9659258
0.4999892,-2.855665,0.6134821,-1.374214e-15,-0.258819,-0.9659258
0.4946611,-2.803889,0.7031363,-0.9808156,-0.1882956,0.05045364
0.4999892,-2.855665,0.6134821,-0.9808156,-0.1882956,0.05045364
0.4999892,-2.829783,0.7100747,-0.9808156,-0.1882956,0.05045364
0.4771072,-2.962264,0.6420453,1.499071e-15,-0.258819,-0.9659258
0.4795113,-2.903454,0.6262872,1.499071e-15,-0.258819,-0.9659258
0.4946611,-2.881559,0.6204204,1.499071e-15,-0.258819,-0.9659258
0.4946611,-2.855677,0.717013,-0.8314023,0.5367369,-0.1438182
0.4946611,-2.881559,0.6204204,-0.8314023,0.5367369,-0.1438182
0.4795113,-2.903454,0.6262872,-0.8314023,0.5367369,-0.1438182
0.5122853,-2.940025,0.6360862,-2.35228e-16,-0.258819,-0.9659258
0.4771072,-2.962264,0.6420453,-2.35228e-16,-0.258819,-0.9659258
0.4946611,-2.881559,0.6204204,-2.35228e-16,-0.258819,-0.9659258
0.4999892,-2.829783,0.7100747,-0.9808156,0.1882956,-0.05045364
0.4946611,-2.881559,0.6204204,-0.9808156,0.1882956,-0.05045364
0.4946611,-2.855677,0.717013,-0.9808156,0.1882956,-0.05045364
0.4771072,-2.962264,0.6420453,1.286786e-15,-0.258819,-0.9659258
0.4567694,-2.91813,0.6302196,1.286786e-15,-0.258819,-0.9659258
0.4795113,-2.903454,0.6262872,1.286786e-15,-0.258819,-0.9659258
0.4795113,-2.877572,0.7228798,-0.5555246,0.8031674,-0.2152081
0.4795113,-2.903454,0.6262872,-0.5555246,0.8031674,-0.2152081
0.4567694,-2.91813,0.6302196,-0.5555246,0.8031674,-0.2152081
0.4946611,-2.855677,0.717013,-0.8314023,0.5367369,-0.1438182
0.4795113,-2.903454,0.6262872,-0.8314023,0.5367369,-0.1438182
0.4795113,-2.877572,0.7228798,-0.8314023,0.5367369,-0.1438182
0.4771072,-2.962264,0.6420453,-8.094187e-16,-0.258819,-0.9659258
0.436251,-2.971416,0.6444976,-8.094187e-16,-0.258819,-0.9659258
0.4567694,-2.91813,0.6302196,-8.094187e-16,-0.258819,-0.9659258
0.4795113,-2.877572,0.7228798,-0.5555246,0.8031674,-0.2152081
0.4567694,-2.91813,0.6302196,-0.5555246,0.8031674,-0.2152081
0.4567694,-2.892248,0.7268122,-0.5555246,0.8031674,-0.2152081
0.3572231,-2.921944,0.7347692,-0.4578289,-0.858747,0.2301006
0.3572231,-2.947826,0.6381766,-0.4578289,-0.858747,0.2301006
0.3945465,-2.966392,0.6431512,-0.4578289,-0.858747,0.2301006
-0.43,-2.341941,0.5793578,-0.6064741,-0.7680108,0.2057879
0.3572231,-2.947826,0.6381766,-0.6064741,-0.7680108,0.2057879
0.3572231,-2.921944,0.7347692,-0.6064741,-0.7680108,0.2057879
0.3945465,-2.94051,0.7397438,-0.123771,-0.9584986,0.2568289
0.3945465,-2.966392,0.6431512,-0.123771,-0.9584986,0.2568289
0.436251,-2.971416,0.6444976,-0.123771,-0.9584986,0.2568289
0.3572231,-2.921944,0.7347692,-0.4578289,-0.858747,0.2301006
0.3945465,-2.966392,0.6431512,-0.4578289,-0.858747,0.2301006
0.3945465,-2.94051,0.7397438,-0.4578289,-0.858747,0.2301006
0.436251,-2.945534,0.7410902,0.225913,-0.9409542,0.2521279
0.436251,-2.971416,0.6444976,0.225913,-0.9409542,0.2521279
0.4771072,-2.962264,0.6420453,0.225913,-0.9409542,0.2521279
0.3945465,-2.94051,0.7397438,-0.123771,-0.9584986,0.2568289
0.436251,-2.971416,0.6444976,-0.123771,-0.9584986,0.2568289
0.436251,-2.945534,0.7410902,-0.123771,-0.9584986,0.2568289
0.4771072,-2.936382,0.7386379,0.5476357,-0.8082064,0.2165583
0.4771072,-2.962264,0.6420453,0.5476357,-0.8082064,0.2165583
0.5122853,-2.940025,0.6360862,0.5476357,-0.8082064,0.2165583
0.436251,-2.945534,0.7410902,0.225913,-0.9409542,0.2521279
0.4771072,-2.962264,0.6420453,0.225913,-0.9409542,0.2521279
0.4771072,-2.936382,0.7386379,0.225913,-0.9409542,0.2521279
0.5465636,-2.828124,0.6061026,-3.724538e-15,-0.258819,-0.9659258
0.5373187,-2.907521,0.6273769,-3.724538e-15,-0.258819,-0.9659258
0.5122853,-2.940025,0.6360862,-3.724538e-15,-0.258819,-0.9659258
0.5122853,-2.914143,0.7326788,0.8023318,-0.5765401,0.1544835
0.5122853,-2.940025,0.6360862,0.8023318,-0.5765401,0.1544835
0.5373187,-2.907521,0.6273769,0.8023318,-0.5765401,0.1544835
0.4771072,-2.936382,0.7386379,0.5476357,-0.8082064,0.2165583
0.5122853,-2.940025,0.6360862,0.5476357,-0.8082064,0.2165583
0.5122853,-2.914143,0.7326788,0.5476357,-0.8082064,0.2165583
0.5465636,-2.828124,0.6061026,2.855847e-15,-0.258819,-0.9659258
0.5492413,-2.868593,0.6169462,2.855847e-15,-0.258819,-0.9659258
0.5373187,-2.907521,0.6273769,2.855847e-15,-0.258819,-0.9659258
0.5373187,-2.881639,0.7239694,0.9589174,-0.274019,0.07342317
0.5373187,-2.907521,0.6273769,0.9589174,-0.274019,0.07342317
0.5492413,-2.868593,0.6169462,0.9589174,-0.274019,0.07342317
0.5122853,-2.914143,0.7326788,0.8023318,-0.5765401,0.1544835
0.5373187,-2.907521,0.6273769,0.8023318,-0.5765401,0.1544835
0.5373187,-2.881639,0.7239694,0.8023318,-0.5765401,0.1544835
0.5492413,-2.842711,0.7135388,0.9979637,0.06161048,-0.01650848
0.5492413,-2.868593,0.6169462,0.9979637,0.06161048,-0.01650848
0.5465636,-2.828124,0.6061026,0.9979637,0.06161048,-0.01650848
0.5373187,-2.881639,0.7239694,0.9589174,-0.274019,0.07342317
0.5492413,-2.868593,0.6169462,0.9589174,-0.274019,0.07342317
0.5492413,-2.842711,0.7135388,0.9589174,-0.274019,0.07342317
0.5465636,-2.802243,0.7026952,0.9713631,0.2295037,-0.06149534
0.5465636,-2.828124,0.6061026,0.9713631,0.2295037,-0.06149534
0.43,-2.341941,0.5793578,0.9713631,0.2295037,-0.06149534
0.5492413,-2.842711,0.7135388,0.9979637,0.06161048,-0.01650848
0.5465636,-2.828124,0.6061026,0.9979637,0.06161048,-0.01650848
0.5465636,-2.802243,0.7026952,0.9979637,0.06161048,-0.01650848
0.5373187,-2.881639,0.7239694,-3.720787e-16,0.258819,0.9659258
0.5465636,-2.802243,0.7026952,-3.720787e-16,0.258819,0.9659258
0.43,-2.341941,0.5793578,-3.720787e-16,0.258819,0.9659258
0.5122853,-2.914143,0.7326788,-4.879365e-15,0.258819,0.9659258
0.5373187,-2.881639,0.7239694,-4.879365e-15,0.258819,0.9659258
0.43,-2.341941,0.5793578,-4.879365e-15,0.258819,0.9659258
0.4999892,-2.829783,0.7100747,6.217708e-13,0.258819,0.9659258
0.5122853,-2.914143,0.7326788,6.217708e-13,0.258819,0.9659258
0.43,-2.341941,0.5793578,6.217708e-13,0.258819,0.9659258
0.43,-2.762168,0.6919573,0.0,0.258819,0.9659258
0.43,-2.341941,0.5793578,0.0,0.258819,0.9659258
-0.43,-2.341941,0.5793578,0.0,0.258819,0.9659258
0.4946611,-2.803889,0.7031363,-7.399343e-14,0.258819,0.9659258
0.4999892,-2.829783,0.7100747,-7.399343e-14,0.258819,0.9659258
0.43,-2.341941,0.5793578,-7.399343e-14,0.258819,0.9659258
0.4795113,-2.781994,0.6972696,1.005487e-14,0.258819,0.9659258
0.4946611,-2.803889,0.7031363,1.005487e-14,0.258819,0.9659258
0.43,-2.341941,0.5793578,1.005487e-14,0.258819,0.9659258
0.4567694,-2.767318,0.6933371,1.421772e-15,0.258819,0.9659258
0.4795113,-2.781994,0.6972696,1.421772e-15,0.258819,0.9659258
0.43,-2.341941,0.5793578,1.421772e-15,0.258819,0.9659258
0.43,-2.762168,0.6919573,-2.18776e-15,0.258819,0.9659258
0.4567694,-2.767318,0.6933371,-2.18776e-15,0.258819,0.9659258
0.43,-2.341941,0.5793578,-2.18776e-15,0.258819,0.9659258
0.5373187,-2.881639,0.7239694,1.178037e-14,0.258819,0.9659258
0.5492413,-2.842711,0.7135388,1.178037e-14,0.258819,0.9659258
0.5465636,-2.802243,0.7026952,1.178037e-14,0.258819,0.9659258
0.4795113,-2.877572,0.7228798,0.0,0.258819,0.9659258
0.4771072,-2.936382,0.7386379,0.0,0.258819,0.9659258
0.5122853,-2.914143,0.7326788,0.0,0.258819,0.9659258
0.4946611,-2.855677,0.717013,-3.747202e-15,0.258819,0.9659258
0.4795113,-2.877572,0.7228798,-3.747202e-15,0.258819,0.9659258
0.5122853,-2.914143,0.7326788,-3.747202e-15,0.258819,0.9659258
0.4999892,-2.829783,0.7100747,6.273697e-15,0.258819,0.9659258
0.4946611,-2.855677,0.717013,6.273697e-15,0.258819,0.9659258
0.5122853,-2.914143,0.7326788,6.273697e-15,0.258819,0.9659258
0.4567694,-2.892248,0.7268122,6.317414e-16,0.258819,0.9659258
0.436251,-2.945534,0.7410902,6.317414e-16,0.258819,0.9659258
0.4771072,-2.936382,0.7386379,6.317414e-16,0.258819,0.9659258
0.4795113,-2.877572,0.7228798,-1.226468e-15,0.258819,0.9659258
0.4567694,-2.892248,0.7268122,-1.226468e-15,0.258819,0.9659258
0.4771072,-2.936382,0.7386379,-1.226468e-15,0.258819,0.9659258
0.4032306,-2.892248,0.7268122,8.148478e-16,0.258819,0.9659258
0.3945465,-2.94051,0.7397438,8.148478e-16,0.258819,0.9659258
0.436251,-2.945534,0.7410902,8.148478e-16,0.258819,0.9659258
0.4567694,-2.892248,0.7268122,2.140865e-15,0.258819,0.9659258
0.43,-2.897398,0.728192,2.140865e-15,0.258819,0.9659258
0.436251,-2.945534,0.7410902,2.140865e-15,0.258819,0.9659258
0.4032306,-2.892248,0.7268122,-2.250564e-15,0.258819,0.9659258
0.436251,-2.945534,0.7410902,-2.250564e-15,0.258819,0.9659258
0.43,-2.897398,0.728192,-2.250564e-15,0.258819,0.9659258
0.3653389,-2.855677,0.717013,-1.915729e-15,0.258819,0.9659258
0.3572231,-2.921944,0.7347692,-1.915729e-15,0.258819,0.9659258
0.3945465,-2.94051,0.7397438,-1.915729e-15,0.258819,0.9659258
0.3804887,-2.877572,0.7228798,-1.13533e-15,0.258819,0.9659258
0.3653389,-2.855677,0.717013,-1.13533e-15,0.258819,0.9659258
0.3945465,-2.94051,0.7397438,-1.13533e-15,0.258819,0.9659258
0.4032306,-2.892248,0.7268122,6.625484e-15,0.258819,0.9659258
0.3804887,-2.877572,0.7228798,6.625484e-15,0.258819,0.9659258
0.3945465,-2.94051,0.7397438,6.625484e-15,0.258819,0.9659258
0.3600108,-2.829783,0.7100747,1.129601e-16,0.258819,0.9659258
-0.43,-2.341941,0.5793578,1.129601e-16,0.258819,0.9659258
0.3572231,-2.921944,0.7347692,1.129601e-16,0.258819,0.9659258
0.3653389,-2.855677,0.717013,-1.961661e-14,0.258819,0.9659258
0.3600108,-2.829783,0.7100747,-1.961661e-14,0.258819,0.9659258
0.3572231,-2.921944,0.7347692,-1.961661e-14,0.258819,0.9659258
0.4032306,-2.767318,0.6933371,1.563099e-15,0.258819,0.9659258
0.43,-2.762168,0.6919573,1.563099e-15,0.258819,0.9659258
-0.43,-2.341941,0.5793578,1.563099e-15,0.258819,0.9659258
0.3804887,-2.781994,0.6972696,-6.024646e-16,0.258819,0.9659258
0.4032306,-2.767318,0.6933371,-6.024646e-16,0.258819,0.9659258
-0.43,-2.341941,0.5793578,-6.024646e-16,0.258819,0.9659258
0.3653389,-2.803889,0.7031363,-2.419485e-15,0.258819,0.9659258
0.3804887,-2.781994,0.6972696,-2.419485e-15,0.258819,0.9659258
-0.43,-2.341941,0.5793578,-2.419485e-15,0.258819,0.9659258
0.3600108,-2.829783,0.7100747,5.269008e-16,0.258819,0.9659258
0.3653389,-2.803889,0.7031363,5.269008e-16,0.258819,0.9659258
-0.43,-2.341941,0.5793578,5.269008e-16,0.258819,0.9659258
