4746.68,125.0,6048.46,0.0,-1.0,0.0
4784.04,125.0,5909.04,0.0,-1.0,0.0
4848.74,125.0,6150.52,0.0,-1.0,0.0
4848.74,125.0,6150.52,0.0,-1.0,0.0
4784.04,125.0,5909.04,0.0,-1.0,0.0
4923.46,125.0,5871.68,0.0,-1.0,0.0
4848.74,125.0,6150.52,0.0,-1.0,0.0
4923.46,125.0,5871.68,0.0,-1.0,0.0
4988.16,125.0,6113.16,0.0,-1.0,0.0
4988.16,125.0,6113.16,0.0,-1.0,0.0
4923.46,125.0,5871.68,0.0,-1.0,0.0
5025.52,125.0,5973.74,0.0,-1.0,0.0
4746.68,125.0,6048.46,0.965928,0.0,0.258812
4746.68,0.0,6048.46,0.965928,0.0,0.258812
4784.04,125.0,5909.04,0.965928,0.0,0.258812
4784.04,125.0,5909.04,0.965928,0.0,0.258812
4746.68,0.0,6048.46,0.965928,0.0,0.258812
4784.04,0.0,5909.04,0.965928,0.0,0.258812
4848.74,125.0,6150.52,0.707107,0.0,-0.707107
4848.74,0.0,6150.52,0.707107,0.0,-0.707107
4746.68,125.0,6048.46,0.707107,0.0,-0.707107
4746.68,125.0,6048.46,0.707107,0.0,-0.707107
4848.74,0.0,6150.52,0.707107,0.0,-0.707107
4746.68,0.0,6048.46,0.707107,0.0,-0.707107
4988.16,125.0,6113.16,-0.258812,0.0,-0.965928
4988.16,0.0,6113.16,-0.258812,0.0,-0.965928
4848.74,125.0,6150.52,-0.258812,0.0,-0.965928
4848.74,125.0,6150.52,-0.258812,0.0,-0.965928
4988.16,0.0,6113.16,-0.258812,0.0,-0.965928
4848.74,0.0,6150.52,-0.258812,0.0,-0.965928
5025.52,125.0,5973.74,-0.965928,0.0,-0.258812
5025.52,0.0,5973.74,-0.965928,0.0,-0.258812
4988.16,125.0,6113.16,-0.965928,0.0,-0.258812
4988.16,125.0,6113.16,-0.965928,0.0,-0.258812
5025.52,0.0,5973.74,-0.965928,0.0,-0.258812
4988.16,0.0,6113.16,-0.965928,0.0,-0.258812
4923.46,125.0,5871.68,-0.707107,0.0,0.707107
4923.46,0.0,5871.68,-0.707107,0.0,0.707107
5025.52,125.0,5973.74,-0.707107,0.0,0.707107
5025.52,125.0,5973.74,-0.707107,0.0,0.707107
4923.46,0.0,5871.68,-0.707107,0.0,0.707107
5025.52,0.0,5973.74,-0.707107,0.0,0.707107
4784.04,125.0,5909.04,0.258812,0.0,0.965928
4784.04,0.0,5909.04,0.258812,0.0,0.965928
4923.46,125.0,5871.68,0.258812,0.0,0.965928
4923.46,125.0,5871.68,0.258812,0.0,0.965928
4784.04,0.0,5909.04,0.258812,0.0,0.965928
4923.46,0.0,5871.68,0.258812,0.0,0.965928
5048.48,0.0,6104.85,0.0,-1.0,0.0
5032.69,0.0,6128.0,0.0,-1.0,0.0
5013.63,0.0,6148.55,0.0,-1.0,0.0
4758.57,0.0,5873.65,0.0,-1.0,0.0
4780.48,0.0,5856.18,0.0,-1.0,0.0
4784.04,0.0,5909.04,0.0,-1.0,0.0
4784.04,0.0,5909.04,0.0,-1.0,0.0
4780.48,0.0,5856.18,0.0,-1.0,0.0
4804.75,0.0,5842.17,0.0,-1.0,0.0
4886.1,0.0,5823.6,0.0,-1.0,0.0
4923.46,0.0,5871.68,0.0,-1.0,0.0
4858.15,0.0,5825.69,0.0,-1.0,0.0
4858.15,0.0,5825.69,0.0,-1.0,0.0
4923.46,0.0,5871.68,0.0,-1.0,0.0
4784.04,0.0,5909.04,0.0,-1.0,0.0
4858.15,0.0,5825.69,0.0,-1.0,0.0
4784.04,0.0,5909.04,0.0,-1.0,0.0
4830.83,0.0,5831.93,0.0,-1.0,0.0
4830.83,0.0,5831.93,0.0,-1.0,0.0
4784.04,0.0,5909.04,0.0,-1.0,0.0
4804.75,0.0,5842.17,0.0,-1.0,0.0
4746.68,0.0,6048.46,0.0,-1.0,0.0
4703.3,0.0,6052.82,0.0,-1.0,0.0
4699.12,0.0,6025.11,0.0,-1.0,0.0
5025.52,0.0,5973.74,0.0,-1.0,0.0
5068.9,0.0,5969.38,0.0,-1.0,0.0
5073.08,0.0,5997.09,0.0,-1.0,0.0
4967.45,0.0,5842.17,0.0,-1.0,0.0
4923.46,0.0,5871.68,0.0,-1.0,0.0
4941.37,0.0,5831.93,0.0,-1.0,0.0
4941.37,0.0,5831.93,0.0,-1.0,0.0
4923.46,0.0,5871.68,0.0,-1.0,0.0
4886.1,0.0,5823.6,0.0,-1.0,0.0
4941.37,0.0,5831.93,0.0,-1.0,0.0
4886.1,0.0,5823.6,0.0,-1.0,0.0
4914.05,0.0,5825.69,0.0,-1.0,0.0
4739.51,0.0,5894.2,0.0,-1.0,0.0
4758.57,0.0,5873.65,0.0,-1.0,0.0
4723.72,0.0,5917.35,0.0,-1.0,0.0
4723.72,0.0,5917.35,0.0,-1.0,0.0
4758.57,0.0,5873.65,0.0,-1.0,0.0
4784.04,0.0,5909.04,0.0,-1.0,0.0
4723.72,0.0,5917.35,0.0,-1.0,0.0
4784.04,0.0,5909.04,0.0,-1.0,0.0
4711.56,0.0,5942.6,0.0,-1.0,0.0
4711.56,0.0,5942.6,0.0,-1.0,0.0
4784.04,0.0,5909.04,0.0,-1.0,0.0
4746.68,0.0,6048.46,0.0,-1.0,0.0
4711.56,0.0,5942.6,0.0,-1.0,0.0
4746.68,0.0,6048.46,0.0,-1.0,0.0
4703.3,0.0,5969.38,0.0,-1.0,0.0
4703.3,0.0,5969.38,0.0,-1.0,0.0
4746.68,0.0,6048.46,0.0,-1.0,0.0
4699.12,0.0,6025.11,0.0,-1.0,0.0
4703.3,0.0,5969.38,0.0,-1.0,0.0
4699.12,0.0,6025.11,0.0,-1.0,0.0
4699.12,0.0,5997.09,0.0,-1.0,0.0
4848.74,0.0,6150.52,0.0,-1.0,0.0
4830.83,0.0,6190.27,0.0,-1.0,0.0
4804.75,0.0,6180.03,0.0,-1.0,0.0
5048.48,0.0,6104.85,0.0,-1.0,0.0
4988.16,0.0,6113.16,0.0,-1.0,0.0
5060.64,0.0,6079.6,0.0,-1.0,0.0
5060.64,0.0,6079.6,0.0,-1.0,0.0
4988.16,0.0,6113.16,0.0,-1.0,0.0
5025.52,0.0,5973.74,0.0,-1.0,0.0
5060.64,0.0,6079.6,0.0,-1.0,0.0
5025.52,0.0,5973.74,0.0,-1.0,0.0
5068.9,0.0,6052.82,0.0,-1.0,0.0
5068.9,0.0,6052.82,0.0,-1.0,0.0
5025.52,0.0,5973.74,0.0,-1.0,0.0
5073.08,0.0,5997.09,0.0,-1.0,0.0
5068.9,0.0,6052.82,0.0,-1.0,0.0
5073.08,0.0,5997.09,0.0,-1.0,0.0
5073.08,0.0,6025.11,0.0,-1.0,0.0
5060.64,0.0,5942.6,0.0,-1.0,0.0
5068.9,0.0,5969.38,0.0,-1.0,0.0
5048.48,0.0,5917.35,0.0,-1.0,0.0
5048.48,0.0,5917.35,0.0,-1.0,0.0
5068.9,0.0,5969.38,0.0,-1.0,0.0
5025.52,0.0,5973.74,0.0,-1.0,0.0
5048.48,0.0,5917.35,0.0,-1.0,0.0
5025.52,0.0,5973.74,0.0,-1.0,0.0
5032.69,0.0,5894.2,0.0,-1.0,0.0
5032.69,0.0,5894.2,0.0,-1.0,0.0
5025.52,0.0,5973.74,0.0,-1.0,0.0
4923.46,0.0,5871.68,0.0,-1.0,0.0
5032.69,0.0,5894.2,0.0,-1.0,0.0
4923.46,0.0,5871.68,0.0,-1.0,0.0
5013.63,0.0,5873.65,0.0,-1.0,0.0
5013.63,0.0,5873.65,0.0,-1.0,0.0
4923.46,0.0,5871.68,0.0,-1.0,0.0
4967.45,0.0,5842.17,0.0,-1.0,0.0
5013.63,0.0,5873.65,0.0,-1.0,0.0
4967.45,0.0,5842.17,0.0,-1.0,0.0
4991.72,0.0,5856.18,0.0,-1.0,0.0
4711.56,0.0,6079.6,0.0,-1.0,0.0
4703.3,0.0,6052.82,0.0,-1.0,0.0
4723.72,0.0,6104.85,0.0,-1.0,0.0
4723.72,0.0,6104.85,0.0,-1.0,0.0
4703.3,0.0,6052.82,0.0,-1.0,0.0
4746.68,0.0,6048.46,0.0,-1.0,0.0
4723.72,0.0,6104.85,0.0,-1.0,0.0
4746.68,0.0,6048.46,0.0,-1.0,0.0
4739.51,0.0,6128.0,0.0,-1.0,0.0
4739.51,0.0,6128.0,0.0,-1.0,0.0
4746.68,0.0,6048.46,0.0,-1.0,0.0
4848.74,0.0,6150.52,0.0,-1.0,0.0
4739.51,0.0,6128.0,0.0,-1.0,0.0
4848.74,0.0,6150.52,0.0,-1.0,0.0
4758.57,0.0,6148.55,0.0,-1.0,0.0
4758.57,0.0,6148.55,0.0,-1.0,0.0
4848.74,0.0,6150.52,0.0,-1.0,0.0
4804.75,0.0,6180.03,0.0,-1.0,0.0
4758.57,0.0,6148.55,0.0,-1.0,0.0
4804.75,0.0,6180.03,0.0,-1.0,0.0
4780.48,0.0,6166.02,0.0,-1.0,0.0
5048.48,0.0,6104.85,0.0,-1.0,0.0
5013.63,0.0,6148.55,0.0,-1.0,0.0
4988.16,0.0,6113.16,0.0,-1.0,0.0
4988.16,0.0,6113.16,0.0,-1.0,0.0
5013.63,0.0,6148.55,0.0,-1.0,0.0
4991.72,0.0,6166.02,0.0,-1.0,0.0
4988.16,0.0,6113.16,0.0,-1.0,0.0
4991.72,0.0,6166.02,0.0,-1.0,0.0
4967.45,0.0,6180.03,0.0,-1.0,0.0
4858.15,0.0,6196.51,0.0,-1.0,0.0
4830.83,0.0,6190.27,0.0,-1.0,0.0
4886.1,0.0,6198.6,0.0,-1.0,0.0
4886.1,0.0,6198.6,0.0,-1.0,0.0
4830.83,0.0,6190.27,0.0,-1.0,0.0
4848.74,0.0,6150.52,0.0,-1.0,0.0
4886.1,0.0,6198.6,0.0,-1.0,0.0
4848.74,0.0,6150.52,0.0,-1.0,0.0
4914.05,0.0,6196.51,0.0,-1.0,0.0
4914.05,0.0,6196.51,0.0,-1.0,0.0
4848.74,0.0,6150.52,0.0,-1.0,0.0
4988.16,0.0,6113.16,0.0,-1.0,0.0
4914.05,0.0,6196.51,0.0,-1.0,0.0
4988.16,0.0,6113.16,0.0,-1.0,0.0
4941.37,0.0,6190.27,0.0,-1.0,0.0
4941.37,0.0,6190.27,0.0,-1.0,0.0
4988.16,0.0,6113.16,0.0,-1.0,0.0
4967.45,0.0,6180.03,0.0,-1.0,0.0
4914.05,250.0,6196.51,0.222502,0.0,0.974932
4914.05,0.0,6196.51,0.222502,0.0,0.974932
4941.37,250.0,6190.27,0.222502,0.0,0.974932
4941.37,250.0,6190.27,0.222502,0.0,0.974932
4914.05,0.0,6196.51,0.222502,0.0,0.974932
4941.37,0.0,6190.27,0.222502,0.0,0.974932
4941.37,250.0,6190.27,0.365345,0.0,0.930872
4941.37,0.0,6190.27,0.365345,0.0,0.930872
4967.45,250.0,6180.03,0.365345,0.0,0.930872
4967.45,250.0,6180.03,0.365345,0.0,0.930872
4941.37,0.0,6190.27,0.365345,0.0,0.930872
4967.45,0.0,6180.03,0.365345,0.0,0.930872
4967.45,250.0,6180.03,0.499992,0.0,0.86603
4967.45,0.0,6180.03,0.499992,0.0,0.86603
4991.72,250.0,6166.02,0.499992,0.0,0.86603
4991.72,250.0,6166.02,0.499992,0.0,0.86603
4967.45,0.0,6180.03,0.499992,0.0,0.86603
4991.72,0.0,6166.02,0.499992,0.0,0.86603
4991.72,250.0,6166.02,0.623496,0.0,0.781827
4991.72,0.0,6166.02,0.623496,0.0,0.781827
5013.63,250.0,6148.55,0.623496,0.0,0.781827
5013.63,250.0,6148.55,0.623496,0.0,0.781827
4991.72,0.0,6166.02,0.623496,0.0,0.781827
5013.63,0.0,6148.55,0.623496,0.0,0.781827
5013.63,250.0,6148.55,0.733053,0.0,0.680172
5013.63,0.0,6148.55,0.733053,0.0,0.680172
5032.69,250.0,6128.0,0.733053,0.0,0.680172
5032.69,250.0,6128.0,0.733053,0.0,0.680172
5013.63,0.0,6148.55,0.733053,0.0,0.680172
5032.69,0.0,6128.0,0.733053,0.0,0.680172
5032.69,250.0,6128.0,0.826248,0.0,0.563307
5032.69,0.0,6128.0,0.826248,0.0,0.563307
5048.48,250.0,6104.85,0.826248,0.0,0.563307
5048.48,250.0,6104.85,0.826248,0.0,0.563307
5032.69,0.0,6128.0,0.826248,0.0,0.563307
5048.48,0.0,6104.85,0.826248,0.0,0.563307
5048.48,250.0,6104.85,0.900967,0.0,0.433887
5048.48,0.0,6104.85,0.900967,0.0,0.433887
5060.64,250.0,6079.6,0.900967,0.0,0.433887
5060.64,250.0,6079.6,0.900967,0.0,0.433887
5048.48,0.0,6104.85,0.900967,0.0,0.433887
5060.64,0.0,6079.6,0.900967,0.0,0.433887
5060.64,250.0,6079.6,0.95557,0.0,0.294763
5060.64,0.0,6079.6,0.95557,0.0,0.294763
5068.9,250.0,6052.82,0.95557,0.0,0.294763
5068.9,250.0,6052.82,0.95557,0.0,0.294763
5060.64,0.0,6079.6,0.95557,0.0,0.294763
5068.9,0.0,6052.82,0.95557,0.0,0.294763
5068.9,250.0,6052.82,0.988831,0.0,0.149042
5068.9,0.0,6052.82,0.988831,0.0,0.149042
5073.08,250.0,6025.11,0.988831,0.0,0.149042
5073.08,250.0,6025.11,0.988831,0.0,0.149042
5068.9,0.0,6052.82,0.988831,0.0,0.149042
5073.08,0.0,6025.11,0.988831,0.0,0.149042
5073.08,250.0,6025.11,1.0,0.0,0.0
5073.08,0.0,6025.11,1.0,0.0,0.0
5073.08,250.0,5997.09,1.0,0.0,0.0
5073.08,250.0,5997.09,1.0,0.0,0.0
5073.08,0.0,6025.11,1.0,0.0,0.0
5073.08,0.0,5997.09,1.0,0.0,0.0
5073.08,250.0,5997.09,0.98883,0.0,-0.149045
5073.08,0.0,5997.09,0.98883,0.0,-0.149045
5068.9,250.0,5969.38,0.98883,0.0,-0.149045
5068.9,250.0,5969.38,0.98883,0.0,-0.149045
5073.08,0.0,5997.09,0.98883,0.0,-0.149045
5068.9,0.0,5969.38,0.98883,0.0,-0.149045
5068.9,250.0,5969.38,0.955573,0.0,-0.294753
5068.9,0.0,5969.38,0.955573,0.0,-0.294753
5060.64,250.0,5942.6,0.955573,0.0,-0.294753
5060.64,250.0,5942.6,0.955573,0.0,-0.294753
5068.9,0.0,5969.38,0.955573,0.0,-0.294753
5060.64,0.0,5942.6,0.955573,0.0,-0.294753
5060.64,250.0,5942.6,0.900967,0.0,-0.433887
5060.64,0.0,5942.6,0.900967,0.0,-0.433887
5048.48,250.0,5917.35,0.900967,0.0,-0.433887
5048.48,250.0,5917.35,0.900967,0.0,-0.433887
5060.64,0.0,5942.6,0.900967,0.0,-0.433887
5048.48,0.0,5917.35,0.900967,0.0,-0.433887
5048.48,250.0,5917.35,0.826242,0.0,-0.563315
5048.48,0.0,5917.35,0.826242,0.0,-0.563315
5032.69,250.0,5894.2,0.826242,0.0,-0.563315
5032.69,250.0,5894.2,0.826242,0.0,-0.563315
5048.48,0.0,5917.35,0.826242,0.0,-0.563315
5032.69,0.0,5894.2,0.826242,0.0,-0.563315
5032.69,250.0,5894.2,0.733045,0.0,-0.68018
5032.69,0.0,5894.2,0.733045,0.0,-0.68018
5013.63,250.0,5873.65,0.733045,0.0,-0.68018
5013.63,250.0,5873.65,0.733045,0.0,-0.68018
5032.69,0.0,5894.2,0.733045,0.0,-0.68018
5013.63,0.0,5873.65,0.733045,0.0,-0.68018
5013.63,250.0,5873.65,0.623496,0.0,-0.781827
5013.63,0.0,5873.65,0.623496,0.0,-0.781827
4991.72,250.0,5856.18,0.623496,0.0,-0.781827
4991.72,250.0,5856.18,0.623496,0.0,-0.781827
5013.63,0.0,5873.65,0.623496,0.0,-0.781827
4991.72,0.0,5856.18,0.623496,0.0,-0.781827
4991.72,250.0,5856.18,0.499992,0.0,-0.86603
4991.72,0.0,5856.18,0.499992,0.0,-0.86603
4967.45,250.0,5842.17,0.499992,0.0,-0.86603
4967.45,250.0,5842.17,0.499992,0.0,-0.86603
4991.72,0.0,5856.18,0.499992,0.0,-0.86603
4967.45,0.0,5842.17,0.499992,0.0,-0.86603
4967.45,250.0,5842.17,0.365345,0.0,-0.930872
4967.45,0.0,5842.17,0.365345,0.0,-0.930872
4941.37,250.0,5831.93,0.365345,0.0,-0.930872
4941.37,250.0,5831.93,0.365345,0.0,-0.930872
4967.45,0.0,5842.17,0.365345,0.0,-0.930872
4941.37,0.0,5831.93,0.365345,0.0,-0.930872
4941.37,250.0,5831.93,0.222535,0.0,-0.974925
4941.37,0.0,5831.93,0.222535,0.0,-0.974925
4914.05,250.0,5825.69,0.222535,0.0,-0.974925
4914.05,250.0,5825.69,0.222535,0.0,-0.974925
4941.37,0.0,5831.93,0.222535,0.0,-0.974925
4914.05,0.0,5825.69,0.222535,0.0,-0.974925
4914.05,250.0,5825.69,0.0747297,0.0,-0.997204
4914.05,0.0,5825.69,0.0747297,0.0,-0.997204
4886.1,250.0,5823.6,0.0747297,0.0,-0.997204
4886.1,250.0,5823.6,0.0747297,0.0,-0.997204
4914.05,0.0,5825.69,0.0747297,0.0,-0.997204
4886.1,0.0,5823.6,0.0747297,0.0,-0.997204
4886.1,250.0,5823.6,-0.0747323,0.0,-0.997204
4886.1,0.0,5823.6,-0.0747323,0.0,-0.997204
4858.15,250.0,5825.69,-0.0747323,0.0,-0.997204
4858.15,250.0,5825.69,-0.0747323,0.0,-0.997204
4886.1,0.0,5823.6,-0.0747323,0.0,-0.997204
4858.15,0.0,5825.69,-0.0747323,0.0,-0.997204
4858.15,250.0,5825.69,-0.222535,0.0,-0.974925
4858.15,0.0,5825.69,-0.222535,0.0,-0.974925
4830.83,250.0,5831.93,-0.222535,0.0,-0.974925
4830.83,250.0,5831.93,-0.222535,0.0,-0.974925
4858.15,0.0,5825.69,-0.222535,0.0,-0.974925
4830.83,0.0,5831.93,-0.222535,0.0,-0.974925
4830.83,250.0,5831.93,-0.365339,0.0,-0.930875
4830.83,0.0,5831.93,-0.365339,0.0,-0.930875
4804.75,250.0,5842.17,-0.365339,0.0,-0.930875
4804.75,250.0,5842.17,-0.365339,0.0,-0.930875
4830.83,0.0,5831.93,-0.365339,0.0,-0.930875
4804.75,0.0,5842.17,-0.365339,0.0,-0.930875
4804.75,250.0,5842.17,-0.499999,0.0,-0.866026
4804.75,0.0,5842.17,-0.499999,0.0,-0.866026
4780.48,250.0,5856.18,-0.499999,0.0,-0.866026
4780.48,250.0,5856.18,-0.499999,0.0,-0.866026
4804.75,0.0,5842.17,-0.499999,0.0,-0.866026
4780.48,0.0,5856.18,-0.499999,0.0,-0.866026
4780.48,250.0,5856.18,-0.623496,0.0,-0.781827
4780.48,0.0,5856.18,-0.623496,0.0,-0.781827
4758.57,250.0,5873.65,-0.623496,0.0,-0.781827
4758.57,250.0,5873.65,-0.623496,0.0,-0.781827
4780.48,0.0,5856.18,-0.623496,0.0,-0.781827
4758.57,0.0,5873.65,-0.623496,0.0,-0.781827
4758.57,250.0,5873.65,-0.733045,0.0,-0.68018
4758.57,0.0,5873.65,-0.733045,0.0,-0.68018
4739.51,250.0,5894.2,-0.733045,0.0,-0.68018
4739.51,250.0,5894.2,-0.733045,0.0,-0.68018
4758.57,0.0,5873.65,-0.733045,0.0,-0.68018
4739.51,0.0,5894.2,-0.733045,0.0,-0.68018
4739.51,250.0,5894.2,-0.826234,0.0,-0.563327
4739.51,0.0,5894.2,-0.826234,0.0,-0.563327
4723.72,250.0,5917.35,-0.826234,0.0,-0.563327
4723.72,250.0,5917.35,-0.826234,0.0,-0.563327
4739.51,0.0,5894.2,-0.826234,0.0,-0.563327
4723.72,0.0,5917.35,-0.826234,0.0,-0.563327
4723.72,250.0,5917.35,-0.900967,0.0,-0.433887
4723.72,0.0,5917.35,-0.900967,0.0,-0.433887
4711.56,250.0,5942.6,-0.900967,0.0,-0.433887
4711.56,250.0,5942.6,-0.900967,0.0,-0.433887
4723.72,0.0,5917.35,-0.900967,0.0,-0.433887
4711.56,0.0,5942.6,-0.900967,0.0,-0.433887
4711.56,250.0,5942.6,-0.955573,0.0,-0.294753
4711.56,0.0,5942.6,-0.955573,0.0,-0.294753
4703.3,250.0,5969.38,-0.955573,0.0,-0.294753
4703.3,250.0,5969.38,-0.955573,0.0,-0.294753
4711.56,0.0,5942.6,-0.955573,0.0,-0.294753
4703.3,0.0,5969.38,-0.955573,0.0,-0.294753
4703.3,250.0,5969.38,-0.988833,0.0,-0.149028
4703.3,0.0,5969.38,-0.988833,0.0,-0.149028
4699.12,250.0,5997.09,-0.988833,0.0,-0.149028
4699.12,250.0,5997.09,-0.988833,0.0,-0.149028
4703.3,0.0,5969.38,-0.988833,0.0,-0.149028
4699.12,0.0,5997.09,-0.988833,0.0,-0.149028
4699.12,250.0,5997.09,-1.0,0.0,0.0
4699.12,0.0,5997.09,-1.0,0.0,0.0
4699.12,250.0,6025.11,-1.0,0.0,0.0
4699.12,250.0,6025.11,-1.0,0.0,0.0
4699.12,0.0,5997.09,-1.0,0.0,0.0
4699.12,0.0,6025.11,-1.0,0.0,0.0
4699.12,250.0,6025.11,-0.988833,0.0,0.149025
4699.12,0.0,6025.11,-0.988833,0.0,0.149025
4703.3,250.0,6052.82,-0.988833,0.0,0.149025
4703.3,250.0,6052.82,-0.988833,0.0,0.149025
4699.12,0.0,6025.11,-0.988833,0.0,0.149025
4703.3,0.0,6052.82,-0.988833,0.0,0.149025
4703.3,250.0,6052.82,-0.95557,0.0,0.294763
4703.3,0.0,6052.82,-0.95557,0.0,0.294763
4711.56,250.0,6079.6,-0.95557,0.0,0.294763
4711.56,250.0,6079.6,-0.95557,0.0,0.294763
4703.3,0.0,6052.82,-0.95557,0.0,0.294763
4711.56,0.0,6079.6,-0.95557,0.0,0.294763
4711.56,250.0,6079.6,-0.900967,0.0,0.433887
4711.56,0.0,6079.6,-0.900967,0.0,0.433887
4723.72,250.0,6104.85,-0.900967,0.0,0.433887
4723.72,250.0,6104.85,-0.900967,0.0,0.433887
4711.56,0.0,6079.6,-0.900967,0.0,0.433887
4723.72,0.0,6104.85,-0.900967,0.0,0.433887
4723.72,250.0,6104.85,-0.82624,0.0,0.563319
4723.72,0.0,6104.85,-0.82624,0.0,0.563319
4739.51,250.0,6128.0,-0.82624,0.0,0.563319
4739.51,250.0,6128.0,-0.82624,0.0,0.563319
4723.72,0.0,6104.85,-0.82624,0.0,0.563319
4739.51,0.0,6128.0,-0.82624,0.0,0.563319
4739.51,250.0,6128.0,-0.733053,0.0,0.680172
4739.51,0.0,6128.0,-0.733053,0.0,0.680172
4758.57,250.0,6148.55,-0.733053,0.0,0.680172
4758.57,250.0,6148.55,-0.733053,0.0,0.680172
4739.51,0.0,6128.0,-0.733053,0.0,0.680172
4758.57,0.0,6148.55,-0.733053,0.0,0.680172
4758.57,250.0,6148.55,-0.623496,0.0,0.781827
4758.57,0.0,6148.55,-0.623496,0.0,0.781827
4780.48,250.0,6166.02,-0.623496,0.0,0.781827
4780.48,250.0,6166.02,-0.623496,0.0,0.781827
4758.57,0.0,6148.55,-0.623496,0.0,0.781827
4780.48,0.0,6166.02,-0.623496,0.0,0.781827
4780.48,250.0,6166.02,-0.499999,0.0,0.866026
4780.48,0.0,6166.02,-0.499999,0.0,0.866026
4804.75,250.0,6180.03,-0.499999,0.0,0.866026
4804.75,250.0,6180.03,-0.499999,0.0,0.866026
4780.48,0.0,6166.02,-0.499999,0.0,0.866026
4804.75,0.0,6180.03,-0.499999,0.0,0.866026
4804.75,250.0,6180.03,-0.365339,0.0,0.930875
4804.75,0.0,6180.03,-0.365339,0.0,0.930875
4830.83,250.0,6190.27,-0.365339,0.0,0.930875
4830.83,250.0,6190.27,-0.365339,0.0,0.930875
4804.75,0.0,6180.03,-0.365339,0.0,0.930875
4830.83,0.0,6190.27,-0.365339,0.0,0.930875
4830.83,250.0,6190.27,-0.222502,0.0,0.974932
4830.83,0.0,6190.27,-0.222502,0.0,0.974932
4858.15,250.0,6196.51,-0.222502,0.0,0.974932
4858.15,250.0,6196.51,-0.222502,0.0,0.974932
4830.83,0.0,6190.27,-0.222502,0.0,0.974932
4858.15,0.0,6196.51,-0.222502,0.0,0.974932
4858.15,250.0,6196.51,-0.0747323,0.0,0.997204
4858.15,0.0,6196.51,-0.0747323,0.0,0.997204
4886.1,250.0,6198.6,-0.0747323,0.0,0.997204
4886.1,250.0,6198.6,-0.0747323,0.0,0.997204
4858.15,0.0,6196.51,-0.0747323,0.0,0.997204
4886.1,0.0,6198.6,-0.0747323,0.0,0.997204
4886.1,250.0,6198.6,0.0747297,0.0,0.997204
4886.1,0.0,6198.6,0.0747297,0.0,0.997204
4914.05,250.0,6196.51,0.0747297,0.0,0.997204
4914.05,250.0,6196.51,0.0747297,0.0,0.997204
4886.1,0.0,6198.6,0.0747297,0.0,0.997204
4914.05,0.0,6196.51,0.0747297,0.0,0.997204
4896.7,250.0,5886.55,0.0,1.0,0.0
4886.1,250.0,5823.6,0.0,1.0,0.0
4875.5,250.0,5886.55,0.0,1.0,0.0
4875.5,250.0,5886.55,0.0,1.0,0.0
4886.1,250.0,5823.6,0.0,1.0,0.0
4858.15,250.0,5825.69,0.0,1.0,0.0
4875.5,250.0,5886.55,0.0,1.0,0.0
4858.15,250.0,5825.69,0.0,1.0,0.0
4854.6,250.0,5890.13,0.0,1.0,0.0
4854.6,250.0,5890.13,0.0,1.0,0.0
4858.15,250.0,5825.69,0.0,1.0,0.0
4830.83,250.0,5831.93,0.0,1.0,0.0
4854.6,250.0,5890.13,0.0,1.0,0.0
4830.83,250.0,5831.93,0.0,1.0,0.0
4834.61,250.0,5897.2,0.0,1.0,0.0
4834.61,250.0,5897.2,0.0,1.0,0.0
4830.83,250.0,5831.93,0.0,1.0,0.0
4804.75,250.0,5842.17,0.0,1.0,0.0
4834.61,250.0,5897.2,0.0,1.0,0.0
4804.75,250.0,5842.17,0.0,1.0,0.0
4816.1,250.0,5907.54,0.0,1.0,0.0
4816.1,250.0,5907.54,0.0,1.0,0.0
4804.75,250.0,5842.17,0.0,1.0,0.0
4780.48,250.0,5856.18,0.0,1.0,0.0
4816.1,250.0,5907.54,0.0,1.0,0.0
4780.48,250.0,5856.18,0.0,1.0,0.0
4799.61,250.0,5920.86,0.0,1.0,0.0
4799.61,250.0,5920.86,0.0,1.0,0.0
4780.48,250.0,5856.18,0.0,1.0,0.0
4758.57,250.0,5873.65,0.0,1.0,0.0
4799.61,250.0,5920.86,0.0,1.0,0.0
4758.57,250.0,5873.65,0.0,1.0,0.0
4785.6,250.0,5936.77,0.0,1.0,0.0
4785.6,250.0,5936.77,0.0,1.0,0.0
4758.57,250.0,5873.65,0.0,1.0,0.0
4739.51,250.0,5894.2,0.0,1.0,0.0
4785.6,250.0,5936.77,0.0,1.0,0.0
4739.51,250.0,5894.2,0.0,1.0,0.0
4774.48,250.0,5954.82,0.0,1.0,0.0
4739.51,250.0,5894.2,0.0,1.0,0.0
4723.72,250.0,5917.35,0.0,1.0,0.0
4774.48,250.0,5954.82,0.0,1.0,0.0
4774.48,250.0,5954.82,0.0,1.0,0.0
4723.72,250.0,5917.35,0.0,1.0,0.0
4711.56,250.0,5942.6,0.0,1.0,0.0
4774.48,250.0,5954.82,0.0,1.0,0.0
4711.56,250.0,5942.6,0.0,1.0,0.0
4766.58,250.0,5974.5,0.0,1.0,0.0
4766.58,250.0,5974.5,0.0,1.0,0.0
4711.56,250.0,5942.6,0.0,1.0,0.0
4703.3,250.0,5969.38,0.0,1.0,0.0
4766.58,250.0,5974.5,0.0,1.0,0.0
4703.3,250.0,5969.38,0.0,1.0,0.0
4762.11,250.0,5995.22,0.0,1.0,0.0
4762.11,250.0,5995.22,0.0,1.0,0.0
4703.3,250.0,5969.38,0.0,1.0,0.0
4699.12,250.0,5997.09,0.0,1.0,0.0
4762.11,250.0,5995.22,0.0,1.0,0.0
4699.12,250.0,5997.09,0.0,1.0,0.0
4761.21,250.0,6016.41,0.0,1.0,0.0
4761.21,250.0,6016.41,0.0,1.0,0.0
4699.12,250.0,5997.09,0.0,1.0,0.0
4699.12,250.0,6025.11,0.0,1.0,0.0
4761.21,250.0,6016.41,0.0,1.0,0.0
4699.12,250.0,6025.11,0.0,1.0,0.0
4763.91,250.0,6037.44,0.0,1.0,0.0
4763.91,250.0,6037.44,0.0,1.0,0.0
4699.12,250.0,6025.11,0.0,1.0,0.0
4703.3,250.0,6052.82,0.0,1.0,0.0
4763.91,250.0,6037.44,0.0,1.0,0.0
4703.3,250.0,6052.82,0.0,1.0,0.0
4770.11,250.0,6057.71,0.0,1.0,0.0
4770.11,250.0,6057.71,0.0,1.0,0.0
4703.3,250.0,6052.82,0.0,1.0,0.0
4711.56,250.0,6079.6,0.0,1.0,0.0
4770.11,250.0,6057.71,0.0,1.0,0.0
4711.56,250.0,6079.6,0.0,1.0,0.0
4779.66,250.0,6076.64,0.0,1.0,0.0
4779.66,250.0,6076.64,0.0,1.0,0.0
4711.56,250.0,6079.6,0.0,1.0,0.0
4723.72,250.0,6104.85,0.0,1.0,0.0
4779.66,250.0,6076.64,0.0,1.0,0.0
4723.72,250.0,6104.85,0.0,1.0,0.0
4792.27,250.0,6093.68,0.0,1.0,0.0
4792.27,250.0,6093.68,0.0,1.0,0.0
4723.72,250.0,6104.85,0.0,1.0,0.0
4739.51,250.0,6128.0,0.0,1.0,0.0
4792.27,250.0,6093.68,0.0,1.0,0.0
4739.51,250.0,6128.0,0.0,1.0,0.0
4807.57,250.0,6108.35,0.0,1.0,0.0
4739.51,250.0,6128.0,0.0,1.0,0.0
4758.57,250.0,6148.55,0.0,1.0,0.0
4807.57,250.0,6108.35,0.0,1.0,0.0
4807.57,250.0,6108.35,0.0,1.0,0.0
4758.57,250.0,6148.55,0.0,1.0,0.0
4780.48,250.0,6166.02,0.0,1.0,0.0
4807.57,250.0,6108.35,0.0,1.0,0.0
4780.48,250.0,6166.02,0.0,1.0,0.0
4825.14,250.0,6120.23,0.0,1.0,0.0
4825.14,250.0,6120.23,0.0,1.0,0.0
4780.48,250.0,6166.02,0.0,1.0,0.0
4804.75,250.0,6180.03,0.0,1.0,0.0
4825.14,250.0,6120.23,0.0,1.0,0.0
4804.75,250.0,6180.03,0.0,1.0,0.0
4844.46,250.0,6128.96,0.0,1.0,0.0
4844.46,250.0,6128.96,0.0,1.0,0.0
4804.75,250.0,6180.03,0.0,1.0,0.0
4830.83,250.0,6190.27,0.0,1.0,0.0
4844.46,250.0,6128.96,0.0,1.0,0.0
4830.83,250.0,6190.27,0.0,1.0,0.0
4864.98,250.0,6134.3,0.0,1.0,0.0
4864.98,250.0,6134.3,0.0,1.0,0.0
4830.83,250.0,6190.27,0.0,1.0,0.0
4858.15,250.0,6196.51,0.0,1.0,0.0
4864.98,250.0,6134.3,0.0,1.0,0.0
4858.15,250.0,6196.51,0.0,1.0,0.0
4886.1,250.0,6136.1,0.0,1.0,0.0
4886.1,250.0,6136.1,0.0,1.0,0.0
4858.15,250.0,6196.51,0.0,1.0,0.0
4886.1,250.0,6198.6,0.0,1.0,0.0
4886.1,250.0,6136.1,0.0,1.0,0.0
4886.1,250.0,6198.6,0.0,1.0,0.0
4907.23,250.0,6134.3,0.0,1.0,0.0
4907.23,250.0,6134.3,0.0,1.0,0.0
4886.1,250.0,6198.6,0.0,1.0,0.0
4914.05,250.0,6196.51,0.0,1.0,0.0
4907.23,250.0,6134.3,0.0,1.0,0.0
4914.05,250.0,6196.51,0.0,1.0,0.0
4927.74,250.0,6128.96,0.0,1.0,0.0
4927.74,250.0,6128.96,0.0,1.0,0.0
4914.05,250.0,6196.51,0.0,1.0,0.0
4941.37,250.0,6190.27,0.0,1.0,0.0
4927.74,250.0,6128.96,0.0,1.0,0.0
4941.37,250.0,6190.27,0.0,1.0,0.0
4947.06,250.0,6120.23,0.0,1.0,0.0
5005.62,250.0,5974.5,0.0,1.0,0.0
5060.64,250.0,5942.6,0.0,1.0,0.0
4997.72,250.0,5954.82,0.0,1.0,0.0
4997.72,250.0,5954.82,0.0,1.0,0.0
5060.64,250.0,5942.6,0.0,1.0,0.0
5048.48,250.0,5917.35,0.0,1.0,0.0
4997.72,250.0,5954.82,0.0,1.0,0.0
5048.48,250.0,5917.35,0.0,1.0,0.0
4986.6,250.0,5936.77,0.0,1.0,0.0
4986.6,250.0,5936.77,0.0,1.0,0.0
5048.48,250.0,5917.35,0.0,1.0,0.0
5032.69,250.0,5894.2,0.0,1.0,0.0
4986.6,250.0,5936.77,0.0,1.0,0.0
5032.69,250.0,5894.2,0.0,1.0,0.0
4972.59,250.0,5920.86,0.0,1.0,0.0
4972.59,250.0,5920.86,0.0,1.0,0.0
5032.69,250.0,5894.2,0.0,1.0,0.0
5013.63,250.0,5873.65,0.0,1.0,0.0
4972.59,250.0,5920.86,0.0,1.0,0.0
5013.63,250.0,5873.65,0.0,1.0,0.0
4956.1,250.0,5907.54,0.0,1.0,0.0
4956.1,250.0,5907.54,0.0,1.0,0.0
5013.63,250.0,5873.65,0.0,1.0,0.0
4991.72,250.0,5856.18,0.0,1.0,0.0
4956.1,250.0,5907.54,0.0,1.0,0.0
4991.72,250.0,5856.18,0.0,1.0,0.0
4937.59,250.0,5897.2,0.0,1.0,0.0
4937.59,250.0,5897.2,0.0,1.0,0.0
4991.72,250.0,5856.18,0.0,1.0,0.0
4967.45,250.0,5842.17,0.0,1.0,0.0
4937.59,250.0,5897.2,0.0,1.0,0.0
4967.45,250.0,5842.17,0.0,1.0,0.0
4917.6,250.0,5890.13,0.0,1.0,0.0
4917.6,250.0,5890.13,0.0,1.0,0.0
4967.45,250.0,5842.17,0.0,1.0,0.0
4941.37,250.0,5831.93,0.0,1.0,0.0
4917.6,250.0,5890.13,0.0,1.0,0.0
4941.37,250.0,5831.93,0.0,1.0,0.0
4896.7,250.0,5886.55,0.0,1.0,0.0
4896.7,250.0,5886.55,0.0,1.0,0.0
4941.37,250.0,5831.93,0.0,1.0,0.0
4914.05,250.0,5825.69,0.0,1.0,0.0
4896.7,250.0,5886.55,0.0,1.0,0.0
4914.05,250.0,5825.69,0.0,1.0,0.0
4886.1,250.0,5823.6,0.0,1.0,0.0
4941.37,250.0,6190.27,0.0,1.0,0.0
4967.45,250.0,6180.03,0.0,1.0,0.0
4947.06,250.0,6120.23,0.0,1.0,0.0
4947.06,250.0,6120.23,0.0,1.0,0.0
4967.45,250.0,6180.03,0.0,1.0,0.0
4991.72,250.0,6166.02,0.0,1.0,0.0
4947.06,250.0,6120.23,0.0,1.0,0.0
4991.72,250.0,6166.02,0.0,1.0,0.0
4964.63,250.0,6108.35,0.0,1.0,0.0
4964.63,250.0,6108.35,0.0,1.0,0.0
4991.72,250.0,6166.02,0.0,1.0,0.0
5013.63,250.0,6148.55,0.0,1.0,0.0
4964.63,250.0,6108.35,0.0,1.0,0.0
5013.63,250.0,6148.55,0.0,1.0,0.0
4979.93,250.0,6093.68,0.0,1.0,0.0
4979.93,250.0,6093.68,0.0,1.0,0.0
5013.63,250.0,6148.55,0.0,1.0,0.0
5032.69,250.0,6128.0,0.0,1.0,0.0
4979.93,250.0,6093.68,0.0,1.0,0.0
5032.69,250.0,6128.0,0.0,1.0,0.0
4992.54,250.0,6076.64,0.0,1.0,0.0
4992.54,250.0,6076.64,0.0,1.0,0.0
5032.69,250.0,6128.0,0.0,1.0,0.0
5048.48,250.0,6104.85,0.0,1.0,0.0
4992.54,250.0,6076.64,0.0,1.0,0.0
5048.48,250.0,6104.85,0.0,1.0,0.0
5002.09,250.0,6057.71,0.0,1.0,0.0
5002.09,250.0,6057.71,0.0,1.0,0.0
5048.48,250.0,6104.85,0.0,1.0,0.0
5060.64,250.0,6079.6,0.0,1.0,0.0
5002.09,250.0,6057.71,0.0,1.0,0.0
5060.64,250.0,6079.6,0.0,1.0,0.0
5008.29,250.0,6037.44,0.0,1.0,0.0
5008.29,250.0,6037.44,0.0,1.0,0.0
5060.64,250.0,6079.6,0.0,1.0,0.0
5068.9,250.0,6052.82,0.0,1.0,0.0
5008.29,250.0,6037.44,0.0,1.0,0.0
5068.9,250.0,6052.82,0.0,1.0,0.0
5010.99,250.0,6016.41,0.0,1.0,0.0
5010.99,250.0,6016.41,0.0,1.0,0.0
5068.9,250.0,6052.82,0.0,1.0,0.0
5073.08,250.0,6025.11,0.0,1.0,0.0
5010.99,250.0,6016.41,0.0,1.0,0.0
5073.08,250.0,6025.11,0.0,1.0,0.0
5010.09,250.0,5995.22,0.0,1.0,0.0
5010.09,250.0,5995.22,0.0,1.0,0.0
5073.08,250.0,6025.11,0.0,1.0,0.0
5073.08,250.0,5997.09,0.0,1.0,0.0
5010.09,250.0,5995.22,0.0,1.0,0.0
5073.08,250.0,5997.09,0.0,1.0,0.0
5005.62,250.0,5974.5,0.0,1.0,0.0
5005.62,250.0,5974.5,0.0,1.0,0.0
5073.08,250.0,5997.09,0.0,1.0,0.0
5068.9,250.0,5969.38,0.0,1.0,0.0
5005.62,250.0,5974.5,0.0,1.0,0.0
5068.9,250.0,5969.38,0.0,1.0,0.0
5060.64,250.0,5942.6,0.0,1.0,0.0
4964.63,1000.0,6108.35,0.0,1.0,0.0
4979.93,1000.0,6093.68,0.0,1.0,0.0
4785.6,1000.0,5936.77,0.0,1.0,0.0
4956.1,1000.0,5907.54,0.0,1.0,0.0
4937.59,1000.0,5897.2,0.0,1.0,0.0
4979.93,1000.0,6093.68,0.0,1.0,0.0
4785.6,1000.0,5936.77,0.0,1.0,0.0
4774.48,1000.0,5954.82,0.0,1.0,0.0
4886.1,1000.0,6136.1,0.0,1.0,0.0
4886.1,1000.0,6136.1,0.0,1.0,0.0
4774.48,1000.0,5954.82,0.0,1.0,0.0
4766.58,1000.0,5974.5,0.0,1.0,0.0
4947.06,1000.0,6120.23,0.0,1.0,0.0
4964.63,1000.0,6108.35,0.0,1.0,0.0
4927.74,1000.0,6128.96,0.0,1.0,0.0
4927.74,1000.0,6128.96,0.0,1.0,0.0
4964.63,1000.0,6108.35,0.0,1.0,0.0
4785.6,1000.0,5936.77,0.0,1.0,0.0
4927.74,1000.0,6128.96,0.0,1.0,0.0
4785.6,1000.0,5936.77,0.0,1.0,0.0
4907.23,1000.0,6134.3,0.0,1.0,0.0
4907.23,1000.0,6134.3,0.0,1.0,0.0
4785.6,1000.0,5936.77,0.0,1.0,0.0
4886.1,1000.0,6136.1,0.0,1.0,0.0
4979.93,1000.0,6093.68,0.0,1.0,0.0
4992.54,1000.0,6076.64,0.0,1.0,0.0
5005.62,1000.0,5974.5,0.0,1.0,0.0
5005.62,1000.0,5974.5,0.0,1.0,0.0
4992.54,1000.0,6076.64,0.0,1.0,0.0
5002.09,1000.0,6057.71,0.0,1.0,0.0
5005.62,1000.0,5974.5,0.0,1.0,0.0
5002.09,1000.0,6057.71,0.0,1.0,0.0
5010.09,1000.0,5995.22,0.0,1.0,0.0
5010.09,1000.0,5995.22,0.0,1.0,0.0
5002.09,1000.0,6057.71,0.0,1.0,0.0
5008.29,1000.0,6037.44,0.0,1.0,0.0
5010.09,1000.0,5995.22,0.0,1.0,0.0
5008.29,1000.0,6037.44,0.0,1.0,0.0
5010.99,1000.0,6016.41,0.0,1.0,0.0
4972.59,1000.0,5920.86,0.0,1.0,0.0
4956.1,1000.0,5907.54,0.0,1.0,0.0
4986.6,1000.0,5936.77,0.0,1.0,0.0
4986.6,1000.0,5936.77,0.0,1.0,0.0
4956.1,1000.0,5907.54,0.0,1.0,0.0
4979.93,1000.0,6093.68,0.0,1.0,0.0
4986.6,1000.0,5936.77,0.0,1.0,0.0
4979.93,1000.0,6093.68,0.0,1.0,0.0
4997.72,1000.0,5954.82,0.0,1.0,0.0
4997.72,1000.0,5954.82,0.0,1.0,0.0
4979.93,1000.0,6093.68,0.0,1.0,0.0
5005.62,1000.0,5974.5,0.0,1.0,0.0
4937.59,1000.0,5897.2,0.0,1.0,0.0
4917.6,1000.0,5890.13,0.0,1.0,0.0
4979.93,1000.0,6093.68,0.0,1.0,0.0
4979.93,1000.0,6093.68,0.0,1.0,0.0
4917.6,1000.0,5890.13,0.0,1.0,0.0
4896.7,1000.0,5886.55,0.0,1.0,0.0
4979.93,1000.0,6093.68,0.0,1.0,0.0
4896.7,1000.0,5886.55,0.0,1.0,0.0
4875.5,1000.0,5886.55,0.0,1.0,0.0
4792.27,1000.0,6093.68,0.0,1.0,0.0
4807.57,1000.0,6108.35,0.0,1.0,0.0
4779.66,1000.0,6076.64,0.0,1.0,0.0
4779.66,1000.0,6076.64,0.0,1.0,0.0
4807.57,1000.0,6108.35,0.0,1.0,0.0
4766.58,1000.0,5974.5,0.0,1.0,0.0
4864.98,1000.0,6134.3,0.0,1.0,0.0
4886.1,1000.0,6136.1,0.0,1.0,0.0
4844.46,1000.0,6128.96,0.0,1.0,0.0
4844.46,1000.0,6128.96,0.0,1.0,0.0
4886.1,1000.0,6136.1,0.0,1.0,0.0
4766.58,1000.0,5974.5,0.0,1.0,0.0
4844.46,1000.0,6128.96,0.0,1.0,0.0
4766.58,1000.0,5974.5,0.0,1.0,0.0
4825.14,1000.0,6120.23,0.0,1.0,0.0
4825.14,1000.0,6120.23,0.0,1.0,0.0
4766.58,1000.0,5974.5,0.0,1.0,0.0
4807.57,1000.0,6108.35,0.0,1.0,0.0
4799.61,1000.0,5920.86,0.0,1.0,0.0
4785.6,1000.0,5936.77,0.0,1.0,0.0
4816.1,1000.0,5907.54,0.0,1.0,0.0
4816.1,1000.0,5907.54,0.0,1.0,0.0
4785.6,1000.0,5936.77,0.0,1.0,0.0
4979.93,1000.0,6093.68,0.0,1.0,0.0
4816.1,1000.0,5907.54,0.0,1.0,0.0
4979.93,1000.0,6093.68,0.0,1.0,0.0
4834.61,1000.0,5897.2,0.0,1.0,0.0
4834.61,1000.0,5897.2,0.0,1.0,0.0
4979.93,1000.0,6093.68,0.0,1.0,0.0
4875.5,1000.0,5886.55,0.0,1.0,0.0
4834.61,1000.0,5897.2,0.0,1.0,0.0
4875.5,1000.0,5886.55,0.0,1.0,0.0
4854.6,1000.0,5890.13,0.0,1.0,0.0
4770.11,1000.0,6057.71,0.0,1.0,0.0
4779.66,1000.0,6076.64,0.0,1.0,0.0
4763.91,1000.0,6037.44,0.0,1.0,0.0
4763.91,1000.0,6037.44,0.0,1.0,0.0
4779.66,1000.0,6076.64,0.0,1.0,0.0
4766.58,1000.0,5974.5,0.0,1.0,0.0
4763.91,1000.0,6037.44,0.0,1.0,0.0
4766.58,1000.0,5974.5,0.0,1.0,0.0
4761.21,1000.0,6016.41,0.0,1.0,0.0
4761.21,1000.0,6016.41,0.0,1.0,0.0
4766.58,1000.0,5974.5,0.0,1.0,0.0
4762.11,1000.0,5995.22,0.0,1.0,0.0
4907.23,1000.0,6134.3,0.251996,0.0,0.967728
4907.23,250.0,6134.3,0.251996,0.0,0.967728
4927.74,1000.0,6128.96,0.251996,0.0,0.967728
4927.74,1000.0,6128.96,0.251996,0.0,0.967728
4907.23,250.0,6134.3,0.251996,0.0,0.967728
4927.74,250.0,6128.96,0.251996,0.0,0.967728
4927.74,1000.0,6128.96,0.411883,0.0,0.911237
4927.74,250.0,6128.96,0.411883,0.0,0.911237
4947.06,1000.0,6120.23,0.411883,0.0,0.911237
4947.06,1000.0,6120.23,0.411883,0.0,0.911237
4927.74,250.0,6128.96,0.411883,0.0,0.911237
4947.06,250.0,6120.23,0.411883,0.0,0.911237
4947.06,1000.0,6120.23,0.559988,0.0,0.828501
4947.06,250.0,6120.23,0.559988,0.0,0.828501
4964.63,1000.0,6108.35,0.559988,0.0,0.828501
4964.63,1000.0,6108.35,0.559988,0.0,0.828501
4947.06,250.0,6120.23,0.559988,0.0,0.828501
4964.63,250.0,6108.35,0.559988,0.0,0.828501
4964.63,1000.0,6108.35,0.691943,0.0,0.721952
4964.63,250.0,6108.35,0.691943,0.0,0.721952
4979.93,1000.0,6093.68,0.691943,0.0,0.721952
4979.93,1000.0,6093.68,0.691943,0.0,0.721952
4964.63,250.0,6108.35,0.691943,0.0,0.721952
4979.93,250.0,6093.68,0.691943,0.0,0.721952
4979.93,1000.0,6093.68,0.803989,0.0,0.594644
4979.93,250.0,6093.68,0.803989,0.0,0.594644
4992.54,1000.0,6076.64,0.803989,0.0,0.594644
4992.54,1000.0,6076.64,0.803989,0.0,0.594644
4979.93,250.0,6093.68,0.803989,0.0,0.594644
4992.54,250.0,6076.64,0.803989,0.0,0.594644
4992.54,1000.0,6076.64,0.892934,0.0,0.450187
4992.54,250.0,6076.64,0.892934,0.0,0.450187
5002.09,1000.0,6057.71,0.892934,0.0,0.450187
5002.09,1000.0,6057.71,0.892934,0.0,0.450187
4992.54,250.0,6076.64,0.892934,0.0,0.450187
5002.09,250.0,6057.71,0.892934,0.0,0.450187
5002.09,1000.0,6057.71,0.956163,0.0,0.292835
5002.09,250.0,6057.71,0.956163,0.0,0.292835
5008.29,1000.0,6037.44,0.956163,0.0,0.292835
5008.29,1000.0,6037.44,0.956163,0.0,0.292835
5002.09,250.0,6057.71,0.956163,0.0,0.292835
5008.29,250.0,6037.44,0.956163,0.0,0.292835
5008.29,1000.0,6037.44,0.991901,0.0,0.127013
5008.29,250.0,6037.44,0.991901,0.0,0.127013
5010.99,1000.0,6016.41,0.991901,0.0,0.127013
5010.99,1000.0,6016.41,0.991901,0.0,0.127013
5008.29,250.0,6037.44,0.991901,0.0,0.127013
5010.99,250.0,6016.41,0.991901,0.0,0.127013
5010.99,1000.0,6016.41,0.999099,0.0,-0.0424448
5010.99,250.0,6016.41,0.999099,0.0,-0.0424448
5010.09,1000.0,5995.22,0.999099,0.0,-0.0424448
5010.09,1000.0,5995.22,0.999099,0.0,-0.0424448
5010.99,250.0,6016.41,0.999099,0.0,-0.0424448
5010.09,250.0,5995.22,0.999099,0.0,-0.0424448
5010.09,1000.0,5995.22,0.977558,0.0,-0.210666
5010.09,250.0,5995.22,0.977558,0.0,-0.210666
5005.62,1000.0,5974.5,0.977558,0.0,-0.210666
5005.62,1000.0,5974.5,0.977558,0.0,-0.210666
5010.09,250.0,5995.22,0.977558,0.0,-0.210666
5005.62,250.0,5974.5,0.977558,0.0,-0.210666
5005.62,1000.0,5974.5,0.927891,0.0,-0.372851
5005.62,250.0,5974.5,0.927891,0.0,-0.372851
4997.72,1000.0,5954.82,0.927891,0.0,-0.372851
4997.72,1000.0,5954.82,0.927891,0.0,-0.372851
5005.62,250.0,5974.5,0.927891,0.0,-0.372851
4997.72,250.0,5954.82,0.927891,0.0,-0.372851
4997.72,1000.0,5954.82,0.851521,0.0,-0.524321
4997.72,250.0,5954.82,0.851521,0.0,-0.524321
4986.6,1000.0,5936.77,0.851521,0.0,-0.524321
4986.6,1000.0,5936.77,0.851521,0.0,-0.524321
4997.72,250.0,5954.82,0.851521,0.0,-0.524321
4986.6,250.0,5936.77,0.851521,0.0,-0.524321
4986.6,1000.0,5936.77,0.750675,0.0,-0.660672
4986.6,250.0,5936.77,0.750675,0.0,-0.660672
4972.59,1000.0,5920.86,0.750675,0.0,-0.660672
4972.59,1000.0,5920.86,0.750675,0.0,-0.660672
4986.6,250.0,5936.77,0.750675,0.0,-0.660672
4972.59,250.0,5920.86,0.750675,0.0,-0.660672
4972.59,1000.0,5920.86,0.628208,0.0,-0.778046
4972.59,250.0,5920.86,0.628208,0.0,-0.778046
4956.1,1000.0,5907.54,0.628208,0.0,-0.778046
4956.1,1000.0,5907.54,0.628208,0.0,-0.778046
4972.59,250.0,5920.86,0.628208,0.0,-0.778046
4956.1,250.0,5907.54,0.628208,0.0,-0.778046
4956.1,1000.0,5907.54,0.48772,0.0,-0.873
4956.1,250.0,5907.54,0.48772,0.0,-0.873
4937.59,1000.0,5897.2,0.48772,0.0,-0.873
4937.59,1000.0,5897.2,0.48772,0.0,-0.873
4956.1,250.0,5907.54,0.48772,0.0,-0.873
4937.59,250.0,5897.2,0.48772,0.0,-0.873
4937.59,1000.0,5897.2,0.333132,0.0,-0.94288
4937.59,250.0,5897.2,0.333132,0.0,-0.94288
4917.6,1000.0,5890.13,0.333132,0.0,-0.94288
4917.6,1000.0,5890.13,0.333132,0.0,-0.94288
4937.59,250.0,5897.2,0.333132,0.0,-0.94288
4917.6,250.0,5890.13,0.333132,0.0,-0.94288
4917.6,1000.0,5890.13,0.168998,0.0,-0.985616
4917.6,250.0,5890.13,0.168998,0.0,-0.985616
4896.7,1000.0,5886.55,0.168998,0.0,-0.985616
4896.7,1000.0,5886.55,0.168998,0.0,-0.985616
4917.6,250.0,5890.13,0.168998,0.0,-0.985616
4896.7,250.0,5886.55,0.168998,0.0,-0.985616
4896.7,1000.0,5886.55,0.0,0.0,-1.0
4896.7,250.0,5886.55,0.0,0.0,-1.0
4875.5,1000.0,5886.55,0.0,0.0,-1.0
4875.5,1000.0,5886.55,0.0,0.0,-1.0
4896.7,250.0,5886.55,0.0,0.0,-1.0
4875.5,250.0,5886.55,0.0,0.0,-1.0
4875.5,1000.0,5886.55,-0.169002,0.0,-0.985616
4875.5,250.0,5886.55,-0.169002,0.0,-0.985616
4854.6,1000.0,5890.13,-0.169002,0.0,-0.985616
4854.6,1000.0,5890.13,-0.169002,0.0,-0.985616
4875.5,250.0,5886.55,-0.169002,0.0,-0.985616
4854.6,250.0,5890.13,-0.169002,0.0,-0.985616
4854.6,1000.0,5890.13,-0.333132,0.0,-0.94288
4854.6,250.0,5890.13,-0.333132,0.0,-0.94288
4834.61,1000.0,5897.2,-0.333132,0.0,-0.94288
4834.61,1000.0,5897.2,-0.333132,0.0,-0.94288
4854.6,250.0,5890.13,-0.333132,0.0,-0.94288
4834.61,250.0,5897.2,-0.333132,0.0,-0.94288
4834.61,1000.0,5897.2,-0.48771,0.0,-0.873005
4834.61,250.0,5897.2,-0.48771,0.0,-0.873005
4816.1,1000.0,5907.54,-0.48771,0.0,-0.873005
4816.1,1000.0,5907.54,-0.48771,0.0,-0.873005
4834.61,250.0,5897.2,-0.48771,0.0,-0.873005
4816.1,250.0,5907.54,-0.48771,0.0,-0.873005
4816.1,1000.0,5907.54,-0.628219,0.0,-0.778036
4816.1,250.0,5907.54,-0.628219,0.0,-0.778036
4799.61,1000.0,5920.86,-0.628219,0.0,-0.778036
4799.61,1000.0,5920.86,-0.628219,0.0,-0.778036
4816.1,250.0,5907.54,-0.628219,0.0,-0.778036
4799.61,250.0,5920.86,-0.628219,0.0,-0.778036
4799.61,1000.0,5920.86,-0.750663,0.0,-0.660685
4799.61,250.0,5920.86,-0.750663,0.0,-0.660685
4785.6,1000.0,5936.77,-0.750663,0.0,-0.660685
4785.6,1000.0,5936.77,-0.750663,0.0,-0.660685
4799.61,250.0,5920.86,-0.750663,0.0,-0.660685
4785.6,250.0,5936.77,-0.750663,0.0,-0.660685
4785.6,1000.0,5936.77,-0.851531,0.0,-0.524304
4785.6,250.0,5936.77,-0.851531,0.0,-0.524304
4774.48,1000.0,5954.82,-0.851531,0.0,-0.524304
4774.48,1000.0,5954.82,-0.851531,0.0,-0.524304
4785.6,250.0,5936.77,-0.851531,0.0,-0.524304
4774.48,250.0,5954.82,-0.851531,0.0,-0.524304
4774.48,1000.0,5954.82,-0.927891,0.0,-0.372851
4774.48,250.0,5954.82,-0.927891,0.0,-0.372851
4766.58,1000.0,5974.5,-0.927891,0.0,-0.372851
4766.58,1000.0,5974.5,-0.927891,0.0,-0.372851
4774.48,250.0,5954.82,-0.927891,0.0,-0.372851
4766.58,250.0,5974.5,-0.927891,0.0,-0.372851
4766.58,1000.0,5974.5,-0.977558,0.0,-0.210666
4766.58,250.0,5974.5,-0.977558,0.0,-0.210666
4762.11,1000.0,5995.22,-0.977558,0.0,-0.210666
4762.11,1000.0,5995.22,-0.977558,0.0,-0.210666
4766.58,250.0,5974.5,-0.977558,0.0,-0.210666
4762.11,250.0,5995.22,-0.977558,0.0,-0.210666
4762.11,1000.0,5995.22,-0.999099,0.0,-0.0424448
4762.11,250.0,5995.22,-0.999099,0.0,-0.0424448
4761.21,1000.0,6016.41,-0.999099,0.0,-0.0424448
4761.21,1000.0,6016.41,-0.999099,0.0,-0.0424448
4762.11,250.0,5995.22,-0.999099,0.0,-0.0424448
4761.21,250.0,6016.41,-0.999099,0.0,-0.0424448
4761.21,1000.0,6016.41,-0.991901,0.0,0.127013
4761.21,250.0,6016.41,-0.991901,0.0,0.127013
4763.91,1000.0,6037.44,-0.991901,0.0,0.127013
4763.91,1000.0,6037.44,-0.991901,0.0,0.127013
4761.21,250.0,6016.41,-0.991901,0.0,0.127013
4763.91,250.0,6037.44,-0.991901,0.0,0.127013
4763.91,1000.0,6037.44,-0.95617,0.0,0.292814
4763.91,250.0,6037.44,-0.95617,0.0,0.292814
4770.11,1000.0,6057.71,-0.95617,0.0,0.292814
4770.11,1000.0,6057.71,-0.95617,0.0,0.292814
4763.91,250.0,6037.44,-0.95617,0.0,0.292814
4770.11,250.0,6057.71,-0.95617,0.0,0.292814
4770.11,1000.0,6057.71,-0.892925,0.0,0.450205
4770.11,250.0,6057.71,-0.892925,0.0,0.450205
4779.66,1000.0,6076.64,-0.892925,0.0,0.450205
4779.66,1000.0,6076.64,-0.892925,0.0,0.450205
4770.11,250.0,6057.71,-0.892925,0.0,0.450205
4779.66,250.0,6076.64,-0.892925,0.0,0.450205
4779.66,1000.0,6076.64,-0.803989,0.0,0.594644
4779.66,250.0,6076.64,-0.803989,0.0,0.594644
4792.27,1000.0,6093.68,-0.803989,0.0,0.594644
4792.27,1000.0,6093.68,-0.803989,0.0,0.594644
4779.66,250.0,6076.64,-0.803989,0.0,0.594644
4792.27,250.0,6093.68,-0.803989,0.0,0.594644
4792.27,1000.0,6093.68,-0.691955,0.0,0.721941
4792.27,250.0,6093.68,-0.691955,0.0,0.721941
4807.57,1000.0,6108.35,-0.691955,0.0,0.721941
4807.57,1000.0,6108.35,-0.691955,0.0,0.721941
4792.27,250.0,6093.68,-0.691955,0.0,0.721941
4807.57,250.0,6108.35,-0.691955,0.0,0.721941
4807.57,1000.0,6108.35,-0.559977,0.0,0.828508
4807.57,250.0,6108.35,-0.559977,0.0,0.828508
4825.14,1000.0,6120.23,-0.559977,0.0,0.828508
4825.14,1000.0,6120.23,-0.559977,0.0,0.828508
4807.57,250.0,6108.35,-0.559977,0.0,0.828508
4825.14,250.0,6120.23,-0.559977,0.0,0.828508
4825.14,1000.0,6120.23,-0.411883,0.0,0.911237
4825.14,250.0,6120.23,-0.411883,0.0,0.911237
4844.46,1000.0,6128.96,-0.411883,0.0,0.911237
4844.46,1000.0,6128.96,-0.411883,0.0,0.911237
4825.14,250.0,6120.23,-0.411883,0.0,0.911237
4844.46,250.0,6128.96,-0.411883,0.0,0.911237
4844.46,1000.0,6128.96,-0.251996,0.0,0.967728
4844.46,250.0,6128.96,-0.251996,0.0,0.967728
4864.98,1000.0,6134.3,-0.251996,0.0,0.967728
4864.98,1000.0,6134.3,-0.251996,0.0,0.967728
4844.46,250.0,6128.96,-0.251996,0.0,0.967728
4864.98,250.0,6134.3,-0.251996,0.0,0.967728
4864.98,1000.0,6134.3,-0.0847779,0.0,0.9964
4864.98,250.0,6134.3,-0.0847779,0.0,0.9964
4886.1,1000.0,6136.1,-0.0847779,0.0,0.9964
4886.1,1000.0,6136.1,-0.0847779,0.0,0.9964
4864.98,250.0,6134.3,-0.0847779,0.0,0.9964
4886.1,250.0,6136.1,-0.0847779,0.0,0.9964
4886.1,1000.0,6136.1,0.084774,0.0,0.9964
4886.1,250.0,6136.1,0.084774,0.0,0.9964
4907.23,1000.0,6134.3,0.084774,0.0,0.9964
4907.23,1000.0,6134.3,0.084774,0.0,0.9964
4886.1,250.0,6136.1,0.084774,0.0,0.9964
4907.23,250.0,6134.3,0.084774,0.0,0.9964
