15.0607,20.6375,7.07259,0.0,1.0,0.0
14.9045,20.6375,6.22029,0.0,1.0,0.0
14.6467,20.6375,5.39303,0.0,1.0,0.0
13.8428,20.6375,3.86135,0.0,1.0,0.0
13.3084,20.6375,3.17926,0.0,1.0,0.0
14.2911,20.6375,4.60288,0.0,1.0,0.0
14.2911,20.6375,4.60288,0.0,1.0,0.0
13.3084,20.6375,3.17926,0.0,1.0,0.0
1.22829,20.6375,10.482,0.0,1.0,0.0
14.2911,20.6375,4.60288,0.0,1.0,0.0
1.22829,20.6375,10.482,0.0,1.0,0.0
14.6467,20.6375,5.39303,0.0,1.0,0.0
7.07259,20.6375,15.0607,0.0,1.0,0.0
7.9375,20.6375,15.113,0.0,1.0,0.0
14.6467,20.6375,5.39303,0.0,1.0,0.0
14.6467,20.6375,5.39303,0.0,1.0,0.0
7.9375,20.6375,15.113,0.0,1.0,0.0
8.80241,20.6375,15.0607,0.0,1.0,0.0
14.6467,20.6375,5.39303,0.0,1.0,0.0
8.80241,20.6375,15.0607,0.0,1.0,0.0
9.65471,20.6375,14.9045,0.0,1.0,0.0
13.3084,20.6375,3.17926,0.0,1.0,0.0
12.6957,20.6375,2.56656,0.0,1.0,0.0
1.22829,20.6375,10.482,0.0,1.0,0.0
1.22829,20.6375,10.482,0.0,1.0,0.0
12.6957,20.6375,2.56656,0.0,1.0,0.0
12.0136,20.6375,2.03218,0.0,1.0,0.0
1.22829,20.6375,10.482,0.0,1.0,0.0
12.0136,20.6375,2.03218,0.0,1.0,0.0
11.2721,20.6375,1.58391,0.0,1.0,0.0
1.22829,20.6375,10.482,0.0,1.0,0.0
1.58391,20.6375,11.2721,0.0,1.0,0.0
2.03218,20.6375,12.0136,0.0,1.0,0.0
1.22829,20.6375,10.482,0.0,1.0,0.0
2.03218,20.6375,12.0136,0.0,1.0,0.0
14.6467,20.6375,5.39303,0.0,1.0,0.0
14.6467,20.6375,5.39303,0.0,1.0,0.0
2.03218,20.6375,12.0136,0.0,1.0,0.0
2.56656,20.6375,12.6957,0.0,1.0,0.0
14.6467,20.6375,5.39303,0.0,1.0,0.0
2.56656,20.6375,12.6957,0.0,1.0,0.0
3.17926,20.6375,13.3084,0.0,1.0,0.0
11.2721,20.6375,1.58391,0.0,1.0,0.0
10.482,20.6375,1.22829,0.0,1.0,0.0
9.65471,20.6375,0.970507,0.0,1.0,0.0
11.2721,20.6375,1.58391,0.0,1.0,0.0
9.65471,20.6375,0.970507,0.0,1.0,0.0
1.22829,20.6375,10.482,0.0,1.0,0.0
1.22829,20.6375,10.482,0.0,1.0,0.0
9.65471,20.6375,0.970507,0.0,1.0,0.0
8.80241,20.6375,0.814318,0.0,1.0,0.0
1.22829,20.6375,10.482,0.0,1.0,0.0
8.80241,20.6375,0.814318,0.0,1.0,0.0
7.9375,20.6375,0.762,0.0,1.0,0.0
6.22029,20.6375,14.9045,0.0,1.0,0.0
7.07259,20.6375,15.0607,0.0,1.0,0.0
5.39303,20.6375,14.6467,0.0,1.0,0.0
5.39303,20.6375,14.6467,0.0,1.0,0.0
7.07259,20.6375,15.0607,0.0,1.0,0.0
14.6467,20.6375,5.39303,0.0,1.0,0.0
5.39303,20.6375,14.6467,0.0,1.0,0.0
14.6467,20.6375,5.39303,0.0,1.0,0.0
4.60288,20.6375,14.2911,0.0,1.0,0.0
4.60288,20.6375,14.2911,0.0,1.0,0.0
14.6467,20.6375,5.39303,0.0,1.0,0.0
3.17926,20.6375,13.3084,0.0,1.0,0.0
4.60288,20.6375,14.2911,0.0,1.0,0.0
3.17926,20.6375,13.3084,0.0,1.0,0.0
3.86135,20.6375,13.8428,0.0,1.0,0.0
9.65471,20.6375,14.9045,0.0,1.0,0.0
10.482,20.6375,14.6467,0.0,1.0,0.0
11.2721,20.6375,14.2911,0.0,1.0,0.0
15.0607,20.6375,8.80241,0.0,1.0,0.0
15.113,20.6375,7.9375,0.0,1.0,0.0
15.0607,20.6375,7.07259,0.0,1.0,0.0
3.17926,20.6375,2.56656,0.0,1.0,0.0
2.56656,20.6375,3.17926,0.0,1.0,0.0
3.86135,20.6375,2.03218,0.0,1.0,0.0
3.86135,20.6375,2.03218,0.0,1.0,0.0
2.56656,20.6375,3.17926,0.0,1.0,0.0
1.22829,20.6375,10.482,0.0,1.0,0.0
2.56656,20.6375,3.17926,0.0,1.0,0.0
2.03218,20.6375,3.86135,0.0,1.0,0.0
1.22829,20.6375,10.482,0.0,1.0,0.0
1.22829,20.6375,10.482,0.0,1.0,0.0
2.03218,20.6375,3.86135,0.0,1.0,0.0
1.58391,20.6375,4.60288,0.0,1.0,0.0
1.22829,20.6375,10.482,0.0,1.0,0.0
1.58391,20.6375,4.60288,0.0,1.0,0.0
1.22829,20.6375,5.39303,0.0,1.0,0.0
9.65471,20.6375,14.9045,0.0,1.0,0.0
11.2721,20.6375,14.2911,0.0,1.0,0.0
14.6467,20.6375,5.39303,0.0,1.0,0.0
14.6467,20.6375,5.39303,0.0,1.0,0.0
11.2721,20.6375,14.2911,0.0,1.0,0.0
12.0136,20.6375,13.8428,0.0,1.0,0.0
14.6467,20.6375,5.39303,0.0,1.0,0.0
12.0136,20.6375,13.8428,0.0,1.0,0.0
15.0607,20.6375,7.07259,0.0,1.0,0.0
4.60288,20.6375,1.58391,0.0,1.0,0.0
3.86135,20.6375,2.03218,0.0,1.0,0.0
5.39303,20.6375,1.22829,0.0,1.0,0.0
5.39303,20.6375,1.22829,0.0,1.0,0.0
3.86135,20.6375,2.03218,0.0,1.0,0.0
1.22829,20.6375,10.482,0.0,1.0,0.0
5.39303,20.6375,1.22829,0.0,1.0,0.0
1.22829,20.6375,10.482,0.0,1.0,0.0
6.22029,20.6375,0.970507,0.0,1.0,0.0
6.22029,20.6375,0.970507,0.0,1.0,0.0
1.22829,20.6375,10.482,0.0,1.0,0.0
7.9375,20.6375,0.762,0.0,1.0,0.0
6.22029,20.6375,0.970507,0.0,1.0,0.0
7.9375,20.6375,0.762,0.0,1.0,0.0
7.07259,20.6375,0.814318,0.0,1.0,0.0
0.814318,20.6375,8.80241,0.0,1.0,0.0
0.970507,20.6375,9.65471,0.0,1.0,0.0
0.762,20.6375,7.9375,0.0,1.0,0.0
0.762,20.6375,7.9375,0.0,1.0,0.0
0.970507,20.6375,9.65471,0.0,1.0,0.0
1.22829,20.6375,10.482,0.0,1.0,0.0
0.762,20.6375,7.9375,0.0,1.0,0.0
1.22829,20.6375,10.482,0.0,1.0,0.0
0.814318,20.6375,7.07259,0.0,1.0,0.0
0.814318,20.6375,7.07259,0.0,1.0,0.0
1.22829,20.6375,10.482,0.0,1.0,0.0
1.22829,20.6375,5.39303,0.0,1.0,0.0
0.814318,20.6375,7.07259,0.0,1.0,0.0
1.22829,20.6375,5.39303,0.0,1.0,0.0
0.970507,20.6375,6.22029,0.0,1.0,0.0
12.0136,20.6375,13.8428,0.0,1.0,0.0
12.6957,20.6375,13.3084,0.0,1.0,0.0
15.0607,20.6375,7.07259,0.0,1.0,0.0
15.0607,20.6375,7.07259,0.0,1.0,0.0
12.6957,20.6375,13.3084,0.0,1.0,0.0
13.3084,20.6375,12.6957,0.0,1.0,0.0
15.0607,20.6375,7.07259,0.0,1.0,0.0
13.3084,20.6375,12.6957,0.0,1.0,0.0
13.8428,20.6375,12.0136,0.0,1.0,0.0
14.9045,20.6375,9.65471,0.0,1.0,0.0
15.0607,20.6375,8.80241,0.0,1.0,0.0
14.6467,20.6375,10.482,0.0,1.0,0.0
14.6467,20.6375,10.482,0.0,1.0,0.0
15.0607,20.6375,8.80241,0.0,1.0,0.0
15.0607,20.6375,7.07259,0.0,1.0,0.0
14.6467,20.6375,10.482,0.0,1.0,0.0
15.0607,20.6375,7.07259,0.0,1.0,0.0
14.2911,20.6375,11.2721,0.0,1.0,0.0
14.2911,20.6375,11.2721,0.0,1.0,0.0
15.0607,20.6375,7.07259,0.0,1.0,0.0
13.8428,20.6375,12.0136,0.0,1.0,0.0
8.89426,19.8755,0.0578733,0.127576,0.706461,-0.696159
8.80241,20.6375,0.814318,0.127576,0.706461,-0.696159
9.83707,19.8755,0.230649,0.127576,0.706461,-0.696159
9.83707,19.8755,0.230649,0.127576,0.70646,-0.69616
8.80241,20.6375,0.814318,0.127576,0.70646,-0.69616
9.65471,20.6375,0.970507,0.127576,0.70646,-0.69616
9.83707,19.8755,0.230649,0.210559,0.70646,-0.675706
9.65471,20.6375,0.970507,0.210559,0.70646,-0.675706
10.7522,19.8755,0.515809,0.210559,0.70646,-0.675706
10.7522,19.8755,0.515809,0.210559,0.70646,-0.675706
9.65471,20.6375,0.970507,0.210559,0.70646,-0.675706
10.482,20.6375,1.22829,0.210559,0.70646,-0.675706
10.7522,19.8755,0.515809,0.290471,0.70646,-0.645399
10.482,20.6375,1.22829,0.290471,0.70646,-0.645399
11.6262,19.8755,0.909193,0.290471,0.70646,-0.645399
11.6262,19.8755,0.909193,0.290471,0.70646,-0.645399
10.482,20.6375,1.22829,0.290471,0.70646,-0.645399
11.2721,20.6375,1.58391,0.290471,0.70646,-0.645399
11.6262,19.8755,0.909193,0.366147,0.70646,-0.605682
11.2721,20.6375,1.58391,0.366147,0.70646,-0.605682
12.4465,19.8755,1.40507,0.366147,0.70646,-0.605682
12.4465,19.8755,1.40507,0.366147,0.70646,-0.605682
11.2721,20.6375,1.58391,0.366147,0.70646,-0.605682
12.0136,20.6375,2.03218,0.366147,0.70646,-0.605682
12.4465,19.8755,1.40507,0.436484,0.70646,-0.557131
12.0136,20.6375,2.03218,0.436484,0.70646,-0.557131
13.201,19.8755,1.9962,0.436484,0.70646,-0.557131
13.201,19.8755,1.9962,0.436485,0.70646,-0.557131
12.0136,20.6375,2.03218,0.436485,0.70646,-0.557131
12.6957,20.6375,2.56656,0.436485,0.70646,-0.557131
13.201,19.8755,1.9962,0.500457,0.70646,-0.500456
12.6957,20.6375,2.56656,0.500457,0.70646,-0.500456
13.8788,19.8755,2.67396,0.500457,0.70646,-0.500456
13.8788,19.8755,2.67396,0.500457,0.70646,-0.500457
12.6957,20.6375,2.56656,0.500457,0.70646,-0.500457
13.3084,20.6375,3.17926,0.500457,0.70646,-0.500457
13.8788,19.8755,2.67396,0.557131,0.70646,-0.436485
13.3084,20.6375,3.17926,0.557131,0.70646,-0.436485
14.4699,19.8755,3.42849,0.557131,0.70646,-0.436485
14.4699,19.8755,3.42849,0.557131,0.70646,-0.436484
13.3084,20.6375,3.17926,0.557131,0.70646,-0.436484
13.8428,20.6375,3.86135,0.557131,0.70646,-0.436484
14.4699,19.8755,3.42849,0.605681,0.70646,-0.366147
13.8428,20.6375,3.86135,0.605681,0.70646,-0.366147
14.9658,19.8755,4.24876,0.605681,0.70646,-0.366147
14.9658,19.8755,4.24876,0.605681,0.706461,-0.366147
13.8428,20.6375,3.86135,0.605681,0.706461,-0.366147
14.2911,20.6375,4.60288,0.605681,0.706461,-0.366147
14.9658,19.8755,4.24876,0.6454,0.706461,-0.29047
14.2911,20.6375,4.60288,0.6454,0.706461,-0.29047
15.3592,19.8755,5.12282,0.6454,0.706461,-0.29047
15.3592,19.8755,5.12282,0.6454,0.70646,-0.290471
14.2911,20.6375,4.60288,0.6454,0.70646,-0.290471
14.6467,20.6375,5.39303,0.6454,0.70646,-0.290471
15.3592,19.8755,5.12282,0.675706,0.70646,-0.210559
14.6467,20.6375,5.39303,0.675706,0.70646,-0.210559
15.6444,19.8755,6.03793,0.675706,0.70646,-0.210559
15.6444,19.8755,6.03793,0.675706,0.70646,-0.210559
14.6467,20.6375,5.39303,0.675706,0.70646,-0.210559
14.9045,20.6375,6.22029,0.675706,0.70646,-0.210559
15.6444,19.8755,6.03793,0.696159,0.70646,-0.127577
14.9045,20.6375,6.22029,0.696159,0.70646,-0.127577
15.8171,19.8755,6.98074,0.696159,0.70646,-0.127577
15.8171,19.8755,6.98074,0.696159,0.706461,-0.127576
14.9045,20.6375,6.22029,0.696159,0.706461,-0.127576
15.0607,20.6375,7.07259,0.696159,0.706461,-0.127576
15.8171,19.8755,6.98074,0.706461,0.706461,-0.0427326
15.0607,20.6375,7.07259,0.706461,0.706461,-0.0427326
15.875,19.8755,7.9375,0.706461,0.706461,-0.0427326
15.875,19.8755,7.9375,0.706461,0.706461,-0.0427323
15.0607,20.6375,7.07259,0.706461,0.706461,-0.0427323
15.113,20.6375,7.9375,0.706461,0.706461,-0.0427323
15.875,19.8755,7.9375,0.706461,0.706461,0.0427326
15.113,20.6375,7.9375,0.706461,0.706461,0.0427326
15.8171,19.8755,8.89426,0.706461,0.706461,0.0427326
15.8171,19.8755,8.89426,0.706461,0.706461,0.0427324
15.113,20.6375,7.9375,0.706461,0.706461,0.0427324
15.0607,20.6375,8.80241,0.706461,0.706461,0.0427324
15.8171,19.8755,8.89426,0.696159,0.706461,0.127577
15.0607,20.6375,8.80241,0.696159,0.706461,0.127577
15.6444,19.8755,9.83707,0.696159,0.706461,0.127577
15.6444,19.8755,9.83707,0.696159,0.70646,0.127576
15.0607,20.6375,8.80241,0.696159,0.70646,0.127576
14.9045,20.6375,9.65471,0.696159,0.70646,0.127576
15.6444,19.8755,9.83707,0.675706,0.70646,0.210559
14.9045,20.6375,9.65471,0.675706,0.70646,0.210559
15.3592,19.8755,10.7522,0.675706,0.70646,0.210559
15.3592,19.8755,10.7522,0.675707,0.70646,0.210559
14.9045,20.6375,9.65471,0.675707,0.70646,0.210559
14.6467,20.6375,10.482,0.675707,0.70646,0.210559
15.3592,19.8755,10.7522,0.6454,0.70646,0.29047
14.6467,20.6375,10.482,0.6454,0.70646,0.29047
14.9658,19.8755,11.6262,0.6454,0.70646,0.29047
14.9658,19.8755,11.6262,0.645399,0.70646,0.290471
14.6467,20.6375,10.482,0.645399,0.70646,0.290471
14.2911,20.6375,11.2721,0.645399,0.70646,0.290471
14.9658,19.8755,11.6262,0.605681,0.70646,0.366147
14.2911,20.6375,11.2721,0.605681,0.70646,0.366147
14.4699,19.8755,12.4465,0.605681,0.70646,0.366147
14.4699,19.8755,12.4465,0.605682,0.70646,0.366147
14.2911,20.6375,11.2721,0.605682,0.70646,0.366147
13.8428,20.6375,12.0136,0.605682,0.70646,0.366147
14.4699,19.8755,12.4465,0.557131,0.70646,0.436485
13.8428,20.6375,12.0136,0.557131,0.70646,0.436485
13.8788,19.8755,13.201,0.557131,0.70646,0.436485
13.8788,19.8755,13.201,0.557131,0.70646,0.436485
13.8428,20.6375,12.0136,0.557131,0.70646,0.436485
13.3084,20.6375,12.6957,0.557131,0.70646,0.436485
13.8788,19.8755,13.201,0.500457,0.70646,0.500457
13.3084,20.6375,12.6957,0.500457,0.70646,0.500457
13.201,19.8755,13.8788,0.500457,0.70646,0.500457
13.201,19.8755,13.8788,0.500457,0.70646,0.500457
13.3084,20.6375,12.6957,0.500457,0.70646,0.500457
12.6957,20.6375,13.3084,0.500457,0.70646,0.500457
13.201,19.8755,13.8788,0.436485,0.70646,0.557131
12.6957,20.6375,13.3084,0.436485,0.70646,0.557131
12.4465,19.8755,14.4699,0.436485,0.70646,0.557131
12.4465,19.8755,14.4699,0.436485,0.70646,0.557131
12.6957,20.6375,13.3084,0.436485,0.70646,0.557131
12.0136,20.6375,13.8428,0.436485,0.70646,0.557131
12.4465,19.8755,14.4699,0.366147,0.70646,0.605681
12.0136,20.6375,13.8428,0.366147,0.70646,0.605681
11.6262,19.8755,14.9658,0.366147,0.70646,0.605681
11.6262,19.8755,14.9658,0.366147,0.70646,0.605681
12.0136,20.6375,13.8428,0.366147,0.70646,0.605681
11.2721,20.6375,14.2911,0.366147,0.70646,0.605681
11.6262,19.8755,14.9658,0.29047,0.70646,0.6454
11.2721,20.6375,14.2911,0.29047,0.70646,0.6454
10.7522,19.8755,15.3592,0.29047,0.70646,0.6454
10.7522,19.8755,15.3592,0.290471,0.70646,0.6454
11.2721,20.6375,14.2911,0.290471,0.70646,0.6454
10.482,20.6375,14.6467,0.290471,0.70646,0.6454
10.7522,19.8755,15.3592,0.210559,0.70646,0.675706
10.482,20.6375,14.6467,0.210559,0.70646,0.675706
9.83707,19.8755,15.6444,0.210559,0.70646,0.675706
9.83707,19.8755,15.6444,0.210558,0.70646,0.675706
10.482,20.6375,14.6467,0.210558,0.70646,0.675706
9.65471,20.6375,14.9045,0.210558,0.70646,0.675706
9.83707,19.8755,15.6444,0.127577,0.70646,0.696159
9.65471,20.6375,14.9045,0.127577,0.70646,0.696159
8.89426,19.8755,15.8171,0.127577,0.70646,0.696159
8.89426,19.8755,15.8171,0.127576,0.706461,0.696159
9.65471,20.6375,14.9045,0.127576,0.706461,0.696159
8.80241,20.6375,15.0607,0.127576,0.706461,0.696159
8.89426,19.8755,15.8171,0.0427326,0.706461,0.706461
8.80241,20.6375,15.0607,0.0427326,0.706461,0.706461
7.9375,19.8755,15.875,0.0427326,0.706461,0.706461
7.9375,19.8755,15.875,0.0427324,0.706461,0.706461
8.80241,20.6375,15.0607,0.0427324,0.706461,0.706461
7.9375,20.6375,15.113,0.0427324,0.706461,0.706461
7.9375,19.8755,15.875,-0.0427326,0.706461,0.706461
7.9375,20.6375,15.113,-0.0427326,0.706461,0.706461
6.98074,19.8755,15.8171,-0.0427326,0.706461,0.706461
6.98074,19.8755,15.8171,-0.0427324,0.706461,0.706461
7.9375,20.6375,15.113,-0.0427324,0.706461,0.706461
7.07259,20.6375,15.0607,-0.0427324,0.706461,0.706461
6.98074,19.8755,15.8171,-0.127577,0.706461,0.696159
7.07259,20.6375,15.0607,-0.127577,0.706461,0.696159
6.03793,19.8755,15.6444,-0.127577,0.706461,0.696159
6.03793,19.8755,15.6444,-0.127576,0.70646,0.696159
7.07259,20.6375,15.0607,-0.127576,0.70646,0.696159
6.22029,20.6375,14.9045,-0.127576,0.70646,0.696159
6.03793,19.8755,15.6444,-0.210559,0.70646,0.675706
6.22029,20.6375,14.9045,-0.210559,0.70646,0.675706
5.12282,19.8755,15.3592,-0.210559,0.70646,0.675706
5.12282,19.8755,15.3592,-0.210559,0.70646,0.675706
6.22029,20.6375,14.9045,-0.210559,0.70646,0.675706
5.39303,20.6375,14.6467,-0.210559,0.70646,0.675706
5.12282,19.8755,15.3592,-0.29047,0.70646,0.6454
5.39303,20.6375,14.6467,-0.29047,0.70646,0.6454
4.24876,19.8755,14.9658,-0.29047,0.70646,0.6454
4.24876,19.8755,14.9658,-0.290471,0.706461,0.645399
5.39303,20.6375,14.6467,-0.290471,0.706461,0.645399
4.60288,20.6375,14.2911,-0.290471,0.706461,0.645399
4.24876,19.8755,14.9658,-0.366147,0.706461,0.605681
4.60288,20.6375,14.2911,-0.366147,0.706461,0.605681
3.42849,19.8755,14.4699,-0.366147,0.706461,0.605681
3.42849,19.8755,14.4699,-0.366147,0.70646,0.605681
4.60288,20.6375,14.2911,-0.366147,0.70646,0.605681
3.86135,20.6375,13.8428,-0.366147,0.70646,0.605681
3.42849,19.8755,14.4699,-0.436485,0.70646,0.557131
3.86135,20.6375,13.8428,-0.436485,0.70646,0.557131
2.67396,19.8755,13.8788,-0.436485,0.70646,0.557131
2.67396,19.8755,13.8788,-0.436485,0.70646,0.557131
3.86135,20.6375,13.8428,-0.436485,0.70646,0.557131
3.17926,20.6375,13.3084,-0.436485,0.70646,0.557131
2.67396,19.8755,13.8788,-0.500457,0.70646,0.500457
3.17926,20.6375,13.3084,-0.500457,0.70646,0.500457
1.9962,19.8755,13.201,-0.500457,0.70646,0.500457
1.9962,19.8755,13.201,-0.500457,0.70646,0.500457
3.17926,20.6375,13.3084,-0.500457,0.70646,0.500457
2.56656,20.6375,12.6957,-0.500457,0.70646,0.500457
1.9962,19.8755,13.201,-0.557131,0.70646,0.436484
2.56656,20.6375,12.6957,-0.557131,0.70646,0.436484
1.40507,19.8755,12.4465,-0.557131,0.70646,0.436484
1.40507,19.8755,12.4465,-0.557131,0.70646,0.436485
2.56656,20.6375,12.6957,-0.557131,0.70646,0.436485
2.03218,20.6375,12.0136,-0.557131,0.70646,0.436485
1.40507,19.8755,12.4465,-0.605682,0.70646,0.366147
2.03218,20.6375,12.0136,-0.605682,0.70646,0.366147
0.909193,19.8755,11.6262,-0.605682,0.70646,0.366147
0.909193,19.8755,11.6262,-0.605682,0.70646,0.366147
2.03218,20.6375,12.0136,-0.605682,0.70646,0.366147
1.58391,20.6375,11.2721,-0.605682,0.70646,0.366147
0.909193,19.8755,11.6262,-0.645399,0.70646,0.290471
1.58391,20.6375,11.2721,-0.645399,0.70646,0.290471
0.515809,19.8755,10.7522,-0.645399,0.70646,0.290471
0.515809,19.8755,10.7522,-0.645399,0.70646,0.290471
1.58391,20.6375,11.2721,-0.645399,0.70646,0.290471
1.22829,20.6375,10.482,-0.645399,0.70646,0.290471
0.515809,19.8755,10.7522,-0.675706,0.70646,0.210559
1.22829,20.6375,10.482,-0.675706,0.70646,0.210559
0.230649,19.8755,9.83707,-0.675706,0.70646,0.210559
0.230649,19.8755,9.83707,-0.675706,0.70646,0.210559
1.22829,20.6375,10.482,-0.675706,0.70646,0.210559
0.970507,20.6375,9.65471,-0.675706,0.70646,0.210559
0.230649,19.8755,9.83707,-0.69616,0.70646,0.127576
0.970507,20.6375,9.65471,-0.69616,0.70646,0.127576
0.0578733,19.8755,8.89426,-0.69616,0.70646,0.127576
0.0578733,19.8755,8.89426,-0.696159,0.706461,0.127576
0.970507,20.6375,9.65471,-0.696159,0.706461,0.127576
0.814318,20.6375,8.80241,-0.696159,0.706461,0.127576
0.0578733,19.8755,8.89426,-0.706461,0.70646,0.042733
0.814318,20.6375,8.80241,-0.706461,0.70646,0.042733
0.0,19.8755,7.9375,-0.706461,0.70646,0.042733
0.0,19.8755,7.9375,-0.706461,0.70646,0.0427331
0.814318,20.6375,8.80241,-0.706461,0.70646,0.0427331
0.762,20.6375,7.9375,-0.706461,0.70646,0.0427331
0.0,19.8755,7.9375,-0.706461,0.70646,-0.042733
0.762,20.6375,7.9375,-0.706461,0.70646,-0.042733
0.0578733,19.8755,6.98074,-0.706461,0.70646,-0.042733
0.0578733,19.8755,6.98074,-0.706461,0.70646,-0.042733
0.762,20.6375,7.9375,-0.706461,0.70646,-0.042733
0.814318,20.6375,7.07259,-0.706461,0.70646,-0.042733
0.0578733,19.8755,6.98074,-0.696159,0.70646,-0.127576
0.814318,20.6375,7.07259,-0.696159,0.70646,-0.127576
0.230649,19.8755,6.03793,-0.696159,0.70646,-0.127576
0.230649,19.8755,6.03793,-0.69616,0.70646,-0.127576
0.814318,20.6375,7.07259,-0.69616,0.70646,-0.127576
0.970507,20.6375,6.22029,-0.69616,0.70646,-0.127576
0.230649,19.8755,6.03793,-0.675706,0.70646,-0.210559
0.970507,20.6375,6.22029,-0.675706,0.70646,-0.210559
0.515809,19.8755,5.12282,-0.675706,0.70646,-0.210559
0.515809,19.8755,5.12282,-0.675706,0.70646,-0.210559
0.970507,20.6375,6.22029,-0.675706,0.70646,-0.210559
1.22829,20.6375,5.39303,-0.675706,0.70646,-0.210559
0.515809,19.8755,5.12282,-0.645399,0.70646,-0.290471
1.22829,20.6375,5.39303,-0.645399,0.70646,-0.290471
0.909193,19.8755,4.24876,-0.645399,0.70646,-0.290471
0.909193,19.8755,4.24876,-0.645399,0.70646,-0.290471
1.22829,20.6375,5.39303,-0.645399,0.70646,-0.290471
1.58391,20.6375,4.60288,-0.645399,0.70646,-0.290471
0.909193,19.8755,4.24876,-0.605681,0.70646,-0.366147
1.58391,20.6375,4.60288,-0.605681,0.70646,-0.366147
1.40507,19.8755,3.42849,-0.605681,0.70646,-0.366147
1.40507,19.8755,3.42849,-0.605681,0.70646,-0.366147
1.58391,20.6375,4.60288,-0.605681,0.70646,-0.366147
2.03218,20.6375,3.86135,-0.605681,0.70646,-0.366147
1.40507,19.8755,3.42849,-0.557131,0.70646,-0.436484
2.03218,20.6375,3.86135,-0.557131,0.70646,-0.436484
1.9962,19.8755,2.67396,-0.557131,0.70646,-0.436484
1.9962,19.8755,2.67396,-0.557131,0.70646,-0.436484
2.03218,20.6375,3.86135,-0.557131,0.70646,-0.436484
2.56656,20.6375,3.17926,-0.557131,0.70646,-0.436484
1.9962,19.8755,2.67396,-0.500457,0.70646,-0.500457
2.56656,20.6375,3.17926,-0.500457,0.70646,-0.500457
2.67396,19.8755,1.9962,-0.500457,0.70646,-0.500457
2.67396,19.8755,1.9962,-0.500457,0.70646,-0.500457
2.56656,20.6375,3.17926,-0.500457,0.70646,-0.500457
3.17926,20.6375,2.56656,-0.500457,0.70646,-0.500457
2.67396,19.8755,1.9962,-0.436484,0.70646,-0.557131
3.17926,20.6375,2.56656,-0.436484,0.70646,-0.557131
3.42849,19.8755,1.40507,-0.436484,0.70646,-0.557131
3.42849,19.8755,1.40507,-0.436484,0.70646,-0.557131
3.17926,20.6375,2.56656,-0.436484,0.70646,-0.557131
3.86135,20.6375,2.03218,-0.436484,0.70646,-0.557131
3.42849,19.8755,1.40507,-0.366147,0.70646,-0.605681
3.86135,20.6375,2.03218,-0.366147,0.70646,-0.605681
4.24876,19.8755,0.909193,-0.366147,0.70646,-0.605681
4.24876,19.8755,0.909193,-0.366147,0.70646,-0.605681
3.86135,20.6375,2.03218,-0.366147,0.70646,-0.605681
4.60288,20.6375,1.58391,-0.366147,0.70646,-0.605681
4.24876,19.8755,0.909193,-0.290471,0.70646,-0.645399
4.60288,20.6375,1.58391,-0.290471,0.70646,-0.645399
5.12282,19.8755,0.515809,-0.290471,0.70646,-0.645399
5.12282,19.8755,0.515809,-0.290471,0.70646,-0.645399
4.60288,20.6375,1.58391,-0.290471,0.70646,-0.645399
5.39303,20.6375,1.22829,-0.290471,0.70646,-0.645399
5.12282,19.8755,0.515809,-0.210559,0.70646,-0.675706
5.39303,20.6375,1.22829,-0.210559,0.70646,-0.675706
6.03793,19.8755,0.230649,-0.210559,0.70646,-0.675706
6.03793,19.8755,0.230649,-0.210559,0.70646,-0.675706
5.39303,20.6375,1.22829,-0.210559,0.70646,-0.675706
6.22029,20.6375,0.970507,-0.210559,0.70646,-0.675706
6.03793,19.8755,0.230649,-0.127576,0.70646,-0.69616
6.22029,20.6375,0.970507,-0.127576,0.70646,-0.69616
6.98074,19.8755,0.0578733,-0.127576,0.70646,-0.69616
6.98074,19.8755,0.0578733,-0.127576,0.70646,-0.696159
6.22029,20.6375,0.970507,-0.127576,0.70646,-0.696159
7.07259,20.6375,0.814318,-0.127576,0.70646,-0.696159
6.98074,19.8755,0.0578733,-0.042733,0.70646,-0.706461
7.07259,20.6375,0.814318,-0.042733,0.70646,-0.706461
7.9375,19.8755,0.0,-0.042733,0.70646,-0.706461
7.9375,19.8755,0.0,-0.042733,0.70646,-0.706461
7.07259,20.6375,0.814318,-0.042733,0.70646,-0.706461
7.9375,20.6375,0.762,-0.042733,0.70646,-0.706461
7.9375,19.8755,0.0,0.042733,0.70646,-0.706461
7.9375,20.6375,0.762,0.042733,0.70646,-0.706461
8.89426,19.8755,0.0578733,0.042733,0.70646,-0.706461
8.89426,19.8755,0.0578733,0.0427331,0.70646,-0.706461
7.9375,20.6375,0.762,0.0427331,0.70646,-0.706461
8.80241,20.6375,0.814318,0.0427331,0.70646,-0.706461
10.913,0.0,9.13316,0.0,-1.0,0.0
4.87131,0.0,6.99849,0.0,-1.0,0.0
11.0723,0.0,8.6131,0.0,-1.0,0.0
11.0723,0.0,8.6131,0.0,-1.0,0.0
4.87131,0.0,6.99849,0.0,-1.0,0.0
5.07411,0.0,6.49381,0.0,-1.0,0.0
11.0723,0.0,8.6131,0.0,-1.0,0.0
5.07411,0.0,6.49381,0.0,-1.0,0.0
11.1414,0.0,8.0736,0.0,-1.0,0.0
11.1414,0.0,8.0736,0.0,-1.0,0.0
5.07411,0.0,6.49381,0.0,-1.0,0.0
5.35928,0.0,6.03066,0.0,-1.0,0.0
11.1414,0.0,8.0736,0.0,-1.0,0.0
5.35928,0.0,6.03066,0.0,-1.0,0.0
11.1183,0.0,7.53019,0.0,-1.0,0.0
11.1183,0.0,7.53019,0.0,-1.0,0.0
5.35928,0.0,6.03066,0.0,-1.0,0.0
5.71863,0.0,5.62237,0.0,-1.0,0.0
11.1183,0.0,7.53019,0.0,-1.0,0.0
5.71863,0.0,5.62237,0.0,-1.0,0.0
11.0037,0.0,6.99849,0.0,-1.0,0.0
11.0037,0.0,6.99849,0.0,-1.0,0.0
5.71863,0.0,5.62237,0.0,-1.0,0.0
6.1418,0.0,5.28068,0.0,-1.0,0.0
11.0037,0.0,6.99849,0.0,-1.0,0.0
6.1418,0.0,5.28068,0.0,-1.0,0.0
10.8009,0.0,6.49381,0.0,-1.0,0.0
10.8009,0.0,6.49381,0.0,-1.0,0.0
6.1418,0.0,5.28068,0.0,-1.0,0.0
6.61664,0.0,5.01542,0.0,-1.0,0.0
10.8009,0.0,6.49381,0.0,-1.0,0.0
6.61664,0.0,5.01542,0.0,-1.0,0.0
10.5157,0.0,6.03066,0.0,-1.0,0.0
10.5157,0.0,6.03066,0.0,-1.0,0.0
6.61664,0.0,5.01542,0.0,-1.0,0.0
7.12947,0.0,4.83422,0.0,-1.0,0.0
10.5157,0.0,6.03066,0.0,-1.0,0.0
7.12947,0.0,4.83422,0.0,-1.0,0.0
10.1564,0.0,5.62237,0.0,-1.0,0.0
10.1564,0.0,5.62237,0.0,-1.0,0.0
7.12947,0.0,4.83422,0.0,-1.0,0.0
7.66555,0.0,4.7423,0.0,-1.0,0.0
10.1564,0.0,5.62237,0.0,-1.0,0.0
7.66555,0.0,4.7423,0.0,-1.0,0.0
9.7332,0.0,5.28068,0.0,-1.0,0.0
9.7332,0.0,5.28068,0.0,-1.0,0.0
7.66555,0.0,4.7423,0.0,-1.0,0.0
8.20945,0.0,4.7423,0.0,-1.0,0.0
9.7332,0.0,5.28068,0.0,-1.0,0.0
8.20945,0.0,4.7423,0.0,-1.0,0.0
9.25836,0.0,5.01542,0.0,-1.0,0.0
9.25836,0.0,5.01542,0.0,-1.0,0.0
8.20945,0.0,4.7423,0.0,-1.0,0.0
8.74553,0.0,4.83422,0.0,-1.0,0.0
9.95205,0.0,10.4325,0.0,-1.0,0.0
9.50142,0.0,10.737,0.0,-1.0,0.0
10.3447,0.0,10.0561,0.0,-1.0,0.0
10.3447,0.0,10.0561,0.0,-1.0,0.0
9.50142,0.0,10.737,0.0,-1.0,0.0
4.87131,0.0,6.99849,0.0,-1.0,0.0
10.3447,0.0,10.0561,0.0,-1.0,0.0
4.87131,0.0,6.99849,0.0,-1.0,0.0
10.6681,0.0,9.61882,0.0,-1.0,0.0
10.6681,0.0,9.61882,0.0,-1.0,0.0
4.87131,0.0,6.99849,0.0,-1.0,0.0
10.913,0.0,9.13316,0.0,-1.0,0.0
9.50142,0.0,10.737,0.0,-1.0,0.0
9.0058,0.0,10.9611,0.0,-1.0,0.0
5.20686,0.0,9.61882,0.0,-1.0,0.0
5.20686,0.0,9.61882,0.0,-1.0,0.0
9.0058,0.0,10.9611,0.0,-1.0,0.0
8.47944,0.0,11.0981,0.0,-1.0,0.0
4.75672,0.0,7.53019,0.0,-1.0,0.0
4.87131,0.0,6.99849,0.0,-1.0,0.0
4.73364,0.0,8.0736,0.0,-1.0,0.0
4.73364,0.0,8.0736,0.0,-1.0,0.0
4.87131,0.0,6.99849,0.0,-1.0,0.0
9.50142,0.0,10.737,0.0,-1.0,0.0
4.73364,0.0,8.0736,0.0,-1.0,0.0
9.50142,0.0,10.737,0.0,-1.0,0.0
4.80273,0.0,8.6131,0.0,-1.0,0.0
4.80273,0.0,8.6131,0.0,-1.0,0.0
9.50142,0.0,10.737,0.0,-1.0,0.0
5.20686,0.0,9.61882,0.0,-1.0,0.0
4.80273,0.0,8.6131,0.0,-1.0,0.0
5.20686,0.0,9.61882,0.0,-1.0,0.0
4.96199,0.0,9.13316,0.0,-1.0,0.0
8.47944,0.0,11.0981,0.0,-1.0,0.0
7.9375,0.0,11.1443,0.0,-1.0,0.0
5.20686,0.0,9.61882,0.0,-1.0,0.0
5.20686,0.0,9.61882,0.0,-1.0,0.0
7.9375,0.0,11.1443,0.0,-1.0,0.0
7.39556,0.0,11.0981,0.0,-1.0,0.0
5.20686,0.0,9.61882,0.0,-1.0,0.0
7.39556,0.0,11.0981,0.0,-1.0,0.0
5.53028,0.0,10.0561,0.0,-1.0,0.0
5.53028,0.0,10.0561,0.0,-1.0,0.0
7.39556,0.0,11.0981,0.0,-1.0,0.0
6.8692,0.0,10.9611,0.0,-1.0,0.0
5.53028,0.0,10.0561,0.0,-1.0,0.0
6.8692,0.0,10.9611,0.0,-1.0,0.0
5.92296,0.0,10.4325,0.0,-1.0,0.0
5.92296,0.0,10.4325,0.0,-1.0,0.0
6.8692,0.0,10.9611,0.0,-1.0,0.0
6.37358,0.0,10.737,0.0,-1.0,0.0
8.89426,19.8755,15.8171,0.180256,0.0,0.98362
8.89426,15.875,15.8171,0.180256,0.0,0.98362
9.83707,19.8755,15.6444,0.180256,0.0,0.98362
9.83707,19.8755,15.6444,0.180256,0.0,0.98362
8.89426,15.875,15.8171,0.180256,0.0,0.98362
9.83707,15.875,15.6444,0.180256,0.0,0.98362
9.83707,19.8755,15.6444,0.297504,0.0,0.954721
9.83707,15.875,15.6444,0.297504,0.0,0.954721
10.7522,19.8755,15.3592,0.297504,0.0,0.954721
10.7522,19.8755,15.3592,0.297504,0.0,0.954721
9.83707,15.875,15.6444,0.297504,0.0,0.954721
10.7522,15.875,15.3592,0.297504,0.0,0.954721
10.7522,19.8755,15.3592,0.410412,0.0,0.9119
10.7522,15.875,15.3592,0.410412,0.0,0.9119
11.6262,19.8755,14.9658,0.410412,0.0,0.9119
11.6262,19.8755,14.9658,0.410412,0.0,0.9119
10.7522,15.875,15.3592,0.410412,0.0,0.9119
11.6262,15.875,14.9658,0.410412,0.0,0.9119
11.6262,19.8755,14.9658,0.517338,0.0,0.855781
11.6262,15.875,14.9658,0.517338,0.0,0.855781
12.4465,19.8755,14.4699,0.517338,0.0,0.855781
12.4465,19.8755,14.4699,0.517338,0.0,0.855781
11.6262,15.875,14.9658,0.517338,0.0,0.855781
12.4465,15.875,14.4699,0.517338,0.0,0.855781
12.4465,19.8755,14.4699,0.616719,0.0,0.787183
12.4465,15.875,14.4699,0.616719,0.0,0.787183
13.201,19.8755,13.8788,0.616719,0.0,0.787183
13.201,19.8755,13.8788,0.616719,0.0,0.787183
12.4465,15.875,14.4699,0.616719,0.0,0.787183
13.201,15.875,13.8788,0.616719,0.0,0.787183
13.201,19.8755,13.8788,0.707107,0.0,0.707107
13.201,15.875,13.8788,0.707107,0.0,0.707107
13.8788,19.8755,13.201,0.707107,0.0,0.707107
13.8788,19.8755,13.201,0.707107,0.0,0.707107
13.201,15.875,13.8788,0.707107,0.0,0.707107
13.8788,15.875,13.201,0.707107,0.0,0.707107
13.8788,19.8755,13.201,0.787183,0.0,0.616719
13.8788,15.875,13.201,0.787183,0.0,0.616719
14.4699,19.8755,12.4465,0.787183,0.0,0.616719
14.4699,19.8755,12.4465,0.787183,0.0,0.616719
13.8788,15.875,13.201,0.787183,0.0,0.616719
14.4699,15.875,12.4465,0.787183,0.0,0.616719
14.4699,19.8755,12.4465,0.855781,0.0,0.517338
14.4699,15.875,12.4465,0.855781,0.0,0.517338
14.9658,19.8755,11.6262,0.855781,0.0,0.517338
14.9658,19.8755,11.6262,0.855781,0.0,0.517338
14.4699,15.875,12.4465,0.855781,0.0,0.517338
14.9658,15.875,11.6262,0.855781,0.0,0.517338
14.9658,19.8755,11.6262,0.9119,0.0,0.410412
14.9658,15.875,11.6262,0.9119,0.0,0.410412
15.3592,19.8755,10.7522,0.9119,0.0,0.410412
15.3592,19.8755,10.7522,0.9119,0.0,0.410412
14.9658,15.875,11.6262,0.9119,0.0,0.410412
15.3592,15.875,10.7522,0.9119,0.0,0.410412
15.3592,19.8755,10.7522,0.954721,0.0,0.297504
15.3592,15.875,10.7522,0.954721,0.0,0.297504
15.6444,19.8755,9.83707,0.954721,0.0,0.297504
15.6444,19.8755,9.83707,0.954721,0.0,0.297504
15.3592,15.875,10.7522,0.954721,0.0,0.297504
15.6444,15.875,9.83707,0.954721,0.0,0.297504
15.6444,19.8755,9.83707,0.98362,0.0,0.180256
15.6444,15.875,9.83707,0.98362,0.0,0.180256
15.8171,19.8755,8.89426,0.98362,0.0,0.180256
15.8171,19.8755,8.89426,0.98362,0.0,0.180256
15.6444,15.875,9.83707,0.98362,0.0,0.180256
15.8171,15.875,8.89426,0.98362,0.0,0.180256
15.8171,19.8755,8.89426,0.998176,0.0,0.0603779
15.8171,15.875,8.89426,0.998176,0.0,0.0603779
15.875,19.8755,7.9375,0.998176,0.0,0.0603779
15.875,19.8755,7.9375,0.998176,0.0,0.0603779
15.8171,15.875,8.89426,0.998176,0.0,0.0603779
15.875,15.875,7.9375,0.998176,0.0,0.0603779
15.875,19.8755,7.9375,0.998176,0.0,-0.0603779
15.875,15.875,7.9375,0.998176,0.0,-0.0603779
15.8171,19.8755,6.98074,0.998176,0.0,-0.0603779
15.8171,19.8755,6.98074,0.998176,0.0,-0.0603779
15.875,15.875,7.9375,0.998176,0.0,-0.0603779
15.8171,15.875,6.98074,0.998176,0.0,-0.0603779
15.8171,19.8755,6.98074,0.98362,0.0,-0.180256
15.8171,15.875,6.98074,0.98362,0.0,-0.180256
15.6444,19.8755,6.03793,0.98362,0.0,-0.180256
15.6444,19.8755,6.03793,0.98362,0.0,-0.180256
15.8171,15.875,6.98074,0.98362,0.0,-0.180256
15.6444,15.875,6.03793,0.98362,0.0,-0.180256
15.6444,19.8755,6.03793,0.954721,0.0,-0.297504
15.6444,15.875,6.03793,0.954721,0.0,-0.297504
15.3592,19.8755,5.12282,0.954721,0.0,-0.297504
15.3592,19.8755,5.12282,0.954721,0.0,-0.297504
15.6444,15.875,6.03793,0.954721,0.0,-0.297504
15.3592,15.875,5.12282,0.954721,0.0,-0.297504
15.3592,19.8755,5.12282,0.9119,0.0,-0.410412
15.3592,15.875,5.12282,0.9119,0.0,-0.410412
14.9658,19.8755,4.24876,0.9119,0.0,-0.410412
14.9658,19.8755,4.24876,0.9119,0.0,-0.410412
15.3592,15.875,5.12282,0.9119,0.0,-0.410412
14.9658,15.875,4.24876,0.9119,0.0,-0.410412
14.9658,19.8755,4.24876,0.855781,0.0,-0.517338
14.9658,15.875,4.24876,0.855781,0.0,-0.517338
14.4699,19.8755,3.42849,0.855781,0.0,-0.517338
14.4699,19.8755,3.42849,0.855781,0.0,-0.517338
14.9658,15.875,4.24876,0.855781,0.0,-0.517338
14.4699,15.875,3.42849,0.855781,0.0,-0.517338
14.4699,19.8755,3.42849,0.787183,0.0,-0.616719
14.4699,15.875,3.42849,0.787183,0.0,-0.616719
13.8788,19.8755,2.67396,0.787183,0.0,-0.616719
13.8788,19.8755,2.67396,0.787183,0.0,-0.616719
14.4699,15.875,3.42849,0.787183,0.0,-0.616719
13.8788,15.875,2.67396,0.787183,0.0,-0.616719
13.8788,19.8755,2.67396,0.707107,0.0,-0.707106
13.8788,15.875,2.67396,0.707107,0.0,-0.707106
13.201,19.8755,1.9962,0.707107,0.0,-0.707106
13.201,19.8755,1.9962,0.707107,0.0,-0.707106
13.8788,15.875,2.67396,0.707107,0.0,-0.707106
13.201,15.875,1.9962,0.707107,0.0,-0.707106
13.201,19.8755,1.9962,0.616719,0.0,-0.787183
13.201,15.875,1.9962,0.616719,0.0,-0.787183
12.4465,19.8755,1.40507,0.616719,0.0,-0.787183
12.4465,19.8755,1.40507,0.616719,0.0,-0.787183
13.201,15.875,1.9962,0.616719,0.0,-0.787183
12.4465,15.875,1.40507,0.616719,0.0,-0.787183
12.4465,19.8755,1.40507,0.517338,0.0,-0.855781
12.4465,15.875,1.40507,0.517338,0.0,-0.855781
11.6262,19.8755,0.909193,0.517338,0.0,-0.855781
11.6262,19.8755,0.909193,0.517338,0.0,-0.855781
12.4465,15.875,1.40507,0.517338,0.0,-0.855781
11.6262,15.875,0.909193,0.517338,0.0,-0.855781
11.6262,19.8755,0.909193,0.410413,0.0,-0.9119
11.6262,15.875,0.909193,0.410413,0.0,-0.9119
10.7522,19.8755,0.515809,0.410413,0.0,-0.9119
10.7522,19.8755,0.515809,0.410413,0.0,-0.9119
11.6262,15.875,0.909193,0.410413,0.0,-0.9119
10.7522,15.875,0.515809,0.410413,0.0,-0.9119
10.7522,19.8755,0.515809,0.297503,0.0,-0.954721
10.7522,15.875,0.515809,0.297503,0.0,-0.954721
9.83707,19.8755,0.230649,0.297503,0.0,-0.954721
9.83707,19.8755,0.230649,0.297503,0.0,-0.954721
10.7522,15.875,0.515809,0.297503,0.0,-0.954721
9.83707,15.875,0.230649,0.297503,0.0,-0.954721
9.83707,19.8755,0.230649,0.180255,0.0,-0.98362
9.83707,15.875,0.230649,0.180255,0.0,-0.98362
8.89426,19.8755,0.0578733,0.180255,0.0,-0.98362
8.89426,19.8755,0.0578733,0.180255,0.0,-0.98362
9.83707,15.875,0.230649,0.180255,0.0,-0.98362
8.89426,15.875,0.0578733,0.180255,0.0,-0.98362
8.89426,19.8755,0.0578733,0.0603785,0.0,-0.998176
8.89426,15.875,0.0578733,0.0603785,0.0,-0.998176
7.9375,19.8755,0.0,0.0603785,0.0,-0.998176
7.9375,19.8755,0.0,0.0603785,0.0,-0.998176
8.89426,15.875,0.0578733,0.0603785,0.0,-0.998176
7.9375,15.875,0.0,0.0603785,0.0,-0.998176
7.9375,19.8755,0.0,-0.0603785,0.0,-0.998176
7.9375,15.875,0.0,-0.0603785,0.0,-0.998176
6.98074,19.8755,0.0578733,-0.0603785,0.0,-0.998176
6.98074,19.8755,0.0578733,-0.0603785,0.0,-0.998176
7.9375,15.875,0.0,-0.0603785,0.0,-0.998176
6.98074,15.875,0.0578733,-0.0603785,0.0,-0.998176
6.98074,19.8755,0.0578733,-0.180255,0.0,-0.98362
6.98074,15.875,0.0578733,-0.180255,0.0,-0.98362
6.03793,19.8755,0.230649,-0.180255,0.0,-0.98362
6.03793,19.8755,0.230649,-0.180255,0.0,-0.98362
6.98074,15.875,0.0578733,-0.180255,0.0,-0.98362
6.03793,15.875,0.230649,-0.180255,0.0,-0.98362
6.03793,19.8755,0.230649,-0.297503,0.0,-0.954721
6.03793,15.875,0.230649,-0.297503,0.0,-0.954721
5.12282,19.8755,0.515809,-0.297503,0.0,-0.954721
5.12282,19.8755,0.515809,-0.297503,0.0,-0.954721
6.03793,15.875,0.230649,-0.297503,0.0,-0.954721
5.12282,15.875,0.515809,-0.297503,0.0,-0.954721
5.12282,19.8755,0.515809,-0.410413,0.0,-0.9119
5.12282,15.875,0.515809,-0.410413,0.0,-0.9119
4.24876,19.8755,0.909193,-0.410413,0.0,-0.9119
4.24876,19.8755,0.909193,-0.410413,0.0,-0.9119
5.12282,15.875,0.515809,-0.410413,0.0,-0.9119
4.24876,15.875,0.909193,-0.410413,0.0,-0.9119
4.24876,19.8755,0.909193,-0.517338,0.0,-0.855781
4.24876,15.875,0.909193,-0.517338,0.0,-0.855781
3.42849,19.8755,1.40507,-0.517338,0.0,-0.855781
3.42849,19.8755,1.40507,-0.517338,0.0,-0.855781
4.24876,15.875,0.909193,-0.517338,0.0,-0.855781
3.42849,15.875,1.40507,-0.517338,0.0,-0.855781
3.42849,19.8755,1.40507,-0.616719,0.0,-0.787183
3.42849,15.875,1.40507,-0.616719,0.0,-0.787183
2.67396,19.8755,1.9962,-0.616719,0.0,-0.787183
2.67396,19.8755,1.9962,-0.616719,0.0,-0.787183
3.42849,15.875,1.40507,-0.616719,0.0,-0.787183
2.67396,15.875,1.9962,-0.616719,0.0,-0.787183
2.67396,19.8755,1.9962,-0.707107,0.0,-0.707107
2.67396,15.875,1.9962,-0.707107,0.0,-0.707107
1.9962,19.8755,2.67396,-0.707107,0.0,-0.707107
1.9962,19.8755,2.67396,-0.707107,0.0,-0.707107
2.67396,15.875,1.9962,-0.707107,0.0,-0.707107
1.9962,15.875,2.67396,-0.707107,0.0,-0.707107
1.9962,19.8755,2.67396,-0.787183,0.0,-0.616719
1.9962,15.875,2.67396,-0.787183,0.0,-0.616719
1.40507,19.8755,3.42849,-0.787183,0.0,-0.616719
1.40507,19.8755,3.42849,-0.787183,0.0,-0.616719
1.9962,15.875,2.67396,-0.787183,0.0,-0.616719
1.40507,15.875,3.42849,-0.787183,0.0,-0.616719
1.40507,19.8755,3.42849,-0.855781,0.0,-0.517338
1.40507,15.875,3.42849,-0.855781,0.0,-0.517338
0.909193,19.8755,4.24876,-0.855781,0.0,-0.517338
0.909193,19.8755,4.24876,-0.855781,0.0,-0.517338
1.40507,15.875,3.42849,-0.855781,0.0,-0.517338
0.909193,15.875,4.24876,-0.855781,0.0,-0.517338
0.909193,19.8755,4.24876,-0.9119,0.0,-0.410413
0.909193,15.875,4.24876,-0.9119,0.0,-0.410413
0.515809,19.8755,5.12282,-0.9119,0.0,-0.410413
0.515809,19.8755,5.12282,-0.9119,0.0,-0.410413
0.909193,15.875,4.24876,-0.9119,0.0,-0.410413
0.515809,15.875,5.12282,-0.9119,0.0,-0.410413
0.515809,19.8755,5.12282,-0.954721,0.0,-0.297503
0.515809,15.875,5.12282,-0.954721,0.0,-0.297503
0.230649,19.8755,6.03793,-0.954721,0.0,-0.297503
0.230649,19.8755,6.03793,-0.954721,0.0,-0.297503
0.515809,15.875,5.12282,-0.954721,0.0,-0.297503
0.230649,15.875,6.03793,-0.954721,0.0,-0.297503
0.230649,19.8755,6.03793,-0.98362,0.0,-0.180255
0.230649,15.875,6.03793,-0.98362,0.0,-0.180255
0.0578733,19.8755,6.98074,-0.98362,0.0,-0.180255
0.0578733,19.8755,6.98074,-0.98362,0.0,-0.180255
0.230649,15.875,6.03793,-0.98362,0.0,-0.180255
0.0578733,15.875,6.98074,-0.98362,0.0,-0.180255
0.0578733,19.8755,6.98074,-0.998176,0.0,-0.0603785
0.0578733,15.875,6.98074,-0.998176,0.0,-0.0603785
0.0,19.8755,7.9375,-0.998176,0.0,-0.0603785
0.0,19.8755,7.9375,-0.998176,0.0,-0.0603785
0.0578733,15.875,6.98074,-0.998176,0.0,-0.0603785
0.0,15.875,7.9375,-0.998176,0.0,-0.0603785
0.0,19.8755,7.9375,-0.998176,0.0,0.0603785
0.0,15.875,7.9375,-0.998176,0.0,0.0603785
0.0578733,19.8755,8.89426,-0.998176,0.0,0.0603785
0.0578733,19.8755,8.89426,-0.998176,0.0,0.0603785
0.0,15.875,7.9375,-0.998176,0.0,0.0603785
0.0578733,15.875,8.89426,-0.998176,0.0,0.0603785
0.0578733,19.8755,8.89426,-0.98362,0.0,0.180255
0.0578733,15.875,8.89426,-0.98362,0.0,0.180255
0.230649,19.8755,9.83707,-0.98362,0.0,0.180255
0.230649,19.8755,9.83707,-0.98362,0.0,0.180255
0.0578733,15.875,8.89426,-0.98362,0.0,0.180255
0.230649,15.875,9.83707,-0.98362,0.0,0.180255
0.230649,19.8755,9.83707,-0.954721,0.0,0.297503
0.230649,15.875,9.83707,-0.954721,0.0,0.297503
0.515809,19.8755,10.7522,-0.954721,0.0,0.297503
0.515809,19.8755,10.7522,-0.954721,0.0,0.297503
0.230649,15.875,9.83707,-0.954721,0.0,0.297503
0.515809,15.875,10.7522,-0.954721,0.0,0.297503
0.515809,19.8755,10.7522,-0.9119,0.0,0.410413
0.515809,15.875,10.7522,-0.9119,0.0,0.410413
0.909193,19.8755,11.6262,-0.9119,0.0,0.410413
0.909193,19.8755,11.6262,-0.9119,0.0,0.410413
0.515809,15.875,10.7522,-0.9119,0.0,0.410413
0.909193,15.875,11.6262,-0.9119,0.0,0.410413
0.909193,19.8755,11.6262,-0.855781,0.0,0.517338
0.909193,15.875,11.6262,-0.855781,0.0,0.517338
1.40507,19.8755,12.4465,-0.855781,0.0,0.517338
1.40507,19.8755,12.4465,-0.855781,0.0,0.517338
0.909193,15.875,11.6262,-0.855781,0.0,0.517338
1.40507,15.875,12.4465,-0.855781,0.0,0.517338
1.40507,19.8755,12.4465,-0.787183,0.0,0.616719
1.40507,15.875,12.4465,-0.787183,0.0,0.616719
1.9962,19.8755,13.201,-0.787183,0.0,0.616719
1.9962,19.8755,13.201,-0.787183,0.0,0.616719
1.40507,15.875,12.4465,-0.787183,0.0,0.616719
1.9962,15.875,13.201,-0.787183,0.0,0.616719
1.9962,19.8755,13.201,-0.707106,0.0,0.707107
1.9962,15.875,13.201,-0.707106,0.0,0.707107
2.67396,19.8755,13.8788,-0.707106,0.0,0.707107
2.67396,19.8755,13.8788,-0.707106,0.0,0.707107
1.9962,15.875,13.201,-0.707106,0.0,0.707107
2.67396,15.875,13.8788,-0.707106,0.0,0.707107
2.67396,19.8755,13.8788,-0.616719,0.0,0.787183
2.67396,15.875,13.8788,-0.616719,0.0,0.787183
3.42849,19.8755,14.4699,-0.616719,0.0,0.787183
3.42849,19.8755,14.4699,-0.616719,0.0,0.787183
2.67396,15.875,13.8788,-0.616719,0.0,0.787183
3.42849,15.875,14.4699,-0.616719,0.0,0.787183
3.42849,19.8755,14.4699,-0.517338,0.0,0.855781
3.42849,15.875,14.4699,-0.517338,0.0,0.855781
4.24876,19.8755,14.9658,-0.517338,0.0,0.855781
4.24876,19.8755,14.9658,-0.517338,0.0,0.855781
3.42849,15.875,14.4699,-0.517338,0.0,0.855781
4.24876,15.875,14.9658,-0.517338,0.0,0.855781
4.24876,19.8755,14.9658,-0.410412,0.0,0.9119
4.24876,15.875,14.9658,-0.410412,0.0,0.9119
5.12282,19.8755,15.3592,-0.410412,0.0,0.9119
5.12282,19.8755,15.3592,-0.410412,0.0,0.9119
4.24876,15.875,14.9658,-0.410412,0.0,0.9119
5.12282,15.875,15.3592,-0.410412,0.0,0.9119
5.12282,19.8755,15.3592,-0.297504,0.0,0.954721
5.12282,15.875,15.3592,-0.297504,0.0,0.954721
6.03793,19.8755,15.6444,-0.297504,0.0,0.954721
6.03793,19.8755,15.6444,-0.297504,0.0,0.954721
5.12282,15.875,15.3592,-0.297504,0.0,0.954721
6.03793,15.875,15.6444,-0.297504,0.0,0.954721
6.03793,19.8755,15.6444,-0.180256,0.0,0.98362
6.03793,15.875,15.6444,-0.180256,0.0,0.98362
6.98074,19.8755,15.8171,-0.180256,0.0,0.98362
6.98074,19.8755,15.8171,-0.180256,0.0,0.98362
6.03793,15.875,15.6444,-0.180256,0.0,0.98362
6.98074,15.875,15.8171,-0.180256,0.0,0.98362
6.98074,19.8755,15.8171,-0.0603779,0.0,0.998176
6.98074,15.875,15.8171,-0.0603779,0.0,0.998176
7.9375,19.8755,15.875,-0.0603779,0.0,0.998176
7.9375,19.8755,15.875,-0.0603779,0.0,0.998176
6.98074,15.875,15.8171,-0.0603779,0.0,0.998176
7.9375,15.875,15.875,-0.0603779,0.0,0.998176
7.9375,19.8755,15.875,0.0603779,0.0,0.998176
7.9375,15.875,15.875,0.0603779,0.0,0.998176
8.89426,19.8755,15.8171,0.0603779,0.0,0.998176
8.89426,19.8755,15.8171,0.0603779,0.0,0.998176
7.9375,15.875,15.875,0.0603779,0.0,0.998176
8.89426,15.875,15.8171,0.0603779,0.0,0.998176
8.60822,0.762001,11.8492,0.178496,-0.705829,0.685525
8.47944,0.0,11.0981,0.178496,-0.705829,0.685525
9.25965,0.762001,11.6795,0.178496,-0.705829,0.685525
9.25965,0.762001,11.6795,0.178497,-0.705829,0.685525
8.47944,0.0,11.0981,0.178497,-0.705829,0.685525
9.0058,0.0,10.9611,0.178497,-0.705829,0.685525
9.25965,0.762001,11.6795,0.291783,-0.705829,0.645498
9.0058,0.0,10.9611,0.291783,-0.705829,0.645498
9.87304,0.762001,11.4023,0.291783,-0.705829,0.645498
9.87304,0.762001,11.4023,0.291783,-0.705829,0.645498
9.0058,0.0,10.9611,0.291783,-0.705829,0.645498
9.50142,0.0,10.737,0.291783,-0.705829,0.645498
9.87304,0.762001,11.4023,0.396676,-0.705829,0.586901
9.50142,0.0,10.737,0.396676,-0.705829,0.586901
10.4307,0.762001,11.0253,0.396676,-0.705829,0.586901
10.4307,0.762001,11.0253,0.396676,-0.705829,0.586901
9.50142,0.0,10.737,0.396676,-0.705829,0.586901
9.95205,0.0,10.4325,0.396676,-0.705829,0.586901
10.4307,0.762001,11.0253,0.490158,-0.705829,0.51142
9.95205,0.0,10.4325,0.490158,-0.705829,0.51142
10.9167,0.762001,10.5596,0.490158,-0.705829,0.51142
10.9167,0.762001,10.5596,0.490158,-0.705829,0.511421
9.95205,0.0,10.4325,0.490158,-0.705829,0.511421
10.3447,0.0,10.0561,0.490158,-0.705829,0.511421
10.9167,0.762001,10.5596,0.569537,-0.705829,0.421228
10.3447,0.0,10.0561,0.569537,-0.705829,0.421228
11.317,0.762001,10.0183,0.569537,-0.705829,0.421228
11.317,0.762001,10.0183,0.569537,-0.705829,0.421227
10.3447,0.0,10.0561,0.569537,-0.705829,0.421227
10.6681,0.0,9.61882,0.569537,-0.705829,0.421227
11.317,0.762001,10.0183,0.632532,-0.705829,0.318917
10.6681,0.0,9.61882,0.632532,-0.705829,0.318917
11.6201,0.762001,9.41727,0.632532,-0.705829,0.318917
11.6201,0.762001,9.41727,0.632532,-0.705829,0.318917
10.6681,0.0,9.61882,0.632532,-0.705829,0.318917
10.913,0.0,9.13316,0.632532,-0.705829,0.318917
11.6201,0.762001,9.41727,0.677332,-0.705829,0.20743
10.913,0.0,9.13316,0.677332,-0.705829,0.20743
11.8172,0.762001,8.77363,0.677332,-0.705829,0.20743
11.8172,0.762001,8.77363,0.677332,-0.705829,0.207429
10.913,0.0,9.13316,0.677332,-0.705829,0.207429
11.0723,0.0,8.6131,0.677332,-0.705829,0.207429
11.8172,0.762001,8.77363,0.702644,-0.705829,0.0899771
11.0723,0.0,8.6131,0.702644,-0.705829,0.0899771
11.9027,0.762001,8.10594,0.702644,-0.705829,0.0899771
11.9027,0.762001,8.10594,0.702644,-0.705829,0.0899768
11.0723,0.0,8.6131,0.702644,-0.705829,0.0899768
11.1414,0.0,8.0736,0.702644,-0.705829,0.0899768
11.9027,0.762001,8.10594,0.707744,-0.705829,-0.0300637
11.1414,0.0,8.0736,0.707744,-0.705829,-0.0300637
11.8741,0.762001,7.4334,0.707744,-0.705829,-0.0300637
11.8741,0.762001,7.4334,0.707743,-0.70583,-0.0300643
11.1414,0.0,8.0736,0.707743,-0.70583,-0.0300643
11.1183,0.0,7.53019,0.707743,-0.70583,-0.0300643
11.8741,0.762001,7.4334,0.692482,-0.70583,-0.149242
11.1183,0.0,7.53019,0.692482,-0.70583,-0.149242
11.7323,0.762001,6.77536,0.692482,-0.70583,-0.149242
11.7323,0.762001,6.77536,0.692483,-0.705829,-0.149241
11.1183,0.0,7.53019,0.692483,-0.705829,-0.149241
11.0037,0.0,6.99849,0.692483,-0.705829,-0.149241
11.7323,0.762001,6.77536,0.6573,-0.705829,-0.264124
11.0037,0.0,6.99849,0.6573,-0.705829,-0.264124
11.4813,0.762001,6.15075,0.6573,-0.705829,-0.264124
11.4813,0.762001,6.15075,0.6573,-0.705829,-0.264124
11.0037,0.0,6.99849,0.6573,-0.705829,-0.264124
10.8009,0.0,6.49381,0.6573,-0.705829,-0.264124
11.4813,0.762001,6.15075,0.603208,-0.705829,-0.37141
10.8009,0.0,6.49381,0.603208,-0.705829,-0.37141
11.1284,0.762001,5.57755,0.603208,-0.705829,-0.37141
11.1284,0.762001,5.57755,0.603207,-0.70583,-0.37141
10.8009,0.0,6.49381,0.603207,-0.70583,-0.37141
10.5157,0.0,6.03066,0.603207,-0.70583,-0.37141
11.1284,0.762001,5.57755,0.531762,-0.70583,-0.46801
10.5157,0.0,6.03066,0.531762,-0.70583,-0.46801
10.6836,0.762001,5.07224,0.531762,-0.70583,-0.46801
10.6836,0.762001,5.07224,0.531763,-0.705829,-0.46801
10.5157,0.0,6.03066,0.531763,-0.705829,-0.46801
10.1564,0.0,5.62237,0.531763,-0.705829,-0.46801
10.6836,0.762001,5.07224,0.44502,-0.705829,-0.551146
10.1564,0.0,5.62237,0.44502,-0.705829,-0.551146
10.1599,0.762001,4.64935,0.44502,-0.705829,-0.551146
10.1599,0.762001,4.64935,0.445019,-0.70583,-0.551146
10.1564,0.0,5.62237,0.445019,-0.70583,-0.551146
9.7332,0.0,5.28068,0.445019,-0.70583,-0.551146
10.1599,0.762001,4.64935,0.345473,-0.70583,-0.618427
9.7332,0.0,5.28068,0.345473,-0.70583,-0.618427
9.57223,0.762001,4.32106,0.345473,-0.70583,-0.618427
9.57223,0.762001,4.32106,0.345475,-0.705829,-0.618427
9.7332,0.0,5.28068,0.345475,-0.705829,-0.618427
9.25836,0.0,5.01542,0.345475,-0.705829,-0.618427
9.57223,0.762001,4.32106,0.23599,-0.705829,-0.667917
9.25836,0.0,5.01542,0.23599,-0.705829,-0.667917
8.93754,0.762001,4.09681,0.23599,-0.705829,-0.667917
8.93754,0.762001,4.09681,0.23599,-0.705829,-0.667917
9.25836,0.0,5.01542,0.23599,-0.705829,-0.667917
8.74553,0.0,4.83422,0.23599,-0.705829,-0.667917
8.93754,0.762001,4.09681,0.119717,-0.70583,-0.698192
8.74553,0.0,4.83422,0.119717,-0.70583,-0.698192
8.27407,0.762001,3.98305,0.119717,-0.70583,-0.698192
8.27407,0.762001,3.98305,0.119717,-0.705829,-0.698192
8.74553,0.0,4.83422,0.119717,-0.705829,-0.698192
8.20945,0.0,4.7423,0.119717,-0.705829,-0.698192
8.27407,0.762001,3.98305,0.0,-0.705829,-0.708382
8.20945,0.0,4.7423,0.0,-0.705829,-0.708382
7.60093,0.762001,3.98305,0.0,-0.705829,-0.708382
7.60093,0.762001,3.98305,0.0,-0.705829,-0.708382
8.20945,0.0,4.7423,0.0,-0.705829,-0.708382
7.66555,0.0,4.7423,0.0,-0.705829,-0.708382
7.60093,0.762001,3.98305,-0.119717,-0.705829,-0.698192
7.66555,0.0,4.7423,-0.119717,-0.705829,-0.698192
6.93746,0.762001,4.09681,-0.119717,-0.705829,-0.698192
6.93746,0.762001,4.09681,-0.119717,-0.70583,-0.698192
7.66555,0.0,4.7423,-0.119717,-0.70583,-0.698192
7.12947,0.0,4.83422,-0.119717,-0.70583,-0.698192
6.93746,0.762001,4.09681,-0.23599,-0.705829,-0.667917
7.12947,0.0,4.83422,-0.23599,-0.705829,-0.667917
6.30277,0.762001,4.32106,-0.23599,-0.705829,-0.667917
6.30277,0.762001,4.32106,-0.23599,-0.70583,-0.667917
7.12947,0.0,4.83422,-0.23599,-0.70583,-0.667917
6.61664,0.0,5.01542,-0.23599,-0.70583,-0.667917
6.30277,0.762001,4.32106,-0.345474,-0.70583,-0.618427
6.61664,0.0,5.01542,-0.345474,-0.70583,-0.618427
5.7151,0.762001,4.64935,-0.345474,-0.70583,-0.618427
5.7151,0.762001,4.64935,-0.345474,-0.70583,-0.618427
6.61664,0.0,5.01542,-0.345474,-0.70583,-0.618427
6.1418,0.0,5.28068,-0.345474,-0.70583,-0.618427
5.7151,0.762001,4.64935,-0.44502,-0.70583,-0.551146
6.1418,0.0,5.28068,-0.44502,-0.70583,-0.551146
5.19137,0.762001,5.07224,-0.44502,-0.70583,-0.551146
5.19137,0.762001,5.07224,-0.445019,-0.705829,-0.551147
6.1418,0.0,5.28068,-0.445019,-0.705829,-0.551147
5.71863,0.0,5.62237,-0.445019,-0.705829,-0.551147
5.19137,0.762001,5.07224,-0.531763,-0.705829,-0.46801
5.71863,0.0,5.62237,-0.531763,-0.705829,-0.46801
4.74664,0.762001,5.57755,-0.531763,-0.705829,-0.46801
4.74664,0.762001,5.57755,-0.531763,-0.705829,-0.46801
5.71863,0.0,5.62237,-0.531763,-0.705829,-0.46801
5.35928,0.0,6.03066,-0.531763,-0.705829,-0.46801
4.74664,0.762001,5.57755,-0.603208,-0.705829,-0.37141
5.35928,0.0,6.03066,-0.603208,-0.705829,-0.37141
4.3937,0.762001,6.15075,-0.603208,-0.705829,-0.37141
4.3937,0.762001,6.15075,-0.603208,-0.70583,-0.371409
5.35928,0.0,6.03066,-0.603208,-0.70583,-0.371409
5.07411,0.0,6.49381,-0.603208,-0.70583,-0.371409
4.3937,0.762001,6.15075,-0.6573,-0.70583,-0.264125
5.07411,0.0,6.49381,-0.6573,-0.70583,-0.264125
4.14271,0.762001,6.77536,-0.6573,-0.70583,-0.264125
4.14271,0.762001,6.77536,-0.6573,-0.705829,-0.264125
5.07411,0.0,6.49381,-0.6573,-0.705829,-0.264125
4.87131,0.0,6.99849,-0.6573,-0.705829,-0.264125
4.14271,0.762001,6.77536,-0.692482,-0.705829,-0.149242
4.87131,0.0,6.99849,-0.692482,-0.705829,-0.149242
4.0009,0.762001,7.4334,-0.692482,-0.705829,-0.149242
4.0009,0.762001,7.4334,-0.692482,-0.705829,-0.149242
4.87131,0.0,6.99849,-0.692482,-0.705829,-0.149242
4.75672,0.0,7.53019,-0.692482,-0.705829,-0.149242
4.0009,0.762001,7.4334,-0.707744,-0.705829,-0.0300639
4.75672,0.0,7.53019,-0.707744,-0.705829,-0.0300639
3.97233,0.762001,8.10594,-0.707744,-0.705829,-0.0300639
3.97233,0.762001,8.10594,-0.707744,-0.705829,-0.0300644
4.75672,0.0,7.53019,-0.707744,-0.705829,-0.0300644
4.73364,0.0,8.0736,-0.707744,-0.705829,-0.0300644
3.97233,0.762001,8.10594,-0.702644,-0.705829,0.0899769
4.73364,0.0,8.0736,-0.702644,-0.705829,0.0899769
4.05783,0.762001,8.77363,-0.702644,-0.705829,0.0899769
4.05783,0.762001,8.77363,-0.702644,-0.705829,0.0899774
4.73364,0.0,8.0736,-0.702644,-0.705829,0.0899774
4.80273,0.0,8.6131,-0.702644,-0.705829,0.0899774
4.05783,0.762001,8.77363,-0.677331,-0.705829,0.20743
4.80273,0.0,8.6131,-0.677331,-0.705829,0.20743
4.25494,0.762001,9.41727,-0.677331,-0.705829,0.20743
4.25494,0.762001,9.41727,-0.677332,-0.705829,0.20743
4.80273,0.0,8.6131,-0.677332,-0.705829,0.20743
4.96199,0.0,9.13316,-0.677332,-0.705829,0.20743
4.25494,0.762001,9.41727,-0.632533,-0.705829,0.318916
4.96199,0.0,9.13316,-0.632533,-0.705829,0.318916
4.55799,0.762001,10.0183,-0.632533,-0.705829,0.318916
4.55799,0.762001,10.0183,-0.632532,-0.705829,0.318917
4.96199,0.0,9.13316,-0.632532,-0.705829,0.318917
5.20686,0.0,9.61882,-0.632532,-0.705829,0.318917
4.55799,0.762001,10.0183,-0.569537,-0.705829,0.421227
5.20686,0.0,9.61882,-0.569537,-0.705829,0.421227
4.95827,0.762001,10.5596,-0.569537,-0.705829,0.421227
4.95827,0.762001,10.5596,-0.569537,-0.705829,0.421227
5.20686,0.0,9.61882,-0.569537,-0.705829,0.421227
5.53028,0.0,10.0561,-0.569537,-0.705829,0.421227
4.95827,0.762001,10.5596,-0.490157,-0.705829,0.511421
5.53028,0.0,10.0561,-0.490157,-0.705829,0.511421
5.44425,0.762001,11.0253,-0.490157,-0.705829,0.511421
5.44425,0.762001,11.0253,-0.490157,-0.705829,0.51142
5.53028,0.0,10.0561,-0.490157,-0.705829,0.51142
5.92296,0.0,10.4325,-0.490157,-0.705829,0.51142
5.44425,0.762001,11.0253,-0.396676,-0.705829,0.586901
5.92296,0.0,10.4325,-0.396676,-0.705829,0.586901
6.00196,0.762001,11.4023,-0.396676,-0.705829,0.586901
6.00196,0.762001,11.4023,-0.396676,-0.705829,0.586901
5.92296,0.0,10.4325,-0.396676,-0.705829,0.586901
6.37358,0.0,10.737,-0.396676,-0.705829,0.586901
6.00196,0.762001,11.4023,-0.291784,-0.705829,0.645498
6.37358,0.0,10.737,-0.291784,-0.705829,0.645498
6.61535,0.762001,11.6795,-0.291784,-0.705829,0.645498
6.61535,0.762001,11.6795,-0.291783,-0.705829,0.645498
6.37358,0.0,10.737,-0.291783,-0.705829,0.645498
6.8692,0.0,10.9611,-0.291783,-0.705829,0.645498
6.61535,0.762001,11.6795,-0.178496,-0.705829,0.685525
6.8692,0.0,10.9611,-0.178496,-0.705829,0.685525
7.26678,0.762001,11.8492,-0.178496,-0.705829,0.685525
7.26678,0.762001,11.8492,-0.178497,-0.705829,0.685525
6.8692,0.0,10.9611,-0.178497,-0.705829,0.685525
7.39556,0.0,11.0981,-0.178497,-0.705829,0.685525
7.26678,0.762001,11.8492,-0.0600751,-0.705829,0.70583
7.39556,0.0,11.0981,-0.0600751,-0.705829,0.70583
7.9375,0.762001,11.9063,-0.0600751,-0.705829,0.70583
7.9375,0.762001,11.9063,-0.0600752,-0.705829,0.70583
7.39556,0.0,11.0981,-0.0600752,-0.705829,0.70583
7.9375,0.0,11.1443,-0.0600752,-0.705829,0.70583
7.9375,0.762001,11.9063,0.0600752,-0.705829,0.70583
7.9375,0.0,11.1443,0.0600752,-0.705829,0.70583
8.60822,0.762001,11.8492,0.0600752,-0.705829,0.70583
8.60822,0.762001,11.8492,0.0600753,-0.705829,0.70583
7.9375,0.0,11.1443,0.0600753,-0.705829,0.70583
8.47944,0.0,11.0981,0.0600753,-0.705829,0.70583
7.60093,15.875,3.98305,0.0,-1.0,0.0
7.9375,15.875,0.0,0.0,-1.0,0.0
8.27407,15.875,3.98305,0.0,-1.0,0.0
8.27407,15.875,3.98305,0.0,-1.0,0.0
7.9375,15.875,0.0,0.0,-1.0,0.0
8.89426,15.875,0.0578733,0.0,-1.0,0.0
8.27407,15.875,3.98305,0.0,-1.0,0.0
8.89426,15.875,0.0578733,0.0,-1.0,0.0
8.93754,15.875,4.09681,0.0,-1.0,0.0
4.74664,15.875,5.57755,0.0,-1.0,0.0
1.9962,15.875,2.67396,0.0,-1.0,0.0
5.19137,15.875,5.07224,0.0,-1.0,0.0
5.19137,15.875,5.07224,0.0,-1.0,0.0
1.9962,15.875,2.67396,0.0,-1.0,0.0
2.67396,15.875,1.9962,0.0,-1.0,0.0
5.19137,15.875,5.07224,0.0,-1.0,0.0
2.67396,15.875,1.9962,0.0,-1.0,0.0
5.7151,15.875,4.64935,0.0,-1.0,0.0
5.7151,15.875,4.64935,0.0,-1.0,0.0
2.67396,15.875,1.9962,0.0,-1.0,0.0
3.42849,15.875,1.40507,0.0,-1.0,0.0
5.7151,15.875,4.64935,0.0,-1.0,0.0
3.42849,15.875,1.40507,0.0,-1.0,0.0
6.30277,15.875,4.32106,0.0,-1.0,0.0
4.55799,15.875,10.0183,0.0,-1.0,0.0
0.909193,15.875,11.6262,0.0,-1.0,0.0
4.25494,15.875,9.41727,0.0,-1.0,0.0
4.25494,15.875,9.41727,0.0,-1.0,0.0
0.909193,15.875,11.6262,0.0,-1.0,0.0
0.515809,15.875,10.7522,0.0,-1.0,0.0
4.25494,15.875,9.41727,0.0,-1.0,0.0
0.515809,15.875,10.7522,0.0,-1.0,0.0
4.05783,15.875,8.77363,0.0,-1.0,0.0
6.00196,15.875,11.4023,0.0,-1.0,0.0
3.42849,15.875,14.4699,0.0,-1.0,0.0
5.44425,15.875,11.0253,0.0,-1.0,0.0
5.44425,15.875,11.0253,0.0,-1.0,0.0
3.42849,15.875,14.4699,0.0,-1.0,0.0
2.67396,15.875,13.8788,0.0,-1.0,0.0
5.44425,15.875,11.0253,0.0,-1.0,0.0
2.67396,15.875,13.8788,0.0,-1.0,0.0
4.95827,15.875,10.5596,0.0,-1.0,0.0
4.95827,15.875,10.5596,0.0,-1.0,0.0
2.67396,15.875,13.8788,0.0,-1.0,0.0
1.9962,15.875,13.201,0.0,-1.0,0.0
4.95827,15.875,10.5596,0.0,-1.0,0.0
1.9962,15.875,13.201,0.0,-1.0,0.0
4.55799,15.875,10.0183,0.0,-1.0,0.0
4.55799,15.875,10.0183,0.0,-1.0,0.0
1.9962,15.875,13.201,0.0,-1.0,0.0
1.40507,15.875,12.4465,0.0,-1.0,0.0
4.55799,15.875,10.0183,0.0,-1.0,0.0
1.40507,15.875,12.4465,0.0,-1.0,0.0
0.909193,15.875,11.6262,0.0,-1.0,0.0
11.6201,15.875,9.41727,0.0,-1.0,0.0
14.9658,15.875,11.6262,0.0,-1.0,0.0
11.317,15.875,10.0183,0.0,-1.0,0.0
11.317,15.875,10.0183,0.0,-1.0,0.0
14.9658,15.875,11.6262,0.0,-1.0,0.0
14.4699,15.875,12.4465,0.0,-1.0,0.0
11.317,15.875,10.0183,0.0,-1.0,0.0
14.4699,15.875,12.4465,0.0,-1.0,0.0
10.9167,15.875,10.5596,0.0,-1.0,0.0
10.9167,15.875,10.5596,0.0,-1.0,0.0
14.4699,15.875,12.4465,0.0,-1.0,0.0
13.8788,15.875,13.201,0.0,-1.0,0.0
10.9167,15.875,10.5596,0.0,-1.0,0.0
13.8788,15.875,13.201,0.0,-1.0,0.0
10.4307,15.875,11.0253,0.0,-1.0,0.0
3.42849,15.875,1.40507,0.0,-1.0,0.0
4.24876,15.875,0.909193,0.0,-1.0,0.0
6.30277,15.875,4.32106,0.0,-1.0,0.0
6.30277,15.875,4.32106,0.0,-1.0,0.0
4.24876,15.875,0.909193,0.0,-1.0,0.0
5.12282,15.875,0.515809,0.0,-1.0,0.0
6.30277,15.875,4.32106,0.0,-1.0,0.0
5.12282,15.875,0.515809,0.0,-1.0,0.0
6.93746,15.875,4.09681,0.0,-1.0,0.0
6.93746,15.875,4.09681,0.0,-1.0,0.0
5.12282,15.875,0.515809,0.0,-1.0,0.0
6.03793,15.875,0.230649,0.0,-1.0,0.0
6.93746,15.875,4.09681,0.0,-1.0,0.0
6.03793,15.875,0.230649,0.0,-1.0,0.0
7.60093,15.875,3.98305,0.0,-1.0,0.0
7.60093,15.875,3.98305,0.0,-1.0,0.0
6.03793,15.875,0.230649,0.0,-1.0,0.0
6.98074,15.875,0.0578733,0.0,-1.0,0.0
7.60093,15.875,3.98305,0.0,-1.0,0.0
6.98074,15.875,0.0578733,0.0,-1.0,0.0
7.9375,15.875,0.0,0.0,-1.0,0.0
13.8788,15.875,13.201,0.0,-1.0,0.0
13.201,15.875,13.8788,0.0,-1.0,0.0
10.4307,15.875,11.0253,0.0,-1.0,0.0
10.4307,15.875,11.0253,0.0,-1.0,0.0
13.201,15.875,13.8788,0.0,-1.0,0.0
12.4465,15.875,14.4699,0.0,-1.0,0.0
10.4307,15.875,11.0253,0.0,-1.0,0.0
12.4465,15.875,14.4699,0.0,-1.0,0.0
9.87304,15.875,11.4023,0.0,-1.0,0.0
9.87304,15.875,11.4023,0.0,-1.0,0.0
12.4465,15.875,14.4699,0.0,-1.0,0.0
11.6262,15.875,14.9658,0.0,-1.0,0.0
9.87304,15.875,11.4023,0.0,-1.0,0.0
11.6262,15.875,14.9658,0.0,-1.0,0.0
9.25965,15.875,11.6795,0.0,-1.0,0.0
4.14271,15.875,6.77536,0.0,-1.0,0.0
0.515809,15.875,5.12282,0.0,-1.0,0.0
4.3937,15.875,6.15075,0.0,-1.0,0.0
4.3937,15.875,6.15075,0.0,-1.0,0.0
0.515809,15.875,5.12282,0.0,-1.0,0.0
0.909193,15.875,4.24876,0.0,-1.0,0.0
4.3937,15.875,6.15075,0.0,-1.0,0.0
0.909193,15.875,4.24876,0.0,-1.0,0.0
4.74664,15.875,5.57755,0.0,-1.0,0.0
4.74664,15.875,5.57755,0.0,-1.0,0.0
0.909193,15.875,4.24876,0.0,-1.0,0.0
1.40507,15.875,3.42849,0.0,-1.0,0.0
4.74664,15.875,5.57755,0.0,-1.0,0.0
1.40507,15.875,3.42849,0.0,-1.0,0.0
1.9962,15.875,2.67396,0.0,-1.0,0.0
0.515809,15.875,10.7522,0.0,-1.0,0.0
0.230649,15.875,9.83707,0.0,-1.0,0.0
4.05783,15.875,8.77363,0.0,-1.0,0.0
4.05783,15.875,8.77363,0.0,-1.0,0.0
0.230649,15.875,9.83707,0.0,-1.0,0.0
0.0578733,15.875,8.89426,0.0,-1.0,0.0
4.05783,15.875,8.77363,0.0,-1.0,0.0
0.0578733,15.875,8.89426,0.0,-1.0,0.0
3.97233,15.875,8.10594,0.0,-1.0,0.0
3.97233,15.875,8.10594,0.0,-1.0,0.0
0.0578733,15.875,8.89426,0.0,-1.0,0.0
0.0,15.875,7.9375,0.0,-1.0,0.0
3.97233,15.875,8.10594,0.0,-1.0,0.0
0.0,15.875,7.9375,0.0,-1.0,0.0
4.0009,15.875,7.4334,0.0,-1.0,0.0
4.0009,15.875,7.4334,0.0,-1.0,0.0
0.0,15.875,7.9375,0.0,-1.0,0.0
0.0578733,15.875,6.98074,0.0,-1.0,0.0
4.0009,15.875,7.4334,0.0,-1.0,0.0
0.0578733,15.875,6.98074,0.0,-1.0,0.0
4.14271,15.875,6.77536,0.0,-1.0,0.0
4.14271,15.875,6.77536,0.0,-1.0,0.0
0.0578733,15.875,6.98074,0.0,-1.0,0.0
0.230649,15.875,6.03793,0.0,-1.0,0.0
4.14271,15.875,6.77536,0.0,-1.0,0.0
0.230649,15.875,6.03793,0.0,-1.0,0.0
0.515809,15.875,5.12282,0.0,-1.0,0.0
11.6262,15.875,14.9658,0.0,-1.0,0.0
10.7522,15.875,15.3592,0.0,-1.0,0.0
9.25965,15.875,11.6795,0.0,-1.0,0.0
9.25965,15.875,11.6795,0.0,-1.0,0.0
10.7522,15.875,15.3592,0.0,-1.0,0.0
9.83707,15.875,15.6444,0.0,-1.0,0.0
9.25965,15.875,11.6795,0.0,-1.0,0.0
9.83707,15.875,15.6444,0.0,-1.0,0.0
8.60822,15.875,11.8492,0.0,-1.0,0.0
8.60822,15.875,11.8492,0.0,-1.0,0.0
9.83707,15.875,15.6444,0.0,-1.0,0.0
8.89426,15.875,15.8171,0.0,-1.0,0.0
8.60822,15.875,11.8492,0.0,-1.0,0.0
8.89426,15.875,15.8171,0.0,-1.0,0.0
7.9375,15.875,11.9063,0.0,-1.0,0.0
7.9375,15.875,11.9063,0.0,-1.0,0.0
8.89426,15.875,15.8171,0.0,-1.0,0.0
7.9375,15.875,15.875,0.0,-1.0,0.0
7.9375,15.875,11.9063,0.0,-1.0,0.0
7.9375,15.875,15.875,0.0,-1.0,0.0
7.26678,15.875,11.8492,0.0,-1.0,0.0
11.9027,15.875,8.10594,0.0,-1.0,0.0
15.8171,15.875,8.89426,0.0,-1.0,0.0
11.8172,15.875,8.77363,0.0,-1.0,0.0
11.8172,15.875,8.77363,0.0,-1.0,0.0
15.8171,15.875,8.89426,0.0,-1.0,0.0
15.6444,15.875,9.83707,0.0,-1.0,0.0
11.8172,15.875,8.77363,0.0,-1.0,0.0
15.6444,15.875,9.83707,0.0,-1.0,0.0
11.6201,15.875,9.41727,0.0,-1.0,0.0
11.6201,15.875,9.41727,0.0,-1.0,0.0
15.6444,15.875,9.83707,0.0,-1.0,0.0
15.3592,15.875,10.7522,0.0,-1.0,0.0
11.6201,15.875,9.41727,0.0,-1.0,0.0
15.3592,15.875,10.7522,0.0,-1.0,0.0
14.9658,15.875,11.6262,0.0,-1.0,0.0
7.9375,15.875,15.875,0.0,-1.0,0.0
6.98074,15.875,15.8171,0.0,-1.0,0.0
7.26678,15.875,11.8492,0.0,-1.0,0.0
7.26678,15.875,11.8492,0.0,-1.0,0.0
6.98074,15.875,15.8171,0.0,-1.0,0.0
6.03793,15.875,15.6444,0.0,-1.0,0.0
7.26678,15.875,11.8492,0.0,-1.0,0.0
6.03793,15.875,15.6444,0.0,-1.0,0.0
6.61535,15.875,11.6795,0.0,-1.0,0.0
6.61535,15.875,11.6795,0.0,-1.0,0.0
6.03793,15.875,15.6444,0.0,-1.0,0.0
5.12282,15.875,15.3592,0.0,-1.0,0.0
6.61535,15.875,11.6795,0.0,-1.0,0.0
5.12282,15.875,15.3592,0.0,-1.0,0.0
6.00196,15.875,11.4023,0.0,-1.0,0.0
6.00196,15.875,11.4023,0.0,-1.0,0.0
5.12282,15.875,15.3592,0.0,-1.0,0.0
4.24876,15.875,14.9658,0.0,-1.0,0.0
6.00196,15.875,11.4023,0.0,-1.0,0.0
4.24876,15.875,14.9658,0.0,-1.0,0.0
3.42849,15.875,14.4699,0.0,-1.0,0.0
11.4813,15.875,6.15075,0.0,-1.0,0.0
15.3592,15.875,5.12282,0.0,-1.0,0.0
11.7323,15.875,6.77536,0.0,-1.0,0.0
11.7323,15.875,6.77536,0.0,-1.0,0.0
15.3592,15.875,5.12282,0.0,-1.0,0.0
15.6444,15.875,6.03793,0.0,-1.0,0.0
11.7323,15.875,6.77536,0.0,-1.0,0.0
15.6444,15.875,6.03793,0.0,-1.0,0.0
11.8741,15.875,7.4334,0.0,-1.0,0.0
11.8741,15.875,7.4334,0.0,-1.0,0.0
15.6444,15.875,6.03793,0.0,-1.0,0.0
15.8171,15.875,6.98074,0.0,-1.0,0.0
11.8741,15.875,7.4334,0.0,-1.0,0.0
15.8171,15.875,6.98074,0.0,-1.0,0.0
11.9027,15.875,8.10594,0.0,-1.0,0.0
11.9027,15.875,8.10594,0.0,-1.0,0.0
15.8171,15.875,6.98074,0.0,-1.0,0.0
15.875,15.875,7.9375,0.0,-1.0,0.0
11.9027,15.875,8.10594,0.0,-1.0,0.0
15.875,15.875,7.9375,0.0,-1.0,0.0
15.8171,15.875,8.89426,0.0,-1.0,0.0
10.6836,15.875,5.07224,0.0,-1.0,0.0
13.8788,15.875,2.67396,0.0,-1.0,0.0
11.1284,15.875,5.57755,0.0,-1.0,0.0
11.1284,15.875,5.57755,0.0,-1.0,0.0
13.8788,15.875,2.67396,0.0,-1.0,0.0
14.4699,15.875,3.42849,0.0,-1.0,0.0
11.1284,15.875,5.57755,0.0,-1.0,0.0
14.4699,15.875,3.42849,0.0,-1.0,0.0
11.4813,15.875,6.15075,0.0,-1.0,0.0
11.4813,15.875,6.15075,0.0,-1.0,0.0
14.4699,15.875,3.42849,0.0,-1.0,0.0
14.9658,15.875,4.24876,0.0,-1.0,0.0
11.4813,15.875,6.15075,0.0,-1.0,0.0
14.9658,15.875,4.24876,0.0,-1.0,0.0
15.3592,15.875,5.12282,0.0,-1.0,0.0
8.89426,15.875,0.0578733,0.0,-1.0,0.0
9.83707,15.875,0.230649,0.0,-1.0,0.0
8.93754,15.875,4.09681,0.0,-1.0,0.0
8.93754,15.875,4.09681,0.0,-1.0,0.0
9.83707,15.875,0.230649,0.0,-1.0,0.0
10.7522,15.875,0.515809,0.0,-1.0,0.0
8.93754,15.875,4.09681,0.0,-1.0,0.0
10.7522,15.875,0.515809,0.0,-1.0,0.0
9.57223,15.875,4.32106,0.0,-1.0,0.0
9.57223,15.875,4.32106,0.0,-1.0,0.0
10.7522,15.875,0.515809,0.0,-1.0,0.0
11.6262,15.875,0.909193,0.0,-1.0,0.0
9.57223,15.875,4.32106,0.0,-1.0,0.0
11.6262,15.875,0.909193,0.0,-1.0,0.0
10.1599,15.875,4.64935,0.0,-1.0,0.0
10.1599,15.875,4.64935,0.0,-1.0,0.0
11.6262,15.875,0.909193,0.0,-1.0,0.0
12.4465,15.875,1.40507,0.0,-1.0,0.0
10.1599,15.875,4.64935,0.0,-1.0,0.0
12.4465,15.875,1.40507,0.0,-1.0,0.0
10.6836,15.875,5.07224,0.0,-1.0,0.0
10.6836,15.875,5.07224,0.0,-1.0,0.0
12.4465,15.875,1.40507,0.0,-1.0,0.0
13.201,15.875,1.9962,0.0,-1.0,0.0
10.6836,15.875,5.07224,0.0,-1.0,0.0
13.201,15.875,1.9962,0.0,-1.0,0.0
13.8788,15.875,2.67396,0.0,-1.0,0.0
8.60822,15.875,11.8492,0.251977,0.0,0.967733
8.60822,0.762001,11.8492,0.251977,0.0,0.967733
9.25965,15.875,11.6795,0.251977,0.0,0.967733
9.25965,15.875,11.6795,0.251977,0.0,0.967733
8.60822,0.762001,11.8492,0.251977,0.0,0.967733
9.25965,0.762001,11.6795,0.251977,0.0,0.967733
9.25965,15.875,11.6795,0.411901,0.0,0.911229
9.25965,0.762001,11.6795,0.411901,0.0,0.911229
9.87304,15.875,11.4023,0.411901,0.0,0.911229
9.87304,15.875,11.4023,0.411901,0.0,0.911229
9.25965,0.762001,11.6795,0.411901,0.0,0.911229
9.87304,0.762001,11.4023,0.411901,0.0,0.911229
9.87304,15.875,11.4023,0.559975,0.0,0.82851
9.87304,0.762001,11.4023,0.559975,0.0,0.82851
10.4307,15.875,11.0253,0.559975,0.0,0.82851
10.4307,15.875,11.0253,0.559975,0.0,0.82851
9.87304,0.762001,11.4023,0.559975,0.0,0.82851
10.4307,0.762001,11.0253,0.559975,0.0,0.82851
10.4307,15.875,11.0253,0.69194,0.0,0.721955
10.4307,0.762001,11.0253,0.69194,0.0,0.721955
10.9167,15.875,10.5596,0.69194,0.0,0.721955
10.9167,15.875,10.5596,0.69194,0.0,0.721955
10.4307,0.762001,11.0253,0.69194,0.0,0.721955
10.9167,0.762001,10.5596,0.69194,0.0,0.721955
10.9167,15.875,10.5596,0.803997,0.0,0.594634
10.9167,0.762001,10.5596,0.803997,0.0,0.594634
11.317,15.875,10.0183,0.803997,0.0,0.594634
11.317,15.875,10.0183,0.803997,0.0,0.594634
10.9167,0.762001,10.5596,0.803997,0.0,0.594634
11.317,0.762001,10.0183,0.803997,0.0,0.594634
11.317,15.875,10.0183,0.892926,0.0,0.450204
11.317,0.762001,10.0183,0.892926,0.0,0.450204
11.6201,15.875,9.41727,0.892926,0.0,0.450204
11.6201,15.875,9.41727,0.892926,0.0,0.450204
11.317,0.762001,10.0183,0.892926,0.0,0.450204
11.6201,0.762001,9.41727,0.892926,0.0,0.450204
11.6201,15.875,9.41727,0.956167,0.0,0.292822
11.6201,0.762001,9.41727,0.956167,0.0,0.292822
11.8172,15.875,8.77363,0.956167,0.0,0.292822
11.8172,15.875,8.77363,0.956167,0.0,0.292822
11.6201,0.762001,9.41727,0.956167,0.0,0.292822
11.8172,0.762001,8.77363,0.956167,0.0,0.292822
11.8172,15.875,8.77363,0.9919,0.0,0.127018
11.8172,0.762001,8.77363,0.9919,0.0,0.127018
11.9027,15.875,8.10594,0.9919,0.0,0.127018
11.9027,15.875,8.10594,0.9919,0.0,0.127018
11.8172,0.762001,8.77363,0.9919,0.0,0.127018
11.9027,0.762001,8.10594,0.9919,0.0,0.127018
11.9027,15.875,8.10594,0.999099,0.0,-0.0424399
11.9027,0.762001,8.10594,0.999099,0.0,-0.0424399
11.8741,15.875,7.4334,0.999099,0.0,-0.0424399
11.8741,15.875,7.4334,0.999099,0.0,-0.0424399
11.9027,0.762001,8.10594,0.999099,0.0,-0.0424399
11.8741,0.762001,7.4334,0.999099,0.0,-0.0424399
11.8741,15.875,7.4334,0.977555,0.0,-0.21068
11.8741,0.762001,7.4334,0.977555,0.0,-0.21068
11.7323,15.875,6.77536,0.977555,0.0,-0.21068
11.7323,15.875,6.77536,0.977555,0.0,-0.21068
11.8741,0.762001,7.4334,0.977555,0.0,-0.21068
11.7323,0.762001,6.77536,0.977555,0.0,-0.21068
11.7323,15.875,6.77536,0.92789,0.0,-0.372855
11.7323,0.762001,6.77536,0.92789,0.0,-0.372855
11.4813,15.875,6.15075,0.92789,0.0,-0.372855
11.4813,15.875,6.15075,0.92789,0.0,-0.372855
11.7323,0.762001,6.77536,0.92789,0.0,-0.372855
11.4813,0.762001,6.15075,0.92789,0.0,-0.372855
11.4813,15.875,6.15075,0.851529,0.0,-0.524307
11.4813,0.762001,6.15075,0.851529,0.0,-0.524307
11.1284,15.875,5.57755,0.851529,0.0,-0.524307
11.1284,15.875,5.57755,0.851529,0.0,-0.524307
11.4813,0.762001,6.15075,0.851529,0.0,-0.524307
11.1284,0.762001,5.57755,0.851529,0.0,-0.524307
11.1284,15.875,5.57755,0.750672,0.0,-0.660675
11.1284,0.762001,5.57755,0.750672,0.0,-0.660675
10.6836,15.875,5.07224,0.750672,0.0,-0.660675
10.6836,15.875,5.07224,0.750672,0.0,-0.660675
11.1284,0.762001,5.57755,0.750672,0.0,-0.660675
10.6836,0.762001,5.07224,0.750672,0.0,-0.660675
10.6836,15.875,5.07224,0.628221,0.0,-0.778035
10.6836,0.762001,5.07224,0.628221,0.0,-0.778035
10.1599,15.875,4.64935,0.628221,0.0,-0.778035
10.1599,15.875,4.64935,0.628221,0.0,-0.778035
10.6836,0.762001,5.07224,0.628221,0.0,-0.778035
10.1599,0.762001,4.64935,0.628221,0.0,-0.778035
10.1599,15.875,4.64935,0.487694,0.0,-0.873015
10.1599,0.762001,4.64935,0.487694,0.0,-0.873015
9.57223,15.875,4.32106,0.487694,0.0,-0.873015
9.57223,15.875,4.32106,0.487694,0.0,-0.873015
10.1599,0.762001,4.64935,0.487694,0.0,-0.873015
9.57223,0.762001,4.32106,0.487694,0.0,-0.873015
9.57223,15.875,4.32106,0.33314,0.0,-0.942877
9.57223,0.762001,4.32106,0.33314,0.0,-0.942877
8.93754,15.875,4.09681,0.33314,0.0,-0.942877
8.93754,15.875,4.09681,0.33314,0.0,-0.942877
9.57223,0.762001,4.32106,0.33314,0.0,-0.942877
8.93754,0.762001,4.09681,0.33314,0.0,-0.942877
8.93754,15.875,4.09681,0.169,0.0,-0.985616
8.93754,0.762001,4.09681,0.169,0.0,-0.985616
8.27407,15.875,3.98305,0.169,0.0,-0.985616
8.27407,15.875,3.98305,0.169,0.0,-0.985616
8.93754,0.762001,4.09681,0.169,0.0,-0.985616
8.27407,0.762001,3.98305,0.169,0.0,-0.985616
8.27407,15.875,3.98305,0.0,0.0,-1.0
8.27407,0.762001,3.98305,0.0,0.0,-1.0
7.60093,15.875,3.98305,0.0,0.0,-1.0
7.60093,15.875,3.98305,0.0,0.0,-1.0
8.27407,0.762001,3.98305,0.0,0.0,-1.0
7.60093,0.762001,3.98305,0.0,0.0,-1.0
7.60093,15.875,3.98305,-0.169,0.0,-0.985616
7.60093,0.762001,3.98305,-0.169,0.0,-0.985616
6.93746,15.875,4.09681,-0.169,0.0,-0.985616
6.93746,15.875,4.09681,-0.169,0.0,-0.985616
7.60093,0.762001,3.98305,-0.169,0.0,-0.985616
6.93746,0.762001,4.09681,-0.169,0.0,-0.985616
6.93746,15.875,4.09681,-0.33314,0.0,-0.942877
6.93746,0.762001,4.09681,-0.33314,0.0,-0.942877
6.30277,15.875,4.32106,-0.33314,0.0,-0.942877
6.30277,15.875,4.32106,-0.33314,0.0,-0.942877
6.93746,0.762001,4.09681,-0.33314,0.0,-0.942877
6.30277,0.762001,4.32106,-0.33314,0.0,-0.942877
6.30277,15.875,4.32106,-0.487694,0.0,-0.873014
6.30277,0.762001,4.32106,-0.487694,0.0,-0.873014
5.7151,15.875,4.64935,-0.487694,0.0,-0.873014
5.7151,15.875,4.64935,-0.487694,0.0,-0.873014
6.30277,0.762001,4.32106,-0.487694,0.0,-0.873014
5.7151,0.762001,4.64935,-0.487694,0.0,-0.873014
5.7151,15.875,4.64935,-0.628221,0.0,-0.778035
5.7151,0.762001,4.64935,-0.628221,0.0,-0.778035
5.19137,15.875,5.07224,-0.628221,0.0,-0.778035
5.19137,15.875,5.07224,-0.628221,0.0,-0.778035
5.7151,0.762001,4.64935,-0.628221,0.0,-0.778035
5.19137,0.762001,5.07224,-0.628221,0.0,-0.778035
5.19137,15.875,5.07224,-0.750672,0.0,-0.660675
5.19137,0.762001,5.07224,-0.750672,0.0,-0.660675
4.74664,15.875,5.57755,-0.750672,0.0,-0.660675
4.74664,15.875,5.57755,-0.750672,0.0,-0.660675
5.19137,0.762001,5.07224,-0.750672,0.0,-0.660675
4.74664,0.762001,5.57755,-0.750672,0.0,-0.660675
4.74664,15.875,5.57755,-0.851529,0.0,-0.524307
4.74664,0.762001,5.57755,-0.851529,0.0,-0.524307
4.3937,15.875,6.15075,-0.851529,0.0,-0.524307
4.3937,15.875,6.15075,-0.851529,0.0,-0.524307
4.74664,0.762001,5.57755,-0.851529,0.0,-0.524307
4.3937,0.762001,6.15075,-0.851529,0.0,-0.524307
4.3937,15.875,6.15075,-0.927889,0.0,-0.372856
4.3937,0.762001,6.15075,-0.927889,0.0,-0.372856
4.14271,15.875,6.77536,-0.927889,0.0,-0.372856
4.14271,15.875,6.77536,-0.927889,0.0,-0.372856
4.3937,0.762001,6.15075,-0.927889,0.0,-0.372856
4.14271,0.762001,6.77536,-0.927889,0.0,-0.372856
4.14271,15.875,6.77536,-0.977555,0.0,-0.21068
4.14271,0.762001,6.77536,-0.977555,0.0,-0.21068
4.0009,15.875,7.4334,-0.977555,0.0,-0.21068
4.0009,15.875,7.4334,-0.977555,0.0,-0.21068
4.14271,0.762001,6.77536,-0.977555,0.0,-0.21068
4.0009,0.762001,7.4334,-0.977555,0.0,-0.21068
4.0009,15.875,7.4334,-0.999099,0.0,-0.0424403
4.0009,0.762001,7.4334,-0.999099,0.0,-0.0424403
3.97233,15.875,8.10594,-0.999099,0.0,-0.0424403
3.97233,15.875,8.10594,-0.999099,0.0,-0.0424403
4.0009,0.762001,7.4334,-0.999099,0.0,-0.0424403
3.97233,0.762001,8.10594,-0.999099,0.0,-0.0424403
3.97233,15.875,8.10594,-0.9919,0.0,0.127017
3.97233,0.762001,8.10594,-0.9919,0.0,0.127017
4.05783,15.875,8.77363,-0.9919,0.0,0.127017
4.05783,15.875,8.77363,-0.9919,0.0,0.127017
3.97233,0.762001,8.10594,-0.9919,0.0,0.127017
4.05783,0.762001,8.77363,-0.9919,0.0,0.127017
4.05783,15.875,8.77363,-0.956167,0.0,0.292823
4.05783,0.762001,8.77363,-0.956167,0.0,0.292823
4.25494,15.875,9.41727,-0.956167,0.0,0.292823
4.25494,15.875,9.41727,-0.956167,0.0,0.292823
4.05783,0.762001,8.77363,-0.956167,0.0,0.292823
4.25494,0.762001,9.41727,-0.956167,0.0,0.292823
4.25494,15.875,9.41727,-0.892926,0.0,0.450204
4.25494,0.762001,9.41727,-0.892926,0.0,0.450204
4.55799,15.875,10.0183,-0.892926,0.0,0.450204
4.55799,15.875,10.0183,-0.892926,0.0,0.450204
4.25494,0.762001,9.41727,-0.892926,0.0,0.450204
4.55799,0.762001,10.0183,-0.892926,0.0,0.450204
4.55799,15.875,10.0183,-0.803997,0.0,0.594633
4.55799,0.762001,10.0183,-0.803997,0.0,0.594633
4.95827,15.875,10.5596,-0.803997,0.0,0.594633
4.95827,15.875,10.5596,-0.803997,0.0,0.594633
4.55799,0.762001,10.0183,-0.803997,0.0,0.594633
4.95827,0.762001,10.5596,-0.803997,0.0,0.594633
4.95827,15.875,10.5596,-0.691939,0.0,0.721956
4.95827,0.762001,10.5596,-0.691939,0.0,0.721956
5.44425,15.875,11.0253,-0.691939,0.0,0.721956
5.44425,15.875,11.0253,-0.691939,0.0,0.721956
4.95827,0.762001,10.5596,-0.691939,0.0,0.721956
5.44425,0.762001,11.0253,-0.691939,0.0,0.721956
5.44425,15.875,11.0253,-0.559975,0.0,0.82851
5.44425,0.762001,11.0253,-0.559975,0.0,0.82851
6.00196,15.875,11.4023,-0.559975,0.0,0.82851
6.00196,15.875,11.4023,-0.559975,0.0,0.82851
5.44425,0.762001,11.0253,-0.559975,0.0,0.82851
6.00196,0.762001,11.4023,-0.559975,0.0,0.82851
6.00196,15.875,11.4023,-0.411901,0.0,0.911228
6.00196,0.762001,11.4023,-0.411901,0.0,0.911228
6.61535,15.875,11.6795,-0.411901,0.0,0.911228
6.61535,15.875,11.6795,-0.411901,0.0,0.911228
6.00196,0.762001,11.4023,-0.411901,0.0,0.911228
6.61535,0.762001,11.6795,-0.411901,0.0,0.911228
6.61535,15.875,11.6795,-0.251977,0.0,0.967733
6.61535,0.762001,11.6795,-0.251977,0.0,0.967733
7.26678,15.875,11.8492,-0.251977,0.0,0.967733
7.26678,15.875,11.8492,-0.251977,0.0,0.967733
6.61535,0.762001,11.6795,-0.251977,0.0,0.967733
7.26678,0.762001,11.8492,-0.251977,0.0,0.967733
7.26678,15.875,11.8492,-0.0848061,0.0,0.996397
7.26678,0.762001,11.8492,-0.0848061,0.0,0.996397
7.9375,15.875,11.9063,-0.0848061,0.0,0.996397
7.9375,15.875,11.9063,-0.0848061,0.0,0.996397
7.26678,0.762001,11.8492,-0.0848061,0.0,0.996397
7.9375,0.762001,11.9063,-0.0848061,0.0,0.996397
7.9375,15.875,11.9063,0.0848061,0.0,0.996397
7.9375,0.762001,11.9063,0.0848061,0.0,0.996397
8.60822,15.875,11.8492,0.0848061,0.0,0.996397
8.60822,15.875,11.8492,0.0848061,0.0,0.996397
7.9375,0.762001,11.9063,0.0848061,0.0,0.996397
8.60822,0.762001,11.8492,0.0848061,0.0,0.996397
