4.0,5.732,0.0,-0.5,-0.866025,0.0
5.49996,4.866,0.0,-0.5,-0.866025,0.0
4.0,5.732,3.0,-0.5,-0.866025,0.0
4.0,5.732,3.0,-0.5,-0.866025,0.0
5.49996,4.866,0.0,-0.5,-0.866025,0.0
5.49996,4.866,3.0,-0.5,-0.866025,0.0
2.50004,4.866,0.0,0.5,-0.866025,0.0
4.0,5.732,0.0,0.5,-0.866025,0.0
2.50004,4.866,3.0,0.5,-0.866025,0.0
2.50004,4.866,3.0,0.5,-0.866025,0.0
4.0,5.732,0.0,0.5,-0.866025,0.0
4.0,5.732,3.0,0.5,-0.866025,0.0
5.49996,4.866,0.0,-1.0,0.0,0.0
5.49996,3.134,0.0,-1.0,0.0,0.0
5.49996,4.866,3.0,-1.0,0.0,0.0
5.49996,4.866,3.0,-1.0,0.0,0.0
5.49996,3.134,0.0,-1.0,0.0,0.0
5.49996,3.134,3.0,-1.0,0.0,0.0
2.50004,3.134,0.0,1.0,0.0,0.0
2.50004,4.866,0.0,1.0,0.0,0.0
2.50004,3.134,3.0,1.0,0.0,0.0
2.50004,3.134,3.0,1.0,0.0,0.0
2.50004,4.866,0.0,1.0,0.0,0.0
2.50004,4.866,3.0,1.0,0.0,0.0
2.50004,3.134,3.0,0.0,0.0,-1.0
2.50004,4.866,3.0,0.0,0.0,-1.0
4.0,2.268,3.0,0.0,0.0,-1.0
4.0,2.268,3.0,0.0,0.0,-1.0
2.50004,4.866,3.0,0.0,0.0,-1.0
4.0,5.732,3.0,0.0,0.0,-1.0
4.0,2.268,3.0,0.0,0.0,-1.0
4.0,5.732,3.0,0.0,0.0,-1.0
5.49996,3.134,3.0,0.0,0.0,-1.0
5.49996,3.134,3.0,0.0,0.0,-1.0
4.0,5.732,3.0,0.0,0.0,-1.0
5.49996,4.866,3.0,0.0,0.0,-1.0
5.49996,3.134,0.0,-0.5,0.866025,0.0
4.0,2.268,0.0,-0.5,0.866025,0.0
5.49996,3.134,3.0,-0.5,0.866025,0.0
5.49996,3.134,3.0,-0.5,0.866025,0.0
4.0,2.268,0.0,-0.5,0.866025,0.0
4.0,2.268,3.0,-0.5,0.866025,0.0
4.0,2.268,0.0,0.5,0.866025,0.0
2.50004,3.134,0.0,0.5,0.866025,0.0
4.0,2.268,3.0,0.5,0.866025,0.0
4.0,2.268,3.0,0.5,0.866025,0.0
2.50004,3.134,0.0,0.5,0.866025,0.0
2.50004,3.134,3.0,0.5,0.866025,0.0
0.304482,5.53073,0.0,0.0,0.0,-1.0
0.535899,6.0,0.0,0.0,0.0,-1.0
2.50004,4.866,0.0,0.0,0.0,-1.0
0.826587,1.56495,0.0,0.0,0.0,-1.0
0.535899,2.0,0.0,0.0,0.0,-1.0
2.50004,3.134,0.0,0.0,0.0,-1.0
2.50004,3.134,0.0,0.0,0.0,-1.0
0.535899,2.0,0.0,0.0,0.0,-1.0
0.304482,2.46927,0.0,0.0,0.0,-1.0
6.82843,1.17157,0.0,0.0,0.0,-1.0
6.43505,0.826587,0.0,0.0,0.0,-1.0
6.0,0.535899,0.0,0.0,0.0,-1.0
7.69552,2.46927,0.0,0.0,0.0,-1.0
7.4641,2.0,0.0,0.0,0.0,-1.0
5.49996,3.134,0.0,0.0,0.0,-1.0
0.136297,5.03528,0.0,0.0,0.0,-1.0
0.304482,5.53073,0.0,0.0,0.0,-1.0
0.0342205,4.5221,0.0,0.0,0.0,-1.0
0.0342205,4.5221,0.0,0.0,0.0,-1.0
0.304482,5.53073,0.0,0.0,0.0,-1.0
2.50004,4.866,0.0,0.0,0.0,-1.0
0.0342205,4.5221,0.0,0.0,0.0,-1.0
2.50004,4.866,0.0,0.0,0.0,-1.0
0.0,4.0,0.0,0.0,0.0,-1.0
0.0,4.0,0.0,0.0,0.0,-1.0
2.50004,4.866,0.0,0.0,0.0,-1.0
2.50004,3.134,0.0,0.0,0.0,-1.0
0.0,4.0,0.0,0.0,0.0,-1.0
2.50004,3.134,0.0,0.0,0.0,-1.0
0.0342205,3.4779,0.0,0.0,0.0,-1.0
0.0342205,3.4779,0.0,0.0,0.0,-1.0
2.50004,3.134,0.0,0.0,0.0,-1.0
0.304482,2.46927,0.0,0.0,0.0,-1.0
0.0342205,3.4779,0.0,0.0,0.0,-1.0
0.304482,2.46927,0.0,0.0,0.0,-1.0
0.136297,2.96472,0.0,0.0,0.0,-1.0
6.82843,1.17157,0.0,0.0,0.0,-1.0
6.0,0.535899,0.0,0.0,0.0,-1.0
7.17341,1.56495,0.0,0.0,0.0,-1.0
7.17341,1.56495,0.0,0.0,0.0,-1.0
6.0,0.535899,0.0,0.0,0.0,-1.0
5.53073,0.304482,0.0,0.0,0.0,-1.0
7.17341,1.56495,0.0,0.0,0.0,-1.0
5.53073,0.304482,0.0,0.0,0.0,-1.0
7.4641,2.0,0.0,0.0,0.0,-1.0
7.4641,2.0,0.0,0.0,0.0,-1.0
5.53073,0.304482,0.0,0.0,0.0,-1.0
5.03528,0.136297,0.0,0.0,0.0,-1.0
7.4641,2.0,0.0,0.0,0.0,-1.0
5.03528,0.136297,0.0,0.0,0.0,-1.0
5.49996,3.134,0.0,0.0,0.0,-1.0
5.49996,3.134,0.0,0.0,0.0,-1.0
5.03528,0.136297,0.0,0.0,0.0,-1.0
4.5221,0.0342205,0.0,0.0,0.0,-1.0
5.49996,3.134,0.0,0.0,0.0,-1.0
4.5221,0.0342205,0.0,0.0,0.0,-1.0
4.0,2.268,0.0,0.0,0.0,-1.0
4.0,2.268,0.0,0.0,0.0,-1.0
4.5221,0.0342205,0.0,0.0,0.0,-1.0
4.0,0.0,0.0,0.0,0.0,-1.0
4.0,2.268,0.0,0.0,0.0,-1.0
4.0,0.0,0.0,0.0,0.0,-1.0
3.4779,0.0342205,0.0,0.0,0.0,-1.0
1.17157,1.17157,0.0,0.0,0.0,-1.0
0.826587,1.56495,0.0,0.0,0.0,-1.0
1.56495,0.826587,0.0,0.0,0.0,-1.0
1.56495,0.826587,0.0,0.0,0.0,-1.0
0.826587,1.56495,0.0,0.0,0.0,-1.0
2.50004,3.134,0.0,0.0,0.0,-1.0
1.56495,0.826587,0.0,0.0,0.0,-1.0
2.50004,3.134,0.0,0.0,0.0,-1.0
2.0,0.535899,0.0,0.0,0.0,-1.0
2.0,0.535899,0.0,0.0,0.0,-1.0
2.50004,3.134,0.0,0.0,0.0,-1.0
4.0,2.268,0.0,0.0,0.0,-1.0
2.0,0.535899,0.0,0.0,0.0,-1.0
4.0,2.268,0.0,0.0,0.0,-1.0
2.46927,0.304482,0.0,0.0,0.0,-1.0
2.46927,0.304482,0.0,0.0,0.0,-1.0
4.0,2.268,0.0,0.0,0.0,-1.0
3.4779,0.0342205,0.0,0.0,0.0,-1.0
2.46927,0.304482,0.0,0.0,0.0,-1.0
3.4779,0.0342205,0.0,0.0,0.0,-1.0
2.96472,0.136297,0.0,0.0,0.0,-1.0
5.49996,4.866,0.0,0.0,0.0,-1.0
7.4641,6.0,0.0,0.0,0.0,-1.0
7.69552,5.53073,0.0,0.0,0.0,-1.0
4.0,8.0,0.0,0.0,0.0,-1.0
4.0,5.732,0.0,0.0,0.0,-1.0
3.4779,7.96578,0.0,0.0,0.0,-1.0
3.4779,7.96578,0.0,0.0,0.0,-1.0
4.0,5.732,0.0,0.0,0.0,-1.0
2.50004,4.866,0.0,0.0,0.0,-1.0
3.4779,7.96578,0.0,0.0,0.0,-1.0
2.50004,4.866,0.0,0.0,0.0,-1.0
2.96472,7.8637,0.0,0.0,0.0,-1.0
2.96472,7.8637,0.0,0.0,0.0,-1.0
2.50004,4.866,0.0,0.0,0.0,-1.0
0.535899,6.0,0.0,0.0,0.0,-1.0
2.96472,7.8637,0.0,0.0,0.0,-1.0
0.535899,6.0,0.0,0.0,0.0,-1.0
2.46927,7.69552,0.0,0.0,0.0,-1.0
2.46927,7.69552,0.0,0.0,0.0,-1.0
0.535899,6.0,0.0,0.0,0.0,-1.0
0.826587,6.43505,0.0,0.0,0.0,-1.0
2.46927,7.69552,0.0,0.0,0.0,-1.0
0.826587,6.43505,0.0,0.0,0.0,-1.0
2.0,7.4641,0.0,0.0,0.0,-1.0
2.0,7.4641,0.0,0.0,0.0,-1.0
0.826587,6.43505,0.0,0.0,0.0,-1.0
1.17157,6.82843,0.0,0.0,0.0,-1.0
2.0,7.4641,0.0,0.0,0.0,-1.0
1.17157,6.82843,0.0,0.0,0.0,-1.0
1.56495,7.17341,0.0,0.0,0.0,-1.0
7.8637,2.96472,0.0,0.0,0.0,-1.0
7.69552,2.46927,0.0,0.0,0.0,-1.0
7.96578,3.4779,0.0,0.0,0.0,-1.0
7.96578,3.4779,0.0,0.0,0.0,-1.0
7.69552,2.46927,0.0,0.0,0.0,-1.0
5.49996,3.134,0.0,0.0,0.0,-1.0
7.96578,3.4779,0.0,0.0,0.0,-1.0
5.49996,3.134,0.0,0.0,0.0,-1.0
8.0,4.0,0.0,0.0,0.0,-1.0
8.0,4.0,0.0,0.0,0.0,-1.0
5.49996,3.134,0.0,0.0,0.0,-1.0
5.49996,4.866,0.0,0.0,0.0,-1.0
8.0,4.0,0.0,0.0,0.0,-1.0
5.49996,4.866,0.0,0.0,0.0,-1.0
7.96578,4.5221,0.0,0.0,0.0,-1.0
7.96578,4.5221,0.0,0.0,0.0,-1.0
5.49996,4.866,0.0,0.0,0.0,-1.0
7.69552,5.53073,0.0,0.0,0.0,-1.0
7.96578,4.5221,0.0,0.0,0.0,-1.0
7.69552,5.53073,0.0,0.0,0.0,-1.0
7.8637,5.03528,0.0,0.0,0.0,-1.0
4.0,8.0,0.0,0.0,0.0,-1.0
4.5221,7.96578,0.0,0.0,0.0,-1.0
4.0,5.732,0.0,0.0,0.0,-1.0
4.0,5.732,0.0,0.0,0.0,-1.0
4.5221,7.96578,0.0,0.0,0.0,-1.0
5.03528,7.8637,0.0,0.0,0.0,-1.0
4.0,5.732,0.0,0.0,0.0,-1.0
5.03528,7.8637,0.0,0.0,0.0,-1.0
5.53073,7.69552,0.0,0.0,0.0,-1.0
7.17341,6.43505,0.0,0.0,0.0,-1.0
7.4641,6.0,0.0,0.0,0.0,-1.0
6.82843,6.82843,0.0,0.0,0.0,-1.0
6.82843,6.82843,0.0,0.0,0.0,-1.0
7.4641,6.0,0.0,0.0,0.0,-1.0
5.49996,4.866,0.0,0.0,0.0,-1.0
6.82843,6.82843,0.0,0.0,0.0,-1.0
5.49996,4.866,0.0,0.0,0.0,-1.0
6.43505,7.17341,0.0,0.0,0.0,-1.0
6.43505,7.17341,0.0,0.0,0.0,-1.0
5.49996,4.866,0.0,0.0,0.0,-1.0
4.0,5.732,0.0,0.0,0.0,-1.0
6.43505,7.17341,0.0,0.0,0.0,-1.0
4.0,5.732,0.0,0.0,0.0,-1.0
6.0,7.4641,0.0,0.0,0.0,-1.0
6.0,7.4641,0.0,0.0,0.0,-1.0
4.0,5.732,0.0,0.0,0.0,-1.0
5.53073,7.69552,0.0,0.0,0.0,-1.0
0.0342205,4.5221,0.0,-0.980785,0.195091,0.0
0.0342205,4.5221,4.0,-0.980785,0.195091,0.0
0.136297,5.03528,0.0,-0.980785,0.195091,0.0
0.136297,5.03528,0.0,-0.980785,0.195091,0.0
0.0342205,4.5221,4.0,-0.980785,0.195091,0.0
0.136297,5.03528,4.0,-0.980785,0.195091,0.0
0.136297,5.03528,0.0,-0.94693,0.321439,0.0
0.136297,5.03528,4.0,-0.94693,0.321439,0.0
0.304482,5.53073,0.0,-0.94693,0.321439,0.0
0.304482,5.53073,0.0,-0.94693,0.321439,0.0
0.136297,5.03528,4.0,-0.94693,0.321439,0.0
0.304482,5.53073,4.0,-0.94693,0.321439,0.0
0.304482,5.53073,0.0,-0.896872,0.442289,0.0
0.304482,5.53073,4.0,-0.896872,0.442289,0.0
0.535899,6.0,0.0,-0.896872,0.442289,0.0
0.535899,6.0,0.0,-0.896872,0.442289,0.0
0.304482,5.53073,4.0,-0.896872,0.442289,0.0
0.535899,6.0,4.0,-0.896872,0.442289,0.0
0.535899,6.0,0.0,-0.83147,0.55557,0.0
0.535899,6.0,4.0,-0.83147,0.55557,0.0
0.826587,6.43505,0.0,-0.83147,0.55557,0.0
0.826587,6.43505,0.0,-0.83147,0.55557,0.0
0.535899,6.0,4.0,-0.83147,0.55557,0.0
0.826587,6.43505,4.0,-0.83147,0.55557,0.0
0.826587,6.43505,0.0,-0.751839,0.659346,0.0
0.826587,6.43505,4.0,-0.751839,0.659346,0.0
1.17157,6.82843,0.0,-0.751839,0.659346,0.0
1.17157,6.82843,0.0,-0.751839,0.659346,0.0
0.826587,6.43505,4.0,-0.751839,0.659346,0.0
1.17157,6.82843,4.0,-0.751839,0.659346,0.0
1.17157,6.82843,0.0,-0.659346,0.75184,0.0
1.17157,6.82843,4.0,-0.659346,0.75184,0.0
1.56495,7.17341,0.0,-0.659346,0.75184,0.0
1.56495,7.17341,0.0,-0.659346,0.75184,0.0
1.17157,6.82843,4.0,-0.659346,0.75184,0.0
1.56495,7.17341,4.0,-0.659346,0.75184,0.0
1.56495,7.17341,0.0,-0.55557,0.83147,0.0
1.56495,7.17341,4.0,-0.55557,0.83147,0.0
2.0,7.4641,0.0,-0.55557,0.83147,0.0
2.0,7.4641,0.0,-0.55557,0.83147,0.0
1.56495,7.17341,4.0,-0.55557,0.83147,0.0
2.0,7.4641,4.0,-0.55557,0.83147,0.0
2.0,7.4641,0.0,-0.44229,0.896872,0.0
2.0,7.4641,4.0,-0.44229,0.896872,0.0
2.46927,7.69552,0.0,-0.44229,0.896872,0.0
2.46927,7.69552,0.0,-0.44229,0.896872,0.0
2.0,7.4641,4.0,-0.44229,0.896872,0.0
2.46927,7.69552,4.0,-0.44229,0.896872,0.0
2.46927,7.69552,0.0,-0.321439,0.94693,0.0
2.46927,7.69552,4.0,-0.321439,0.94693,0.0
2.96472,7.8637,0.0,-0.321439,0.94693,0.0
2.96472,7.8637,0.0,-0.321439,0.94693,0.0
2.46927,7.69552,4.0,-0.321439,0.94693,0.0
2.96472,7.8637,4.0,-0.321439,0.94693,0.0
2.96472,7.8637,0.0,-0.195091,0.980785,0.0
2.96472,7.8637,4.0,-0.195091,0.980785,0.0
3.4779,7.96578,0.0,-0.195091,0.980785,0.0
3.4779,7.96578,0.0,-0.195091,0.980785,0.0
2.96472,7.8637,4.0,-0.195091,0.980785,0.0
3.4779,7.96578,4.0,-0.195091,0.980785,0.0
3.4779,7.96578,0.0,-0.0654025,0.997859,0.0
3.4779,7.96578,4.0,-0.0654025,0.997859,0.0
4.0,8.0,0.0,-0.0654025,0.997859,0.0
4.0,8.0,0.0,-0.0654025,0.997859,0.0
3.4779,7.96578,4.0,-0.0654025,0.997859,0.0
4.0,8.0,4.0,-0.0654025,0.997859,0.0
4.0,8.0,0.0,0.0654025,0.997859,0.0
4.0,8.0,4.0,0.0654025,0.997859,0.0
4.5221,7.96578,0.0,0.0654025,0.997859,0.0
4.5221,7.96578,0.0,0.0654025,0.997859,0.0
4.0,8.0,4.0,0.0654025,0.997859,0.0
4.5221,7.96578,4.0,0.0654025,0.997859,0.0
4.5221,7.96578,0.0,0.195091,0.980785,0.0
4.5221,7.96578,4.0,0.195091,0.980785,0.0
5.03528,7.8637,0.0,0.195091,0.980785,0.0
5.03528,7.8637,0.0,0.195091,0.980785,0.0
4.5221,7.96578,4.0,0.195091,0.980785,0.0
5.03528,7.8637,4.0,0.195091,0.980785,0.0
5.03528,7.8637,0.0,0.321439,0.94693,0.0
5.03528,7.8637,4.0,0.321439,0.94693,0.0
5.53073,7.69552,0.0,0.321439,0.94693,0.0
5.53073,7.69552,0.0,0.321439,0.94693,0.0
5.03528,7.8637,4.0,0.321439,0.94693,0.0
5.53073,7.69552,4.0,0.321439,0.94693,0.0
5.53073,7.69552,0.0,0.44229,0.896872,0.0
5.53073,7.69552,4.0,0.44229,0.896872,0.0
6.0,7.4641,0.0,0.44229,0.896872,0.0
6.0,7.4641,0.0,0.44229,0.896872,0.0
5.53073,7.69552,4.0,0.44229,0.896872,0.0
6.0,7.4641,4.0,0.44229,0.896872,0.0
6.0,7.4641,0.0,0.55557,0.83147,0.0
6.0,7.4641,4.0,0.55557,0.83147,0.0
6.43505,7.17341,0.0,0.55557,0.83147,0.0
6.43505,7.17341,0.0,0.55557,0.83147,0.0
6.0,7.4641,4.0,0.55557,0.83147,0.0
6.43505,7.17341,4.0,0.55557,0.83147,0.0
6.43505,7.17341,0.0,0.659346,0.75184,0.0
6.43505,7.17341,4.0,0.659346,0.75184,0.0
6.82843,6.82843,0.0,0.659346,0.75184,0.0
6.82843,6.82843,0.0,0.659346,0.75184,0.0
6.43505,7.17341,4.0,0.659346,0.75184,0.0
6.82843,6.82843,4.0,0.659346,0.75184,0.0
6.82843,6.82843,0.0,0.75184,0.659346,0.0
6.82843,6.82843,4.0,0.75184,0.659346,0.0
7.17341,6.43505,0.0,0.75184,0.659346,0.0
7.17341,6.43505,0.0,0.75184,0.659346,0.0
6.82843,6.82843,4.0,0.75184,0.659346,0.0
7.17341,6.43505,4.0,0.75184,0.659346,0.0
7.17341,6.43505,0.0,0.83147,0.55557,0.0
7.17341,6.43505,4.0,0.83147,0.55557,0.0
7.4641,6.0,0.0,0.83147,0.55557,0.0
7.4641,6.0,0.0,0.83147,0.55557,0.0
7.17341,6.43505,4.0,0.83147,0.55557,0.0
7.4641,6.0,4.0,0.83147,0.55557,0.0
7.4641,6.0,0.0,0.896872,0.44229,0.0
7.4641,6.0,4.0,0.896872,0.44229,0.0
7.69552,5.53073,0.0,0.896872,0.44229,0.0
7.69552,5.53073,0.0,0.896872,0.44229,0.0
7.4641,6.0,4.0,0.896872,0.44229,0.0
7.69552,5.53073,4.0,0.896872,0.44229,0.0
7.69552,5.53073,0.0,0.94693,0.321439,0.0
7.69552,5.53073,4.0,0.94693,0.321439,0.0
7.8637,5.03528,0.0,0.94693,0.321439,0.0
7.8637,5.03528,0.0,0.94693,0.321439,0.0
7.69552,5.53073,4.0,0.94693,0.321439,0.0
7.8637,5.03528,4.0,0.94693,0.321439,0.0
7.8637,5.03528,0.0,0.980785,0.195091,0.0
7.8637,5.03528,4.0,0.980785,0.195091,0.0
7.96578,4.5221,0.0,0.980785,0.195091,0.0
7.96578,4.5221,0.0,0.980785,0.195091,0.0
7.8637,5.03528,4.0,0.980785,0.195091,0.0
7.96578,4.5221,4.0,0.980785,0.195091,0.0
7.96578,4.5221,0.0,0.997859,0.0654025,0.0
7.96578,4.5221,4.0,0.997859,0.0654025,0.0
8.0,4.0,0.0,0.997859,0.0654025,0.0
8.0,4.0,0.0,0.997859,0.0654025,0.0
7.96578,4.5221,4.0,0.997859,0.0654025,0.0
8.0,4.0,4.0,0.997859,0.0654025,0.0
8.0,4.0,0.0,0.997859,-0.0654025,0.0
8.0,4.0,4.0,0.997859,-0.0654025,0.0
7.96578,3.4779,0.0,0.997859,-0.0654025,0.0
7.96578,3.4779,0.0,0.997859,-0.0654025,0.0
8.0,4.0,4.0,0.997859,-0.0654025,0.0
7.96578,3.4779,4.0,0.997859,-0.0654025,0.0
7.96578,3.4779,0.0,0.980785,-0.195091,0.0
7.96578,3.4779,4.0,0.980785,-0.195091,0.0
7.8637,2.96472,0.0,0.980785,-0.195091,0.0
7.8637,2.96472,0.0,0.980785,-0.195091,0.0
7.96578,3.4779,4.0,0.980785,-0.195091,0.0
7.8637,2.96472,4.0,0.980785,-0.195091,0.0
7.8637,2.96472,0.0,0.94693,-0.321439,0.0
7.8637,2.96472,4.0,0.94693,-0.321439,0.0
7.69552,2.46927,0.0,0.94693,-0.321439,0.0
7.69552,2.46927,0.0,0.94693,-0.321439,0.0
7.8637,2.96472,4.0,0.94693,-0.321439,0.0
7.69552,2.46927,4.0,0.94693,-0.321439,0.0
7.69552,2.46927,0.0,0.896872,-0.44229,0.0
7.69552,2.46927,4.0,0.896872,-0.44229,0.0
7.4641,2.0,0.0,0.896872,-0.44229,0.0
7.4641,2.0,0.0,0.896872,-0.44229,0.0
7.69552,2.46927,4.0,0.896872,-0.44229,0.0
7.4641,2.0,4.0,0.896872,-0.44229,0.0
7.4641,2.0,0.0,0.83147,-0.55557,0.0
7.4641,2.0,4.0,0.83147,-0.55557,0.0
7.17341,1.56495,0.0,0.83147,-0.55557,0.0
7.17341,1.56495,0.0,0.83147,-0.55557,0.0
7.4641,2.0,4.0,0.83147,-0.55557,0.0
7.17341,1.56495,4.0,0.83147,-0.55557,0.0
7.17341,1.56495,0.0,0.75184,-0.659346,0.0
7.17341,1.56495,4.0,0.75184,-0.659346,0.0
6.82843,1.17157,0.0,0.75184,-0.659346,0.0
6.82843,1.17157,0.0,0.75184,-0.659346,0.0
7.17341,1.56495,4.0,0.75184,-0.659346,0.0
6.82843,1.17157,4.0,0.75184,-0.659346,0.0
6.82843,1.17157,0.0,0.659346,-0.751839,0.0
6.82843,1.17157,4.0,0.659346,-0.751839,0.0
6.43505,0.826587,0.0,0.659346,-0.751839,0.0
6.43505,0.826587,0.0,0.659346,-0.751839,0.0
6.82843,1.17157,4.0,0.659346,-0.751839,0.0
6.43505,0.826587,4.0,0.659346,-0.751839,0.0
6.43505,0.826587,0.0,0.55557,-0.83147,0.0
6.43505,0.826587,4.0,0.55557,-0.83147,0.0
6.0,0.535899,0.0,0.55557,-0.83147,0.0
6.0,0.535899,0.0,0.55557,-0.83147,0.0
6.43505,0.826587,4.0,0.55557,-0.83147,0.0
6.0,0.535899,4.0,0.55557,-0.83147,0.0
6.0,0.535899,0.0,0.442289,-0.896872,0.0
6.0,0.535899,4.0,0.442289,-0.896872,0.0
5.53073,0.304482,0.0,0.442289,-0.896872,0.0
5.53073,0.304482,0.0,0.442289,-0.896872,0.0
6.0,0.535899,4.0,0.442289,-0.896872,0.0
5.53073,0.304482,4.0,0.442289,-0.896872,0.0
5.53073,0.304482,0.0,0.321439,-0.94693,0.0
5.53073,0.304482,4.0,0.321439,-0.94693,0.0
5.03528,0.136297,0.0,0.321439,-0.94693,0.0
5.03528,0.136297,0.0,0.321439,-0.94693,0.0
5.53073,0.304482,4.0,0.321439,-0.94693,0.0
5.03528,0.136297,4.0,0.321439,-0.94693,0.0
5.03528,0.136297,0.0,0.195091,-0.980785,0.0
5.03528,0.136297,4.0,0.195091,-0.980785,0.0
4.5221,0.0342205,0.0,0.195091,-0.980785,0.0
4.5221,0.0342205,0.0,0.195091,-0.980785,0.0
5.03528,0.136297,4.0,0.195091,-0.980785,0.0
4.5221,0.0342205,4.0,0.195091,-0.980785,0.0
4.5221,0.0342205,0.0,0.0654031,-0.997859,0.0
4.5221,0.0342205,4.0,0.0654031,-0.997859,0.0
4.0,0.0,0.0,0.0654031,-0.997859,0.0
4.0,0.0,0.0,0.0654031,-0.997859,0.0
4.5221,0.0342205,4.0,0.0654031,-0.997859,0.0
4.0,0.0,4.0,0.0654031,-0.997859,0.0
4.0,0.0,0.0,-0.0654031,-0.997859,0.0
4.0,0.0,4.0,-0.0654031,-0.997859,0.0
3.4779,0.0342205,0.0,-0.0654031,-0.997859,0.0
3.4779,0.0342205,0.0,-0.0654031,-0.997859,0.0
4.0,0.0,4.0,-0.0654031,-0.997859,0.0
3.4779,0.0342205,4.0,-0.0654031,-0.997859,0.0
3.4779,0.0342205,0.0,-0.195091,-0.980785,0.0
3.4779,0.0342205,4.0,-0.195091,-0.980785,0.0
2.96472,0.136297,0.0,-0.195091,-0.980785,0.0
2.96472,0.136297,0.0,-0.195091,-0.980785,0.0
3.4779,0.0342205,4.0,-0.195091,-0.980785,0.0
2.96472,0.136297,4.0,-0.195091,-0.980785,0.0
2.96472,0.136297,0.0,-0.321439,-0.94693,0.0
2.96472,0.136297,4.0,-0.321439,-0.94693,0.0
2.46927,0.304482,0.0,-0.321439,-0.94693,0.0
2.46927,0.304482,0.0,-0.321439,-0.94693,0.0
2.96472,0.136297,4.0,-0.321439,-0.94693,0.0
2.46927,0.304482,4.0,-0.321439,-0.94693,0.0
2.46927,0.304482,0.0,-0.442289,-0.896873,0.0
2.46927,0.304482,4.0,-0.442289,-0.896873,0.0
2.0,0.535899,0.0,-0.442289,-0.896873,0.0
2.0,0.535899,0.0,-0.442289,-0.896873,0.0
2.46927,0.304482,4.0,-0.442289,-0.896873,0.0
2.0,0.535899,4.0,-0.442289,-0.896873,0.0
2.0,0.535899,0.0,-0.55557,-0.83147,0.0
2.0,0.535899,4.0,-0.55557,-0.83147,0.0
1.56495,0.826587,0.0,-0.55557,-0.83147,0.0
1.56495,0.826587,0.0,-0.55557,-0.83147,0.0
2.0,0.535899,4.0,-0.55557,-0.83147,0.0
1.56495,0.826587,4.0,-0.55557,-0.83147,0.0
1.56495,0.826587,0.0,-0.659346,-0.75184,0.0
1.56495,0.826587,4.0,-0.659346,-0.75184,0.0
1.17157,1.17157,0.0,-0.659346,-0.75184,0.0
1.17157,1.17157,0.0,-0.659346,-0.75184,0.0
1.56495,0.826587,4.0,-0.659346,-0.75184,0.0
1.17157,1.17157,4.0,-0.659346,-0.75184,0.0
1.17157,1.17157,0.0,-0.75184,-0.659346,0.0
1.17157,1.17157,4.0,-0.75184,-0.659346,0.0
0.826587,1.56495,0.0,-0.75184,-0.659346,0.0
0.826587,1.56495,0.0,-0.75184,-0.659346,0.0
1.17157,1.17157,4.0,-0.75184,-0.659346,0.0
0.826587,1.56495,4.0,-0.75184,-0.659346,0.0
0.826587,1.56495,0.0,-0.83147,-0.55557,0.0
0.826587,1.56495,4.0,-0.83147,-0.55557,0.0
0.535899,2.0,0.0,-0.83147,-0.55557,0.0
0.535899,2.0,0.0,-0.83147,-0.55557,0.0
0.826587,1.56495,4.0,-0.83147,-0.55557,0.0
0.535899,2.0,4.0,-0.83147,-0.55557,0.0
0.535899,2.0,0.0,-0.896873,-0.442289,0.0
0.535899,2.0,4.0,-0.896873,-0.442289,0.0
0.304482,2.46927,0.0,-0.896873,-0.442289,0.0
0.304482,2.46927,0.0,-0.896873,-0.442289,0.0
0.535899,2.0,4.0,-0.896873,-0.442289,0.0
0.304482,2.46927,4.0,-0.896873,-0.442289,0.0
0.304482,2.46927,0.0,-0.94693,-0.321439,0.0
0.304482,2.46927,4.0,-0.94693,-0.321439,0.0
0.136297,2.96472,0.0,-0.94693,-0.321439,0.0
0.136297,2.96472,0.0,-0.94693,-0.321439,0.0
0.304482,2.46927,4.0,-0.94693,-0.321439,0.0
0.136297,2.96472,4.0,-0.94693,-0.321439,0.0
0.136297,2.96472,0.0,-0.980785,-0.195091,0.0
0.136297,2.96472,4.0,-0.980785,-0.195091,0.0
0.0342205,3.4779,0.0,-0.980785,-0.195091,0.0
0.0342205,3.4779,0.0,-0.980785,-0.195091,0.0
0.136297,2.96472,4.0,-0.980785,-0.195091,0.0
0.0342205,3.4779,4.0,-0.980785,-0.195091,0.0
0.0342205,3.4779,0.0,-0.997859,-0.0654031,0.0
0.0342205,3.4779,4.0,-0.997859,-0.0654031,0.0
0.0,4.0,0.0,-0.997859,-0.0654031,0.0
0.0,4.0,0.0,-0.997859,-0.0654031,0.0
0.0342205,3.4779,4.0,-0.997859,-0.0654031,0.0
0.0,4.0,4.0,-0.997859,-0.0654031,0.0
0.0,4.0,0.0,-0.997859,0.0654031,0.0
0.0,4.0,4.0,-0.997859,0.0654031,0.0
0.0342205,4.5221,0.0,-0.997859,0.0654031,0.0
0.0342205,4.5221,0.0,-0.997859,0.0654031,0.0
0.0,4.0,4.0,-0.997859,0.0654031,0.0
0.0342205,4.5221,4.0,-0.997859,0.0654031,0.0
4.08488,2.0018,4.0,0.0,0.0,1.0
4.5221,0.0342205,4.0,0.0,0.0,1.0
4.42136,2.04489,4.0,0.0,0.0,1.0
4.42136,2.04489,4.0,0.0,0.0,1.0
4.5221,0.0342205,4.0,0.0,0.0,1.0
5.03528,0.136297,4.0,0.0,0.0,1.0
4.42136,2.04489,4.0,0.0,0.0,1.0
5.03528,0.136297,4.0,0.0,0.0,1.0
4.74571,2.14422,4.0,0.0,0.0,1.0
4.74571,2.14422,4.0,0.0,0.0,1.0
5.03528,0.136297,4.0,0.0,0.0,1.0
5.53073,0.304482,4.0,0.0,0.0,1.0
4.74571,2.14422,4.0,0.0,0.0,1.0
5.53073,0.304482,4.0,0.0,0.0,1.0
5.04861,2.29694,4.0,0.0,0.0,1.0
5.88576,3.33372,4.0,0.0,0.0,1.0
7.8637,2.96472,4.0,0.0,0.0,1.0
5.97123,3.662,4.0,0.0,0.0,1.0
5.97123,3.662,4.0,0.0,0.0,1.0
7.8637,2.96472,4.0,0.0,0.0,1.0
7.96578,3.4779,4.0,0.0,0.0,1.0
5.97123,3.662,4.0,0.0,0.0,1.0
7.96578,3.4779,4.0,0.0,0.0,1.0
6.0,4.0,4.0,0.0,0.0,1.0
6.0,4.0,4.0,0.0,0.0,1.0
7.96578,3.4779,4.0,0.0,0.0,1.0
8.0,4.0,4.0,0.0,0.0,1.0
6.0,4.0,4.0,0.0,0.0,1.0
8.0,4.0,4.0,0.0,0.0,1.0
5.97123,4.338,4.0,0.0,0.0,1.0
5.53073,0.304482,4.0,0.0,0.0,1.0
6.0,0.535899,4.0,0.0,0.0,1.0
5.04861,2.29694,4.0,0.0,0.0,1.0
5.04861,2.29694,4.0,0.0,0.0,1.0
6.0,0.535899,4.0,0.0,0.0,1.0
6.43505,0.826587,4.0,0.0,0.0,1.0
5.04861,2.29694,4.0,0.0,0.0,1.0
6.43505,0.826587,4.0,0.0,0.0,1.0
5.32135,2.49866,4.0,0.0,0.0,1.0
5.32135,2.49866,4.0,0.0,0.0,1.0
6.43505,0.826587,4.0,0.0,0.0,1.0
6.82843,1.17157,4.0,0.0,0.0,1.0
5.32135,2.49866,4.0,0.0,0.0,1.0
6.82843,1.17157,4.0,0.0,0.0,1.0
5.55607,2.74356,4.0,0.0,0.0,1.0
5.55607,2.74356,4.0,0.0,0.0,1.0
6.82843,1.17157,4.0,0.0,0.0,1.0
7.17341,1.56495,4.0,0.0,0.0,1.0
5.55607,2.74356,4.0,0.0,0.0,1.0
7.17341,1.56495,4.0,0.0,0.0,1.0
5.74603,3.02461,4.0,0.0,0.0,1.0
5.74603,3.02461,4.0,0.0,0.0,1.0
7.17341,1.56495,4.0,0.0,0.0,1.0
7.4641,2.0,4.0,0.0,0.0,1.0
5.74603,3.02461,4.0,0.0,0.0,1.0
7.4641,2.0,4.0,0.0,0.0,1.0
5.88576,3.33372,4.0,0.0,0.0,1.0
5.88576,3.33372,4.0,0.0,0.0,1.0
7.4641,2.0,4.0,0.0,0.0,1.0
7.69552,2.46927,4.0,0.0,0.0,1.0
5.88576,3.33372,4.0,0.0,0.0,1.0
7.69552,2.46927,4.0,0.0,0.0,1.0
7.8637,2.96472,4.0,0.0,0.0,1.0
3.09959,2.21415,4.0,0.0,0.0,1.0
2.46927,0.304482,4.0,0.0,0.0,1.0
3.41435,2.08767,4.0,0.0,0.0,1.0
3.41435,2.08767,4.0,0.0,0.0,1.0
2.46927,0.304482,4.0,0.0,0.0,1.0
2.96472,0.136297,4.0,0.0,0.0,1.0
3.41435,2.08767,4.0,0.0,0.0,1.0
2.96472,0.136297,4.0,0.0,0.0,1.0
3.74596,2.0162,4.0,0.0,0.0,1.0
3.74596,2.0162,4.0,0.0,0.0,1.0
2.96472,0.136297,4.0,0.0,0.0,1.0
3.4779,0.0342205,4.0,0.0,0.0,1.0
3.74596,2.0162,4.0,0.0,0.0,1.0
3.4779,0.0342205,4.0,0.0,0.0,1.0
4.08488,2.0018,4.0,0.0,0.0,1.0
4.08488,2.0018,4.0,0.0,0.0,1.0
3.4779,0.0342205,4.0,0.0,0.0,1.0
4.0,0.0,4.0,0.0,0.0,1.0
4.08488,2.0018,4.0,0.0,0.0,1.0
4.0,0.0,4.0,0.0,0.0,1.0
4.5221,0.0342205,4.0,0.0,0.0,1.0
2.34298,5.11995,4.0,0.0,0.0,1.0
0.535899,6.0,4.0,0.0,0.0,1.0
2.17754,4.8238,4.0,0.0,0.0,1.0
2.17754,4.8238,4.0,0.0,0.0,1.0
0.535899,6.0,4.0,0.0,0.0,1.0
0.304482,5.53073,4.0,0.0,0.0,1.0
2.17754,4.8238,4.0,0.0,0.0,1.0
0.304482,5.53073,4.0,0.0,0.0,1.0
2.06453,4.50396,4.0,0.0,0.0,1.0
2.06453,4.50396,4.0,0.0,0.0,1.0
0.304482,5.53073,4.0,0.0,0.0,1.0
0.136297,5.03528,4.0,0.0,0.0,1.0
2.06453,4.50396,4.0,0.0,0.0,1.0
0.136297,5.03528,4.0,0.0,0.0,1.0
2.00721,4.16961,4.0,0.0,0.0,1.0
4.42136,5.95511,4.0,0.0,0.0,1.0
4.5221,7.96578,4.0,0.0,0.0,1.0
4.08488,5.9982,4.0,0.0,0.0,1.0
4.08488,5.9982,4.0,0.0,0.0,1.0
4.5221,7.96578,4.0,0.0,0.0,1.0
4.0,8.0,4.0,0.0,0.0,1.0
4.08488,5.9982,4.0,0.0,0.0,1.0
4.0,8.0,4.0,0.0,0.0,1.0
3.74596,5.9838,4.0,0.0,0.0,1.0
3.74596,5.9838,4.0,0.0,0.0,1.0
4.0,8.0,4.0,0.0,0.0,1.0
3.4779,7.96578,4.0,0.0,0.0,1.0
3.74596,5.9838,4.0,0.0,0.0,1.0
3.4779,7.96578,4.0,0.0,0.0,1.0
3.41435,5.91233,4.0,0.0,0.0,1.0
5.32135,5.50134,4.0,0.0,0.0,1.0
6.43505,7.17341,4.0,0.0,0.0,1.0
5.04861,5.70306,4.0,0.0,0.0,1.0
5.04861,5.70306,4.0,0.0,0.0,1.0
6.43505,7.17341,4.0,0.0,0.0,1.0
6.0,7.4641,4.0,0.0,0.0,1.0
5.04861,5.70306,4.0,0.0,0.0,1.0
6.0,7.4641,4.0,0.0,0.0,1.0
4.74571,5.85578,4.0,0.0,0.0,1.0
4.74571,5.85578,4.0,0.0,0.0,1.0
6.0,7.4641,4.0,0.0,0.0,1.0
5.53073,7.69552,4.0,0.0,0.0,1.0
4.74571,5.85578,4.0,0.0,0.0,1.0
5.53073,7.69552,4.0,0.0,0.0,1.0
4.42136,5.95511,4.0,0.0,0.0,1.0
4.42136,5.95511,4.0,0.0,0.0,1.0
5.53073,7.69552,4.0,0.0,0.0,1.0
5.03528,7.8637,4.0,0.0,0.0,1.0
4.42136,5.95511,4.0,0.0,0.0,1.0
5.03528,7.8637,4.0,0.0,0.0,1.0
4.5221,7.96578,4.0,0.0,0.0,1.0
2.17754,3.1762,4.0,0.0,0.0,1.0
0.535899,2.0,4.0,0.0,0.0,1.0
2.34298,2.88005,4.0,0.0,0.0,1.0
2.34298,2.88005,4.0,0.0,0.0,1.0
0.535899,2.0,4.0,0.0,0.0,1.0
0.826587,1.56495,4.0,0.0,0.0,1.0
2.34298,2.88005,4.0,0.0,0.0,1.0
0.826587,1.56495,4.0,0.0,0.0,1.0
2.55609,2.61612,4.0,0.0,0.0,1.0
2.55609,2.61612,4.0,0.0,0.0,1.0
0.826587,1.56495,4.0,0.0,0.0,1.0
1.17157,1.17157,4.0,0.0,0.0,1.0
2.55609,2.61612,4.0,0.0,0.0,1.0
1.17157,1.17157,4.0,0.0,0.0,1.0
2.81073,2.39201,4.0,0.0,0.0,1.0
2.81073,2.39201,4.0,0.0,0.0,1.0
1.17157,1.17157,4.0,0.0,0.0,1.0
1.56495,0.826587,4.0,0.0,0.0,1.0
2.81073,2.39201,4.0,0.0,0.0,1.0
1.56495,0.826587,4.0,0.0,0.0,1.0
3.09959,2.21415,4.0,0.0,0.0,1.0
3.09959,2.21415,4.0,0.0,0.0,1.0
1.56495,0.826587,4.0,0.0,0.0,1.0
2.0,0.535899,4.0,0.0,0.0,1.0
3.09959,2.21415,4.0,0.0,0.0,1.0
2.0,0.535899,4.0,0.0,0.0,1.0
2.46927,0.304482,4.0,0.0,0.0,1.0
0.136297,5.03528,4.0,0.0,0.0,1.0
0.0342205,4.5221,4.0,0.0,0.0,1.0
2.00721,4.16961,4.0,0.0,0.0,1.0
2.00721,4.16961,4.0,0.0,0.0,1.0
0.0342205,4.5221,4.0,0.0,0.0,1.0
0.0,4.0,4.0,0.0,0.0,1.0
2.00721,4.16961,4.0,0.0,0.0,1.0
0.0,4.0,4.0,0.0,0.0,1.0
2.00721,3.83039,4.0,0.0,0.0,1.0
2.00721,3.83039,4.0,0.0,0.0,1.0
0.0,4.0,4.0,0.0,0.0,1.0
0.0342205,3.4779,4.0,0.0,0.0,1.0
2.00721,3.83039,4.0,0.0,0.0,1.0
0.0342205,3.4779,4.0,0.0,0.0,1.0
2.06453,3.49604,4.0,0.0,0.0,1.0
2.06453,3.49604,4.0,0.0,0.0,1.0
0.0342205,3.4779,4.0,0.0,0.0,1.0
0.136297,2.96472,4.0,0.0,0.0,1.0
2.06453,3.49604,4.0,0.0,0.0,1.0
0.136297,2.96472,4.0,0.0,0.0,1.0
2.17754,3.1762,4.0,0.0,0.0,1.0
2.17754,3.1762,4.0,0.0,0.0,1.0
0.136297,2.96472,4.0,0.0,0.0,1.0
0.304482,2.46927,4.0,0.0,0.0,1.0
2.17754,3.1762,4.0,0.0,0.0,1.0
0.304482,2.46927,4.0,0.0,0.0,1.0
0.535899,2.0,4.0,0.0,0.0,1.0
3.4779,7.96578,4.0,0.0,0.0,1.0
2.96472,7.8637,4.0,0.0,0.0,1.0
3.41435,5.91233,4.0,0.0,0.0,1.0
3.41435,5.91233,4.0,0.0,0.0,1.0
2.96472,7.8637,4.0,0.0,0.0,1.0
2.46927,7.69552,4.0,0.0,0.0,1.0
3.41435,5.91233,4.0,0.0,0.0,1.0
2.46927,7.69552,4.0,0.0,0.0,1.0
3.09959,5.78585,4.0,0.0,0.0,1.0
3.09959,5.78585,4.0,0.0,0.0,1.0
2.46927,7.69552,4.0,0.0,0.0,1.0
2.0,7.4641,4.0,0.0,0.0,1.0
3.09959,5.78585,4.0,0.0,0.0,1.0
2.0,7.4641,4.0,0.0,0.0,1.0
2.81073,5.60799,4.0,0.0,0.0,1.0
2.81073,5.60799,4.0,0.0,0.0,1.0
2.0,7.4641,4.0,0.0,0.0,1.0
1.56495,7.17341,4.0,0.0,0.0,1.0
2.81073,5.60799,4.0,0.0,0.0,1.0
1.56495,7.17341,4.0,0.0,0.0,1.0
2.55609,5.38388,4.0,0.0,0.0,1.0
2.55609,5.38388,4.0,0.0,0.0,1.0
1.56495,7.17341,4.0,0.0,0.0,1.0
1.17157,6.82843,4.0,0.0,0.0,1.0
2.55609,5.38388,4.0,0.0,0.0,1.0
1.17157,6.82843,4.0,0.0,0.0,1.0
2.34298,5.11995,4.0,0.0,0.0,1.0
2.34298,5.11995,4.0,0.0,0.0,1.0
1.17157,6.82843,4.0,0.0,0.0,1.0
0.826587,6.43505,4.0,0.0,0.0,1.0
2.34298,5.11995,4.0,0.0,0.0,1.0
0.826587,6.43505,4.0,0.0,0.0,1.0
0.535899,6.0,4.0,0.0,0.0,1.0
8.0,4.0,4.0,0.0,0.0,1.0
7.96578,4.5221,4.0,0.0,0.0,1.0
5.97123,4.338,4.0,0.0,0.0,1.0
5.97123,4.338,4.0,0.0,0.0,1.0
7.96578,4.5221,4.0,0.0,0.0,1.0
7.8637,5.03528,4.0,0.0,0.0,1.0
5.97123,4.338,4.0,0.0,0.0,1.0
7.8637,5.03528,4.0,0.0,0.0,1.0
5.88576,4.66628,4.0,0.0,0.0,1.0
5.88576,4.66628,4.0,0.0,0.0,1.0
7.8637,5.03528,4.0,0.0,0.0,1.0
7.69552,5.53073,4.0,0.0,0.0,1.0
5.88576,4.66628,4.0,0.0,0.0,1.0
7.69552,5.53073,4.0,0.0,0.0,1.0
5.74603,4.97539,4.0,0.0,0.0,1.0
5.74603,4.97539,4.0,0.0,0.0,1.0
7.69552,5.53073,4.0,0.0,0.0,1.0
7.4641,6.0,4.0,0.0,0.0,1.0
5.74603,4.97539,4.0,0.0,0.0,1.0
7.4641,6.0,4.0,0.0,0.0,1.0
5.55607,5.25644,4.0,0.0,0.0,1.0
5.55607,5.25644,4.0,0.0,0.0,1.0
7.4641,6.0,4.0,0.0,0.0,1.0
7.17341,6.43505,4.0,0.0,0.0,1.0
5.55607,5.25644,4.0,0.0,0.0,1.0
7.17341,6.43505,4.0,0.0,0.0,1.0
5.32135,5.50134,4.0,0.0,0.0,1.0
5.32135,5.50134,4.0,0.0,0.0,1.0
7.17341,6.43505,4.0,0.0,0.0,1.0
6.82843,6.82843,4.0,0.0,0.0,1.0
5.32135,5.50134,4.0,0.0,0.0,1.0
6.82843,6.82843,4.0,0.0,0.0,1.0
6.43505,7.17341,4.0,0.0,0.0,1.0
2.34298,5.11995,14.0,0.0,0.0,1.0
2.17754,4.8238,14.0,0.0,0.0,1.0
2.06453,4.50396,14.0,0.0,0.0,1.0
4.42136,5.95511,14.0,0.0,0.0,1.0
4.08488,5.9982,14.0,0.0,0.0,1.0
4.74571,5.85578,14.0,0.0,0.0,1.0
4.74571,5.85578,14.0,0.0,0.0,1.0
4.08488,5.9982,14.0,0.0,0.0,1.0
3.74596,5.9838,14.0,0.0,0.0,1.0
4.74571,5.85578,14.0,0.0,0.0,1.0
3.74596,5.9838,14.0,0.0,0.0,1.0
5.04861,5.70306,14.0,0.0,0.0,1.0
5.04861,5.70306,14.0,0.0,0.0,1.0
3.74596,5.9838,14.0,0.0,0.0,1.0
3.41435,5.91233,14.0,0.0,0.0,1.0
5.04861,5.70306,14.0,0.0,0.0,1.0
3.41435,5.91233,14.0,0.0,0.0,1.0
5.04861,2.29694,14.0,0.0,0.0,1.0
3.41435,5.91233,14.0,0.0,0.0,1.0
3.09959,5.78585,14.0,0.0,0.0,1.0
5.04861,2.29694,14.0,0.0,0.0,1.0
5.04861,2.29694,14.0,0.0,0.0,1.0
3.09959,5.78585,14.0,0.0,0.0,1.0
2.81073,5.60799,14.0,0.0,0.0,1.0
5.04861,2.29694,14.0,0.0,0.0,1.0
2.81073,5.60799,14.0,0.0,0.0,1.0
2.55609,5.38388,14.0,0.0,0.0,1.0
3.41435,2.08767,14.0,0.0,0.0,1.0
3.74596,2.0162,14.0,0.0,0.0,1.0
2.06453,4.50396,14.0,0.0,0.0,1.0
2.06453,4.50396,14.0,0.0,0.0,1.0
3.74596,2.0162,14.0,0.0,0.0,1.0
4.08488,2.0018,14.0,0.0,0.0,1.0
5.88576,3.33372,14.0,0.0,0.0,1.0
5.97123,3.662,14.0,0.0,0.0,1.0
5.04861,5.70306,14.0,0.0,0.0,1.0
5.04861,5.70306,14.0,0.0,0.0,1.0
5.97123,3.662,14.0,0.0,0.0,1.0
6.0,4.0,14.0,0.0,0.0,1.0
5.04861,5.70306,14.0,0.0,0.0,1.0
6.0,4.0,14.0,0.0,0.0,1.0
5.97123,4.338,14.0,0.0,0.0,1.0
2.55609,5.38388,14.0,0.0,0.0,1.0
2.34298,5.11995,14.0,0.0,0.0,1.0
5.04861,2.29694,14.0,0.0,0.0,1.0
5.04861,2.29694,14.0,0.0,0.0,1.0
2.34298,5.11995,14.0,0.0,0.0,1.0
2.06453,4.50396,14.0,0.0,0.0,1.0
5.04861,2.29694,14.0,0.0,0.0,1.0
2.06453,4.50396,14.0,0.0,0.0,1.0
4.74571,2.14422,14.0,0.0,0.0,1.0
4.74571,2.14422,14.0,0.0,0.0,1.0
2.06453,4.50396,14.0,0.0,0.0,1.0
4.08488,2.0018,14.0,0.0,0.0,1.0
4.74571,2.14422,14.0,0.0,0.0,1.0
4.08488,2.0018,14.0,0.0,0.0,1.0
4.42136,2.04489,14.0,0.0,0.0,1.0
2.06453,3.49604,14.0,0.0,0.0,1.0
2.17754,3.1762,14.0,0.0,0.0,1.0
2.00721,3.83039,14.0,0.0,0.0,1.0
2.00721,3.83039,14.0,0.0,0.0,1.0
2.17754,3.1762,14.0,0.0,0.0,1.0
3.41435,2.08767,14.0,0.0,0.0,1.0
2.00721,3.83039,14.0,0.0,0.0,1.0
3.41435,2.08767,14.0,0.0,0.0,1.0
2.00721,4.16961,14.0,0.0,0.0,1.0
2.00721,4.16961,14.0,0.0,0.0,1.0
3.41435,2.08767,14.0,0.0,0.0,1.0
2.06453,4.50396,14.0,0.0,0.0,1.0
3.09959,2.21415,14.0,0.0,0.0,1.0
3.41435,2.08767,14.0,0.0,0.0,1.0
2.81073,2.39201,14.0,0.0,0.0,1.0
2.81073,2.39201,14.0,0.0,0.0,1.0
3.41435,2.08767,14.0,0.0,0.0,1.0
2.17754,3.1762,14.0,0.0,0.0,1.0
2.81073,2.39201,14.0,0.0,0.0,1.0
2.17754,3.1762,14.0,0.0,0.0,1.0
2.55609,2.61612,14.0,0.0,0.0,1.0
2.55609,2.61612,14.0,0.0,0.0,1.0
2.17754,3.1762,14.0,0.0,0.0,1.0
2.34298,2.88005,14.0,0.0,0.0,1.0
5.74603,3.02461,14.0,0.0,0.0,1.0
5.88576,3.33372,14.0,0.0,0.0,1.0
5.55607,2.74356,14.0,0.0,0.0,1.0
5.55607,2.74356,14.0,0.0,0.0,1.0
5.88576,3.33372,14.0,0.0,0.0,1.0
5.04861,5.70306,14.0,0.0,0.0,1.0
5.55607,2.74356,14.0,0.0,0.0,1.0
5.04861,5.70306,14.0,0.0,0.0,1.0
5.32135,2.49866,14.0,0.0,0.0,1.0
5.32135,2.49866,14.0,0.0,0.0,1.0
5.04861,5.70306,14.0,0.0,0.0,1.0
5.04861,2.29694,14.0,0.0,0.0,1.0
5.55607,5.25644,14.0,0.0,0.0,1.0
5.32135,5.50134,14.0,0.0,0.0,1.0
5.74603,4.97539,14.0,0.0,0.0,1.0
5.74603,4.97539,14.0,0.0,0.0,1.0
5.32135,5.50134,14.0,0.0,0.0,1.0
5.04861,5.70306,14.0,0.0,0.0,1.0
5.74603,4.97539,14.0,0.0,0.0,1.0
5.04861,5.70306,14.0,0.0,0.0,1.0
5.88576,4.66628,14.0,0.0,0.0,1.0
5.88576,4.66628,14.0,0.0,0.0,1.0
5.04861,5.70306,14.0,0.0,0.0,1.0
5.97123,4.338,14.0,0.0,0.0,1.0
5.97123,4.338,14.0,0.967733,0.251978,0.0
5.97123,4.338,4.0,0.967733,0.251978,0.0
5.88576,4.66628,14.0,0.967733,0.251978,0.0
5.88576,4.66628,14.0,0.967733,0.251978,0.0
5.97123,4.338,4.0,0.967733,0.251978,0.0
5.88576,4.66628,4.0,0.967733,0.251978,0.0
5.88576,4.66628,14.0,0.911228,0.411901,0.0
5.88576,4.66628,4.0,0.911228,0.411901,0.0
5.74603,4.97539,14.0,0.911228,0.411901,0.0
5.74603,4.97539,14.0,0.911228,0.411901,0.0
5.88576,4.66628,4.0,0.911228,0.411901,0.0
5.74603,4.97539,4.0,0.911228,0.411901,0.0
5.74603,4.97539,14.0,0.82851,0.559975,0.0
5.74603,4.97539,4.0,0.82851,0.559975,0.0
5.55607,5.25644,14.0,0.82851,0.559975,0.0
5.55607,5.25644,14.0,0.82851,0.559975,0.0
5.74603,4.97539,4.0,0.82851,0.559975,0.0
5.55607,5.25644,4.0,0.82851,0.559975,0.0
5.55607,5.25644,14.0,0.721956,0.691939,0.0
5.55607,5.25644,4.0,0.721956,0.691939,0.0
5.32135,5.50134,14.0,0.721956,0.691939,0.0
5.32135,5.50134,14.0,0.721956,0.691939,0.0
5.55607,5.25644,4.0,0.721956,0.691939,0.0
5.32135,5.50134,4.0,0.721956,0.691939,0.0
5.32135,5.50134,14.0,0.594634,0.803996,0.0
5.32135,5.50134,4.0,0.594634,0.803996,0.0
5.04861,5.70306,14.0,0.594634,0.803996,0.0
5.04861,5.70306,14.0,0.594634,0.803996,0.0
5.32135,5.50134,4.0,0.594634,0.803996,0.0
5.04861,5.70306,4.0,0.594634,0.803996,0.0
5.04861,5.70306,14.0,0.450202,0.892927,0.0
5.04861,5.70306,4.0,0.450202,0.892927,0.0
4.74571,5.85578,14.0,0.450202,0.892927,0.0
4.74571,5.85578,14.0,0.450202,0.892927,0.0
5.04861,5.70306,4.0,0.450202,0.892927,0.0
4.74571,5.85578,4.0,0.450202,0.892927,0.0
4.74571,5.85578,14.0,0.292823,0.956167,0.0
4.74571,5.85578,4.0,0.292823,0.956167,0.0
4.42136,5.95511,14.0,0.292823,0.956167,0.0
4.42136,5.95511,14.0,0.292823,0.956167,0.0
4.74571,5.85578,4.0,0.292823,0.956167,0.0
4.42136,5.95511,4.0,0.292823,0.956167,0.0
4.42136,5.95511,14.0,0.127018,0.9919,0.0
4.42136,5.95511,4.0,0.127018,0.9919,0.0
4.08488,5.9982,14.0,0.127018,0.9919,0.0
4.08488,5.9982,14.0,0.127018,0.9919,0.0
4.42136,5.95511,4.0,0.127018,0.9919,0.0
4.08488,5.9982,4.0,0.127018,0.9919,0.0
4.08488,5.9982,14.0,-0.0424414,0.999099,0.0
4.08488,5.9982,4.0,-0.0424414,0.999099,0.0
3.74596,5.9838,14.0,-0.0424414,0.999099,0.0
3.74596,5.9838,14.0,-0.0424414,0.999099,0.0
4.08488,5.9982,4.0,-0.0424414,0.999099,0.0
3.74596,5.9838,4.0,-0.0424414,0.999099,0.0
3.74596,5.9838,14.0,-0.210679,0.977555,0.0
3.74596,5.9838,4.0,-0.210679,0.977555,0.0
3.41435,5.91233,14.0,-0.210679,0.977555,0.0
3.41435,5.91233,14.0,-0.210679,0.977555,0.0
3.74596,5.9838,4.0,-0.210679,0.977555,0.0
3.41435,5.91233,4.0,-0.210679,0.977555,0.0
3.41435,5.91233,14.0,-0.372856,0.927889,0.0
3.41435,5.91233,4.0,-0.372856,0.927889,0.0
3.09959,5.78585,14.0,-0.372856,0.927889,0.0
3.09959,5.78585,14.0,-0.372856,0.927889,0.0
3.41435,5.91233,4.0,-0.372856,0.927889,0.0
3.09959,5.78585,4.0,-0.372856,0.927889,0.0
3.09959,5.78585,14.0,-0.524308,0.851529,0.0
3.09959,5.78585,4.0,-0.524308,0.851529,0.0
2.81073,5.60799,14.0,-0.524308,0.851529,0.0
2.81073,5.60799,14.0,-0.524308,0.851529,0.0
3.09959,5.78585,4.0,-0.524308,0.851529,0.0
2.81073,5.60799,4.0,-0.524308,0.851529,0.0
2.81073,5.60799,14.0,-0.660674,0.750673,0.0
2.81073,5.60799,4.0,-0.660674,0.750673,0.0
2.55609,5.38388,14.0,-0.660674,0.750673,0.0
2.55609,5.38388,14.0,-0.660674,0.750673,0.0
2.81073,5.60799,4.0,-0.660674,0.750673,0.0
2.55609,5.38388,4.0,-0.660674,0.750673,0.0
2.55609,5.38388,14.0,-0.778037,0.628219,0.0
2.55609,5.38388,4.0,-0.778037,0.628219,0.0
2.34298,5.11995,14.0,-0.778037,0.628219,0.0
2.34298,5.11995,14.0,-0.778037,0.628219,0.0
2.55609,5.38388,4.0,-0.778037,0.628219,0.0
2.34298,5.11995,4.0,-0.778037,0.628219,0.0
2.34298,5.11995,14.0,-0.873014,0.487695,0.0
2.34298,5.11995,4.0,-0.873014,0.487695,0.0
2.17754,4.8238,14.0,-0.873014,0.487695,0.0
2.17754,4.8238,14.0,-0.873014,0.487695,0.0
2.34298,5.11995,4.0,-0.873014,0.487695,0.0
2.17754,4.8238,4.0,-0.873014,0.487695,0.0
2.17754,4.8238,14.0,-0.942878,0.333139,0.0
2.17754,4.8238,4.0,-0.942878,0.333139,0.0
2.06453,4.50396,14.0,-0.942878,0.333139,0.0
2.06453,4.50396,14.0,-0.942878,0.333139,0.0
2.17754,4.8238,4.0,-0.942878,0.333139,0.0
2.06453,4.50396,4.0,-0.942878,0.333139,0.0
2.06453,4.50396,14.0,-0.985616,0.169002,0.0
2.06453,4.50396,4.0,-0.985616,0.169002,0.0
2.00721,4.16961,14.0,-0.985616,0.169002,0.0
2.00721,4.16961,14.0,-0.985616,0.169002,0.0
2.06453,4.50396,4.0,-0.985616,0.169002,0.0
2.00721,4.16961,4.0,-0.985616,0.169002,0.0
2.00721,4.16961,14.0,-1.0,0.0,0.0
2.00721,4.16961,4.0,-1.0,0.0,0.0
2.00721,3.83039,14.0,-1.0,0.0,0.0
2.00721,3.83039,14.0,-1.0,0.0,0.0
2.00721,4.16961,4.0,-1.0,0.0,0.0
2.00721,3.83039,4.0,-1.0,0.0,0.0
2.00721,3.83039,14.0,-0.985616,-0.169001,0.0
2.00721,3.83039,4.0,-0.985616,-0.169001,0.0
2.06453,3.49604,14.0,-0.985616,-0.169001,0.0
2.06453,3.49604,14.0,-0.985616,-0.169001,0.0
2.00721,3.83039,4.0,-0.985616,-0.169001,0.0
2.06453,3.49604,4.0,-0.985616,-0.169001,0.0
2.06453,3.49604,14.0,-0.942878,-0.333139,0.0
2.06453,3.49604,4.0,-0.942878,-0.333139,0.0
2.17754,3.1762,14.0,-0.942878,-0.333139,0.0
2.17754,3.1762,14.0,-0.942878,-0.333139,0.0
2.06453,3.49604,4.0,-0.942878,-0.333139,0.0
2.17754,3.1762,4.0,-0.942878,-0.333139,0.0
2.17754,3.1762,14.0,-0.873014,-0.487695,0.0
2.17754,3.1762,4.0,-0.873014,-0.487695,0.0
2.34298,2.88005,14.0,-0.873014,-0.487695,0.0
2.34298,2.88005,14.0,-0.873014,-0.487695,0.0
2.17754,3.1762,4.0,-0.873014,-0.487695,0.0
2.34298,2.88005,4.0,-0.873014,-0.487695,0.0
2.34298,2.88005,14.0,-0.778036,-0.62822,0.0
2.34298,2.88005,4.0,-0.778036,-0.62822,0.0
2.55609,2.61612,14.0,-0.778036,-0.62822,0.0
2.55609,2.61612,14.0,-0.778036,-0.62822,0.0
2.34298,2.88005,4.0,-0.778036,-0.62822,0.0
2.55609,2.61612,4.0,-0.778036,-0.62822,0.0
2.55609,2.61612,14.0,-0.660674,-0.750673,0.0
2.55609,2.61612,4.0,-0.660674,-0.750673,0.0
2.81073,2.39201,14.0,-0.660674,-0.750673,0.0
2.81073,2.39201,14.0,-0.660674,-0.750673,0.0
2.55609,2.61612,4.0,-0.660674,-0.750673,0.0
2.81073,2.39201,4.0,-0.660674,-0.750673,0.0
2.81073,2.39201,14.0,-0.524307,-0.851529,0.0
2.81073,2.39201,4.0,-0.524307,-0.851529,0.0
3.09959,2.21415,14.0,-0.524307,-0.851529,0.0
3.09959,2.21415,14.0,-0.524307,-0.851529,0.0
2.81073,2.39201,4.0,-0.524307,-0.851529,0.0
3.09959,2.21415,4.0,-0.524307,-0.851529,0.0
3.09959,2.21415,14.0,-0.372856,-0.927889,0.0
3.09959,2.21415,4.0,-0.372856,-0.927889,0.0
3.41435,2.08767,14.0,-0.372856,-0.927889,0.0
3.41435,2.08767,14.0,-0.372856,-0.927889,0.0
3.09959,2.21415,4.0,-0.372856,-0.927889,0.0
3.41435,2.08767,4.0,-0.372856,-0.927889,0.0
3.41435,2.08767,14.0,-0.210679,-0.977555,0.0
3.41435,2.08767,4.0,-0.210679,-0.977555,0.0
3.74596,2.0162,14.0,-0.210679,-0.977555,0.0
3.74596,2.0162,14.0,-0.210679,-0.977555,0.0
3.41435,2.08767,4.0,-0.210679,-0.977555,0.0
3.74596,2.0162,4.0,-0.210679,-0.977555,0.0
3.74596,2.0162,14.0,-0.0424414,-0.999099,0.0
3.74596,2.0162,4.0,-0.0424414,-0.999099,0.0
4.08488,2.0018,14.0,-0.0424414,-0.999099,0.0
4.08488,2.0018,14.0,-0.0424414,-0.999099,0.0
3.74596,2.0162,4.0,-0.0424414,-0.999099,0.0
4.08488,2.0018,4.0,-0.0424414,-0.999099,0.0
4.08488,2.0018,14.0,0.127018,-0.9919,0.0
4.08488,2.0018,4.0,0.127018,-0.9919,0.0
4.42136,2.04489,14.0,0.127018,-0.9919,0.0
4.42136,2.04489,14.0,0.127018,-0.9919,0.0
4.08488,2.0018,4.0,0.127018,-0.9919,0.0
4.42136,2.04489,4.0,0.127018,-0.9919,0.0
4.42136,2.04489,14.0,0.292824,-0.956166,0.0
4.42136,2.04489,4.0,0.292824,-0.956166,0.0
4.74571,2.14422,14.0,0.292824,-0.956166,0.0
4.74571,2.14422,14.0,0.292824,-0.956166,0.0
4.42136,2.04489,4.0,0.292824,-0.956166,0.0
4.74571,2.14422,4.0,0.292824,-0.956166,0.0
4.74571,2.14422,14.0,0.450202,-0.892927,0.0
4.74571,2.14422,4.0,0.450202,-0.892927,0.0
5.04861,2.29694,14.0,0.450202,-0.892927,0.0
5.04861,2.29694,14.0,0.450202,-0.892927,0.0
4.74571,2.14422,4.0,0.450202,-0.892927,0.0
5.04861,2.29694,4.0,0.450202,-0.892927,0.0
5.04861,2.29694,14.0,0.594634,-0.803997,0.0
5.04861,2.29694,4.0,0.594634,-0.803997,0.0
5.32135,2.49866,14.0,0.594634,-0.803997,0.0
5.32135,2.49866,14.0,0.594634,-0.803997,0.0
5.04861,2.29694,4.0,0.594634,-0.803997,0.0
5.32135,2.49866,4.0,0.594634,-0.803997,0.0
5.32135,2.49866,14.0,0.721956,-0.691939,0.0
5.32135,2.49866,4.0,0.721956,-0.691939,0.0
5.55607,2.74356,14.0,0.721956,-0.691939,0.0
5.55607,2.74356,14.0,0.721956,-0.691939,0.0
5.32135,2.49866,4.0,0.721956,-0.691939,0.0
5.55607,2.74356,4.0,0.721956,-0.691939,0.0
5.55607,2.74356,14.0,0.82851,-0.559975,0.0
5.55607,2.74356,4.0,0.82851,-0.559975,0.0
5.74603,3.02461,14.0,0.82851,-0.559975,0.0
5.74603,3.02461,14.0,0.82851,-0.559975,0.0
5.55607,2.74356,4.0,0.82851,-0.559975,0.0
5.74603,3.02461,4.0,0.82851,-0.559975,0.0
5.74603,3.02461,14.0,0.911229,-0.411901,0.0
5.74603,3.02461,4.0,0.911229,-0.411901,0.0
5.88576,3.33372,14.0,0.911229,-0.411901,0.0
5.88576,3.33372,14.0,0.911229,-0.411901,0.0
5.74603,3.02461,4.0,0.911229,-0.411901,0.0
5.88576,3.33372,4.0,0.911229,-0.411901,0.0
5.88576,3.33372,14.0,0.967733,-0.251978,0.0
5.88576,3.33372,4.0,0.967733,-0.251978,0.0
5.97123,3.662,14.0,0.967733,-0.251978,0.0
5.97123,3.662,14.0,0.967733,-0.251978,0.0
5.88576,3.33372,4.0,0.967733,-0.251978,0.0
5.97123,3.662,4.0,0.967733,-0.251978,0.0
5.97123,3.662,14.0,0.996398,-0.0848056,0.0
5.97123,3.662,4.0,0.996398,-0.0848056,0.0
6.0,4.0,14.0,0.996398,-0.0848056,0.0
6.0,4.0,14.0,0.996398,-0.0848056,0.0
5.97123,3.662,4.0,0.996398,-0.0848056,0.0
6.0,4.0,4.0,0.996398,-0.0848056,0.0
6.0,4.0,14.0,0.996398,0.0848056,0.0
6.0,4.0,4.0,0.996398,0.0848056,0.0
5.97123,4.338,14.0,0.996398,0.0848056,0.0
5.97123,4.338,14.0,0.996398,0.0848056,0.0
6.0,4.0,4.0,0.996398,0.0848056,0.0
5.97123,4.338,4.0,0.996398,0.0848056,0.0
