4326.66,3593.0,4700.68,0.0,1.0,0.0
4187.24,3593.0,4738.04,0.0,1.0,0.0
4428.72,3593.0,4802.74,0.0,1.0,0.0
4428.72,3593.0,4802.74,0.0,1.0,0.0
4187.24,3593.0,4738.04,0.0,1.0,0.0
4149.88,3593.0,4877.46,0.0,1.0,0.0
4428.72,3593.0,4802.74,0.0,1.0,0.0
4149.88,3593.0,4877.46,0.0,1.0,0.0
4391.36,3593.0,4942.16,0.0,1.0,0.0
4391.36,3593.0,4942.16,0.0,1.0,0.0
4149.88,3593.0,4877.46,0.0,1.0,0.0
4251.94,3593.0,4979.52,0.0,1.0,0.0
4326.66,3593.0,4700.68,0.258813,0.0,0.965928
4326.66,3718.0,4700.68,0.258813,0.0,0.965928
4187.24,3593.0,4738.04,0.258813,0.0,0.965928
4187.24,3593.0,4738.04,0.258813,0.0,0.965928
4326.66,3718.0,4700.68,0.258813,0.0,0.965928
4187.24,3718.0,4738.04,0.258813,0.0,0.965928
4428.72,3593.0,4802.74,-0.707105,0.0,0.707108
4428.72,3718.0,4802.74,-0.707105,0.0,0.707108
4326.66,3593.0,4700.68,-0.707105,0.0,0.707108
4326.66,3593.0,4700.68,-0.707105,0.0,0.707108
4428.72,3718.0,4802.74,-0.707105,0.0,0.707108
4326.66,3718.0,4700.68,-0.707105,0.0,0.707108
4391.36,3593.0,4942.16,-0.965927,0.0,-0.258815
4391.36,3718.0,4942.16,-0.965927,0.0,-0.258815
4428.72,3593.0,4802.74,-0.965927,0.0,-0.258815
4428.72,3593.0,4802.74,-0.965927,0.0,-0.258815
4391.36,3718.0,4942.16,-0.965927,0.0,-0.258815
4428.72,3718.0,4802.74,-0.965927,0.0,-0.258815
4251.94,3593.0,4979.52,-0.258812,0.0,-0.965928
4251.94,3718.0,4979.52,-0.258812,0.0,-0.965928
4391.36,3593.0,4942.16,-0.258812,0.0,-0.965928
4391.36,3593.0,4942.16,-0.258812,0.0,-0.965928
4251.94,3718.0,4979.52,-0.258812,0.0,-0.965928
4391.36,3718.0,4942.16,-0.258812,0.0,-0.965928
4149.88,3593.0,4877.46,0.707108,0.0,-0.707105
4149.88,3718.0,4877.46,0.707108,0.0,-0.707105
4251.94,3593.0,4979.52,0.707108,0.0,-0.707105
4251.94,3593.0,4979.52,0.707108,0.0,-0.707105
4149.88,3718.0,4877.46,0.707108,0.0,-0.707105
4251.94,3718.0,4979.52,0.707108,0.0,-0.707105
4187.24,3593.0,4738.04,0.965928,0.0,0.258812
4187.24,3718.0,4738.04,0.965928,0.0,0.258812
4149.88,3593.0,4877.46,0.965928,0.0,0.258812
4149.88,3593.0,4877.46,0.965928,0.0,0.258812
4187.24,3718.0,4738.04,0.965928,0.0,0.258812
4149.88,3718.0,4877.46,0.965928,0.0,0.258812
4187.24,3718.0,4738.04,0.0,1.0,0.0
4161.77,3718.0,4702.65,0.0,1.0,0.0
4142.71,3718.0,4723.2,0.0,1.0,0.0
4207.95,3718.0,5009.03,0.0,1.0,0.0
4234.03,3718.0,5019.27,0.0,1.0,0.0
4251.94,3718.0,4979.52,0.0,1.0,0.0
4251.94,3718.0,4979.52,0.0,1.0,0.0
4234.03,3718.0,5019.27,0.0,1.0,0.0
4261.35,3718.0,5025.51,0.0,1.0,0.0
4251.94,3718.0,4979.52,0.0,1.0,0.0
4261.35,3718.0,5025.51,0.0,1.0,0.0
4289.3,3718.0,5027.6,0.0,1.0,0.0
4114.76,3718.0,4908.6,0.0,1.0,0.0
4149.88,3718.0,4877.46,0.0,1.0,0.0
4106.5,3718.0,4881.82,0.0,1.0,0.0
4106.5,3718.0,4881.82,0.0,1.0,0.0
4149.88,3718.0,4877.46,0.0,1.0,0.0
4102.32,3718.0,4826.09,0.0,1.0,0.0
4106.5,3718.0,4881.82,0.0,1.0,0.0
4102.32,3718.0,4826.09,0.0,1.0,0.0
4102.32,3718.0,4854.11,0.0,1.0,0.0
4370.65,3718.0,4671.17,0.0,1.0,0.0
4344.57,3718.0,4660.93,0.0,1.0,0.0
4326.66,3718.0,4700.68,0.0,1.0,0.0
4326.66,3718.0,4700.68,0.0,1.0,0.0
4344.57,3718.0,4660.93,0.0,1.0,0.0
4317.25,3718.0,4654.69,0.0,1.0,0.0
4326.66,3718.0,4700.68,0.0,1.0,0.0
4317.25,3718.0,4654.69,0.0,1.0,0.0
4289.3,3718.0,4652.6,0.0,1.0,0.0
4370.65,3718.0,5009.03,0.0,1.0,0.0
4391.36,3718.0,4942.16,0.0,1.0,0.0
4344.57,3718.0,5019.27,0.0,1.0,0.0
4344.57,3718.0,5019.27,0.0,1.0,0.0
4391.36,3718.0,4942.16,0.0,1.0,0.0
4251.94,3718.0,4979.52,0.0,1.0,0.0
4344.57,3718.0,5019.27,0.0,1.0,0.0
4251.94,3718.0,4979.52,0.0,1.0,0.0
4317.25,3718.0,5025.51,0.0,1.0,0.0
4317.25,3718.0,5025.51,0.0,1.0,0.0
4251.94,3718.0,4979.52,0.0,1.0,0.0
4289.3,3718.0,5027.6,0.0,1.0,0.0
4183.68,3718.0,4995.02,0.0,1.0,0.0
4207.95,3718.0,5009.03,0.0,1.0,0.0
4161.77,3718.0,4977.55,0.0,1.0,0.0
4161.77,3718.0,4977.55,0.0,1.0,0.0
4207.95,3718.0,5009.03,0.0,1.0,0.0
4251.94,3718.0,4979.52,0.0,1.0,0.0
4161.77,3718.0,4977.55,0.0,1.0,0.0
4251.94,3718.0,4979.52,0.0,1.0,0.0
4142.71,3718.0,4957.0,0.0,1.0,0.0
4142.71,3718.0,4957.0,0.0,1.0,0.0
4251.94,3718.0,4979.52,0.0,1.0,0.0
4149.88,3718.0,4877.46,0.0,1.0,0.0
4142.71,3718.0,4957.0,0.0,1.0,0.0
4149.88,3718.0,4877.46,0.0,1.0,0.0
4126.92,3718.0,4933.85,0.0,1.0,0.0
4126.92,3718.0,4933.85,0.0,1.0,0.0
4149.88,3718.0,4877.46,0.0,1.0,0.0
4114.76,3718.0,4908.6,0.0,1.0,0.0
4142.71,3718.0,4723.2,0.0,1.0,0.0
4126.92,3718.0,4746.35,0.0,1.0,0.0
4187.24,3718.0,4738.04,0.0,1.0,0.0
4187.24,3718.0,4738.04,0.0,1.0,0.0
4126.92,3718.0,4746.35,0.0,1.0,0.0
4114.76,3718.0,4771.6,0.0,1.0,0.0
4187.24,3718.0,4738.04,0.0,1.0,0.0
4114.76,3718.0,4771.6,0.0,1.0,0.0
4149.88,3718.0,4877.46,0.0,1.0,0.0
4149.88,3718.0,4877.46,0.0,1.0,0.0
4114.76,3718.0,4771.6,0.0,1.0,0.0
4106.5,3718.0,4798.38,0.0,1.0,0.0
4149.88,3718.0,4877.46,0.0,1.0,0.0
4106.5,3718.0,4798.38,0.0,1.0,0.0
4102.32,3718.0,4826.09,0.0,1.0,0.0
4183.68,3718.0,4685.18,0.0,1.0,0.0
4161.77,3718.0,4702.65,0.0,1.0,0.0
4207.95,3718.0,4671.17,0.0,1.0,0.0
4207.95,3718.0,4671.17,0.0,1.0,0.0
4161.77,3718.0,4702.65,0.0,1.0,0.0
4187.24,3718.0,4738.04,0.0,1.0,0.0
4207.95,3718.0,4671.17,0.0,1.0,0.0
4187.24,3718.0,4738.04,0.0,1.0,0.0
4234.03,3718.0,4660.93,0.0,1.0,0.0
4234.03,3718.0,4660.93,0.0,1.0,0.0
4187.24,3718.0,4738.04,0.0,1.0,0.0
4326.66,3718.0,4700.68,0.0,1.0,0.0
4234.03,3718.0,4660.93,0.0,1.0,0.0
4326.66,3718.0,4700.68,0.0,1.0,0.0
4261.35,3718.0,4654.69,0.0,1.0,0.0
4261.35,3718.0,4654.69,0.0,1.0,0.0
4326.66,3718.0,4700.68,0.0,1.0,0.0
4289.3,3718.0,4652.6,0.0,1.0,0.0
4435.89,3718.0,4957.0,0.0,1.0,0.0
4391.36,3718.0,4942.16,0.0,1.0,0.0
4416.83,3718.0,4977.55,0.0,1.0,0.0
4416.83,3718.0,4977.55,0.0,1.0,0.0
4391.36,3718.0,4942.16,0.0,1.0,0.0
4370.65,3718.0,5009.03,0.0,1.0,0.0
4416.83,3718.0,4977.55,0.0,1.0,0.0
4370.65,3718.0,5009.03,0.0,1.0,0.0
4394.92,3718.0,4995.02,0.0,1.0,0.0
4463.84,3718.0,4771.6,0.0,1.0,0.0
4428.72,3718.0,4802.74,0.0,1.0,0.0
4472.1,3718.0,4798.38,0.0,1.0,0.0
4472.1,3718.0,4798.38,0.0,1.0,0.0
4428.72,3718.0,4802.74,0.0,1.0,0.0
4476.28,3718.0,4854.11,0.0,1.0,0.0
4472.1,3718.0,4798.38,0.0,1.0,0.0
4476.28,3718.0,4854.11,0.0,1.0,0.0
4476.28,3718.0,4826.09,0.0,1.0,0.0
4394.92,3718.0,4685.18,0.0,1.0,0.0
4370.65,3718.0,4671.17,0.0,1.0,0.0
4416.83,3718.0,4702.65,0.0,1.0,0.0
4416.83,3718.0,4702.65,0.0,1.0,0.0
4370.65,3718.0,4671.17,0.0,1.0,0.0
4326.66,3718.0,4700.68,0.0,1.0,0.0
4416.83,3718.0,4702.65,0.0,1.0,0.0
4326.66,3718.0,4700.68,0.0,1.0,0.0
4435.89,3718.0,4723.2,0.0,1.0,0.0
4435.89,3718.0,4723.2,0.0,1.0,0.0
4326.66,3718.0,4700.68,0.0,1.0,0.0
4428.72,3718.0,4802.74,0.0,1.0,0.0
4435.89,3718.0,4723.2,0.0,1.0,0.0
4428.72,3718.0,4802.74,0.0,1.0,0.0
4451.68,3718.0,4746.35,0.0,1.0,0.0
4451.68,3718.0,4746.35,0.0,1.0,0.0
4428.72,3718.0,4802.74,0.0,1.0,0.0
4463.84,3718.0,4771.6,0.0,1.0,0.0
4435.89,3718.0,4957.0,0.0,1.0,0.0
4451.68,3718.0,4933.85,0.0,1.0,0.0
4391.36,3718.0,4942.16,0.0,1.0,0.0
4391.36,3718.0,4942.16,0.0,1.0,0.0
4451.68,3718.0,4933.85,0.0,1.0,0.0
4463.84,3718.0,4908.6,0.0,1.0,0.0
4391.36,3718.0,4942.16,0.0,1.0,0.0
4463.84,3718.0,4908.6,0.0,1.0,0.0
4428.72,3718.0,4802.74,0.0,1.0,0.0
4428.72,3718.0,4802.74,0.0,1.0,0.0
4463.84,3718.0,4908.6,0.0,1.0,0.0
4472.1,3718.0,4881.82,0.0,1.0,0.0
4428.72,3718.0,4802.74,0.0,1.0,0.0
4472.1,3718.0,4881.82,0.0,1.0,0.0
4476.28,3718.0,4854.11,0.0,1.0,0.0
4317.25,3468.0,4654.69,0.222535,0.0,-0.974925
4317.25,3718.0,4654.69,0.222535,0.0,-0.974925
4344.57,3468.0,4660.93,0.222535,0.0,-0.974925
4344.57,3468.0,4660.93,0.222535,0.0,-0.974925
4317.25,3718.0,4654.69,0.222535,0.0,-0.974925
4344.57,3718.0,4660.93,0.222535,0.0,-0.974925
4344.57,3468.0,4660.93,0.365345,0.0,-0.930872
4344.57,3718.0,4660.93,0.365345,0.0,-0.930872
4370.65,3468.0,4671.17,0.365345,0.0,-0.930872
4370.65,3468.0,4671.17,0.365345,0.0,-0.930872
4344.57,3718.0,4660.93,0.365345,0.0,-0.930872
4370.65,3718.0,4671.17,0.365345,0.0,-0.930872
4370.65,3468.0,4671.17,0.499992,0.0,-0.86603
4370.65,3718.0,4671.17,0.499992,0.0,-0.86603
4394.92,3468.0,4685.18,0.499992,0.0,-0.86603
4394.92,3468.0,4685.18,0.499992,0.0,-0.86603
4370.65,3718.0,4671.17,0.499992,0.0,-0.86603
4394.92,3718.0,4685.18,0.499992,0.0,-0.86603
4394.92,3468.0,4685.18,0.623496,0.0,-0.781827
4394.92,3718.0,4685.18,0.623496,0.0,-0.781827
4416.83,3468.0,4702.65,0.623496,0.0,-0.781827
4416.83,3468.0,4702.65,0.623496,0.0,-0.781827
4394.92,3718.0,4685.18,0.623496,0.0,-0.781827
4416.83,3718.0,4702.65,0.623496,0.0,-0.781827
4416.83,3468.0,4702.65,0.733045,0.0,-0.68018
4416.83,3718.0,4702.65,0.733045,0.0,-0.68018
4435.89,3468.0,4723.2,0.733045,0.0,-0.68018
4435.89,3468.0,4723.2,0.733045,0.0,-0.68018
4416.83,3718.0,4702.65,0.733045,0.0,-0.68018
4435.89,3718.0,4723.2,0.733045,0.0,-0.68018
4435.89,3468.0,4723.2,0.826242,0.0,-0.563315
4435.89,3718.0,4723.2,0.826242,0.0,-0.563315
4451.68,3468.0,4746.35,0.826242,0.0,-0.563315
4451.68,3468.0,4746.35,0.826242,0.0,-0.563315
4435.89,3718.0,4723.2,0.826242,0.0,-0.563315
4451.68,3718.0,4746.35,0.826242,0.0,-0.563315
4451.68,3468.0,4746.35,0.900967,0.0,-0.433887
4451.68,3718.0,4746.35,0.900967,0.0,-0.433887
4463.84,3468.0,4771.6,0.900967,0.0,-0.433887
4463.84,3468.0,4771.6,0.900967,0.0,-0.433887
4451.68,3718.0,4746.35,0.900967,0.0,-0.433887
4463.84,3718.0,4771.6,0.900967,0.0,-0.433887
4463.84,3468.0,4771.6,0.955578,0.0,-0.294737
4463.84,3718.0,4771.6,0.955578,0.0,-0.294737
4472.1,3468.0,4798.38,0.955578,0.0,-0.294737
4472.1,3468.0,4798.38,0.955578,0.0,-0.294737
4463.84,3718.0,4771.6,0.955578,0.0,-0.294737
4472.1,3718.0,4798.38,0.955578,0.0,-0.294737
4472.1,3468.0,4798.38,0.988828,0.0,-0.149062
4472.1,3718.0,4798.38,0.988828,0.0,-0.149062
4476.28,3468.0,4826.09,0.988828,0.0,-0.149062
4476.28,3468.0,4826.09,0.988828,0.0,-0.149062
4472.1,3718.0,4798.38,0.988828,0.0,-0.149062
4476.28,3718.0,4826.09,0.988828,0.0,-0.149062
4476.28,3468.0,4826.09,1.0,0.0,0.0
4476.28,3718.0,4826.09,1.0,0.0,0.0
4476.28,3468.0,4854.11,1.0,0.0,0.0
4476.28,3468.0,4854.11,1.0,0.0,0.0
4476.28,3718.0,4826.09,1.0,0.0,0.0
4476.28,3718.0,4854.11,1.0,0.0,0.0
4476.28,3468.0,4854.11,0.988828,0.0,0.14906
4476.28,3718.0,4854.11,0.988828,0.0,0.14906
4472.1,3468.0,4881.82,0.988828,0.0,0.14906
4472.1,3468.0,4881.82,0.988828,0.0,0.14906
4476.28,3718.0,4854.11,0.988828,0.0,0.14906
4472.1,3718.0,4881.82,0.988828,0.0,0.14906
4472.1,3468.0,4881.82,0.955575,0.0,0.294747
4472.1,3718.0,4881.82,0.955575,0.0,0.294747
4463.84,3468.0,4908.6,0.955575,0.0,0.294747
4463.84,3468.0,4908.6,0.955575,0.0,0.294747
4472.1,3718.0,4881.82,0.955575,0.0,0.294747
4463.84,3718.0,4908.6,0.955575,0.0,0.294747
4463.84,3468.0,4908.6,0.900967,0.0,0.433887
4463.84,3718.0,4908.6,0.900967,0.0,0.433887
4451.68,3468.0,4933.85,0.900967,0.0,0.433887
4451.68,3468.0,4933.85,0.900967,0.0,0.433887
4463.84,3718.0,4908.6,0.900967,0.0,0.433887
4451.68,3718.0,4933.85,0.900967,0.0,0.433887
4451.68,3468.0,4933.85,0.826248,0.0,0.563307
4451.68,3718.0,4933.85,0.826248,0.0,0.563307
4435.89,3468.0,4957.0,0.826248,0.0,0.563307
4435.89,3468.0,4957.0,0.826248,0.0,0.563307
4451.68,3718.0,4933.85,0.826248,0.0,0.563307
4435.89,3718.0,4957.0,0.826248,0.0,0.563307
4435.89,3468.0,4957.0,0.733053,0.0,0.680172
4435.89,3718.0,4957.0,0.733053,0.0,0.680172
4416.83,3468.0,4977.55,0.733053,0.0,0.680172
4416.83,3468.0,4977.55,0.733053,0.0,0.680172
4435.89,3718.0,4957.0,0.733053,0.0,0.680172
4416.83,3718.0,4977.55,0.733053,0.0,0.680172
4416.83,3468.0,4977.55,0.623496,0.0,0.781827
4416.83,3718.0,4977.55,0.623496,0.0,0.781827
4394.92,3468.0,4995.02,0.623496,0.0,0.781827
4394.92,3468.0,4995.02,0.623496,0.0,0.781827
4416.83,3718.0,4977.55,0.623496,0.0,0.781827
4394.92,3718.0,4995.02,0.623496,0.0,0.781827
4394.92,3468.0,4995.02,0.499992,0.0,0.86603
4394.92,3718.0,4995.02,0.499992,0.0,0.86603
4370.65,3468.0,5009.03,0.499992,0.0,0.86603
4370.65,3468.0,5009.03,0.499992,0.0,0.86603
4394.92,3718.0,4995.02,0.499992,0.0,0.86603
4370.65,3718.0,5009.03,0.499992,0.0,0.86603
4370.65,3468.0,5009.03,0.365345,0.0,0.930872
4370.65,3718.0,5009.03,0.365345,0.0,0.930872
4344.57,3468.0,5019.27,0.365345,0.0,0.930872
4344.57,3468.0,5019.27,0.365345,0.0,0.930872
4370.65,3718.0,5009.03,0.365345,0.0,0.930872
4344.57,3718.0,5019.27,0.365345,0.0,0.930872
4344.57,3468.0,5019.27,0.222502,0.0,0.974932
4344.57,3718.0,5019.27,0.222502,0.0,0.974932
4317.25,3468.0,5025.51,0.222502,0.0,0.974932
4317.25,3468.0,5025.51,0.222502,0.0,0.974932
4344.57,3718.0,5019.27,0.222502,0.0,0.974932
4317.25,3718.0,5025.51,0.222502,0.0,0.974932
4317.25,3468.0,5025.51,0.0747297,0.0,0.997204
4317.25,3718.0,5025.51,0.0747297,0.0,0.997204
4289.3,3468.0,5027.6,0.0747297,0.0,0.997204
4289.3,3468.0,5027.6,0.0747297,0.0,0.997204
4317.25,3718.0,5025.51,0.0747297,0.0,0.997204
4289.3,3718.0,5027.6,0.0747297,0.0,0.997204
4289.3,3468.0,5027.6,-0.074731,0.0,0.997204
4289.3,3718.0,5027.6,-0.074731,0.0,0.997204
4261.35,3468.0,5025.51,-0.074731,0.0,0.997204
4261.35,3468.0,5025.51,-0.074731,0.0,0.997204
4289.3,3718.0,5027.6,-0.074731,0.0,0.997204
4261.35,3718.0,5025.51,-0.074731,0.0,0.997204
4261.35,3468.0,5025.51,-0.222506,0.0,0.974931
4261.35,3718.0,5025.51,-0.222506,0.0,0.974931
4234.03,3468.0,5019.27,-0.222506,0.0,0.974931
4234.03,3468.0,5019.27,-0.222506,0.0,0.974931
4261.35,3718.0,5025.51,-0.222506,0.0,0.974931
4234.03,3718.0,5019.27,-0.222506,0.0,0.974931
4234.03,3468.0,5019.27,-0.365339,0.0,0.930875
4234.03,3718.0,5019.27,-0.365339,0.0,0.930875
4207.95,3468.0,5009.03,-0.365339,0.0,0.930875
4207.95,3468.0,5009.03,-0.365339,0.0,0.930875
4234.03,3718.0,5019.27,-0.365339,0.0,0.930875
4207.95,3718.0,5009.03,-0.365339,0.0,0.930875
4207.95,3468.0,5009.03,-0.499999,0.0,0.866026
4207.95,3718.0,5009.03,-0.499999,0.0,0.866026
4183.68,3468.0,4995.02,-0.499999,0.0,0.866026
4183.68,3468.0,4995.02,-0.499999,0.0,0.866026
4207.95,3718.0,5009.03,-0.499999,0.0,0.866026
4183.68,3718.0,4995.02,-0.499999,0.0,0.866026
4183.68,3468.0,4995.02,-0.623487,0.0,0.781833
4183.68,3718.0,4995.02,-0.623487,0.0,0.781833
4161.77,3468.0,4977.55,-0.623487,0.0,0.781833
4161.77,3468.0,4977.55,-0.623487,0.0,0.781833
4183.68,3718.0,4995.02,-0.623487,0.0,0.781833
4161.77,3718.0,4977.55,-0.623487,0.0,0.781833
4161.77,3468.0,4977.55,-0.733053,0.0,0.680172
4161.77,3718.0,4977.55,-0.733053,0.0,0.680172
4142.71,3468.0,4957.0,-0.733053,0.0,0.680172
4142.71,3468.0,4957.0,-0.733053,0.0,0.680172
4161.77,3718.0,4977.55,-0.733053,0.0,0.680172
4142.71,3718.0,4957.0,-0.733053,0.0,0.680172
4142.71,3468.0,4957.0,-0.826248,0.0,0.563307
4142.71,3718.0,4957.0,-0.826248,0.0,0.563307
4126.92,3468.0,4933.85,-0.826248,0.0,0.563307
4126.92,3468.0,4933.85,-0.826248,0.0,0.563307
4142.71,3718.0,4957.0,-0.826248,0.0,0.563307
4126.92,3718.0,4933.85,-0.826248,0.0,0.563307
4126.92,3468.0,4933.85,-0.900967,0.0,0.433887
4126.92,3718.0,4933.85,-0.900967,0.0,0.433887
4114.76,3468.0,4908.6,-0.900967,0.0,0.433887
4114.76,3468.0,4908.6,-0.900967,0.0,0.433887
4126.92,3718.0,4933.85,-0.900967,0.0,0.433887
4114.76,3718.0,4908.6,-0.900967,0.0,0.433887
4114.76,3468.0,4908.6,-0.95557,0.0,0.294763
4114.76,3718.0,4908.6,-0.95557,0.0,0.294763
4106.5,3468.0,4881.82,-0.95557,0.0,0.294763
4106.5,3468.0,4881.82,-0.95557,0.0,0.294763
4114.76,3718.0,4908.6,-0.95557,0.0,0.294763
4106.5,3718.0,4881.82,-0.95557,0.0,0.294763
4106.5,3468.0,4881.82,-0.988833,0.0,0.149025
4106.5,3718.0,4881.82,-0.988833,0.0,0.149025
4102.32,3468.0,4854.11,-0.988833,0.0,0.149025
4102.32,3468.0,4854.11,-0.988833,0.0,0.149025
4106.5,3718.0,4881.82,-0.988833,0.0,0.149025
4102.32,3718.0,4854.11,-0.988833,0.0,0.149025
4102.32,3468.0,4854.11,-1.0,0.0,0.0
4102.32,3718.0,4854.11,-1.0,0.0,0.0
4102.32,3468.0,4826.09,-1.0,0.0,0.0
4102.32,3468.0,4826.09,-1.0,0.0,0.0
4102.32,3718.0,4854.11,-1.0,0.0,0.0
4102.32,3718.0,4826.09,-1.0,0.0,0.0
4102.32,3468.0,4826.09,-0.988833,0.0,-0.149028
4102.32,3718.0,4826.09,-0.988833,0.0,-0.149028
4106.5,3468.0,4798.38,-0.988833,0.0,-0.149028
4106.5,3468.0,4798.38,-0.988833,0.0,-0.149028
4102.32,3718.0,4826.09,-0.988833,0.0,-0.149028
4106.5,3718.0,4798.38,-0.988833,0.0,-0.149028
4106.5,3468.0,4798.38,-0.955573,0.0,-0.294753
4106.5,3718.0,4798.38,-0.955573,0.0,-0.294753
4114.76,3468.0,4771.6,-0.955573,0.0,-0.294753
4114.76,3468.0,4771.6,-0.955573,0.0,-0.294753
4106.5,3718.0,4798.38,-0.955573,0.0,-0.294753
4114.76,3718.0,4771.6,-0.955573,0.0,-0.294753
4114.76,3468.0,4771.6,-0.900967,0.0,-0.433887
4114.76,3718.0,4771.6,-0.900967,0.0,-0.433887
4126.92,3468.0,4746.35,-0.900967,0.0,-0.433887
4126.92,3468.0,4746.35,-0.900967,0.0,-0.433887
4114.76,3718.0,4771.6,-0.900967,0.0,-0.433887
4126.92,3718.0,4746.35,-0.900967,0.0,-0.433887
4126.92,3468.0,4746.35,-0.826242,0.0,-0.563315
4126.92,3718.0,4746.35,-0.826242,0.0,-0.563315
4142.71,3468.0,4723.2,-0.826242,0.0,-0.563315
4142.71,3468.0,4723.2,-0.826242,0.0,-0.563315
4126.92,3718.0,4746.35,-0.826242,0.0,-0.563315
4142.71,3718.0,4723.2,-0.826242,0.0,-0.563315
4142.71,3468.0,4723.2,-0.733045,0.0,-0.68018
4142.71,3718.0,4723.2,-0.733045,0.0,-0.68018
4161.77,3468.0,4702.65,-0.733045,0.0,-0.68018
4161.77,3468.0,4702.65,-0.733045,0.0,-0.68018
4142.71,3718.0,4723.2,-0.733045,0.0,-0.68018
4161.77,3718.0,4702.65,-0.733045,0.0,-0.68018
4161.77,3468.0,4702.65,-0.623487,0.0,-0.781833
4161.77,3718.0,4702.65,-0.623487,0.0,-0.781833
4183.68,3468.0,4685.18,-0.623487,0.0,-0.781833
4183.68,3468.0,4685.18,-0.623487,0.0,-0.781833
4161.77,3718.0,4702.65,-0.623487,0.0,-0.781833
4183.68,3718.0,4685.18,-0.623487,0.0,-0.781833
4183.68,3468.0,4685.18,-0.499999,0.0,-0.866026
4183.68,3718.0,4685.18,-0.499999,0.0,-0.866026
4207.95,3468.0,4671.17,-0.499999,0.0,-0.866026
4207.95,3468.0,4671.17,-0.499999,0.0,-0.866026
4183.68,3718.0,4685.18,-0.499999,0.0,-0.866026
4207.95,3718.0,4671.17,-0.499999,0.0,-0.866026
4207.95,3468.0,4671.17,-0.365339,0.0,-0.930875
4207.95,3718.0,4671.17,-0.365339,0.0,-0.930875
4234.03,3468.0,4660.93,-0.365339,0.0,-0.930875
4234.03,3468.0,4660.93,-0.365339,0.0,-0.930875
4207.95,3718.0,4671.17,-0.365339,0.0,-0.930875
4234.03,3718.0,4660.93,-0.365339,0.0,-0.930875
4234.03,3468.0,4660.93,-0.222539,0.0,-0.974924
4234.03,3718.0,4660.93,-0.222539,0.0,-0.974924
4261.35,3468.0,4654.69,-0.222539,0.0,-0.974924
4261.35,3468.0,4654.69,-0.222539,0.0,-0.974924
4234.03,3718.0,4660.93,-0.222539,0.0,-0.974924
4261.35,3718.0,4654.69,-0.222539,0.0,-0.974924
4261.35,3468.0,4654.69,-0.074731,0.0,-0.997204
4261.35,3718.0,4654.69,-0.074731,0.0,-0.997204
4289.3,3468.0,4652.6,-0.074731,0.0,-0.997204
4289.3,3468.0,4652.6,-0.074731,0.0,-0.997204
4261.35,3718.0,4654.69,-0.074731,0.0,-0.997204
4289.3,3718.0,4652.6,-0.074731,0.0,-0.997204
4289.3,3468.0,4652.6,0.0747297,0.0,-0.997204
4289.3,3718.0,4652.6,0.0747297,0.0,-0.997204
4317.25,3468.0,4654.69,0.0747297,0.0,-0.997204
4317.25,3468.0,4654.69,0.0747297,0.0,-0.997204
4289.3,3718.0,4652.6,0.0747297,0.0,-0.997204
4317.25,3718.0,4654.69,0.0747297,0.0,-0.997204
4299.9,3468.0,4964.65,0.0,-1.0,0.0
4289.3,3468.0,5027.6,0.0,-1.0,0.0
4278.7,3468.0,4964.65,0.0,-1.0,0.0
4278.7,3468.0,4964.65,0.0,-1.0,0.0
4289.3,3468.0,5027.6,0.0,-1.0,0.0
4261.35,3468.0,5025.51,0.0,-1.0,0.0
4278.7,3468.0,4964.65,0.0,-1.0,0.0
4261.35,3468.0,5025.51,0.0,-1.0,0.0
4257.8,3468.0,4961.07,0.0,-1.0,0.0
4257.8,3468.0,4961.07,0.0,-1.0,0.0
4261.35,3468.0,5025.51,0.0,-1.0,0.0
4234.03,3468.0,5019.27,0.0,-1.0,0.0
4257.8,3468.0,4961.07,0.0,-1.0,0.0
4234.03,3468.0,5019.27,0.0,-1.0,0.0
4237.81,3468.0,4954.0,0.0,-1.0,0.0
4237.81,3468.0,4954.0,0.0,-1.0,0.0
4234.03,3468.0,5019.27,0.0,-1.0,0.0
4207.95,3468.0,5009.03,0.0,-1.0,0.0
4237.81,3468.0,4954.0,0.0,-1.0,0.0
4207.95,3468.0,5009.03,0.0,-1.0,0.0
4219.3,3468.0,4943.66,0.0,-1.0,0.0
4219.3,3468.0,4943.66,0.0,-1.0,0.0
4207.95,3468.0,5009.03,0.0,-1.0,0.0
4183.68,3468.0,4995.02,0.0,-1.0,0.0
4219.3,3468.0,4943.66,0.0,-1.0,0.0
4183.68,3468.0,4995.02,0.0,-1.0,0.0
4202.81,3468.0,4930.34,0.0,-1.0,0.0
4202.81,3468.0,4930.34,0.0,-1.0,0.0
4183.68,3468.0,4995.02,0.0,-1.0,0.0
4161.77,3468.0,4977.55,0.0,-1.0,0.0
4202.81,3468.0,4930.34,0.0,-1.0,0.0
4161.77,3468.0,4977.55,0.0,-1.0,0.0
4188.8,3468.0,4914.43,0.0,-1.0,0.0
4188.8,3468.0,4914.43,0.0,-1.0,0.0
4161.77,3468.0,4977.55,0.0,-1.0,0.0
4142.71,3468.0,4957.0,0.0,-1.0,0.0
4188.8,3468.0,4914.43,0.0,-1.0,0.0
4142.71,3468.0,4957.0,0.0,-1.0,0.0
4177.68,3468.0,4896.38,0.0,-1.0,0.0
4142.71,3468.0,4957.0,0.0,-1.0,0.0
4126.92,3468.0,4933.85,0.0,-1.0,0.0
4177.68,3468.0,4896.38,0.0,-1.0,0.0
4177.68,3468.0,4896.38,0.0,-1.0,0.0
4126.92,3468.0,4933.85,0.0,-1.0,0.0
4114.76,3468.0,4908.6,0.0,-1.0,0.0
4177.68,3468.0,4896.38,0.0,-1.0,0.0
4114.76,3468.0,4908.6,0.0,-1.0,0.0
4169.78,3468.0,4876.7,0.0,-1.0,0.0
4169.78,3468.0,4876.7,0.0,-1.0,0.0
4114.76,3468.0,4908.6,0.0,-1.0,0.0
4106.5,3468.0,4881.82,0.0,-1.0,0.0
4169.78,3468.0,4876.7,0.0,-1.0,0.0
4106.5,3468.0,4881.82,0.0,-1.0,0.0
4165.31,3468.0,4855.98,0.0,-1.0,0.0
4165.31,3468.0,4855.98,0.0,-1.0,0.0
4106.5,3468.0,4881.82,0.0,-1.0,0.0
4102.32,3468.0,4854.11,0.0,-1.0,0.0
4165.31,3468.0,4855.98,0.0,-1.0,0.0
4102.32,3468.0,4854.11,0.0,-1.0,0.0
4164.41,3468.0,4834.79,0.0,-1.0,0.0
4164.41,3468.0,4834.79,0.0,-1.0,0.0
4102.32,3468.0,4854.11,0.0,-1.0,0.0
4102.32,3468.0,4826.09,0.0,-1.0,0.0
4164.41,3468.0,4834.79,0.0,-1.0,0.0
4102.32,3468.0,4826.09,0.0,-1.0,0.0
4167.11,3468.0,4813.77,0.0,-1.0,0.0
4167.11,3468.0,4813.77,0.0,-1.0,0.0
4102.32,3468.0,4826.09,0.0,-1.0,0.0
4106.5,3468.0,4798.38,0.0,-1.0,0.0
4167.11,3468.0,4813.77,0.0,-1.0,0.0
4106.5,3468.0,4798.38,0.0,-1.0,0.0
4173.31,3468.0,4793.49,0.0,-1.0,0.0
4173.31,3468.0,4793.49,0.0,-1.0,0.0
4106.5,3468.0,4798.38,0.0,-1.0,0.0
4114.76,3468.0,4771.6,0.0,-1.0,0.0
4173.31,3468.0,4793.49,0.0,-1.0,0.0
4114.76,3468.0,4771.6,0.0,-1.0,0.0
4182.86,3468.0,4774.56,0.0,-1.0,0.0
4182.86,3468.0,4774.56,0.0,-1.0,0.0
4114.76,3468.0,4771.6,0.0,-1.0,0.0
4126.92,3468.0,4746.35,0.0,-1.0,0.0
4182.86,3468.0,4774.56,0.0,-1.0,0.0
4126.92,3468.0,4746.35,0.0,-1.0,0.0
4195.47,3468.0,4757.52,0.0,-1.0,0.0
4195.47,3468.0,4757.52,0.0,-1.0,0.0
4126.92,3468.0,4746.35,0.0,-1.0,0.0
4142.71,3468.0,4723.2,0.0,-1.0,0.0
4195.47,3468.0,4757.52,0.0,-1.0,0.0
4142.71,3468.0,4723.2,0.0,-1.0,0.0
4210.77,3468.0,4742.85,0.0,-1.0,0.0
4142.71,3468.0,4723.2,0.0,-1.0,0.0
4161.77,3468.0,4702.65,0.0,-1.0,0.0
4210.77,3468.0,4742.85,0.0,-1.0,0.0
4210.77,3468.0,4742.85,0.0,-1.0,0.0
4161.77,3468.0,4702.65,0.0,-1.0,0.0
4183.68,3468.0,4685.18,0.0,-1.0,0.0
4210.77,3468.0,4742.85,0.0,-1.0,0.0
4183.68,3468.0,4685.18,0.0,-1.0,0.0
4228.34,3468.0,4730.97,0.0,-1.0,0.0
4228.34,3468.0,4730.97,0.0,-1.0,0.0
4183.68,3468.0,4685.18,0.0,-1.0,0.0
4207.95,3468.0,4671.17,0.0,-1.0,0.0
4228.34,3468.0,4730.97,0.0,-1.0,0.0
4207.95,3468.0,4671.17,0.0,-1.0,0.0
4247.66,3468.0,4722.24,0.0,-1.0,0.0
4247.66,3468.0,4722.24,0.0,-1.0,0.0
4207.95,3468.0,4671.17,0.0,-1.0,0.0
4234.03,3468.0,4660.93,0.0,-1.0,0.0
4247.66,3468.0,4722.24,0.0,-1.0,0.0
4234.03,3468.0,4660.93,0.0,-1.0,0.0
4268.18,3468.0,4716.9,0.0,-1.0,0.0
4268.18,3468.0,4716.9,0.0,-1.0,0.0
4234.03,3468.0,4660.93,0.0,-1.0,0.0
4261.35,3468.0,4654.69,0.0,-1.0,0.0
4268.18,3468.0,4716.9,0.0,-1.0,0.0
4261.35,3468.0,4654.69,0.0,-1.0,0.0
4289.3,3468.0,4715.1,0.0,-1.0,0.0
4289.3,3468.0,4715.1,0.0,-1.0,0.0
4261.35,3468.0,4654.69,0.0,-1.0,0.0
4289.3,3468.0,4652.6,0.0,-1.0,0.0
4289.3,3468.0,4715.1,0.0,-1.0,0.0
4289.3,3468.0,4652.6,0.0,-1.0,0.0
4310.43,3468.0,4716.9,0.0,-1.0,0.0
4310.43,3468.0,4716.9,0.0,-1.0,0.0
4289.3,3468.0,4652.6,0.0,-1.0,0.0
4317.25,3468.0,4654.69,0.0,-1.0,0.0
4310.43,3468.0,4716.9,0.0,-1.0,0.0
4317.25,3468.0,4654.69,0.0,-1.0,0.0
4330.94,3468.0,4722.24,0.0,-1.0,0.0
4330.94,3468.0,4722.24,0.0,-1.0,0.0
4317.25,3468.0,4654.69,0.0,-1.0,0.0
4344.57,3468.0,4660.93,0.0,-1.0,0.0
4330.94,3468.0,4722.24,0.0,-1.0,0.0
4344.57,3468.0,4660.93,0.0,-1.0,0.0
4350.26,3468.0,4730.97,0.0,-1.0,0.0
4408.82,3468.0,4876.7,0.0,-1.0,0.0
4463.84,3468.0,4908.6,0.0,-1.0,0.0
4400.92,3468.0,4896.38,0.0,-1.0,0.0
4400.92,3468.0,4896.38,0.0,-1.0,0.0
4463.84,3468.0,4908.6,0.0,-1.0,0.0
4451.68,3468.0,4933.85,0.0,-1.0,0.0
4400.92,3468.0,4896.38,0.0,-1.0,0.0
4451.68,3468.0,4933.85,0.0,-1.0,0.0
4389.8,3468.0,4914.43,0.0,-1.0,0.0
4389.8,3468.0,4914.43,0.0,-1.0,0.0
4451.68,3468.0,4933.85,0.0,-1.0,0.0
4435.89,3468.0,4957.0,0.0,-1.0,0.0
4389.8,3468.0,4914.43,0.0,-1.0,0.0
4435.89,3468.0,4957.0,0.0,-1.0,0.0
4375.79,3468.0,4930.34,0.0,-1.0,0.0
4375.79,3468.0,4930.34,0.0,-1.0,0.0
4435.89,3468.0,4957.0,0.0,-1.0,0.0
4416.83,3468.0,4977.55,0.0,-1.0,0.0
4375.79,3468.0,4930.34,0.0,-1.0,0.0
4416.83,3468.0,4977.55,0.0,-1.0,0.0
4359.3,3468.0,4943.66,0.0,-1.0,0.0
4359.3,3468.0,4943.66,0.0,-1.0,0.0
4416.83,3468.0,4977.55,0.0,-1.0,0.0
4394.92,3468.0,4995.02,0.0,-1.0,0.0
4359.3,3468.0,4943.66,0.0,-1.0,0.0
4394.92,3468.0,4995.02,0.0,-1.0,0.0
4340.79,3468.0,4954.0,0.0,-1.0,0.0
4340.79,3468.0,4954.0,0.0,-1.0,0.0
4394.92,3468.0,4995.02,0.0,-1.0,0.0
4370.65,3468.0,5009.03,0.0,-1.0,0.0
4340.79,3468.0,4954.0,0.0,-1.0,0.0
4370.65,3468.0,5009.03,0.0,-1.0,0.0
4320.8,3468.0,4961.07,0.0,-1.0,0.0
4320.8,3468.0,4961.07,0.0,-1.0,0.0
4370.65,3468.0,5009.03,0.0,-1.0,0.0
4344.57,3468.0,5019.27,0.0,-1.0,0.0
4320.8,3468.0,4961.07,0.0,-1.0,0.0
4344.57,3468.0,5019.27,0.0,-1.0,0.0
4299.9,3468.0,4964.65,0.0,-1.0,0.0
4299.9,3468.0,4964.65,0.0,-1.0,0.0
4344.57,3468.0,5019.27,0.0,-1.0,0.0
4317.25,3468.0,5025.51,0.0,-1.0,0.0
4299.9,3468.0,4964.65,0.0,-1.0,0.0
4317.25,3468.0,5025.51,0.0,-1.0,0.0
4289.3,3468.0,5027.6,0.0,-1.0,0.0
4344.57,3468.0,4660.93,0.0,-1.0,0.0
4370.65,3468.0,4671.17,0.0,-1.0,0.0
4350.26,3468.0,4730.97,0.0,-1.0,0.0
4350.26,3468.0,4730.97,0.0,-1.0,0.0
4370.65,3468.0,4671.17,0.0,-1.0,0.0
4394.92,3468.0,4685.18,0.0,-1.0,0.0
4350.26,3468.0,4730.97,0.0,-1.0,0.0
4394.92,3468.0,4685.18,0.0,-1.0,0.0
4367.83,3468.0,4742.85,0.0,-1.0,0.0
4367.83,3468.0,4742.85,0.0,-1.0,0.0
4394.92,3468.0,4685.18,0.0,-1.0,0.0
4416.83,3468.0,4702.65,0.0,-1.0,0.0
4367.83,3468.0,4742.85,0.0,-1.0,0.0
4416.83,3468.0,4702.65,0.0,-1.0,0.0
4383.13,3468.0,4757.52,0.0,-1.0,0.0
4383.13,3468.0,4757.52,0.0,-1.0,0.0
4416.83,3468.0,4702.65,0.0,-1.0,0.0
4435.89,3468.0,4723.2,0.0,-1.0,0.0
4383.13,3468.0,4757.52,0.0,-1.0,0.0
4435.89,3468.0,4723.2,0.0,-1.0,0.0
4395.74,3468.0,4774.56,0.0,-1.0,0.0
4395.74,3468.0,4774.56,0.0,-1.0,0.0
4435.89,3468.0,4723.2,0.0,-1.0,0.0
4451.68,3468.0,4746.35,0.0,-1.0,0.0
4395.74,3468.0,4774.56,0.0,-1.0,0.0
4451.68,3468.0,4746.35,0.0,-1.0,0.0
4405.29,3468.0,4793.49,0.0,-1.0,0.0
4405.29,3468.0,4793.49,0.0,-1.0,0.0
4451.68,3468.0,4746.35,0.0,-1.0,0.0
4463.84,3468.0,4771.6,0.0,-1.0,0.0
4405.29,3468.0,4793.49,0.0,-1.0,0.0
4463.84,3468.0,4771.6,0.0,-1.0,0.0
4411.49,3468.0,4813.77,0.0,-1.0,0.0
4411.49,3468.0,4813.77,0.0,-1.0,0.0
4463.84,3468.0,4771.6,0.0,-1.0,0.0
4472.1,3468.0,4798.38,0.0,-1.0,0.0
4411.49,3468.0,4813.77,0.0,-1.0,0.0
4472.1,3468.0,4798.38,0.0,-1.0,0.0
4414.19,3468.0,4834.79,0.0,-1.0,0.0
4414.19,3468.0,4834.79,0.0,-1.0,0.0
4472.1,3468.0,4798.38,0.0,-1.0,0.0
4476.28,3468.0,4826.09,0.0,-1.0,0.0
4414.19,3468.0,4834.79,0.0,-1.0,0.0
4476.28,3468.0,4826.09,0.0,-1.0,0.0
4413.29,3468.0,4855.98,0.0,-1.0,0.0
4413.29,3468.0,4855.98,0.0,-1.0,0.0
4476.28,3468.0,4826.09,0.0,-1.0,0.0
4476.28,3468.0,4854.11,0.0,-1.0,0.0
4413.29,3468.0,4855.98,0.0,-1.0,0.0
4476.28,3468.0,4854.11,0.0,-1.0,0.0
4408.82,3468.0,4876.7,0.0,-1.0,0.0
4408.82,3468.0,4876.7,0.0,-1.0,0.0
4476.28,3468.0,4854.11,0.0,-1.0,0.0
4472.1,3468.0,4881.82,0.0,-1.0,0.0
4408.82,3468.0,4876.7,0.0,-1.0,0.0
4472.1,3468.0,4881.82,0.0,-1.0,0.0
4463.84,3468.0,4908.6,0.0,-1.0,0.0
4367.83,2718.0,4742.85,0.0,-1.0,0.0
4383.13,2718.0,4757.52,0.0,-1.0,0.0
4188.8,2718.0,4914.43,0.0,-1.0,0.0
4359.3,2718.0,4943.66,0.0,-1.0,0.0
4340.79,2718.0,4954.0,0.0,-1.0,0.0
4383.13,2718.0,4757.52,0.0,-1.0,0.0
4188.8,2718.0,4914.43,0.0,-1.0,0.0
4177.68,2718.0,4896.38,0.0,-1.0,0.0
4289.3,2718.0,4715.1,0.0,-1.0,0.0
4289.3,2718.0,4715.1,0.0,-1.0,0.0
4177.68,2718.0,4896.38,0.0,-1.0,0.0
4169.78,2718.0,4876.7,0.0,-1.0,0.0
4350.26,2718.0,4730.97,0.0,-1.0,0.0
4367.83,2718.0,4742.85,0.0,-1.0,0.0
4330.94,2718.0,4722.24,0.0,-1.0,0.0
4330.94,2718.0,4722.24,0.0,-1.0,0.0
4367.83,2718.0,4742.85,0.0,-1.0,0.0
4188.8,2718.0,4914.43,0.0,-1.0,0.0
4330.94,2718.0,4722.24,0.0,-1.0,0.0
4188.8,2718.0,4914.43,0.0,-1.0,0.0
4310.43,2718.0,4716.9,0.0,-1.0,0.0
4310.43,2718.0,4716.9,0.0,-1.0,0.0
4188.8,2718.0,4914.43,0.0,-1.0,0.0
4289.3,2718.0,4715.1,0.0,-1.0,0.0
4383.13,2718.0,4757.52,0.0,-1.0,0.0
4395.74,2718.0,4774.56,0.0,-1.0,0.0
4408.82,2718.0,4876.7,0.0,-1.0,0.0
4408.82,2718.0,4876.7,0.0,-1.0,0.0
4395.74,2718.0,4774.56,0.0,-1.0,0.0
4405.29,2718.0,4793.49,0.0,-1.0,0.0
4408.82,2718.0,4876.7,0.0,-1.0,0.0
4405.29,2718.0,4793.49,0.0,-1.0,0.0
4413.29,2718.0,4855.98,0.0,-1.0,0.0
4413.29,2718.0,4855.98,0.0,-1.0,0.0
4405.29,2718.0,4793.49,0.0,-1.0,0.0
4411.49,2718.0,4813.77,0.0,-1.0,0.0
4413.29,2718.0,4855.98,0.0,-1.0,0.0
4411.49,2718.0,4813.77,0.0,-1.0,0.0
4414.19,2718.0,4834.79,0.0,-1.0,0.0
4375.79,2718.0,4930.34,0.0,-1.0,0.0
4359.3,2718.0,4943.66,0.0,-1.0,0.0
4389.8,2718.0,4914.43,0.0,-1.0,0.0
4389.8,2718.0,4914.43,0.0,-1.0,0.0
4359.3,2718.0,4943.66,0.0,-1.0,0.0
4383.13,2718.0,4757.52,0.0,-1.0,0.0
4389.8,2718.0,4914.43,0.0,-1.0,0.0
4383.13,2718.0,4757.52,0.0,-1.0,0.0
4400.92,2718.0,4896.38,0.0,-1.0,0.0
4400.92,2718.0,4896.38,0.0,-1.0,0.0
4383.13,2718.0,4757.52,0.0,-1.0,0.0
4408.82,2718.0,4876.7,0.0,-1.0,0.0
4340.79,2718.0,4954.0,0.0,-1.0,0.0
4320.8,2718.0,4961.07,0.0,-1.0,0.0
4383.13,2718.0,4757.52,0.0,-1.0,0.0
4383.13,2718.0,4757.52,0.0,-1.0,0.0
4320.8,2718.0,4961.07,0.0,-1.0,0.0
4299.9,2718.0,4964.65,0.0,-1.0,0.0
4383.13,2718.0,4757.52,0.0,-1.0,0.0
4299.9,2718.0,4964.65,0.0,-1.0,0.0
4278.7,2718.0,4964.65,0.0,-1.0,0.0
4195.47,2718.0,4757.52,0.0,-1.0,0.0
4210.77,2718.0,4742.85,0.0,-1.0,0.0
4182.86,2718.0,4774.56,0.0,-1.0,0.0
4182.86,2718.0,4774.56,0.0,-1.0,0.0
4210.77,2718.0,4742.85,0.0,-1.0,0.0
4169.78,2718.0,4876.7,0.0,-1.0,0.0
4268.18,2718.0,4716.9,0.0,-1.0,0.0
4289.3,2718.0,4715.1,0.0,-1.0,0.0
4247.66,2718.0,4722.24,0.0,-1.0,0.0
4247.66,2718.0,4722.24,0.0,-1.0,0.0
4289.3,2718.0,4715.1,0.0,-1.0,0.0
4169.78,2718.0,4876.7,0.0,-1.0,0.0
4247.66,2718.0,4722.24,0.0,-1.0,0.0
4169.78,2718.0,4876.7,0.0,-1.0,0.0
4228.34,2718.0,4730.97,0.0,-1.0,0.0
4228.34,2718.0,4730.97,0.0,-1.0,0.0
4169.78,2718.0,4876.7,0.0,-1.0,0.0
4210.77,2718.0,4742.85,0.0,-1.0,0.0
4202.81,2718.0,4930.34,0.0,-1.0,0.0
4188.8,2718.0,4914.43,0.0,-1.0,0.0
4219.3,2718.0,4943.66,0.0,-1.0,0.0
4219.3,2718.0,4943.66,0.0,-1.0,0.0
4188.8,2718.0,4914.43,0.0,-1.0,0.0
4383.13,2718.0,4757.52,0.0,-1.0,0.0
4219.3,2718.0,4943.66,0.0,-1.0,0.0
4383.13,2718.0,4757.52,0.0,-1.0,0.0
4237.81,2718.0,4954.0,0.0,-1.0,0.0
4237.81,2718.0,4954.0,0.0,-1.0,0.0
4383.13,2718.0,4757.52,0.0,-1.0,0.0
4278.7,2718.0,4964.65,0.0,-1.0,0.0
4237.81,2718.0,4954.0,0.0,-1.0,0.0
4278.7,2718.0,4964.65,0.0,-1.0,0.0
4257.8,2718.0,4961.07,0.0,-1.0,0.0
4173.31,2718.0,4793.49,0.0,-1.0,0.0
4182.86,2718.0,4774.56,0.0,-1.0,0.0
4167.11,2718.0,4813.77,0.0,-1.0,0.0
4167.11,2718.0,4813.77,0.0,-1.0,0.0
4182.86,2718.0,4774.56,0.0,-1.0,0.0
4169.78,2718.0,4876.7,0.0,-1.0,0.0
4167.11,2718.0,4813.77,0.0,-1.0,0.0
4169.78,2718.0,4876.7,0.0,-1.0,0.0
4164.41,2718.0,4834.79,0.0,-1.0,0.0
4164.41,2718.0,4834.79,0.0,-1.0,0.0
4169.78,2718.0,4876.7,0.0,-1.0,0.0
4165.31,2718.0,4855.98,0.0,-1.0,0.0
4310.43,2718.0,4716.9,0.251975,0.0,-0.967734
4310.43,3468.0,4716.9,0.251975,0.0,-0.967734
4330.94,2718.0,4722.24,0.251975,0.0,-0.967734
4330.94,2718.0,4722.24,0.251975,0.0,-0.967734
4310.43,3468.0,4716.9,0.251975,0.0,-0.967734
4330.94,3468.0,4722.24,0.251975,0.0,-0.967734
4330.94,2718.0,4722.24,0.411911,0.0,-0.911224
4330.94,3468.0,4722.24,0.411911,0.0,-0.911224
4350.26,2718.0,4730.97,0.411911,0.0,-0.911224
4350.26,2718.0,4730.97,0.411911,0.0,-0.911224
4330.94,3468.0,4722.24,0.411911,0.0,-0.911224
4350.26,3468.0,4730.97,0.411911,0.0,-0.911224
4350.26,2718.0,4730.97,0.559977,0.0,-0.828508
4350.26,3468.0,4730.97,0.559977,0.0,-0.828508
4367.83,2718.0,4742.85,0.559977,0.0,-0.828508
4367.83,2718.0,4742.85,0.559977,0.0,-0.828508
4350.26,3468.0,4730.97,0.559977,0.0,-0.828508
4367.83,3468.0,4742.85,0.559977,0.0,-0.828508
4367.83,2718.0,4742.85,0.691943,0.0,-0.721952
4367.83,3468.0,4742.85,0.691943,0.0,-0.721952
4383.13,2718.0,4757.52,0.691943,0.0,-0.721952
4383.13,2718.0,4757.52,0.691943,0.0,-0.721952
4367.83,3468.0,4742.85,0.691943,0.0,-0.721952
4383.13,3468.0,4757.52,0.691943,0.0,-0.721952
4383.13,2718.0,4757.52,0.803989,0.0,-0.594644
4383.13,3468.0,4757.52,0.803989,0.0,-0.594644
4395.74,2718.0,4774.56,0.803989,0.0,-0.594644
4395.74,2718.0,4774.56,0.803989,0.0,-0.594644
4383.13,3468.0,4757.52,0.803989,0.0,-0.594644
4395.74,3468.0,4774.56,0.803989,0.0,-0.594644
4395.74,2718.0,4774.56,0.892925,0.0,-0.450205
4395.74,3468.0,4774.56,0.892925,0.0,-0.450205
4405.29,2718.0,4793.49,0.892925,0.0,-0.450205
4405.29,2718.0,4793.49,0.892925,0.0,-0.450205
4395.74,3468.0,4774.56,0.892925,0.0,-0.450205
4405.29,3468.0,4793.49,0.892925,0.0,-0.450205
4405.29,2718.0,4793.49,0.956172,0.0,-0.292807
4405.29,3468.0,4793.49,0.956172,0.0,-0.292807
4411.49,2718.0,4813.77,0.956172,0.0,-0.292807
4411.49,2718.0,4813.77,0.956172,0.0,-0.292807
4405.29,3468.0,4793.49,0.956172,0.0,-0.292807
4411.49,3468.0,4813.77,0.956172,0.0,-0.292807
4411.49,2718.0,4813.77,0.991898,0.0,-0.127036
4411.49,3468.0,4813.77,0.991898,0.0,-0.127036
4414.19,2718.0,4834.79,0.991898,0.0,-0.127036
4414.19,2718.0,4834.79,0.991898,0.0,-0.127036
4411.49,3468.0,4813.77,0.991898,0.0,-0.127036
4414.19,3468.0,4834.79,0.991898,0.0,-0.127036
4414.19,2718.0,4834.79,0.999099,0.0,0.0424457
4414.19,3468.0,4834.79,0.999099,0.0,0.0424457
4413.29,2718.0,4855.98,0.999099,0.0,0.0424457
4413.29,2718.0,4855.98,0.999099,0.0,0.0424457
4414.19,3468.0,4834.79,0.999099,0.0,0.0424457
4413.29,3468.0,4855.98,0.999099,0.0,0.0424457
4413.29,2718.0,4855.98,0.977554,0.0,0.210683
4413.29,3468.0,4855.98,0.977554,0.0,0.210683
4408.82,2718.0,4876.7,0.977554,0.0,0.210683
4408.82,2718.0,4876.7,0.977554,0.0,0.210683
4413.29,3468.0,4855.98,0.977554,0.0,0.210683
4408.82,3468.0,4876.7,0.977554,0.0,0.210683
4408.82,2718.0,4876.7,0.927888,0.0,0.372859
4408.82,3468.0,4876.7,0.927888,0.0,0.372859
4400.92,2718.0,4896.38,0.927888,0.0,0.372859
4400.92,2718.0,4896.38,0.927888,0.0,0.372859
4408.82,3468.0,4876.7,0.927888,0.0,0.372859
4400.92,3468.0,4896.38,0.927888,0.0,0.372859
4400.92,2718.0,4896.38,0.851537,0.0,0.524294
4400.92,3468.0,4896.38,0.851537,0.0,0.524294
4389.8,2718.0,4914.43,0.851537,0.0,0.524294
4389.8,2718.0,4914.43,0.851537,0.0,0.524294
4400.92,3468.0,4896.38,0.851537,0.0,0.524294
4389.8,3468.0,4914.43,0.851537,0.0,0.524294
4389.8,2718.0,4914.43,0.750675,0.0,0.660672
4389.8,3468.0,4914.43,0.750675,0.0,0.660672
4375.79,2718.0,4930.34,0.750675,0.0,0.660672
4375.79,2718.0,4930.34,0.750675,0.0,0.660672
4389.8,3468.0,4914.43,0.750675,0.0,0.660672
4375.79,3468.0,4930.34,0.750675,0.0,0.660672
4375.79,2718.0,4930.34,0.628208,0.0,0.778046
4375.79,3468.0,4930.34,0.628208,0.0,0.778046
4359.3,2718.0,4943.66,0.628208,0.0,0.778046
4359.3,2718.0,4943.66,0.628208,0.0,0.778046
4375.79,3468.0,4930.34,0.628208,0.0,0.778046
4359.3,3468.0,4943.66,0.628208,0.0,0.778046
4359.3,2718.0,4943.66,0.487703,0.0,0.87301
4359.3,3468.0,4943.66,0.487703,0.0,0.87301
4340.79,2718.0,4954.0,0.487703,0.0,0.87301
4340.79,2718.0,4954.0,0.487703,0.0,0.87301
4359.3,3468.0,4943.66,0.487703,0.0,0.87301
4340.79,3468.0,4954.0,0.487703,0.0,0.87301
4340.79,2718.0,4954.0,0.333153,0.0,0.942873
4340.79,3468.0,4954.0,0.333153,0.0,0.942873
4320.8,2718.0,4961.07,0.333153,0.0,0.942873
4320.8,2718.0,4961.07,0.333153,0.0,0.942873
4340.79,3468.0,4954.0,0.333153,0.0,0.942873
4320.8,3468.0,4961.07,0.333153,0.0,0.942873
4320.8,2718.0,4961.07,0.168994,0.0,0.985617
4320.8,3468.0,4961.07,0.168994,0.0,0.985617
4299.9,2718.0,4964.65,0.168994,0.0,0.985617
4299.9,2718.0,4964.65,0.168994,0.0,0.985617
4320.8,3468.0,4961.07,0.168994,0.0,0.985617
4299.9,3468.0,4964.65,0.168994,0.0,0.985617
4299.9,2718.0,4964.65,0.0,0.0,1.0
4299.9,3468.0,4964.65,0.0,0.0,1.0
4278.7,2718.0,4964.65,0.0,0.0,1.0
4278.7,2718.0,4964.65,0.0,0.0,1.0
4299.9,3468.0,4964.65,0.0,0.0,1.0
4278.7,3468.0,4964.65,0.0,0.0,1.0
4278.7,2718.0,4964.65,-0.168998,0.0,0.985616
4278.7,3468.0,4964.65,-0.168998,0.0,0.985616
4257.8,2718.0,4961.07,-0.168998,0.0,0.985616
4257.8,2718.0,4961.07,-0.168998,0.0,0.985616
4278.7,3468.0,4964.65,-0.168998,0.0,0.985616
4257.8,3468.0,4961.07,-0.168998,0.0,0.985616
4257.8,2718.0,4961.07,-0.33316,0.0,0.94287
4257.8,3468.0,4961.07,-0.33316,0.0,0.94287
4237.81,2718.0,4954.0,-0.33316,0.0,0.94287
4237.81,2718.0,4954.0,-0.33316,0.0,0.94287
4257.8,3468.0,4961.07,-0.33316,0.0,0.94287
4237.81,3468.0,4954.0,-0.33316,0.0,0.94287
4237.81,2718.0,4954.0,-0.487693,0.0,0.873015
4237.81,3468.0,4954.0,-0.487693,0.0,0.873015
4219.3,2718.0,4943.66,-0.487693,0.0,0.873015
4219.3,2718.0,4943.66,-0.487693,0.0,0.873015
4237.81,3468.0,4954.0,-0.487693,0.0,0.873015
4219.3,3468.0,4943.66,-0.487693,0.0,0.873015
4219.3,2718.0,4943.66,-0.628208,0.0,0.778046
4219.3,3468.0,4943.66,-0.628208,0.0,0.778046
4202.81,2718.0,4930.34,-0.628208,0.0,0.778046
4202.81,2718.0,4930.34,-0.628208,0.0,0.778046
4219.3,3468.0,4943.66,-0.628208,0.0,0.778046
4202.81,3468.0,4930.34,-0.628208,0.0,0.778046
4202.81,2718.0,4930.34,-0.750675,0.0,0.660672
4202.81,3468.0,4930.34,-0.750675,0.0,0.660672
4188.8,2718.0,4914.43,-0.750675,0.0,0.660672
4188.8,2718.0,4914.43,-0.750675,0.0,0.660672
4202.81,3468.0,4930.34,-0.750675,0.0,0.660672
4188.8,3468.0,4914.43,-0.750675,0.0,0.660672
4188.8,2718.0,4914.43,-0.851527,0.0,0.524311
4188.8,3468.0,4914.43,-0.851527,0.0,0.524311
4177.68,2718.0,4896.38,-0.851527,0.0,0.524311
4177.68,2718.0,4896.38,-0.851527,0.0,0.524311
4188.8,3468.0,4914.43,-0.851527,0.0,0.524311
4177.68,3468.0,4896.38,-0.851527,0.0,0.524311
4177.68,2718.0,4896.38,-0.927896,0.0,0.37284
4177.68,3468.0,4896.38,-0.927896,0.0,0.37284
4169.78,2718.0,4876.7,-0.927896,0.0,0.37284
4169.78,2718.0,4876.7,-0.927896,0.0,0.37284
4177.68,3468.0,4896.38,-0.927896,0.0,0.37284
4169.78,3468.0,4876.7,-0.927896,0.0,0.37284
4169.78,2718.0,4876.7,-0.977554,0.0,0.210683
4169.78,3468.0,4876.7,-0.977554,0.0,0.210683
4165.31,2718.0,4855.98,-0.977554,0.0,0.210683
4165.31,2718.0,4855.98,-0.977554,0.0,0.210683
4169.78,3468.0,4876.7,-0.977554,0.0,0.210683
4165.31,3468.0,4855.98,-0.977554,0.0,0.210683
4165.31,2718.0,4855.98,-0.999099,0.0,0.0424457
4165.31,3468.0,4855.98,-0.999099,0.0,0.0424457
4164.41,2718.0,4834.79,-0.999099,0.0,0.0424457
4164.41,2718.0,4834.79,-0.999099,0.0,0.0424457
4165.31,3468.0,4855.98,-0.999099,0.0,0.0424457
4164.41,3468.0,4834.79,-0.999099,0.0,0.0424457
4164.41,2718.0,4834.79,-0.991901,0.0,-0.127013
4164.41,3468.0,4834.79,-0.991901,0.0,-0.127013
4167.11,2718.0,4813.77,-0.991901,0.0,-0.127013
4167.11,2718.0,4813.77,-0.991901,0.0,-0.127013
4164.41,3468.0,4834.79,-0.991901,0.0,-0.127013
4167.11,3468.0,4813.77,-0.991901,0.0,-0.127013
4167.11,2718.0,4813.77,-0.956165,0.0,-0.292828
4167.11,3468.0,4813.77,-0.956165,0.0,-0.292828
4173.31,2718.0,4793.49,-0.956165,0.0,-0.292828
4173.31,2718.0,4793.49,-0.956165,0.0,-0.292828
4167.11,3468.0,4813.77,-0.956165,0.0,-0.292828
4173.31,3468.0,4793.49,-0.956165,0.0,-0.292828
4173.31,2718.0,4793.49,-0.892925,0.0,-0.450205
4173.31,3468.0,4793.49,-0.892925,0.0,-0.450205
4182.86,2718.0,4774.56,-0.892925,0.0,-0.450205
4182.86,2718.0,4774.56,-0.892925,0.0,-0.450205
4173.31,3468.0,4793.49,-0.892925,0.0,-0.450205
4182.86,3468.0,4774.56,-0.892925,0.0,-0.450205
4182.86,2718.0,4774.56,-0.804,0.0,-0.594629
4182.86,3468.0,4774.56,-0.804,0.0,-0.594629
4195.47,2718.0,4757.52,-0.804,0.0,-0.594629
4195.47,2718.0,4757.52,-0.804,0.0,-0.594629
4182.86,3468.0,4774.56,-0.804,0.0,-0.594629
4195.47,3468.0,4757.52,-0.804,0.0,-0.594629
4195.47,2718.0,4757.52,-0.691931,0.0,-0.721963
4195.47,3468.0,4757.52,-0.691931,0.0,-0.721963
4210.77,2718.0,4742.85,-0.691931,0.0,-0.721963
4210.77,2718.0,4742.85,-0.691931,0.0,-0.721963
4195.47,3468.0,4757.52,-0.691931,0.0,-0.721963
4210.77,3468.0,4742.85,-0.691931,0.0,-0.721963
4210.77,2718.0,4742.85,-0.559977,0.0,-0.828508
4210.77,3468.0,4742.85,-0.559977,0.0,-0.828508
4228.34,2718.0,4730.97,-0.559977,0.0,-0.828508
4228.34,2718.0,4730.97,-0.559977,0.0,-0.828508
4210.77,3468.0,4742.85,-0.559977,0.0,-0.828508
4228.34,3468.0,4730.97,-0.559977,0.0,-0.828508
4228.34,2718.0,4730.97,-0.411911,0.0,-0.911224
4228.34,3468.0,4730.97,-0.411911,0.0,-0.911224
4247.66,2718.0,4722.24,-0.411911,0.0,-0.911224
4247.66,2718.0,4722.24,-0.411911,0.0,-0.911224
4228.34,3468.0,4730.97,-0.411911,0.0,-0.911224
4247.66,3468.0,4722.24,-0.411911,0.0,-0.911224
4247.66,2718.0,4722.24,-0.251969,0.0,-0.967735
4247.66,3468.0,4722.24,-0.251969,0.0,-0.967735
4268.18,2718.0,4716.9,-0.251969,0.0,-0.967735
4268.18,2718.0,4716.9,-0.251969,0.0,-0.967735
4247.66,3468.0,4722.24,-0.251969,0.0,-0.967735
4268.18,3468.0,4716.9,-0.251969,0.0,-0.967735
4268.18,2718.0,4716.9,-0.0848237,0.0,-0.996396
4268.18,3468.0,4716.9,-0.0848237,0.0,-0.996396
4289.3,2718.0,4715.1,-0.0848237,0.0,-0.996396
4289.3,2718.0,4715.1,-0.0848237,0.0,-0.996396
4268.18,3468.0,4716.9,-0.0848237,0.0,-0.996396
4289.3,3468.0,4715.1,-0.0848237,0.0,-0.996396
4289.3,2718.0,4715.1,0.0848198,0.0,-0.996396
4289.3,3468.0,4715.1,0.0848198,0.0,-0.996396
4310.43,2718.0,4716.9,0.0848198,0.0,-0.996396
4310.43,2718.0,4716.9,0.0848198,0.0,-0.996396
4289.3,3468.0,4715.1,0.0848198,0.0,-0.996396
4310.43,3468.0,4716.9,0.0848198,0.0,-0.996396
