48.0797,125.0,5451.66,0.0,-1.0,0.0
85.4363,125.0,5312.24,0.0,-1.0,0.0
150.144,125.0,5553.72,0.0,-1.0,0.0
150.144,125.0,5553.72,0.0,-1.0,0.0
85.4363,125.0,5312.24,0.0,-1.0,0.0
224.857,125.0,5274.88,0.0,-1.0,0.0
150.144,125.0,5553.72,0.0,-1.0,0.0
224.857,125.0,5274.88,0.0,-1.0,0.0
289.564,125.0,5516.36,0.0,-1.0,0.0
289.564,125.0,5516.36,0.0,-1.0,0.0
224.857,125.0,5274.88,0.0,-1.0,0.0
326.92,125.0,5376.94,0.0,-1.0,0.0
48.0797,125.0,5451.66,0.965927,0.0,0.258814
48.0797,0.0,5451.66,0.965927,0.0,0.258814
85.4363,125.0,5312.24,0.965927,0.0,0.258814
85.4363,125.0,5312.24,0.965927,0.0,0.258814
48.0797,0.0,5451.66,0.965927,0.0,0.258814
85.4363,0.0,5312.24,0.965927,0.0,0.258814
150.144,125.0,5553.72,0.707109,0.0,-0.707105
150.144,0.0,5553.72,0.707109,0.0,-0.707105
48.0797,125.0,5451.66,0.707109,0.0,-0.707105
48.0797,125.0,5451.66,0.707109,0.0,-0.707105
150.144,0.0,5553.72,0.707109,0.0,-0.707105
48.0797,0.0,5451.66,0.707109,0.0,-0.707105
289.564,125.0,5516.36,-0.258815,0.0,-0.965927
289.564,0.0,5516.36,-0.258815,0.0,-0.965927
150.144,125.0,5553.72,-0.258815,0.0,-0.965927
150.144,125.0,5553.72,-0.258815,0.0,-0.965927
289.564,0.0,5516.36,-0.258815,0.0,-0.965927
150.144,0.0,5553.72,-0.258815,0.0,-0.965927
326.92,125.0,5376.94,-0.965928,0.0,-0.258811
326.92,0.0,5376.94,-0.965928,0.0,-0.258811
289.564,125.0,5516.36,-0.965928,0.0,-0.258811
289.564,125.0,5516.36,-0.965928,0.0,-0.258811
326.92,0.0,5376.94,-0.965928,0.0,-0.258811
289.564,0.0,5516.36,-0.965928,0.0,-0.258811
224.857,125.0,5274.88,-0.707106,0.0,0.707107
224.857,0.0,5274.88,-0.707106,0.0,0.707107
326.92,125.0,5376.94,-0.707106,0.0,0.707107
326.92,125.0,5376.94,-0.707106,0.0,0.707107
224.857,0.0,5274.88,-0.707106,0.0,0.707107
326.92,0.0,5376.94,-0.707106,0.0,0.707107
85.4363,125.0,5312.24,0.258812,0.0,0.965928
85.4363,0.0,5312.24,0.258812,0.0,0.965928
224.857,125.0,5274.88,0.258812,0.0,0.965928
224.857,125.0,5274.88,0.258812,0.0,0.965928
85.4363,0.0,5312.24,0.258812,0.0,0.965928
224.857,0.0,5274.88,0.258812,0.0,0.965928
349.88,0.0,5508.05,0.0,-1.0,0.0
334.094,0.0,5531.2,0.0,-1.0,0.0
315.032,0.0,5551.75,0.0,-1.0,0.0
59.9678,0.0,5276.85,0.0,-1.0,0.0
81.8775,0.0,5259.38,0.0,-1.0,0.0
85.4363,0.0,5312.24,0.0,-1.0,0.0
85.4363,0.0,5312.24,0.0,-1.0,0.0
81.8775,0.0,5259.38,0.0,-1.0,0.0
106.147,0.0,5245.37,0.0,-1.0,0.0
187.5,0.0,5226.8,0.0,-1.0,0.0
224.857,0.0,5274.88,0.0,-1.0,0.0
159.555,0.0,5228.89,0.0,-1.0,0.0
159.555,0.0,5228.89,0.0,-1.0,0.0
224.857,0.0,5274.88,0.0,-1.0,0.0
85.4363,0.0,5312.24,0.0,-1.0,0.0
159.555,0.0,5228.89,0.0,-1.0,0.0
85.4363,0.0,5312.24,0.0,-1.0,0.0
132.233,0.0,5235.13,0.0,-1.0,0.0
132.233,0.0,5235.13,0.0,-1.0,0.0
85.4363,0.0,5312.24,0.0,-1.0,0.0
106.147,0.0,5245.37,0.0,-1.0,0.0
48.0797,0.0,5451.66,0.0,-1.0,0.0
4.70114,0.0,5456.02,0.0,-1.0,0.0
0.524282,0.0,5428.31,0.0,-1.0,0.0
326.92,0.0,5376.94,0.0,-1.0,0.0
370.299,0.0,5372.58,0.0,-1.0,0.0
374.476,0.0,5400.29,0.0,-1.0,0.0
268.853,0.0,5245.37,0.0,-1.0,0.0
224.857,0.0,5274.88,0.0,-1.0,0.0
242.767,0.0,5235.13,0.0,-1.0,0.0
242.767,0.0,5235.13,0.0,-1.0,0.0
224.857,0.0,5274.88,0.0,-1.0,0.0
187.5,0.0,5226.8,0.0,-1.0,0.0
242.767,0.0,5235.13,0.0,-1.0,0.0
187.5,0.0,5226.8,0.0,-1.0,0.0
215.446,0.0,5228.89,0.0,-1.0,0.0
40.9067,0.0,5297.4,0.0,-1.0,0.0
59.9678,0.0,5276.85,0.0,-1.0,0.0
25.1203,0.0,5320.55,0.0,-1.0,0.0
25.1203,0.0,5320.55,0.0,-1.0,0.0
59.9678,0.0,5276.85,0.0,-1.0,0.0
85.4363,0.0,5312.24,0.0,-1.0,0.0
25.1203,0.0,5320.55,0.0,-1.0,0.0
85.4363,0.0,5312.24,0.0,-1.0,0.0
12.9611,0.0,5345.8,0.0,-1.0,0.0
12.9611,0.0,5345.8,0.0,-1.0,0.0
85.4363,0.0,5312.24,0.0,-1.0,0.0
48.0797,0.0,5451.66,0.0,-1.0,0.0
12.9611,0.0,5345.8,0.0,-1.0,0.0
48.0797,0.0,5451.66,0.0,-1.0,0.0
4.70114,0.0,5372.58,0.0,-1.0,0.0
4.70114,0.0,5372.58,0.0,-1.0,0.0
48.0797,0.0,5451.66,0.0,-1.0,0.0
0.524282,0.0,5428.31,0.0,-1.0,0.0
4.70114,0.0,5372.58,0.0,-1.0,0.0
0.524282,0.0,5428.31,0.0,-1.0,0.0
0.524282,0.0,5400.29,0.0,-1.0,0.0
150.144,0.0,5553.72,0.0,-1.0,0.0
132.233,0.0,5593.47,0.0,-1.0,0.0
106.147,0.0,5583.23,0.0,-1.0,0.0
349.88,0.0,5508.05,0.0,-1.0,0.0
289.564,0.0,5516.36,0.0,-1.0,0.0
362.039,0.0,5482.8,0.0,-1.0,0.0
362.039,0.0,5482.8,0.0,-1.0,0.0
289.564,0.0,5516.36,0.0,-1.0,0.0
326.92,0.0,5376.94,0.0,-1.0,0.0
362.039,0.0,5482.8,0.0,-1.0,0.0
326.92,0.0,5376.94,0.0,-1.0,0.0
370.299,0.0,5456.02,0.0,-1.0,0.0
370.299,0.0,5456.02,0.0,-1.0,0.0
326.92,0.0,5376.94,0.0,-1.0,0.0
374.476,0.0,5400.29,0.0,-1.0,0.0
370.299,0.0,5456.02,0.0,-1.0,0.0
374.476,0.0,5400.29,0.0,-1.0,0.0
374.476,0.0,5428.31,0.0,-1.0,0.0
362.039,0.0,5345.8,0.0,-1.0,0.0
370.299,0.0,5372.58,0.0,-1.0,0.0
349.88,0.0,5320.55,0.0,-1.0,0.0
349.88,0.0,5320.55,0.0,-1.0,0.0
370.299,0.0,5372.58,0.0,-1.0,0.0
326.92,0.0,5376.94,0.0,-1.0,0.0
349.88,0.0,5320.55,0.0,-1.0,0.0
326.92,0.0,5376.94,0.0,-1.0,0.0
334.094,0.0,5297.4,0.0,-1.0,0.0
334.094,0.0,5297.4,0.0,-1.0,0.0
326.92,0.0,5376.94,0.0,-1.0,0.0
224.857,0.0,5274.88,0.0,-1.0,0.0
334.094,0.0,5297.4,0.0,-1.0,0.0
224.857,0.0,5274.88,0.0,-1.0,0.0
315.032,0.0,5276.85,0.0,-1.0,0.0
315.032,0.0,5276.85,0.0,-1.0,0.0
224.857,0.0,5274.88,0.0,-1.0,0.0
268.853,0.0,5245.37,0.0,-1.0,0.0
315.032,0.0,5276.85,0.0,-1.0,0.0
268.853,0.0,5245.37,0.0,-1.0,0.0
293.123,0.0,5259.38,0.0,-1.0,0.0
12.9611,0.0,5482.8,0.0,-1.0,0.0
4.70114,0.0,5456.02,0.0,-1.0,0.0
25.1203,0.0,5508.05,0.0,-1.0,0.0
25.1203,0.0,5508.05,0.0,-1.0,0.0
4.70114,0.0,5456.02,0.0,-1.0,0.0
48.0797,0.0,5451.66,0.0,-1.0,0.0
25.1203,0.0,5508.05,0.0,-1.0,0.0
48.0797,0.0,5451.66,0.0,-1.0,0.0
40.9067,0.0,5531.2,0.0,-1.0,0.0
40.9067,0.0,5531.2,0.0,-1.0,0.0
48.0797,0.0,5451.66,0.0,-1.0,0.0
150.144,0.0,5553.72,0.0,-1.0,0.0
40.9067,0.0,5531.2,0.0,-1.0,0.0
150.144,0.0,5553.72,0.0,-1.0,0.0
59.9678,0.0,5551.75,0.0,-1.0,0.0
59.9678,0.0,5551.75,0.0,-1.0,0.0
150.144,0.0,5553.72,0.0,-1.0,0.0
106.147,0.0,5583.23,0.0,-1.0,0.0
59.9678,0.0,5551.75,0.0,-1.0,0.0
106.147,0.0,5583.23,0.0,-1.0,0.0
81.8775,0.0,5569.22,0.0,-1.0,0.0
349.88,0.0,5508.05,0.0,-1.0,0.0
315.032,0.0,5551.75,0.0,-1.0,0.0
289.564,0.0,5516.36,0.0,-1.0,0.0
289.564,0.0,5516.36,0.0,-1.0,0.0
315.032,0.0,5551.75,0.0,-1.0,0.0
293.123,0.0,5569.22,0.0,-1.0,0.0
289.564,0.0,5516.36,0.0,-1.0,0.0
293.123,0.0,5569.22,0.0,-1.0,0.0
268.853,0.0,5583.23,0.0,-1.0,0.0
159.555,0.0,5599.71,0.0,-1.0,0.0
132.233,0.0,5593.47,0.0,-1.0,0.0
187.5,0.0,5601.8,0.0,-1.0,0.0
187.5,0.0,5601.8,0.0,-1.0,0.0
132.233,0.0,5593.47,0.0,-1.0,0.0
150.144,0.0,5553.72,0.0,-1.0,0.0
187.5,0.0,5601.8,0.0,-1.0,0.0
150.144,0.0,5553.72,0.0,-1.0,0.0
215.446,0.0,5599.71,0.0,-1.0,0.0
215.446,0.0,5599.71,0.0,-1.0,0.0
150.144,0.0,5553.72,0.0,-1.0,0.0
289.564,0.0,5516.36,0.0,-1.0,0.0
215.446,0.0,5599.71,0.0,-1.0,0.0
289.564,0.0,5516.36,0.0,-1.0,0.0
242.767,0.0,5593.47,0.0,-1.0,0.0
242.767,0.0,5593.47,0.0,-1.0,0.0
289.564,0.0,5516.36,0.0,-1.0,0.0
268.853,0.0,5583.23,0.0,-1.0,0.0
215.446,250.0,5599.71,0.222504,0.0,0.974932
215.446,0.0,5599.71,0.222504,0.0,0.974932
242.767,250.0,5593.47,0.222504,0.0,0.974932
242.767,250.0,5593.47,0.222504,0.0,0.974932
215.446,0.0,5599.71,0.222504,0.0,0.974932
242.767,0.0,5593.47,0.222504,0.0,0.974932
242.767,250.0,5593.47,0.365358,0.0,0.930867
242.767,0.0,5593.47,0.365358,0.0,0.930867
268.853,250.0,5583.23,0.365358,0.0,0.930867
268.853,250.0,5583.23,0.365358,0.0,0.930867
242.767,0.0,5593.47,0.365358,0.0,0.930867
268.853,0.0,5583.23,0.365358,0.0,0.930867
268.853,250.0,5583.23,0.499995,0.0,0.866028
268.853,0.0,5583.23,0.499995,0.0,0.866028
293.123,250.0,5569.22,0.499995,0.0,0.866028
293.123,250.0,5569.22,0.499995,0.0,0.866028
268.853,0.0,5583.23,0.499995,0.0,0.866028
293.123,0.0,5569.22,0.499995,0.0,0.866028
293.123,250.0,5569.22,0.62348,0.0,0.781839
293.123,0.0,5569.22,0.62348,0.0,0.781839
315.032,250.0,5551.75,0.62348,0.0,0.781839
315.032,250.0,5551.75,0.62348,0.0,0.781839
293.123,0.0,5569.22,0.62348,0.0,0.781839
315.032,0.0,5551.75,0.62348,0.0,0.781839
315.032,250.0,5551.75,0.73306,0.0,0.680164
315.032,0.0,5551.75,0.73306,0.0,0.680164
334.094,250.0,5531.2,0.73306,0.0,0.680164
334.094,250.0,5531.2,0.73306,0.0,0.680164
315.032,0.0,5551.75,0.73306,0.0,0.680164
334.094,0.0,5531.2,0.73306,0.0,0.680164
334.094,250.0,5531.2,0.826242,0.0,0.563316
334.094,0.0,5531.2,0.826242,0.0,0.563316
349.88,250.0,5508.05,0.826242,0.0,0.563316
349.88,250.0,5508.05,0.826242,0.0,0.563316
334.094,0.0,5531.2,0.826242,0.0,0.563316
349.88,0.0,5508.05,0.826242,0.0,0.563316
349.88,250.0,5508.05,0.900968,0.0,0.433886
349.88,0.0,5508.05,0.900968,0.0,0.433886
362.039,250.0,5482.8,0.900968,0.0,0.433886
362.039,250.0,5482.8,0.900968,0.0,0.433886
349.88,0.0,5508.05,0.900968,0.0,0.433886
362.039,0.0,5482.8,0.900968,0.0,0.433886
362.039,250.0,5482.8,0.95557,0.0,0.294763
362.039,0.0,5482.8,0.95557,0.0,0.294763
370.299,250.0,5456.02,0.95557,0.0,0.294763
370.299,250.0,5456.02,0.95557,0.0,0.294763
362.039,0.0,5482.8,0.95557,0.0,0.294763
370.299,0.0,5456.02,0.95557,0.0,0.294763
370.299,250.0,5456.02,0.988832,0.0,0.149037
370.299,0.0,5456.02,0.988832,0.0,0.149037
374.476,250.0,5428.31,0.988832,0.0,0.149037
374.476,250.0,5428.31,0.988832,0.0,0.149037
370.299,0.0,5456.02,0.988832,0.0,0.149037
374.476,0.0,5428.31,0.988832,0.0,0.149037
374.476,250.0,5428.31,1.0,0.0,0.0
374.476,0.0,5428.31,1.0,0.0,0.0
374.476,250.0,5400.29,1.0,0.0,0.0
374.476,250.0,5400.29,1.0,0.0,0.0
374.476,0.0,5428.31,1.0,0.0,0.0
374.476,0.0,5400.29,1.0,0.0,0.0
374.476,250.0,5400.29,0.988832,0.0,-0.149037
374.476,0.0,5400.29,0.988832,0.0,-0.149037
370.299,250.0,5372.58,0.988832,0.0,-0.149037
370.299,250.0,5372.58,0.988832,0.0,-0.149037
374.476,0.0,5400.29,0.988832,0.0,-0.149037
370.299,0.0,5372.58,0.988832,0.0,-0.149037
370.299,250.0,5372.58,0.955572,0.0,-0.294758
370.299,0.0,5372.58,0.955572,0.0,-0.294758
362.039,250.0,5345.8,0.955572,0.0,-0.294758
362.039,250.0,5345.8,0.955572,0.0,-0.294758
370.299,0.0,5372.58,0.955572,0.0,-0.294758
362.039,0.0,5345.8,0.955572,0.0,-0.294758
362.039,250.0,5345.8,0.900968,0.0,-0.433886
362.039,0.0,5345.8,0.900968,0.0,-0.433886
349.88,250.0,5320.55,0.900968,0.0,-0.433886
349.88,250.0,5320.55,0.900968,0.0,-0.433886
362.039,0.0,5345.8,0.900968,0.0,-0.433886
349.88,0.0,5320.55,0.900968,0.0,-0.433886
349.88,250.0,5320.55,0.826242,0.0,-0.563316
349.88,0.0,5320.55,0.826242,0.0,-0.563316
334.094,250.0,5297.4,0.826242,0.0,-0.563316
334.094,250.0,5297.4,0.826242,0.0,-0.563316
349.88,0.0,5320.55,0.826242,0.0,-0.563316
334.094,0.0,5297.4,0.826242,0.0,-0.563316
334.094,250.0,5297.4,0.733052,0.0,-0.680173
334.094,0.0,5297.4,0.733052,0.0,-0.680173
315.032,250.0,5276.85,0.733052,0.0,-0.680173
315.032,250.0,5276.85,0.733052,0.0,-0.680173
334.094,0.0,5297.4,0.733052,0.0,-0.680173
315.032,0.0,5276.85,0.733052,0.0,-0.680173
315.032,250.0,5276.85,0.62348,0.0,-0.781839
315.032,0.0,5276.85,0.62348,0.0,-0.781839
293.123,250.0,5259.38,0.62348,0.0,-0.781839
293.123,250.0,5259.38,0.62348,0.0,-0.781839
315.032,0.0,5276.85,0.62348,0.0,-0.781839
293.123,0.0,5259.38,0.62348,0.0,-0.781839
293.123,250.0,5259.38,0.499995,0.0,-0.866028
293.123,0.0,5259.38,0.499995,0.0,-0.866028
268.853,250.0,5245.37,0.499995,0.0,-0.866028
268.853,250.0,5245.37,0.499995,0.0,-0.866028
293.123,0.0,5259.38,0.499995,0.0,-0.866028
268.853,0.0,5245.37,0.499995,0.0,-0.866028
268.853,250.0,5245.37,0.365343,0.0,-0.930873
268.853,0.0,5245.37,0.365343,0.0,-0.930873
242.767,250.0,5235.13,0.365343,0.0,-0.930873
242.767,250.0,5235.13,0.365343,0.0,-0.930873
268.853,0.0,5245.37,0.365343,0.0,-0.930873
242.767,0.0,5235.13,0.365343,0.0,-0.930873
242.767,250.0,5235.13,0.222537,0.0,-0.974924
242.767,0.0,5235.13,0.222537,0.0,-0.974924
215.446,250.0,5228.89,0.222537,0.0,-0.974924
215.446,250.0,5228.89,0.222537,0.0,-0.974924
242.767,0.0,5235.13,0.222537,0.0,-0.974924
215.446,0.0,5228.89,0.222537,0.0,-0.974924
215.446,250.0,5228.89,0.0747305,0.0,-0.997204
215.446,0.0,5228.89,0.0747305,0.0,-0.997204
187.5,250.0,5226.8,0.0747305,0.0,-0.997204
187.5,250.0,5226.8,0.0747305,0.0,-0.997204
215.446,0.0,5228.89,0.0747305,0.0,-0.997204
187.5,0.0,5226.8,0.0747305,0.0,-0.997204
187.5,250.0,5226.8,-0.0747311,0.0,-0.997204
187.5,0.0,5226.8,-0.0747311,0.0,-0.997204
159.555,250.0,5228.89,-0.0747311,0.0,-0.997204
159.555,250.0,5228.89,-0.0747311,0.0,-0.997204
187.5,0.0,5226.8,-0.0747311,0.0,-0.997204
159.555,0.0,5228.89,-0.0747311,0.0,-0.997204
159.555,250.0,5228.89,-0.222535,0.0,-0.974925
159.555,0.0,5228.89,-0.222535,0.0,-0.974925
132.233,250.0,5235.13,-0.222535,0.0,-0.974925
132.233,250.0,5235.13,-0.222535,0.0,-0.974925
159.555,0.0,5228.89,-0.222535,0.0,-0.974925
132.233,0.0,5235.13,-0.222535,0.0,-0.974925
132.233,250.0,5235.13,-0.365343,0.0,-0.930873
132.233,0.0,5235.13,-0.365343,0.0,-0.930873
106.147,250.0,5245.37,-0.365343,0.0,-0.930873
106.147,250.0,5245.37,-0.365343,0.0,-0.930873
132.233,0.0,5235.13,-0.365343,0.0,-0.930873
106.147,0.0,5245.37,-0.365343,0.0,-0.930873
106.147,250.0,5245.37,-0.499995,0.0,-0.866028
106.147,0.0,5245.37,-0.499995,0.0,-0.866028
81.8775,250.0,5259.38,-0.499995,0.0,-0.866028
81.8775,250.0,5259.38,-0.499995,0.0,-0.866028
106.147,0.0,5245.37,-0.499995,0.0,-0.866028
81.8775,0.0,5259.38,-0.499995,0.0,-0.866028
81.8775,250.0,5259.38,-0.623484,0.0,-0.781836
81.8775,0.0,5259.38,-0.623484,0.0,-0.781836
59.9678,250.0,5276.85,-0.623484,0.0,-0.781836
59.9678,250.0,5276.85,-0.623484,0.0,-0.781836
81.8775,0.0,5259.38,-0.623484,0.0,-0.781836
59.9678,0.0,5276.85,-0.623484,0.0,-0.781836
59.9678,250.0,5276.85,-0.733052,0.0,-0.680173
59.9678,0.0,5276.85,-0.733052,0.0,-0.680173
40.9067,250.0,5297.4,-0.733052,0.0,-0.680173
40.9067,250.0,5297.4,-0.733052,0.0,-0.680173
59.9678,0.0,5276.85,-0.733052,0.0,-0.680173
40.9067,0.0,5297.4,-0.733052,0.0,-0.680173
40.9067,250.0,5297.4,-0.826237,0.0,-0.563322
40.9067,0.0,5297.4,-0.826237,0.0,-0.563322
25.1203,250.0,5320.55,-0.826237,0.0,-0.563322
25.1203,250.0,5320.55,-0.826237,0.0,-0.563322
40.9067,0.0,5297.4,-0.826237,0.0,-0.563322
25.1203,0.0,5320.55,-0.826237,0.0,-0.563322
25.1203,250.0,5320.55,-0.900968,0.0,-0.433885
25.1203,0.0,5320.55,-0.900968,0.0,-0.433885
12.9611,250.0,5345.8,-0.900968,0.0,-0.433885
12.9611,250.0,5345.8,-0.900968,0.0,-0.433885
25.1203,0.0,5320.55,-0.900968,0.0,-0.433885
12.9611,0.0,5345.8,-0.900968,0.0,-0.433885
12.9611,250.0,5345.8,-0.955574,0.0,-0.29475
12.9611,0.0,5345.8,-0.955574,0.0,-0.29475
4.70114,250.0,5372.58,-0.955574,0.0,-0.29475
4.70114,250.0,5372.58,-0.955574,0.0,-0.29475
12.9611,0.0,5345.8,-0.955574,0.0,-0.29475
4.70114,0.0,5372.58,-0.955574,0.0,-0.29475
4.70114,250.0,5372.58,-0.98883,0.0,-0.149046
4.70114,0.0,5372.58,-0.98883,0.0,-0.149046
0.524282,250.0,5400.29,-0.98883,0.0,-0.149046
0.524282,250.0,5400.29,-0.98883,0.0,-0.149046
4.70114,0.0,5372.58,-0.98883,0.0,-0.149046
0.524282,0.0,5400.29,-0.98883,0.0,-0.149046
0.524282,250.0,5400.29,-1.0,0.0,0.0
0.524282,0.0,5400.29,-1.0,0.0,0.0
0.524282,250.0,5428.31,-1.0,0.0,0.0
0.524282,250.0,5428.31,-1.0,0.0,0.0
0.524282,0.0,5400.29,-1.0,0.0,0.0
0.524282,0.0,5428.31,-1.0,0.0,0.0
0.524282,250.0,5428.31,-0.98883,0.0,0.149046
0.524282,0.0,5428.31,-0.98883,0.0,0.149046
4.70114,250.0,5456.02,-0.98883,0.0,0.149046
4.70114,250.0,5456.02,-0.98883,0.0,0.149046
0.524282,0.0,5428.31,-0.98883,0.0,0.149046
4.70114,0.0,5456.02,-0.98883,0.0,0.149046
4.70114,250.0,5456.02,-0.955573,0.0,0.294755
4.70114,0.0,5456.02,-0.955573,0.0,0.294755
12.9611,250.0,5482.8,-0.955573,0.0,0.294755
12.9611,250.0,5482.8,-0.955573,0.0,0.294755
4.70114,0.0,5456.02,-0.955573,0.0,0.294755
12.9611,0.0,5482.8,-0.955573,0.0,0.294755
12.9611,250.0,5482.8,-0.900968,0.0,0.433885
12.9611,0.0,5482.8,-0.900968,0.0,0.433885
25.1203,250.0,5508.05,-0.900968,0.0,0.433885
25.1203,250.0,5508.05,-0.900968,0.0,0.433885
12.9611,0.0,5482.8,-0.900968,0.0,0.433885
25.1203,0.0,5508.05,-0.900968,0.0,0.433885
25.1203,250.0,5508.05,-0.826237,0.0,0.563322
25.1203,0.0,5508.05,-0.826237,0.0,0.563322
40.9067,250.0,5531.2,-0.826237,0.0,0.563322
40.9067,250.0,5531.2,-0.826237,0.0,0.563322
25.1203,0.0,5508.05,-0.826237,0.0,0.563322
40.9067,0.0,5531.2,-0.826237,0.0,0.563322
40.9067,250.0,5531.2,-0.73306,0.0,0.680164
40.9067,0.0,5531.2,-0.73306,0.0,0.680164
59.9678,250.0,5551.75,-0.73306,0.0,0.680164
59.9678,250.0,5551.75,-0.73306,0.0,0.680164
40.9067,0.0,5531.2,-0.73306,0.0,0.680164
59.9678,0.0,5551.75,-0.73306,0.0,0.680164
59.9678,250.0,5551.75,-0.623484,0.0,0.781836
59.9678,0.0,5551.75,-0.623484,0.0,0.781836
81.8775,250.0,5569.22,-0.623484,0.0,0.781836
81.8775,250.0,5569.22,-0.623484,0.0,0.781836
59.9678,0.0,5551.75,-0.623484,0.0,0.781836
81.8775,0.0,5569.22,-0.623484,0.0,0.781836
81.8775,250.0,5569.22,-0.499995,0.0,0.866028
81.8775,0.0,5569.22,-0.499995,0.0,0.866028
106.147,250.0,5583.23,-0.499995,0.0,0.866028
106.147,250.0,5583.23,-0.499995,0.0,0.866028
81.8775,0.0,5569.22,-0.499995,0.0,0.866028
106.147,0.0,5583.23,-0.499995,0.0,0.866028
106.147,250.0,5583.23,-0.365358,0.0,0.930867
106.147,0.0,5583.23,-0.365358,0.0,0.930867
132.233,250.0,5593.47,-0.365358,0.0,0.930867
132.233,250.0,5593.47,-0.365358,0.0,0.930867
106.147,0.0,5583.23,-0.365358,0.0,0.930867
132.233,0.0,5593.47,-0.365358,0.0,0.930867
132.233,250.0,5593.47,-0.222502,0.0,0.974932
132.233,0.0,5593.47,-0.222502,0.0,0.974932
159.555,250.0,5599.71,-0.222502,0.0,0.974932
159.555,250.0,5599.71,-0.222502,0.0,0.974932
132.233,0.0,5593.47,-0.222502,0.0,0.974932
159.555,0.0,5599.71,-0.222502,0.0,0.974932
159.555,250.0,5599.71,-0.0747311,0.0,0.997204
159.555,0.0,5599.71,-0.0747311,0.0,0.997204
187.5,250.0,5601.8,-0.0747311,0.0,0.997204
187.5,250.0,5601.8,-0.0747311,0.0,0.997204
159.555,0.0,5599.71,-0.0747311,0.0,0.997204
187.5,0.0,5601.8,-0.0747311,0.0,0.997204
187.5,250.0,5601.8,0.0747305,0.0,0.997204
187.5,0.0,5601.8,0.0747305,0.0,0.997204
215.446,250.0,5599.71,0.0747305,0.0,0.997204
215.446,250.0,5599.71,0.0747305,0.0,0.997204
187.5,0.0,5601.8,0.0747305,0.0,0.997204
215.446,0.0,5599.71,0.0747305,0.0,0.997204
198.101,250.0,5289.75,0.0,1.0,0.0
187.5,250.0,5226.8,0.0,1.0,0.0
176.899,250.0,5289.75,0.0,1.0,0.0
176.899,250.0,5289.75,0.0,1.0,0.0
187.5,250.0,5226.8,0.0,1.0,0.0
159.555,250.0,5228.89,0.0,1.0,0.0
176.899,250.0,5289.75,0.0,1.0,0.0
159.555,250.0,5228.89,0.0,1.0,0.0
156.003,250.0,5293.33,0.0,1.0,0.0
156.003,250.0,5293.33,0.0,1.0,0.0
159.555,250.0,5228.89,0.0,1.0,0.0
132.233,250.0,5235.13,0.0,1.0,0.0
156.003,250.0,5293.33,0.0,1.0,0.0
132.233,250.0,5235.13,0.0,1.0,0.0
136.012,250.0,5300.4,0.0,1.0,0.0
136.012,250.0,5300.4,0.0,1.0,0.0
132.233,250.0,5235.13,0.0,1.0,0.0
106.147,250.0,5245.37,0.0,1.0,0.0
136.012,250.0,5300.4,0.0,1.0,0.0
106.147,250.0,5245.37,0.0,1.0,0.0
117.503,250.0,5310.74,0.0,1.0,0.0
117.503,250.0,5310.74,0.0,1.0,0.0
106.147,250.0,5245.37,0.0,1.0,0.0
81.8775,250.0,5259.38,0.0,1.0,0.0
117.503,250.0,5310.74,0.0,1.0,0.0
81.8775,250.0,5259.38,0.0,1.0,0.0
101.008,250.0,5324.06,0.0,1.0,0.0
101.008,250.0,5324.06,0.0,1.0,0.0
81.8775,250.0,5259.38,0.0,1.0,0.0
59.9678,250.0,5276.85,0.0,1.0,0.0
101.008,250.0,5324.06,0.0,1.0,0.0
59.9678,250.0,5276.85,0.0,1.0,0.0
87.0004,250.0,5339.97,0.0,1.0,0.0
87.0004,250.0,5339.97,0.0,1.0,0.0
59.9678,250.0,5276.85,0.0,1.0,0.0
40.9067,250.0,5297.4,0.0,1.0,0.0
87.0004,250.0,5339.97,0.0,1.0,0.0
40.9067,250.0,5297.4,0.0,1.0,0.0
75.8843,250.0,5358.02,0.0,1.0,0.0
108.973,250.0,5511.55,0.0,1.0,0.0
81.8775,250.0,5569.22,0.0,1.0,0.0
126.538,250.0,5523.43,0.0,1.0,0.0
126.538,250.0,5523.43,0.0,1.0,0.0
81.8775,250.0,5569.22,0.0,1.0,0.0
106.147,250.0,5583.23,0.0,1.0,0.0
126.538,250.0,5523.43,0.0,1.0,0.0
106.147,250.0,5583.23,0.0,1.0,0.0
145.858,250.0,5532.16,0.0,1.0,0.0
145.858,250.0,5532.16,0.0,1.0,0.0
106.147,250.0,5583.23,0.0,1.0,0.0
132.233,250.0,5593.47,0.0,1.0,0.0
145.858,250.0,5532.16,0.0,1.0,0.0
132.233,250.0,5593.47,0.0,1.0,0.0
166.375,250.0,5537.5,0.0,1.0,0.0
166.375,250.0,5537.5,0.0,1.0,0.0
132.233,250.0,5593.47,0.0,1.0,0.0
159.555,250.0,5599.71,0.0,1.0,0.0
166.375,250.0,5537.5,0.0,1.0,0.0
159.555,250.0,5599.71,0.0,1.0,0.0
187.5,250.0,5539.3,0.0,1.0,0.0
187.5,250.0,5539.3,0.0,1.0,0.0
159.555,250.0,5599.71,0.0,1.0,0.0
187.5,250.0,5601.8,0.0,1.0,0.0
187.5,250.0,5539.3,0.0,1.0,0.0
187.5,250.0,5601.8,0.0,1.0,0.0
208.625,250.0,5537.5,0.0,1.0,0.0
208.625,250.0,5537.5,0.0,1.0,0.0
187.5,250.0,5601.8,0.0,1.0,0.0
215.446,250.0,5599.71,0.0,1.0,0.0
208.625,250.0,5537.5,0.0,1.0,0.0
215.446,250.0,5599.71,0.0,1.0,0.0
229.142,250.0,5532.16,0.0,1.0,0.0
229.142,250.0,5532.16,0.0,1.0,0.0
215.446,250.0,5599.71,0.0,1.0,0.0
242.767,250.0,5593.47,0.0,1.0,0.0
229.142,250.0,5532.16,0.0,1.0,0.0
242.767,250.0,5593.47,0.0,1.0,0.0
248.462,250.0,5523.43,0.0,1.0,0.0
242.767,250.0,5593.47,0.0,1.0,0.0
268.853,250.0,5583.23,0.0,1.0,0.0
248.462,250.0,5523.43,0.0,1.0,0.0
248.462,250.0,5523.43,0.0,1.0,0.0
268.853,250.0,5583.23,0.0,1.0,0.0
293.123,250.0,5569.22,0.0,1.0,0.0
248.462,250.0,5523.43,0.0,1.0,0.0
293.123,250.0,5569.22,0.0,1.0,0.0
266.027,250.0,5511.55,0.0,1.0,0.0
266.027,250.0,5511.55,0.0,1.0,0.0
293.123,250.0,5569.22,0.0,1.0,0.0
315.032,250.0,5551.75,0.0,1.0,0.0
266.027,250.0,5511.55,0.0,1.0,0.0
315.032,250.0,5551.75,0.0,1.0,0.0
281.334,250.0,5496.88,0.0,1.0,0.0
281.334,250.0,5496.88,0.0,1.0,0.0
315.032,250.0,5551.75,0.0,1.0,0.0
334.094,250.0,5531.2,0.0,1.0,0.0
281.334,250.0,5496.88,0.0,1.0,0.0
334.094,250.0,5531.2,0.0,1.0,0.0
293.941,250.0,5479.84,0.0,1.0,0.0
293.941,250.0,5479.84,0.0,1.0,0.0
334.094,250.0,5531.2,0.0,1.0,0.0
349.88,250.0,5508.05,0.0,1.0,0.0
293.941,250.0,5479.84,0.0,1.0,0.0
349.88,250.0,5508.05,0.0,1.0,0.0
303.486,250.0,5460.91,0.0,1.0,0.0
303.486,250.0,5460.91,0.0,1.0,0.0
349.88,250.0,5508.05,0.0,1.0,0.0
362.039,250.0,5482.8,0.0,1.0,0.0
303.486,250.0,5460.91,0.0,1.0,0.0
362.039,250.0,5482.8,0.0,1.0,0.0
309.695,250.0,5440.63,0.0,1.0,0.0
309.695,250.0,5440.63,0.0,1.0,0.0
362.039,250.0,5482.8,0.0,1.0,0.0
370.299,250.0,5456.02,0.0,1.0,0.0
309.695,250.0,5440.63,0.0,1.0,0.0
370.299,250.0,5456.02,0.0,1.0,0.0
312.387,250.0,5419.61,0.0,1.0,0.0
312.387,250.0,5419.61,0.0,1.0,0.0
370.299,250.0,5456.02,0.0,1.0,0.0
374.476,250.0,5428.31,0.0,1.0,0.0
312.387,250.0,5419.61,0.0,1.0,0.0
374.476,250.0,5428.31,0.0,1.0,0.0
311.488,250.0,5398.42,0.0,1.0,0.0
311.488,250.0,5398.42,0.0,1.0,0.0
374.476,250.0,5428.31,0.0,1.0,0.0
374.476,250.0,5400.29,0.0,1.0,0.0
311.488,250.0,5398.42,0.0,1.0,0.0
374.476,250.0,5400.29,0.0,1.0,0.0
307.021,250.0,5377.7,0.0,1.0,0.0
40.9067,250.0,5297.4,0.0,1.0,0.0
25.1203,250.0,5320.55,0.0,1.0,0.0
75.8843,250.0,5358.02,0.0,1.0,0.0
75.8843,250.0,5358.02,0.0,1.0,0.0
25.1203,250.0,5320.55,0.0,1.0,0.0
12.9611,250.0,5345.8,0.0,1.0,0.0
75.8843,250.0,5358.02,0.0,1.0,0.0
12.9611,250.0,5345.8,0.0,1.0,0.0
67.9791,250.0,5377.7,0.0,1.0,0.0
67.9791,250.0,5377.7,0.0,1.0,0.0
12.9611,250.0,5345.8,0.0,1.0,0.0
4.70114,250.0,5372.58,0.0,1.0,0.0
67.9791,250.0,5377.7,0.0,1.0,0.0
4.70114,250.0,5372.58,0.0,1.0,0.0
63.5126,250.0,5398.42,0.0,1.0,0.0
63.5126,250.0,5398.42,0.0,1.0,0.0
4.70114,250.0,5372.58,0.0,1.0,0.0
0.524282,250.0,5400.29,0.0,1.0,0.0
63.5126,250.0,5398.42,0.0,1.0,0.0
0.524282,250.0,5400.29,0.0,1.0,0.0
62.6128,250.0,5419.61,0.0,1.0,0.0
62.6128,250.0,5419.61,0.0,1.0,0.0
0.524282,250.0,5400.29,0.0,1.0,0.0
0.524282,250.0,5428.31,0.0,1.0,0.0
62.6128,250.0,5419.61,0.0,1.0,0.0
0.524282,250.0,5428.31,0.0,1.0,0.0
65.3057,250.0,5440.63,0.0,1.0,0.0
65.3057,250.0,5440.63,0.0,1.0,0.0
0.524282,250.0,5428.31,0.0,1.0,0.0
4.70114,250.0,5456.02,0.0,1.0,0.0
65.3057,250.0,5440.63,0.0,1.0,0.0
4.70114,250.0,5456.02,0.0,1.0,0.0
71.5139,250.0,5460.91,0.0,1.0,0.0
71.5139,250.0,5460.91,0.0,1.0,0.0
4.70114,250.0,5456.02,0.0,1.0,0.0
12.9611,250.0,5482.8,0.0,1.0,0.0
71.5139,250.0,5460.91,0.0,1.0,0.0
12.9611,250.0,5482.8,0.0,1.0,0.0
81.059,250.0,5479.84,0.0,1.0,0.0
81.059,250.0,5479.84,0.0,1.0,0.0
12.9611,250.0,5482.8,0.0,1.0,0.0
25.1203,250.0,5508.05,0.0,1.0,0.0
81.059,250.0,5479.84,0.0,1.0,0.0
25.1203,250.0,5508.05,0.0,1.0,0.0
93.6661,250.0,5496.88,0.0,1.0,0.0
93.6661,250.0,5496.88,0.0,1.0,0.0
25.1203,250.0,5508.05,0.0,1.0,0.0
40.9067,250.0,5531.2,0.0,1.0,0.0
93.6661,250.0,5496.88,0.0,1.0,0.0
40.9067,250.0,5531.2,0.0,1.0,0.0
108.973,250.0,5511.55,0.0,1.0,0.0
108.973,250.0,5511.55,0.0,1.0,0.0
40.9067,250.0,5531.2,0.0,1.0,0.0
59.9678,250.0,5551.75,0.0,1.0,0.0
108.973,250.0,5511.55,0.0,1.0,0.0
59.9678,250.0,5551.75,0.0,1.0,0.0
81.8775,250.0,5569.22,0.0,1.0,0.0
374.476,250.0,5400.29,0.0,1.0,0.0
370.299,250.0,5372.58,0.0,1.0,0.0
307.021,250.0,5377.7,0.0,1.0,0.0
307.021,250.0,5377.7,0.0,1.0,0.0
370.299,250.0,5372.58,0.0,1.0,0.0
362.039,250.0,5345.8,0.0,1.0,0.0
307.021,250.0,5377.7,0.0,1.0,0.0
362.039,250.0,5345.8,0.0,1.0,0.0
299.116,250.0,5358.02,0.0,1.0,0.0
299.116,250.0,5358.02,0.0,1.0,0.0
362.039,250.0,5345.8,0.0,1.0,0.0
349.88,250.0,5320.55,0.0,1.0,0.0
299.116,250.0,5358.02,0.0,1.0,0.0
349.88,250.0,5320.55,0.0,1.0,0.0
288.0,250.0,5339.97,0.0,1.0,0.0
288.0,250.0,5339.97,0.0,1.0,0.0
349.88,250.0,5320.55,0.0,1.0,0.0
334.094,250.0,5297.4,0.0,1.0,0.0
288.0,250.0,5339.97,0.0,1.0,0.0
334.094,250.0,5297.4,0.0,1.0,0.0
273.992,250.0,5324.06,0.0,1.0,0.0
273.992,250.0,5324.06,0.0,1.0,0.0
334.094,250.0,5297.4,0.0,1.0,0.0
315.032,250.0,5276.85,0.0,1.0,0.0
273.992,250.0,5324.06,0.0,1.0,0.0
315.032,250.0,5276.85,0.0,1.0,0.0
257.497,250.0,5310.74,0.0,1.0,0.0
257.497,250.0,5310.74,0.0,1.0,0.0
315.032,250.0,5276.85,0.0,1.0,0.0
293.123,250.0,5259.38,0.0,1.0,0.0
257.497,250.0,5310.74,0.0,1.0,0.0
293.123,250.0,5259.38,0.0,1.0,0.0
238.988,250.0,5300.4,0.0,1.0,0.0
238.988,250.0,5300.4,0.0,1.0,0.0
293.123,250.0,5259.38,0.0,1.0,0.0
268.853,250.0,5245.37,0.0,1.0,0.0
238.988,250.0,5300.4,0.0,1.0,0.0
268.853,250.0,5245.37,0.0,1.0,0.0
218.997,250.0,5293.33,0.0,1.0,0.0
218.997,250.0,5293.33,0.0,1.0,0.0
268.853,250.0,5245.37,0.0,1.0,0.0
242.767,250.0,5235.13,0.0,1.0,0.0
218.997,250.0,5293.33,0.0,1.0,0.0
242.767,250.0,5235.13,0.0,1.0,0.0
198.101,250.0,5289.75,0.0,1.0,0.0
198.101,250.0,5289.75,0.0,1.0,0.0
242.767,250.0,5235.13,0.0,1.0,0.0
215.446,250.0,5228.89,0.0,1.0,0.0
198.101,250.0,5289.75,0.0,1.0,0.0
215.446,250.0,5228.89,0.0,1.0,0.0
187.5,250.0,5226.8,0.0,1.0,0.0
145.858,1000.0,5532.16,0.0,1.0,0.0
166.375,1000.0,5537.5,0.0,1.0,0.0
187.5,1000.0,5539.3,0.0,1.0,0.0
176.899,1000.0,5289.75,0.0,1.0,0.0
156.003,1000.0,5293.33,0.0,1.0,0.0
136.012,1000.0,5300.4,0.0,1.0,0.0
145.858,1000.0,5532.16,0.0,1.0,0.0
238.988,1000.0,5300.4,0.0,1.0,0.0
126.538,1000.0,5523.43,0.0,1.0,0.0
126.538,1000.0,5523.43,0.0,1.0,0.0
238.988,1000.0,5300.4,0.0,1.0,0.0
218.997,1000.0,5293.33,0.0,1.0,0.0
126.538,1000.0,5523.43,0.0,1.0,0.0
218.997,1000.0,5293.33,0.0,1.0,0.0
198.101,1000.0,5289.75,0.0,1.0,0.0
198.101,1000.0,5289.75,0.0,1.0,0.0
176.899,1000.0,5289.75,0.0,1.0,0.0
126.538,1000.0,5523.43,0.0,1.0,0.0
126.538,1000.0,5523.43,0.0,1.0,0.0
176.899,1000.0,5289.75,0.0,1.0,0.0
136.012,1000.0,5300.4,0.0,1.0,0.0
126.538,1000.0,5523.43,0.0,1.0,0.0
136.012,1000.0,5300.4,0.0,1.0,0.0
108.973,1000.0,5511.55,0.0,1.0,0.0
108.973,1000.0,5511.55,0.0,1.0,0.0
136.012,1000.0,5300.4,0.0,1.0,0.0
117.503,1000.0,5310.74,0.0,1.0,0.0
108.973,1000.0,5511.55,0.0,1.0,0.0
117.503,1000.0,5310.74,0.0,1.0,0.0
93.6661,1000.0,5496.88,0.0,1.0,0.0
93.6661,1000.0,5496.88,0.0,1.0,0.0
117.503,1000.0,5310.74,0.0,1.0,0.0
101.008,1000.0,5324.06,0.0,1.0,0.0
93.6661,1000.0,5496.88,0.0,1.0,0.0
101.008,1000.0,5324.06,0.0,1.0,0.0
81.059,1000.0,5479.84,0.0,1.0,0.0
81.059,1000.0,5479.84,0.0,1.0,0.0
101.008,1000.0,5324.06,0.0,1.0,0.0
87.0004,1000.0,5339.97,0.0,1.0,0.0
81.059,1000.0,5479.84,0.0,1.0,0.0
87.0004,1000.0,5339.97,0.0,1.0,0.0
71.5139,1000.0,5460.91,0.0,1.0,0.0
71.5139,1000.0,5460.91,0.0,1.0,0.0
87.0004,1000.0,5339.97,0.0,1.0,0.0
75.8843,1000.0,5358.02,0.0,1.0,0.0
71.5139,1000.0,5460.91,0.0,1.0,0.0
75.8843,1000.0,5358.02,0.0,1.0,0.0
65.3057,1000.0,5440.63,0.0,1.0,0.0
65.3057,1000.0,5440.63,0.0,1.0,0.0
75.8843,1000.0,5358.02,0.0,1.0,0.0
67.9791,1000.0,5377.7,0.0,1.0,0.0
65.3057,1000.0,5440.63,0.0,1.0,0.0
67.9791,1000.0,5377.7,0.0,1.0,0.0
62.6128,1000.0,5419.61,0.0,1.0,0.0
62.6128,1000.0,5419.61,0.0,1.0,0.0
67.9791,1000.0,5377.7,0.0,1.0,0.0
63.5126,1000.0,5398.42,0.0,1.0,0.0
145.858,1000.0,5532.16,0.0,1.0,0.0
187.5,1000.0,5539.3,0.0,1.0,0.0
238.988,1000.0,5300.4,0.0,1.0,0.0
238.988,1000.0,5300.4,0.0,1.0,0.0
187.5,1000.0,5539.3,0.0,1.0,0.0
208.625,1000.0,5537.5,0.0,1.0,0.0
238.988,1000.0,5300.4,0.0,1.0,0.0
208.625,1000.0,5537.5,0.0,1.0,0.0
229.142,1000.0,5532.16,0.0,1.0,0.0
293.941,1000.0,5479.84,0.0,1.0,0.0
303.486,1000.0,5460.91,0.0,1.0,0.0
281.334,1000.0,5496.88,0.0,1.0,0.0
281.334,1000.0,5496.88,0.0,1.0,0.0
303.486,1000.0,5460.91,0.0,1.0,0.0
238.988,1000.0,5300.4,0.0,1.0,0.0
281.334,1000.0,5496.88,0.0,1.0,0.0
238.988,1000.0,5300.4,0.0,1.0,0.0
266.027,1000.0,5511.55,0.0,1.0,0.0
266.027,1000.0,5511.55,0.0,1.0,0.0
238.988,1000.0,5300.4,0.0,1.0,0.0
229.142,1000.0,5532.16,0.0,1.0,0.0
266.027,1000.0,5511.55,0.0,1.0,0.0
229.142,1000.0,5532.16,0.0,1.0,0.0
248.462,1000.0,5523.43,0.0,1.0,0.0
311.488,1000.0,5398.42,0.0,1.0,0.0
307.021,1000.0,5377.7,0.0,1.0,0.0
312.387,1000.0,5419.61,0.0,1.0,0.0
312.387,1000.0,5419.61,0.0,1.0,0.0
307.021,1000.0,5377.7,0.0,1.0,0.0
299.116,1000.0,5358.02,0.0,1.0,0.0
312.387,1000.0,5419.61,0.0,1.0,0.0
299.116,1000.0,5358.02,0.0,1.0,0.0
309.695,1000.0,5440.63,0.0,1.0,0.0
309.695,1000.0,5440.63,0.0,1.0,0.0
299.116,1000.0,5358.02,0.0,1.0,0.0
303.486,1000.0,5460.91,0.0,1.0,0.0
257.497,1000.0,5310.74,0.0,1.0,0.0
238.988,1000.0,5300.4,0.0,1.0,0.0
273.992,1000.0,5324.06,0.0,1.0,0.0
273.992,1000.0,5324.06,0.0,1.0,0.0
238.988,1000.0,5300.4,0.0,1.0,0.0
303.486,1000.0,5460.91,0.0,1.0,0.0
273.992,1000.0,5324.06,0.0,1.0,0.0
303.486,1000.0,5460.91,0.0,1.0,0.0
288.0,1000.0,5339.97,0.0,1.0,0.0
288.0,1000.0,5339.97,0.0,1.0,0.0
303.486,1000.0,5460.91,0.0,1.0,0.0
299.116,1000.0,5358.02,0.0,1.0,0.0
208.625,1000.0,5537.5,0.251977,0.0,0.967733
208.625,250.0,5537.5,0.251977,0.0,0.967733
229.142,1000.0,5532.16,0.251977,0.0,0.967733
229.142,1000.0,5532.16,0.251977,0.0,0.967733
208.625,250.0,5537.5,0.251977,0.0,0.967733
229.142,250.0,5532.16,0.251977,0.0,0.967733
229.142,1000.0,5532.16,0.411899,0.0,0.91123
229.142,250.0,5532.16,0.411899,0.0,0.91123
248.462,1000.0,5523.43,0.411899,0.0,0.91123
248.462,1000.0,5523.43,0.411899,0.0,0.91123
229.142,250.0,5532.16,0.411899,0.0,0.91123
248.462,250.0,5523.43,0.411899,0.0,0.91123
248.462,1000.0,5523.43,0.559986,0.0,0.828502
248.462,250.0,5523.43,0.559986,0.0,0.828502
266.027,1000.0,5511.55,0.559986,0.0,0.828502
266.027,1000.0,5511.55,0.559986,0.0,0.828502
248.462,250.0,5523.43,0.559986,0.0,0.828502
266.027,250.0,5511.55,0.559986,0.0,0.828502
266.027,1000.0,5511.55,0.69193,0.0,0.721965
266.027,250.0,5511.55,0.69193,0.0,0.721965
281.334,1000.0,5496.88,0.69193,0.0,0.721965
281.334,1000.0,5496.88,0.69193,0.0,0.721965
266.027,250.0,5511.55,0.69193,0.0,0.721965
281.334,250.0,5496.88,0.69193,0.0,0.721965
281.334,1000.0,5496.88,0.803997,0.0,0.594633
281.334,250.0,5496.88,0.803997,0.0,0.594633
293.941,1000.0,5479.84,0.803997,0.0,0.594633
293.941,1000.0,5479.84,0.803997,0.0,0.594633
281.334,250.0,5496.88,0.803997,0.0,0.594633
293.941,250.0,5479.84,0.803997,0.0,0.594633
293.941,1000.0,5479.84,0.892926,0.0,0.450203
293.941,250.0,5479.84,0.892926,0.0,0.450203
303.486,1000.0,5460.91,0.892926,0.0,0.450203
303.486,1000.0,5460.91,0.892926,0.0,0.450203
293.941,250.0,5479.84,0.892926,0.0,0.450203
303.486,250.0,5460.91,0.892926,0.0,0.450203
303.486,1000.0,5460.91,0.956166,0.0,0.292824
303.486,250.0,5460.91,0.956166,0.0,0.292824
309.695,1000.0,5440.63,0.956166,0.0,0.292824
309.695,1000.0,5440.63,0.956166,0.0,0.292824
303.486,250.0,5460.91,0.956166,0.0,0.292824
309.695,250.0,5440.63,0.956166,0.0,0.292824
309.695,1000.0,5440.63,0.9919,0.0,0.127019
309.695,250.0,5440.63,0.9919,0.0,0.127019
312.387,1000.0,5419.61,0.9919,0.0,0.127019
312.387,1000.0,5419.61,0.9919,0.0,0.127019
309.695,250.0,5440.63,0.9919,0.0,0.127019
312.387,250.0,5419.61,0.9919,0.0,0.127019
312.387,1000.0,5419.61,0.999099,0.0,-0.042439
312.387,250.0,5419.61,0.999099,0.0,-0.042439
311.488,1000.0,5398.42,0.999099,0.0,-0.042439
311.488,1000.0,5398.42,0.999099,0.0,-0.042439
312.387,250.0,5419.61,0.999099,0.0,-0.042439
311.488,250.0,5398.42,0.999099,0.0,-0.042439
311.488,1000.0,5398.42,0.977556,0.0,-0.210677
311.488,250.0,5398.42,0.977556,0.0,-0.210677
307.021,1000.0,5377.7,0.977556,0.0,-0.210677
307.021,1000.0,5377.7,0.977556,0.0,-0.210677
311.488,250.0,5398.42,0.977556,0.0,-0.210677
307.021,250.0,5377.7,0.977556,0.0,-0.210677
307.021,1000.0,5377.7,0.927889,0.0,-0.372856
307.021,250.0,5377.7,0.927889,0.0,-0.372856
299.116,1000.0,5358.02,0.927889,0.0,-0.372856
299.116,1000.0,5358.02,0.927889,0.0,-0.372856
307.021,250.0,5377.7,0.927889,0.0,-0.372856
299.116,250.0,5358.02,0.927889,0.0,-0.372856
299.116,1000.0,5358.02,0.851519,0.0,-0.524323
299.116,250.0,5358.02,0.851519,0.0,-0.524323
288.0,1000.0,5339.97,0.851519,0.0,-0.524323
288.0,1000.0,5339.97,0.851519,0.0,-0.524323
299.116,250.0,5358.02,0.851519,0.0,-0.524323
288.0,250.0,5339.97,0.851519,0.0,-0.524323
288.0,1000.0,5339.97,0.750675,0.0,-0.660672
288.0,250.0,5339.97,0.750675,0.0,-0.660672
273.992,1000.0,5324.06,0.750675,0.0,-0.660672
273.992,1000.0,5324.06,0.750675,0.0,-0.660672
288.0,250.0,5339.97,0.750675,0.0,-0.660672
273.992,250.0,5324.06,0.750675,0.0,-0.660672
273.992,1000.0,5324.06,0.628225,0.0,-0.778032
273.992,250.0,5324.06,0.628225,0.0,-0.778032
257.497,1000.0,5310.74,0.628225,0.0,-0.778032
257.497,1000.0,5310.74,0.628225,0.0,-0.778032
273.992,250.0,5324.06,0.628225,0.0,-0.778032
257.497,250.0,5310.74,0.628225,0.0,-0.778032
257.497,1000.0,5310.74,0.487696,0.0,-0.873014
257.497,250.0,5310.74,0.487696,0.0,-0.873014
238.988,1000.0,5300.4,0.487696,0.0,-0.873014
238.988,1000.0,5300.4,0.487696,0.0,-0.873014
257.497,250.0,5310.74,0.487696,0.0,-0.873014
238.988,250.0,5300.4,0.487696,0.0,-0.873014
238.988,1000.0,5300.4,0.333136,0.0,-0.942879
238.988,250.0,5300.4,0.333136,0.0,-0.942879
218.997,1000.0,5293.33,0.333136,0.0,-0.942879
218.997,1000.0,5293.33,0.333136,0.0,-0.942879
238.988,250.0,5300.4,0.333136,0.0,-0.942879
218.997,250.0,5293.33,0.333136,0.0,-0.942879
218.997,1000.0,5293.33,0.169021,0.0,-0.985612
218.997,250.0,5293.33,0.169021,0.0,-0.985612
198.101,1000.0,5289.75,0.169021,0.0,-0.985612
198.101,1000.0,5289.75,0.169021,0.0,-0.985612
218.997,250.0,5293.33,0.169021,0.0,-0.985612
198.101,250.0,5289.75,0.169021,0.0,-0.985612
198.101,1000.0,5289.75,0.0,0.0,-1.0
198.101,250.0,5289.75,0.0,0.0,-1.0
176.899,1000.0,5289.75,0.0,0.0,-1.0
176.899,1000.0,5289.75,0.0,0.0,-1.0
198.101,250.0,5289.75,0.0,0.0,-1.0
176.899,250.0,5289.75,0.0,0.0,-1.0
176.899,1000.0,5289.75,-0.169021,0.0,-0.985612
176.899,250.0,5289.75,-0.169021,0.0,-0.985612
156.003,1000.0,5293.33,-0.169021,0.0,-0.985612
156.003,1000.0,5293.33,-0.169021,0.0,-0.985612
176.899,250.0,5289.75,-0.169021,0.0,-0.985612
156.003,250.0,5293.33,-0.169021,0.0,-0.985612
156.003,1000.0,5293.33,-0.333136,0.0,-0.942879
156.003,250.0,5293.33,-0.333136,0.0,-0.942879
136.012,1000.0,5300.4,-0.333136,0.0,-0.942879
136.012,1000.0,5300.4,-0.333136,0.0,-0.942879
156.003,250.0,5293.33,-0.333136,0.0,-0.942879
136.012,250.0,5300.4,-0.333136,0.0,-0.942879
136.012,1000.0,5300.4,-0.487695,0.0,-0.873014
136.012,250.0,5300.4,-0.487695,0.0,-0.873014
117.503,1000.0,5310.74,-0.487695,0.0,-0.873014
117.503,1000.0,5310.74,-0.487695,0.0,-0.873014
136.012,250.0,5300.4,-0.487695,0.0,-0.873014
117.503,250.0,5310.74,-0.487695,0.0,-0.873014
117.503,1000.0,5310.74,-0.628225,0.0,-0.778032
117.503,250.0,5310.74,-0.628225,0.0,-0.778032
101.008,1000.0,5324.06,-0.628225,0.0,-0.778032
101.008,1000.0,5324.06,-0.628225,0.0,-0.778032
117.503,250.0,5310.74,-0.628225,0.0,-0.778032
101.008,250.0,5324.06,-0.628225,0.0,-0.778032
101.008,1000.0,5324.06,-0.750675,0.0,-0.660672
101.008,250.0,5324.06,-0.750675,0.0,-0.660672
87.0004,1000.0,5339.97,-0.750675,0.0,-0.660672
87.0004,1000.0,5339.97,-0.750675,0.0,-0.660672
101.008,250.0,5324.06,-0.750675,0.0,-0.660672
87.0004,250.0,5339.97,-0.750675,0.0,-0.660672
87.0004,1000.0,5339.97,-0.851525,0.0,-0.524315
87.0004,250.0,5339.97,-0.851525,0.0,-0.524315
75.8843,1000.0,5358.02,-0.851525,0.0,-0.524315
75.8843,1000.0,5358.02,-0.851525,0.0,-0.524315
87.0004,250.0,5339.97,-0.851525,0.0,-0.524315
75.8843,250.0,5358.02,-0.851525,0.0,-0.524315
75.8843,1000.0,5358.02,-0.927885,0.0,-0.372866
75.8843,250.0,5358.02,-0.927885,0.0,-0.372866
67.9791,1000.0,5377.7,-0.927885,0.0,-0.372866
67.9791,1000.0,5377.7,-0.927885,0.0,-0.372866
75.8843,250.0,5358.02,-0.927885,0.0,-0.372866
67.9791,250.0,5377.7,-0.927885,0.0,-0.372866
67.9791,1000.0,5377.7,-0.977558,0.0,-0.210667
67.9791,250.0,5377.7,-0.977558,0.0,-0.210667
63.5126,1000.0,5398.42,-0.977558,0.0,-0.210667
63.5126,1000.0,5398.42,-0.977558,0.0,-0.210667
67.9791,250.0,5377.7,-0.977558,0.0,-0.210667
63.5126,250.0,5398.42,-0.977558,0.0,-0.210667
63.5126,1000.0,5398.42,-0.999099,0.0,-0.0424397
63.5126,250.0,5398.42,-0.999099,0.0,-0.0424397
62.6128,1000.0,5419.61,-0.999099,0.0,-0.0424397
62.6128,1000.0,5419.61,-0.999099,0.0,-0.0424397
63.5126,250.0,5398.42,-0.999099,0.0,-0.0424397
62.6128,250.0,5419.61,-0.999099,0.0,-0.0424397
62.6128,1000.0,5419.61,-0.9919,0.0,0.127019
62.6128,250.0,5419.61,-0.9919,0.0,0.127019
65.3057,1000.0,5440.63,-0.9919,0.0,0.127019
65.3057,1000.0,5440.63,-0.9919,0.0,0.127019
62.6128,250.0,5419.61,-0.9919,0.0,0.127019
65.3057,250.0,5440.63,-0.9919,0.0,0.127019
65.3057,1000.0,5440.63,-0.956169,0.0,0.292815
65.3057,250.0,5440.63,-0.956169,0.0,0.292815
71.5139,1000.0,5460.91,-0.956169,0.0,0.292815
71.5139,1000.0,5460.91,-0.956169,0.0,0.292815
65.3057,250.0,5440.63,-0.956169,0.0,0.292815
71.5139,250.0,5460.91,-0.956169,0.0,0.292815
71.5139,1000.0,5460.91,-0.892922,0.0,0.450211
71.5139,250.0,5460.91,-0.892922,0.0,0.450211
81.059,1000.0,5479.84,-0.892922,0.0,0.450211
81.059,1000.0,5479.84,-0.892922,0.0,0.450211
71.5139,250.0,5460.91,-0.892922,0.0,0.450211
81.059,250.0,5479.84,-0.892922,0.0,0.450211
81.059,1000.0,5479.84,-0.803997,0.0,0.594634
81.059,250.0,5479.84,-0.803997,0.0,0.594634
93.6661,1000.0,5496.88,-0.803997,0.0,0.594634
93.6661,1000.0,5496.88,-0.803997,0.0,0.594634
81.059,250.0,5479.84,-0.803997,0.0,0.594634
93.6661,250.0,5496.88,-0.803997,0.0,0.594634
93.6661,1000.0,5496.88,-0.691935,0.0,0.721959
93.6661,250.0,5496.88,-0.691935,0.0,0.721959
108.973,1000.0,5511.55,-0.691935,0.0,0.721959
108.973,1000.0,5511.55,-0.691935,0.0,0.721959
93.6661,250.0,5496.88,-0.691935,0.0,0.721959
108.973,250.0,5511.55,-0.691935,0.0,0.721959
108.973,1000.0,5511.55,-0.559981,0.0,0.828505
108.973,250.0,5511.55,-0.559981,0.0,0.828505
126.538,1000.0,5523.43,-0.559981,0.0,0.828505
126.538,1000.0,5523.43,-0.559981,0.0,0.828505
108.973,250.0,5511.55,-0.559981,0.0,0.828505
126.538,250.0,5523.43,-0.559981,0.0,0.828505
126.538,1000.0,5523.43,-0.411903,0.0,0.911228
126.538,250.0,5523.43,-0.411903,0.0,0.911228
145.858,1000.0,5532.16,-0.411903,0.0,0.911228
145.858,1000.0,5532.16,-0.411903,0.0,0.911228
126.538,250.0,5523.43,-0.411903,0.0,0.911228
145.858,250.0,5532.16,-0.411903,0.0,0.911228
145.858,1000.0,5532.16,-0.251977,0.0,0.967733
145.858,250.0,5532.16,-0.251977,0.0,0.967733
166.375,1000.0,5537.5,-0.251977,0.0,0.967733
166.375,1000.0,5537.5,-0.251977,0.0,0.967733
145.858,250.0,5532.16,-0.251977,0.0,0.967733
166.375,250.0,5537.5,-0.251977,0.0,0.967733
166.375,1000.0,5537.5,-0.0847986,0.0,0.996398
166.375,250.0,5537.5,-0.0847986,0.0,0.996398
187.5,1000.0,5539.3,-0.0847986,0.0,0.996398
187.5,1000.0,5539.3,-0.0847986,0.0,0.996398
166.375,250.0,5537.5,-0.0847986,0.0,0.996398
187.5,250.0,5539.3,-0.0847986,0.0,0.996398
187.5,1000.0,5539.3,0.0847986,0.0,0.996398
187.5,250.0,5539.3,0.0847986,0.0,0.996398
208.625,1000.0,5537.5,0.0847986,0.0,0.996398
208.625,1000.0,5537.5,0.0847986,0.0,0.996398
187.5,250.0,5539.3,0.0847986,0.0,0.996398
208.625,250.0,5537.5,0.0847986,0.0,0.996398
