48.0795,125.0,6048.46,0.0,-1.0,0.0
85.4359,125.0,5909.04,0.0,-1.0,0.0
150.143,125.0,6150.52,0.0,-1.0,0.0
150.143,125.0,6150.52,0.0,-1.0,0.0
85.4359,125.0,5909.04,0.0,-1.0,0.0
224.856,125.0,5871.68,0.0,-1.0,0.0
150.143,125.0,6150.52,0.0,-1.0,0.0
224.856,125.0,5871.68,0.0,-1.0,0.0
289.564,125.0,6113.16,0.0,-1.0,0.0
289.564,125.0,6113.16,0.0,-1.0,0.0
224.856,125.0,5871.68,0.0,-1.0,0.0
326.92,125.0,5973.74,0.0,-1.0,0.0
48.0795,125.0,6048.46,0.965928,0.0,0.258811
48.0795,0.0,6048.46,0.965928,0.0,0.258811
85.4359,125.0,5909.04,0.965928,0.0,0.258811
85.4359,125.0,5909.04,0.965928,0.0,0.258811
48.0795,0.0,6048.46,0.965928,0.0,0.258811
85.4359,0.0,5909.04,0.965928,0.0,0.258811
150.143,125.0,6150.52,0.707108,0.0,-0.707106
150.143,0.0,6150.52,0.707108,0.0,-0.707106
48.0795,125.0,6048.46,0.707108,0.0,-0.707106
48.0795,125.0,6048.46,0.707108,0.0,-0.707106
150.143,0.0,6150.52,0.707108,0.0,-0.707106
48.0795,0.0,6048.46,0.707108,0.0,-0.707106
289.564,125.0,6113.16,-0.258811,0.0,-0.965928
289.564,0.0,6113.16,-0.258811,0.0,-0.965928
150.143,125.0,6150.52,-0.258811,0.0,-0.965928
150.143,125.0,6150.52,-0.258811,0.0,-0.965928
289.564,0.0,6113.16,-0.258811,0.0,-0.965928
150.143,0.0,6150.52,-0.258811,0.0,-0.965928
326.92,125.0,5973.74,-0.965928,0.0,-0.258811
326.92,0.0,5973.74,-0.965928,0.0,-0.258811
289.564,125.0,6113.16,-0.965928,0.0,-0.258811
289.564,125.0,6113.16,-0.965928,0.0,-0.258811
326.92,0.0,5973.74,-0.965928,0.0,-0.258811
289.564,0.0,6113.16,-0.965928,0.0,-0.258811
224.856,125.0,5871.68,-0.707108,0.0,0.707106
224.856,0.0,5871.68,-0.707108,0.0,0.707106
326.92,125.0,5973.74,-0.707108,0.0,0.707106
326.92,125.0,5973.74,-0.707108,0.0,0.707106
224.856,0.0,5871.68,-0.707108,0.0,0.707106
326.92,0.0,5973.74,-0.707108,0.0,0.707106
85.4359,125.0,5909.04,0.258811,0.0,0.965928
85.4359,0.0,5909.04,0.258811,0.0,0.965928
224.856,125.0,5871.68,0.258811,0.0,0.965928
224.856,125.0,5871.68,0.258811,0.0,0.965928
85.4359,0.0,5909.04,0.258811,0.0,0.965928
224.856,0.0,5871.68,0.258811,0.0,0.965928
349.88,0.0,6104.85,0.0,-1.0,0.0
334.093,0.0,6128.0,0.0,-1.0,0.0
315.032,0.0,6148.55,0.0,-1.0,0.0
59.9675,0.0,5873.65,0.0,-1.0,0.0
81.8772,0.0,5856.18,0.0,-1.0,0.0
85.4359,0.0,5909.04,0.0,-1.0,0.0
85.4359,0.0,5909.04,0.0,-1.0,0.0
81.8772,0.0,5856.18,0.0,-1.0,0.0
106.147,0.0,5842.17,0.0,-1.0,0.0
187.5,0.0,5823.6,0.0,-1.0,0.0
224.856,0.0,5871.68,0.0,-1.0,0.0
159.554,0.0,5825.69,0.0,-1.0,0.0
159.554,0.0,5825.69,0.0,-1.0,0.0
224.856,0.0,5871.68,0.0,-1.0,0.0
85.4359,0.0,5909.04,0.0,-1.0,0.0
159.554,0.0,5825.69,0.0,-1.0,0.0
85.4359,0.0,5909.04,0.0,-1.0,0.0
132.233,0.0,5831.93,0.0,-1.0,0.0
132.233,0.0,5831.93,0.0,-1.0,0.0
85.4359,0.0,5909.04,0.0,-1.0,0.0
106.147,0.0,5842.17,0.0,-1.0,0.0
48.0795,0.0,6048.46,0.0,-1.0,0.0
4.70066,0.0,6052.82,0.0,-1.0,0.0
0.524044,0.0,6025.11,0.0,-1.0,0.0
326.92,0.0,5973.74,0.0,-1.0,0.0
370.299,0.0,5969.38,0.0,-1.0,0.0
374.475,0.0,5997.09,0.0,-1.0,0.0
268.853,0.0,5842.17,0.0,-1.0,0.0
224.856,0.0,5871.68,0.0,-1.0,0.0
242.766,0.0,5831.93,0.0,-1.0,0.0
242.766,0.0,5831.93,0.0,-1.0,0.0
224.856,0.0,5871.68,0.0,-1.0,0.0
187.5,0.0,5823.6,0.0,-1.0,0.0
242.766,0.0,5831.93,0.0,-1.0,0.0
187.5,0.0,5823.6,0.0,-1.0,0.0
215.445,0.0,5825.69,0.0,-1.0,0.0
40.9064,0.0,5894.2,0.0,-1.0,0.0
59.9675,0.0,5873.65,0.0,-1.0,0.0
25.1203,0.0,5917.35,0.0,-1.0,0.0
25.1203,0.0,5917.35,0.0,-1.0,0.0
59.9675,0.0,5873.65,0.0,-1.0,0.0
85.4359,0.0,5909.04,0.0,-1.0,0.0
25.1203,0.0,5917.35,0.0,-1.0,0.0
85.4359,0.0,5909.04,0.0,-1.0,0.0
12.9609,0.0,5942.6,0.0,-1.0,0.0
12.9609,0.0,5942.6,0.0,-1.0,0.0
85.4359,0.0,5909.04,0.0,-1.0,0.0
48.0795,0.0,6048.46,0.0,-1.0,0.0
12.9609,0.0,5942.6,0.0,-1.0,0.0
48.0795,0.0,6048.46,0.0,-1.0,0.0
4.70066,0.0,5969.38,0.0,-1.0,0.0
4.70066,0.0,5969.38,0.0,-1.0,0.0
48.0795,0.0,6048.46,0.0,-1.0,0.0
0.524044,0.0,6025.11,0.0,-1.0,0.0
4.70066,0.0,5969.38,0.0,-1.0,0.0
0.524044,0.0,6025.11,0.0,-1.0,0.0
0.524044,0.0,5997.09,0.0,-1.0,0.0
150.143,0.0,6150.52,0.0,-1.0,0.0
132.233,0.0,6190.27,0.0,-1.0,0.0
106.147,0.0,6180.03,0.0,-1.0,0.0
349.88,0.0,6104.85,0.0,-1.0,0.0
289.564,0.0,6113.16,0.0,-1.0,0.0
362.039,0.0,6079.6,0.0,-1.0,0.0
362.039,0.0,6079.6,0.0,-1.0,0.0
289.564,0.0,6113.16,0.0,-1.0,0.0
326.92,0.0,5973.74,0.0,-1.0,0.0
362.039,0.0,6079.6,0.0,-1.0,0.0
326.92,0.0,5973.74,0.0,-1.0,0.0
370.299,0.0,6052.82,0.0,-1.0,0.0
370.299,0.0,6052.82,0.0,-1.0,0.0
326.92,0.0,5973.74,0.0,-1.0,0.0
374.475,0.0,5997.09,0.0,-1.0,0.0
370.299,0.0,6052.82,0.0,-1.0,0.0
374.475,0.0,5997.09,0.0,-1.0,0.0
374.475,0.0,6025.11,0.0,-1.0,0.0
362.039,0.0,5942.6,0.0,-1.0,0.0
370.299,0.0,5969.38,0.0,-1.0,0.0
349.88,0.0,5917.35,0.0,-1.0,0.0
349.88,0.0,5917.35,0.0,-1.0,0.0
370.299,0.0,5969.38,0.0,-1.0,0.0
326.92,0.0,5973.74,0.0,-1.0,0.0
349.88,0.0,5917.35,0.0,-1.0,0.0
326.92,0.0,5973.74,0.0,-1.0,0.0
334.093,0.0,5894.2,0.0,-1.0,0.0
334.093,0.0,5894.2,0.0,-1.0,0.0
326.92,0.0,5973.74,0.0,-1.0,0.0
224.856,0.0,5871.68,0.0,-1.0,0.0
334.093,0.0,5894.2,0.0,-1.0,0.0
224.856,0.0,5871.68,0.0,-1.0,0.0
315.032,0.0,5873.65,0.0,-1.0,0.0
315.032,0.0,5873.65,0.0,-1.0,0.0
224.856,0.0,5871.68,0.0,-1.0,0.0
268.853,0.0,5842.17,0.0,-1.0,0.0
315.032,0.0,5873.65,0.0,-1.0,0.0
268.853,0.0,5842.17,0.0,-1.0,0.0
293.122,0.0,5856.18,0.0,-1.0,0.0
12.9609,0.0,6079.6,0.0,-1.0,0.0
4.70066,0.0,6052.82,0.0,-1.0,0.0
25.1203,0.0,6104.85,0.0,-1.0,0.0
25.1203,0.0,6104.85,0.0,-1.0,0.0
4.70066,0.0,6052.82,0.0,-1.0,0.0
48.0795,0.0,6048.46,0.0,-1.0,0.0
25.1203,0.0,6104.85,0.0,-1.0,0.0
48.0795,0.0,6048.46,0.0,-1.0,0.0
40.9064,0.0,6128.0,0.0,-1.0,0.0
40.9064,0.0,6128.0,0.0,-1.0,0.0
48.0795,0.0,6048.46,0.0,-1.0,0.0
150.143,0.0,6150.52,0.0,-1.0,0.0
40.9064,0.0,6128.0,0.0,-1.0,0.0
150.143,0.0,6150.52,0.0,-1.0,0.0
59.9675,0.0,6148.55,0.0,-1.0,0.0
59.9675,0.0,6148.55,0.0,-1.0,0.0
150.143,0.0,6150.52,0.0,-1.0,0.0
106.147,0.0,6180.03,0.0,-1.0,0.0
59.9675,0.0,6148.55,0.0,-1.0,0.0
106.147,0.0,6180.03,0.0,-1.0,0.0
81.8772,0.0,6166.02,0.0,-1.0,0.0
349.88,0.0,6104.85,0.0,-1.0,0.0
315.032,0.0,6148.55,0.0,-1.0,0.0
289.564,0.0,6113.16,0.0,-1.0,0.0
289.564,0.0,6113.16,0.0,-1.0,0.0
315.032,0.0,6148.55,0.0,-1.0,0.0
293.122,0.0,6166.02,0.0,-1.0,0.0
289.564,0.0,6113.16,0.0,-1.0,0.0
293.122,0.0,6166.02,0.0,-1.0,0.0
268.853,0.0,6180.03,0.0,-1.0,0.0
159.554,0.0,6196.51,0.0,-1.0,0.0
132.233,0.0,6190.27,0.0,-1.0,0.0
187.5,0.0,6198.6,0.0,-1.0,0.0
187.5,0.0,6198.6,0.0,-1.0,0.0
132.233,0.0,6190.27,0.0,-1.0,0.0
150.143,0.0,6150.52,0.0,-1.0,0.0
187.5,0.0,6198.6,0.0,-1.0,0.0
150.143,0.0,6150.52,0.0,-1.0,0.0
215.445,0.0,6196.51,0.0,-1.0,0.0
215.445,0.0,6196.51,0.0,-1.0,0.0
150.143,0.0,6150.52,0.0,-1.0,0.0
289.564,0.0,6113.16,0.0,-1.0,0.0
215.445,0.0,6196.51,0.0,-1.0,0.0
289.564,0.0,6113.16,0.0,-1.0,0.0
242.766,0.0,6190.27,0.0,-1.0,0.0
242.766,0.0,6190.27,0.0,-1.0,0.0
289.564,0.0,6113.16,0.0,-1.0,0.0
268.853,0.0,6180.03,0.0,-1.0,0.0
215.445,250.0,6196.51,0.222502,0.0,0.974932
215.445,0.0,6196.51,0.222502,0.0,0.974932
242.766,250.0,6190.27,0.222502,0.0,0.974932
242.766,250.0,6190.27,0.222502,0.0,0.974932
215.445,0.0,6196.51,0.222502,0.0,0.974932
242.766,0.0,6190.27,0.222502,0.0,0.974932
242.766,250.0,6190.27,0.36534,0.0,0.930874
242.766,0.0,6190.27,0.36534,0.0,0.930874
268.853,250.0,6180.03,0.36534,0.0,0.930874
268.853,250.0,6180.03,0.36534,0.0,0.930874
242.766,0.0,6190.27,0.36534,0.0,0.930874
268.853,0.0,6180.03,0.36534,0.0,0.930874
268.853,250.0,6180.03,0.499999,0.0,0.866026
268.853,0.0,6180.03,0.499999,0.0,0.866026
293.122,250.0,6166.02,0.499999,0.0,0.866026
293.122,250.0,6166.02,0.499999,0.0,0.866026
268.853,0.0,6180.03,0.499999,0.0,0.866026
293.122,0.0,6166.02,0.499999,0.0,0.866026
293.122,250.0,6166.02,0.623495,0.0,0.781827
293.122,0.0,6166.02,0.623495,0.0,0.781827
315.032,250.0,6148.55,0.623495,0.0,0.781827
315.032,250.0,6148.55,0.623495,0.0,0.781827
293.122,0.0,6166.02,0.623495,0.0,0.781827
315.032,0.0,6148.55,0.623495,0.0,0.781827
315.032,250.0,6148.55,0.733052,0.0,0.680172
315.032,0.0,6148.55,0.733052,0.0,0.680172
334.093,250.0,6128.0,0.733052,0.0,0.680172
334.093,250.0,6128.0,0.733052,0.0,0.680172
315.032,0.0,6148.55,0.733052,0.0,0.680172
334.093,0.0,6128.0,0.733052,0.0,0.680172
334.093,250.0,6128.0,0.826239,0.0,0.56332
334.093,0.0,6128.0,0.826239,0.0,0.56332
349.88,250.0,6104.85,0.826239,0.0,0.56332
349.88,250.0,6104.85,0.826239,0.0,0.56332
334.093,0.0,6128.0,0.826239,0.0,0.56332
349.88,0.0,6104.85,0.826239,0.0,0.56332
349.88,250.0,6104.85,0.900971,0.0,0.433879
349.88,0.0,6104.85,0.900971,0.0,0.433879
362.039,250.0,6079.6,0.900971,0.0,0.433879
362.039,250.0,6079.6,0.900971,0.0,0.433879
349.88,0.0,6104.85,0.900971,0.0,0.433879
362.039,0.0,6079.6,0.900971,0.0,0.433879
362.039,250.0,6079.6,0.95557,0.0,0.294763
362.039,0.0,6079.6,0.95557,0.0,0.294763
370.299,250.0,6052.82,0.95557,0.0,0.294763
370.299,250.0,6052.82,0.95557,0.0,0.294763
362.039,0.0,6079.6,0.95557,0.0,0.294763
370.299,0.0,6052.82,0.95557,0.0,0.294763
370.299,250.0,6052.82,0.988832,0.0,0.149037
370.299,0.0,6052.82,0.988832,0.0,0.149037
374.475,250.0,6025.11,0.988832,0.0,0.149037
374.475,250.0,6025.11,0.988832,0.0,0.149037
370.299,0.0,6052.82,0.988832,0.0,0.149037
374.475,0.0,6025.11,0.988832,0.0,0.149037
374.475,250.0,6025.11,1.0,0.0,0.0
374.475,0.0,6025.11,1.0,0.0,0.0
374.475,250.0,5997.09,1.0,0.0,0.0
374.475,250.0,5997.09,1.0,0.0,0.0
374.475,0.0,6025.11,1.0,0.0,0.0
374.475,0.0,5997.09,1.0,0.0,0.0
374.475,250.0,5997.09,0.988831,0.0,-0.14904
374.475,0.0,5997.09,0.988831,0.0,-0.14904
370.299,250.0,5969.38,0.988831,0.0,-0.14904
370.299,250.0,5969.38,0.988831,0.0,-0.14904
374.475,0.0,5997.09,0.988831,0.0,-0.14904
370.299,0.0,5969.38,0.988831,0.0,-0.14904
370.299,250.0,5969.38,0.955573,0.0,-0.294753
370.299,0.0,5969.38,0.955573,0.0,-0.294753
362.039,250.0,5942.6,0.955573,0.0,-0.294753
362.039,250.0,5942.6,0.955573,0.0,-0.294753
370.299,0.0,5969.38,0.955573,0.0,-0.294753
362.039,0.0,5942.6,0.955573,0.0,-0.294753
362.039,250.0,5942.6,0.900971,0.0,-0.433879
362.039,0.0,5942.6,0.900971,0.0,-0.433879
349.88,250.0,5917.35,0.900971,0.0,-0.433879
349.88,250.0,5917.35,0.900971,0.0,-0.433879
362.039,0.0,5942.6,0.900971,0.0,-0.433879
349.88,0.0,5917.35,0.900971,0.0,-0.433879
349.88,250.0,5917.35,0.826233,0.0,-0.563328
349.88,0.0,5917.35,0.826233,0.0,-0.563328
334.093,250.0,5894.2,0.826233,0.0,-0.563328
334.093,250.0,5894.2,0.826233,0.0,-0.563328
349.88,0.0,5917.35,0.826233,0.0,-0.563328
334.093,0.0,5894.2,0.826233,0.0,-0.563328
334.093,250.0,5894.2,0.733044,0.0,-0.680181
334.093,0.0,5894.2,0.733044,0.0,-0.680181
315.032,250.0,5873.65,0.733044,0.0,-0.680181
315.032,250.0,5873.65,0.733044,0.0,-0.680181
334.093,0.0,5894.2,0.733044,0.0,-0.680181
315.032,0.0,5873.65,0.733044,0.0,-0.680181
315.032,250.0,5873.65,0.623495,0.0,-0.781827
315.032,0.0,5873.65,0.623495,0.0,-0.781827
293.122,250.0,5856.18,0.623495,0.0,-0.781827
293.122,250.0,5856.18,0.623495,0.0,-0.781827
315.032,0.0,5873.65,0.623495,0.0,-0.781827
293.122,0.0,5856.18,0.623495,0.0,-0.781827
293.122,250.0,5856.18,0.499999,0.0,-0.866026
293.122,0.0,5856.18,0.499999,0.0,-0.866026
268.853,250.0,5842.17,0.499999,0.0,-0.866026
268.853,250.0,5842.17,0.499999,0.0,-0.866026
293.122,0.0,5856.18,0.499999,0.0,-0.866026
268.853,0.0,5842.17,0.499999,0.0,-0.866026
268.853,250.0,5842.17,0.36534,0.0,-0.930874
268.853,0.0,5842.17,0.36534,0.0,-0.930874
242.766,250.0,5831.93,0.36534,0.0,-0.930874
242.766,250.0,5831.93,0.36534,0.0,-0.930874
268.853,0.0,5842.17,0.36534,0.0,-0.930874
242.766,0.0,5831.93,0.36534,0.0,-0.930874
242.766,250.0,5831.93,0.222535,0.0,-0.974925
242.766,0.0,5831.93,0.222535,0.0,-0.974925
215.445,250.0,5825.69,0.222535,0.0,-0.974925
215.445,250.0,5825.69,0.222535,0.0,-0.974925
242.766,0.0,5831.93,0.222535,0.0,-0.974925
215.445,0.0,5825.69,0.222535,0.0,-0.974925
215.445,250.0,5825.69,0.0747318,0.0,-0.997204
215.445,0.0,5825.69,0.0747318,0.0,-0.997204
187.5,250.0,5823.6,0.0747318,0.0,-0.997204
187.5,250.0,5823.6,0.0747318,0.0,-0.997204
215.445,0.0,5825.69,0.0747318,0.0,-0.997204
187.5,0.0,5823.6,0.0747318,0.0,-0.997204
187.5,250.0,5823.6,-0.0747305,0.0,-0.997204
187.5,0.0,5823.6,-0.0747305,0.0,-0.997204
159.554,250.0,5825.69,-0.0747305,0.0,-0.997204
159.554,250.0,5825.69,-0.0747305,0.0,-0.997204
187.5,0.0,5823.6,-0.0747305,0.0,-0.997204
159.554,0.0,5825.69,-0.0747305,0.0,-0.997204
159.554,250.0,5825.69,-0.222535,0.0,-0.974925
159.554,0.0,5825.69,-0.222535,0.0,-0.974925
132.233,250.0,5831.93,-0.222535,0.0,-0.974925
132.233,250.0,5831.93,-0.222535,0.0,-0.974925
159.554,0.0,5825.69,-0.222535,0.0,-0.974925
132.233,0.0,5831.93,-0.222535,0.0,-0.974925
132.233,250.0,5831.93,-0.365346,0.0,-0.930872
132.233,0.0,5831.93,-0.365346,0.0,-0.930872
106.147,250.0,5842.17,-0.365346,0.0,-0.930872
106.147,250.0,5842.17,-0.365346,0.0,-0.930872
132.233,0.0,5831.93,-0.365346,0.0,-0.930872
106.147,0.0,5842.17,-0.365346,0.0,-0.930872
106.147,250.0,5842.17,-0.499991,0.0,-0.866031
106.147,0.0,5842.17,-0.499991,0.0,-0.866031
81.8772,250.0,5856.18,-0.499991,0.0,-0.866031
81.8772,250.0,5856.18,-0.499991,0.0,-0.866031
106.147,0.0,5842.17,-0.499991,0.0,-0.866031
81.8772,0.0,5856.18,-0.499991,0.0,-0.866031
81.8772,250.0,5856.18,-0.623495,0.0,-0.781827
81.8772,0.0,5856.18,-0.623495,0.0,-0.781827
59.9675,250.0,5873.65,-0.623495,0.0,-0.781827
59.9675,250.0,5873.65,-0.623495,0.0,-0.781827
81.8772,0.0,5856.18,-0.623495,0.0,-0.781827
59.9675,0.0,5873.65,-0.623495,0.0,-0.781827
59.9675,250.0,5873.65,-0.733044,0.0,-0.680181
59.9675,0.0,5873.65,-0.733044,0.0,-0.680181
40.9064,250.0,5894.2,-0.733044,0.0,-0.680181
40.9064,250.0,5894.2,-0.733044,0.0,-0.680181
59.9675,0.0,5873.65,-0.733044,0.0,-0.680181
40.9064,0.0,5894.2,-0.733044,0.0,-0.680181
40.9064,250.0,5894.2,-0.826241,0.0,-0.563316
40.9064,0.0,5894.2,-0.826241,0.0,-0.563316
25.1203,250.0,5917.35,-0.826241,0.0,-0.563316
25.1203,250.0,5917.35,-0.826241,0.0,-0.563316
40.9064,0.0,5894.2,-0.826241,0.0,-0.563316
25.1203,0.0,5917.35,-0.826241,0.0,-0.563316
25.1203,250.0,5917.35,-0.900965,0.0,-0.433892
25.1203,0.0,5917.35,-0.900965,0.0,-0.433892
12.9609,250.0,5942.6,-0.900965,0.0,-0.433892
12.9609,250.0,5942.6,-0.900965,0.0,-0.433892
25.1203,0.0,5917.35,-0.900965,0.0,-0.433892
12.9609,0.0,5942.6,-0.900965,0.0,-0.433892
12.9609,250.0,5942.6,-0.955573,0.0,-0.294753
12.9609,0.0,5942.6,-0.955573,0.0,-0.294753
4.70066,250.0,5969.38,-0.955573,0.0,-0.294753
4.70066,250.0,5969.38,-0.955573,0.0,-0.294753
12.9609,0.0,5942.6,-0.955573,0.0,-0.294753
4.70066,0.0,5969.38,-0.955573,0.0,-0.294753
4.70066,250.0,5969.38,-0.988831,0.0,-0.14904
4.70066,0.0,5969.38,-0.988831,0.0,-0.14904
0.524044,250.0,5997.09,-0.988831,0.0,-0.14904
0.524044,250.0,5997.09,-0.988831,0.0,-0.14904
4.70066,0.0,5969.38,-0.988831,0.0,-0.14904
0.524044,0.0,5997.09,-0.988831,0.0,-0.14904
0.524044,250.0,5997.09,-1.0,0.0,0.0
0.524044,0.0,5997.09,-1.0,0.0,0.0
0.524044,250.0,6025.11,-1.0,0.0,0.0
0.524044,250.0,6025.11,-1.0,0.0,0.0
0.524044,0.0,5997.09,-1.0,0.0,0.0
0.524044,0.0,6025.11,-1.0,0.0,0.0
0.524044,250.0,6025.11,-0.988832,0.0,0.149038
0.524044,0.0,6025.11,-0.988832,0.0,0.149038
4.70066,250.0,6052.82,-0.988832,0.0,0.149038
4.70066,250.0,6052.82,-0.988832,0.0,0.149038
0.524044,0.0,6025.11,-0.988832,0.0,0.149038
4.70066,0.0,6052.82,-0.988832,0.0,0.149038
4.70066,250.0,6052.82,-0.95557,0.0,0.294763
4.70066,0.0,6052.82,-0.95557,0.0,0.294763
12.9609,250.0,6079.6,-0.95557,0.0,0.294763
12.9609,250.0,6079.6,-0.95557,0.0,0.294763
4.70066,0.0,6052.82,-0.95557,0.0,0.294763
12.9609,0.0,6079.6,-0.95557,0.0,0.294763
12.9609,250.0,6079.6,-0.900965,0.0,0.433892
12.9609,0.0,6079.6,-0.900965,0.0,0.433892
25.1203,250.0,6104.85,-0.900965,0.0,0.433892
25.1203,250.0,6104.85,-0.900965,0.0,0.433892
12.9609,0.0,6079.6,-0.900965,0.0,0.433892
25.1203,0.0,6104.85,-0.900965,0.0,0.433892
25.1203,250.0,6104.85,-0.826247,0.0,0.563308
25.1203,0.0,6104.85,-0.826247,0.0,0.563308
40.9064,250.0,6128.0,-0.826247,0.0,0.563308
40.9064,250.0,6128.0,-0.826247,0.0,0.563308
25.1203,0.0,6104.85,-0.826247,0.0,0.563308
40.9064,0.0,6128.0,-0.826247,0.0,0.563308
40.9064,250.0,6128.0,-0.733052,0.0,0.680173
40.9064,0.0,6128.0,-0.733052,0.0,0.680173
59.9675,250.0,6148.55,-0.733052,0.0,0.680173
59.9675,250.0,6148.55,-0.733052,0.0,0.680173
40.9064,0.0,6128.0,-0.733052,0.0,0.680173
59.9675,0.0,6148.55,-0.733052,0.0,0.680173
59.9675,250.0,6148.55,-0.623495,0.0,0.781827
59.9675,0.0,6148.55,-0.623495,0.0,0.781827
81.8772,250.0,6166.02,-0.623495,0.0,0.781827
81.8772,250.0,6166.02,-0.623495,0.0,0.781827
59.9675,0.0,6148.55,-0.623495,0.0,0.781827
81.8772,0.0,6166.02,-0.623495,0.0,0.781827
81.8772,250.0,6166.02,-0.499991,0.0,0.866031
81.8772,0.0,6166.02,-0.499991,0.0,0.866031
106.147,250.0,6180.03,-0.499991,0.0,0.866031
106.147,250.0,6180.03,-0.499991,0.0,0.866031
81.8772,0.0,6166.02,-0.499991,0.0,0.866031
106.147,0.0,6180.03,-0.499991,0.0,0.866031
106.147,250.0,6180.03,-0.365346,0.0,0.930872
106.147,0.0,6180.03,-0.365346,0.0,0.930872
132.233,250.0,6190.27,-0.365346,0.0,0.930872
132.233,250.0,6190.27,-0.365346,0.0,0.930872
106.147,0.0,6180.03,-0.365346,0.0,0.930872
132.233,0.0,6190.27,-0.365346,0.0,0.930872
132.233,250.0,6190.27,-0.222502,0.0,0.974932
132.233,0.0,6190.27,-0.222502,0.0,0.974932
159.554,250.0,6196.51,-0.222502,0.0,0.974932
159.554,250.0,6196.51,-0.222502,0.0,0.974932
132.233,0.0,6190.27,-0.222502,0.0,0.974932
159.554,0.0,6196.51,-0.222502,0.0,0.974932
159.554,250.0,6196.51,-0.0747305,0.0,0.997204
159.554,0.0,6196.51,-0.0747305,0.0,0.997204
187.5,250.0,6198.6,-0.0747305,0.0,0.997204
187.5,250.0,6198.6,-0.0747305,0.0,0.997204
159.554,0.0,6196.51,-0.0747305,0.0,0.997204
187.5,0.0,6198.6,-0.0747305,0.0,0.997204
187.5,250.0,6198.6,0.0747318,0.0,0.997204
187.5,0.0,6198.6,0.0747318,0.0,0.997204
215.445,250.0,6196.51,0.0747318,0.0,0.997204
215.445,250.0,6196.51,0.0747318,0.0,0.997204
187.5,0.0,6198.6,0.0747318,0.0,0.997204
215.445,0.0,6196.51,0.0747318,0.0,0.997204
198.101,250.0,5886.55,0.0,1.0,0.0
187.5,250.0,5823.6,0.0,1.0,0.0
176.899,250.0,5886.55,0.0,1.0,0.0
176.899,250.0,5886.55,0.0,1.0,0.0
187.5,250.0,5823.6,0.0,1.0,0.0
159.554,250.0,5825.69,0.0,1.0,0.0
176.899,250.0,5886.55,0.0,1.0,0.0
159.554,250.0,5825.69,0.0,1.0,0.0
156.003,250.0,5890.13,0.0,1.0,0.0
156.003,250.0,5890.13,0.0,1.0,0.0
159.554,250.0,5825.69,0.0,1.0,0.0
132.233,250.0,5831.93,0.0,1.0,0.0
156.003,250.0,5890.13,0.0,1.0,0.0
132.233,250.0,5831.93,0.0,1.0,0.0
136.012,250.0,5897.2,0.0,1.0,0.0
136.012,250.0,5897.2,0.0,1.0,0.0
132.233,250.0,5831.93,0.0,1.0,0.0
106.147,250.0,5842.17,0.0,1.0,0.0
136.012,250.0,5897.2,0.0,1.0,0.0
106.147,250.0,5842.17,0.0,1.0,0.0
117.503,250.0,5907.54,0.0,1.0,0.0
117.503,250.0,5907.54,0.0,1.0,0.0
106.147,250.0,5842.17,0.0,1.0,0.0
81.8772,250.0,5856.18,0.0,1.0,0.0
117.503,250.0,5907.54,0.0,1.0,0.0
81.8772,250.0,5856.18,0.0,1.0,0.0
101.007,250.0,5920.86,0.0,1.0,0.0
101.007,250.0,5920.86,0.0,1.0,0.0
81.8772,250.0,5856.18,0.0,1.0,0.0
59.9675,250.0,5873.65,0.0,1.0,0.0
101.007,250.0,5920.86,0.0,1.0,0.0
59.9675,250.0,5873.65,0.0,1.0,0.0
87.0004,250.0,5936.77,0.0,1.0,0.0
87.0004,250.0,5936.77,0.0,1.0,0.0
59.9675,250.0,5873.65,0.0,1.0,0.0
40.9064,250.0,5894.2,0.0,1.0,0.0
87.0004,250.0,5936.77,0.0,1.0,0.0
40.9064,250.0,5894.2,0.0,1.0,0.0
75.8839,250.0,5954.82,0.0,1.0,0.0
40.9064,250.0,5894.2,0.0,1.0,0.0
25.1203,250.0,5917.35,0.0,1.0,0.0
75.8839,250.0,5954.82,0.0,1.0,0.0
75.8839,250.0,5954.82,0.0,1.0,0.0
25.1203,250.0,5917.35,0.0,1.0,0.0
12.9609,250.0,5942.6,0.0,1.0,0.0
75.8839,250.0,5954.82,0.0,1.0,0.0
12.9609,250.0,5942.6,0.0,1.0,0.0
67.9789,250.0,5974.5,0.0,1.0,0.0
67.9789,250.0,5974.5,0.0,1.0,0.0
12.9609,250.0,5942.6,0.0,1.0,0.0
4.70066,250.0,5969.38,0.0,1.0,0.0
67.9789,250.0,5974.5,0.0,1.0,0.0
4.70066,250.0,5969.38,0.0,1.0,0.0
63.5123,250.0,5995.22,0.0,1.0,0.0
63.5123,250.0,5995.22,0.0,1.0,0.0
4.70066,250.0,5969.38,0.0,1.0,0.0
0.524044,250.0,5997.09,0.0,1.0,0.0
63.5123,250.0,5995.22,0.0,1.0,0.0
0.524044,250.0,5997.09,0.0,1.0,0.0
62.6125,250.0,6016.41,0.0,1.0,0.0
62.6125,250.0,6016.41,0.0,1.0,0.0
0.524044,250.0,5997.09,0.0,1.0,0.0
0.524044,250.0,6025.11,0.0,1.0,0.0
62.6125,250.0,6016.41,0.0,1.0,0.0
0.524044,250.0,6025.11,0.0,1.0,0.0
65.3052,250.0,6037.44,0.0,1.0,0.0
65.3052,250.0,6037.44,0.0,1.0,0.0
0.524044,250.0,6025.11,0.0,1.0,0.0
4.70066,250.0,6052.82,0.0,1.0,0.0
65.3052,250.0,6037.44,0.0,1.0,0.0
4.70066,250.0,6052.82,0.0,1.0,0.0
71.5137,250.0,6057.71,0.0,1.0,0.0
71.5137,250.0,6057.71,0.0,1.0,0.0
4.70066,250.0,6052.82,0.0,1.0,0.0
12.9609,250.0,6079.6,0.0,1.0,0.0
71.5137,250.0,6057.71,0.0,1.0,0.0
12.9609,250.0,6079.6,0.0,1.0,0.0
81.0585,250.0,6076.64,0.0,1.0,0.0
81.0585,250.0,6076.64,0.0,1.0,0.0
12.9609,250.0,6079.6,0.0,1.0,0.0
25.1203,250.0,6104.85,0.0,1.0,0.0
81.0585,250.0,6076.64,0.0,1.0,0.0
25.1203,250.0,6104.85,0.0,1.0,0.0
93.6656,250.0,6093.68,0.0,1.0,0.0
93.6656,250.0,6093.68,0.0,1.0,0.0
25.1203,250.0,6104.85,0.0,1.0,0.0
40.9064,250.0,6128.0,0.0,1.0,0.0
93.6656,250.0,6093.68,0.0,1.0,0.0
40.9064,250.0,6128.0,0.0,1.0,0.0
108.973,250.0,6108.35,0.0,1.0,0.0
40.9064,250.0,6128.0,0.0,1.0,0.0
59.9675,250.0,6148.55,0.0,1.0,0.0
108.973,250.0,6108.35,0.0,1.0,0.0
108.973,250.0,6108.35,0.0,1.0,0.0
59.9675,250.0,6148.55,0.0,1.0,0.0
81.8772,250.0,6166.02,0.0,1.0,0.0
108.973,250.0,6108.35,0.0,1.0,0.0
81.8772,250.0,6166.02,0.0,1.0,0.0
126.538,250.0,6120.23,0.0,1.0,0.0
126.538,250.0,6120.23,0.0,1.0,0.0
81.8772,250.0,6166.02,0.0,1.0,0.0
106.147,250.0,6180.03,0.0,1.0,0.0
126.538,250.0,6120.23,0.0,1.0,0.0
106.147,250.0,6180.03,0.0,1.0,0.0
145.857,250.0,6128.96,0.0,1.0,0.0
145.857,250.0,6128.96,0.0,1.0,0.0
106.147,250.0,6180.03,0.0,1.0,0.0
132.233,250.0,6190.27,0.0,1.0,0.0
145.857,250.0,6128.96,0.0,1.0,0.0
132.233,250.0,6190.27,0.0,1.0,0.0
166.375,250.0,6134.3,0.0,1.0,0.0
166.375,250.0,6134.3,0.0,1.0,0.0
132.233,250.0,6190.27,0.0,1.0,0.0
159.554,250.0,6196.51,0.0,1.0,0.0
166.375,250.0,6134.3,0.0,1.0,0.0
159.554,250.0,6196.51,0.0,1.0,0.0
187.5,250.0,6136.1,0.0,1.0,0.0
187.5,250.0,6136.1,0.0,1.0,0.0
159.554,250.0,6196.51,0.0,1.0,0.0
187.5,250.0,6198.6,0.0,1.0,0.0
187.5,250.0,6136.1,0.0,1.0,0.0
187.5,250.0,6198.6,0.0,1.0,0.0
208.625,250.0,6134.3,0.0,1.0,0.0
208.625,250.0,6134.3,0.0,1.0,0.0
187.5,250.0,6198.6,0.0,1.0,0.0
215.445,250.0,6196.51,0.0,1.0,0.0
208.625,250.0,6134.3,0.0,1.0,0.0
215.445,250.0,6196.51,0.0,1.0,0.0
229.142,250.0,6128.96,0.0,1.0,0.0
229.142,250.0,6128.96,0.0,1.0,0.0
215.445,250.0,6196.51,0.0,1.0,0.0
242.766,250.0,6190.27,0.0,1.0,0.0
229.142,250.0,6128.96,0.0,1.0,0.0
242.766,250.0,6190.27,0.0,1.0,0.0
248.462,250.0,6120.23,0.0,1.0,0.0
307.021,250.0,5974.5,0.0,1.0,0.0
362.039,250.0,5942.6,0.0,1.0,0.0
299.116,250.0,5954.82,0.0,1.0,0.0
299.116,250.0,5954.82,0.0,1.0,0.0
362.039,250.0,5942.6,0.0,1.0,0.0
349.88,250.0,5917.35,0.0,1.0,0.0
299.116,250.0,5954.82,0.0,1.0,0.0
349.88,250.0,5917.35,0.0,1.0,0.0
288.0,250.0,5936.77,0.0,1.0,0.0
288.0,250.0,5936.77,0.0,1.0,0.0
349.88,250.0,5917.35,0.0,1.0,0.0
334.093,250.0,5894.2,0.0,1.0,0.0
288.0,250.0,5936.77,0.0,1.0,0.0
334.093,250.0,5894.2,0.0,1.0,0.0
273.992,250.0,5920.86,0.0,1.0,0.0
273.992,250.0,5920.86,0.0,1.0,0.0
334.093,250.0,5894.2,0.0,1.0,0.0
315.032,250.0,5873.65,0.0,1.0,0.0
273.992,250.0,5920.86,0.0,1.0,0.0
315.032,250.0,5873.65,0.0,1.0,0.0
257.497,250.0,5907.54,0.0,1.0,0.0
257.497,250.0,5907.54,0.0,1.0,0.0
315.032,250.0,5873.65,0.0,1.0,0.0
293.122,250.0,5856.18,0.0,1.0,0.0
257.497,250.0,5907.54,0.0,1.0,0.0
293.122,250.0,5856.18,0.0,1.0,0.0
238.987,250.0,5897.2,0.0,1.0,0.0
238.987,250.0,5897.2,0.0,1.0,0.0
293.122,250.0,5856.18,0.0,1.0,0.0
268.853,250.0,5842.17,0.0,1.0,0.0
238.987,250.0,5897.2,0.0,1.0,0.0
268.853,250.0,5842.17,0.0,1.0,0.0
218.997,250.0,5890.13,0.0,1.0,0.0
218.997,250.0,5890.13,0.0,1.0,0.0
268.853,250.0,5842.17,0.0,1.0,0.0
242.766,250.0,5831.93,0.0,1.0,0.0
218.997,250.0,5890.13,0.0,1.0,0.0
242.766,250.0,5831.93,0.0,1.0,0.0
198.101,250.0,5886.55,0.0,1.0,0.0
198.101,250.0,5886.55,0.0,1.0,0.0
242.766,250.0,5831.93,0.0,1.0,0.0
215.445,250.0,5825.69,0.0,1.0,0.0
198.101,250.0,5886.55,0.0,1.0,0.0
215.445,250.0,5825.69,0.0,1.0,0.0
187.5,250.0,5823.6,0.0,1.0,0.0
242.766,250.0,6190.27,0.0,1.0,0.0
268.853,250.0,6180.03,0.0,1.0,0.0
248.462,250.0,6120.23,0.0,1.0,0.0
248.462,250.0,6120.23,0.0,1.0,0.0
268.853,250.0,6180.03,0.0,1.0,0.0
293.122,250.0,6166.02,0.0,1.0,0.0
248.462,250.0,6120.23,0.0,1.0,0.0
293.122,250.0,6166.02,0.0,1.0,0.0
266.027,250.0,6108.35,0.0,1.0,0.0
266.027,250.0,6108.35,0.0,1.0,0.0
293.122,250.0,6166.02,0.0,1.0,0.0
315.032,250.0,6148.55,0.0,1.0,0.0
266.027,250.0,6108.35,0.0,1.0,0.0
315.032,250.0,6148.55,0.0,1.0,0.0
281.334,250.0,6093.68,0.0,1.0,0.0
281.334,250.0,6093.68,0.0,1.0,0.0
315.032,250.0,6148.55,0.0,1.0,0.0
334.093,250.0,6128.0,0.0,1.0,0.0
281.334,250.0,6093.68,0.0,1.0,0.0
334.093,250.0,6128.0,0.0,1.0,0.0
293.941,250.0,6076.64,0.0,1.0,0.0
293.941,250.0,6076.64,0.0,1.0,0.0
334.093,250.0,6128.0,0.0,1.0,0.0
349.88,250.0,6104.85,0.0,1.0,0.0
293.941,250.0,6076.64,0.0,1.0,0.0
349.88,250.0,6104.85,0.0,1.0,0.0
303.486,250.0,6057.71,0.0,1.0,0.0
303.486,250.0,6057.71,0.0,1.0,0.0
349.88,250.0,6104.85,0.0,1.0,0.0
362.039,250.0,6079.6,0.0,1.0,0.0
303.486,250.0,6057.71,0.0,1.0,0.0
362.039,250.0,6079.6,0.0,1.0,0.0
309.694,250.0,6037.44,0.0,1.0,0.0
309.694,250.0,6037.44,0.0,1.0,0.0
362.039,250.0,6079.6,0.0,1.0,0.0
370.299,250.0,6052.82,0.0,1.0,0.0
309.694,250.0,6037.44,0.0,1.0,0.0
370.299,250.0,6052.82,0.0,1.0,0.0
312.387,250.0,6016.41,0.0,1.0,0.0
312.387,250.0,6016.41,0.0,1.0,0.0
370.299,250.0,6052.82,0.0,1.0,0.0
374.475,250.0,6025.11,0.0,1.0,0.0
312.387,250.0,6016.41,0.0,1.0,0.0
374.475,250.0,6025.11,0.0,1.0,0.0
311.487,250.0,5995.22,0.0,1.0,0.0
311.487,250.0,5995.22,0.0,1.0,0.0
374.475,250.0,6025.11,0.0,1.0,0.0
374.475,250.0,5997.09,0.0,1.0,0.0
311.487,250.0,5995.22,0.0,1.0,0.0
374.475,250.0,5997.09,0.0,1.0,0.0
307.021,250.0,5974.5,0.0,1.0,0.0
307.021,250.0,5974.5,0.0,1.0,0.0
374.475,250.0,5997.09,0.0,1.0,0.0
370.299,250.0,5969.38,0.0,1.0,0.0
307.021,250.0,5974.5,0.0,1.0,0.0
370.299,250.0,5969.38,0.0,1.0,0.0
362.039,250.0,5942.6,0.0,1.0,0.0
266.027,1000.0,6108.35,0.0,1.0,0.0
281.334,1000.0,6093.68,0.0,1.0,0.0
87.0004,1000.0,5936.77,0.0,1.0,0.0
257.497,1000.0,5907.54,0.0,1.0,0.0
238.987,1000.0,5897.2,0.0,1.0,0.0
281.334,1000.0,6093.68,0.0,1.0,0.0
87.0004,1000.0,5936.77,0.0,1.0,0.0
75.8839,1000.0,5954.82,0.0,1.0,0.0
187.5,1000.0,6136.1,0.0,1.0,0.0
187.5,1000.0,6136.1,0.0,1.0,0.0
75.8839,1000.0,5954.82,0.0,1.0,0.0
67.9789,1000.0,5974.5,0.0,1.0,0.0
248.462,1000.0,6120.23,0.0,1.0,0.0
266.027,1000.0,6108.35,0.0,1.0,0.0
229.142,1000.0,6128.96,0.0,1.0,0.0
229.142,1000.0,6128.96,0.0,1.0,0.0
266.027,1000.0,6108.35,0.0,1.0,0.0
87.0004,1000.0,5936.77,0.0,1.0,0.0
229.142,1000.0,6128.96,0.0,1.0,0.0
87.0004,1000.0,5936.77,0.0,1.0,0.0
208.625,1000.0,6134.3,0.0,1.0,0.0
208.625,1000.0,6134.3,0.0,1.0,0.0
87.0004,1000.0,5936.77,0.0,1.0,0.0
187.5,1000.0,6136.1,0.0,1.0,0.0
281.334,1000.0,6093.68,0.0,1.0,0.0
293.941,1000.0,6076.64,0.0,1.0,0.0
307.021,1000.0,5974.5,0.0,1.0,0.0
307.021,1000.0,5974.5,0.0,1.0,0.0
293.941,1000.0,6076.64,0.0,1.0,0.0
303.486,1000.0,6057.71,0.0,1.0,0.0
307.021,1000.0,5974.5,0.0,1.0,0.0
303.486,1000.0,6057.71,0.0,1.0,0.0
311.487,1000.0,5995.22,0.0,1.0,0.0
311.487,1000.0,5995.22,0.0,1.0,0.0
303.486,1000.0,6057.71,0.0,1.0,0.0
309.694,1000.0,6037.44,0.0,1.0,0.0
311.487,1000.0,5995.22,0.0,1.0,0.0
309.694,1000.0,6037.44,0.0,1.0,0.0
312.387,1000.0,6016.41,0.0,1.0,0.0
273.992,1000.0,5920.86,0.0,1.0,0.0
257.497,1000.0,5907.54,0.0,1.0,0.0
288.0,1000.0,5936.77,0.0,1.0,0.0
288.0,1000.0,5936.77,0.0,1.0,0.0
257.497,1000.0,5907.54,0.0,1.0,0.0
281.334,1000.0,6093.68,0.0,1.0,0.0
288.0,1000.0,5936.77,0.0,1.0,0.0
281.334,1000.0,6093.68,0.0,1.0,0.0
299.116,1000.0,5954.82,0.0,1.0,0.0
299.116,1000.0,5954.82,0.0,1.0,0.0
281.334,1000.0,6093.68,0.0,1.0,0.0
307.021,1000.0,5974.5,0.0,1.0,0.0
238.987,1000.0,5897.2,0.0,1.0,0.0
218.997,1000.0,5890.13,0.0,1.0,0.0
281.334,1000.0,6093.68,0.0,1.0,0.0
281.334,1000.0,6093.68,0.0,1.0,0.0
218.997,1000.0,5890.13,0.0,1.0,0.0
198.101,1000.0,5886.55,0.0,1.0,0.0
281.334,1000.0,6093.68,0.0,1.0,0.0
198.101,1000.0,5886.55,0.0,1.0,0.0
176.899,1000.0,5886.55,0.0,1.0,0.0
93.6656,1000.0,6093.68,0.0,1.0,0.0
108.973,1000.0,6108.35,0.0,1.0,0.0
81.0585,1000.0,6076.64,0.0,1.0,0.0
81.0585,1000.0,6076.64,0.0,1.0,0.0
108.973,1000.0,6108.35,0.0,1.0,0.0
67.9789,1000.0,5974.5,0.0,1.0,0.0
166.375,1000.0,6134.3,0.0,1.0,0.0
187.5,1000.0,6136.1,0.0,1.0,0.0
145.857,1000.0,6128.96,0.0,1.0,0.0
145.857,1000.0,6128.96,0.0,1.0,0.0
187.5,1000.0,6136.1,0.0,1.0,0.0
67.9789,1000.0,5974.5,0.0,1.0,0.0
145.857,1000.0,6128.96,0.0,1.0,0.0
67.9789,1000.0,5974.5,0.0,1.0,0.0
126.538,1000.0,6120.23,0.0,1.0,0.0
126.538,1000.0,6120.23,0.0,1.0,0.0
67.9789,1000.0,5974.5,0.0,1.0,0.0
108.973,1000.0,6108.35,0.0,1.0,0.0
101.007,1000.0,5920.86,0.0,1.0,0.0
87.0004,1000.0,5936.77,0.0,1.0,0.0
117.503,1000.0,5907.54,0.0,1.0,0.0
117.503,1000.0,5907.54,0.0,1.0,0.0
87.0004,1000.0,5936.77,0.0,1.0,0.0
281.334,1000.0,6093.68,0.0,1.0,0.0
117.503,1000.0,5907.54,0.0,1.0,0.0
281.334,1000.0,6093.68,0.0,1.0,0.0
136.012,1000.0,5897.2,0.0,1.0,0.0
136.012,1000.0,5897.2,0.0,1.0,0.0
281.334,1000.0,6093.68,0.0,1.0,0.0
176.899,1000.0,5886.55,0.0,1.0,0.0
136.012,1000.0,5897.2,0.0,1.0,0.0
176.899,1000.0,5886.55,0.0,1.0,0.0
156.003,1000.0,5890.13,0.0,1.0,0.0
71.5137,1000.0,6057.71,0.0,1.0,0.0
81.0585,1000.0,6076.64,0.0,1.0,0.0
65.3052,1000.0,6037.44,0.0,1.0,0.0
65.3052,1000.0,6037.44,0.0,1.0,0.0
81.0585,1000.0,6076.64,0.0,1.0,0.0
67.9789,1000.0,5974.5,0.0,1.0,0.0
65.3052,1000.0,6037.44,0.0,1.0,0.0
67.9789,1000.0,5974.5,0.0,1.0,0.0
62.6125,1000.0,6016.41,0.0,1.0,0.0
62.6125,1000.0,6016.41,0.0,1.0,0.0
67.9789,1000.0,5974.5,0.0,1.0,0.0
63.5123,1000.0,5995.22,0.0,1.0,0.0
208.625,1000.0,6134.3,0.251999,0.0,0.967727
208.625,250.0,6134.3,0.251999,0.0,0.967727
229.142,1000.0,6128.96,0.251999,0.0,0.967727
229.142,1000.0,6128.96,0.251999,0.0,0.967727
208.625,250.0,6134.3,0.251999,0.0,0.967727
229.142,250.0,6128.96,0.251999,0.0,0.967727
229.142,1000.0,6128.96,0.411879,0.0,0.911238
229.142,250.0,6128.96,0.411879,0.0,0.911238
248.462,1000.0,6120.23,0.411879,0.0,0.911238
248.462,1000.0,6120.23,0.411879,0.0,0.911238
229.142,250.0,6128.96,0.411879,0.0,0.911238
248.462,250.0,6120.23,0.411879,0.0,0.911238
248.462,1000.0,6120.23,0.559981,0.0,0.828505
248.462,250.0,6120.23,0.559981,0.0,0.828505
266.027,1000.0,6108.35,0.559981,0.0,0.828505
266.027,1000.0,6108.35,0.559981,0.0,0.828505
248.462,250.0,6120.23,0.559981,0.0,0.828505
266.027,250.0,6108.35,0.559981,0.0,0.828505
266.027,1000.0,6108.35,0.691948,0.0,0.721948
266.027,250.0,6108.35,0.691948,0.0,0.721948
281.334,1000.0,6093.68,0.691948,0.0,0.721948
281.334,1000.0,6093.68,0.691948,0.0,0.721948
266.027,250.0,6108.35,0.691948,0.0,0.721948
281.334,250.0,6093.68,0.691948,0.0,0.721948
281.334,1000.0,6093.68,0.803997,0.0,0.594633
281.334,250.0,6093.68,0.803997,0.0,0.594633
293.941,1000.0,6076.64,0.803997,0.0,0.594633
293.941,1000.0,6076.64,0.803997,0.0,0.594633
281.334,250.0,6093.68,0.803997,0.0,0.594633
293.941,250.0,6076.64,0.803997,0.0,0.594633
293.941,1000.0,6076.64,0.892926,0.0,0.450203
293.941,250.0,6076.64,0.892926,0.0,0.450203
303.486,1000.0,6057.71,0.892926,0.0,0.450203
303.486,1000.0,6057.71,0.892926,0.0,0.450203
293.941,250.0,6076.64,0.892926,0.0,0.450203
303.486,250.0,6057.71,0.892926,0.0,0.450203
303.486,1000.0,6057.71,0.956164,0.0,0.292831
303.486,250.0,6057.71,0.956164,0.0,0.292831
309.694,1000.0,6037.44,0.956164,0.0,0.292831
309.694,1000.0,6037.44,0.956164,0.0,0.292831
303.486,250.0,6057.71,0.956164,0.0,0.292831
309.694,250.0,6037.44,0.956164,0.0,0.292831
309.694,1000.0,6037.44,0.991902,0.0,0.127006
309.694,250.0,6037.44,0.991902,0.0,0.127006
312.387,1000.0,6016.41,0.991902,0.0,0.127006
312.387,1000.0,6016.41,0.991902,0.0,0.127006
309.694,250.0,6037.44,0.991902,0.0,0.127006
312.387,250.0,6016.41,0.991902,0.0,0.127006
312.387,1000.0,6016.41,0.999099,0.0,-0.0424405
312.387,250.0,6016.41,0.999099,0.0,-0.0424405
311.487,1000.0,5995.22,0.999099,0.0,-0.0424405
311.487,1000.0,5995.22,0.999099,0.0,-0.0424405
312.387,250.0,6016.41,0.999099,0.0,-0.0424405
311.487,250.0,5995.22,0.999099,0.0,-0.0424405
311.487,1000.0,5995.22,0.977556,0.0,-0.210676
311.487,250.0,5995.22,0.977556,0.0,-0.210676
307.021,1000.0,5974.5,0.977556,0.0,-0.210676
307.021,1000.0,5974.5,0.977556,0.0,-0.210676
311.487,250.0,5995.22,0.977556,0.0,-0.210676
307.021,250.0,5974.5,0.977556,0.0,-0.210676
307.021,1000.0,5974.5,0.927896,0.0,-0.37284
307.021,250.0,5974.5,0.927896,0.0,-0.37284
299.116,1000.0,5954.82,0.927896,0.0,-0.37284
299.116,1000.0,5954.82,0.927896,0.0,-0.37284
307.021,250.0,5974.5,0.927896,0.0,-0.37284
299.116,250.0,5954.82,0.927896,0.0,-0.37284
299.116,1000.0,5954.82,0.851525,0.0,-0.524315
299.116,250.0,5954.82,0.851525,0.0,-0.524315
288.0,1000.0,5936.77,0.851525,0.0,-0.524315
288.0,1000.0,5936.77,0.851525,0.0,-0.524315
299.116,250.0,5954.82,0.851525,0.0,-0.524315
288.0,250.0,5936.77,0.851525,0.0,-0.524315
288.0,1000.0,5936.77,0.750669,0.0,-0.660679
288.0,250.0,5936.77,0.750669,0.0,-0.660679
273.992,1000.0,5920.86,0.750669,0.0,-0.660679
273.992,1000.0,5920.86,0.750669,0.0,-0.660679
288.0,250.0,5936.77,0.750669,0.0,-0.660679
273.992,250.0,5920.86,0.750669,0.0,-0.660679
273.992,1000.0,5920.86,0.628216,0.0,-0.778039
273.992,250.0,5920.86,0.628216,0.0,-0.778039
257.497,1000.0,5907.54,0.628216,0.0,-0.778039
257.497,1000.0,5907.54,0.628216,0.0,-0.778039
273.992,250.0,5920.86,0.628216,0.0,-0.778039
257.497,250.0,5907.54,0.628216,0.0,-0.778039
257.497,1000.0,5907.54,0.487708,0.0,-0.873007
257.497,250.0,5907.54,0.487708,0.0,-0.873007
238.987,1000.0,5897.2,0.487708,0.0,-0.873007
238.987,1000.0,5897.2,0.487708,0.0,-0.873007
257.497,250.0,5907.54,0.487708,0.0,-0.873007
238.987,250.0,5897.2,0.487708,0.0,-0.873007
238.987,1000.0,5897.2,0.333136,0.0,-0.942879
238.987,250.0,5897.2,0.333136,0.0,-0.942879
218.997,1000.0,5890.13,0.333136,0.0,-0.942879
218.997,1000.0,5890.13,0.333136,0.0,-0.942879
238.987,250.0,5897.2,0.333136,0.0,-0.942879
218.997,250.0,5890.13,0.333136,0.0,-0.942879
218.997,1000.0,5890.13,0.168999,0.0,-0.985616
218.997,250.0,5890.13,0.168999,0.0,-0.985616
198.101,1000.0,5886.55,0.168999,0.0,-0.985616
198.101,1000.0,5886.55,0.168999,0.0,-0.985616
218.997,250.0,5890.13,0.168999,0.0,-0.985616
198.101,250.0,5886.55,0.168999,0.0,-0.985616
198.101,1000.0,5886.55,0.0,0.0,-1.0
198.101,250.0,5886.55,0.0,0.0,-1.0
176.899,1000.0,5886.55,0.0,0.0,-1.0
176.899,1000.0,5886.55,0.0,0.0,-1.0
198.101,250.0,5886.55,0.0,0.0,-1.0
176.899,250.0,5886.55,0.0,0.0,-1.0
176.899,1000.0,5886.55,-0.168999,0.0,-0.985616
176.899,250.0,5886.55,-0.168999,0.0,-0.985616
156.003,1000.0,5890.13,-0.168999,0.0,-0.985616
156.003,1000.0,5890.13,-0.168999,0.0,-0.985616
176.899,250.0,5886.55,-0.168999,0.0,-0.985616
156.003,250.0,5890.13,-0.168999,0.0,-0.985616
156.003,1000.0,5890.13,-0.333136,0.0,-0.942879
156.003,250.0,5890.13,-0.333136,0.0,-0.942879
136.012,1000.0,5897.2,-0.333136,0.0,-0.942879
136.012,1000.0,5897.2,-0.333136,0.0,-0.942879
156.003,250.0,5890.13,-0.333136,0.0,-0.942879
136.012,250.0,5897.2,-0.333136,0.0,-0.942879
136.012,1000.0,5897.2,-0.487718,0.0,-0.873001
136.012,250.0,5897.2,-0.487718,0.0,-0.873001
117.503,1000.0,5907.54,-0.487718,0.0,-0.873001
117.503,1000.0,5907.54,-0.487718,0.0,-0.873001
136.012,250.0,5897.2,-0.487718,0.0,-0.873001
117.503,250.0,5907.54,-0.487718,0.0,-0.873001
117.503,1000.0,5907.54,-0.628206,0.0,-0.778047
117.503,250.0,5907.54,-0.628206,0.0,-0.778047
101.007,1000.0,5920.86,-0.628206,0.0,-0.778047
101.007,1000.0,5920.86,-0.628206,0.0,-0.778047
117.503,250.0,5907.54,-0.628206,0.0,-0.778047
101.007,250.0,5920.86,-0.628206,0.0,-0.778047
101.007,1000.0,5920.86,-0.75068,0.0,-0.660666
101.007,250.0,5920.86,-0.75068,0.0,-0.660666
87.0004,1000.0,5936.77,-0.75068,0.0,-0.660666
87.0004,1000.0,5936.77,-0.75068,0.0,-0.660666
101.007,250.0,5920.86,-0.75068,0.0,-0.660666
87.0004,250.0,5936.77,-0.75068,0.0,-0.660666
87.0004,1000.0,5936.77,-0.851515,0.0,-0.524331
87.0004,250.0,5936.77,-0.851515,0.0,-0.524331
75.8839,1000.0,5954.82,-0.851515,0.0,-0.524331
75.8839,1000.0,5954.82,-0.851515,0.0,-0.524331
87.0004,250.0,5936.77,-0.851515,0.0,-0.524331
75.8839,250.0,5954.82,-0.851515,0.0,-0.524331
75.8839,1000.0,5954.82,-0.927895,0.0,-0.372841
75.8839,250.0,5954.82,-0.927895,0.0,-0.372841
67.9789,1000.0,5974.5,-0.927895,0.0,-0.372841
67.9789,1000.0,5974.5,-0.927895,0.0,-0.372841
75.8839,250.0,5954.82,-0.927895,0.0,-0.372841
67.9789,250.0,5974.5,-0.927895,0.0,-0.372841
67.9789,1000.0,5974.5,-0.977556,0.0,-0.210676
67.9789,250.0,5974.5,-0.977556,0.0,-0.210676
63.5123,1000.0,5995.22,-0.977556,0.0,-0.210676
63.5123,1000.0,5995.22,-0.977556,0.0,-0.210676
67.9789,250.0,5974.5,-0.977556,0.0,-0.210676
63.5123,250.0,5995.22,-0.977556,0.0,-0.210676
63.5123,1000.0,5995.22,-0.999099,0.0,-0.0424396
63.5123,250.0,5995.22,-0.999099,0.0,-0.0424396
62.6125,1000.0,6016.41,-0.999099,0.0,-0.0424396
62.6125,1000.0,6016.41,-0.999099,0.0,-0.0424396
63.5123,250.0,5995.22,-0.999099,0.0,-0.0424396
62.6125,250.0,6016.41,-0.999099,0.0,-0.0424396
62.6125,1000.0,6016.41,-0.991902,0.0,0.127005
62.6125,250.0,6016.41,-0.991902,0.0,0.127005
65.3052,1000.0,6037.44,-0.991902,0.0,0.127005
65.3052,1000.0,6037.44,-0.991902,0.0,0.127005
62.6125,250.0,6016.41,-0.991902,0.0,0.127005
65.3052,250.0,6037.44,-0.991902,0.0,0.127005
65.3052,1000.0,6037.44,-0.956164,0.0,0.292831
65.3052,250.0,6037.44,-0.956164,0.0,0.292831
71.5137,1000.0,6057.71,-0.956164,0.0,0.292831
71.5137,1000.0,6057.71,-0.956164,0.0,0.292831
65.3052,250.0,6037.44,-0.956164,0.0,0.292831
71.5137,250.0,6057.71,-0.956164,0.0,0.292831
71.5137,1000.0,6057.71,-0.892927,0.0,0.450202
71.5137,250.0,6057.71,-0.892927,0.0,0.450202
81.0585,1000.0,6076.64,-0.892927,0.0,0.450202
81.0585,1000.0,6076.64,-0.892927,0.0,0.450202
71.5137,250.0,6057.71,-0.892927,0.0,0.450202
81.0585,250.0,6076.64,-0.892927,0.0,0.450202
81.0585,1000.0,6076.64,-0.803997,0.0,0.594634
81.0585,250.0,6076.64,-0.803997,0.0,0.594634
93.6656,1000.0,6093.68,-0.803997,0.0,0.594634
93.6656,1000.0,6093.68,-0.803997,0.0,0.594634
81.0585,250.0,6076.64,-0.803997,0.0,0.594634
93.6656,250.0,6093.68,-0.803997,0.0,0.594634
93.6656,1000.0,6093.68,-0.691936,0.0,0.721959
93.6656,250.0,6093.68,-0.691936,0.0,0.721959
108.973,1000.0,6108.35,-0.691936,0.0,0.721959
108.973,1000.0,6108.35,-0.691936,0.0,0.721959
93.6656,250.0,6093.68,-0.691936,0.0,0.721959
108.973,250.0,6108.35,-0.691936,0.0,0.721959
108.973,1000.0,6108.35,-0.559992,0.0,0.828498
108.973,250.0,6108.35,-0.559992,0.0,0.828498
126.538,1000.0,6120.23,-0.559992,0.0,0.828498
126.538,1000.0,6120.23,-0.559992,0.0,0.828498
108.973,250.0,6108.35,-0.559992,0.0,0.828498
126.538,250.0,6120.23,-0.559992,0.0,0.828498
126.538,1000.0,6120.23,-0.411879,0.0,0.911238
126.538,250.0,6120.23,-0.411879,0.0,0.911238
145.857,1000.0,6128.96,-0.411879,0.0,0.911238
145.857,1000.0,6128.96,-0.411879,0.0,0.911238
126.538,250.0,6120.23,-0.411879,0.0,0.911238
145.857,250.0,6128.96,-0.411879,0.0,0.911238
145.857,1000.0,6128.96,-0.251999,0.0,0.967728
145.857,250.0,6128.96,-0.251999,0.0,0.967728
166.375,1000.0,6134.3,-0.251999,0.0,0.967728
166.375,1000.0,6134.3,-0.251999,0.0,0.967728
145.857,250.0,6128.96,-0.251999,0.0,0.967728
166.375,250.0,6134.3,-0.251999,0.0,0.967728
166.375,1000.0,6134.3,-0.0847747,0.0,0.9964
166.375,250.0,6134.3,-0.0847747,0.0,0.9964
187.5,1000.0,6136.1,-0.0847747,0.0,0.9964
187.5,1000.0,6136.1,-0.0847747,0.0,0.9964
166.375,250.0,6134.3,-0.0847747,0.0,0.9964
187.5,250.0,6136.1,-0.0847747,0.0,0.9964
187.5,1000.0,6136.1,0.0847766,0.0,0.9964
187.5,250.0,6136.1,0.0847766,0.0,0.9964
208.625,1000.0,6134.3,0.0847766,0.0,0.9964
208.625,1000.0,6134.3,0.0847766,0.0,0.9964
187.5,250.0,6136.1,0.0847766,0.0,0.9964
208.625,250.0,6134.3,0.0847766,0.0,0.9964
