266.747,2062.0,562.5,0.0,1.0,0.0
483.253,2062.0,562.5,0.0,1.0,0.0
158.494,2062.0,375.0,0.0,1.0,0.0
158.494,2062.0,375.0,0.0,1.0,0.0
483.253,2062.0,562.5,0.0,1.0,0.0
591.506,2062.0,375.0,0.0,1.0,0.0
158.494,2062.0,375.0,0.0,1.0,0.0
591.506,2062.0,375.0,0.0,1.0,0.0
266.747,2062.0,187.5,0.0,1.0,0.0
266.747,2062.0,187.5,0.0,1.0,0.0
591.506,2062.0,375.0,0.0,1.0,0.0
483.253,2062.0,187.5,0.0,1.0,0.0
179.489,0.0,417.136,0.0,-1.0,0.0
573.38,0.0,349.596,0.0,-1.0,0.0
574.82,0.0,383.488,0.0,-1.0,0.0
196.415,0.0,284.959,0.0,-1.0,0.0
214.201,0.0,256.073,0.0,-1.0,0.0
573.38,0.0,349.596,0.0,-1.0,0.0
183.767,0.0,316.435,0.0,-1.0,0.0
196.415,0.0,284.959,0.0,-1.0,0.0
176.62,0.0,349.596,0.0,-1.0,0.0
176.62,0.0,349.596,0.0,-1.0,0.0
196.415,0.0,284.959,0.0,-1.0,0.0
573.38,0.0,349.596,0.0,-1.0,0.0
176.62,0.0,349.596,0.0,-1.0,0.0
573.38,0.0,349.596,0.0,-1.0,0.0
175.18,0.0,383.488,0.0,-1.0,0.0
175.18,0.0,383.488,0.0,-1.0,0.0
573.38,0.0,349.596,0.0,-1.0,0.0
179.489,0.0,417.136,0.0,-1.0,0.0
574.82,0.0,383.488,0.0,-1.0,0.0
570.511,0.0,417.136,0.0,-1.0,0.0
179.489,0.0,417.136,0.0,-1.0,0.0
179.489,0.0,417.136,0.0,-1.0,0.0
570.511,0.0,417.136,0.0,-1.0,0.0
204.694,0.0,479.861,0.0,-1.0,0.0
179.489,0.0,417.136,0.0,-1.0,0.0
204.694,0.0,479.861,0.0,-1.0,0.0
189.422,0.0,449.571,0.0,-1.0,0.0
214.201,0.0,256.073,0.0,-1.0,0.0
236.612,0.0,230.609,0.0,-1.0,0.0
263.005,0.0,209.298,0.0,-1.0,0.0
391.961,0.0,175.721,0.0,-1.0,0.0
425.396,0.0,181.453,0.0,-1.0,0.0
358.039,0.0,175.721,0.0,-1.0,0.0
358.039,0.0,175.721,0.0,-1.0,0.0
425.396,0.0,181.453,0.0,-1.0,0.0
457.38,0.0,192.754,0.0,-1.0,0.0
358.039,0.0,175.721,0.0,-1.0,0.0
457.38,0.0,192.754,0.0,-1.0,0.0
324.604,0.0,181.453,0.0,-1.0,0.0
324.604,0.0,181.453,0.0,-1.0,0.0
457.38,0.0,192.754,0.0,-1.0,0.0
486.995,0.0,209.298,0.0,-1.0,0.0
324.604,0.0,181.453,0.0,-1.0,0.0
486.995,0.0,209.298,0.0,-1.0,0.0
292.62,0.0,192.754,0.0,-1.0,0.0
292.62,0.0,192.754,0.0,-1.0,0.0
486.995,0.0,209.298,0.0,-1.0,0.0
513.388,0.0,230.609,0.0,-1.0,0.0
292.62,0.0,192.754,0.0,-1.0,0.0
513.388,0.0,230.609,0.0,-1.0,0.0
535.799,0.0,256.073,0.0,-1.0,0.0
570.511,0.0,417.136,0.0,-1.0,0.0
560.578,0.0,449.571,0.0,-1.0,0.0
204.694,0.0,479.861,0.0,-1.0,0.0
204.694,0.0,479.861,0.0,-1.0,0.0
560.578,0.0,449.571,0.0,-1.0,0.0
545.306,0.0,479.861,0.0,-1.0,0.0
204.694,0.0,479.861,0.0,-1.0,0.0
545.306,0.0,479.861,0.0,-1.0,0.0
224.866,0.0,507.135,0.0,-1.0,0.0
224.866,0.0,507.135,0.0,-1.0,0.0
545.306,0.0,479.861,0.0,-1.0,0.0
277.461,0.0,549.603,0.0,-1.0,0.0
224.866,0.0,507.135,0.0,-1.0,0.0
277.461,0.0,549.603,0.0,-1.0,0.0
249.356,0.0,530.607,0.0,-1.0,0.0
214.201,0.0,256.073,0.0,-1.0,0.0
263.005,0.0,209.298,0.0,-1.0,0.0
573.38,0.0,349.596,0.0,-1.0,0.0
573.38,0.0,349.596,0.0,-1.0,0.0
263.005,0.0,209.298,0.0,-1.0,0.0
292.62,0.0,192.754,0.0,-1.0,0.0
573.38,0.0,349.596,0.0,-1.0,0.0
292.62,0.0,192.754,0.0,-1.0,0.0
566.233,0.0,316.435,0.0,-1.0,0.0
566.233,0.0,316.435,0.0,-1.0,0.0
292.62,0.0,192.754,0.0,-1.0,0.0
535.799,0.0,256.073,0.0,-1.0,0.0
566.233,0.0,316.435,0.0,-1.0,0.0
535.799,0.0,256.073,0.0,-1.0,0.0
553.585,0.0,284.959,0.0,-1.0,0.0
545.306,0.0,479.861,0.0,-1.0,0.0
525.134,0.0,507.135,0.0,-1.0,0.0
500.644,0.0,530.607,0.0,-1.0,0.0
441.628,0.0,563.576,0.0,-1.0,0.0
408.8,0.0,572.123,0.0,-1.0,0.0
472.539,0.0,549.603,0.0,-1.0,0.0
472.539,0.0,549.603,0.0,-1.0,0.0
408.8,0.0,572.123,0.0,-1.0,0.0
375.0,0.0,575.0,0.0,-1.0,0.0
545.306,0.0,479.861,0.0,-1.0,0.0
500.644,0.0,530.607,0.0,-1.0,0.0
277.461,0.0,549.603,0.0,-1.0,0.0
277.461,0.0,549.603,0.0,-1.0,0.0
500.644,0.0,530.607,0.0,-1.0,0.0
472.539,0.0,549.603,0.0,-1.0,0.0
277.461,0.0,549.603,0.0,-1.0,0.0
472.539,0.0,549.603,0.0,-1.0,0.0
308.372,0.0,563.576,0.0,-1.0,0.0
308.372,0.0,563.576,0.0,-1.0,0.0
472.539,0.0,549.603,0.0,-1.0,0.0
375.0,0.0,575.0,0.0,-1.0,0.0
308.372,0.0,563.576,0.0,-1.0,0.0
375.0,0.0,575.0,0.0,-1.0,0.0
341.2,0.0,572.123,0.0,-1.0,0.0
483.253,2062.0,562.5,-0.866025,0.0,-0.5
483.253,2250.0,562.5,-0.866025,0.0,-0.5
591.506,2062.0,375.0,-0.866025,0.0,-0.5
591.506,2062.0,375.0,-0.866025,0.0,-0.5
483.253,2250.0,562.5,-0.866025,0.0,-0.5
591.506,2250.0,375.0,-0.866025,0.0,-0.5
266.747,2062.0,562.5,0.0,0.0,-1.0
266.747,2250.0,562.5,0.0,0.0,-1.0
483.253,2062.0,562.5,0.0,0.0,-1.0
483.253,2062.0,562.5,0.0,0.0,-1.0
266.747,2250.0,562.5,0.0,0.0,-1.0
483.253,2250.0,562.5,0.0,0.0,-1.0
158.494,2062.0,375.0,0.866025,0.0,-0.5
158.494,2250.0,375.0,0.866025,0.0,-0.5
266.747,2062.0,562.5,0.866025,0.0,-0.5
266.747,2062.0,562.5,0.866025,0.0,-0.5
158.494,2250.0,375.0,0.866025,0.0,-0.5
266.747,2250.0,562.5,0.866025,0.0,-0.5
266.747,2062.0,187.5,0.866025,0.0,0.5
266.747,2250.0,187.5,0.866025,0.0,0.5
158.494,2062.0,375.0,0.866025,0.0,0.5
158.494,2062.0,375.0,0.866025,0.0,0.5
266.747,2250.0,187.5,0.866025,0.0,0.5
158.494,2250.0,375.0,0.866025,0.0,0.5
483.253,2062.0,187.5,0.0,0.0,1.0
483.253,2250.0,187.5,0.0,0.0,1.0
266.747,2062.0,187.5,0.0,0.0,1.0
266.747,2062.0,187.5,0.0,0.0,1.0
483.253,2250.0,187.5,0.0,0.0,1.0
266.747,2250.0,187.5,0.0,0.0,1.0
591.506,2062.0,375.0,-0.866025,0.0,0.5
591.506,2250.0,375.0,-0.866025,0.0,0.5
483.253,2062.0,187.5,-0.866025,0.0,0.5
483.253,2062.0,187.5,-0.866025,0.0,0.5
591.506,2250.0,375.0,-0.866025,0.0,0.5
483.253,2250.0,187.5,-0.866025,0.0,0.5
417.25,50.0,621.404,0.178497,-0.70583,0.685524
408.8,0.0,572.123,0.178497,-0.70583,0.685524
458.285,50.0,610.719,0.178497,-0.70583,0.685524
458.285,50.0,610.719,0.178496,-0.70583,0.685524
408.8,0.0,572.123,0.178496,-0.70583,0.685524
441.628,0.0,563.576,0.178496,-0.70583,0.685524
458.285,50.0,610.719,0.291784,-0.70583,0.645497
441.628,0.0,563.576,0.291784,-0.70583,0.645497
496.924,50.0,593.253,0.291784,-0.70583,0.645497
496.924,50.0,593.253,0.291784,-0.70583,0.645497
441.628,0.0,563.576,0.291784,-0.70583,0.645497
472.539,0.0,549.603,0.291784,-0.70583,0.645497
496.924,50.0,593.253,0.396675,-0.70583,0.586901
472.539,0.0,549.603,0.396675,-0.70583,0.586901
532.055,50.0,569.509,0.396675,-0.70583,0.586901
532.055,50.0,569.509,0.396675,-0.70583,0.586902
472.539,0.0,549.603,0.396675,-0.70583,0.586902
500.644,0.0,530.607,0.396675,-0.70583,0.586902
532.055,50.0,569.509,0.490156,-0.70583,0.511421
500.644,0.0,530.607,0.490156,-0.70583,0.511421
562.668,50.0,540.169,0.490156,-0.70583,0.511421
562.668,50.0,540.169,0.490157,-0.70583,0.51142
500.644,0.0,530.607,0.490157,-0.70583,0.51142
525.134,0.0,507.135,0.490157,-0.70583,0.51142
562.668,50.0,540.169,0.569537,-0.70583,0.421226
525.134,0.0,507.135,0.569537,-0.70583,0.421226
587.882,50.0,506.077,0.569537,-0.70583,0.421226
587.882,50.0,506.077,0.569536,-0.70583,0.421228
525.134,0.0,507.135,0.569536,-0.70583,0.421228
545.306,0.0,479.861,0.569536,-0.70583,0.421228
587.882,50.0,506.077,0.632532,-0.70583,0.318917
545.306,0.0,479.861,0.632532,-0.70583,0.318917
606.972,50.0,468.214,0.632532,-0.70583,0.318917
606.972,50.0,468.214,0.632532,-0.70583,0.318916
545.306,0.0,479.861,0.632532,-0.70583,0.318916
560.578,0.0,449.571,0.632532,-0.70583,0.318916
606.972,50.0,468.214,0.677331,-0.70583,0.20743
560.578,0.0,449.571,0.677331,-0.70583,0.20743
619.389,50.0,427.67,0.677331,-0.70583,0.20743
619.389,50.0,427.67,0.677331,-0.70583,0.20743
560.578,0.0,449.571,0.677331,-0.70583,0.20743
570.511,0.0,417.136,0.677331,-0.70583,0.20743
619.389,50.0,427.67,0.702644,-0.70583,0.089978
570.511,0.0,417.136,0.702644,-0.70583,0.089978
624.775,50.0,385.61,0.702644,-0.70583,0.089978
624.775,50.0,385.61,0.702644,-0.70583,0.0899777
570.511,0.0,417.136,0.702644,-0.70583,0.0899777
574.82,0.0,383.488,0.702644,-0.70583,0.0899777
624.775,50.0,385.61,0.707743,-0.70583,-0.0300654
574.82,0.0,383.488,0.707743,-0.70583,-0.0300654
622.975,50.0,343.246,0.707743,-0.70583,-0.0300654
622.975,50.0,343.246,0.707743,-0.70583,-0.0300644
574.82,0.0,383.488,0.707743,-0.70583,-0.0300644
573.38,0.0,349.596,0.707743,-0.70583,-0.0300644
622.975,50.0,343.246,0.692482,-0.70583,-0.149241
573.38,0.0,349.596,0.692482,-0.70583,-0.149241
614.042,50.0,301.794,0.692482,-0.70583,-0.149241
614.042,50.0,301.794,0.692481,-0.70583,-0.149242
573.38,0.0,349.596,0.692481,-0.70583,-0.149242
566.233,0.0,316.435,0.692481,-0.70583,-0.149242
614.042,50.0,301.794,0.657299,-0.70583,-0.264125
566.233,0.0,316.435,0.657299,-0.70583,-0.264125
598.231,50.0,262.449,0.657299,-0.70583,-0.264125
598.231,50.0,262.449,0.657299,-0.70583,-0.264125
566.233,0.0,316.435,0.657299,-0.70583,-0.264125
553.585,0.0,284.959,0.657299,-0.70583,-0.264125
598.231,50.0,262.449,0.603207,-0.70583,-0.371409
553.585,0.0,284.959,0.603207,-0.70583,-0.371409
575.999,50.0,226.342,0.603207,-0.70583,-0.371409
575.999,50.0,226.342,0.603208,-0.70583,-0.371409
553.585,0.0,284.959,0.603208,-0.70583,-0.371409
535.799,0.0,256.073,0.603208,-0.70583,-0.371409
575.999,50.0,226.342,0.531763,-0.70583,-0.468009
535.799,0.0,256.073,0.531763,-0.70583,-0.468009
547.985,50.0,194.511,0.531763,-0.70583,-0.468009
547.985,50.0,194.511,0.531763,-0.70583,-0.468009
535.799,0.0,256.073,0.531763,-0.70583,-0.468009
513.388,0.0,230.609,0.531763,-0.70583,-0.468009
547.985,50.0,194.511,0.445019,-0.70583,-0.551146
513.388,0.0,230.609,0.445019,-0.70583,-0.551146
514.994,50.0,167.873,0.445019,-0.70583,-0.551146
514.994,50.0,167.873,0.445019,-0.70583,-0.551147
513.388,0.0,230.609,0.445019,-0.70583,-0.551147
486.995,0.0,209.298,0.445019,-0.70583,-0.551147
514.994,50.0,167.873,0.345474,-0.70583,-0.618427
486.995,0.0,209.298,0.345474,-0.70583,-0.618427
477.975,50.0,147.193,0.345474,-0.70583,-0.618427
477.975,50.0,147.193,0.345474,-0.70583,-0.618427
486.995,0.0,209.298,0.345474,-0.70583,-0.618427
457.38,0.0,192.754,0.345474,-0.70583,-0.618427
477.975,50.0,147.193,0.23599,-0.70583,-0.667917
457.38,0.0,192.754,0.23599,-0.70583,-0.667917
437.995,50.0,133.067,0.23599,-0.70583,-0.667917
437.995,50.0,133.067,0.23599,-0.70583,-0.667917
457.38,0.0,192.754,0.23599,-0.70583,-0.667917
425.396,0.0,181.453,0.23599,-0.70583,-0.667917
437.995,50.0,133.067,0.119717,-0.70583,-0.698192
425.396,0.0,181.453,0.119717,-0.70583,-0.698192
396.201,50.0,125.901,0.119717,-0.70583,-0.698192
396.201,50.0,125.901,0.119717,-0.70583,-0.698192
425.396,0.0,181.453,0.119717,-0.70583,-0.698192
391.961,0.0,175.721,0.119717,-0.70583,-0.698192
396.201,50.0,125.901,0.0,-0.70583,-0.708381
391.961,0.0,175.721,0.0,-0.70583,-0.708381
353.799,50.0,125.901,0.0,-0.70583,-0.708381
353.799,50.0,125.901,0.0,-0.70583,-0.708381
391.961,0.0,175.721,0.0,-0.70583,-0.708381
358.039,0.0,175.721,0.0,-0.70583,-0.708381
353.799,50.0,125.901,-0.119717,-0.70583,-0.698192
358.039,0.0,175.721,-0.119717,-0.70583,-0.698192
312.005,50.0,133.067,-0.119717,-0.70583,-0.698192
312.005,50.0,133.067,-0.119717,-0.70583,-0.698192
358.039,0.0,175.721,-0.119717,-0.70583,-0.698192
324.604,0.0,181.453,-0.119717,-0.70583,-0.698192
312.005,50.0,133.067,-0.23599,-0.70583,-0.667917
324.604,0.0,181.453,-0.23599,-0.70583,-0.667917
272.025,50.0,147.193,-0.23599,-0.70583,-0.667917
272.025,50.0,147.193,-0.23599,-0.70583,-0.667917
324.604,0.0,181.453,-0.23599,-0.70583,-0.667917
292.62,0.0,192.754,-0.23599,-0.70583,-0.667917
272.025,50.0,147.193,-0.345474,-0.70583,-0.618427
292.62,0.0,192.754,-0.345474,-0.70583,-0.618427
235.006,50.0,167.873,-0.345474,-0.70583,-0.618427
235.006,50.0,167.873,-0.345474,-0.70583,-0.618427
292.62,0.0,192.754,-0.345474,-0.70583,-0.618427
263.005,0.0,209.298,-0.345474,-0.70583,-0.618427
235.006,50.0,167.873,-0.445019,-0.70583,-0.551146
263.005,0.0,209.298,-0.445019,-0.70583,-0.551146
202.015,50.0,194.511,-0.445019,-0.70583,-0.551146
202.015,50.0,194.511,-0.445019,-0.70583,-0.551146
263.005,0.0,209.298,-0.445019,-0.70583,-0.551146
236.612,0.0,230.609,-0.445019,-0.70583,-0.551146
202.015,50.0,194.511,-0.531762,-0.70583,-0.46801
236.612,0.0,230.609,-0.531762,-0.70583,-0.46801
174.001,50.0,226.342,-0.531762,-0.70583,-0.46801
174.001,50.0,226.342,-0.531762,-0.70583,-0.46801
236.612,0.0,230.609,-0.531762,-0.70583,-0.46801
214.201,0.0,256.073,-0.531762,-0.70583,-0.46801
174.001,50.0,226.342,-0.603207,-0.70583,-0.371409
214.201,0.0,256.073,-0.603207,-0.70583,-0.371409
151.769,50.0,262.449,-0.603207,-0.70583,-0.371409
151.769,50.0,262.449,-0.603207,-0.70583,-0.371409
214.201,0.0,256.073,-0.603207,-0.70583,-0.371409
196.415,0.0,284.959,-0.603207,-0.70583,-0.371409
151.769,50.0,262.449,-0.657299,-0.70583,-0.264125
196.415,0.0,284.959,-0.657299,-0.70583,-0.264125
135.958,50.0,301.794,-0.657299,-0.70583,-0.264125
135.958,50.0,301.794,-0.657299,-0.70583,-0.264125
196.415,0.0,284.959,-0.657299,-0.70583,-0.264125
183.767,0.0,316.435,-0.657299,-0.70583,-0.264125
135.958,50.0,301.794,-0.692482,-0.70583,-0.149241
183.767,0.0,316.435,-0.692482,-0.70583,-0.149241
127.025,50.0,343.246,-0.692482,-0.70583,-0.149241
127.025,50.0,343.246,-0.692482,-0.70583,-0.149241
183.767,0.0,316.435,-0.692482,-0.70583,-0.149241
176.62,0.0,349.596,-0.692482,-0.70583,-0.149241
127.025,50.0,343.246,-0.707743,-0.70583,-0.0300645
176.62,0.0,349.596,-0.707743,-0.70583,-0.0300645
125.225,50.0,385.61,-0.707743,-0.70583,-0.0300645
125.225,50.0,385.61,-0.707743,-0.70583,-0.0300647
176.62,0.0,349.596,-0.707743,-0.70583,-0.0300647
175.18,0.0,383.488,-0.707743,-0.70583,-0.0300647
125.225,50.0,385.61,-0.702644,-0.70583,0.0899771
175.18,0.0,383.488,-0.702644,-0.70583,0.0899771
130.611,50.0,427.67,-0.702644,-0.70583,0.0899771
130.611,50.0,427.67,-0.702644,-0.70583,0.0899771
175.18,0.0,383.488,-0.702644,-0.70583,0.0899771
179.489,0.0,417.136,-0.702644,-0.70583,0.0899771
130.611,50.0,427.67,-0.677331,-0.70583,0.20743
179.489,0.0,417.136,-0.677331,-0.70583,0.20743
143.028,50.0,468.214,-0.677331,-0.70583,0.20743
143.028,50.0,468.214,-0.677331,-0.70583,0.20743
179.489,0.0,417.136,-0.677331,-0.70583,0.20743
189.422,0.0,449.571,-0.677331,-0.70583,0.20743
143.028,50.0,468.214,-0.632532,-0.70583,0.318916
189.422,0.0,449.571,-0.632532,-0.70583,0.318916
162.118,50.0,506.077,-0.632532,-0.70583,0.318916
162.118,50.0,506.077,-0.632532,-0.70583,0.318916
189.422,0.0,449.571,-0.632532,-0.70583,0.318916
204.694,0.0,479.861,-0.632532,-0.70583,0.318916
162.118,50.0,506.077,-0.569537,-0.70583,0.421227
204.694,0.0,479.861,-0.569537,-0.70583,0.421227
187.332,50.0,540.169,-0.569537,-0.70583,0.421227
187.332,50.0,540.169,-0.569536,-0.70583,0.421227
204.694,0.0,479.861,-0.569536,-0.70583,0.421227
224.866,0.0,507.135,-0.569536,-0.70583,0.421227
187.332,50.0,540.169,-0.490156,-0.70583,0.51142
224.866,0.0,507.135,-0.490156,-0.70583,0.51142
217.945,50.0,569.509,-0.490156,-0.70583,0.51142
217.945,50.0,569.509,-0.490157,-0.70583,0.51142
224.866,0.0,507.135,-0.490157,-0.70583,0.51142
249.356,0.0,530.607,-0.490157,-0.70583,0.51142
217.945,50.0,569.509,-0.396676,-0.70583,0.586901
249.356,0.0,530.607,-0.396676,-0.70583,0.586901
253.076,50.0,593.253,-0.396676,-0.70583,0.586901
253.076,50.0,593.253,-0.396674,-0.70583,0.586901
249.356,0.0,530.607,-0.396674,-0.70583,0.586901
277.461,0.0,549.603,-0.396674,-0.70583,0.586901
253.076,50.0,593.253,-0.291784,-0.70583,0.645497
277.461,0.0,549.603,-0.291784,-0.70583,0.645497
291.715,50.0,610.719,-0.291784,-0.70583,0.645497
291.715,50.0,610.719,-0.291784,-0.70583,0.645497
277.461,0.0,549.603,-0.291784,-0.70583,0.645497
308.372,0.0,563.576,-0.291784,-0.70583,0.645497
291.715,50.0,610.719,-0.178497,-0.70583,0.685524
308.372,0.0,563.576,-0.178497,-0.70583,0.685524
332.75,50.0,621.404,-0.178497,-0.70583,0.685524
332.75,50.0,621.404,-0.178496,-0.70583,0.685524
308.372,0.0,563.576,-0.178496,-0.70583,0.685524
341.2,0.0,572.123,-0.178496,-0.70583,0.685524
332.75,50.0,621.404,-0.0600747,-0.70583,0.705829
341.2,0.0,572.123,-0.0600747,-0.70583,0.705829
375.0,50.0,625.0,-0.0600747,-0.70583,0.705829
375.0,50.0,625.0,-0.0600752,-0.70583,0.705829
341.2,0.0,572.123,-0.0600752,-0.70583,0.705829
375.0,0.0,575.0,-0.0600752,-0.70583,0.705829
375.0,50.0,625.0,0.0600747,-0.70583,0.705829
375.0,0.0,575.0,0.0600747,-0.70583,0.705829
417.25,50.0,621.404,0.0600747,-0.70583,0.705829
417.25,50.0,621.404,0.0600752,-0.70583,0.705829
375.0,0.0,575.0,0.0600752,-0.70583,0.705829
408.8,0.0,572.123,0.0600752,-0.70583,0.705829
490.881,2250.0,731.646,0.0,1.0,0.0
483.253,2250.0,562.5,0.0,1.0,0.0
266.747,2250.0,562.5,0.0,1.0,0.0
490.881,2250.0,731.646,0.0,1.0,0.0
266.747,2250.0,562.5,0.0,1.0,0.0
433.663,2250.0,745.383,0.0,1.0,0.0
433.663,2250.0,745.383,0.0,1.0,0.0
266.747,2250.0,562.5,0.0,1.0,0.0
204.754,2250.0,709.127,0.0,1.0,0.0
433.663,2250.0,745.383,0.0,1.0,0.0
204.754,2250.0,709.127,0.0,1.0,0.0
375.0,2250.0,750.0,0.0,1.0,0.0
375.0,2250.0,750.0,0.0,1.0,0.0
204.754,2250.0,709.127,0.0,1.0,0.0
259.119,2250.0,731.646,0.0,1.0,0.0
375.0,2250.0,750.0,0.0,1.0,0.0
259.119,2250.0,731.646,0.0,1.0,0.0
316.337,2250.0,745.383,0.0,1.0,0.0
731.646,2250.0,259.119,0.0,1.0,0.0
709.127,2250.0,204.754,0.0,1.0,0.0
745.383,2250.0,316.337,0.0,1.0,0.0
745.383,2250.0,316.337,0.0,1.0,0.0
709.127,2250.0,204.754,0.0,1.0,0.0
678.381,2250.0,154.581,0.0,1.0,0.0
745.383,2250.0,316.337,0.0,1.0,0.0
678.381,2250.0,154.581,0.0,1.0,0.0
750.0,2250.0,375.0,0.0,1.0,0.0
750.0,2250.0,375.0,0.0,1.0,0.0
678.381,2250.0,154.581,0.0,1.0,0.0
640.165,2250.0,109.835,0.0,1.0,0.0
750.0,2250.0,375.0,0.0,1.0,0.0
640.165,2250.0,109.835,0.0,1.0,0.0
591.506,2250.0,375.0,0.0,1.0,0.0
591.506,2250.0,375.0,0.0,1.0,0.0
640.165,2250.0,109.835,0.0,1.0,0.0
595.419,2250.0,71.6186,0.0,1.0,0.0
591.506,2250.0,375.0,0.0,1.0,0.0
595.419,2250.0,71.6186,0.0,1.0,0.0
483.253,2250.0,187.5,0.0,1.0,0.0
483.253,2250.0,187.5,0.0,1.0,0.0
595.419,2250.0,71.6186,0.0,1.0,0.0
545.246,2250.0,40.8725,0.0,1.0,0.0
483.253,2250.0,187.5,0.0,1.0,0.0
545.246,2250.0,40.8725,0.0,1.0,0.0
490.881,2250.0,18.3538,0.0,1.0,0.0
71.6186,2250.0,154.581,0.0,1.0,0.0
266.747,2250.0,187.5,0.0,1.0,0.0
109.835,2250.0,109.835,0.0,1.0,0.0
109.835,2250.0,109.835,0.0,1.0,0.0
266.747,2250.0,187.5,0.0,1.0,0.0
204.754,2250.0,40.8725,0.0,1.0,0.0
109.835,2250.0,109.835,0.0,1.0,0.0
204.754,2250.0,40.8725,0.0,1.0,0.0
154.581,2250.0,71.6186,0.0,1.0,0.0
71.6186,2250.0,154.581,0.0,1.0,0.0
40.8725,2250.0,204.754,0.0,1.0,0.0
18.3538,2250.0,259.119,0.0,1.0,0.0
490.881,2250.0,731.646,0.0,1.0,0.0
545.246,2250.0,709.127,0.0,1.0,0.0
483.253,2250.0,562.5,0.0,1.0,0.0
483.253,2250.0,562.5,0.0,1.0,0.0
545.246,2250.0,709.127,0.0,1.0,0.0
595.419,2250.0,678.381,0.0,1.0,0.0
483.253,2250.0,562.5,0.0,1.0,0.0
595.419,2250.0,678.381,0.0,1.0,0.0
640.165,2250.0,640.165,0.0,1.0,0.0
71.6186,2250.0,154.581,0.0,1.0,0.0
18.3538,2250.0,259.119,0.0,1.0,0.0
266.747,2250.0,187.5,0.0,1.0,0.0
266.747,2250.0,187.5,0.0,1.0,0.0
18.3538,2250.0,259.119,0.0,1.0,0.0
4.61689,2250.0,316.337,0.0,1.0,0.0
266.747,2250.0,187.5,0.0,1.0,0.0
4.61689,2250.0,316.337,0.0,1.0,0.0
158.494,2250.0,375.0,0.0,1.0,0.0
158.494,2250.0,375.0,0.0,1.0,0.0
4.61689,2250.0,316.337,0.0,1.0,0.0
0.0,2250.0,375.0,0.0,1.0,0.0
158.494,2250.0,375.0,0.0,1.0,0.0
0.0,2250.0,375.0,0.0,1.0,0.0
4.61689,2250.0,433.663,0.0,1.0,0.0
259.119,2250.0,18.3538,0.0,1.0,0.0
204.754,2250.0,40.8725,0.0,1.0,0.0
316.337,2250.0,4.61689,0.0,1.0,0.0
316.337,2250.0,4.61689,0.0,1.0,0.0
204.754,2250.0,40.8725,0.0,1.0,0.0
266.747,2250.0,187.5,0.0,1.0,0.0
316.337,2250.0,4.61689,0.0,1.0,0.0
266.747,2250.0,187.5,0.0,1.0,0.0
375.0,2250.0,0.0,0.0,1.0,0.0
375.0,2250.0,0.0,0.0,1.0,0.0
266.747,2250.0,187.5,0.0,1.0,0.0
483.253,2250.0,187.5,0.0,1.0,0.0
375.0,2250.0,0.0,0.0,1.0,0.0
483.253,2250.0,187.5,0.0,1.0,0.0
433.663,2250.0,4.61689,0.0,1.0,0.0
433.663,2250.0,4.61689,0.0,1.0,0.0
483.253,2250.0,187.5,0.0,1.0,0.0
490.881,2250.0,18.3538,0.0,1.0,0.0
745.383,2250.0,433.663,0.0,1.0,0.0
750.0,2250.0,375.0,0.0,1.0,0.0
731.646,2250.0,490.881,0.0,1.0,0.0
731.646,2250.0,490.881,0.0,1.0,0.0
750.0,2250.0,375.0,0.0,1.0,0.0
591.506,2250.0,375.0,0.0,1.0,0.0
731.646,2250.0,490.881,0.0,1.0,0.0
591.506,2250.0,375.0,0.0,1.0,0.0
709.127,2250.0,545.246,0.0,1.0,0.0
709.127,2250.0,545.246,0.0,1.0,0.0
591.506,2250.0,375.0,0.0,1.0,0.0
483.253,2250.0,562.5,0.0,1.0,0.0
709.127,2250.0,545.246,0.0,1.0,0.0
483.253,2250.0,562.5,0.0,1.0,0.0
678.381,2250.0,595.419,0.0,1.0,0.0
678.381,2250.0,595.419,0.0,1.0,0.0
483.253,2250.0,562.5,0.0,1.0,0.0
640.165,2250.0,640.165,0.0,1.0,0.0
154.581,2250.0,678.381,0.0,1.0,0.0
204.754,2250.0,709.127,0.0,1.0,0.0
109.835,2250.0,640.165,0.0,1.0,0.0
109.835,2250.0,640.165,0.0,1.0,0.0
204.754,2250.0,709.127,0.0,1.0,0.0
266.747,2250.0,562.5,0.0,1.0,0.0
109.835,2250.0,640.165,0.0,1.0,0.0
266.747,2250.0,562.5,0.0,1.0,0.0
71.6186,2250.0,595.419,0.0,1.0,0.0
71.6186,2250.0,595.419,0.0,1.0,0.0
266.747,2250.0,562.5,0.0,1.0,0.0
158.494,2250.0,375.0,0.0,1.0,0.0
71.6186,2250.0,595.419,0.0,1.0,0.0
158.494,2250.0,375.0,0.0,1.0,0.0
40.8725,2250.0,545.246,0.0,1.0,0.0
40.8725,2250.0,545.246,0.0,1.0,0.0
158.494,2250.0,375.0,0.0,1.0,0.0
4.61689,2250.0,433.663,0.0,1.0,0.0
40.8725,2250.0,545.246,0.0,1.0,0.0
4.61689,2250.0,433.663,0.0,1.0,0.0
18.3538,2250.0,490.881,0.0,1.0,0.0
417.25,875.0,621.404,0.251978,0.0,0.967733
417.25,50.0,621.404,0.251978,0.0,0.967733
458.285,875.0,610.719,0.251978,0.0,0.967733
458.285,875.0,610.719,0.251978,0.0,0.967733
417.25,50.0,621.404,0.251978,0.0,0.967733
458.285,50.0,610.719,0.251978,0.0,0.967733
458.285,875.0,610.719,0.411902,0.0,0.911228
458.285,50.0,610.719,0.411902,0.0,0.911228
496.924,875.0,593.253,0.411902,0.0,0.911228
496.924,875.0,593.253,0.411902,0.0,0.911228
458.285,50.0,610.719,0.411902,0.0,0.911228
496.924,50.0,593.253,0.411902,0.0,0.911228
496.924,875.0,593.253,0.559975,0.0,0.82851
496.924,50.0,593.253,0.559975,0.0,0.82851
532.055,875.0,569.509,0.559975,0.0,0.82851
532.055,875.0,569.509,0.559975,0.0,0.82851
496.924,50.0,593.253,0.559975,0.0,0.82851
532.055,50.0,569.509,0.559975,0.0,0.82851
532.055,875.0,569.509,0.691938,0.0,0.721957
532.055,50.0,569.509,0.691938,0.0,0.721957
562.668,875.0,540.169,0.691938,0.0,0.721957
562.668,875.0,540.169,0.691938,0.0,0.721957
532.055,50.0,569.509,0.691938,0.0,0.721957
562.668,50.0,540.169,0.691938,0.0,0.721957
562.668,875.0,540.169,0.803998,0.0,0.594632
562.668,50.0,540.169,0.803998,0.0,0.594632
587.882,875.0,506.077,0.803998,0.0,0.594632
587.882,875.0,506.077,0.803998,0.0,0.594632
562.668,50.0,540.169,0.803998,0.0,0.594632
587.882,50.0,506.077,0.803998,0.0,0.594632
587.882,875.0,506.077,0.892925,0.0,0.450205
587.882,50.0,506.077,0.892925,0.0,0.450205
606.972,875.0,468.214,0.892925,0.0,0.450205
606.972,875.0,468.214,0.892925,0.0,0.450205
587.882,50.0,506.077,0.892925,0.0,0.450205
606.972,50.0,468.214,0.892925,0.0,0.450205
606.972,875.0,468.214,0.956167,0.0,0.292822
606.972,50.0,468.214,0.956167,0.0,0.292822
619.389,875.0,427.67,0.956167,0.0,0.292822
619.389,875.0,427.67,0.956167,0.0,0.292822
606.972,50.0,468.214,0.956167,0.0,0.292822
619.389,50.0,427.67,0.956167,0.0,0.292822
619.389,875.0,427.67,0.9919,0.0,0.127019
619.389,50.0,427.67,0.9919,0.0,0.127019
624.775,875.0,385.61,0.9919,0.0,0.127019
624.775,875.0,385.61,0.9919,0.0,0.127019
619.389,50.0,427.67,0.9919,0.0,0.127019
624.775,50.0,385.61,0.9919,0.0,0.127019
624.775,875.0,385.61,0.999099,0.0,-0.0424424
624.775,50.0,385.61,0.999099,0.0,-0.0424424
622.975,875.0,343.246,0.999099,0.0,-0.0424424
622.975,875.0,343.246,0.999099,0.0,-0.0424424
624.775,50.0,385.61,0.999099,0.0,-0.0424424
622.975,50.0,343.246,0.999099,0.0,-0.0424424
622.975,875.0,343.246,0.977555,0.0,-0.210679
622.975,50.0,343.246,0.977555,0.0,-0.210679
614.042,875.0,301.794,0.977555,0.0,-0.210679
614.042,875.0,301.794,0.977555,0.0,-0.210679
622.975,50.0,343.246,0.977555,0.0,-0.210679
614.042,50.0,301.794,0.977555,0.0,-0.210679
614.042,875.0,301.794,0.927889,0.0,-0.372857
614.042,50.0,301.794,0.927889,0.0,-0.372857
598.231,875.0,262.449,0.927889,0.0,-0.372857
598.231,875.0,262.449,0.927889,0.0,-0.372857
614.042,50.0,301.794,0.927889,0.0,-0.372857
598.231,50.0,262.449,0.927889,0.0,-0.372857
598.231,875.0,262.449,0.851529,0.0,-0.524307
598.231,50.0,262.449,0.851529,0.0,-0.524307
575.999,875.0,226.342,0.851529,0.0,-0.524307
575.999,875.0,226.342,0.851529,0.0,-0.524307
598.231,50.0,262.449,0.851529,0.0,-0.524307
575.999,50.0,226.342,0.851529,0.0,-0.524307
575.999,875.0,226.342,0.750673,0.0,-0.660674
575.999,50.0,226.342,0.750673,0.0,-0.660674
547.985,875.0,194.511,0.750673,0.0,-0.660674
547.985,875.0,194.511,0.750673,0.0,-0.660674
575.999,50.0,226.342,0.750673,0.0,-0.660674
547.985,50.0,194.511,0.750673,0.0,-0.660674
547.985,875.0,194.511,0.628219,0.0,-0.778036
547.985,50.0,194.511,0.628219,0.0,-0.778036
514.994,875.0,167.873,0.628219,0.0,-0.778036
514.994,875.0,167.873,0.628219,0.0,-0.778036
547.985,50.0,194.511,0.628219,0.0,-0.778036
514.994,50.0,167.873,0.628219,0.0,-0.778036
514.994,875.0,167.873,0.487695,0.0,-0.873014
514.994,50.0,167.873,0.487695,0.0,-0.873014
477.975,875.0,147.193,0.487695,0.0,-0.873014
477.975,875.0,147.193,0.487695,0.0,-0.873014
514.994,50.0,167.873,0.487695,0.0,-0.873014
477.975,50.0,147.193,0.487695,0.0,-0.873014
477.975,875.0,147.193,0.33314,0.0,-0.942877
477.975,50.0,147.193,0.33314,0.0,-0.942877
437.995,875.0,133.067,0.33314,0.0,-0.942877
437.995,875.0,133.067,0.33314,0.0,-0.942877
477.975,50.0,147.193,0.33314,0.0,-0.942877
437.995,50.0,133.067,0.33314,0.0,-0.942877
437.995,875.0,133.067,0.169001,0.0,-0.985616
437.995,50.0,133.067,0.169001,0.0,-0.985616
396.201,875.0,125.901,0.169001,0.0,-0.985616
396.201,875.0,125.901,0.169001,0.0,-0.985616
437.995,50.0,133.067,0.169001,0.0,-0.985616
396.201,50.0,125.901,0.169001,0.0,-0.985616
396.201,875.0,125.901,0.0,0.0,-1.0
396.201,50.0,125.901,0.0,0.0,-1.0
353.799,875.0,125.901,0.0,0.0,-1.0
353.799,875.0,125.901,0.0,0.0,-1.0
396.201,50.0,125.901,0.0,0.0,-1.0
353.799,50.0,125.901,0.0,0.0,-1.0
353.799,875.0,125.901,-0.169001,0.0,-0.985616
353.799,50.0,125.901,-0.169001,0.0,-0.985616
312.005,875.0,133.067,-0.169001,0.0,-0.985616
312.005,875.0,133.067,-0.169001,0.0,-0.985616
353.799,50.0,125.901,-0.169001,0.0,-0.985616
312.005,50.0,133.067,-0.169001,0.0,-0.985616
312.005,875.0,133.067,-0.33314,0.0,-0.942877
312.005,50.0,133.067,-0.33314,0.0,-0.942877
272.025,875.0,147.193,-0.33314,0.0,-0.942877
272.025,875.0,147.193,-0.33314,0.0,-0.942877
312.005,50.0,133.067,-0.33314,0.0,-0.942877
272.025,50.0,147.193,-0.33314,0.0,-0.942877
272.025,875.0,147.193,-0.487695,0.0,-0.873014
272.025,50.0,147.193,-0.487695,0.0,-0.873014
235.006,875.0,167.873,-0.487695,0.0,-0.873014
235.006,875.0,167.873,-0.487695,0.0,-0.873014
272.025,50.0,147.193,-0.487695,0.0,-0.873014
235.006,50.0,167.873,-0.487695,0.0,-0.873014
235.006,875.0,167.873,-0.62822,0.0,-0.778036
235.006,50.0,167.873,-0.62822,0.0,-0.778036
202.015,875.0,194.511,-0.62822,0.0,-0.778036
202.015,875.0,194.511,-0.62822,0.0,-0.778036
235.006,50.0,167.873,-0.62822,0.0,-0.778036
202.015,50.0,194.511,-0.62822,0.0,-0.778036
202.015,875.0,194.511,-0.750672,0.0,-0.660675
202.015,50.0,194.511,-0.750672,0.0,-0.660675
174.001,875.0,226.342,-0.750672,0.0,-0.660675
174.001,875.0,226.342,-0.750672,0.0,-0.660675
202.015,50.0,194.511,-0.750672,0.0,-0.660675
174.001,50.0,226.342,-0.750672,0.0,-0.660675
174.001,875.0,226.342,-0.851529,0.0,-0.524307
174.001,50.0,226.342,-0.851529,0.0,-0.524307
151.769,875.0,262.449,-0.851529,0.0,-0.524307
151.769,875.0,262.449,-0.851529,0.0,-0.524307
174.001,50.0,226.342,-0.851529,0.0,-0.524307
151.769,50.0,262.449,-0.851529,0.0,-0.524307
151.769,875.0,262.449,-0.927889,0.0,-0.372857
151.769,50.0,262.449,-0.927889,0.0,-0.372857
135.958,875.0,301.794,-0.927889,0.0,-0.372857
135.958,875.0,301.794,-0.927889,0.0,-0.372857
151.769,50.0,262.449,-0.927889,0.0,-0.372857
135.958,50.0,301.794,-0.927889,0.0,-0.372857
135.958,875.0,301.794,-0.977555,0.0,-0.210679
135.958,50.0,301.794,-0.977555,0.0,-0.210679
127.025,875.0,343.246,-0.977555,0.0,-0.210679
127.025,875.0,343.246,-0.977555,0.0,-0.210679
135.958,50.0,301.794,-0.977555,0.0,-0.210679
127.025,50.0,343.246,-0.977555,0.0,-0.210679
127.025,875.0,343.246,-0.999099,0.0,-0.0424411
127.025,50.0,343.246,-0.999099,0.0,-0.0424411
125.225,875.0,385.61,-0.999099,0.0,-0.0424411
125.225,875.0,385.61,-0.999099,0.0,-0.0424411
127.025,50.0,343.246,-0.999099,0.0,-0.0424411
125.225,50.0,385.61,-0.999099,0.0,-0.0424411
125.225,875.0,385.61,-0.9919,0.0,0.127018
125.225,50.0,385.61,-0.9919,0.0,0.127018
130.611,875.0,427.67,-0.9919,0.0,0.127018
130.611,875.0,427.67,-0.9919,0.0,0.127018
125.225,50.0,385.61,-0.9919,0.0,0.127018
130.611,50.0,427.67,-0.9919,0.0,0.127018
130.611,875.0,427.67,-0.956167,0.0,0.292823
130.611,50.0,427.67,-0.956167,0.0,0.292823
143.028,875.0,468.214,-0.956167,0.0,0.292823
143.028,875.0,468.214,-0.956167,0.0,0.292823
130.611,50.0,427.67,-0.956167,0.0,0.292823
143.028,50.0,468.214,-0.956167,0.0,0.292823
143.028,875.0,468.214,-0.892926,0.0,0.450204
143.028,50.0,468.214,-0.892926,0.0,0.450204
162.118,875.0,506.077,-0.892926,0.0,0.450204
162.118,875.0,506.077,-0.892926,0.0,0.450204
143.028,50.0,468.214,-0.892926,0.0,0.450204
162.118,50.0,506.077,-0.892926,0.0,0.450204
162.118,875.0,506.077,-0.803997,0.0,0.594633
162.118,50.0,506.077,-0.803997,0.0,0.594633
187.332,875.0,540.169,-0.803997,0.0,0.594633
187.332,875.0,540.169,-0.803997,0.0,0.594633
162.118,50.0,506.077,-0.803997,0.0,0.594633
187.332,50.0,540.169,-0.803997,0.0,0.594633
187.332,875.0,540.169,-0.691938,0.0,0.721957
187.332,50.0,540.169,-0.691938,0.0,0.721957
217.945,875.0,569.509,-0.691938,0.0,0.721957
217.945,875.0,569.509,-0.691938,0.0,0.721957
187.332,50.0,540.169,-0.691938,0.0,0.721957
217.945,50.0,569.509,-0.691938,0.0,0.721957
217.945,875.0,569.509,-0.559975,0.0,0.82851
217.945,50.0,569.509,-0.559975,0.0,0.82851
253.076,875.0,593.253,-0.559975,0.0,0.82851
253.076,875.0,593.253,-0.559975,0.0,0.82851
217.945,50.0,569.509,-0.559975,0.0,0.82851
253.076,50.0,593.253,-0.559975,0.0,0.82851
253.076,875.0,593.253,-0.411902,0.0,0.911228
253.076,50.0,593.253,-0.411902,0.0,0.911228
291.715,875.0,610.719,-0.411902,0.0,0.911228
291.715,875.0,610.719,-0.411902,0.0,0.911228
253.076,50.0,593.253,-0.411902,0.0,0.911228
291.715,50.0,610.719,-0.411902,0.0,0.911228
291.715,875.0,610.719,-0.251978,0.0,0.967733
291.715,50.0,610.719,-0.251978,0.0,0.967733
332.75,875.0,621.404,-0.251978,0.0,0.967733
332.75,875.0,621.404,-0.251978,0.0,0.967733
291.715,50.0,610.719,-0.251978,0.0,0.967733
332.75,50.0,621.404,-0.251978,0.0,0.967733
332.75,875.0,621.404,-0.0848056,0.0,0.996398
332.75,50.0,621.404,-0.0848056,0.0,0.996398
375.0,875.0,625.0,-0.0848056,0.0,0.996398
375.0,875.0,625.0,-0.0848056,0.0,0.996398
332.75,50.0,621.404,-0.0848056,0.0,0.996398
375.0,50.0,625.0,-0.0848056,0.0,0.996398
375.0,875.0,625.0,0.0848056,0.0,0.996398
375.0,50.0,625.0,0.0848056,0.0,0.996398
417.25,875.0,621.404,0.0848056,0.0,0.996398
417.25,875.0,621.404,0.0848056,0.0,0.996398
375.0,50.0,625.0,0.0848056,0.0,0.996398
417.25,50.0,621.404,0.0848056,0.0,0.996398
433.663,2250.0,745.383,0.233445,0.0,0.97237
433.663,1750.0,745.383,0.233445,0.0,0.97237
490.881,2250.0,731.646,0.233445,0.0,0.97237
490.881,2250.0,731.646,0.233445,0.0,0.97237
433.663,1750.0,745.383,0.233445,0.0,0.97237
490.881,1750.0,731.646,0.233445,0.0,0.97237
490.881,2250.0,731.646,0.382684,0.0,0.923879
490.881,1750.0,731.646,0.382684,0.0,0.923879
545.246,2250.0,709.127,0.382684,0.0,0.923879
545.246,2250.0,709.127,0.382684,0.0,0.923879
490.881,1750.0,731.646,0.382684,0.0,0.923879
545.246,1750.0,709.127,0.382684,0.0,0.923879
545.246,2250.0,709.127,0.522498,0.0,0.852641
545.246,1750.0,709.127,0.522498,0.0,0.852641
595.419,2250.0,678.381,0.522498,0.0,0.852641
595.419,2250.0,678.381,0.522498,0.0,0.852641
545.246,1750.0,709.127,0.522498,0.0,0.852641
595.419,1750.0,678.381,0.522498,0.0,0.852641
595.419,2250.0,678.381,0.649449,0.0,0.760405
595.419,1750.0,678.381,0.649449,0.0,0.760405
640.165,2250.0,640.165,0.649449,0.0,0.760405
640.165,2250.0,640.165,0.649449,0.0,0.760405
595.419,1750.0,678.381,0.649449,0.0,0.760405
640.165,1750.0,640.165,0.649449,0.0,0.760405
640.165,2250.0,640.165,0.760405,0.0,0.649449
640.165,1750.0,640.165,0.760405,0.0,0.649449
678.381,2250.0,595.419,0.760405,0.0,0.649449
678.381,2250.0,595.419,0.760405,0.0,0.649449
640.165,1750.0,640.165,0.760405,0.0,0.649449
678.381,1750.0,595.419,0.760405,0.0,0.649449
678.381,2250.0,595.419,0.852641,0.0,0.522498
678.381,1750.0,595.419,0.852641,0.0,0.522498
709.127,2250.0,545.246,0.852641,0.0,0.522498
709.127,2250.0,545.246,0.852641,0.0,0.522498
678.381,1750.0,595.419,0.852641,0.0,0.522498
709.127,1750.0,545.246,0.852641,0.0,0.522498
709.127,2250.0,545.246,0.923879,0.0,0.382684
709.127,1750.0,545.246,0.923879,0.0,0.382684
731.646,2250.0,490.881,0.923879,0.0,0.382684
731.646,2250.0,490.881,0.923879,0.0,0.382684
709.127,1750.0,545.246,0.923879,0.0,0.382684
731.646,1750.0,490.881,0.923879,0.0,0.382684
731.646,2250.0,490.881,0.97237,0.0,0.233445
731.646,1750.0,490.881,0.97237,0.0,0.233445
745.383,2250.0,433.663,0.97237,0.0,0.233445
745.383,2250.0,433.663,0.97237,0.0,0.233445
731.646,1750.0,490.881,0.97237,0.0,0.233445
745.383,1750.0,433.663,0.97237,0.0,0.233445
745.383,2250.0,433.663,0.996917,0.0,0.0784593
745.383,1750.0,433.663,0.996917,0.0,0.0784593
750.0,2250.0,375.0,0.996917,0.0,0.0784593
750.0,2250.0,375.0,0.996917,0.0,0.0784593
745.383,1750.0,433.663,0.996917,0.0,0.0784593
750.0,1750.0,375.0,0.996917,0.0,0.0784593
750.0,2250.0,375.0,0.996917,0.0,-0.0784593
750.0,1750.0,375.0,0.996917,0.0,-0.0784593
745.383,2250.0,316.337,0.996917,0.0,-0.0784593
745.383,2250.0,316.337,0.996917,0.0,-0.0784593
750.0,1750.0,375.0,0.996917,0.0,-0.0784593
745.383,1750.0,316.337,0.996917,0.0,-0.0784593
745.383,2250.0,316.337,0.97237,0.0,-0.233445
745.383,1750.0,316.337,0.97237,0.0,-0.233445
731.646,2250.0,259.119,0.97237,0.0,-0.233445
731.646,2250.0,259.119,0.97237,0.0,-0.233445
745.383,1750.0,316.337,0.97237,0.0,-0.233445
731.646,1750.0,259.119,0.97237,0.0,-0.233445
731.646,2250.0,259.119,0.92388,0.0,-0.382683
731.646,1750.0,259.119,0.92388,0.0,-0.382683
709.127,2250.0,204.754,0.92388,0.0,-0.382683
709.127,2250.0,204.754,0.92388,0.0,-0.382683
731.646,1750.0,259.119,0.92388,0.0,-0.382683
709.127,1750.0,204.754,0.92388,0.0,-0.382683
709.127,2250.0,204.754,0.85264,0.0,-0.522498
709.127,1750.0,204.754,0.85264,0.0,-0.522498
678.381,2250.0,154.581,0.85264,0.0,-0.522498
678.381,2250.0,154.581,0.85264,0.0,-0.522498
709.127,1750.0,204.754,0.85264,0.0,-0.522498
678.381,1750.0,154.581,0.85264,0.0,-0.522498
678.381,2250.0,154.581,0.760406,0.0,-0.649448
678.381,1750.0,154.581,0.760406,0.0,-0.649448
640.165,2250.0,109.835,0.760406,0.0,-0.649448
640.165,2250.0,109.835,0.760406,0.0,-0.649448
678.381,1750.0,154.581,0.760406,0.0,-0.649448
640.165,1750.0,109.835,0.760406,0.0,-0.649448
640.165,2250.0,109.835,0.649449,0.0,-0.760406
640.165,1750.0,109.835,0.649449,0.0,-0.760406
595.419,2250.0,71.6186,0.649449,0.0,-0.760406
595.419,2250.0,71.6186,0.649449,0.0,-0.760406
640.165,1750.0,109.835,0.649449,0.0,-0.760406
595.419,1750.0,71.6186,0.649449,0.0,-0.760406
595.419,2250.0,71.6186,0.522498,0.0,-0.85264
595.419,1750.0,71.6186,0.522498,0.0,-0.85264
545.246,2250.0,40.8725,0.522498,0.0,-0.85264
545.246,2250.0,40.8725,0.522498,0.0,-0.85264
595.419,1750.0,71.6186,0.522498,0.0,-0.85264
545.246,1750.0,40.8725,0.522498,0.0,-0.85264
545.246,2250.0,40.8725,0.382683,0.0,-0.92388
545.246,1750.0,40.8725,0.382683,0.0,-0.92388
490.881,2250.0,18.3538,0.382683,0.0,-0.92388
490.881,2250.0,18.3538,0.382683,0.0,-0.92388
545.246,1750.0,40.8725,0.382683,0.0,-0.92388
490.881,1750.0,18.3538,0.382683,0.0,-0.92388
490.881,2250.0,18.3538,0.233445,0.0,-0.97237
490.881,1750.0,18.3538,0.233445,0.0,-0.97237
433.663,2250.0,4.61689,0.233445,0.0,-0.97237
433.663,2250.0,4.61689,0.233445,0.0,-0.97237
490.881,1750.0,18.3538,0.233445,0.0,-0.97237
433.663,1750.0,4.61689,0.233445,0.0,-0.97237
433.663,2250.0,4.61689,0.0784593,0.0,-0.996917
433.663,1750.0,4.61689,0.0784593,0.0,-0.996917
375.0,2250.0,0.0,0.0784593,0.0,-0.996917
375.0,2250.0,0.0,0.0784593,0.0,-0.996917
433.663,1750.0,4.61689,0.0784593,0.0,-0.996917
375.0,1750.0,0.0,0.0784593,0.0,-0.996917
375.0,2250.0,0.0,-0.0784593,0.0,-0.996917
375.0,1750.0,0.0,-0.0784593,0.0,-0.996917
316.337,2250.0,4.61689,-0.0784593,0.0,-0.996917
316.337,2250.0,4.61689,-0.0784593,0.0,-0.996917
375.0,1750.0,0.0,-0.0784593,0.0,-0.996917
316.337,1750.0,4.61689,-0.0784593,0.0,-0.996917
316.337,2250.0,4.61689,-0.233445,0.0,-0.97237
316.337,1750.0,4.61689,-0.233445,0.0,-0.97237
259.119,2250.0,18.3538,-0.233445,0.0,-0.97237
259.119,2250.0,18.3538,-0.233445,0.0,-0.97237
316.337,1750.0,4.61689,-0.233445,0.0,-0.97237
259.119,1750.0,18.3538,-0.233445,0.0,-0.97237
259.119,2250.0,18.3538,-0.382683,0.0,-0.92388
259.119,1750.0,18.3538,-0.382683,0.0,-0.92388
204.754,2250.0,40.8725,-0.382683,0.0,-0.92388
204.754,2250.0,40.8725,-0.382683,0.0,-0.92388
259.119,1750.0,18.3538,-0.382683,0.0,-0.92388
204.754,1750.0,40.8725,-0.382683,0.0,-0.92388
204.754,2250.0,40.8725,-0.522499,0.0,-0.85264
204.754,1750.0,40.8725,-0.522499,0.0,-0.85264
154.581,2250.0,71.6186,-0.522499,0.0,-0.85264
154.581,2250.0,71.6186,-0.522499,0.0,-0.85264
204.754,1750.0,40.8725,-0.522499,0.0,-0.85264
154.581,1750.0,71.6186,-0.522499,0.0,-0.85264
154.581,2250.0,71.6186,-0.649448,0.0,-0.760406
154.581,1750.0,71.6186,-0.649448,0.0,-0.760406
109.835,2250.0,109.835,-0.649448,0.0,-0.760406
109.835,2250.0,109.835,-0.649448,0.0,-0.760406
154.581,1750.0,71.6186,-0.649448,0.0,-0.760406
109.835,1750.0,109.835,-0.649448,0.0,-0.760406
109.835,2250.0,109.835,-0.760406,0.0,-0.649448
109.835,1750.0,109.835,-0.760406,0.0,-0.649448
71.6186,2250.0,154.581,-0.760406,0.0,-0.649448
71.6186,2250.0,154.581,-0.760406,0.0,-0.649448
109.835,1750.0,109.835,-0.760406,0.0,-0.649448
71.6186,1750.0,154.581,-0.760406,0.0,-0.649448
71.6186,2250.0,154.581,-0.85264,0.0,-0.522499
71.6186,1750.0,154.581,-0.85264,0.0,-0.522499
40.8725,2250.0,204.754,-0.85264,0.0,-0.522499
40.8725,2250.0,204.754,-0.85264,0.0,-0.522499
71.6186,1750.0,154.581,-0.85264,0.0,-0.522499
40.8725,1750.0,204.754,-0.85264,0.0,-0.522499
40.8725,2250.0,204.754,-0.92388,0.0,-0.382683
40.8725,1750.0,204.754,-0.92388,0.0,-0.382683
18.3538,2250.0,259.119,-0.92388,0.0,-0.382683
18.3538,2250.0,259.119,-0.92388,0.0,-0.382683
40.8725,1750.0,204.754,-0.92388,0.0,-0.382683
18.3538,1750.0,259.119,-0.92388,0.0,-0.382683
18.3538,2250.0,259.119,-0.97237,0.0,-0.233445
18.3538,1750.0,259.119,-0.97237,0.0,-0.233445
4.61689,2250.0,316.337,-0.97237,0.0,-0.233445
4.61689,2250.0,316.337,-0.97237,0.0,-0.233445
18.3538,1750.0,259.119,-0.97237,0.0,-0.233445
4.61689,1750.0,316.337,-0.97237,0.0,-0.233445
4.61689,2250.0,316.337,-0.996917,0.0,-0.0784593
4.61689,1750.0,316.337,-0.996917,0.0,-0.0784593
0.0,2250.0,375.0,-0.996917,0.0,-0.0784593
0.0,2250.0,375.0,-0.996917,0.0,-0.0784593
4.61689,1750.0,316.337,-0.996917,0.0,-0.0784593
0.0,1750.0,375.0,-0.996917,0.0,-0.0784593
0.0,2250.0,375.0,-0.996917,0.0,0.0784593
0.0,1750.0,375.0,-0.996917,0.0,0.0784593
4.61689,2250.0,433.663,-0.996917,0.0,0.0784593
4.61689,2250.0,433.663,-0.996917,0.0,0.0784593
0.0,1750.0,375.0,-0.996917,0.0,0.0784593
4.61689,1750.0,433.663,-0.996917,0.0,0.0784593
4.61689,2250.0,433.663,-0.97237,0.0,0.233445
4.61689,1750.0,433.663,-0.97237,0.0,0.233445
18.3538,2250.0,490.881,-0.97237,0.0,0.233445
18.3538,2250.0,490.881,-0.97237,0.0,0.233445
4.61689,1750.0,433.663,-0.97237,0.0,0.233445
18.3538,1750.0,490.881,-0.97237,0.0,0.233445
18.3538,2250.0,490.881,-0.92388,0.0,0.382683
18.3538,1750.0,490.881,-0.92388,0.0,0.382683
40.8725,2250.0,545.246,-0.92388,0.0,0.382683
40.8725,2250.0,545.246,-0.92388,0.0,0.382683
18.3538,1750.0,490.881,-0.92388,0.0,0.382683
40.8725,1750.0,545.246,-0.92388,0.0,0.382683
40.8725,2250.0,545.246,-0.85264,0.0,0.522498
40.8725,1750.0,545.246,-0.85264,0.0,0.522498
71.6186,2250.0,595.419,-0.85264,0.0,0.522498
71.6186,2250.0,595.419,-0.85264,0.0,0.522498
40.8725,1750.0,545.246,-0.85264,0.0,0.522498
71.6186,1750.0,595.419,-0.85264,0.0,0.522498
71.6186,2250.0,595.419,-0.760406,0.0,0.649449
71.6186,1750.0,595.419,-0.760406,0.0,0.649449
109.835,2250.0,640.165,-0.760406,0.0,0.649449
109.835,2250.0,640.165,-0.760406,0.0,0.649449
71.6186,1750.0,595.419,-0.760406,0.0,0.649449
109.835,1750.0,640.165,-0.760406,0.0,0.649449
109.835,2250.0,640.165,-0.649448,0.0,0.760406
109.835,1750.0,640.165,-0.649448,0.0,0.760406
154.581,2250.0,678.381,-0.649448,0.0,0.760406
154.581,2250.0,678.381,-0.649448,0.0,0.760406
109.835,1750.0,640.165,-0.649448,0.0,0.760406
154.581,1750.0,678.381,-0.649448,0.0,0.760406
154.581,2250.0,678.381,-0.522498,0.0,0.85264
154.581,1750.0,678.381,-0.522498,0.0,0.85264
204.754,2250.0,709.127,-0.522498,0.0,0.85264
204.754,2250.0,709.127,-0.522498,0.0,0.85264
154.581,1750.0,678.381,-0.522498,0.0,0.85264
204.754,1750.0,709.127,-0.522498,0.0,0.85264
204.754,2250.0,709.127,-0.382683,0.0,0.92388
204.754,1750.0,709.127,-0.382683,0.0,0.92388
259.119,2250.0,731.646,-0.382683,0.0,0.92388
259.119,2250.0,731.646,-0.382683,0.0,0.92388
204.754,1750.0,709.127,-0.382683,0.0,0.92388
259.119,1750.0,731.646,-0.382683,0.0,0.92388
259.119,2250.0,731.646,-0.233445,0.0,0.97237
259.119,1750.0,731.646,-0.233445,0.0,0.97237
316.337,2250.0,745.383,-0.233445,0.0,0.97237
316.337,2250.0,745.383,-0.233445,0.0,0.97237
259.119,1750.0,731.646,-0.233445,0.0,0.97237
316.337,1750.0,745.383,-0.233445,0.0,0.97237
316.337,2250.0,745.383,-0.0784593,0.0,0.996917
316.337,1750.0,745.383,-0.0784593,0.0,0.996917
375.0,2250.0,750.0,-0.0784593,0.0,0.996917
375.0,2250.0,750.0,-0.0784593,0.0,0.996917
316.337,1750.0,745.383,-0.0784593,0.0,0.996917
375.0,1750.0,750.0,-0.0784593,0.0,0.996917
375.0,2250.0,750.0,0.0784593,0.0,0.996917
375.0,1750.0,750.0,0.0784593,0.0,0.996917
433.663,2250.0,745.383,0.0784593,0.0,0.996917
433.663,2250.0,745.383,0.0784593,0.0,0.996917
375.0,1750.0,750.0,0.0784593,0.0,0.996917
433.663,1750.0,745.383,0.0784593,0.0,0.996917
127.025,875.0,343.246,0.0,-1.0,0.0
126.876,875.0,343.227,0.0,-1.0,0.0
135.958,875.0,301.794,0.0,-1.0,0.0
135.958,875.0,301.794,0.0,-1.0,0.0
126.876,875.0,343.227,0.0,-1.0,0.0
135.815,875.0,301.75,0.0,-1.0,0.0
135.958,875.0,301.794,0.0,-1.0,0.0
135.815,875.0,301.75,0.0,-1.0,0.0
151.769,875.0,262.449,0.0,-1.0,0.0
151.769,875.0,262.449,0.0,-1.0,0.0
135.815,875.0,301.75,0.0,-1.0,0.0
151.635,875.0,262.382,0.0,-1.0,0.0
151.769,875.0,262.449,0.0,-1.0,0.0
151.635,875.0,262.382,0.0,-1.0,0.0
174.001,875.0,226.342,0.0,-1.0,0.0
174.001,875.0,226.342,0.0,-1.0,0.0
151.635,875.0,262.382,0.0,-1.0,0.0
173.88,875.0,226.253,0.0,-1.0,0.0
174.001,875.0,226.342,0.0,-1.0,0.0
173.88,875.0,226.253,0.0,-1.0,0.0
202.015,875.0,194.511,0.0,-1.0,0.0
202.015,875.0,194.511,0.0,-1.0,0.0
173.88,875.0,226.253,0.0,-1.0,0.0
201.911,875.0,194.403,0.0,-1.0,0.0
202.015,875.0,194.511,0.0,-1.0,0.0
201.911,875.0,194.403,0.0,-1.0,0.0
235.006,875.0,167.873,0.0,-1.0,0.0
235.006,875.0,167.873,0.0,-1.0,0.0
201.911,875.0,194.403,0.0,-1.0,0.0
234.922,875.0,167.748,0.0,-1.0,0.0
235.006,875.0,167.873,0.0,-1.0,0.0
234.922,875.0,167.748,0.0,-1.0,0.0
272.025,875.0,147.193,0.0,-1.0,0.0
272.025,875.0,147.193,0.0,-1.0,0.0
234.922,875.0,167.748,0.0,-1.0,0.0
271.963,875.0,147.056,0.0,-1.0,0.0
272.025,875.0,147.193,0.0,-1.0,0.0
271.963,875.0,147.056,0.0,-1.0,0.0
312.005,875.0,133.067,0.0,-1.0,0.0
312.005,875.0,133.067,0.0,-1.0,0.0
271.963,875.0,147.056,0.0,-1.0,0.0
311.968,875.0,132.922,0.0,-1.0,0.0
312.005,875.0,133.067,0.0,-1.0,0.0
311.968,875.0,132.922,0.0,-1.0,0.0
353.799,875.0,125.901,0.0,-1.0,0.0
353.799,875.0,125.901,0.0,-1.0,0.0
311.968,875.0,132.922,0.0,-1.0,0.0
353.786,875.0,125.751,0.0,-1.0,0.0
353.799,875.0,125.901,0.0,-1.0,0.0
353.786,875.0,125.751,0.0,-1.0,0.0
396.201,875.0,125.901,0.0,-1.0,0.0
396.201,875.0,125.901,0.0,-1.0,0.0
353.786,875.0,125.751,0.0,-1.0,0.0
396.214,875.0,125.751,0.0,-1.0,0.0
396.201,875.0,125.901,0.0,-1.0,0.0
396.214,875.0,125.751,0.0,-1.0,0.0
437.995,875.0,133.067,0.0,-1.0,0.0
437.995,875.0,133.067,0.0,-1.0,0.0
396.214,875.0,125.751,0.0,-1.0,0.0
438.032,875.0,132.922,0.0,-1.0,0.0
437.995,875.0,133.067,0.0,-1.0,0.0
438.032,875.0,132.922,0.0,-1.0,0.0
477.975,875.0,147.193,0.0,-1.0,0.0
477.975,875.0,147.193,0.0,-1.0,0.0
438.032,875.0,132.922,0.0,-1.0,0.0
478.037,875.0,147.056,0.0,-1.0,0.0
477.975,875.0,147.193,0.0,-1.0,0.0
478.037,875.0,147.056,0.0,-1.0,0.0
514.994,875.0,167.873,0.0,-1.0,0.0
514.994,875.0,167.873,0.0,-1.0,0.0
478.037,875.0,147.056,0.0,-1.0,0.0
515.078,875.0,167.748,0.0,-1.0,0.0
514.994,875.0,167.873,0.0,-1.0,0.0
515.078,875.0,167.748,0.0,-1.0,0.0
547.985,875.0,194.511,0.0,-1.0,0.0
547.985,875.0,194.511,0.0,-1.0,0.0
515.078,875.0,167.748,0.0,-1.0,0.0
548.089,875.0,194.403,0.0,-1.0,0.0
547.985,875.0,194.511,0.0,-1.0,0.0
548.089,875.0,194.403,0.0,-1.0,0.0
575.999,875.0,226.342,0.0,-1.0,0.0
575.999,875.0,226.342,0.0,-1.0,0.0
548.089,875.0,194.403,0.0,-1.0,0.0
576.12,875.0,226.253,0.0,-1.0,0.0
575.999,875.0,226.342,0.0,-1.0,0.0
576.12,875.0,226.253,0.0,-1.0,0.0
598.231,875.0,262.449,0.0,-1.0,0.0
598.231,875.0,262.449,0.0,-1.0,0.0
576.12,875.0,226.253,0.0,-1.0,0.0
598.365,875.0,262.382,0.0,-1.0,0.0
598.231,875.0,262.449,0.0,-1.0,0.0
598.365,875.0,262.382,0.0,-1.0,0.0
614.042,875.0,301.794,0.0,-1.0,0.0
614.042,875.0,301.794,0.0,-1.0,0.0
598.365,875.0,262.382,0.0,-1.0,0.0
614.185,875.0,301.75,0.0,-1.0,0.0
614.042,875.0,301.794,0.0,-1.0,0.0
614.185,875.0,301.75,0.0,-1.0,0.0
622.975,875.0,343.246,0.0,-1.0,0.0
622.975,875.0,343.246,0.0,-1.0,0.0
614.185,875.0,301.75,0.0,-1.0,0.0
623.124,875.0,343.227,0.0,-1.0,0.0
622.975,875.0,343.246,0.0,-1.0,0.0
623.124,875.0,343.227,0.0,-1.0,0.0
624.775,875.0,385.61,0.0,-1.0,0.0
624.775,875.0,385.61,0.0,-1.0,0.0
623.124,875.0,343.227,0.0,-1.0,0.0
624.925,875.0,385.617,0.0,-1.0,0.0
624.775,875.0,385.61,0.0,-1.0,0.0
624.925,875.0,385.617,0.0,-1.0,0.0
619.389,875.0,427.67,0.0,-1.0,0.0
619.389,875.0,427.67,0.0,-1.0,0.0
624.925,875.0,385.617,0.0,-1.0,0.0
619.535,875.0,427.701,0.0,-1.0,0.0
619.389,875.0,427.67,0.0,-1.0,0.0
619.535,875.0,427.701,0.0,-1.0,0.0
606.972,875.0,468.214,0.0,-1.0,0.0
606.972,875.0,468.214,0.0,-1.0,0.0
619.535,875.0,427.701,0.0,-1.0,0.0
607.111,875.0,468.27,0.0,-1.0,0.0
606.972,875.0,468.214,0.0,-1.0,0.0
607.111,875.0,468.27,0.0,-1.0,0.0
587.882,875.0,506.077,0.0,-1.0,0.0
587.882,875.0,506.077,0.0,-1.0,0.0
607.111,875.0,468.27,0.0,-1.0,0.0
588.01,875.0,506.155,0.0,-1.0,0.0
587.882,875.0,506.077,0.0,-1.0,0.0
588.01,875.0,506.155,0.0,-1.0,0.0
562.668,875.0,540.169,0.0,-1.0,0.0
562.668,875.0,540.169,0.0,-1.0,0.0
588.01,875.0,506.155,0.0,-1.0,0.0
562.781,875.0,540.268,0.0,-1.0,0.0
562.668,875.0,540.169,0.0,-1.0,0.0
562.781,875.0,540.268,0.0,-1.0,0.0
532.055,875.0,569.509,0.0,-1.0,0.0
532.055,875.0,569.509,0.0,-1.0,0.0
562.781,875.0,540.268,0.0,-1.0,0.0
532.149,875.0,569.626,0.0,-1.0,0.0
532.055,875.0,569.509,0.0,-1.0,0.0
532.149,875.0,569.626,0.0,-1.0,0.0
496.924,875.0,593.253,0.0,-1.0,0.0
496.924,875.0,593.253,0.0,-1.0,0.0
532.149,875.0,569.626,0.0,-1.0,0.0
496.997,875.0,593.385,0.0,-1.0,0.0
496.924,875.0,593.253,0.0,-1.0,0.0
496.997,875.0,593.385,0.0,-1.0,0.0
458.285,875.0,610.719,0.0,-1.0,0.0
458.285,875.0,610.719,0.0,-1.0,0.0
496.997,875.0,593.385,0.0,-1.0,0.0
458.335,875.0,610.861,0.0,-1.0,0.0
458.285,875.0,610.719,0.0,-1.0,0.0
458.335,875.0,610.861,0.0,-1.0,0.0
417.25,875.0,621.404,0.0,-1.0,0.0
417.25,875.0,621.404,0.0,-1.0,0.0
458.335,875.0,610.861,0.0,-1.0,0.0
417.276,875.0,621.552,0.0,-1.0,0.0
417.25,875.0,621.404,0.0,-1.0,0.0
417.276,875.0,621.552,0.0,-1.0,0.0
375.0,875.0,625.0,0.0,-1.0,0.0
375.0,875.0,625.0,0.0,-1.0,0.0
417.276,875.0,621.552,0.0,-1.0,0.0
375.0,875.0,625.15,0.0,-1.0,0.0
375.0,875.0,625.0,0.0,-1.0,0.0
375.0,875.0,625.15,0.0,-1.0,0.0
332.75,875.0,621.404,0.0,-1.0,0.0
332.75,875.0,621.404,0.0,-1.0,0.0
375.0,875.0,625.15,0.0,-1.0,0.0
332.724,875.0,621.552,0.0,-1.0,0.0
332.75,875.0,621.404,0.0,-1.0,0.0
332.724,875.0,621.552,0.0,-1.0,0.0
291.715,875.0,610.719,0.0,-1.0,0.0
291.715,875.0,610.719,0.0,-1.0,0.0
332.724,875.0,621.552,0.0,-1.0,0.0
291.665,875.0,610.861,0.0,-1.0,0.0
291.715,875.0,610.719,0.0,-1.0,0.0
291.665,875.0,610.861,0.0,-1.0,0.0
253.076,875.0,593.253,0.0,-1.0,0.0
253.076,875.0,593.253,0.0,-1.0,0.0
291.665,875.0,610.861,0.0,-1.0,0.0
253.003,875.0,593.385,0.0,-1.0,0.0
253.076,875.0,593.253,0.0,-1.0,0.0
253.003,875.0,593.385,0.0,-1.0,0.0
217.945,875.0,569.509,0.0,-1.0,0.0
217.945,875.0,569.509,0.0,-1.0,0.0
253.003,875.0,593.385,0.0,-1.0,0.0
217.851,875.0,569.626,0.0,-1.0,0.0
217.945,875.0,569.509,0.0,-1.0,0.0
217.851,875.0,569.626,0.0,-1.0,0.0
187.332,875.0,540.169,0.0,-1.0,0.0
187.332,875.0,540.169,0.0,-1.0,0.0
217.851,875.0,569.626,0.0,-1.0,0.0
187.219,875.0,540.268,0.0,-1.0,0.0
187.332,875.0,540.169,0.0,-1.0,0.0
187.219,875.0,540.268,0.0,-1.0,0.0
162.118,875.0,506.077,0.0,-1.0,0.0
162.118,875.0,506.077,0.0,-1.0,0.0
187.219,875.0,540.268,0.0,-1.0,0.0
161.99,875.0,506.155,0.0,-1.0,0.0
162.118,875.0,506.077,0.0,-1.0,0.0
161.99,875.0,506.155,0.0,-1.0,0.0
143.028,875.0,468.214,0.0,-1.0,0.0
143.028,875.0,468.214,0.0,-1.0,0.0
161.99,875.0,506.155,0.0,-1.0,0.0
142.889,875.0,468.27,0.0,-1.0,0.0
143.028,875.0,468.214,0.0,-1.0,0.0
142.889,875.0,468.27,0.0,-1.0,0.0
130.611,875.0,427.67,0.0,-1.0,0.0
130.611,875.0,427.67,0.0,-1.0,0.0
142.889,875.0,468.27,0.0,-1.0,0.0
130.465,875.0,427.701,0.0,-1.0,0.0
130.611,875.0,427.67,0.0,-1.0,0.0
130.465,875.0,427.701,0.0,-1.0,0.0
125.225,875.0,385.61,0.0,-1.0,0.0
125.225,875.0,385.61,0.0,-1.0,0.0
130.465,875.0,427.701,0.0,-1.0,0.0
125.075,875.0,385.617,0.0,-1.0,0.0
125.225,875.0,385.61,0.0,-1.0,0.0
125.075,875.0,385.617,0.0,-1.0,0.0
127.025,875.0,343.246,0.0,-1.0,0.0
127.025,875.0,343.246,0.0,-1.0,0.0
125.075,875.0,385.617,0.0,-1.0,0.0
126.876,875.0,343.227,0.0,-1.0,0.0
161.99,1750.0,506.155,0.0,-1.0,0.0
40.8725,1750.0,545.246,0.0,-1.0,0.0
142.889,1750.0,468.27,0.0,-1.0,0.0
142.889,1750.0,468.27,0.0,-1.0,0.0
40.8725,1750.0,545.246,0.0,-1.0,0.0
18.3538,1750.0,490.881,0.0,-1.0,0.0
142.889,1750.0,468.27,0.0,-1.0,0.0
18.3538,1750.0,490.881,0.0,-1.0,0.0
130.465,1750.0,427.701,0.0,-1.0,0.0
130.465,1750.0,427.701,0.0,-1.0,0.0
18.3538,1750.0,490.881,0.0,-1.0,0.0
4.61689,1750.0,433.663,0.0,-1.0,0.0
130.465,1750.0,427.701,0.0,-1.0,0.0
4.61689,1750.0,433.663,0.0,-1.0,0.0
125.075,1750.0,385.617,0.0,-1.0,0.0
125.075,1750.0,385.617,0.0,-1.0,0.0
4.61689,1750.0,433.663,0.0,-1.0,0.0
0.0,1750.0,375.0,0.0,-1.0,0.0
125.075,1750.0,385.617,0.0,-1.0,0.0
0.0,1750.0,375.0,0.0,-1.0,0.0
126.876,1750.0,343.227,0.0,-1.0,0.0
126.876,1750.0,343.227,0.0,-1.0,0.0
0.0,1750.0,375.0,0.0,-1.0,0.0
4.61689,1750.0,316.337,0.0,-1.0,0.0
126.876,1750.0,343.227,0.0,-1.0,0.0
4.61689,1750.0,316.337,0.0,-1.0,0.0
135.815,1750.0,301.75,0.0,-1.0,0.0
135.815,1750.0,301.75,0.0,-1.0,0.0
4.61689,1750.0,316.337,0.0,-1.0,0.0
18.3538,1750.0,259.119,0.0,-1.0,0.0
135.815,1750.0,301.75,0.0,-1.0,0.0
18.3538,1750.0,259.119,0.0,-1.0,0.0
151.635,1750.0,262.382,0.0,-1.0,0.0
151.635,1750.0,262.382,0.0,-1.0,0.0
18.3538,1750.0,259.119,0.0,-1.0,0.0
40.8725,1750.0,204.754,0.0,-1.0,0.0
151.635,1750.0,262.382,0.0,-1.0,0.0
40.8725,1750.0,204.754,0.0,-1.0,0.0
173.88,1750.0,226.253,0.0,-1.0,0.0
173.88,1750.0,226.253,0.0,-1.0,0.0
40.8725,1750.0,204.754,0.0,-1.0,0.0
71.6186,1750.0,154.581,0.0,-1.0,0.0
173.88,1750.0,226.253,0.0,-1.0,0.0
71.6186,1750.0,154.581,0.0,-1.0,0.0
201.911,1750.0,194.403,0.0,-1.0,0.0
201.911,1750.0,194.403,0.0,-1.0,0.0
71.6186,1750.0,154.581,0.0,-1.0,0.0
109.835,1750.0,109.835,0.0,-1.0,0.0
201.911,1750.0,194.403,0.0,-1.0,0.0
109.835,1750.0,109.835,0.0,-1.0,0.0
234.922,1750.0,167.748,0.0,-1.0,0.0
234.922,1750.0,167.748,0.0,-1.0,0.0
109.835,1750.0,109.835,0.0,-1.0,0.0
154.581,1750.0,71.6186,0.0,-1.0,0.0
234.922,1750.0,167.748,0.0,-1.0,0.0
154.581,1750.0,71.6186,0.0,-1.0,0.0
271.963,1750.0,147.056,0.0,-1.0,0.0
271.963,1750.0,147.056,0.0,-1.0,0.0
154.581,1750.0,71.6186,0.0,-1.0,0.0
204.754,1750.0,40.8725,0.0,-1.0,0.0
271.963,1750.0,147.056,0.0,-1.0,0.0
204.754,1750.0,40.8725,0.0,-1.0,0.0
311.968,1750.0,132.922,0.0,-1.0,0.0
311.968,1750.0,132.922,0.0,-1.0,0.0
204.754,1750.0,40.8725,0.0,-1.0,0.0
259.119,1750.0,18.3538,0.0,-1.0,0.0
311.968,1750.0,132.922,0.0,-1.0,0.0
259.119,1750.0,18.3538,0.0,-1.0,0.0
353.786,1750.0,125.751,0.0,-1.0,0.0
607.111,1750.0,468.27,0.0,-1.0,0.0
709.127,1750.0,545.246,0.0,-1.0,0.0
588.01,1750.0,506.155,0.0,-1.0,0.0
588.01,1750.0,506.155,0.0,-1.0,0.0
709.127,1750.0,545.246,0.0,-1.0,0.0
678.381,1750.0,595.419,0.0,-1.0,0.0
588.01,1750.0,506.155,0.0,-1.0,0.0
678.381,1750.0,595.419,0.0,-1.0,0.0
562.781,1750.0,540.268,0.0,-1.0,0.0
562.781,1750.0,540.268,0.0,-1.0,0.0
678.381,1750.0,595.419,0.0,-1.0,0.0
640.165,1750.0,640.165,0.0,-1.0,0.0
562.781,1750.0,540.268,0.0,-1.0,0.0
640.165,1750.0,640.165,0.0,-1.0,0.0
532.149,1750.0,569.626,0.0,-1.0,0.0
532.149,1750.0,569.626,0.0,-1.0,0.0
640.165,1750.0,640.165,0.0,-1.0,0.0
595.419,1750.0,678.381,0.0,-1.0,0.0
532.149,1750.0,569.626,0.0,-1.0,0.0
595.419,1750.0,678.381,0.0,-1.0,0.0
496.997,1750.0,593.385,0.0,-1.0,0.0
496.997,1750.0,593.385,0.0,-1.0,0.0
595.419,1750.0,678.381,0.0,-1.0,0.0
545.246,1750.0,709.127,0.0,-1.0,0.0
496.997,1750.0,593.385,0.0,-1.0,0.0
545.246,1750.0,709.127,0.0,-1.0,0.0
458.335,1750.0,610.861,0.0,-1.0,0.0
458.335,1750.0,610.861,0.0,-1.0,0.0
545.246,1750.0,709.127,0.0,-1.0,0.0
490.881,1750.0,731.646,0.0,-1.0,0.0
458.335,1750.0,610.861,0.0,-1.0,0.0
490.881,1750.0,731.646,0.0,-1.0,0.0
417.276,1750.0,621.552,0.0,-1.0,0.0
417.276,1750.0,621.552,0.0,-1.0,0.0
490.881,1750.0,731.646,0.0,-1.0,0.0
433.663,1750.0,745.383,0.0,-1.0,0.0
417.276,1750.0,621.552,0.0,-1.0,0.0
433.663,1750.0,745.383,0.0,-1.0,0.0
375.0,1750.0,625.15,0.0,-1.0,0.0
375.0,1750.0,625.15,0.0,-1.0,0.0
433.663,1750.0,745.383,0.0,-1.0,0.0
375.0,1750.0,750.0,0.0,-1.0,0.0
375.0,1750.0,625.15,0.0,-1.0,0.0
375.0,1750.0,750.0,0.0,-1.0,0.0
332.724,1750.0,621.552,0.0,-1.0,0.0
332.724,1750.0,621.552,0.0,-1.0,0.0
375.0,1750.0,750.0,0.0,-1.0,0.0
316.337,1750.0,745.383,0.0,-1.0,0.0
332.724,1750.0,621.552,0.0,-1.0,0.0
316.337,1750.0,745.383,0.0,-1.0,0.0
291.665,1750.0,610.861,0.0,-1.0,0.0
291.665,1750.0,610.861,0.0,-1.0,0.0
316.337,1750.0,745.383,0.0,-1.0,0.0
259.119,1750.0,731.646,0.0,-1.0,0.0
291.665,1750.0,610.861,0.0,-1.0,0.0
259.119,1750.0,731.646,0.0,-1.0,0.0
253.003,1750.0,593.385,0.0,-1.0,0.0
253.003,1750.0,593.385,0.0,-1.0,0.0
259.119,1750.0,731.646,0.0,-1.0,0.0
204.754,1750.0,709.127,0.0,-1.0,0.0
253.003,1750.0,593.385,0.0,-1.0,0.0
204.754,1750.0,709.127,0.0,-1.0,0.0
217.851,1750.0,569.626,0.0,-1.0,0.0
217.851,1750.0,569.626,0.0,-1.0,0.0
204.754,1750.0,709.127,0.0,-1.0,0.0
154.581,1750.0,678.381,0.0,-1.0,0.0
217.851,1750.0,569.626,0.0,-1.0,0.0
154.581,1750.0,678.381,0.0,-1.0,0.0
187.219,1750.0,540.268,0.0,-1.0,0.0
187.219,1750.0,540.268,0.0,-1.0,0.0
154.581,1750.0,678.381,0.0,-1.0,0.0
109.835,1750.0,640.165,0.0,-1.0,0.0
187.219,1750.0,540.268,0.0,-1.0,0.0
109.835,1750.0,640.165,0.0,-1.0,0.0
161.99,1750.0,506.155,0.0,-1.0,0.0
161.99,1750.0,506.155,0.0,-1.0,0.0
109.835,1750.0,640.165,0.0,-1.0,0.0
71.6186,1750.0,595.419,0.0,-1.0,0.0
161.99,1750.0,506.155,0.0,-1.0,0.0
71.6186,1750.0,595.419,0.0,-1.0,0.0
40.8725,1750.0,545.246,0.0,-1.0,0.0
259.119,1750.0,18.3538,0.0,-1.0,0.0
316.337,1750.0,4.61689,0.0,-1.0,0.0
353.786,1750.0,125.751,0.0,-1.0,0.0
353.786,1750.0,125.751,0.0,-1.0,0.0
316.337,1750.0,4.61689,0.0,-1.0,0.0
375.0,1750.0,0.0,0.0,-1.0,0.0
353.786,1750.0,125.751,0.0,-1.0,0.0
375.0,1750.0,0.0,0.0,-1.0,0.0
396.214,1750.0,125.751,0.0,-1.0,0.0
396.214,1750.0,125.751,0.0,-1.0,0.0
375.0,1750.0,0.0,0.0,-1.0,0.0
433.663,1750.0,4.61689,0.0,-1.0,0.0
396.214,1750.0,125.751,0.0,-1.0,0.0
433.663,1750.0,4.61689,0.0,-1.0,0.0
438.032,1750.0,132.922,0.0,-1.0,0.0
438.032,1750.0,132.922,0.0,-1.0,0.0
433.663,1750.0,4.61689,0.0,-1.0,0.0
490.881,1750.0,18.3538,0.0,-1.0,0.0
438.032,1750.0,132.922,0.0,-1.0,0.0
490.881,1750.0,18.3538,0.0,-1.0,0.0
478.037,1750.0,147.056,0.0,-1.0,0.0
478.037,1750.0,147.056,0.0,-1.0,0.0
490.881,1750.0,18.3538,0.0,-1.0,0.0
545.246,1750.0,40.8725,0.0,-1.0,0.0
478.037,1750.0,147.056,0.0,-1.0,0.0
545.246,1750.0,40.8725,0.0,-1.0,0.0
515.078,1750.0,167.748,0.0,-1.0,0.0
515.078,1750.0,167.748,0.0,-1.0,0.0
545.246,1750.0,40.8725,0.0,-1.0,0.0
595.419,1750.0,71.6186,0.0,-1.0,0.0
515.078,1750.0,167.748,0.0,-1.0,0.0
595.419,1750.0,71.6186,0.0,-1.0,0.0
548.089,1750.0,194.403,0.0,-1.0,0.0
548.089,1750.0,194.403,0.0,-1.0,0.0
595.419,1750.0,71.6186,0.0,-1.0,0.0
640.165,1750.0,109.835,0.0,-1.0,0.0
548.089,1750.0,194.403,0.0,-1.0,0.0
640.165,1750.0,109.835,0.0,-1.0,0.0
576.12,1750.0,226.253,0.0,-1.0,0.0
576.12,1750.0,226.253,0.0,-1.0,0.0
640.165,1750.0,109.835,0.0,-1.0,0.0
678.381,1750.0,154.581,0.0,-1.0,0.0
576.12,1750.0,226.253,0.0,-1.0,0.0
678.381,1750.0,154.581,0.0,-1.0,0.0
598.365,1750.0,262.382,0.0,-1.0,0.0
598.365,1750.0,262.382,0.0,-1.0,0.0
678.381,1750.0,154.581,0.0,-1.0,0.0
709.127,1750.0,204.754,0.0,-1.0,0.0
598.365,1750.0,262.382,0.0,-1.0,0.0
709.127,1750.0,204.754,0.0,-1.0,0.0
614.185,1750.0,301.75,0.0,-1.0,0.0
614.185,1750.0,301.75,0.0,-1.0,0.0
709.127,1750.0,204.754,0.0,-1.0,0.0
731.646,1750.0,259.119,0.0,-1.0,0.0
614.185,1750.0,301.75,0.0,-1.0,0.0
731.646,1750.0,259.119,0.0,-1.0,0.0
623.124,1750.0,343.227,0.0,-1.0,0.0
623.124,1750.0,343.227,0.0,-1.0,0.0
731.646,1750.0,259.119,0.0,-1.0,0.0
745.383,1750.0,316.337,0.0,-1.0,0.0
623.124,1750.0,343.227,0.0,-1.0,0.0
745.383,1750.0,316.337,0.0,-1.0,0.0
624.925,1750.0,385.617,0.0,-1.0,0.0
624.925,1750.0,385.617,0.0,-1.0,0.0
745.383,1750.0,316.337,0.0,-1.0,0.0
750.0,1750.0,375.0,0.0,-1.0,0.0
624.925,1750.0,385.617,0.0,-1.0,0.0
750.0,1750.0,375.0,0.0,-1.0,0.0
619.535,1750.0,427.701,0.0,-1.0,0.0
619.535,1750.0,427.701,0.0,-1.0,0.0
750.0,1750.0,375.0,0.0,-1.0,0.0
745.383,1750.0,433.663,0.0,-1.0,0.0
619.535,1750.0,427.701,0.0,-1.0,0.0
745.383,1750.0,433.663,0.0,-1.0,0.0
607.111,1750.0,468.27,0.0,-1.0,0.0
607.111,1750.0,468.27,0.0,-1.0,0.0
745.383,1750.0,433.663,0.0,-1.0,0.0
731.646,1750.0,490.881,0.0,-1.0,0.0
607.111,1750.0,468.27,0.0,-1.0,0.0
731.646,1750.0,490.881,0.0,-1.0,0.0
709.127,1750.0,545.246,0.0,-1.0,0.0
417.276,1750.0,621.552,0.251977,0.0,0.967733
417.276,875.0,621.552,0.251977,0.0,0.967733
458.335,1750.0,610.861,0.251977,0.0,0.967733
458.335,1750.0,610.861,0.251977,0.0,0.967733
417.276,875.0,621.552,0.251977,0.0,0.967733
458.335,875.0,610.861,0.251977,0.0,0.967733
458.335,1750.0,610.861,0.411901,0.0,0.911228
458.335,875.0,610.861,0.411901,0.0,0.911228
496.997,1750.0,593.385,0.411901,0.0,0.911228
496.997,1750.0,593.385,0.411901,0.0,0.911228
458.335,875.0,610.861,0.411901,0.0,0.911228
496.997,875.0,593.385,0.411901,0.0,0.911228
496.997,1750.0,593.385,0.559977,0.0,0.828508
496.997,875.0,593.385,0.559977,0.0,0.828508
532.149,1750.0,569.626,0.559977,0.0,0.828508
532.149,1750.0,569.626,0.559977,0.0,0.828508
496.997,875.0,593.385,0.559977,0.0,0.828508
532.149,875.0,569.626,0.559977,0.0,0.828508
532.149,1750.0,569.626,0.691938,0.0,0.721957
532.149,875.0,569.626,0.691938,0.0,0.721957
562.781,1750.0,540.268,0.691938,0.0,0.721957
562.781,1750.0,540.268,0.691938,0.0,0.721957
532.149,875.0,569.626,0.691938,0.0,0.721957
562.781,875.0,540.268,0.691938,0.0,0.721957
562.781,1750.0,540.268,0.803997,0.0,0.594633
562.781,875.0,540.268,0.803997,0.0,0.594633
588.01,1750.0,506.155,0.803997,0.0,0.594633
588.01,1750.0,506.155,0.803997,0.0,0.594633
562.781,875.0,540.268,0.803997,0.0,0.594633
588.01,875.0,506.155,0.803997,0.0,0.594633
588.01,1750.0,506.155,0.892926,0.0,0.450204
588.01,875.0,506.155,0.892926,0.0,0.450204
607.111,1750.0,468.27,0.892926,0.0,0.450204
607.111,1750.0,468.27,0.892926,0.0,0.450204
588.01,875.0,506.155,0.892926,0.0,0.450204
607.111,875.0,468.27,0.892926,0.0,0.450204
607.111,1750.0,468.27,0.956167,0.0,0.292823
607.111,875.0,468.27,0.956167,0.0,0.292823
619.535,1750.0,427.701,0.956167,0.0,0.292823
619.535,1750.0,427.701,0.956167,0.0,0.292823
607.111,875.0,468.27,0.956167,0.0,0.292823
619.535,875.0,427.701,0.956167,0.0,0.292823
619.535,1750.0,427.701,0.9919,0.0,0.127018
619.535,875.0,427.701,0.9919,0.0,0.127018
624.925,1750.0,385.617,0.9919,0.0,0.127018
624.925,1750.0,385.617,0.9919,0.0,0.127018
619.535,875.0,427.701,0.9919,0.0,0.127018
624.925,875.0,385.617,0.9919,0.0,0.127018
624.925,1750.0,385.617,0.999099,0.0,-0.0424414
624.925,875.0,385.617,0.999099,0.0,-0.0424414
623.124,1750.0,343.227,0.999099,0.0,-0.0424414
623.124,1750.0,343.227,0.999099,0.0,-0.0424414
624.925,875.0,385.617,0.999099,0.0,-0.0424414
623.124,875.0,343.227,0.999099,0.0,-0.0424414
623.124,1750.0,343.227,0.977555,0.0,-0.210679
623.124,875.0,343.227,0.977555,0.0,-0.210679
614.185,1750.0,301.75,0.977555,0.0,-0.210679
614.185,1750.0,301.75,0.977555,0.0,-0.210679
623.124,875.0,343.227,0.977555,0.0,-0.210679
614.185,875.0,301.75,0.977555,0.0,-0.210679
614.185,1750.0,301.75,0.927889,0.0,-0.372856
614.185,875.0,301.75,0.927889,0.0,-0.372856
598.365,1750.0,262.382,0.927889,0.0,-0.372856
598.365,1750.0,262.382,0.927889,0.0,-0.372856
614.185,875.0,301.75,0.927889,0.0,-0.372856
598.365,875.0,262.382,0.927889,0.0,-0.372856
598.365,1750.0,262.382,0.851529,0.0,-0.524308
598.365,875.0,262.382,0.851529,0.0,-0.524308
576.12,1750.0,226.253,0.851529,0.0,-0.524308
576.12,1750.0,226.253,0.851529,0.0,-0.524308
598.365,875.0,262.382,0.851529,0.0,-0.524308
576.12,875.0,226.253,0.851529,0.0,-0.524308
576.12,1750.0,226.253,0.750672,0.0,-0.660675
576.12,875.0,226.253,0.750672,0.0,-0.660675
548.089,1750.0,194.403,0.750672,0.0,-0.660675
548.089,1750.0,194.403,0.750672,0.0,-0.660675
576.12,875.0,226.253,0.750672,0.0,-0.660675
548.089,875.0,194.403,0.750672,0.0,-0.660675
548.089,1750.0,194.403,0.62822,0.0,-0.778036
548.089,875.0,194.403,0.62822,0.0,-0.778036
515.078,1750.0,167.748,0.62822,0.0,-0.778036
515.078,1750.0,167.748,0.62822,0.0,-0.778036
548.089,875.0,194.403,0.62822,0.0,-0.778036
515.078,875.0,167.748,0.62822,0.0,-0.778036
515.078,1750.0,167.748,0.487695,0.0,-0.873014
515.078,875.0,167.748,0.487695,0.0,-0.873014
478.037,1750.0,147.056,0.487695,0.0,-0.873014
478.037,1750.0,147.056,0.487695,0.0,-0.873014
515.078,875.0,167.748,0.487695,0.0,-0.873014
478.037,875.0,147.056,0.487695,0.0,-0.873014
478.037,1750.0,147.056,0.33314,0.0,-0.942877
478.037,875.0,147.056,0.33314,0.0,-0.942877
438.032,1750.0,132.922,0.33314,0.0,-0.942877
438.032,1750.0,132.922,0.33314,0.0,-0.942877
478.037,875.0,147.056,0.33314,0.0,-0.942877
438.032,875.0,132.922,0.33314,0.0,-0.942877
438.032,1750.0,132.922,0.169001,0.0,-0.985616
438.032,875.0,132.922,0.169001,0.0,-0.985616
396.214,1750.0,125.751,0.169001,0.0,-0.985616
396.214,1750.0,125.751,0.169001,0.0,-0.985616
438.032,875.0,132.922,0.169001,0.0,-0.985616
396.214,875.0,125.751,0.169001,0.0,-0.985616
396.214,1750.0,125.751,0.0,0.0,-1.0
396.214,875.0,125.751,0.0,0.0,-1.0
353.786,1750.0,125.751,0.0,0.0,-1.0
353.786,1750.0,125.751,0.0,0.0,-1.0
396.214,875.0,125.751,0.0,0.0,-1.0
353.786,875.0,125.751,0.0,0.0,-1.0
353.786,1750.0,125.751,-0.169001,0.0,-0.985616
353.786,875.0,125.751,-0.169001,0.0,-0.985616
311.968,1750.0,132.922,-0.169001,0.0,-0.985616
311.968,1750.0,132.922,-0.169001,0.0,-0.985616
353.786,875.0,125.751,-0.169001,0.0,-0.985616
311.968,875.0,132.922,-0.169001,0.0,-0.985616
311.968,1750.0,132.922,-0.33314,0.0,-0.942877
311.968,875.0,132.922,-0.33314,0.0,-0.942877
271.963,1750.0,147.056,-0.33314,0.0,-0.942877
271.963,1750.0,147.056,-0.33314,0.0,-0.942877
311.968,875.0,132.922,-0.33314,0.0,-0.942877
271.963,875.0,147.056,-0.33314,0.0,-0.942877
271.963,1750.0,147.056,-0.487695,0.0,-0.873014
271.963,875.0,147.056,-0.487695,0.0,-0.873014
234.922,1750.0,167.748,-0.487695,0.0,-0.873014
234.922,1750.0,167.748,-0.487695,0.0,-0.873014
271.963,875.0,147.056,-0.487695,0.0,-0.873014
234.922,875.0,167.748,-0.487695,0.0,-0.873014
234.922,1750.0,167.748,-0.62822,0.0,-0.778036
234.922,875.0,167.748,-0.62822,0.0,-0.778036
201.911,1750.0,194.403,-0.62822,0.0,-0.778036
201.911,1750.0,194.403,-0.62822,0.0,-0.778036
234.922,875.0,167.748,-0.62822,0.0,-0.778036
201.911,875.0,194.403,-0.62822,0.0,-0.778036
201.911,1750.0,194.403,-0.750672,0.0,-0.660675
201.911,875.0,194.403,-0.750672,0.0,-0.660675
173.88,1750.0,226.253,-0.750672,0.0,-0.660675
173.88,1750.0,226.253,-0.750672,0.0,-0.660675
201.911,875.0,194.403,-0.750672,0.0,-0.660675
173.88,875.0,226.253,-0.750672,0.0,-0.660675
173.88,1750.0,226.253,-0.851529,0.0,-0.524307
173.88,875.0,226.253,-0.851529,0.0,-0.524307
151.635,1750.0,262.382,-0.851529,0.0,-0.524307
151.635,1750.0,262.382,-0.851529,0.0,-0.524307
173.88,875.0,226.253,-0.851529,0.0,-0.524307
151.635,875.0,262.382,-0.851529,0.0,-0.524307
151.635,1750.0,262.382,-0.927889,0.0,-0.372856
151.635,875.0,262.382,-0.927889,0.0,-0.372856
135.815,1750.0,301.75,-0.927889,0.0,-0.372856
135.815,1750.0,301.75,-0.927889,0.0,-0.372856
151.635,875.0,262.382,-0.927889,0.0,-0.372856
135.815,875.0,301.75,-0.927889,0.0,-0.372856
135.815,1750.0,301.75,-0.977555,0.0,-0.21068
135.815,875.0,301.75,-0.977555,0.0,-0.21068
126.876,1750.0,343.227,-0.977555,0.0,-0.21068
126.876,1750.0,343.227,-0.977555,0.0,-0.21068
135.815,875.0,301.75,-0.977555,0.0,-0.21068
126.876,875.0,343.227,-0.977555,0.0,-0.21068
126.876,1750.0,343.227,-0.999099,0.0,-0.0424409
126.876,875.0,343.227,-0.999099,0.0,-0.0424409
125.075,1750.0,385.617,-0.999099,0.0,-0.0424409
125.075,1750.0,385.617,-0.999099,0.0,-0.0424409
126.876,875.0,343.227,-0.999099,0.0,-0.0424409
125.075,875.0,385.617,-0.999099,0.0,-0.0424409
125.075,1750.0,385.617,-0.9919,0.0,0.127018
125.075,875.0,385.617,-0.9919,0.0,0.127018
130.465,1750.0,427.701,-0.9919,0.0,0.127018
130.465,1750.0,427.701,-0.9919,0.0,0.127018
125.075,875.0,385.617,-0.9919,0.0,0.127018
130.465,875.0,427.701,-0.9919,0.0,0.127018
130.465,1750.0,427.701,-0.956167,0.0,0.292823
130.465,875.0,427.701,-0.956167,0.0,0.292823
142.889,1750.0,468.27,-0.956167,0.0,0.292823
142.889,1750.0,468.27,-0.956167,0.0,0.292823
130.465,875.0,427.701,-0.956167,0.0,0.292823
142.889,875.0,468.27,-0.956167,0.0,0.292823
142.889,1750.0,468.27,-0.892926,0.0,0.450204
142.889,875.0,468.27,-0.892926,0.0,0.450204
161.99,1750.0,506.155,-0.892926,0.0,0.450204
161.99,1750.0,506.155,-0.892926,0.0,0.450204
142.889,875.0,468.27,-0.892926,0.0,0.450204
161.99,875.0,506.155,-0.892926,0.0,0.450204
161.99,1750.0,506.155,-0.803997,0.0,0.594633
161.99,875.0,506.155,-0.803997,0.0,0.594633
187.219,1750.0,540.268,-0.803997,0.0,0.594633
187.219,1750.0,540.268,-0.803997,0.0,0.594633
161.99,875.0,506.155,-0.803997,0.0,0.594633
187.219,875.0,540.268,-0.803997,0.0,0.594633
187.219,1750.0,540.268,-0.691939,0.0,0.721956
187.219,875.0,540.268,-0.691939,0.0,0.721956
217.851,1750.0,569.626,-0.691939,0.0,0.721956
217.851,1750.0,569.626,-0.691939,0.0,0.721956
187.219,875.0,540.268,-0.691939,0.0,0.721956
217.851,875.0,569.626,-0.691939,0.0,0.721956
217.851,1750.0,569.626,-0.559976,0.0,0.828509
217.851,875.0,569.626,-0.559976,0.0,0.828509
253.003,1750.0,593.385,-0.559976,0.0,0.828509
253.003,1750.0,593.385,-0.559976,0.0,0.828509
217.851,875.0,569.626,-0.559976,0.0,0.828509
253.003,875.0,593.385,-0.559976,0.0,0.828509
253.003,1750.0,593.385,-0.411901,0.0,0.911228
253.003,875.0,593.385,-0.411901,0.0,0.911228
291.665,1750.0,610.861,-0.411901,0.0,0.911228
291.665,1750.0,610.861,-0.411901,0.0,0.911228
253.003,875.0,593.385,-0.411901,0.0,0.911228
291.665,875.0,610.861,-0.411901,0.0,0.911228
291.665,1750.0,610.861,-0.251977,0.0,0.967733
291.665,875.0,610.861,-0.251977,0.0,0.967733
332.724,1750.0,621.552,-0.251977,0.0,0.967733
332.724,1750.0,621.552,-0.251977,0.0,0.967733
291.665,875.0,610.861,-0.251977,0.0,0.967733
332.724,875.0,621.552,-0.251977,0.0,0.967733
332.724,1750.0,621.552,-0.0848051,0.0,0.996398
332.724,875.0,621.552,-0.0848051,0.0,0.996398
375.0,1750.0,625.15,-0.0848051,0.0,0.996398
375.0,1750.0,625.15,-0.0848051,0.0,0.996398
332.724,875.0,621.552,-0.0848051,0.0,0.996398
375.0,875.0,625.15,-0.0848051,0.0,0.996398
375.0,1750.0,625.15,0.0848051,0.0,0.996398
375.0,875.0,625.15,0.0848051,0.0,0.996398
417.276,1750.0,621.552,0.0848051,0.0,0.996398
417.276,1750.0,621.552,0.0848051,0.0,0.996398
375.0,875.0,625.15,0.0848051,0.0,0.996398
417.276,875.0,621.552,0.0848051,0.0,0.996398
