263.397,1837.0,6275.36,-0.707106,0.0,0.707107
263.397,1913.0,6275.36,-0.707106,0.0,0.707107
201.879,1837.0,6213.84,-0.707106,0.0,0.707107
201.879,1837.0,6213.84,-0.707106,0.0,0.707107
263.397,1913.0,6275.36,-0.707106,0.0,0.707107
201.879,1913.0,6213.84,-0.707106,0.0,0.707107
86.6203,1913.0,6098.58,-0.707109,0.0,0.707105
86.6203,1837.0,6098.58,-0.707109,0.0,0.707105
148.139,1913.0,6160.1,-0.707109,0.0,0.707105
148.139,1913.0,6160.1,-0.707109,0.0,0.707105
86.6203,1837.0,6098.58,-0.707109,0.0,0.707105
148.139,1837.0,6160.1,-0.707109,0.0,0.707105
148.139,1750.0,6160.1,-0.707105,0.0,0.707109
201.879,1750.0,6213.84,-0.707105,0.0,0.707109
148.139,1837.0,6160.1,-0.707105,0.0,0.707109
148.139,1837.0,6160.1,-0.707105,0.0,0.707109
201.879,1750.0,6213.84,-0.707105,0.0,0.707109
201.879,1837.0,6213.84,-0.707105,0.0,0.707109
148.139,1837.0,6160.1,-0.707105,0.0,0.707109
201.879,1837.0,6213.84,-0.707105,0.0,0.707109
148.139,1913.0,6160.1,-0.707105,0.0,0.707109
148.139,1913.0,6160.1,-0.707105,0.0,0.707109
201.879,1837.0,6213.84,-0.707105,0.0,0.707109
201.879,1913.0,6213.84,-0.707105,0.0,0.707109
148.139,1913.0,6160.1,-0.707105,0.0,0.707109
201.879,1913.0,6213.84,-0.707105,0.0,0.707109
148.139,2000.0,6160.1,-0.707105,0.0,0.707109
148.139,2000.0,6160.1,-0.707105,0.0,0.707109
201.879,1913.0,6213.84,-0.707105,0.0,0.707109
201.879,2000.0,6213.84,-0.707105,0.0,0.707109
201.879,2000.0,6213.84,0.0,-1.0,0.0
159.452,2000.0,6256.27,0.0,-1.0,0.0
148.139,2000.0,6160.1,0.0,-1.0,0.0
148.139,2000.0,6160.1,0.0,-1.0,0.0
159.452,2000.0,6256.27,0.0,-1.0,0.0
105.712,2000.0,6202.53,0.0,-1.0,0.0
201.879,1913.0,6213.84,-0.707104,0.0,-0.707109
159.452,1913.0,6256.27,-0.707104,0.0,-0.707109
201.879,2000.0,6213.84,-0.707104,0.0,-0.707109
201.879,2000.0,6213.84,-0.707104,0.0,-0.707109
159.452,1913.0,6256.27,-0.707104,0.0,-0.707109
159.452,2000.0,6256.27,-0.707104,0.0,-0.707109
263.397,1913.0,6275.36,0.0,-1.0,0.0
220.971,1913.0,6317.79,0.0,-1.0,0.0
201.879,1913.0,6213.84,0.0,-1.0,0.0
201.879,1913.0,6213.84,0.0,-1.0,0.0
220.971,1913.0,6317.79,0.0,-1.0,0.0
159.452,1913.0,6256.27,0.0,-1.0,0.0
263.397,1837.0,6275.36,-0.707104,0.0,-0.707109
220.971,1837.0,6317.79,-0.707104,0.0,-0.707109
263.397,1913.0,6275.36,-0.707104,0.0,-0.707109
263.397,1913.0,6275.36,-0.707104,0.0,-0.707109
220.971,1837.0,6317.79,-0.707104,0.0,-0.707109
220.971,1913.0,6317.79,-0.707104,0.0,-0.707109
201.879,1837.0,6213.84,0.0,1.0,0.0
159.452,1837.0,6256.27,0.0,1.0,0.0
263.397,1837.0,6275.36,0.0,1.0,0.0
263.397,1837.0,6275.36,0.0,1.0,0.0
159.452,1837.0,6256.27,0.0,1.0,0.0
220.971,1837.0,6317.79,0.0,1.0,0.0
201.879,1750.0,6213.84,-0.707104,0.0,-0.707109
159.452,1750.0,6256.27,-0.707104,0.0,-0.707109
201.879,1837.0,6213.84,-0.707104,0.0,-0.707109
201.879,1837.0,6213.84,-0.707104,0.0,-0.707109
159.452,1750.0,6256.27,-0.707104,0.0,-0.707109
159.452,1837.0,6256.27,-0.707104,0.0,-0.707109
148.139,1750.0,6160.1,0.0,1.0,0.0
105.712,1750.0,6202.53,0.0,1.0,0.0
201.879,1750.0,6213.84,0.0,1.0,0.0
201.879,1750.0,6213.84,0.0,1.0,0.0
105.712,1750.0,6202.53,0.0,1.0,0.0
159.452,1750.0,6256.27,0.0,1.0,0.0
148.139,1837.0,6160.1,0.707108,0.0,0.707105
105.712,1837.0,6202.53,0.707108,0.0,0.707105
148.139,1750.0,6160.1,0.707108,0.0,0.707105
148.139,1750.0,6160.1,0.707108,0.0,0.707105
105.712,1837.0,6202.53,0.707108,0.0,0.707105
105.712,1750.0,6202.53,0.707108,0.0,0.707105
86.6203,1837.0,6098.58,0.0,1.0,0.0
44.1942,1837.0,6141.01,0.0,1.0,0.0
148.139,1837.0,6160.1,0.0,1.0,0.0
148.139,1837.0,6160.1,0.0,1.0,0.0
44.1942,1837.0,6141.01,0.0,1.0,0.0
105.712,1837.0,6202.53,0.0,1.0,0.0
86.6203,1913.0,6098.58,0.707112,0.0,0.707101
44.1942,1913.0,6141.01,0.707112,0.0,0.707101
86.6203,1837.0,6098.58,0.707112,0.0,0.707101
86.6203,1837.0,6098.58,0.707112,0.0,0.707101
44.1942,1913.0,6141.01,0.707112,0.0,0.707101
44.1942,1837.0,6141.01,0.707112,0.0,0.707101
148.139,1913.0,6160.1,0.0,-1.0,0.0
105.712,1913.0,6202.53,0.0,-1.0,0.0
86.6203,1913.0,6098.58,0.0,-1.0,0.0
86.6203,1913.0,6098.58,0.0,-1.0,0.0
105.712,1913.0,6202.53,0.0,-1.0,0.0
44.1942,1913.0,6141.01,0.0,-1.0,0.0
148.139,2000.0,6160.1,0.707108,0.0,0.707105
105.712,2000.0,6202.53,0.707108,0.0,0.707105
148.139,1913.0,6160.1,0.707108,0.0,0.707105
148.139,1913.0,6160.1,0.707108,0.0,0.707105
105.712,2000.0,6202.53,0.707108,0.0,0.707105
105.712,1913.0,6202.53,0.707108,0.0,0.707105
159.452,1913.0,6256.27,-0.707105,0.0,0.707109
215.246,2021.59,6312.06,-0.707105,0.0,0.707109
159.452,2000.0,6256.27,-0.707105,0.0,0.707109
159.452,2000.0,6256.27,-0.707102,-1.66462e-05,0.707112
215.246,2021.59,6312.06,-0.707102,-1.66462e-05,0.707112
198.874,2037.38,6295.69,-0.707102,-1.66462e-05,0.707112
159.452,2000.0,6256.27,-0.707111,2.94602e-06,0.707103
198.874,2037.38,6295.69,-0.707111,2.94602e-06,0.707103
181.02,2049.54,6277.84,-0.707111,2.94602e-06,0.707103
159.452,1837.0,6256.27,-0.707106,4.90655e-06,0.707107
242.127,1769.38,6338.94,-0.707106,4.90655e-06,0.707107
220.971,1837.0,6317.79,-0.707106,4.90655e-06,0.707107
220.971,1837.0,6317.79,-0.7071,8.70156e-06,0.707114
242.127,1769.38,6338.94,-0.7071,8.70156e-06,0.707114
252.035,1793.65,6348.85,-0.7071,8.70156e-06,0.707114
220.971,1837.0,6317.79,-0.707112,-8.32764e-06,0.707102
252.035,1793.65,6348.85,-0.707112,-8.32764e-06,0.707102
259.274,1819.73,6356.09,-0.707112,-8.32764e-06,0.707102
103.08,1692.2,6199.9,-0.707077,0.000209573,0.707137
122.674,1688.02,6219.49,-0.707077,0.000209573,0.707137
84.1446,1700.46,6180.96,-0.707077,0.000209573,0.707137
84.1446,1700.46,6180.96,-0.707107,2.25562e-05,0.707107
122.674,1688.02,6219.49,-0.707107,2.25562e-05,0.707107
142.49,1688.02,6239.31,-0.707107,2.25562e-05,0.707107
84.1446,1700.46,6180.96,-0.707117,-7.03367e-05,0.707097
142.49,1688.02,6239.31,-0.707117,-7.03367e-05,0.707097
66.2909,1712.62,6163.11,-0.707117,-7.03367e-05,0.707097
229.772,2002.53,6326.59,-0.70714,-3.28845e-05,0.707074
215.246,2021.59,6312.06,-0.70714,-3.28845e-05,0.707074
242.127,1980.62,6338.94,-0.70714,-3.28845e-05,0.707074
242.127,1980.62,6338.94,-0.70711,5.74068e-06,0.707103
215.246,2021.59,6312.06,-0.70711,5.74068e-06,0.707103
159.452,1913.0,6256.27,-0.70711,5.74068e-06,0.707103
242.127,1980.62,6338.94,-0.707103,-1.1464e-05,0.70711
159.452,1913.0,6256.27,-0.707103,-1.1464e-05,0.70711
252.035,1956.35,6348.85,-0.707103,-1.1464e-05,0.70711
252.035,1956.35,6348.85,-0.707106,-9.88482e-09,0.707107
159.452,1913.0,6256.27,-0.707106,-9.88482e-09,0.707107
220.971,1913.0,6317.79,-0.707106,-9.88482e-09,0.707107
252.035,1956.35,6348.85,-0.707112,8.32764e-06,0.707102
220.971,1913.0,6317.79,-0.707112,8.32764e-06,0.707102
259.274,1930.27,6356.09,-0.707112,8.32764e-06,0.707102
259.274,1930.27,6356.09,-0.70711,0.0,0.707104
220.971,1913.0,6317.79,-0.70711,0.0,0.707104
220.971,1837.0,6317.79,-0.70711,0.0,0.707104
259.274,1930.27,6356.09,-0.707117,5.48646e-06,0.707097
220.971,1837.0,6317.79,-0.707117,5.48646e-06,0.707097
263.684,1902.95,6360.5,-0.707117,5.48646e-06,0.707097
263.684,1902.95,6360.5,-0.707111,-2.45075e-06,0.707103
220.971,1837.0,6317.79,-0.707111,-2.45075e-06,0.707103
259.274,1819.73,6356.09,-0.707111,-2.45075e-06,0.707103
263.684,1902.95,6360.5,-0.707051,-8.76231e-06,0.707163
259.274,1819.73,6356.09,-0.707051,-8.76231e-06,0.707163
265.165,1875.0,6361.98,-0.707051,-8.76231e-06,0.707163
265.165,1875.0,6361.98,-0.707215,2.60894e-05,0.706999
259.274,1819.73,6356.09,-0.707215,2.60894e-05,0.706999
263.684,1847.05,6360.5,-0.707215,2.60894e-05,0.706999
229.772,1747.47,6326.59,-0.70714,3.28864e-05,0.707074
242.127,1769.38,6338.94,-0.70714,3.28864e-05,0.707074
215.246,1728.41,6312.06,-0.70714,3.28864e-05,0.707074
215.246,1728.41,6312.06,-0.70711,-5.74067e-06,0.707103
242.127,1769.38,6338.94,-0.70711,-5.74067e-06,0.707103
159.452,1837.0,6256.27,-0.70711,-5.74067e-06,0.707103
215.246,1728.41,6312.06,-0.707097,7.72804e-06,0.707116
159.452,1837.0,6256.27,-0.707097,7.72804e-06,0.707116
198.874,1712.62,6295.69,-0.707097,7.72804e-06,0.707116
198.874,1712.62,6295.69,-0.70711,0.0,0.707104
159.452,1837.0,6256.27,-0.70711,0.0,0.707104
159.452,1750.0,6256.27,-0.70711,0.0,0.707104
198.874,1712.62,6295.69,-0.707111,-2.94602e-06,0.707103
159.452,1750.0,6256.27,-0.707111,-2.94602e-06,0.707103
181.02,1700.46,6277.84,-0.707111,-2.94602e-06,0.707103
181.02,1700.46,6277.84,-0.707108,-5.70356e-07,0.707105
159.452,1750.0,6256.27,-0.707108,-5.70356e-07,0.707105
105.712,1750.0,6202.53,-0.707108,-5.70356e-07,0.707105
181.02,1700.46,6277.84,-0.707106,6.91372e-06,0.707108
105.712,1750.0,6202.53,-0.707106,6.91372e-06,0.707108
162.085,1692.2,6258.9,-0.707106,6.91372e-06,0.707108
13.1297,1793.65,6109.95,-0.707113,9.26002e-06,0.707101
23.0374,1769.38,6119.86,-0.707113,9.26002e-06,0.707101
44.1942,1837.0,6141.01,-0.707113,9.26002e-06,0.707101
44.1942,1837.0,6141.01,-0.707106,5.15794e-06,0.707108
23.0374,1769.38,6119.86,-0.707106,5.15794e-06,0.707108
105.712,1837.0,6202.53,-0.707106,5.15794e-06,0.707108
13.1297,1793.65,6109.95,-0.707099,-1.0696e-05,0.707115
44.1942,1837.0,6141.01,-0.707099,-1.0696e-05,0.707115
5.88989,1819.73,6102.71,-0.707099,-1.0696e-05,0.707115
5.88989,1819.73,6102.71,-0.707101,0.0,0.707112
44.1942,1837.0,6141.01,-0.707101,0.0,0.707112
44.1942,1913.0,6141.01,-0.707101,0.0,0.707112
5.88989,1819.73,6102.71,-0.707111,7.91327e-06,0.707103
44.1942,1913.0,6141.01,-0.707111,7.91327e-06,0.707103
1.48058,1847.05,6098.3,-0.707111,7.91327e-06,0.707103
1.48058,1902.95,6098.3,-0.707105,-9.73867e-06,0.707109
0.0,1875.0,6096.82,-0.707105,-9.73867e-06,0.707109
5.88989,1930.27,6102.71,-0.707105,-9.73867e-06,0.707109
5.88989,1930.27,6102.71,-0.707035,-2.46906e-05,0.707179
0.0,1875.0,6096.82,-0.707035,-2.46906e-05,0.707179
13.1297,1956.35,6109.95,-0.707035,-2.46906e-05,0.707179
142.49,1688.02,6239.31,-0.707107,-8.4984e-06,0.707107
162.085,1692.2,6258.9,-0.707107,-8.4984e-06,0.707107
66.2909,1712.62,6163.11,-0.707107,-8.4984e-06,0.707107
66.2909,1712.62,6163.11,-0.707105,8.55442e-06,0.707109
162.085,1692.2,6258.9,-0.707105,8.55442e-06,0.707109
105.712,1750.0,6202.53,-0.707105,8.55442e-06,0.707109
66.2909,1712.62,6163.11,-0.707108,1.42375e-05,0.707106
105.712,1750.0,6202.53,-0.707108,1.42375e-05,0.707106
49.9187,1728.41,6146.74,-0.707108,1.42375e-05,0.707106
49.9187,1728.41,6146.74,-0.707105,0.0,0.707109
105.712,1750.0,6202.53,-0.707105,0.0,0.707109
105.712,1837.0,6202.53,-0.707105,0.0,0.707109
49.9187,1728.41,6146.74,-0.707099,-6.0925e-06,0.707115
105.712,1837.0,6202.53,-0.707099,-6.0925e-06,0.707115
35.3923,1747.47,6132.21,-0.707099,-6.0925e-06,0.707115
35.3923,1747.47,6132.21,-0.707106,5.06801e-06,0.707108
105.712,1837.0,6202.53,-0.707106,5.06801e-06,0.707108
23.0374,1769.38,6119.86,-0.707106,5.06801e-06,0.707108
49.9187,2021.59,6146.74,-0.707111,-6.60977e-06,0.707102
105.712,1913.0,6202.53,-0.707111,-6.60977e-06,0.707102
66.2909,2037.38,6163.11,-0.707111,-6.60977e-06,0.707102
66.2909,2037.38,6163.11,-0.707101,0.0,0.707113
105.712,1913.0,6202.53,-0.707101,0.0,0.707113
105.712,2000.0,6202.53,-0.707101,0.0,0.707113
66.2909,2037.38,6163.11,-0.707096,9.94072e-06,0.707117
105.712,2000.0,6202.53,-0.707096,9.94072e-06,0.707117
84.1446,2049.54,6180.96,-0.707096,9.94072e-06,0.707117
84.1446,2049.54,6180.96,-0.707108,-5.70356e-07,0.707105
105.712,2000.0,6202.53,-0.707108,-5.70356e-07,0.707105
159.452,2000.0,6256.27,-0.707108,-5.70356e-07,0.707105
84.1446,2049.54,6180.96,-0.707117,-2.61586e-05,0.707097
159.452,2000.0,6256.27,-0.707117,-2.61586e-05,0.707097
103.08,2057.8,6199.9,-0.707117,-2.61586e-05,0.707097
103.08,2057.8,6199.9,-0.707105,-2.6122e-06,0.707109
159.452,2000.0,6256.27,-0.707105,-2.6122e-06,0.707109
181.02,2049.54,6277.84,-0.707105,-2.6122e-06,0.707109
103.08,2057.8,6199.9,-0.707103,3.42086e-05,0.707111
181.02,2049.54,6277.84,-0.707103,3.42086e-05,0.707111
122.674,2061.98,6219.49,-0.707103,3.42086e-05,0.707111
122.674,2061.98,6219.49,-0.707108,-1.80155e-05,0.707105
181.02,2049.54,6277.84,-0.707108,-1.80155e-05,0.707105
162.085,2057.8,6258.9,-0.707108,-1.80155e-05,0.707105
122.674,2061.98,6219.49,-0.707107,7.74974e-06,0.707107
162.085,2057.8,6258.9,-0.707107,7.74974e-06,0.707107
142.49,2061.98,6239.31,-0.707107,7.74974e-06,0.707107
0.0,1875.0,6096.82,-0.707133,6.82517e-06,0.707081
1.48058,1847.05,6098.3,-0.707133,6.82517e-06,0.707081
13.1297,1956.35,6109.95,-0.707133,6.82517e-06,0.707081
13.1297,1956.35,6109.95,-0.707105,1.03927e-06,0.707108
1.48058,1847.05,6098.3,-0.707105,1.03927e-06,0.707108
44.1942,1913.0,6141.01,-0.707105,1.03927e-06,0.707108
13.1297,1956.35,6109.95,-0.707113,-9.26002e-06,0.707101
44.1942,1913.0,6141.01,-0.707113,-9.26002e-06,0.707101
23.0374,1980.62,6119.86,-0.707113,-9.26002e-06,0.707101
23.0374,1980.62,6119.86,-0.707106,-5.15794e-06,0.707108
44.1942,1913.0,6141.01,-0.707106,-5.15794e-06,0.707108
105.712,1913.0,6202.53,-0.707106,-5.15794e-06,0.707108
23.0374,1980.62,6119.86,-0.707106,-5.06799e-06,0.707108
105.712,1913.0,6202.53,-0.707106,-5.06799e-06,0.707108
35.3923,2002.53,6132.21,-0.707106,-5.06799e-06,0.707108
35.3923,2002.53,6132.21,-0.707099,6.09254e-06,0.707115
105.712,1913.0,6202.53,-0.707099,6.09254e-06,0.707115
49.9187,2021.59,6146.74,-0.707099,6.09254e-06,0.707115
178.257,1902.95,5921.52,-0.689378,0.222524,-0.689378
1.48058,1902.95,6098.3,-0.689378,0.222524,-0.689378
182.667,1930.27,5925.93,-0.689378,0.222524,-0.689378
182.667,1930.27,5925.93,-0.689378,0.222524,-0.689378
1.48058,1902.95,6098.3,-0.689378,0.222524,-0.689378
5.88989,1930.27,6102.71,-0.689378,0.222524,-0.689378
182.667,1930.27,5925.93,-0.658227,0.365343,-0.658227
5.88989,1930.27,6102.71,-0.658227,0.365343,-0.658227
189.906,1956.35,5933.17,-0.658227,0.365343,-0.658227
189.906,1956.35,5933.17,-0.658227,0.365342,-0.658227
5.88989,1930.27,6102.71,-0.658227,0.365342,-0.658227
13.1297,1956.35,6109.95,-0.658227,0.365342,-0.658227
189.906,1956.35,5933.17,-0.612372,0.5,-0.612372
13.1297,1956.35,6109.95,-0.612372,0.5,-0.612372
199.814,1980.62,5943.08,-0.612372,0.5,-0.612372
199.814,1980.62,5943.08,-0.612372,0.500001,-0.612372
13.1297,1956.35,6109.95,-0.612372,0.500001,-0.612372
23.0374,1980.62,6119.86,-0.612372,0.500001,-0.612372
199.814,1980.62,5943.08,-0.552839,0.623488,-0.552839
23.0374,1980.62,6119.86,-0.552839,0.623488,-0.552839
212.169,2002.53,5955.43,-0.552839,0.623488,-0.552839
212.169,2002.53,5955.43,-0.552839,0.623488,-0.552839
23.0374,1980.62,6119.86,-0.552839,0.623488,-0.552839
35.3923,2002.53,6132.21,-0.552839,0.623488,-0.552839
212.169,2002.53,5955.43,-0.480956,0.733051,-0.480956
35.3923,2002.53,6132.21,-0.480956,0.733051,-0.480956
226.695,2021.59,5969.96,-0.480956,0.733051,-0.480956
226.695,2021.59,5969.96,-0.480952,0.733056,-0.480951
35.3923,2002.53,6132.21,-0.480952,0.733056,-0.480951
49.9187,2021.59,6146.74,-0.480952,0.733056,-0.480951
226.695,2021.59,5969.96,-0.398328,0.826239,-0.398327
49.9187,2021.59,6146.74,-0.398328,0.826239,-0.398327
243.068,2037.38,5986.33,-0.398328,0.826239,-0.398327
243.068,2037.38,5986.33,-0.398331,0.826235,-0.398331
49.9187,2021.59,6146.74,-0.398331,0.826235,-0.398331
66.2909,2037.38,6163.11,-0.398331,0.826235,-0.398331
243.068,2037.38,5986.33,-0.306803,0.900969,-0.306803
66.2909,2037.38,6163.11,-0.306803,0.900969,-0.306803
260.921,2049.54,6004.19,-0.306803,0.900969,-0.306803
260.921,2049.54,6004.19,-0.306803,0.900969,-0.306803
66.2909,2037.38,6163.11,-0.306803,0.900969,-0.306803
84.1446,2049.54,6180.96,-0.306803,0.900969,-0.306803
260.921,2049.54,6004.19,-0.208424,0.955573,-0.208424
84.1446,2049.54,6180.96,-0.208424,0.955573,-0.208424
279.857,2057.8,6023.12,-0.208424,0.955573,-0.208424
279.857,2057.8,6023.12,-0.208424,0.955573,-0.208424
84.1446,2049.54,6180.96,-0.208424,0.955573,-0.208424
103.08,2057.8,6199.9,-0.208424,0.955573,-0.208424
279.857,2057.8,6023.12,-0.10539,0.988831,-0.10539
103.08,2057.8,6199.9,-0.10539,0.988831,-0.10539
299.451,2061.98,6042.72,-0.10539,0.988831,-0.10539
299.451,2061.98,6042.72,-0.10539,0.988831,-0.10539
103.08,2057.8,6199.9,-0.10539,0.988831,-0.10539
122.674,2061.98,6219.49,-0.10539,0.988831,-0.10539
299.451,2061.98,6042.72,0.0,1.0,0.0
122.674,2061.98,6219.49,0.0,1.0,0.0
319.267,2061.98,6062.53,0.0,1.0,0.0
319.267,2061.98,6062.53,0.0,1.0,0.0
122.674,2061.98,6219.49,0.0,1.0,0.0
142.49,2061.98,6239.31,0.0,1.0,0.0
319.267,2061.98,6062.53,0.105389,0.988831,0.105388
142.49,2061.98,6239.31,0.105389,0.988831,0.105388
338.861,2057.8,6082.13,0.105389,0.988831,0.105388
338.861,2057.8,6082.13,0.105391,0.98883,0.105391
142.49,2061.98,6239.31,0.105391,0.98883,0.105391
162.085,2057.8,6258.9,0.105391,0.98883,0.105391
338.861,2057.8,6082.13,0.208424,0.955573,0.208424
162.085,2057.8,6258.9,0.208424,0.955573,0.208424
357.797,2049.54,6101.06,0.208424,0.955573,0.208424
357.797,2049.54,6101.06,0.208424,0.955573,0.208424
162.085,2057.8,6258.9,0.208424,0.955573,0.208424
181.02,2049.54,6277.84,0.208424,0.955573,0.208424
357.797,2049.54,6101.06,0.306803,0.900969,0.306803
181.02,2049.54,6277.84,0.306803,0.900969,0.306803
375.65,2037.38,6118.91,0.306803,0.900969,0.306803
375.65,2037.38,6118.91,0.306803,0.900969,0.306803
181.02,2049.54,6277.84,0.306803,0.900969,0.306803
198.874,2037.38,6295.69,0.306803,0.900969,0.306803
375.65,2037.38,6118.91,0.398327,0.826239,0.398327
198.874,2037.38,6295.69,0.398327,0.826239,0.398327
392.023,2021.59,6135.29,0.398327,0.826239,0.398327
392.023,2021.59,6135.29,0.398331,0.826235,0.398332
198.874,2037.38,6295.69,0.398331,0.826235,0.398332
215.246,2021.59,6312.06,0.398331,0.826235,0.398332
392.023,2021.59,6135.29,0.480955,0.733051,0.480956
215.246,2021.59,6312.06,0.480955,0.733051,0.480956
406.549,2002.53,6149.81,0.480955,0.733051,0.480956
406.549,2002.53,6149.81,0.480951,0.733056,0.480951
215.246,2021.59,6312.06,0.480951,0.733056,0.480951
229.772,2002.53,6326.59,0.480951,0.733056,0.480951
406.549,2002.53,6149.81,0.552839,0.623488,0.552839
229.772,2002.53,6326.59,0.552839,0.623488,0.552839
418.904,1980.62,6162.17,0.552839,0.623488,0.552839
418.904,1980.62,6162.17,0.552839,0.623488,0.552839
229.772,2002.53,6326.59,0.552839,0.623488,0.552839
242.127,1980.62,6338.94,0.552839,0.623488,0.552839
418.904,1980.62,6162.17,0.612372,0.500001,0.612372
242.127,1980.62,6338.94,0.612372,0.500001,0.612372
428.812,1956.35,6172.08,0.612372,0.500001,0.612372
428.812,1956.35,6172.08,0.612372,0.500001,0.612372
242.127,1980.62,6338.94,0.612372,0.500001,0.612372
252.035,1956.35,6348.85,0.612372,0.500001,0.612372
428.812,1956.35,6172.08,0.658227,0.365342,0.658227
252.035,1956.35,6348.85,0.658227,0.365342,0.658227
436.051,1930.27,6179.32,0.658227,0.365342,0.658227
436.051,1930.27,6179.32,0.658227,0.365342,0.658227
252.035,1956.35,6348.85,0.658227,0.365342,0.658227
259.274,1930.27,6356.09,0.658227,0.365342,0.658227
436.051,1930.27,6179.32,0.689378,0.222524,0.689378
259.274,1930.27,6356.09,0.689378,0.222524,0.689378
440.461,1902.95,6183.73,0.689378,0.222524,0.689378
440.461,1902.95,6183.73,0.689378,0.222524,0.689378
259.274,1930.27,6356.09,0.689378,0.222524,0.689378
263.684,1902.95,6360.5,0.689378,0.222524,0.689378
440.461,1902.95,6183.73,0.705129,0.0747384,0.705129
263.684,1902.95,6360.5,0.705129,0.0747384,0.705129
441.942,1875.0,6185.21,0.705129,0.0747384,0.705129
441.942,1875.0,6185.21,0.705129,0.0747261,0.705131
263.684,1902.95,6360.5,0.705129,0.0747261,0.705131
265.165,1875.0,6361.98,0.705129,0.0747261,0.705131
441.942,1875.0,6185.21,0.705128,-0.0747384,0.70513
265.165,1875.0,6361.98,0.705128,-0.0747384,0.70513
440.461,1847.05,6183.73,0.705128,-0.0747384,0.70513
440.461,1847.05,6183.73,0.70513,-0.0747261,0.70513
265.165,1875.0,6361.98,0.70513,-0.0747261,0.70513
263.684,1847.05,6360.5,0.70513,-0.0747261,0.70513
440.461,1847.05,6183.73,0.689378,-0.222524,0.689378
263.684,1847.05,6360.5,0.689378,-0.222524,0.689378
436.051,1819.73,6179.32,0.689378,-0.222524,0.689378
436.051,1819.73,6179.32,0.689378,-0.222524,0.689378
263.684,1847.05,6360.5,0.689378,-0.222524,0.689378
259.274,1819.73,6356.09,0.689378,-0.222524,0.689378
436.051,1819.73,6179.32,0.658227,-0.365342,0.658227
259.274,1819.73,6356.09,0.658227,-0.365342,0.658227
428.812,1793.65,6172.08,0.658227,-0.365342,0.658227
428.812,1793.65,6172.08,0.658227,-0.365342,0.658227
259.274,1819.73,6356.09,0.658227,-0.365342,0.658227
252.035,1793.65,6348.85,0.658227,-0.365342,0.658227
428.812,1793.65,6172.08,0.612372,-0.500001,0.612372
252.035,1793.65,6348.85,0.612372,-0.500001,0.612372
418.904,1769.38,6162.17,0.612372,-0.500001,0.612372
418.904,1769.38,6162.17,0.612372,-0.500001,0.612372
252.035,1793.65,6348.85,0.612372,-0.500001,0.612372
242.127,1769.38,6338.94,0.612372,-0.500001,0.612372
418.904,1769.38,6162.17,0.552838,-0.62349,0.552838
242.127,1769.38,6338.94,0.552838,-0.62349,0.552838
406.549,1747.47,6149.81,0.552838,-0.62349,0.552838
406.549,1747.47,6149.81,0.552838,-0.62349,0.552838
242.127,1769.38,6338.94,0.552838,-0.62349,0.552838
229.772,1747.47,6326.59,0.552838,-0.62349,0.552838
406.549,1747.47,6149.81,0.480959,-0.733047,0.480959
229.772,1747.47,6326.59,0.480959,-0.733047,0.480959
392.023,1728.41,6135.29,0.480959,-0.733047,0.480959
392.023,1728.41,6135.29,0.480954,-0.733052,0.480955
229.772,1747.47,6326.59,0.480954,-0.733052,0.480955
215.246,1728.41,6312.06,0.480954,-0.733052,0.480955
392.023,1728.41,6135.29,0.398325,-0.826241,0.398326
215.246,1728.41,6312.06,0.398325,-0.826241,0.398326
375.65,1712.62,6118.91,0.398325,-0.826241,0.398326
375.65,1712.62,6118.91,0.398329,-0.826237,0.398329
215.246,1728.41,6312.06,0.398329,-0.826237,0.398329
198.874,1712.62,6295.69,0.398329,-0.826237,0.398329
375.65,1712.62,6118.91,0.306803,-0.900969,0.306803
198.874,1712.62,6295.69,0.306803,-0.900969,0.306803
357.797,1700.46,6101.06,0.306803,-0.900969,0.306803
357.797,1700.46,6101.06,0.306803,-0.900969,0.306803
198.874,1712.62,6295.69,0.306803,-0.900969,0.306803
181.02,1700.46,6277.84,0.306803,-0.900969,0.306803
357.797,1700.46,6101.06,0.208421,-0.955574,0.208421
181.02,1700.46,6277.84,0.208421,-0.955574,0.208421
338.861,1692.2,6082.13,0.208421,-0.955574,0.208421
338.861,1692.2,6082.13,0.208421,-0.955574,0.208421
181.02,1700.46,6277.84,0.208421,-0.955574,0.208421
162.085,1692.2,6258.9,0.208421,-0.955574,0.208421
338.861,1692.2,6082.13,0.105388,-0.988831,0.105388
162.085,1692.2,6258.9,0.105388,-0.988831,0.105388
319.267,1688.02,6062.53,0.105388,-0.988831,0.105388
319.267,1688.02,6062.53,0.105391,-0.98883,0.105391
162.085,1692.2,6258.9,0.105391,-0.98883,0.105391
142.49,1688.02,6239.31,0.105391,-0.98883,0.105391
319.267,1688.02,6062.53,0.0,-1.0,0.0
142.49,1688.02,6239.31,0.0,-1.0,0.0
299.451,1688.02,6042.72,0.0,-1.0,0.0
299.451,1688.02,6042.72,0.0,-1.0,0.0
142.49,1688.02,6239.31,0.0,-1.0,0.0
122.674,1688.02,6219.49,0.0,-1.0,0.0
299.451,1688.02,6042.72,-0.10539,-0.988831,-0.10539
122.674,1688.02,6219.49,-0.10539,-0.988831,-0.10539
279.857,1692.2,6023.12,-0.10539,-0.988831,-0.10539
279.857,1692.2,6023.12,-0.10539,-0.988831,-0.10539
122.674,1688.02,6219.49,-0.10539,-0.988831,-0.10539
103.08,1692.2,6199.9,-0.10539,-0.988831,-0.10539
279.857,1692.2,6023.12,-0.208421,-0.955574,-0.208421
103.08,1692.2,6199.9,-0.208421,-0.955574,-0.208421
260.921,1700.46,6004.19,-0.208421,-0.955574,-0.208421
260.921,1700.46,6004.19,-0.208421,-0.955574,-0.208421
103.08,1692.2,6199.9,-0.208421,-0.955574,-0.208421
84.1446,1700.46,6180.96,-0.208421,-0.955574,-0.208421
260.921,1700.46,6004.19,-0.306803,-0.900969,-0.306803
84.1446,1700.46,6180.96,-0.306803,-0.900969,-0.306803
243.068,1712.62,5986.33,-0.306803,-0.900969,-0.306803
243.068,1712.62,5986.33,-0.306803,-0.900969,-0.306803
84.1446,1700.46,6180.96,-0.306803,-0.900969,-0.306803
66.2909,1712.62,6163.11,-0.306803,-0.900969,-0.306803
243.068,1712.62,5986.33,-0.398325,-0.826241,-0.398325
66.2909,1712.62,6163.11,-0.398325,-0.826241,-0.398325
226.695,1728.41,5969.96,-0.398325,-0.826241,-0.398325
226.695,1728.41,5969.96,-0.39833,-0.826237,-0.398329
66.2909,1712.62,6163.11,-0.39833,-0.826237,-0.398329
49.9187,1728.41,6146.74,-0.39833,-0.826237,-0.398329
226.695,1728.41,5969.96,-0.48096,-0.733046,-0.480958
49.9187,1728.41,6146.74,-0.48096,-0.733046,-0.480958
212.169,1747.47,5955.43,-0.48096,-0.733046,-0.480958
212.169,1747.47,5955.43,-0.480955,-0.733052,-0.480955
49.9187,1728.41,6146.74,-0.480955,-0.733052,-0.480955
35.3923,1747.47,6132.21,-0.480955,-0.733052,-0.480955
212.169,1747.47,5955.43,-0.552838,-0.62349,-0.552838
35.3923,1747.47,6132.21,-0.552838,-0.62349,-0.552838
199.814,1769.38,5943.08,-0.552838,-0.62349,-0.552838
199.814,1769.38,5943.08,-0.552838,-0.62349,-0.552838
35.3923,1747.47,6132.21,-0.552838,-0.62349,-0.552838
23.0374,1769.38,6119.86,-0.552838,-0.62349,-0.552838
199.814,1769.38,5943.08,-0.612372,-0.5,-0.612372
23.0374,1769.38,6119.86,-0.612372,-0.5,-0.612372
189.906,1793.65,5933.17,-0.612372,-0.5,-0.612372
189.906,1793.65,5933.17,-0.612372,-0.500001,-0.612372
23.0374,1769.38,6119.86,-0.612372,-0.500001,-0.612372
13.1297,1793.65,6109.95,-0.612372,-0.500001,-0.612372
189.906,1793.65,5933.17,-0.658227,-0.365343,-0.658227
13.1297,1793.65,6109.95,-0.658227,-0.365343,-0.658227
182.667,1819.73,5925.93,-0.658227,-0.365343,-0.658227
182.667,1819.73,5925.93,-0.658227,-0.365342,-0.658227
13.1297,1793.65,6109.95,-0.658227,-0.365342,-0.658227
5.88989,1819.73,6102.71,-0.658227,-0.365342,-0.658227
182.667,1819.73,5925.93,-0.689378,-0.222524,-0.689378
5.88989,1819.73,6102.71,-0.689378,-0.222524,-0.689378
178.257,1847.05,5921.52,-0.689378,-0.222524,-0.689378
178.257,1847.05,5921.52,-0.689378,-0.222524,-0.689378
5.88989,1819.73,6102.71,-0.689378,-0.222524,-0.689378
1.48058,1847.05,6098.3,-0.689378,-0.222524,-0.689378
178.257,1847.05,5921.52,-0.705129,-0.0747384,-0.705129
1.48058,1847.05,6098.3,-0.705129,-0.0747384,-0.705129
176.776,1875.0,5920.04,-0.705129,-0.0747384,-0.705129
176.776,1875.0,5920.04,-0.705131,-0.0747266,-0.705129
1.48058,1847.05,6098.3,-0.705131,-0.0747266,-0.705129
0.0,1875.0,6096.82,-0.705131,-0.0747266,-0.705129
176.776,1875.0,5920.04,-0.70513,0.0747384,-0.705128
0.0,1875.0,6096.82,-0.70513,0.0747384,-0.705128
178.257,1902.95,5921.52,-0.70513,0.0747384,-0.705128
178.257,1902.95,5921.52,-0.70513,0.0747266,-0.70513
0.0,1875.0,6096.82,-0.70513,0.0747266,-0.70513
1.48058,1902.95,6098.3,-0.70513,0.0747266,-0.70513
240.59,1796.47,5983.85,0.70711,-8.74798e-06,-0.707103
199.814,1769.38,5943.08,0.70711,-8.74798e-06,-0.707103
232.195,1814.04,5975.46,0.70711,-8.74798e-06,-0.707103
232.195,1814.04,5975.46,0.707099,7.59872e-06,-0.707114
199.814,1769.38,5943.08,0.707099,7.59872e-06,-0.707114
189.906,1793.65,5933.17,0.707099,7.59872e-06,-0.707114
232.195,1814.04,5975.46,0.7071,4.07891e-06,-0.707114
189.906,1793.65,5933.17,0.7071,4.07891e-06,-0.707114
226.02,1833.36,5969.28,0.7071,4.07891e-06,-0.707114
226.02,1833.36,5969.28,0.707108,-1.01453e-05,-0.707106
189.906,1793.65,5933.17,0.707108,-1.01453e-05,-0.707106
182.667,1819.73,5925.93,0.707108,-1.01453e-05,-0.707106
226.02,1833.36,5969.28,0.707106,4.79783e-06,-0.707108
182.667,1819.73,5925.93,0.707106,4.79783e-06,-0.707108
222.242,1853.87,5965.51,0.707106,4.79783e-06,-0.707108
222.242,1853.87,5965.51,0.707111,-7.74123e-06,-0.707103
182.667,1819.73,5925.93,0.707111,-7.74123e-06,-0.707103
178.257,1847.05,5921.52,0.707111,-7.74123e-06,-0.707103
222.242,1853.87,5965.51,0.707111,-7.1662e-06,-0.707103
178.257,1847.05,5921.52,0.707111,-7.1662e-06,-0.707103
220.971,1875.0,5964.23,0.707111,-7.1662e-06,-0.707103
220.971,1875.0,5964.23,0.707108,2.42008e-06,-0.707106
178.257,1847.05,5921.52,0.707108,2.42008e-06,-0.707106
176.776,1875.0,5920.04,0.707108,2.42008e-06,-0.707106
220.971,1875.0,5964.23,0.707108,7.54366e-06,-0.707106
176.776,1875.0,5920.04,0.707108,7.54366e-06,-0.707106
222.242,1896.13,5965.51,0.707108,7.54366e-06,-0.707106
222.242,1896.13,5965.51,0.70711,-2.67162e-06,-0.707103
176.776,1875.0,5920.04,0.70711,-2.67162e-06,-0.707103
178.257,1902.95,5921.52,0.70711,-2.67162e-06,-0.707103
222.242,1896.13,5965.51,0.70711,-6.38631e-06,-0.707104
178.257,1902.95,5921.52,0.70711,-6.38631e-06,-0.707104
226.02,1916.64,5969.28,0.70711,-6.38631e-06,-0.707104
226.02,1916.64,5969.28,0.707108,8.79755e-06,-0.707106
178.257,1902.95,5921.52,0.707108,8.79755e-06,-0.707106
182.667,1930.27,5925.93,0.707108,8.79755e-06,-0.707106
226.02,1916.64,5969.28,0.707105,-7.3235e-06,-0.707108
182.667,1930.27,5925.93,0.707105,-7.3235e-06,-0.707108
232.195,1935.96,5975.46,0.707105,-7.3235e-06,-0.707108
182.667,1930.27,5925.93,0.707104,1.22948e-05,-0.70711
189.906,1956.35,5933.17,0.707104,1.22948e-05,-0.70711
232.195,1935.96,5975.46,0.707104,1.22948e-05,-0.70711
232.195,1935.96,5975.46,0.707099,-7.59872e-06,-0.707114
189.906,1956.35,5933.17,0.707099,-7.59872e-06,-0.707114
199.814,1980.62,5943.08,0.707099,-7.59872e-06,-0.707114
232.195,1935.96,5975.46,0.70711,8.74798e-06,-0.707103
199.814,1980.62,5943.08,0.70711,8.74798e-06,-0.707103
240.59,1953.53,5983.85,0.70711,8.74798e-06,-0.707103
240.59,1953.53,5983.85,0.707108,2.21454e-06,-0.707105
199.814,1980.62,5943.08,0.707108,2.21454e-06,-0.707105
212.169,2002.53,5955.43,0.707108,2.21454e-06,-0.707105
240.59,1953.53,5983.85,0.707105,-1.06291e-06,-0.707108
212.169,2002.53,5955.43,0.707105,-1.06291e-06,-0.707108
250.963,1968.83,5994.23,0.707105,-1.06291e-06,-0.707108
250.963,1968.83,5994.23,0.707106,4.2459e-07,-0.707107
212.169,2002.53,5955.43,0.707106,4.2459e-07,-0.707107
226.695,2021.59,5969.96,0.707106,4.2459e-07,-0.707107
250.963,1968.83,5994.23,0.707101,-4.59178e-06,-0.707113
226.695,2021.59,5969.96,0.707101,-4.59178e-06,-0.707113
263.016,1981.44,6006.28,0.707101,-4.59178e-06,-0.707113
263.016,1981.44,6006.28,0.707104,8.97472e-07,-0.70711
226.695,2021.59,5969.96,0.707104,8.97472e-07,-0.70711
243.068,2037.38,5986.33,0.707104,8.97472e-07,-0.70711
263.016,1981.44,6006.28,0.707106,2.4605e-06,-0.707108
243.068,2037.38,5986.33,0.707106,2.4605e-06,-0.707108
276.403,1990.99,6019.67,0.707106,2.4605e-06,-0.707108
276.403,1990.99,6019.67,0.70711,7.74654e-06,-0.707104
243.068,2037.38,5986.33,0.70711,7.74654e-06,-0.707104
260.921,2049.54,6004.19,0.70711,7.74654e-06,-0.707104
276.403,1990.99,6019.67,0.707112,8.83568e-06,-0.707102
260.921,2049.54,6004.19,0.707112,8.83568e-06,-0.707102
290.738,1997.19,6034.0,0.707112,8.83568e-06,-0.707102
290.738,1997.19,6034.0,0.707104,4.18926e-08,-0.70711
260.921,2049.54,6004.19,0.707104,4.18926e-08,-0.70711
279.857,2057.8,6023.12,0.707104,4.18926e-08,-0.70711
290.738,1997.19,6034.0,0.707106,7.8222e-07,-0.707108
279.857,2057.8,6023.12,0.707106,7.8222e-07,-0.707108
305.608,1999.89,6048.87,0.707106,7.8222e-07,-0.707108
305.608,1999.89,6048.87,0.7071,-4.9008e-06,-0.707114
279.857,2057.8,6023.12,0.7071,-4.9008e-06,-0.707114
299.451,2061.98,6042.72,0.7071,-4.9008e-06,-0.707114
305.608,1999.89,6048.87,0.70712,-7.6582e-07,-0.707093
299.451,2061.98,6042.72,0.70712,-7.6582e-07,-0.707093
320.586,1998.99,6063.85,0.70712,-7.6582e-07,-0.707093
320.586,1998.99,6063.85,0.707107,-9.93512e-06,-0.707107
299.451,2061.98,6042.72,0.707107,-9.93512e-06,-0.707107
319.267,2061.98,6062.53,0.707107,-9.93512e-06,-0.707107
320.586,1998.99,6063.85,0.707085,-1.08371e-05,-0.707128
319.267,2061.98,6062.53,0.707085,-1.08371e-05,-0.707128
335.241,1994.52,6078.51,0.707085,-1.08371e-05,-0.707128
349.152,1763.38,6092.42,0.707127,5.85354e-06,-0.707087
357.797,1700.46,6101.06,0.707127,5.85354e-06,-0.707087
335.241,1755.48,6078.51,0.707127,5.85354e-06,-0.707087
335.241,1755.48,6078.51,0.707122,1.71744e-06,-0.707092
357.797,1700.46,6101.06,0.707122,1.71744e-06,-0.707092
338.861,1692.2,6082.13,0.707122,1.71744e-06,-0.707092
335.241,1755.48,6078.51,0.707087,-2.23547e-06,-0.707126
338.861,1692.2,6082.13,0.707087,-2.23547e-06,-0.707126
320.586,1751.01,6063.85,0.707087,-2.23547e-06,-0.707126
320.586,1751.01,6063.85,0.707107,9.93336e-06,-0.707107
338.861,1692.2,6082.13,0.707107,9.93336e-06,-0.707107
319.267,1688.02,6062.53,0.707107,9.93336e-06,-0.707107
320.586,1751.01,6063.85,0.70712,9.37356e-06,-0.707093
319.267,1688.02,6062.53,0.70712,9.37356e-06,-0.707093
305.608,1750.11,6048.87,0.70712,9.37356e-06,-0.707093
305.608,1750.11,6048.87,0.707107,3.47556e-06,-0.707107
319.267,1688.02,6062.53,0.707107,3.47556e-06,-0.707107
299.451,1688.02,6042.72,0.707107,3.47556e-06,-0.707107
305.608,1750.11,6048.87,0.707106,3.55561e-06,-0.707107
299.451,1688.02,6042.72,0.707106,3.55561e-06,-0.707107
290.738,1752.81,6034.0,0.707106,3.55561e-06,-0.707107
290.738,1752.81,6034.0,0.707099,1.6373e-06,-0.707114
299.451,1688.02,6042.72,0.707099,1.6373e-06,-0.707114
279.857,1692.2,6023.12,0.707099,1.6373e-06,-0.707114
290.738,1752.81,6034.0,0.707113,-3.24809e-06,-0.707101
279.857,1692.2,6023.12,0.707113,-3.24809e-06,-0.707101
276.403,1759.01,6019.67,0.707113,-3.24809e-06,-0.707101
276.403,1759.01,6019.67,0.707103,-4.26653e-06,-0.707111
279.857,1692.2,6023.12,0.707103,-4.26653e-06,-0.707111
260.921,1700.46,6004.19,0.707103,-4.26653e-06,-0.707111
276.403,1759.01,6019.67,0.707105,-5.27143e-06,-0.707109
260.921,1700.46,6004.19,0.707105,-5.27143e-06,-0.707109
263.016,1768.56,6006.28,0.707105,-5.27143e-06,-0.707109
263.016,1768.56,6006.28,0.70711,-5.6043e-06,-0.707103
260.921,1700.46,6004.19,0.70711,-5.6043e-06,-0.707103
243.068,1712.62,5986.33,0.70711,-5.6043e-06,-0.707103
263.016,1768.56,6006.28,0.707099,2.16992e-06,-0.707114
243.068,1712.62,5986.33,0.707099,2.16992e-06,-0.707114
250.963,1781.17,5994.23,0.707099,2.16992e-06,-0.707114
250.963,1781.17,5994.23,0.707105,9.71578e-07,-0.707109
243.068,1712.62,5986.33,0.707105,9.71578e-07,-0.707109
226.695,1728.41,5969.96,0.707105,9.71578e-07,-0.707109
250.963,1781.17,5994.23,0.707105,5.30864e-07,-0.707108
226.695,1728.41,5969.96,0.707105,5.30864e-07,-0.707108
240.59,1796.47,5983.85,0.707105,5.30864e-07,-0.707108
240.59,1796.47,5983.85,0.707106,-5.43409e-09,-0.707107
226.695,1728.41,5969.96,0.707106,-5.43409e-09,-0.707107
212.169,1747.47,5955.43,0.707106,-5.43409e-09,-0.707107
240.59,1796.47,5983.85,0.707108,-2.21455e-06,-0.707105
212.169,1747.47,5955.43,0.707108,-2.21455e-06,-0.707105
199.814,1769.38,5943.08,0.707108,-2.21455e-06,-0.707105
397.429,1885.6,6140.69,0.707106,0.0,-0.707107
441.942,1875.0,6185.21,0.707106,0.0,-0.707107
397.429,1864.4,6140.69,0.707106,0.0,-0.707107
397.429,1864.4,6140.69,0.707107,-2.29414e-06,-0.707107
441.942,1875.0,6185.21,0.707107,-2.29414e-06,-0.707107
440.461,1847.05,6183.73,0.707107,-2.29414e-06,-0.707107
397.429,1864.4,6140.69,0.707109,8.80304e-06,-0.707105
440.461,1847.05,6183.73,0.707109,8.80304e-06,-0.707105
394.896,1843.5,6138.16,0.707109,8.80304e-06,-0.707105
394.896,1843.5,6138.16,0.707109,8.02478e-06,-0.707105
440.461,1847.05,6183.73,0.707109,8.02478e-06,-0.707105
436.051,1819.73,6179.32,0.707109,8.02478e-06,-0.707105
394.896,1843.5,6138.16,0.707104,-8.37573e-06,-0.707109
436.051,1819.73,6179.32,0.707104,-8.37573e-06,-0.707109
389.901,1823.51,6133.17,0.707104,-8.37573e-06,-0.707109
389.901,1823.51,6133.17,0.707104,-1.32902e-05,-0.70711
436.051,1819.73,6179.32,0.707104,-1.32902e-05,-0.70711
428.812,1793.65,6172.08,0.707104,-1.32902e-05,-0.70711
389.901,1823.51,6133.17,0.707111,4.02291e-06,-0.707103
428.812,1793.65,6172.08,0.707111,4.02291e-06,-0.707103
382.59,1805.0,6125.85,0.707111,4.02291e-06,-0.707103
382.59,1805.0,6125.85,0.707111,1.05045e-05,-0.707102
428.812,1793.65,6172.08,0.707111,1.05045e-05,-0.707102
418.904,1769.38,6162.17,0.707111,1.05045e-05,-0.707102
382.59,1805.0,6125.85,0.707099,-1.38197e-05,-0.707114
418.904,1769.38,6162.17,0.707099,-1.38197e-05,-0.707114
373.171,1788.51,6116.44,0.707099,-1.38197e-05,-0.707114
373.171,1788.51,6116.44,0.707104,7.27834e-06,-0.70711
418.904,1769.38,6162.17,0.707104,7.27834e-06,-0.70711
406.549,1747.47,6149.81,0.707104,7.27834e-06,-0.70711
373.171,1788.51,6116.44,0.707104,7.55988e-06,-0.70711
406.549,1747.47,6149.81,0.707104,7.55988e-06,-0.70711
361.917,1774.5,6105.18,0.707104,7.55988e-06,-0.70711
361.917,1774.5,6105.18,0.707103,4.51947e-06,-0.70711
406.549,1747.47,6149.81,0.707103,4.51947e-06,-0.70711
392.023,1728.41,6135.29,0.707103,4.51947e-06,-0.70711
361.917,1774.5,6105.18,0.7071,3.38334e-07,-0.707114
392.023,1728.41,6135.29,0.7071,3.38334e-07,-0.707114
349.152,1763.38,6092.42,0.7071,3.38334e-07,-0.707114
349.152,1763.38,6092.42,0.707102,4.95588e-06,-0.707112
392.023,1728.41,6135.29,0.707102,4.95588e-06,-0.707112
375.65,1712.62,6118.91,0.707102,4.95588e-06,-0.707112
349.152,1763.38,6092.42,0.707094,-3.17903e-06,-0.70712
375.65,1712.62,6118.91,0.707094,-3.17903e-06,-0.70712
357.797,1700.46,6101.06,0.707094,-3.17903e-06,-0.70712
319.267,2061.98,6062.53,0.707108,-1.24489e-07,-0.707106
338.861,2057.8,6082.13,0.707108,-1.24489e-07,-0.707106
335.241,1994.52,6078.51,0.707108,-1.24489e-07,-0.707106
335.241,1994.52,6078.51,0.707122,-1.71744e-06,-0.707092
338.861,2057.8,6082.13,0.707122,-1.71744e-06,-0.707092
357.797,2049.54,6101.06,0.707122,-1.71744e-06,-0.707092
335.241,1994.52,6078.51,0.707127,-5.85354e-06,-0.707087
357.797,2049.54,6101.06,0.707127,-5.85354e-06,-0.707087
349.152,1986.62,6092.42,0.707127,-5.85354e-06,-0.707087
349.152,1986.62,6092.42,0.707094,3.17903e-06,-0.70712
357.797,2049.54,6101.06,0.707094,3.17903e-06,-0.70712
375.65,2037.38,6118.91,0.707094,3.17903e-06,-0.70712
349.152,1986.62,6092.42,0.707099,-2.16091e-06,-0.707114
375.65,2037.38,6118.91,0.707099,-2.16091e-06,-0.707114
361.917,1975.5,6105.18,0.707099,-2.16091e-06,-0.707114
361.917,1975.5,6105.18,0.707102,-3.63238e-06,-0.707111
375.65,2037.38,6118.91,0.707102,-3.63238e-06,-0.707111
392.023,2021.59,6135.29,0.707102,-3.63238e-06,-0.707111
361.917,1975.5,6105.18,0.707105,-6.54626e-06,-0.707109
392.023,2021.59,6135.29,0.707105,-6.54626e-06,-0.707109
373.171,1961.49,6116.44,0.707105,-6.54626e-06,-0.707109
373.171,1961.49,6116.44,0.707103,-5.26577e-06,-0.707111
392.023,2021.59,6135.29,0.707103,-5.26577e-06,-0.707111
406.549,2002.53,6149.81,0.707103,-5.26577e-06,-0.707111
373.171,1961.49,6116.44,0.707094,8.07797e-06,-0.707119
406.549,2002.53,6149.81,0.707094,8.07797e-06,-0.707119
382.59,1945.0,6125.85,0.707094,8.07797e-06,-0.707119
382.59,1945.0,6125.85,0.707108,-2.96792e-06,-0.707106
406.549,2002.53,6149.81,0.707108,-2.96792e-06,-0.707106
418.904,1980.62,6162.17,0.707108,-2.96792e-06,-0.707106
382.59,1945.0,6125.85,0.707109,-5.37982e-06,-0.707105
418.904,1980.62,6162.17,0.707109,-5.37982e-06,-0.707105
389.901,1926.49,6133.17,0.707109,-5.37982e-06,-0.707105
389.901,1926.49,6133.17,0.707113,-9.45306e-06,-0.707101
418.904,1980.62,6162.17,0.707113,-9.45306e-06,-0.707101
428.812,1956.35,6172.08,0.707113,-9.45306e-06,-0.707101
389.901,1926.49,6133.17,0.707106,9.08212e-06,-0.707108
428.812,1956.35,6172.08,0.707106,9.08212e-06,-0.707108
394.896,1906.5,6138.16,0.707106,9.08212e-06,-0.707108
394.896,1906.5,6138.16,0.707103,1.27076e-05,-0.707111
428.812,1956.35,6172.08,0.707103,1.27076e-05,-0.707111
436.051,1930.27,6179.32,0.707103,1.27076e-05,-0.707111
394.896,1906.5,6138.16,0.707109,-8.74523e-06,-0.707105
436.051,1930.27,6179.32,0.707109,-8.74523e-06,-0.707105
397.429,1885.6,6140.69,0.707109,-8.74523e-06,-0.707105
397.429,1885.6,6140.69,0.707109,-8.08151e-06,-0.707105
436.051,1930.27,6179.32,0.707109,-8.08151e-06,-0.707105
440.461,1902.95,6183.73,0.707109,-8.08151e-06,-0.707105
397.429,1885.6,6140.69,0.707107,2.29414e-06,-0.707107
440.461,1902.95,6183.73,0.707107,2.29414e-06,-0.707107
441.942,1875.0,6185.21,0.707107,2.29414e-06,-0.707107
748.449,1843.5,5784.61,0.707161,-3.55333e-05,-0.707053
743.454,1823.51,5779.61,0.707161,-3.55333e-05,-0.707053
736.143,1805.0,5772.3,0.707161,-3.55333e-05,-0.707053
715.471,1975.5,5751.63,0.707074,-5.57291e-05,-0.70714
726.725,1961.49,5762.88,0.707074,-5.57291e-05,-0.70714
736.143,1945.0,5772.3,0.707074,-5.57291e-05,-0.70714
750.982,1885.6,5787.14,0.707073,0.0,-0.707141
750.982,1864.4,5787.14,0.707073,0.0,-0.707141
748.449,1906.5,5784.61,0.707073,0.0,-0.707141
748.449,1906.5,5784.61,0.707106,4.02701e-06,-0.707107
750.982,1864.4,5787.14,0.707106,4.02701e-06,-0.707107
574.524,1875.0,5610.68,0.707106,4.02701e-06,-0.707107
750.982,1864.4,5787.14,0.707106,-8.02501e-06,-0.707108
748.449,1843.5,5784.61,0.707106,-8.02501e-06,-0.707108
574.524,1875.0,5610.68,0.707106,-8.02501e-06,-0.707108
574.524,1875.0,5610.68,0.707106,-9.0972e-07,-0.707107
748.449,1843.5,5784.61,0.707106,-9.0972e-07,-0.707107
736.143,1805.0,5772.3,0.707106,-9.0972e-07,-0.707107
574.524,1875.0,5610.68,0.707112,2.51555e-05,-0.707101
736.143,1805.0,5772.3,0.707112,2.51555e-05,-0.707101
575.796,1853.87,5611.95,0.707112,2.51555e-05,-0.707101
575.796,1853.87,5611.95,0.707107,-1.09261e-05,-0.707107
736.143,1805.0,5772.3,0.707107,-1.09261e-05,-0.707107
585.748,1814.04,5621.91,0.707107,-1.09261e-05,-0.707107
575.796,1853.87,5611.95,0.706981,-7.36169e-05,-0.707232
585.748,1814.04,5621.91,0.706981,-7.36169e-05,-0.707232
579.573,1833.36,5615.73,0.706981,-7.36169e-05,-0.707232
585.748,1935.96,5621.91,0.707188,-8.72753e-05,-0.707026
594.143,1953.53,5630.3,0.707188,-8.72753e-05,-0.707026
604.516,1968.83,5640.67,0.707188,-8.72753e-05,-0.707026
715.471,1774.5,5751.63,0.707107,1.56043e-05,-0.707107
702.705,1763.38,5738.86,0.707107,1.56043e-05,-0.707107
616.57,1768.56,5652.73,0.707107,1.56043e-05,-0.707107
616.57,1768.56,5652.73,0.707105,-4.77815e-05,-0.707109
702.705,1763.38,5738.86,0.707105,-4.77815e-05,-0.707109
688.795,1755.48,5724.95,0.707105,-4.77815e-05,-0.707109
594.143,1796.47,5630.3,0.707188,8.72753e-05,-0.707026
585.748,1814.04,5621.91,0.707188,8.72753e-05,-0.707026
604.516,1781.17,5640.67,0.707188,8.72753e-05,-0.707026
604.516,1781.17,5640.67,0.707107,-5.26852e-06,-0.707107
585.748,1814.04,5621.91,0.707107,-5.26852e-06,-0.707107
736.143,1805.0,5772.3,0.707107,-5.26852e-06,-0.707107
604.516,1781.17,5640.67,0.707103,3.71335e-05,-0.707111
736.143,1805.0,5772.3,0.707103,3.71335e-05,-0.707111
616.57,1768.56,5652.73,0.707103,3.71335e-05,-0.707111
616.57,1768.56,5652.73,0.707106,1.96782e-05,-0.707108
736.143,1805.0,5772.3,0.707106,1.96782e-05,-0.707108
726.725,1788.51,5762.88,0.707106,1.96782e-05,-0.707108
616.57,1768.56,5652.73,0.707107,2.50063e-06,-0.707106
726.725,1788.51,5762.88,0.707107,2.50063e-06,-0.707106
715.471,1774.5,5751.63,0.707107,2.50063e-06,-0.707106
579.573,1916.64,5615.73,0.706981,7.36169e-05,-0.707232
585.748,1935.96,5621.91,0.706981,7.36169e-05,-0.707232
575.796,1896.13,5611.95,0.706981,7.36169e-05,-0.707232
575.796,1896.13,5611.95,0.707107,1.09261e-05,-0.707107
585.748,1935.96,5621.91,0.707107,1.09261e-05,-0.707107
736.143,1945.0,5772.3,0.707107,1.09261e-05,-0.707107
575.796,1896.13,5611.95,0.707112,-2.51555e-05,-0.707101
736.143,1945.0,5772.3,0.707112,-2.51555e-05,-0.707101
574.524,1875.0,5610.68,0.707112,-2.51555e-05,-0.707101
574.524,1875.0,5610.68,0.707108,-6.06335e-06,-0.707106
736.143,1945.0,5772.3,0.707108,-6.06335e-06,-0.707106
743.454,1926.49,5779.61,0.707108,-6.06335e-06,-0.707106
574.524,1875.0,5610.68,0.707106,8.14336e-06,-0.707108
743.454,1926.49,5779.61,0.707106,8.14336e-06,-0.707108
748.449,1906.5,5784.61,0.707106,8.14336e-06,-0.707108
585.748,1935.96,5621.91,0.707107,5.26852e-06,-0.707107
604.516,1968.83,5640.67,0.707107,5.26852e-06,-0.707107
736.143,1945.0,5772.3,0.707107,5.26852e-06,-0.707107
736.143,1945.0,5772.3,0.707103,-3.71335e-05,-0.707111
604.516,1968.83,5640.67,0.707103,-3.71335e-05,-0.707111
616.57,1981.44,5652.73,0.707103,-3.71335e-05,-0.707111
736.143,1945.0,5772.3,0.707107,-1.1183e-05,-0.707107
616.57,1981.44,5652.73,0.707107,-1.1183e-05,-0.707107
715.471,1975.5,5751.63,0.707107,-1.1183e-05,-0.707107
715.471,1975.5,5751.63,0.707108,1.6203e-05,-0.707106
616.57,1981.44,5652.73,0.707108,1.6203e-05,-0.707106
688.795,1994.52,5724.95,0.707108,1.6203e-05,-0.707106
715.471,1975.5,5751.63,0.707049,-0.000147279,-0.707164
688.795,1994.52,5724.95,0.707049,-0.000147279,-0.707164
702.705,1986.62,5738.86,0.707049,-0.000147279,-0.707164
629.956,1759.01,5666.11,0.707106,-3.83615e-05,-0.707108
616.57,1768.56,5652.73,0.707106,-3.83615e-05,-0.707108
644.291,1752.81,5680.45,0.707106,-3.83615e-05,-0.707108
644.291,1752.81,5680.45,0.707106,-3.99268e-05,-0.707108
616.57,1768.56,5652.73,0.707106,-3.99268e-05,-0.707108
688.795,1755.48,5724.95,0.707106,-3.99268e-05,-0.707108
644.291,1752.81,5680.45,0.707105,-8.07111e-06,-0.707109
688.795,1755.48,5724.95,0.707105,-8.07111e-06,-0.707109
659.161,1750.11,5695.32,0.707105,-8.07111e-06,-0.707109
659.161,1750.11,5695.32,0.707093,0.000118521,-0.70712
688.795,1755.48,5724.95,0.707093,0.000118521,-0.70712
674.14,1751.01,5710.3,0.707093,0.000118521,-0.70712
659.161,1999.89,5695.32,0.707099,7.16003e-05,-0.707115
674.14,1998.99,5710.3,0.707099,7.16003e-05,-0.707115
644.291,1997.19,5680.45,0.707099,7.16003e-05,-0.707115
644.291,1997.19,5680.45,0.707103,-5.59167e-05,-0.707111
674.14,1998.99,5710.3,0.707103,-5.59167e-05,-0.707111
688.795,1994.52,5724.95,0.707103,-5.59167e-05,-0.707111
644.291,1997.19,5680.45,0.707106,4.03559e-05,-0.707108
688.795,1994.52,5724.95,0.707106,4.03559e-05,-0.707108
629.956,1990.99,5666.11,0.707106,4.03559e-05,-0.707108
629.956,1990.99,5666.11,0.707106,3.95009e-05,-0.707108
688.795,1994.52,5724.95,0.707106,3.95009e-05,-0.707108
616.57,1981.44,5652.73,0.707106,3.95009e-05,-0.707108
575.796,1896.13,5611.95,-0.684286,0.252,-0.684287
222.242,1896.13,5965.51,-0.684286,0.252,-0.684287
579.573,1916.64,5615.73,-0.684286,0.252,-0.684287
579.573,1916.64,5615.73,-0.684287,0.251999,-0.684287
222.242,1896.13,5965.51,-0.684287,0.251999,-0.684287
226.02,1916.64,5969.28,-0.684287,0.251999,-0.684287
579.573,1916.64,5615.73,-0.644339,0.411891,-0.644339
226.02,1916.64,5969.28,-0.644339,0.411891,-0.644339
585.748,1935.96,5621.91,-0.644339,0.411891,-0.644339
585.748,1935.96,5621.91,-0.644339,0.411892,-0.644339
226.02,1916.64,5969.28,-0.644339,0.411892,-0.644339
232.195,1935.96,5975.46,-0.644339,0.411892,-0.644339
585.748,1935.96,5621.91,-0.585852,0.559959,-0.585852
232.195,1935.96,5975.46,-0.585852,0.559959,-0.585852
594.143,1953.53,5630.3,-0.585852,0.559959,-0.585852
594.143,1953.53,5630.3,-0.585848,0.559969,-0.585847
232.195,1935.96,5975.46,-0.585848,0.559969,-0.585847
240.59,1953.53,5983.85,-0.585848,0.559969,-0.585847
594.143,1953.53,5630.3,-0.51049,0.691954,-0.510489
240.59,1953.53,5983.85,-0.51049,0.691954,-0.510489
604.516,1968.83,5640.67,-0.51049,0.691954,-0.510489
604.516,1968.83,5640.67,-0.510495,0.691947,-0.510495
240.59,1953.53,5983.85,-0.510495,0.691947,-0.510495
250.963,1968.83,5994.23,-0.510495,0.691947,-0.510495
604.516,1968.83,5640.67,-0.420474,0.803992,-0.420474
250.963,1968.83,5994.23,-0.420474,0.803992,-0.420474
616.57,1981.44,5652.73,-0.420474,0.803992,-0.420474
616.57,1981.44,5652.73,-0.42048,0.803986,-0.42048
250.963,1968.83,5994.23,-0.42048,0.803986,-0.42048
263.016,1981.44,6006.28,-0.42048,0.803986,-0.42048
616.57,1981.44,5652.73,-0.31834,0.892927,-0.318341
263.016,1981.44,6006.28,-0.31834,0.892927,-0.318341
629.956,1990.99,5666.11,-0.31834,0.892927,-0.318341
629.956,1990.99,5666.11,-0.318336,0.89293,-0.318336
263.016,1981.44,6006.28,-0.318336,0.89293,-0.318336
276.403,1990.99,6019.67,-0.318336,0.89293,-0.318336
629.956,1990.99,5666.11,-0.207057,0.956167,-0.207057
276.403,1990.99,6019.67,-0.207057,0.956167,-0.207057
644.291,1997.19,5680.45,-0.207057,0.956167,-0.207057
644.291,1997.19,5680.45,-0.207057,0.956167,-0.207057
276.403,1990.99,6019.67,-0.207057,0.956167,-0.207057
290.738,1997.19,6034.0,-0.207057,0.956167,-0.207057
644.291,1997.19,5680.45,-0.0898129,0.991901,-0.0898129
290.738,1997.19,6034.0,-0.0898129,0.991901,-0.0898129
659.161,1999.89,5695.32,-0.0898129,0.991901,-0.0898129
659.161,1999.89,5695.32,-0.0898129,0.991901,-0.089813
290.738,1997.19,6034.0,-0.0898129,0.991901,-0.089813
305.608,1999.89,6048.87,-0.0898129,0.991901,-0.089813
659.161,1999.89,5695.32,0.0300092,0.999099,0.0300092
305.608,1999.89,6048.87,0.0300092,0.999099,0.0300092
674.14,1998.99,5710.3,0.0300092,0.999099,0.0300092
674.14,1998.99,5710.3,0.0300092,0.999099,0.0300092
305.608,1999.89,6048.87,0.0300092,0.999099,0.0300092
320.586,1998.99,6063.85,0.0300092,0.999099,0.0300092
674.14,1998.99,5710.3,0.148976,0.977554,0.148976
320.586,1998.99,6063.85,0.148976,0.977554,0.148976
688.795,1994.52,5724.95,0.148976,0.977554,0.148976
688.795,1994.52,5724.95,0.148976,0.977554,0.148976
320.586,1998.99,6063.85,0.148976,0.977554,0.148976
335.241,1994.52,6078.51,0.148976,0.977554,0.148976
688.795,1994.52,5724.95,0.26365,0.927889,0.26365
335.241,1994.52,6078.51,0.26365,0.927889,0.26365
702.705,1986.62,5738.86,0.26365,0.927889,0.26365
702.705,1986.62,5738.86,0.263646,0.927891,0.263646
335.241,1994.52,6078.51,0.263646,0.927891,0.263646
349.152,1986.62,6092.42,0.263646,0.927891,0.263646
702.705,1986.62,5738.86,0.370739,0.851531,0.370739
349.152,1986.62,6092.42,0.370739,0.851531,0.370739
715.471,1975.5,5751.63,0.370739,0.851531,0.370739
715.471,1975.5,5751.63,0.370744,0.851527,0.370744
349.152,1986.62,6092.42,0.370744,0.851527,0.370744
361.917,1975.5,6105.18,0.370744,0.851527,0.370744
715.471,1975.5,5751.63,0.467168,0.750672,0.467168
361.917,1975.5,6105.18,0.467168,0.750672,0.467168
726.725,1961.49,5762.88,0.467168,0.750672,0.467168
726.725,1961.49,5762.88,0.467168,0.750672,0.467168
361.917,1975.5,6105.18,0.467168,0.750672,0.467168
373.171,1961.49,6116.44,0.467168,0.750672,0.467168
726.725,1961.49,5762.88,0.55015,0.628227,0.550151
373.171,1961.49,6116.44,0.55015,0.628227,0.550151
736.143,1945.0,5772.3,0.55015,0.628227,0.550151
736.143,1945.0,5772.3,0.550151,0.628226,0.550151
373.171,1961.49,6116.44,0.550151,0.628226,0.550151
382.59,1945.0,6125.85,0.550151,0.628226,0.550151
736.143,1945.0,5772.3,0.617313,0.487698,0.617313
382.59,1945.0,6125.85,0.617313,0.487698,0.617313
743.454,1926.49,5779.61,0.617313,0.487698,0.617313
743.454,1926.49,5779.61,0.617313,0.487698,0.617313
382.59,1945.0,6125.85,0.617313,0.487698,0.617313
389.901,1926.49,6133.17,0.617313,0.487698,0.617313
743.454,1926.49,5779.61,0.666716,0.333134,0.666716
389.901,1926.49,6133.17,0.666716,0.333134,0.666716
748.449,1906.5,5784.61,0.666716,0.333134,0.666716
748.449,1906.5,5784.61,0.666716,0.333135,0.666716
389.901,1926.49,6133.17,0.666716,0.333135,0.666716
394.896,1906.5,6138.16,0.666716,0.333135,0.666716
748.449,1906.5,5784.61,0.696938,0.168983,0.696938
394.896,1906.5,6138.16,0.696938,0.168983,0.696938
750.982,1885.6,5787.14,0.696938,0.168983,0.696938
750.982,1885.6,5787.14,0.696937,0.168997,0.696936
394.896,1906.5,6138.16,0.696937,0.168997,0.696936
397.429,1885.6,6140.69,0.696937,0.168997,0.696936
750.982,1885.6,5787.14,0.707107,0.0,0.707106
397.429,1885.6,6140.69,0.707107,0.0,0.707106
750.982,1864.4,5787.14,0.707107,0.0,0.707106
750.982,1864.4,5787.14,0.707107,0.0,0.707106
397.429,1885.6,6140.69,0.707107,0.0,0.707106
397.429,1864.4,6140.69,0.707107,0.0,0.707106
750.982,1864.4,5787.14,0.696938,-0.168983,0.696938
397.429,1864.4,6140.69,0.696938,-0.168983,0.696938
748.449,1843.5,5784.61,0.696938,-0.168983,0.696938
748.449,1843.5,5784.61,0.696936,-0.168997,0.696936
397.429,1864.4,6140.69,0.696936,-0.168997,0.696936
394.896,1843.5,6138.16,0.696936,-0.168997,0.696936
748.449,1843.5,5784.61,0.666716,-0.333134,0.666716
394.896,1843.5,6138.16,0.666716,-0.333134,0.666716
743.454,1823.51,5779.61,0.666716,-0.333134,0.666716
743.454,1823.51,5779.61,0.666716,-0.333135,0.666716
394.896,1843.5,6138.16,0.666716,-0.333135,0.666716
389.901,1823.51,6133.17,0.666716,-0.333135,0.666716
743.454,1823.51,5779.61,0.617313,-0.487698,0.617313
389.901,1823.51,6133.17,0.617313,-0.487698,0.617313
736.143,1805.0,5772.3,0.617313,-0.487698,0.617313
736.143,1805.0,5772.3,0.617313,-0.487698,0.617313
389.901,1823.51,6133.17,0.617313,-0.487698,0.617313
382.59,1805.0,6125.85,0.617313,-0.487698,0.617313
736.143,1805.0,5772.3,0.55015,-0.628227,0.550151
382.59,1805.0,6125.85,0.55015,-0.628227,0.550151
726.725,1788.51,5762.88,0.55015,-0.628227,0.550151
726.725,1788.51,5762.88,0.550151,-0.628226,0.550151
382.59,1805.0,6125.85,0.550151,-0.628226,0.550151
373.171,1788.51,6116.44,0.550151,-0.628226,0.550151
726.725,1788.51,5762.88,0.467168,-0.750672,0.467168
373.171,1788.51,6116.44,0.467168,-0.750672,0.467168
715.471,1774.5,5751.63,0.467168,-0.750672,0.467168
715.471,1774.5,5751.63,0.467168,-0.750672,0.467168
373.171,1788.51,6116.44,0.467168,-0.750672,0.467168
361.917,1774.5,6105.18,0.467168,-0.750672,0.467168
715.471,1774.5,5751.63,0.370739,-0.851531,0.370739
361.917,1774.5,6105.18,0.370739,-0.851531,0.370739
702.705,1763.38,5738.86,0.370739,-0.851531,0.370739
702.705,1763.38,5738.86,0.370744,-0.851527,0.370744
361.917,1774.5,6105.18,0.370744,-0.851527,0.370744
349.152,1763.38,6092.42,0.370744,-0.851527,0.370744
702.705,1763.38,5738.86,0.26365,-0.927889,0.26365
349.152,1763.38,6092.42,0.26365,-0.927889,0.26365
688.795,1755.48,5724.95,0.26365,-0.927889,0.26365
688.795,1755.48,5724.95,0.263646,-0.927891,0.263646
349.152,1763.38,6092.42,0.263646,-0.927891,0.263646
335.241,1755.48,6078.51,0.263646,-0.927891,0.263646
688.795,1755.48,5724.95,0.148976,-0.977554,0.148976
335.241,1755.48,6078.51,0.148976,-0.977554,0.148976
674.14,1751.01,5710.3,0.148976,-0.977554,0.148976
674.14,1751.01,5710.3,0.148976,-0.977554,0.148976
335.241,1755.48,6078.51,0.148976,-0.977554,0.148976
320.586,1751.01,6063.85,0.148976,-0.977554,0.148976
674.14,1751.01,5710.3,0.0300092,-0.999099,0.0300092
320.586,1751.01,6063.85,0.0300092,-0.999099,0.0300092
659.161,1750.11,5695.32,0.0300092,-0.999099,0.0300092
659.161,1750.11,5695.32,0.0300092,-0.999099,0.0300092
320.586,1751.01,6063.85,0.0300092,-0.999099,0.0300092
305.608,1750.11,6048.87,0.0300092,-0.999099,0.0300092
659.161,1750.11,5695.32,-0.0898129,-0.991901,-0.0898129
305.608,1750.11,6048.87,-0.0898129,-0.991901,-0.0898129
644.291,1752.81,5680.45,-0.0898129,-0.991901,-0.0898129
644.291,1752.81,5680.45,-0.089813,-0.991901,-0.089813
305.608,1750.11,6048.87,-0.089813,-0.991901,-0.089813
290.738,1752.81,6034.0,-0.089813,-0.991901,-0.089813
644.291,1752.81,5680.45,-0.207057,-0.956167,-0.207057
290.738,1752.81,6034.0,-0.207057,-0.956167,-0.207057
629.956,1759.01,5666.11,-0.207057,-0.956167,-0.207057
629.956,1759.01,5666.11,-0.207057,-0.956167,-0.207057
290.738,1752.81,6034.0,-0.207057,-0.956167,-0.207057
276.403,1759.01,6019.67,-0.207057,-0.956167,-0.207057
629.956,1759.01,5666.11,-0.318341,-0.892927,-0.318341
276.403,1759.01,6019.67,-0.318341,-0.892927,-0.318341
616.57,1768.56,5652.73,-0.318341,-0.892927,-0.318341
616.57,1768.56,5652.73,-0.318336,-0.89293,-0.318336
276.403,1759.01,6019.67,-0.318336,-0.89293,-0.318336
263.016,1768.56,6006.28,-0.318336,-0.89293,-0.318336
616.57,1768.56,5652.73,-0.420474,-0.803992,-0.420475
263.016,1768.56,6006.28,-0.420474,-0.803992,-0.420475
604.516,1781.17,5640.67,-0.420474,-0.803992,-0.420475
604.516,1781.17,5640.67,-0.42048,-0.803986,-0.42048
263.016,1768.56,6006.28,-0.42048,-0.803986,-0.42048
250.963,1781.17,5994.23,-0.42048,-0.803986,-0.42048
604.516,1781.17,5640.67,-0.51049,-0.691954,-0.51049
250.963,1781.17,5994.23,-0.51049,-0.691954,-0.51049
594.143,1796.47,5630.3,-0.51049,-0.691954,-0.51049
594.143,1796.47,5630.3,-0.510495,-0.691947,-0.510494
250.963,1781.17,5994.23,-0.510495,-0.691947,-0.510494
240.59,1796.47,5983.85,-0.510495,-0.691947,-0.510494
594.143,1796.47,5630.3,-0.585853,-0.559959,-0.585852
240.59,1796.47,5983.85,-0.585853,-0.559959,-0.585852
585.748,1814.04,5621.91,-0.585853,-0.559959,-0.585852
585.748,1814.04,5621.91,-0.585848,-0.559969,-0.585848
240.59,1796.47,5983.85,-0.585848,-0.559969,-0.585848
232.195,1814.04,5975.46,-0.585848,-0.559969,-0.585848
585.748,1814.04,5621.91,-0.644339,-0.411891,-0.644339
232.195,1814.04,5975.46,-0.644339,-0.411891,-0.644339
579.573,1833.36,5615.73,-0.644339,-0.411891,-0.644339
579.573,1833.36,5615.73,-0.644339,-0.411892,-0.644339
232.195,1814.04,5975.46,-0.644339,-0.411892,-0.644339
226.02,1833.36,5969.28,-0.644339,-0.411892,-0.644339
579.573,1833.36,5615.73,-0.684286,-0.252,-0.684287
226.02,1833.36,5969.28,-0.684286,-0.252,-0.684287
575.796,1853.87,5611.95,-0.684286,-0.252,-0.684287
575.796,1853.87,5611.95,-0.684287,-0.251999,-0.684287
226.02,1833.36,5969.28,-0.684287,-0.251999,-0.684287
222.242,1853.87,5965.51,-0.684287,-0.251999,-0.684287
575.796,1853.87,5611.95,-0.704559,-0.0848043,-0.70456
222.242,1853.87,5965.51,-0.704559,-0.0848043,-0.70456
574.524,1875.0,5610.68,-0.704559,-0.0848043,-0.70456
574.524,1875.0,5610.68,-0.704559,-0.0848048,-0.70456
222.242,1853.87,5965.51,-0.704559,-0.0848048,-0.70456
220.971,1875.0,5964.23,-0.704559,-0.0848048,-0.70456
574.524,1875.0,5610.68,-0.704559,0.0848043,-0.70456
220.971,1875.0,5964.23,-0.704559,0.0848043,-0.70456
575.796,1896.13,5611.95,-0.704559,0.0848043,-0.70456
575.796,1896.13,5611.95,-0.704559,0.0848048,-0.70456
220.971,1875.0,5964.23,-0.704559,0.0848048,-0.70456
222.242,1896.13,5965.51,-0.704559,0.0848048,-0.70456
