115.33,2718.8,6173.2,0.0,1.0,0.0
43.16,2718.8,6298.2,0.0,1.0,0.0
259.67,2718.8,6173.2,0.0,1.0,0.0
259.67,2718.8,6173.2,0.0,1.0,0.0
43.16,2718.8,6298.2,0.0,1.0,0.0
115.33,2718.8,6423.2,0.0,1.0,0.0
259.67,2718.8,6173.2,0.0,1.0,0.0
115.33,2718.8,6423.2,0.0,1.0,0.0
331.84,2718.8,6298.2,0.0,1.0,0.0
331.84,2718.8,6298.2,0.0,1.0,0.0
115.33,2718.8,6423.2,0.0,1.0,0.0
259.67,2718.8,6423.2,0.0,1.0,0.0
259.67,2718.8,6423.2,-0.866022,0.0,-0.500005
259.67,2812.5,6423.2,-0.866022,0.0,-0.500005
331.84,2718.8,6298.2,-0.866022,0.0,-0.500005
331.84,2718.8,6298.2,-0.866022,0.0,-0.500005
259.67,2812.5,6423.2,-0.866022,0.0,-0.500005
331.84,2812.5,6298.2,-0.866022,0.0,-0.500005
115.33,2718.8,6423.2,0.0,0.0,-1.0
115.33,2812.5,6423.2,0.0,0.0,-1.0
259.67,2718.8,6423.2,0.0,0.0,-1.0
259.67,2718.8,6423.2,0.0,0.0,-1.0
115.33,2812.5,6423.2,0.0,0.0,-1.0
259.67,2812.5,6423.2,0.0,0.0,-1.0
43.16,2718.8,6298.2,0.866021,0.0,-0.500008
43.16,2812.5,6298.2,0.866021,0.0,-0.500008
115.33,2718.8,6423.2,0.866021,0.0,-0.500008
115.33,2718.8,6423.2,0.866021,0.0,-0.500008
43.16,2812.5,6298.2,0.866021,0.0,-0.500008
115.33,2812.5,6423.2,0.866021,0.0,-0.500008
115.33,2718.8,6173.2,0.866021,0.0,0.500008
115.33,2812.5,6173.2,0.866021,0.0,0.500008
43.16,2718.8,6298.2,0.866021,0.0,0.500008
43.16,2718.8,6298.2,0.866021,0.0,0.500008
115.33,2812.5,6173.2,0.866021,0.0,0.500008
43.16,2812.5,6298.2,0.866021,0.0,0.500008
259.67,2718.8,6173.2,0.0,0.0,1.0
259.67,2812.5,6173.2,0.0,0.0,1.0
115.33,2718.8,6173.2,0.0,0.0,1.0
115.33,2718.8,6173.2,0.0,0.0,1.0
259.67,2812.5,6173.2,0.0,0.0,1.0
115.33,2812.5,6173.2,0.0,0.0,1.0
331.84,2718.8,6298.2,-0.866022,0.0,0.500005
331.84,2812.5,6298.2,-0.866022,0.0,0.500005
259.67,2718.8,6173.2,-0.866022,0.0,0.500005
259.67,2718.8,6173.2,-0.866022,0.0,0.500005
331.84,2812.5,6298.2,-0.866022,0.0,0.500005
259.67,2812.5,6173.2,-0.866022,0.0,0.500005
115.33,2812.5,6423.2,0.0,1.0,0.0
100.365,2812.5,6464.22,0.0,1.0,0.0
128.125,2812.5,6476.05,0.0,1.0,0.0
87.2879,2812.5,6139.73,0.0,1.0,0.0
63.1647,2812.5,6157.85,0.0,1.0,0.0
115.33,2812.5,6173.2,0.0,1.0,0.0
115.33,2812.5,6173.2,0.0,1.0,0.0
63.1647,2812.5,6157.85,0.0,1.0,0.0
42.2616,2812.5,6179.62,0.0,1.0,0.0
259.67,2812.5,6173.2,0.0,1.0,0.0
287.713,2812.5,6139.73,0.0,1.0,0.0
260.994,2812.5,6125.7,0.0,1.0,0.0
0.152111,2812.5,6290.65,0.0,1.0,0.0
1.36709,2812.5,6320.8,0.0,1.0,0.0
43.16,2812.5,6298.2,0.0,1.0,0.0
43.16,2812.5,6298.2,0.0,1.0,0.0
1.36709,2812.5,6320.8,0.0,1.0,0.0
7.4029,2812.5,6350.37,0.0,1.0,0.0
0.152111,2812.5,6290.65,0.0,1.0,0.0
43.16,2812.5,6298.2,0.0,1.0,0.0
3.78942,2812.5,6260.69,0.0,1.0,0.0
3.78942,2812.5,6260.69,0.0,1.0,0.0
43.16,2812.5,6298.2,0.0,1.0,0.0
115.33,2812.5,6173.2,0.0,1.0,0.0
3.78942,2812.5,6260.69,0.0,1.0,0.0
115.33,2812.5,6173.2,0.0,1.0,0.0
12.1846,2812.5,6231.71,0.0,1.0,0.0
12.1846,2812.5,6231.71,0.0,1.0,0.0
115.33,2812.5,6173.2,0.0,1.0,0.0
42.2616,2812.5,6179.62,0.0,1.0,0.0
12.1846,2812.5,6231.71,0.0,1.0,0.0
42.2616,2812.5,6179.62,0.0,1.0,0.0
25.1203,2812.5,6204.45,0.0,1.0,0.0
87.2879,2812.5,6139.73,0.0,1.0,0.0
115.33,2812.5,6173.2,0.0,1.0,0.0
114.007,2812.5,6125.7,0.0,1.0,0.0
114.007,2812.5,6125.7,0.0,1.0,0.0
115.33,2812.5,6173.2,0.0,1.0,0.0
259.67,2812.5,6173.2,0.0,1.0,0.0
114.007,2812.5,6125.7,0.0,1.0,0.0
259.67,2812.5,6173.2,0.0,1.0,0.0
142.628,2812.5,6116.15,0.0,1.0,0.0
142.628,2812.5,6116.15,0.0,1.0,0.0
259.67,2812.5,6173.2,0.0,1.0,0.0
260.994,2812.5,6125.7,0.0,1.0,0.0
142.628,2812.5,6116.15,0.0,1.0,0.0
260.994,2812.5,6125.7,0.0,1.0,0.0
172.412,2812.5,6111.31,0.0,1.0,0.0
172.412,2812.5,6111.31,0.0,1.0,0.0
260.994,2812.5,6125.7,0.0,1.0,0.0
232.372,2812.5,6116.15,0.0,1.0,0.0
172.412,2812.5,6111.31,0.0,1.0,0.0
232.372,2812.5,6116.15,0.0,1.0,0.0
202.588,2812.5,6111.31,0.0,1.0,0.0
322.725,2812.5,6428.09,0.0,1.0,0.0
341.81,2812.5,6404.71,0.0,1.0,0.0
300.139,2812.5,6448.1,0.0,1.0,0.0
300.139,2812.5,6448.1,0.0,1.0,0.0
341.81,2812.5,6404.71,0.0,1.0,0.0
356.897,2812.5,6378.58,0.0,1.0,0.0
300.139,2812.5,6448.1,0.0,1.0,0.0
356.897,2812.5,6378.58,0.0,1.0,0.0
274.636,2812.5,6464.22,0.0,1.0,0.0
274.636,2812.5,6464.22,0.0,1.0,0.0
356.897,2812.5,6378.58,0.0,1.0,0.0
367.597,2812.5,6350.37,0.0,1.0,0.0
274.636,2812.5,6464.22,0.0,1.0,0.0
367.597,2812.5,6350.37,0.0,1.0,0.0
259.67,2812.5,6423.2,0.0,1.0,0.0
259.67,2812.5,6423.2,0.0,1.0,0.0
367.597,2812.5,6350.37,0.0,1.0,0.0
373.633,2812.5,6320.8,0.0,1.0,0.0
259.67,2812.5,6423.2,0.0,1.0,0.0
373.633,2812.5,6320.8,0.0,1.0,0.0
331.84,2812.5,6298.2,0.0,1.0,0.0
331.84,2812.5,6298.2,0.0,1.0,0.0
373.633,2812.5,6320.8,0.0,1.0,0.0
374.848,2812.5,6290.65,0.0,1.0,0.0
331.84,2812.5,6298.2,0.0,1.0,0.0
374.848,2812.5,6290.65,0.0,1.0,0.0
371.211,2812.5,6260.69,0.0,1.0,0.0
246.875,2812.5,6476.05,0.0,1.0,0.0
274.636,2812.5,6464.22,0.0,1.0,0.0
217.577,2812.5,6483.27,0.0,1.0,0.0
217.577,2812.5,6483.27,0.0,1.0,0.0
274.636,2812.5,6464.22,0.0,1.0,0.0
259.67,2812.5,6423.2,0.0,1.0,0.0
217.577,2812.5,6483.27,0.0,1.0,0.0
259.67,2812.5,6423.2,0.0,1.0,0.0
187.5,2812.5,6485.7,0.0,1.0,0.0
187.5,2812.5,6485.7,0.0,1.0,0.0
259.67,2812.5,6423.2,0.0,1.0,0.0
115.33,2812.5,6423.2,0.0,1.0,0.0
187.5,2812.5,6485.7,0.0,1.0,0.0
115.33,2812.5,6423.2,0.0,1.0,0.0
157.423,2812.5,6483.27,0.0,1.0,0.0
157.423,2812.5,6483.27,0.0,1.0,0.0
115.33,2812.5,6423.2,0.0,1.0,0.0
128.125,2812.5,6476.05,0.0,1.0,0.0
74.8611,2812.5,6448.1,0.0,1.0,0.0
100.365,2812.5,6464.22,0.0,1.0,0.0
52.2747,2812.5,6428.09,0.0,1.0,0.0
52.2747,2812.5,6428.09,0.0,1.0,0.0
100.365,2812.5,6464.22,0.0,1.0,0.0
115.33,2812.5,6423.2,0.0,1.0,0.0
52.2747,2812.5,6428.09,0.0,1.0,0.0
115.33,2812.5,6423.2,0.0,1.0,0.0
33.1907,2812.5,6404.71,0.0,1.0,0.0
33.1907,2812.5,6404.71,0.0,1.0,0.0
115.33,2812.5,6423.2,0.0,1.0,0.0
43.16,2812.5,6298.2,0.0,1.0,0.0
33.1907,2812.5,6404.71,0.0,1.0,0.0
43.16,2812.5,6298.2,0.0,1.0,0.0
18.1031,2812.5,6378.58,0.0,1.0,0.0
18.1031,2812.5,6378.58,0.0,1.0,0.0
43.16,2812.5,6298.2,0.0,1.0,0.0
7.4029,2812.5,6350.37,0.0,1.0,0.0
311.836,2812.5,6157.85,0.0,1.0,0.0
287.713,2812.5,6139.73,0.0,1.0,0.0
332.738,2812.5,6179.62,0.0,1.0,0.0
332.738,2812.5,6179.62,0.0,1.0,0.0
287.713,2812.5,6139.73,0.0,1.0,0.0
259.67,2812.5,6173.2,0.0,1.0,0.0
332.738,2812.5,6179.62,0.0,1.0,0.0
259.67,2812.5,6173.2,0.0,1.0,0.0
349.88,2812.5,6204.45,0.0,1.0,0.0
349.88,2812.5,6204.45,0.0,1.0,0.0
259.67,2812.5,6173.2,0.0,1.0,0.0
331.84,2812.5,6298.2,0.0,1.0,0.0
349.88,2812.5,6204.45,0.0,1.0,0.0
331.84,2812.5,6298.2,0.0,1.0,0.0
362.815,2812.5,6231.71,0.0,1.0,0.0
362.815,2812.5,6231.71,0.0,1.0,0.0
331.84,2812.5,6298.2,0.0,1.0,0.0
371.211,2812.5,6260.69,0.0,1.0,0.0
217.577,2812.5,6483.27,0.239325,0.0,0.97094
217.577,2625.0,6483.27,0.239325,0.0,0.97094
246.875,2812.5,6476.05,0.239325,0.0,0.97094
246.875,2812.5,6476.05,0.239325,0.0,0.97094
217.577,2625.0,6483.27,0.239325,0.0,0.97094
246.875,2625.0,6476.05,0.239325,0.0,0.97094
246.875,2812.5,6476.05,0.391953,0.0,0.919985
246.875,2625.0,6476.05,0.391953,0.0,0.919985
274.636,2812.5,6464.22,0.391953,0.0,0.919985
274.636,2812.5,6464.22,0.391953,0.0,0.919985
246.875,2625.0,6476.05,0.391953,0.0,0.919985
274.636,2625.0,6464.22,0.391953,0.0,0.919985
274.636,2812.5,6464.22,0.534476,0.0,0.845184
274.636,2625.0,6464.22,0.534476,0.0,0.845184
300.139,2812.5,6448.1,0.534476,0.0,0.845184
300.139,2812.5,6448.1,0.534476,0.0,0.845184
274.636,2625.0,6464.22,0.534476,0.0,0.845184
300.139,2625.0,6448.1,0.534476,0.0,0.845184
300.139,2812.5,6448.1,0.663122,0.0,0.748511
300.139,2625.0,6448.1,0.663122,0.0,0.748511
322.725,2812.5,6428.09,0.663122,0.0,0.748511
322.725,2812.5,6428.09,0.663122,0.0,0.748511
300.139,2625.0,6448.1,0.663122,0.0,0.748511
322.725,2625.0,6428.09,0.663122,0.0,0.748511
322.725,2812.5,6428.09,0.774596,0.0,0.632457
322.725,2625.0,6428.09,0.774596,0.0,0.632457
341.81,2812.5,6404.71,0.774596,0.0,0.632457
341.81,2812.5,6404.71,0.774596,0.0,0.632457
322.725,2625.0,6428.09,0.774596,0.0,0.632457
341.81,2625.0,6404.71,0.774596,0.0,0.632457
341.81,2812.5,6404.71,0.866031,0.0,0.499991
341.81,2625.0,6404.71,0.866031,0.0,0.499991
356.897,2812.5,6378.58,0.866031,0.0,0.499991
356.897,2812.5,6378.58,0.866031,0.0,0.499991
341.81,2625.0,6404.71,0.866031,0.0,0.499991
356.897,2625.0,6378.58,0.866031,0.0,0.499991
356.897,2812.5,6378.58,0.935017,0.0,0.354603
356.897,2625.0,6378.58,0.935017,0.0,0.354603
367.597,2812.5,6350.37,0.935017,0.0,0.354603
367.597,2812.5,6350.37,0.935017,0.0,0.354603
356.897,2625.0,6378.58,0.935017,0.0,0.354603
367.597,2625.0,6350.37,0.935017,0.0,0.354603
367.597,2812.5,6350.37,0.97979,0.0,0.200028
367.597,2625.0,6350.37,0.97979,0.0,0.200028
373.633,2812.5,6320.8,0.97979,0.0,0.200028
373.633,2812.5,6320.8,0.97979,0.0,0.200028
367.597,2625.0,6350.37,0.97979,0.0,0.200028
373.633,2625.0,6320.8,0.97979,0.0,0.200028
373.633,2812.5,6320.8,0.999189,0.0,0.0402652
373.633,2625.0,6320.8,0.999189,0.0,0.0402652
374.848,2812.5,6290.65,0.999189,0.0,0.0402652
374.848,2812.5,6290.65,0.999189,0.0,0.0402652
373.633,2625.0,6320.8,0.999189,0.0,0.0402652
374.848,2625.0,6290.65,0.999189,0.0,0.0402652
374.848,2812.5,6290.65,0.992709,0.0,-0.120539
374.848,2625.0,6290.65,0.992709,0.0,-0.120539
371.211,2812.5,6260.69,0.992709,0.0,-0.120539
371.211,2812.5,6260.69,0.992709,0.0,-0.120539
374.848,2625.0,6290.65,0.992709,0.0,-0.120539
371.211,2625.0,6260.69,0.992709,0.0,-0.120539
371.211,2812.5,6260.69,0.960518,0.0,-0.278219
371.211,2625.0,6260.69,0.960518,0.0,-0.278219
362.815,2812.5,6231.71,0.960518,0.0,-0.278219
362.815,2812.5,6231.71,0.960518,0.0,-0.278219
371.211,2625.0,6260.69,0.960518,0.0,-0.278219
362.815,2625.0,6231.71,0.960518,0.0,-0.278219
362.815,2812.5,6231.71,0.90345,0.0,-0.428693
362.815,2625.0,6231.71,0.90345,0.0,-0.428693
349.88,2812.5,6204.45,0.90345,0.0,-0.428693
349.88,2812.5,6204.45,0.90345,0.0,-0.428693
362.815,2625.0,6231.71,0.90345,0.0,-0.428693
349.88,2625.0,6204.45,0.90345,0.0,-0.428693
349.88,2812.5,6204.45,0.822989,0.0,-0.568057
349.88,2625.0,6204.45,0.822989,0.0,-0.568057
332.738,2812.5,6179.62,0.822989,0.0,-0.568057
332.738,2812.5,6179.62,0.822989,0.0,-0.568057
349.88,2625.0,6204.45,0.822989,0.0,-0.568057
332.738,2625.0,6179.62,0.822989,0.0,-0.568057
332.738,2812.5,6179.62,0.721206,0.0,-0.69272
332.738,2625.0,6179.62,0.721206,0.0,-0.69272
311.836,2812.5,6157.85,0.721206,0.0,-0.69272
311.836,2812.5,6157.85,0.721206,0.0,-0.69272
332.738,2625.0,6179.62,0.721206,0.0,-0.69272
311.836,2625.0,6157.85,0.721206,0.0,-0.69272
311.836,2812.5,6157.85,0.600743,0.0,-0.799442
311.836,2625.0,6157.85,0.600743,0.0,-0.799442
287.713,2812.5,6139.73,0.600743,0.0,-0.799442
287.713,2812.5,6139.73,0.600743,0.0,-0.799442
311.836,2625.0,6157.85,0.600743,0.0,-0.799442
287.713,2625.0,6139.73,0.600743,0.0,-0.799442
287.713,2812.5,6139.73,0.464721,0.0,-0.885457
287.713,2625.0,6139.73,0.464721,0.0,-0.885457
260.994,2812.5,6125.7,0.464721,0.0,-0.885457
260.994,2812.5,6125.7,0.464721,0.0,-0.885457
287.713,2625.0,6139.73,0.464721,0.0,-0.885457
260.994,2625.0,6125.7,0.464721,0.0,-0.885457
260.994,2812.5,6125.7,0.316659,0.0,-0.948539
260.994,2625.0,6125.7,0.316659,0.0,-0.948539
232.372,2812.5,6116.15,0.316659,0.0,-0.948539
232.372,2812.5,6116.15,0.316659,0.0,-0.948539
260.994,2625.0,6125.7,0.316659,0.0,-0.948539
232.372,2625.0,6116.15,0.316659,0.0,-0.948539
232.372,2812.5,6116.15,0.160409,0.0,-0.987051
232.372,2625.0,6116.15,0.160409,0.0,-0.987051
202.588,2812.5,6111.31,0.160409,0.0,-0.987051
202.588,2812.5,6111.31,0.160409,0.0,-0.987051
232.372,2625.0,6116.15,0.160409,0.0,-0.987051
202.588,2625.0,6111.31,0.160409,0.0,-0.987051
202.588,2812.5,6111.31,0.0,0.0,-1.0
202.588,2625.0,6111.31,0.0,0.0,-1.0
172.412,2812.5,6111.31,0.0,0.0,-1.0
172.412,2812.5,6111.31,0.0,0.0,-1.0
202.588,2625.0,6111.31,0.0,0.0,-1.0
172.412,2625.0,6111.31,0.0,0.0,-1.0
172.412,2812.5,6111.31,-0.160409,0.0,-0.987051
172.412,2625.0,6111.31,-0.160409,0.0,-0.987051
142.628,2812.5,6116.15,-0.160409,0.0,-0.987051
142.628,2812.5,6116.15,-0.160409,0.0,-0.987051
172.412,2625.0,6111.31,-0.160409,0.0,-0.987051
142.628,2625.0,6116.15,-0.160409,0.0,-0.987051
142.628,2812.5,6116.15,-0.316664,0.0,-0.948538
142.628,2625.0,6116.15,-0.316664,0.0,-0.948538
114.007,2812.5,6125.7,-0.316664,0.0,-0.948538
114.007,2812.5,6125.7,-0.316664,0.0,-0.948538
142.628,2625.0,6116.15,-0.316664,0.0,-0.948538
114.007,2625.0,6125.7,-0.316664,0.0,-0.948538
114.007,2812.5,6125.7,-0.464722,0.0,-0.885457
114.007,2625.0,6125.7,-0.464722,0.0,-0.885457
87.2879,2812.5,6139.73,-0.464722,0.0,-0.885457
87.2879,2812.5,6139.73,-0.464722,0.0,-0.885457
114.007,2625.0,6125.7,-0.464722,0.0,-0.885457
87.2879,2625.0,6139.73,-0.464722,0.0,-0.885457
87.2879,2812.5,6139.73,-0.600743,0.0,-0.799442
87.2879,2625.0,6139.73,-0.600743,0.0,-0.799442
63.1647,2812.5,6157.85,-0.600743,0.0,-0.799442
63.1647,2812.5,6157.85,-0.600743,0.0,-0.799442
87.2879,2625.0,6139.73,-0.600743,0.0,-0.799442
63.1647,2625.0,6157.85,-0.600743,0.0,-0.799442
63.1647,2812.5,6157.85,-0.721199,0.0,-0.692728
63.1647,2625.0,6157.85,-0.721199,0.0,-0.692728
42.2616,2812.5,6179.62,-0.721199,0.0,-0.692728
42.2616,2812.5,6179.62,-0.721199,0.0,-0.692728
63.1647,2625.0,6157.85,-0.721199,0.0,-0.692728
42.2616,2625.0,6179.62,-0.721199,0.0,-0.692728
42.2616,2812.5,6179.62,-0.822989,0.0,-0.568058
42.2616,2625.0,6179.62,-0.822989,0.0,-0.568058
25.1203,2812.5,6204.45,-0.822989,0.0,-0.568058
25.1203,2812.5,6204.45,-0.822989,0.0,-0.568058
42.2616,2625.0,6179.62,-0.822989,0.0,-0.568058
25.1203,2625.0,6204.45,-0.822989,0.0,-0.568058
25.1203,2812.5,6204.45,-0.90345,0.0,-0.428693
25.1203,2625.0,6204.45,-0.90345,0.0,-0.428693
12.1846,2812.5,6231.71,-0.90345,0.0,-0.428693
12.1846,2812.5,6231.71,-0.90345,0.0,-0.428693
25.1203,2625.0,6204.45,-0.90345,0.0,-0.428693
12.1846,2625.0,6231.71,-0.90345,0.0,-0.428693
12.1846,2812.5,6231.71,-0.960518,0.0,-0.278219
12.1846,2625.0,6231.71,-0.960518,0.0,-0.278219
3.78942,2812.5,6260.69,-0.960518,0.0,-0.278219
3.78942,2812.5,6260.69,-0.960518,0.0,-0.278219
12.1846,2625.0,6231.71,-0.960518,0.0,-0.278219
3.78942,2625.0,6260.69,-0.960518,0.0,-0.278219
3.78942,2812.5,6260.69,-0.992709,0.0,-0.120538
3.78942,2625.0,6260.69,-0.992709,0.0,-0.120538
0.152111,2812.5,6290.65,-0.992709,0.0,-0.120538
0.152111,2812.5,6290.65,-0.992709,0.0,-0.120538
3.78942,2625.0,6260.69,-0.992709,0.0,-0.120538
0.152111,2625.0,6290.65,-0.992709,0.0,-0.120538
0.152111,2812.5,6290.65,-0.999189,0.0,0.0402647
0.152111,2625.0,6290.65,-0.999189,0.0,0.0402647
1.36709,2812.5,6320.8,-0.999189,0.0,0.0402647
1.36709,2812.5,6320.8,-0.999189,0.0,0.0402647
0.152111,2625.0,6290.65,-0.999189,0.0,0.0402647
1.36709,2625.0,6320.8,-0.999189,0.0,0.0402647
1.36709,2812.5,6320.8,-0.97979,0.0,0.200028
1.36709,2625.0,6320.8,-0.97979,0.0,0.200028
7.4029,2812.5,6350.37,-0.97979,0.0,0.200028
7.4029,2812.5,6350.37,-0.97979,0.0,0.200028
1.36709,2625.0,6320.8,-0.97979,0.0,0.200028
7.4029,2625.0,6350.37,-0.97979,0.0,0.200028
7.4029,2812.5,6350.37,-0.935017,0.0,0.354603
7.4029,2625.0,6350.37,-0.935017,0.0,0.354603
18.1031,2812.5,6378.58,-0.935017,0.0,0.354603
18.1031,2812.5,6378.58,-0.935017,0.0,0.354603
7.4029,2625.0,6350.37,-0.935017,0.0,0.354603
18.1031,2625.0,6378.58,-0.935017,0.0,0.354603
18.1031,2812.5,6378.58,-0.866024,0.0,0.500002
18.1031,2625.0,6378.58,-0.866024,0.0,0.500002
33.1907,2812.5,6404.71,-0.866024,0.0,0.500002
33.1907,2812.5,6404.71,-0.866024,0.0,0.500002
18.1031,2625.0,6378.58,-0.866024,0.0,0.500002
33.1907,2625.0,6404.71,-0.866024,0.0,0.500002
33.1907,2812.5,6404.71,-0.774604,0.0,0.632447
33.1907,2625.0,6404.71,-0.774604,0.0,0.632447
52.2747,2812.5,6428.09,-0.774604,0.0,0.632447
52.2747,2812.5,6428.09,-0.774604,0.0,0.632447
33.1907,2625.0,6404.71,-0.774604,0.0,0.632447
52.2747,2625.0,6428.09,-0.774604,0.0,0.632447
52.2747,2812.5,6428.09,-0.663114,0.0,0.748519
52.2747,2625.0,6428.09,-0.663114,0.0,0.748519
74.8611,2812.5,6448.1,-0.663114,0.0,0.748519
74.8611,2812.5,6448.1,-0.663114,0.0,0.748519
52.2747,2625.0,6428.09,-0.663114,0.0,0.748519
74.8611,2625.0,6448.1,-0.663114,0.0,0.748519
74.8611,2812.5,6448.1,-0.534476,0.0,0.845184
74.8611,2625.0,6448.1,-0.534476,0.0,0.845184
100.365,2812.5,6464.22,-0.534476,0.0,0.845184
100.365,2812.5,6464.22,-0.534476,0.0,0.845184
74.8611,2625.0,6448.1,-0.534476,0.0,0.845184
100.365,2625.0,6464.22,-0.534476,0.0,0.845184
100.365,2812.5,6464.22,-0.391958,0.0,0.919983
100.365,2625.0,6464.22,-0.391958,0.0,0.919983
128.125,2812.5,6476.05,-0.391958,0.0,0.919983
128.125,2812.5,6476.05,-0.391958,0.0,0.919983
100.365,2625.0,6464.22,-0.391958,0.0,0.919983
128.125,2625.0,6476.05,-0.391958,0.0,0.919983
128.125,2812.5,6476.05,-0.239325,0.0,0.97094
128.125,2625.0,6476.05,-0.239325,0.0,0.97094
157.423,2812.5,6483.27,-0.239325,0.0,0.97094
157.423,2812.5,6483.27,-0.239325,0.0,0.97094
128.125,2625.0,6476.05,-0.239325,0.0,0.97094
157.423,2625.0,6483.27,-0.239325,0.0,0.97094
157.423,2812.5,6483.27,-0.0804718,0.0,0.996757
157.423,2625.0,6483.27,-0.0804718,0.0,0.996757
187.5,2812.5,6485.7,-0.0804718,0.0,0.996757
187.5,2812.5,6485.7,-0.0804718,0.0,0.996757
157.423,2625.0,6483.27,-0.0804718,0.0,0.996757
187.5,2625.0,6485.7,-0.0804718,0.0,0.996757
187.5,2812.5,6485.7,0.0804718,0.0,0.996757
187.5,2625.0,6485.7,0.0804718,0.0,0.996757
217.577,2812.5,6483.27,0.0804718,0.0,0.996757
217.577,2812.5,6483.27,0.0804718,0.0,0.996757
187.5,2625.0,6485.7,0.0804718,0.0,0.996757
217.577,2625.0,6483.27,0.0804718,0.0,0.996757
281.731,2625.0,6286.13,0.0,-1.0,0.0
374.848,2625.0,6290.65,0.0,-1.0,0.0
282.414,2625.0,6302.23,0.0,-1.0,0.0
282.414,2625.0,6302.23,0.0,-1.0,0.0
374.848,2625.0,6290.65,0.0,-1.0,0.0
373.633,2625.0,6320.8,0.0,-1.0,0.0
282.414,2625.0,6302.23,0.0,-1.0,0.0
373.633,2625.0,6320.8,0.0,-1.0,0.0
280.368,2625.0,6318.21,0.0,-1.0,0.0
280.368,2625.0,6318.21,0.0,-1.0,0.0
373.633,2625.0,6320.8,0.0,-1.0,0.0
367.597,2625.0,6350.37,0.0,-1.0,0.0
280.368,2625.0,6318.21,0.0,-1.0,0.0
367.597,2625.0,6350.37,0.0,-1.0,0.0
275.65,2625.0,6333.62,0.0,-1.0,0.0
275.65,2625.0,6333.62,0.0,-1.0,0.0
367.597,2625.0,6350.37,0.0,-1.0,0.0
356.897,2625.0,6378.58,0.0,-1.0,0.0
275.65,2625.0,6333.62,0.0,-1.0,0.0
356.897,2625.0,6378.58,0.0,-1.0,0.0
268.395,2625.0,6348.01,0.0,-1.0,0.0
268.395,2625.0,6348.01,0.0,-1.0,0.0
356.897,2625.0,6378.58,0.0,-1.0,0.0
341.81,2625.0,6404.71,0.0,-1.0,0.0
268.395,2625.0,6348.01,0.0,-1.0,0.0
341.81,2625.0,6404.71,0.0,-1.0,0.0
258.814,2625.0,6360.96,0.0,-1.0,0.0
258.814,2625.0,6360.96,0.0,-1.0,0.0
341.81,2625.0,6404.71,0.0,-1.0,0.0
322.725,2625.0,6428.09,0.0,-1.0,0.0
258.814,2625.0,6360.96,0.0,-1.0,0.0
322.725,2625.0,6428.09,0.0,-1.0,0.0
247.181,2625.0,6372.11,0.0,-1.0,0.0
247.181,2625.0,6372.11,0.0,-1.0,0.0
322.725,2625.0,6428.09,0.0,-1.0,0.0
300.139,2625.0,6448.1,0.0,-1.0,0.0
247.181,2625.0,6372.11,0.0,-1.0,0.0
300.139,2625.0,6448.1,0.0,-1.0,0.0
233.831,2625.0,6381.14,0.0,-1.0,0.0
233.831,2625.0,6381.14,0.0,-1.0,0.0
300.139,2625.0,6448.1,0.0,-1.0,0.0
274.636,2625.0,6464.22,0.0,-1.0,0.0
233.831,2625.0,6381.14,0.0,-1.0,0.0
274.636,2625.0,6464.22,0.0,-1.0,0.0
219.148,2625.0,6387.77,0.0,-1.0,0.0
219.148,2625.0,6387.77,0.0,-1.0,0.0
274.636,2625.0,6464.22,0.0,-1.0,0.0
246.875,2625.0,6476.05,0.0,-1.0,0.0
219.148,2625.0,6387.77,0.0,-1.0,0.0
246.875,2625.0,6476.05,0.0,-1.0,0.0
203.555,2625.0,6391.83,0.0,-1.0,0.0
203.555,2625.0,6391.83,0.0,-1.0,0.0
246.875,2625.0,6476.05,0.0,-1.0,0.0
217.577,2625.0,6483.27,0.0,-1.0,0.0
203.555,2625.0,6391.83,0.0,-1.0,0.0
217.577,2625.0,6483.27,0.0,-1.0,0.0
187.5,2625.0,6393.2,0.0,-1.0,0.0
187.5,2625.0,6393.2,0.0,-1.0,0.0
217.577,2625.0,6483.27,0.0,-1.0,0.0
187.5,2625.0,6485.7,0.0,-1.0,0.0
187.5,2625.0,6393.2,0.0,-1.0,0.0
187.5,2625.0,6485.7,0.0,-1.0,0.0
171.445,2625.0,6391.83,0.0,-1.0,0.0
171.445,2625.0,6391.83,0.0,-1.0,0.0
187.5,2625.0,6485.7,0.0,-1.0,0.0
157.423,2625.0,6483.27,0.0,-1.0,0.0
171.445,2625.0,6391.83,0.0,-1.0,0.0
157.423,2625.0,6483.27,0.0,-1.0,0.0
155.852,2625.0,6387.77,0.0,-1.0,0.0
155.852,2625.0,6387.77,0.0,-1.0,0.0
157.423,2625.0,6483.27,0.0,-1.0,0.0
128.125,2625.0,6476.05,0.0,-1.0,0.0
155.852,2625.0,6387.77,0.0,-1.0,0.0
128.125,2625.0,6476.05,0.0,-1.0,0.0
141.169,2625.0,6381.14,0.0,-1.0,0.0
141.169,2625.0,6381.14,0.0,-1.0,0.0
128.125,2625.0,6476.05,0.0,-1.0,0.0
100.365,2625.0,6464.22,0.0,-1.0,0.0
141.169,2625.0,6381.14,0.0,-1.0,0.0
100.365,2625.0,6464.22,0.0,-1.0,0.0
127.819,2625.0,6372.11,0.0,-1.0,0.0
127.819,2625.0,6372.11,0.0,-1.0,0.0
100.365,2625.0,6464.22,0.0,-1.0,0.0
74.8611,2625.0,6448.1,0.0,-1.0,0.0
127.819,2625.0,6372.11,0.0,-1.0,0.0
74.8611,2625.0,6448.1,0.0,-1.0,0.0
116.186,2625.0,6360.96,0.0,-1.0,0.0
116.186,2625.0,6360.96,0.0,-1.0,0.0
74.8611,2625.0,6448.1,0.0,-1.0,0.0
52.2747,2625.0,6428.09,0.0,-1.0,0.0
116.186,2625.0,6360.96,0.0,-1.0,0.0
52.2747,2625.0,6428.09,0.0,-1.0,0.0
106.605,2625.0,6348.01,0.0,-1.0,0.0
106.605,2625.0,6348.01,0.0,-1.0,0.0
52.2747,2625.0,6428.09,0.0,-1.0,0.0
33.1907,2625.0,6404.71,0.0,-1.0,0.0
106.605,2625.0,6348.01,0.0,-1.0,0.0
33.1907,2625.0,6404.71,0.0,-1.0,0.0
99.3504,2625.0,6333.62,0.0,-1.0,0.0
99.3504,2625.0,6333.62,0.0,-1.0,0.0
33.1907,2625.0,6404.71,0.0,-1.0,0.0
18.1031,2625.0,6378.58,0.0,-1.0,0.0
99.3504,2625.0,6333.62,0.0,-1.0,0.0
18.1031,2625.0,6378.58,0.0,-1.0,0.0
94.6321,2625.0,6318.21,0.0,-1.0,0.0
94.6321,2625.0,6318.21,0.0,-1.0,0.0
18.1031,2625.0,6378.58,0.0,-1.0,0.0
7.4029,2625.0,6350.37,0.0,-1.0,0.0
94.6321,2625.0,6318.21,0.0,-1.0,0.0
7.4029,2625.0,6350.37,0.0,-1.0,0.0
92.5856,2625.0,6302.23,0.0,-1.0,0.0
7.4029,2625.0,6350.37,0.0,-1.0,0.0
1.36709,2625.0,6320.8,0.0,-1.0,0.0
92.5856,2625.0,6302.23,0.0,-1.0,0.0
92.5856,2625.0,6302.23,0.0,-1.0,0.0
1.36709,2625.0,6320.8,0.0,-1.0,0.0
0.152111,2625.0,6290.65,0.0,-1.0,0.0
92.5856,2625.0,6302.23,0.0,-1.0,0.0
0.152111,2625.0,6290.65,0.0,-1.0,0.0
93.2693,2625.0,6286.13,0.0,-1.0,0.0
93.2693,2625.0,6286.13,0.0,-1.0,0.0
0.152111,2625.0,6290.65,0.0,-1.0,0.0
3.78942,2625.0,6260.69,0.0,-1.0,0.0
93.2693,2625.0,6286.13,0.0,-1.0,0.0
3.78942,2625.0,6260.69,0.0,-1.0,0.0
96.6644,2625.0,6270.38,0.0,-1.0,0.0
96.6644,2625.0,6270.38,0.0,-1.0,0.0
3.78942,2625.0,6260.69,0.0,-1.0,0.0
12.1846,2625.0,6231.71,0.0,-1.0,0.0
96.6644,2625.0,6270.38,0.0,-1.0,0.0
12.1846,2625.0,6231.71,0.0,-1.0,0.0
102.672,2625.0,6255.43,0.0,-1.0,0.0
102.672,2625.0,6255.43,0.0,-1.0,0.0
12.1846,2625.0,6231.71,0.0,-1.0,0.0
25.1203,2625.0,6204.45,0.0,-1.0,0.0
102.672,2625.0,6255.43,0.0,-1.0,0.0
25.1203,2625.0,6204.45,0.0,-1.0,0.0
111.12,2625.0,6241.71,0.0,-1.0,0.0
111.12,2625.0,6241.71,0.0,-1.0,0.0
25.1203,2625.0,6204.45,0.0,-1.0,0.0
42.2616,2625.0,6179.62,0.0,-1.0,0.0
111.12,2625.0,6241.71,0.0,-1.0,0.0
42.2616,2625.0,6179.62,0.0,-1.0,0.0
121.766,2625.0,6229.61,0.0,-1.0,0.0
121.766,2625.0,6229.61,0.0,-1.0,0.0
42.2616,2625.0,6179.62,0.0,-1.0,0.0
63.1647,2625.0,6157.85,0.0,-1.0,0.0
121.766,2625.0,6229.61,0.0,-1.0,0.0
63.1647,2625.0,6157.85,0.0,-1.0,0.0
134.303,2625.0,6219.49,0.0,-1.0,0.0
134.303,2625.0,6219.49,0.0,-1.0,0.0
63.1647,2625.0,6157.85,0.0,-1.0,0.0
87.2879,2625.0,6139.73,0.0,-1.0,0.0
134.303,2625.0,6219.49,0.0,-1.0,0.0
87.2879,2625.0,6139.73,0.0,-1.0,0.0
148.369,2625.0,6211.63,0.0,-1.0,0.0
148.369,2625.0,6211.63,0.0,-1.0,0.0
87.2879,2625.0,6139.73,0.0,-1.0,0.0
114.007,2625.0,6125.7,0.0,-1.0,0.0
148.369,2625.0,6211.63,0.0,-1.0,0.0
114.007,2625.0,6125.7,0.0,-1.0,0.0
163.562,2625.0,6206.27,0.0,-1.0,0.0
163.562,2625.0,6206.27,0.0,-1.0,0.0
114.007,2625.0,6125.7,0.0,-1.0,0.0
142.628,2625.0,6116.15,0.0,-1.0,0.0
163.562,2625.0,6206.27,0.0,-1.0,0.0
142.628,2625.0,6116.15,0.0,-1.0,0.0
179.443,2625.0,6203.54,0.0,-1.0,0.0
179.443,2625.0,6203.54,0.0,-1.0,0.0
142.628,2625.0,6116.15,0.0,-1.0,0.0
172.412,2625.0,6111.31,0.0,-1.0,0.0
179.443,2625.0,6203.54,0.0,-1.0,0.0
172.412,2625.0,6111.31,0.0,-1.0,0.0
195.557,2625.0,6203.54,0.0,-1.0,0.0
195.557,2625.0,6203.54,0.0,-1.0,0.0
172.412,2625.0,6111.31,0.0,-1.0,0.0
202.588,2625.0,6111.31,0.0,-1.0,0.0
195.557,2625.0,6203.54,0.0,-1.0,0.0
202.588,2625.0,6111.31,0.0,-1.0,0.0
211.438,2625.0,6206.27,0.0,-1.0,0.0
211.438,2625.0,6206.27,0.0,-1.0,0.0
202.588,2625.0,6111.31,0.0,-1.0,0.0
232.372,2625.0,6116.15,0.0,-1.0,0.0
211.438,2625.0,6206.27,0.0,-1.0,0.0
232.372,2625.0,6116.15,0.0,-1.0,0.0
226.631,2625.0,6211.63,0.0,-1.0,0.0
226.631,2625.0,6211.63,0.0,-1.0,0.0
232.372,2625.0,6116.15,0.0,-1.0,0.0
260.994,2625.0,6125.7,0.0,-1.0,0.0
226.631,2625.0,6211.63,0.0,-1.0,0.0
260.994,2625.0,6125.7,0.0,-1.0,0.0
240.698,2625.0,6219.49,0.0,-1.0,0.0
240.698,2625.0,6219.49,0.0,-1.0,0.0
260.994,2625.0,6125.7,0.0,-1.0,0.0
287.713,2625.0,6139.73,0.0,-1.0,0.0
240.698,2625.0,6219.49,0.0,-1.0,0.0
287.713,2625.0,6139.73,0.0,-1.0,0.0
253.234,2625.0,6229.61,0.0,-1.0,0.0
253.234,2625.0,6229.61,0.0,-1.0,0.0
287.713,2625.0,6139.73,0.0,-1.0,0.0
311.836,2625.0,6157.85,0.0,-1.0,0.0
253.234,2625.0,6229.61,0.0,-1.0,0.0
311.836,2625.0,6157.85,0.0,-1.0,0.0
263.88,2625.0,6241.71,0.0,-1.0,0.0
263.88,2625.0,6241.71,0.0,-1.0,0.0
311.836,2625.0,6157.85,0.0,-1.0,0.0
332.738,2625.0,6179.62,0.0,-1.0,0.0
263.88,2625.0,6241.71,0.0,-1.0,0.0
332.738,2625.0,6179.62,0.0,-1.0,0.0
272.328,2625.0,6255.43,0.0,-1.0,0.0
272.328,2625.0,6255.43,0.0,-1.0,0.0
332.738,2625.0,6179.62,0.0,-1.0,0.0
349.88,2625.0,6204.45,0.0,-1.0,0.0
272.328,2625.0,6255.43,0.0,-1.0,0.0
349.88,2625.0,6204.45,0.0,-1.0,0.0
278.336,2625.0,6270.38,0.0,-1.0,0.0
278.336,2625.0,6270.38,0.0,-1.0,0.0
349.88,2625.0,6204.45,0.0,-1.0,0.0
362.815,2625.0,6231.71,0.0,-1.0,0.0
278.336,2625.0,6270.38,0.0,-1.0,0.0
362.815,2625.0,6231.71,0.0,-1.0,0.0
281.731,2625.0,6286.13,0.0,-1.0,0.0
281.731,2625.0,6286.13,0.0,-1.0,0.0
362.815,2625.0,6231.71,0.0,-1.0,0.0
371.211,2625.0,6260.69,0.0,-1.0,0.0
281.731,2625.0,6286.13,0.0,-1.0,0.0
371.211,2625.0,6260.69,0.0,-1.0,0.0
374.848,2625.0,6290.65,0.0,-1.0,0.0
111.12,1625.0,6241.71,0.0,-1.0,0.0
121.766,1625.0,6229.61,0.0,-1.0,0.0
134.303,1625.0,6219.49,0.0,-1.0,0.0
226.631,1625.0,6211.63,0.0,-1.0,0.0
240.698,1625.0,6219.49,0.0,-1.0,0.0
187.5,1625.0,6393.2,0.0,-1.0,0.0
187.5,1625.0,6393.2,0.0,-1.0,0.0
240.698,1625.0,6219.49,0.0,-1.0,0.0
253.234,1625.0,6229.61,0.0,-1.0,0.0
187.5,1625.0,6393.2,0.0,-1.0,0.0
253.234,1625.0,6229.61,0.0,-1.0,0.0
263.88,1625.0,6241.71,0.0,-1.0,0.0
275.65,1625.0,6333.62,0.0,-1.0,0.0
268.395,1625.0,6348.01,0.0,-1.0,0.0
258.814,1625.0,6360.96,0.0,-1.0,0.0
211.438,1625.0,6206.27,0.0,-1.0,0.0
226.631,1625.0,6211.63,0.0,-1.0,0.0
195.557,1625.0,6203.54,0.0,-1.0,0.0
195.557,1625.0,6203.54,0.0,-1.0,0.0
226.631,1625.0,6211.63,0.0,-1.0,0.0
187.5,1625.0,6393.2,0.0,-1.0,0.0
195.557,1625.0,6203.54,0.0,-1.0,0.0
187.5,1625.0,6393.2,0.0,-1.0,0.0
179.443,1625.0,6203.54,0.0,-1.0,0.0
179.443,1625.0,6203.54,0.0,-1.0,0.0
187.5,1625.0,6393.2,0.0,-1.0,0.0
148.369,1625.0,6211.63,0.0,-1.0,0.0
179.443,1625.0,6203.54,0.0,-1.0,0.0
148.369,1625.0,6211.63,0.0,-1.0,0.0
163.562,1625.0,6206.27,0.0,-1.0,0.0
171.445,1625.0,6391.83,0.0,-1.0,0.0
111.12,1625.0,6241.71,0.0,-1.0,0.0
187.5,1625.0,6393.2,0.0,-1.0,0.0
187.5,1625.0,6393.2,0.0,-1.0,0.0
111.12,1625.0,6241.71,0.0,-1.0,0.0
134.303,1625.0,6219.49,0.0,-1.0,0.0
187.5,1625.0,6393.2,0.0,-1.0,0.0
134.303,1625.0,6219.49,0.0,-1.0,0.0
148.369,1625.0,6211.63,0.0,-1.0,0.0
92.5856,1625.0,6302.23,0.0,-1.0,0.0
93.2693,1625.0,6286.13,0.0,-1.0,0.0
96.6644,1625.0,6270.38,0.0,-1.0,0.0
203.555,1625.0,6391.83,0.0,-1.0,0.0
187.5,1625.0,6393.2,0.0,-1.0,0.0
219.148,1625.0,6387.77,0.0,-1.0,0.0
219.148,1625.0,6387.77,0.0,-1.0,0.0
187.5,1625.0,6393.2,0.0,-1.0,0.0
263.88,1625.0,6241.71,0.0,-1.0,0.0
219.148,1625.0,6387.77,0.0,-1.0,0.0
263.88,1625.0,6241.71,0.0,-1.0,0.0
233.831,1625.0,6381.14,0.0,-1.0,0.0
233.831,1625.0,6381.14,0.0,-1.0,0.0
263.88,1625.0,6241.71,0.0,-1.0,0.0
258.814,1625.0,6360.96,0.0,-1.0,0.0
233.831,1625.0,6381.14,0.0,-1.0,0.0
258.814,1625.0,6360.96,0.0,-1.0,0.0
247.181,1625.0,6372.11,0.0,-1.0,0.0
102.672,1625.0,6255.43,0.0,-1.0,0.0
111.12,1625.0,6241.71,0.0,-1.0,0.0
96.6644,1625.0,6270.38,0.0,-1.0,0.0
96.6644,1625.0,6270.38,0.0,-1.0,0.0
111.12,1625.0,6241.71,0.0,-1.0,0.0
116.186,1625.0,6360.96,0.0,-1.0,0.0
278.336,1625.0,6270.38,0.0,-1.0,0.0
281.731,1625.0,6286.13,0.0,-1.0,0.0
282.414,1625.0,6302.23,0.0,-1.0,0.0
127.819,1625.0,6372.11,0.0,-1.0,0.0
116.186,1625.0,6360.96,0.0,-1.0,0.0
141.169,1625.0,6381.14,0.0,-1.0,0.0
141.169,1625.0,6381.14,0.0,-1.0,0.0
116.186,1625.0,6360.96,0.0,-1.0,0.0
111.12,1625.0,6241.71,0.0,-1.0,0.0
141.169,1625.0,6381.14,0.0,-1.0,0.0
111.12,1625.0,6241.71,0.0,-1.0,0.0
155.852,1625.0,6387.77,0.0,-1.0,0.0
155.852,1625.0,6387.77,0.0,-1.0,0.0
111.12,1625.0,6241.71,0.0,-1.0,0.0
171.445,1625.0,6391.83,0.0,-1.0,0.0
94.6321,1625.0,6318.21,0.0,-1.0,0.0
92.5856,1625.0,6302.23,0.0,-1.0,0.0
99.3504,1625.0,6333.62,0.0,-1.0,0.0
99.3504,1625.0,6333.62,0.0,-1.0,0.0
92.5856,1625.0,6302.23,0.0,-1.0,0.0
96.6644,1625.0,6270.38,0.0,-1.0,0.0
99.3504,1625.0,6333.62,0.0,-1.0,0.0
96.6644,1625.0,6270.38,0.0,-1.0,0.0
106.605,1625.0,6348.01,0.0,-1.0,0.0
106.605,1625.0,6348.01,0.0,-1.0,0.0
96.6644,1625.0,6270.38,0.0,-1.0,0.0
116.186,1625.0,6360.96,0.0,-1.0,0.0
263.88,1625.0,6241.71,0.0,-1.0,0.0
272.328,1625.0,6255.43,0.0,-1.0,0.0
258.814,1625.0,6360.96,0.0,-1.0,0.0
258.814,1625.0,6360.96,0.0,-1.0,0.0
272.328,1625.0,6255.43,0.0,-1.0,0.0
278.336,1625.0,6270.38,0.0,-1.0,0.0
258.814,1625.0,6360.96,0.0,-1.0,0.0
278.336,1625.0,6270.38,0.0,-1.0,0.0
275.65,1625.0,6333.62,0.0,-1.0,0.0
275.65,1625.0,6333.62,0.0,-1.0,0.0
278.336,1625.0,6270.38,0.0,-1.0,0.0
282.414,1625.0,6302.23,0.0,-1.0,0.0
275.65,1625.0,6333.62,0.0,-1.0,0.0
282.414,1625.0,6302.23,0.0,-1.0,0.0
280.368,1625.0,6318.21,0.0,-1.0,0.0
203.555,2625.0,6391.83,0.251975,0.0,0.967734
203.555,1625.0,6391.83,0.251975,0.0,0.967734
219.148,2625.0,6387.77,0.251975,0.0,0.967734
219.148,2625.0,6387.77,0.251975,0.0,0.967734
203.555,1625.0,6391.83,0.251975,0.0,0.967734
219.148,1625.0,6387.77,0.251975,0.0,0.967734
219.148,2625.0,6387.77,0.41191,0.0,0.911224
219.148,1625.0,6387.77,0.41191,0.0,0.911224
233.831,2625.0,6381.14,0.41191,0.0,0.911224
233.831,2625.0,6381.14,0.41191,0.0,0.911224
219.148,1625.0,6387.77,0.41191,0.0,0.911224
233.831,1625.0,6381.14,0.41191,0.0,0.911224
233.831,2625.0,6381.14,0.559971,0.0,0.828512
233.831,1625.0,6381.14,0.559971,0.0,0.828512
247.181,2625.0,6372.11,0.559971,0.0,0.828512
247.181,2625.0,6372.11,0.559971,0.0,0.828512
233.831,1625.0,6381.14,0.559971,0.0,0.828512
247.181,1625.0,6372.11,0.559971,0.0,0.828512
247.181,2625.0,6372.11,0.691929,0.0,0.721966
247.181,1625.0,6372.11,0.691929,0.0,0.721966
258.814,2625.0,6360.96,0.691929,0.0,0.721966
258.814,2625.0,6360.96,0.691929,0.0,0.721966
247.181,1625.0,6372.11,0.691929,0.0,0.721966
258.814,1625.0,6360.96,0.691929,0.0,0.721966
258.814,2625.0,6360.96,0.803996,0.0,0.594635
258.814,1625.0,6360.96,0.803996,0.0,0.594635
268.395,2625.0,6348.01,0.803996,0.0,0.594635
268.395,2625.0,6348.01,0.803996,0.0,0.594635
258.814,1625.0,6360.96,0.803996,0.0,0.594635
268.395,1625.0,6348.01,0.803996,0.0,0.594635
268.395,2625.0,6348.01,0.892926,0.0,0.450204
268.395,1625.0,6348.01,0.892926,0.0,0.450204
275.65,2625.0,6333.62,0.892926,0.0,0.450204
275.65,2625.0,6333.62,0.892926,0.0,0.450204
268.395,1625.0,6348.01,0.892926,0.0,0.450204
275.65,1625.0,6333.62,0.892926,0.0,0.450204
275.65,2625.0,6333.62,0.956168,0.0,0.292818
275.65,1625.0,6333.62,0.956168,0.0,0.292818
280.368,2625.0,6318.21,0.956168,0.0,0.292818
280.368,2625.0,6318.21,0.956168,0.0,0.292818
275.65,1625.0,6333.62,0.956168,0.0,0.292818
280.368,1625.0,6318.21,0.956168,0.0,0.292818
280.368,2625.0,6318.21,0.991901,0.0,0.127014
280.368,1625.0,6318.21,0.991901,0.0,0.127014
282.414,2625.0,6302.23,0.991901,0.0,0.127014
282.414,2625.0,6302.23,0.991901,0.0,0.127014
280.368,1625.0,6318.21,0.991901,0.0,0.127014
282.414,1625.0,6302.23,0.991901,0.0,0.127014
282.414,2625.0,6302.23,0.999099,0.0,-0.042436
282.414,1625.0,6302.23,0.999099,0.0,-0.042436
281.731,2625.0,6286.13,0.999099,0.0,-0.042436
281.731,2625.0,6286.13,0.999099,0.0,-0.042436
282.414,1625.0,6302.23,0.999099,0.0,-0.042436
281.731,1625.0,6286.13,0.999099,0.0,-0.042436
281.731,2625.0,6286.13,0.977557,0.0,-0.210673
281.731,1625.0,6286.13,0.977557,0.0,-0.210673
278.336,2625.0,6270.38,0.977557,0.0,-0.210673
278.336,2625.0,6270.38,0.977557,0.0,-0.210673
281.731,1625.0,6286.13,0.977557,0.0,-0.210673
278.336,1625.0,6270.38,0.977557,0.0,-0.210673
278.336,2625.0,6270.38,0.927883,0.0,-0.372871
278.336,1625.0,6270.38,0.927883,0.0,-0.372871
272.328,2625.0,6255.43,0.927883,0.0,-0.372871
272.328,2625.0,6255.43,0.927883,0.0,-0.372871
278.336,1625.0,6270.38,0.927883,0.0,-0.372871
272.328,1625.0,6255.43,0.927883,0.0,-0.372871
272.328,2625.0,6255.43,0.851538,0.0,-0.524293
272.328,1625.0,6255.43,0.851538,0.0,-0.524293
263.88,2625.0,6241.71,0.851538,0.0,-0.524293
263.88,2625.0,6241.71,0.851538,0.0,-0.524293
272.328,1625.0,6255.43,0.851538,0.0,-0.524293
263.88,1625.0,6241.71,0.851538,0.0,-0.524293
263.88,2625.0,6241.71,0.750665,0.0,-0.660683
263.88,1625.0,6241.71,0.750665,0.0,-0.660683
253.234,2625.0,6229.61,0.750665,0.0,-0.660683
253.234,2625.0,6229.61,0.750665,0.0,-0.660683
263.88,1625.0,6241.71,0.750665,0.0,-0.660683
253.234,1625.0,6229.61,0.750665,0.0,-0.660683
253.234,2625.0,6229.61,0.628221,0.0,-0.778035
253.234,1625.0,6229.61,0.628221,0.0,-0.778035
240.698,2625.0,6219.49,0.628221,0.0,-0.778035
240.698,2625.0,6219.49,0.628221,0.0,-0.778035
253.234,1625.0,6229.61,0.628221,0.0,-0.778035
240.698,1625.0,6219.49,0.628221,0.0,-0.778035
240.698,2625.0,6219.49,0.487695,0.0,-0.873014
240.698,1625.0,6219.49,0.487695,0.0,-0.873014
226.631,2625.0,6211.63,0.487695,0.0,-0.873014
226.631,2625.0,6211.63,0.487695,0.0,-0.873014
240.698,1625.0,6219.49,0.487695,0.0,-0.873014
226.631,1625.0,6211.63,0.487695,0.0,-0.873014
226.631,2625.0,6211.63,0.33313,0.0,-0.942881
226.631,1625.0,6211.63,0.33313,0.0,-0.942881
211.438,2625.0,6206.27,0.33313,0.0,-0.942881
211.438,2625.0,6206.27,0.33313,0.0,-0.942881
226.631,1625.0,6211.63,0.33313,0.0,-0.942881
211.438,1625.0,6206.27,0.33313,0.0,-0.942881
211.438,2625.0,6206.27,0.169029,0.0,-0.985611
211.438,1625.0,6206.27,0.169029,0.0,-0.985611
195.557,2625.0,6203.54,0.169029,0.0,-0.985611
195.557,2625.0,6203.54,0.169029,0.0,-0.985611
211.438,1625.0,6206.27,0.169029,0.0,-0.985611
195.557,1625.0,6203.54,0.169029,0.0,-0.985611
195.557,2625.0,6203.54,0.0,0.0,-1.0
195.557,1625.0,6203.54,0.0,0.0,-1.0
179.443,2625.0,6203.54,0.0,0.0,-1.0
179.443,2625.0,6203.54,0.0,0.0,-1.0
195.557,1625.0,6203.54,0.0,0.0,-1.0
179.443,1625.0,6203.54,0.0,0.0,-1.0
179.443,2625.0,6203.54,-0.169034,0.0,-0.98561
179.443,1625.0,6203.54,-0.169034,0.0,-0.98561
163.562,2625.0,6206.27,-0.169034,0.0,-0.98561
163.562,2625.0,6206.27,-0.169034,0.0,-0.98561
179.443,1625.0,6203.54,-0.169034,0.0,-0.98561
163.562,1625.0,6206.27,-0.169034,0.0,-0.98561
163.562,2625.0,6206.27,-0.33312,0.0,-0.942884
163.562,1625.0,6206.27,-0.33312,0.0,-0.942884
148.369,2625.0,6211.63,-0.33312,0.0,-0.942884
148.369,2625.0,6211.63,-0.33312,0.0,-0.942884
163.562,1625.0,6206.27,-0.33312,0.0,-0.942884
148.369,1625.0,6211.63,-0.33312,0.0,-0.942884
148.369,2625.0,6211.63,-0.487708,0.0,-0.873007
148.369,1625.0,6211.63,-0.487708,0.0,-0.873007
134.303,2625.0,6219.49,-0.487708,0.0,-0.873007
134.303,2625.0,6219.49,-0.487708,0.0,-0.873007
148.369,1625.0,6211.63,-0.487708,0.0,-0.873007
134.303,1625.0,6219.49,-0.487708,0.0,-0.873007
134.303,2625.0,6219.49,-0.628221,0.0,-0.778035
134.303,1625.0,6219.49,-0.628221,0.0,-0.778035
121.766,2625.0,6229.61,-0.628221,0.0,-0.778035
121.766,2625.0,6229.61,-0.628221,0.0,-0.778035
134.303,1625.0,6219.49,-0.628221,0.0,-0.778035
121.766,1625.0,6229.61,-0.628221,0.0,-0.778035
121.766,2625.0,6229.61,-0.75065,0.0,-0.660701
121.766,1625.0,6229.61,-0.75065,0.0,-0.660701
111.12,2625.0,6241.71,-0.75065,0.0,-0.660701
111.12,2625.0,6241.71,-0.75065,0.0,-0.660701
121.766,1625.0,6229.61,-0.75065,0.0,-0.660701
111.12,1625.0,6241.71,-0.75065,0.0,-0.660701
111.12,2625.0,6241.71,-0.851539,0.0,-0.524291
111.12,1625.0,6241.71,-0.851539,0.0,-0.524291
102.672,2625.0,6255.43,-0.851539,0.0,-0.524291
102.672,2625.0,6255.43,-0.851539,0.0,-0.524291
111.12,1625.0,6241.71,-0.851539,0.0,-0.524291
102.672,1625.0,6255.43,-0.851539,0.0,-0.524291
102.672,2625.0,6255.43,-0.927893,0.0,-0.372846
102.672,1625.0,6255.43,-0.927893,0.0,-0.372846
96.6644,2625.0,6270.38,-0.927893,0.0,-0.372846
96.6644,2625.0,6270.38,-0.927893,0.0,-0.372846
102.672,1625.0,6255.43,-0.927893,0.0,-0.372846
96.6644,1625.0,6270.38,-0.927893,0.0,-0.372846
96.6644,2625.0,6270.38,-0.97755,0.0,-0.210702
96.6644,1625.0,6270.38,-0.97755,0.0,-0.210702
93.2693,2625.0,6286.13,-0.97755,0.0,-0.210702
93.2693,2625.0,6286.13,-0.97755,0.0,-0.210702
96.6644,1625.0,6270.38,-0.97755,0.0,-0.210702
93.2693,1625.0,6286.13,-0.97755,0.0,-0.210702
93.2693,2625.0,6286.13,-0.999099,0.0,-0.0424364
93.2693,1625.0,6286.13,-0.999099,0.0,-0.0424364
92.5856,2625.0,6302.23,-0.999099,0.0,-0.0424364
92.5856,2625.0,6302.23,-0.999099,0.0,-0.0424364
93.2693,1625.0,6286.13,-0.999099,0.0,-0.0424364
92.5856,1625.0,6302.23,-0.999099,0.0,-0.0424364
92.5856,2625.0,6302.23,-0.991901,0.0,0.127015
92.5856,1625.0,6302.23,-0.991901,0.0,0.127015
94.6321,2625.0,6318.21,-0.991901,0.0,0.127015
94.6321,2625.0,6318.21,-0.991901,0.0,0.127015
92.5856,1625.0,6302.23,-0.991901,0.0,0.127015
94.6321,1625.0,6318.21,-0.991901,0.0,0.127015
94.6321,2625.0,6318.21,-0.956169,0.0,0.292817
94.6321,1625.0,6318.21,-0.956169,0.0,0.292817
99.3504,2625.0,6333.62,-0.956169,0.0,0.292817
99.3504,2625.0,6333.62,-0.956169,0.0,0.292817
94.6321,1625.0,6318.21,-0.956169,0.0,0.292817
99.3504,1625.0,6333.62,-0.956169,0.0,0.292817
99.3504,2625.0,6333.62,-0.892926,0.0,0.450204
99.3504,1625.0,6333.62,-0.892926,0.0,0.450204
106.605,2625.0,6348.01,-0.892926,0.0,0.450204
106.605,2625.0,6348.01,-0.892926,0.0,0.450204
99.3504,1625.0,6333.62,-0.892926,0.0,0.450204
106.605,1625.0,6348.01,-0.892926,0.0,0.450204
106.605,2625.0,6348.01,-0.803996,0.0,0.594635
106.605,1625.0,6348.01,-0.803996,0.0,0.594635
116.186,2625.0,6360.96,-0.803996,0.0,0.594635
116.186,2625.0,6360.96,-0.803996,0.0,0.594635
106.605,1625.0,6348.01,-0.803996,0.0,0.594635
116.186,1625.0,6360.96,-0.803996,0.0,0.594635
116.186,2625.0,6360.96,-0.691928,0.0,0.721966
116.186,1625.0,6360.96,-0.691928,0.0,0.721966
127.819,2625.0,6372.11,-0.691928,0.0,0.721966
127.819,2625.0,6372.11,-0.691928,0.0,0.721966
116.186,1625.0,6360.96,-0.691928,0.0,0.721966
127.819,1625.0,6372.11,-0.691928,0.0,0.721966
127.819,2625.0,6372.11,-0.559971,0.0,0.828512
127.819,1625.0,6372.11,-0.559971,0.0,0.828512
141.169,2625.0,6381.14,-0.559971,0.0,0.828512
141.169,2625.0,6381.14,-0.559971,0.0,0.828512
127.819,1625.0,6372.11,-0.559971,0.0,0.828512
141.169,1625.0,6381.14,-0.559971,0.0,0.828512
141.169,2625.0,6381.14,-0.41191,0.0,0.911224
141.169,1625.0,6381.14,-0.41191,0.0,0.911224
155.852,2625.0,6387.77,-0.41191,0.0,0.911224
155.852,2625.0,6387.77,-0.41191,0.0,0.911224
141.169,1625.0,6381.14,-0.41191,0.0,0.911224
155.852,1625.0,6387.77,-0.41191,0.0,0.911224
155.852,2625.0,6387.77,-0.251975,0.0,0.967734
155.852,1625.0,6387.77,-0.251975,0.0,0.967734
171.445,2625.0,6391.83,-0.251975,0.0,0.967734
171.445,2625.0,6391.83,-0.251975,0.0,0.967734
155.852,1625.0,6387.77,-0.251975,0.0,0.967734
171.445,1625.0,6391.83,-0.251975,0.0,0.967734
171.445,2625.0,6391.83,-0.0847886,0.0,0.996399
171.445,1625.0,6391.83,-0.0847886,0.0,0.996399
187.5,2625.0,6393.2,-0.0847886,0.0,0.996399
187.5,2625.0,6393.2,-0.0847886,0.0,0.996399
171.445,1625.0,6391.83,-0.0847886,0.0,0.996399
187.5,1625.0,6393.2,-0.0847886,0.0,0.996399
187.5,2625.0,6393.2,0.0847886,0.0,0.996399
187.5,1625.0,6393.2,0.0847886,0.0,0.996399
203.555,2625.0,6391.83,0.0847886,0.0,0.996399
203.555,2625.0,6391.83,0.0847886,0.0,0.996399
187.5,1625.0,6393.2,0.0847886,0.0,0.996399
203.555,1625.0,6391.83,0.0847886,0.0,0.996399
