137.25,75.25,188.8,0.0,0.0,1.0
137.25,76.75,188.8,0.0,0.0,1.0
134.75,75.25,188.8,0.0,0.0,1.0
134.75,75.25,188.8,0.0,0.0,1.0
137.25,76.75,188.8,0.0,0.0,1.0
134.75,76.75,188.8,0.0,0.0,1.0
130.75,76.75,188.8,0.0,0.0,1.0
130.75,75.25,188.8,0.0,0.0,1.0
133.25,76.75,188.8,0.0,0.0,1.0
133.25,76.75,188.8,0.0,0.0,1.0
130.75,75.25,188.8,0.0,0.0,1.0
133.25,75.25,188.8,0.0,0.0,1.0
133.25,72.75,188.8,0.0,0.0,1.0
134.75,72.75,188.8,0.0,0.0,1.0
133.25,75.25,188.8,0.0,0.0,1.0
133.25,75.25,188.8,0.0,0.0,1.0
134.75,72.75,188.8,0.0,0.0,1.0
134.75,75.25,188.8,0.0,0.0,1.0
133.25,75.25,188.8,0.0,0.0,1.0
134.75,75.25,188.8,0.0,0.0,1.0
133.25,76.75,188.8,0.0,0.0,1.0
133.25,76.75,188.8,0.0,0.0,1.0
134.75,75.25,188.8,0.0,0.0,1.0
134.75,76.75,188.8,0.0,0.0,1.0
133.25,76.75,188.8,0.0,0.0,1.0
134.75,76.75,188.8,0.0,0.0,1.0
133.25,79.25,188.8,0.0,0.0,1.0
133.25,79.25,188.8,0.0,0.0,1.0
134.75,76.75,188.8,0.0,0.0,1.0
134.75,79.25,188.8,0.0,0.0,1.0
133.25,76.75,188.8,0.0,-1.0,0.0
133.25,76.75,190.0,0.0,-1.0,0.0
130.75,76.75,188.8,0.0,-1.0,0.0
130.75,76.75,188.8,0.0,-1.0,0.0
133.25,76.75,190.0,0.0,-1.0,0.0
130.75,76.75,190.0,0.0,-1.0,0.0
133.25,79.25,188.8,1.0,0.0,0.0
133.25,79.25,190.0,1.0,0.0,0.0
133.25,76.75,188.8,1.0,0.0,0.0
133.25,76.75,188.8,1.0,0.0,0.0
133.25,79.25,190.0,1.0,0.0,0.0
133.25,76.75,190.0,1.0,0.0,0.0
134.75,79.25,188.8,0.0,-1.0,0.0
134.75,79.25,190.0,0.0,-1.0,0.0
133.25,79.25,188.8,0.0,-1.0,0.0
133.25,79.25,188.8,0.0,-1.0,0.0
134.75,79.25,190.0,0.0,-1.0,0.0
133.25,79.25,190.0,0.0,-1.0,0.0
134.75,76.75,188.8,-1.0,0.0,0.0
134.75,76.75,190.0,-1.0,0.0,0.0
134.75,79.25,188.8,-1.0,0.0,0.0
134.75,79.25,188.8,-1.0,0.0,0.0
134.75,76.75,190.0,-1.0,0.0,0.0
134.75,79.25,190.0,-1.0,0.0,0.0
137.25,76.75,188.8,0.0,-1.0,0.0
137.25,76.75,190.0,0.0,-1.0,0.0
134.75,76.75,188.8,0.0,-1.0,0.0
134.75,76.75,188.8,0.0,-1.0,0.0
137.25,76.75,190.0,0.0,-1.0,0.0
134.75,76.75,190.0,0.0,-1.0,0.0
137.25,75.25,188.8,-1.0,0.0,0.0
137.25,75.25,190.0,-1.0,0.0,0.0
137.25,76.75,188.8,-1.0,0.0,0.0
137.25,76.75,188.8,-1.0,0.0,0.0
137.25,75.25,190.0,-1.0,0.0,0.0
137.25,76.75,190.0,-1.0,0.0,0.0
134.75,75.25,188.8,0.0,1.0,0.0
134.75,75.25,190.0,0.0,1.0,0.0
137.25,75.25,188.8,0.0,1.0,0.0
137.25,75.25,188.8,0.0,1.0,0.0
134.75,75.25,190.0,0.0,1.0,0.0
137.25,75.25,190.0,0.0,1.0,0.0
134.75,72.75,188.8,-1.0,0.0,0.0
134.75,72.75,190.0,-1.0,0.0,0.0
134.75,75.25,188.8,-1.0,0.0,0.0
134.75,75.25,188.8,-1.0,0.0,0.0
134.75,72.75,190.0,-1.0,0.0,0.0
134.75,75.25,190.0,-1.0,0.0,0.0
133.25,72.75,188.8,0.0,1.0,0.0
133.25,72.75,190.0,0.0,1.0,0.0
134.75,72.75,188.8,0.0,1.0,0.0
134.75,72.75,188.8,0.0,1.0,0.0
133.25,72.75,190.0,0.0,1.0,0.0
134.75,72.75,190.0,0.0,1.0,0.0
133.25,75.25,188.8,1.0,0.0,0.0
133.25,75.25,190.0,1.0,0.0,0.0
133.25,72.75,188.8,1.0,0.0,0.0
133.25,72.75,188.8,1.0,0.0,0.0
133.25,75.25,190.0,1.0,0.0,0.0
133.25,72.75,190.0,1.0,0.0,0.0
130.75,75.25,188.8,0.0,1.0,0.0
130.75,75.25,190.0,0.0,1.0,0.0
133.25,75.25,188.8,0.0,1.0,0.0
133.25,75.25,188.8,0.0,1.0,0.0
130.75,75.25,190.0,0.0,1.0,0.0
133.25,75.25,190.0,0.0,1.0,0.0
130.75,76.75,188.8,1.0,0.0,0.0
130.75,76.75,190.0,1.0,0.0,0.0
130.75,75.25,188.8,1.0,0.0,0.0
130.75,75.25,188.8,1.0,0.0,0.0
130.75,76.75,190.0,1.0,0.0,0.0
130.75,75.25,190.0,1.0,0.0,0.0
138.468,76.5322,190.0,0.0,0.0,1.0
138.374,77.057,190.0,0.0,0.0,1.0
138.218,77.5669,190.0,0.0,0.0,1.0
129.571,76.796,190.0,0.0,0.0,1.0
129.508,76.2666,190.0,0.0,0.0,1.0
130.75,76.75,190.0,0.0,0.0,1.0
130.771,79.1345,190.0,0.0,0.0,1.0
130.423,78.7306,190.0,0.0,0.0,1.0
130.125,78.2884,190.0,0.0,0.0,1.0
133.25,75.25,190.0,0.0,0.0,1.0
130.75,75.25,190.0,0.0,0.0,1.0
129.882,74.1859,190.0,0.0,0.0,1.0
130.75,76.75,190.0,0.0,0.0,1.0
129.508,76.2666,190.0,0.0,0.0,1.0
130.75,75.25,190.0,0.0,0.0,1.0
129.696,74.6857,190.0,0.0,0.0,1.0
129.882,74.1859,190.0,0.0,0.0,1.0
129.571,75.204,190.0,0.0,0.0,1.0
129.571,75.204,190.0,0.0,0.0,1.0
129.882,74.1859,190.0,0.0,0.0,1.0
130.75,75.25,190.0,0.0,0.0,1.0
129.571,75.204,190.0,0.0,0.0,1.0
130.75,75.25,190.0,0.0,0.0,1.0
129.508,75.7334,190.0,0.0,0.0,1.0
129.508,75.7334,190.0,0.0,0.0,1.0
130.75,75.25,190.0,0.0,0.0,1.0
129.508,76.2666,190.0,0.0,0.0,1.0
138.468,76.5322,190.0,0.0,0.0,1.0
137.25,76.75,190.0,0.0,0.0,1.0
138.5,76.0,190.0,0.0,0.0,1.0
138.5,76.0,190.0,0.0,0.0,1.0
137.25,76.75,190.0,0.0,0.0,1.0
137.25,75.25,190.0,0.0,0.0,1.0
138.5,76.0,190.0,0.0,0.0,1.0
137.25,75.25,190.0,0.0,0.0,1.0
138.468,75.4678,190.0,0.0,0.0,1.0
138.468,75.4678,190.0,0.0,0.0,1.0
137.25,75.25,190.0,0.0,0.0,1.0
138.374,74.943,190.0,0.0,0.0,1.0
134.75,72.75,190.0,0.0,0.0,1.0
135.691,71.8299,190.0,0.0,0.0,1.0
134.75,75.25,190.0,0.0,0.0,1.0
134.75,75.25,190.0,0.0,0.0,1.0
135.691,71.8299,190.0,0.0,0.0,1.0
136.173,72.0592,190.0,0.0,0.0,1.0
136.623,72.3438,190.0,0.0,0.0,1.0
137.037,72.6797,190.0,0.0,0.0,1.0
136.173,72.0592,190.0,0.0,0.0,1.0
136.173,72.0592,190.0,0.0,0.0,1.0
137.037,72.6797,190.0,0.0,0.0,1.0
137.409,73.0623,190.0,0.0,0.0,1.0
136.173,72.0592,190.0,0.0,0.0,1.0
137.409,73.0623,190.0,0.0,0.0,1.0
134.75,75.25,190.0,0.0,0.0,1.0
137.409,73.0623,190.0,0.0,0.0,1.0
137.732,73.4861,190.0,0.0,0.0,1.0
134.75,75.25,190.0,0.0,0.0,1.0
134.75,75.25,190.0,0.0,0.0,1.0
137.732,73.4861,190.0,0.0,0.0,1.0
138.003,73.9452,190.0,0.0,0.0,1.0
134.75,75.25,190.0,0.0,0.0,1.0
138.003,73.9452,190.0,0.0,0.0,1.0
137.25,75.25,190.0,0.0,0.0,1.0
137.25,75.25,190.0,0.0,0.0,1.0
138.003,73.9452,190.0,0.0,0.0,1.0
138.218,74.4331,190.0,0.0,0.0,1.0
137.25,75.25,190.0,0.0,0.0,1.0
138.218,74.4331,190.0,0.0,0.0,1.0
138.374,74.943,190.0,0.0,0.0,1.0
129.696,77.3143,190.0,0.0,0.0,1.0
129.571,76.796,190.0,0.0,0.0,1.0
129.882,77.8141,190.0,0.0,0.0,1.0
129.882,77.8141,190.0,0.0,0.0,1.0
129.571,76.796,190.0,0.0,0.0,1.0
130.75,76.75,190.0,0.0,0.0,1.0
129.882,77.8141,190.0,0.0,0.0,1.0
130.75,76.75,190.0,0.0,0.0,1.0
130.125,78.2884,190.0,0.0,0.0,1.0
130.125,78.2884,190.0,0.0,0.0,1.0
130.75,76.75,190.0,0.0,0.0,1.0
133.25,76.75,190.0,0.0,0.0,1.0
130.125,78.2884,190.0,0.0,0.0,1.0
133.25,76.75,190.0,0.0,0.0,1.0
130.771,79.1345,190.0,0.0,0.0,1.0
135.186,80.3409,190.0,0.0,0.0,1.0
134.664,80.4507,190.0,0.0,0.0,1.0
134.75,79.25,190.0,0.0,0.0,1.0
137.037,79.3203,190.0,0.0,0.0,1.0
136.623,79.6562,190.0,0.0,0.0,1.0
136.173,79.9408,190.0,0.0,0.0,1.0
133.25,72.75,190.0,0.0,0.0,1.0
132.559,71.737,190.0,0.0,0.0,1.0
133.073,71.5965,190.0,0.0,0.0,1.0
129.882,74.1859,190.0,0.0,0.0,1.0
130.125,73.7116,190.0,0.0,0.0,1.0
133.25,75.25,190.0,0.0,0.0,1.0
133.25,75.25,190.0,0.0,0.0,1.0
130.125,73.7116,190.0,0.0,0.0,1.0
130.423,73.2694,190.0,0.0,0.0,1.0
133.25,75.25,190.0,0.0,0.0,1.0
130.423,73.2694,190.0,0.0,0.0,1.0
130.771,72.8655,190.0,0.0,0.0,1.0
131.165,79.4944,190.0,0.0,0.0,1.0
130.771,79.1345,190.0,0.0,0.0,1.0
131.598,79.8052,190.0,0.0,0.0,1.0
131.598,79.8052,190.0,0.0,0.0,1.0
130.771,79.1345,190.0,0.0,0.0,1.0
133.25,76.75,190.0,0.0,0.0,1.0
131.598,79.8052,190.0,0.0,0.0,1.0
133.25,76.75,190.0,0.0,0.0,1.0
132.065,80.0626,190.0,0.0,0.0,1.0
132.065,80.0626,190.0,0.0,0.0,1.0
133.25,76.75,190.0,0.0,0.0,1.0
133.25,79.25,190.0,0.0,0.0,1.0
132.065,80.0626,190.0,0.0,0.0,1.0
133.25,79.25,190.0,0.0,0.0,1.0
132.559,80.263,190.0,0.0,0.0,1.0
132.559,80.263,190.0,0.0,0.0,1.0
133.25,79.25,190.0,0.0,0.0,1.0
134.75,79.25,190.0,0.0,0.0,1.0
132.559,80.263,190.0,0.0,0.0,1.0
134.75,79.25,190.0,0.0,0.0,1.0
133.073,80.4035,190.0,0.0,0.0,1.0
133.073,80.4035,190.0,0.0,0.0,1.0
134.75,79.25,190.0,0.0,0.0,1.0
134.664,80.4507,190.0,0.0,0.0,1.0
133.073,80.4035,190.0,0.0,0.0,1.0
134.664,80.4507,190.0,0.0,0.0,1.0
133.6,80.4822,190.0,0.0,0.0,1.0
133.6,80.4822,190.0,0.0,0.0,1.0
134.664,80.4507,190.0,0.0,0.0,1.0
134.133,80.498,190.0,0.0,0.0,1.0
138.468,76.5322,190.0,0.0,0.0,1.0
138.218,77.5669,190.0,0.0,0.0,1.0
137.25,76.75,190.0,0.0,0.0,1.0
137.25,76.75,190.0,0.0,0.0,1.0
138.218,77.5669,190.0,0.0,0.0,1.0
138.003,78.0548,190.0,0.0,0.0,1.0
137.25,76.75,190.0,0.0,0.0,1.0
138.003,78.0548,190.0,0.0,0.0,1.0
134.75,76.75,190.0,0.0,0.0,1.0
134.75,76.75,190.0,0.0,0.0,1.0
138.003,78.0548,190.0,0.0,0.0,1.0
137.732,78.5139,190.0,0.0,0.0,1.0
134.75,76.75,190.0,0.0,0.0,1.0
137.732,78.5139,190.0,0.0,0.0,1.0
137.409,78.9377,190.0,0.0,0.0,1.0
135.186,71.6591,190.0,0.0,0.0,1.0
135.691,71.8299,190.0,0.0,0.0,1.0
134.664,71.5493,190.0,0.0,0.0,1.0
134.664,71.5493,190.0,0.0,0.0,1.0
135.691,71.8299,190.0,0.0,0.0,1.0
134.75,72.75,190.0,0.0,0.0,1.0
134.664,71.5493,190.0,0.0,0.0,1.0
134.75,72.75,190.0,0.0,0.0,1.0
134.133,71.502,190.0,0.0,0.0,1.0
134.133,71.502,190.0,0.0,0.0,1.0
134.75,72.75,190.0,0.0,0.0,1.0
133.25,72.75,190.0,0.0,0.0,1.0
134.133,71.502,190.0,0.0,0.0,1.0
133.25,72.75,190.0,0.0,0.0,1.0
133.6,71.5178,190.0,0.0,0.0,1.0
133.6,71.5178,190.0,0.0,0.0,1.0
133.25,72.75,190.0,0.0,0.0,1.0
133.073,71.5965,190.0,0.0,0.0,1.0
130.771,72.8655,190.0,0.0,0.0,1.0
131.165,72.5056,190.0,0.0,0.0,1.0
133.25,75.25,190.0,0.0,0.0,1.0
133.25,75.25,190.0,0.0,0.0,1.0
131.165,72.5056,190.0,0.0,0.0,1.0
131.598,72.1948,190.0,0.0,0.0,1.0
133.25,75.25,190.0,0.0,0.0,1.0
131.598,72.1948,190.0,0.0,0.0,1.0
133.25,72.75,190.0,0.0,0.0,1.0
133.25,72.75,190.0,0.0,0.0,1.0
131.598,72.1948,190.0,0.0,0.0,1.0
132.065,71.9374,190.0,0.0,0.0,1.0
133.25,72.75,190.0,0.0,0.0,1.0
132.065,71.9374,190.0,0.0,0.0,1.0
132.559,71.737,190.0,0.0,0.0,1.0
137.409,78.9377,190.0,0.0,0.0,1.0
137.037,79.3203,190.0,0.0,0.0,1.0
134.75,76.75,190.0,0.0,0.0,1.0
134.75,76.75,190.0,0.0,0.0,1.0
137.037,79.3203,190.0,0.0,0.0,1.0
136.173,79.9408,190.0,0.0,0.0,1.0
134.75,76.75,190.0,0.0,0.0,1.0
136.173,79.9408,190.0,0.0,0.0,1.0
134.75,79.25,190.0,0.0,0.0,1.0
134.75,79.25,190.0,0.0,0.0,1.0
136.173,79.9408,190.0,0.0,0.0,1.0
135.691,80.1701,190.0,0.0,0.0,1.0
134.75,79.25,190.0,0.0,0.0,1.0
135.691,80.1701,190.0,0.0,0.0,1.0
135.186,80.3409,190.0,0.0,0.0,1.0
138.468,76.5322,190.0,0.98423,0.176893,0.0
138.468,76.5322,187.3,0.98423,0.176893,0.0
138.374,77.057,190.0,0.98423,0.176893,0.0
138.374,77.057,190.0,0.98423,0.176893,0.0
138.468,76.5322,187.3,0.98423,0.176893,0.0
138.374,77.057,187.3,0.98423,0.176893,0.0
138.374,77.057,190.0,0.9564,0.29206,0.0
138.374,77.057,187.3,0.9564,0.29206,0.0
138.218,77.5669,190.0,0.9564,0.29206,0.0
138.218,77.5669,190.0,0.9564,0.29206,0.0
138.374,77.057,187.3,0.9564,0.29206,0.0
138.218,77.5669,187.3,0.9564,0.29206,0.0
138.218,77.5669,190.0,0.915143,0.40313,0.0
138.218,77.5669,187.3,0.915143,0.40313,0.0
138.003,78.0548,190.0,0.915143,0.40313,0.0
138.003,78.0548,190.0,0.915143,0.40313,0.0
138.218,77.5669,187.3,0.915143,0.40313,0.0
138.003,78.0548,187.3,0.915143,0.40313,0.0
138.003,78.0548,190.0,0.861057,0.508509,0.0
138.003,78.0548,187.3,0.861057,0.508509,0.0
137.732,78.5139,190.0,0.861057,0.508509,0.0
137.732,78.5139,190.0,0.861057,0.508509,0.0
138.003,78.0548,187.3,0.861057,0.508509,0.0
137.732,78.5139,187.3,0.861057,0.508509,0.0
137.732,78.5139,190.0,0.794857,0.606797,0.0
137.732,78.5139,187.3,0.794857,0.606797,0.0
137.409,78.9377,190.0,0.794857,0.606797,0.0
137.409,78.9377,190.0,0.794857,0.606797,0.0
137.732,78.5139,187.3,0.794857,0.606797,0.0
137.409,78.9377,187.3,0.794857,0.606797,0.0
137.409,78.9377,190.0,0.717504,0.696555,0.0
137.409,78.9377,187.3,0.717504,0.696555,0.0
137.037,79.3203,190.0,0.717504,0.696555,0.0
137.037,79.3203,190.0,0.717504,0.696555,0.0
137.409,78.9377,187.3,0.717504,0.696555,0.0
137.037,79.3203,187.3,0.717504,0.696555,0.0
137.037,79.3203,190.0,0.630083,0.776528,0.0
137.037,79.3203,187.3,0.630083,0.776528,0.0
136.623,79.6562,190.0,0.630083,0.776528,0.0
136.623,79.6562,190.0,0.630083,0.776528,0.0
137.037,79.3203,187.3,0.630083,0.776528,0.0
136.623,79.6562,187.3,0.630083,0.776528,0.0
136.623,79.6562,190.0,0.533824,0.845596,0.0
136.623,79.6562,187.3,0.533824,0.845596,0.0
136.173,79.9408,190.0,0.533824,0.845596,0.0
136.173,79.9408,190.0,0.533824,0.845596,0.0
136.623,79.6562,187.3,0.533824,0.845596,0.0
136.173,79.9408,187.3,0.533824,0.845596,0.0
136.173,79.9408,190.0,0.430064,0.902799,0.0
136.173,79.9408,187.3,0.430064,0.902799,0.0
135.691,80.1701,190.0,0.430064,0.902799,0.0
135.691,80.1701,190.0,0.430064,0.902799,0.0
136.173,79.9408,187.3,0.430064,0.902799,0.0
135.691,80.1701,187.3,0.430064,0.902799,0.0
135.691,80.1701,190.0,0.320277,0.947324,0.0
135.691,80.1701,187.3,0.320277,0.947324,0.0
135.186,80.3409,190.0,0.320277,0.947324,0.0
135.186,80.3409,190.0,0.320277,0.947324,0.0
135.691,80.1701,187.3,0.320277,0.947324,0.0
135.186,80.3409,187.3,0.320277,0.947324,0.0
135.186,80.3409,190.0,0.205974,0.978557,0.0
135.186,80.3409,187.3,0.205974,0.978557,0.0
134.664,80.4507,190.0,0.205974,0.978557,0.0
134.664,80.4507,190.0,0.205974,0.978557,0.0
135.186,80.3409,187.3,0.205974,0.978557,0.0
134.664,80.4507,187.3,0.205974,0.978557,0.0
134.664,80.4507,190.0,0.08879,0.99605,0.0
134.664,80.4507,187.3,0.08879,0.99605,0.0
134.133,80.498,190.0,0.08879,0.99605,0.0
134.133,80.498,190.0,0.08879,0.99605,0.0
134.664,80.4507,187.3,0.08879,0.99605,0.0
134.133,80.498,187.3,0.08879,0.99605,0.0
134.133,80.498,190.0,-0.0296354,0.999561,0.0
134.133,80.498,187.3,-0.0296354,0.999561,0.0
133.6,80.4822,190.0,-0.0296354,0.999561,0.0
133.6,80.4822,190.0,-0.0296354,0.999561,0.0
134.133,80.498,187.3,-0.0296354,0.999561,0.0
133.6,80.4822,187.3,-0.0296354,0.999561,0.0
133.6,80.4822,190.0,-0.147645,0.98904,0.0
133.6,80.4822,187.3,-0.147645,0.98904,0.0
133.073,80.4035,190.0,-0.147645,0.98904,0.0
133.073,80.4035,190.0,-0.147645,0.98904,0.0
133.6,80.4822,187.3,-0.147645,0.98904,0.0
133.073,80.4035,187.3,-0.147645,0.98904,0.0
133.073,80.4035,190.0,-0.26359,0.964635,0.0
133.073,80.4035,187.3,-0.26359,0.964635,0.0
132.559,80.263,190.0,-0.26359,0.964635,0.0
132.559,80.263,190.0,-0.26359,0.964635,0.0
133.073,80.4035,187.3,-0.26359,0.964635,0.0
132.559,80.263,187.3,-0.26359,0.964635,0.0
132.559,80.263,190.0,-0.375817,0.926694,0.0
132.559,80.263,187.3,-0.375817,0.926694,0.0
132.065,80.0626,190.0,-0.375817,0.926694,0.0
132.065,80.0626,190.0,-0.375817,0.926694,0.0
132.559,80.263,187.3,-0.375817,0.926694,0.0
132.065,80.0626,187.3,-0.375817,0.926694,0.0
132.065,80.0626,190.0,-0.482811,0.875725,0.0
132.065,80.0626,187.3,-0.482811,0.875725,0.0
131.598,79.8052,190.0,-0.482811,0.875725,0.0
131.598,79.8052,190.0,-0.482811,0.875725,0.0
132.065,80.0626,187.3,-0.482811,0.875725,0.0
131.598,79.8052,187.3,-0.482811,0.875725,0.0
131.598,79.8052,190.0,-0.582979,0.812487,0.0
131.598,79.8052,187.3,-0.582979,0.812487,0.0
131.165,79.4944,190.0,-0.582979,0.812487,0.0
131.165,79.4944,190.0,-0.582979,0.812487,0.0
131.598,79.8052,187.3,-0.582979,0.812487,0.0
131.165,79.4944,187.3,-0.582979,0.812487,0.0
131.165,79.4944,190.0,-0.674984,0.737832,0.0
131.165,79.4944,187.3,-0.674984,0.737832,0.0
130.771,79.1345,190.0,-0.674984,0.737832,0.0
130.771,79.1345,190.0,-0.674984,0.737832,0.0
131.165,79.4944,187.3,-0.674984,0.737832,0.0
130.771,79.1345,187.3,-0.674984,0.737832,0.0
130.771,79.1345,190.0,-0.757504,0.65283,0.0
130.771,79.1345,187.3,-0.757504,0.65283,0.0
130.423,78.7306,190.0,-0.757504,0.65283,0.0
130.423,78.7306,190.0,-0.757504,0.65283,0.0
130.771,79.1345,187.3,-0.757504,0.65283,0.0
130.423,78.7306,187.3,-0.757504,0.65283,0.0
130.423,78.7306,190.0,-0.829404,0.55865,0.0
130.423,78.7306,187.3,-0.829404,0.55865,0.0
130.125,78.2884,190.0,-0.829404,0.55865,0.0
130.125,78.2884,190.0,-0.829404,0.55865,0.0
130.423,78.7306,187.3,-0.829404,0.55865,0.0
130.125,78.2884,187.3,-0.829404,0.55865,0.0
130.125,78.2884,190.0,-0.889661,0.456622,0.0
130.125,78.2884,187.3,-0.889661,0.456622,0.0
129.882,77.8141,190.0,-0.889661,0.456622,0.0
129.882,77.8141,190.0,-0.889661,0.456622,0.0
130.125,78.2884,187.3,-0.889661,0.456622,0.0
129.882,77.8141,187.3,-0.889661,0.456622,0.0
129.882,77.8141,190.0,-0.937417,0.348208,0.0
129.882,77.8141,187.3,-0.937417,0.348208,0.0
129.696,77.3143,190.0,-0.937417,0.348208,0.0
129.696,77.3143,190.0,-0.937417,0.348208,0.0
129.882,77.8141,187.3,-0.937417,0.348208,0.0
129.696,77.3143,187.3,-0.937417,0.348208,0.0
129.696,77.3143,190.0,-0.972018,0.234905,0.0
129.696,77.3143,187.3,-0.972018,0.234905,0.0
129.571,76.796,190.0,-0.972018,0.234905,0.0
129.571,76.796,190.0,-0.972018,0.234905,0.0
129.696,77.3143,187.3,-0.972018,0.234905,0.0
129.571,76.796,187.3,-0.972018,0.234905,0.0
129.571,76.796,190.0,-0.992983,0.118254,0.0
129.571,76.796,187.3,-0.992983,0.118254,0.0
129.508,76.2666,190.0,-0.992983,0.118254,0.0
129.508,76.2666,190.0,-0.992983,0.118254,0.0
129.571,76.796,187.3,-0.992983,0.118254,0.0
129.508,76.2666,187.3,-0.992983,0.118254,0.0
129.508,76.2666,190.0,-1.0,0.0,0.0
129.508,76.2666,187.3,-1.0,0.0,0.0
129.508,75.7334,190.0,-1.0,0.0,0.0
129.508,75.7334,190.0,-1.0,0.0,0.0
129.508,76.2666,187.3,-1.0,0.0,0.0
129.508,75.7334,187.3,-1.0,0.0,0.0
129.508,75.7334,190.0,-0.992983,-0.118256,0.0
129.508,75.7334,187.3,-0.992983,-0.118256,0.0
129.571,75.204,190.0,-0.992983,-0.118256,0.0
129.571,75.204,190.0,-0.992983,-0.118256,0.0
129.508,75.7334,187.3,-0.992983,-0.118256,0.0
129.571,75.204,187.3,-0.992983,-0.118256,0.0
129.571,75.204,190.0,-0.972018,-0.234905,0.0
129.571,75.204,187.3,-0.972018,-0.234905,0.0
129.696,74.6857,190.0,-0.972018,-0.234905,0.0
129.696,74.6857,190.0,-0.972018,-0.234905,0.0
129.571,75.204,187.3,-0.972018,-0.234905,0.0
129.696,74.6857,187.3,-0.972018,-0.234905,0.0
129.696,74.6857,190.0,-0.937417,-0.348208,0.0
129.696,74.6857,187.3,-0.937417,-0.348208,0.0
129.882,74.1859,190.0,-0.937417,-0.348208,0.0
129.882,74.1859,190.0,-0.937417,-0.348208,0.0
129.696,74.6857,187.3,-0.937417,-0.348208,0.0
129.882,74.1859,187.3,-0.937417,-0.348208,0.0
129.882,74.1859,190.0,-0.889661,-0.456622,0.0
129.882,74.1859,187.3,-0.889661,-0.456622,0.0
130.125,73.7116,190.0,-0.889661,-0.456622,0.0
130.125,73.7116,190.0,-0.889661,-0.456622,0.0
129.882,74.1859,187.3,-0.889661,-0.456622,0.0
130.125,73.7116,187.3,-0.889661,-0.456622,0.0
130.125,73.7116,190.0,-0.829408,-0.558643,0.0
130.125,73.7116,187.3,-0.829408,-0.558643,0.0
130.423,73.2694,190.0,-0.829408,-0.558643,0.0
130.423,73.2694,190.0,-0.829408,-0.558643,0.0
130.125,73.7116,187.3,-0.829408,-0.558643,0.0
130.423,73.2694,187.3,-0.829408,-0.558643,0.0
130.423,73.2694,190.0,-0.757498,-0.652837,0.0
130.423,73.2694,187.3,-0.757498,-0.652837,0.0
130.771,72.8655,190.0,-0.757498,-0.652837,0.0
130.771,72.8655,190.0,-0.757498,-0.652837,0.0
130.423,73.2694,187.3,-0.757498,-0.652837,0.0
130.771,72.8655,187.3,-0.757498,-0.652837,0.0
130.771,72.8655,190.0,-0.674984,-0.737832,0.0
130.771,72.8655,187.3,-0.674984,-0.737832,0.0
131.165,72.5056,190.0,-0.674984,-0.737832,0.0
131.165,72.5056,190.0,-0.674984,-0.737832,0.0
130.771,72.8655,187.3,-0.674984,-0.737832,0.0
131.165,72.5056,187.3,-0.674984,-0.737832,0.0
131.165,72.5056,190.0,-0.582979,-0.812487,0.0
131.165,72.5056,187.3,-0.582979,-0.812487,0.0
131.598,72.1948,190.0,-0.582979,-0.812487,0.0
131.598,72.1948,190.0,-0.582979,-0.812487,0.0
131.165,72.5056,187.3,-0.582979,-0.812487,0.0
131.598,72.1948,187.3,-0.582979,-0.812487,0.0
131.598,72.1948,190.0,-0.482811,-0.875725,0.0
131.598,72.1948,187.3,-0.482811,-0.875725,0.0
132.065,71.9374,190.0,-0.482811,-0.875725,0.0
132.065,71.9374,190.0,-0.482811,-0.875725,0.0
131.598,72.1948,187.3,-0.482811,-0.875725,0.0
132.065,71.9374,187.3,-0.482811,-0.875725,0.0
132.065,71.9374,190.0,-0.375817,-0.926694,0.0
132.065,71.9374,187.3,-0.375817,-0.926694,0.0
132.559,71.737,190.0,-0.375817,-0.926694,0.0
132.559,71.737,190.0,-0.375817,-0.926694,0.0
132.065,71.9374,187.3,-0.375817,-0.926694,0.0
132.559,71.737,187.3,-0.375817,-0.926694,0.0
132.559,71.737,190.0,-0.26359,-0.964635,0.0
132.559,71.737,187.3,-0.26359,-0.964635,0.0
133.073,71.5965,190.0,-0.26359,-0.964635,0.0
133.073,71.5965,190.0,-0.26359,-0.964635,0.0
132.559,71.737,187.3,-0.26359,-0.964635,0.0
133.073,71.5965,187.3,-0.26359,-0.964635,0.0
133.073,71.5965,190.0,-0.147645,-0.98904,0.0
133.073,71.5965,187.3,-0.147645,-0.98904,0.0
133.6,71.5178,190.0,-0.147645,-0.98904,0.0
133.6,71.5178,190.0,-0.147645,-0.98904,0.0
133.073,71.5965,187.3,-0.147645,-0.98904,0.0
133.6,71.5178,187.3,-0.147645,-0.98904,0.0
133.6,71.5178,190.0,-0.0296354,-0.999561,0.0
133.6,71.5178,187.3,-0.0296354,-0.999561,0.0
134.133,71.502,190.0,-0.0296354,-0.999561,0.0
134.133,71.502,190.0,-0.0296354,-0.999561,0.0
133.6,71.5178,187.3,-0.0296354,-0.999561,0.0
134.133,71.502,187.3,-0.0296354,-0.999561,0.0
134.133,71.502,190.0,0.08879,-0.99605,0.0
134.133,71.502,187.3,0.08879,-0.99605,0.0
134.664,71.5493,190.0,0.08879,-0.99605,0.0
134.664,71.5493,190.0,0.08879,-0.99605,0.0
134.133,71.502,187.3,0.08879,-0.99605,0.0
134.664,71.5493,187.3,0.08879,-0.99605,0.0
134.664,71.5493,190.0,0.205988,-0.978554,0.0
134.664,71.5493,187.3,0.205988,-0.978554,0.0
135.186,71.6591,190.0,0.205988,-0.978554,0.0
135.186,71.6591,190.0,0.205988,-0.978554,0.0
134.664,71.5493,187.3,0.205988,-0.978554,0.0
135.186,71.6591,187.3,0.205988,-0.978554,0.0
135.186,71.6591,190.0,0.320277,-0.947324,0.0
135.186,71.6591,187.3,0.320277,-0.947324,0.0
135.691,71.8299,190.0,0.320277,-0.947324,0.0
135.691,71.8299,190.0,0.320277,-0.947324,0.0
135.186,71.6591,187.3,0.320277,-0.947324,0.0
135.691,71.8299,187.3,0.320277,-0.947324,0.0
135.691,71.8299,190.0,0.430052,-0.902804,0.0
135.691,71.8299,187.3,0.430052,-0.902804,0.0
136.173,72.0592,190.0,0.430052,-0.902804,0.0
136.173,72.0592,190.0,0.430052,-0.902804,0.0
135.691,71.8299,187.3,0.430052,-0.902804,0.0
136.173,72.0592,187.3,0.430052,-0.902804,0.0
136.173,72.0592,190.0,0.533824,-0.845596,0.0
136.173,72.0592,187.3,0.533824,-0.845596,0.0
136.623,72.3438,190.0,0.533824,-0.845596,0.0
136.623,72.3438,190.0,0.533824,-0.845596,0.0
136.173,72.0592,187.3,0.533824,-0.845596,0.0
136.623,72.3438,187.3,0.533824,-0.845596,0.0
136.623,72.3438,190.0,0.630083,-0.776528,0.0
136.623,72.3438,187.3,0.630083,-0.776528,0.0
137.037,72.6797,190.0,0.630083,-0.776528,0.0
137.037,72.6797,190.0,0.630083,-0.776528,0.0
136.623,72.3438,187.3,0.630083,-0.776528,0.0
137.037,72.6797,187.3,0.630083,-0.776528,0.0
137.037,72.6797,190.0,0.717504,-0.696555,0.0
137.037,72.6797,187.3,0.717504,-0.696555,0.0
137.409,73.0623,190.0,0.717504,-0.696555,0.0
137.409,73.0623,190.0,0.717504,-0.696555,0.0
137.037,72.6797,187.3,0.717504,-0.696555,0.0
137.409,73.0623,187.3,0.717504,-0.696555,0.0
137.409,73.0623,190.0,0.794862,-0.60679,0.0
137.409,73.0623,187.3,0.794862,-0.60679,0.0
137.732,73.4861,190.0,0.794862,-0.60679,0.0
137.732,73.4861,190.0,0.794862,-0.60679,0.0
137.409,73.0623,187.3,0.794862,-0.60679,0.0
137.732,73.4861,187.3,0.794862,-0.60679,0.0
137.732,73.4861,190.0,0.861057,-0.508509,0.0
137.732,73.4861,187.3,0.861057,-0.508509,0.0
138.003,73.9452,190.0,0.861057,-0.508509,0.0
138.003,73.9452,190.0,0.861057,-0.508509,0.0
137.732,73.4861,187.3,0.861057,-0.508509,0.0
138.003,73.9452,187.3,0.861057,-0.508509,0.0
138.003,73.9452,190.0,0.915143,-0.40313,0.0
138.003,73.9452,187.3,0.915143,-0.40313,0.0
138.218,74.4331,190.0,0.915143,-0.40313,0.0
138.218,74.4331,190.0,0.915143,-0.40313,0.0
138.003,73.9452,187.3,0.915143,-0.40313,0.0
138.218,74.4331,187.3,0.915143,-0.40313,0.0
138.218,74.4331,190.0,0.9564,-0.29206,0.0
138.218,74.4331,187.3,0.9564,-0.29206,0.0
138.374,74.943,190.0,0.9564,-0.29206,0.0
138.374,74.943,190.0,0.9564,-0.29206,0.0
138.218,74.4331,187.3,0.9564,-0.29206,0.0
138.374,74.943,187.3,0.9564,-0.29206,0.0
138.374,74.943,190.0,0.98423,-0.176895,0.0
138.374,74.943,187.3,0.98423,-0.176895,0.0
138.468,75.4678,190.0,0.98423,-0.176895,0.0
138.468,75.4678,190.0,0.98423,-0.176895,0.0
138.374,74.943,187.3,0.98423,-0.176895,0.0
138.468,75.4678,187.3,0.98423,-0.176895,0.0
138.468,75.4678,190.0,0.998244,-0.0592421,0.0
138.468,75.4678,187.3,0.998244,-0.0592421,0.0
138.5,76.0,190.0,0.998244,-0.0592421,0.0
138.5,76.0,190.0,0.998244,-0.0592421,0.0
138.468,75.4678,187.3,0.998244,-0.0592421,0.0
138.5,76.0,187.3,0.998244,-0.0592421,0.0
138.5,76.0,190.0,0.998244,0.0592421,0.0
138.5,76.0,187.3,0.998244,0.0592421,0.0
138.468,76.5322,190.0,0.998244,0.0592421,0.0
138.468,76.5322,190.0,0.998244,0.0592421,0.0
138.5,76.0,187.3,0.998244,0.0592421,0.0
138.468,76.5322,187.3,0.998244,0.0592421,0.0
135.903,77.0632,179.3,0.0,0.0,-1.0
136.055,76.7262,179.3,0.0,0.0,-1.0
136.149,76.3684,179.3,0.0,0.0,-1.0
134.459,78.1311,179.3,0.0,0.0,-1.0
134.813,78.0228,179.3,0.0,0.0,-1.0
135.143,77.8563,179.3,0.0,0.0,-1.0
136.055,75.2738,179.3,0.0,0.0,-1.0
135.903,74.9368,179.3,0.0,0.0,-1.0
131.89,75.4507,179.3,0.0,0.0,-1.0
134.459,73.8689,179.3,0.0,0.0,-1.0
134.093,73.822,179.3,0.0,0.0,-1.0
131.89,75.4507,179.3,0.0,0.0,-1.0
131.89,75.4507,179.3,0.0,0.0,-1.0
135.143,77.8563,179.3,0.0,0.0,-1.0
135.44,77.6365,179.3,0.0,0.0,-1.0
136.149,75.6316,179.3,0.0,0.0,-1.0
136.055,75.2738,179.3,0.0,0.0,-1.0
136.18,76.0,179.3,0.0,0.0,-1.0
136.18,76.0,179.3,0.0,0.0,-1.0
136.055,75.2738,179.3,0.0,0.0,-1.0
131.89,75.4507,179.3,0.0,0.0,-1.0
136.18,76.0,179.3,0.0,0.0,-1.0
131.89,75.4507,179.3,0.0,0.0,-1.0
136.149,76.3684,179.3,0.0,0.0,-1.0
134.813,73.9772,179.3,0.0,0.0,-1.0
134.459,73.8689,179.3,0.0,0.0,-1.0
135.143,74.1437,179.3,0.0,0.0,-1.0
135.143,74.1437,179.3,0.0,0.0,-1.0
134.459,73.8689,179.3,0.0,0.0,-1.0
131.89,75.4507,179.3,0.0,0.0,-1.0
135.143,74.1437,179.3,0.0,0.0,-1.0
131.89,75.4507,179.3,0.0,0.0,-1.0
135.44,74.3635,179.3,0.0,0.0,-1.0
135.44,74.3635,179.3,0.0,0.0,-1.0
131.89,75.4507,179.3,0.0,0.0,-1.0
135.903,74.9368,179.3,0.0,0.0,-1.0
135.44,74.3635,179.3,0.0,0.0,-1.0
135.903,74.9368,179.3,0.0,0.0,-1.0
135.696,74.6305,179.3,0.0,0.0,-1.0
132.194,74.7793,179.3,0.0,0.0,-1.0
132.014,75.1021,179.3,0.0,0.0,-1.0
132.426,74.4916,179.3,0.0,0.0,-1.0
132.426,74.4916,179.3,0.0,0.0,-1.0
132.014,75.1021,179.3,0.0,0.0,-1.0
131.89,75.4507,179.3,0.0,0.0,-1.0
136.149,76.3684,179.3,0.0,0.0,-1.0
131.89,75.4507,179.3,0.0,0.0,-1.0
135.903,77.0632,179.3,0.0,0.0,-1.0
135.903,77.0632,179.3,0.0,0.0,-1.0
131.89,75.4507,179.3,0.0,0.0,-1.0
135.44,77.6365,179.3,0.0,0.0,-1.0
135.903,77.0632,179.3,0.0,0.0,-1.0
135.44,77.6365,179.3,0.0,0.0,-1.0
135.696,77.3695,179.3,0.0,0.0,-1.0
132.704,74.2473,179.3,0.0,0.0,-1.0
132.426,74.4916,179.3,0.0,0.0,-1.0
133.019,74.0534,179.3,0.0,0.0,-1.0
133.019,74.0534,179.3,0.0,0.0,-1.0
132.426,74.4916,179.3,0.0,0.0,-1.0
131.89,75.4507,179.3,0.0,0.0,-1.0
133.019,74.0534,179.3,0.0,0.0,-1.0
131.89,75.4507,179.3,0.0,0.0,-1.0
133.362,73.9156,179.3,0.0,0.0,-1.0
133.362,73.9156,179.3,0.0,0.0,-1.0
131.89,75.4507,179.3,0.0,0.0,-1.0
134.093,73.822,179.3,0.0,0.0,-1.0
133.362,73.9156,179.3,0.0,0.0,-1.0
134.093,73.822,179.3,0.0,0.0,-1.0
133.723,73.8377,179.3,0.0,0.0,-1.0
132.704,77.7527,179.3,0.0,0.0,-1.0
133.019,77.9466,179.3,0.0,0.0,-1.0
132.426,77.5084,179.3,0.0,0.0,-1.0
132.426,77.5084,179.3,0.0,0.0,-1.0
133.019,77.9466,179.3,0.0,0.0,-1.0
131.89,76.5493,179.3,0.0,0.0,-1.0
132.426,77.5084,179.3,0.0,0.0,-1.0
131.89,76.5493,179.3,0.0,0.0,-1.0
132.194,77.2207,179.3,0.0,0.0,-1.0
132.194,77.2207,179.3,0.0,0.0,-1.0
131.89,76.5493,179.3,0.0,0.0,-1.0
132.014,76.8979,179.3,0.0,0.0,-1.0
133.019,77.9466,179.3,0.0,0.0,-1.0
133.362,78.0844,179.3,0.0,0.0,-1.0
131.89,76.5493,179.3,0.0,0.0,-1.0
131.89,76.5493,179.3,0.0,0.0,-1.0
133.362,78.0844,179.3,0.0,0.0,-1.0
133.723,78.1623,179.3,0.0,0.0,-1.0
131.89,76.5493,179.3,0.0,0.0,-1.0
133.723,78.1623,179.3,0.0,0.0,-1.0
134.093,78.178,179.3,0.0,0.0,-1.0
134.093,78.178,179.3,0.0,0.0,-1.0
134.459,78.1311,179.3,0.0,0.0,-1.0
131.89,76.5493,179.3,0.0,0.0,-1.0
131.89,76.5493,179.3,0.0,0.0,-1.0
134.459,78.1311,179.3,0.0,0.0,-1.0
135.143,77.8563,179.3,0.0,0.0,-1.0
131.89,76.5493,179.3,0.0,0.0,-1.0
135.143,77.8563,179.3,0.0,0.0,-1.0
131.828,76.1849,179.3,0.0,0.0,-1.0
131.828,76.1849,179.3,0.0,0.0,-1.0
135.143,77.8563,179.3,0.0,0.0,-1.0
131.89,75.4507,179.3,0.0,0.0,-1.0
131.828,76.1849,179.3,0.0,0.0,-1.0
131.89,75.4507,179.3,0.0,0.0,-1.0
131.828,75.8151,179.3,0.0,0.0,-1.0
135.44,74.3635,187.3,0.0,0.0,-1.0
136.623,72.3438,187.3,0.0,0.0,-1.0
135.143,74.1437,187.3,0.0,0.0,-1.0
135.143,74.1437,187.3,0.0,0.0,-1.0
136.623,72.3438,187.3,0.0,0.0,-1.0
136.173,72.0592,187.3,0.0,0.0,-1.0
135.143,74.1437,187.3,0.0,0.0,-1.0
136.173,72.0592,187.3,0.0,0.0,-1.0
134.813,73.9772,187.3,0.0,0.0,-1.0
134.813,73.9772,187.3,0.0,0.0,-1.0
136.173,72.0592,187.3,0.0,0.0,-1.0
135.691,71.8299,187.3,0.0,0.0,-1.0
134.813,73.9772,187.3,0.0,0.0,-1.0
135.691,71.8299,187.3,0.0,0.0,-1.0
134.459,73.8689,187.3,0.0,0.0,-1.0
136.149,75.6316,187.3,0.0,0.0,-1.0
138.374,74.943,187.3,0.0,0.0,-1.0
136.055,75.2738,187.3,0.0,0.0,-1.0
136.055,75.2738,187.3,0.0,0.0,-1.0
138.374,74.943,187.3,0.0,0.0,-1.0
138.218,74.4331,187.3,0.0,0.0,-1.0
136.055,75.2738,187.3,0.0,0.0,-1.0
138.218,74.4331,187.3,0.0,0.0,-1.0
135.903,74.9368,187.3,0.0,0.0,-1.0
136.055,76.7262,187.3,0.0,0.0,-1.0
138.374,77.057,187.3,0.0,0.0,-1.0
136.149,76.3684,187.3,0.0,0.0,-1.0
136.149,76.3684,187.3,0.0,0.0,-1.0
138.374,77.057,187.3,0.0,0.0,-1.0
138.468,76.5322,187.3,0.0,0.0,-1.0
136.149,76.3684,187.3,0.0,0.0,-1.0
138.468,76.5322,187.3,0.0,0.0,-1.0
136.18,76.0,187.3,0.0,0.0,-1.0
136.18,76.0,187.3,0.0,0.0,-1.0
138.468,76.5322,187.3,0.0,0.0,-1.0
138.5,76.0,187.3,0.0,0.0,-1.0
136.18,76.0,187.3,0.0,0.0,-1.0
138.5,76.0,187.3,0.0,0.0,-1.0
136.149,75.6316,187.3,0.0,0.0,-1.0
136.149,75.6316,187.3,0.0,0.0,-1.0
138.5,76.0,187.3,0.0,0.0,-1.0
138.468,75.4678,187.3,0.0,0.0,-1.0
136.149,75.6316,187.3,0.0,0.0,-1.0
138.468,75.4678,187.3,0.0,0.0,-1.0
138.374,74.943,187.3,0.0,0.0,-1.0
135.143,77.8563,187.3,0.0,0.0,-1.0
136.623,79.6562,187.3,0.0,0.0,-1.0
135.44,77.6365,187.3,0.0,0.0,-1.0
135.44,77.6365,187.3,0.0,0.0,-1.0
136.623,79.6562,187.3,0.0,0.0,-1.0
137.037,79.3203,187.3,0.0,0.0,-1.0
135.44,77.6365,187.3,0.0,0.0,-1.0
137.037,79.3203,187.3,0.0,0.0,-1.0
135.696,77.3695,187.3,0.0,0.0,-1.0
131.828,76.1849,187.3,0.0,0.0,-1.0
129.571,76.796,187.3,0.0,0.0,-1.0
131.89,76.5493,187.3,0.0,0.0,-1.0
131.89,76.5493,187.3,0.0,0.0,-1.0
129.571,76.796,187.3,0.0,0.0,-1.0
129.696,77.3143,187.3,0.0,0.0,-1.0
131.89,76.5493,187.3,0.0,0.0,-1.0
129.696,77.3143,187.3,0.0,0.0,-1.0
132.014,76.8979,187.3,0.0,0.0,-1.0
132.194,74.7793,187.3,0.0,0.0,-1.0
130.125,73.7116,187.3,0.0,0.0,-1.0
132.014,75.1021,187.3,0.0,0.0,-1.0
132.014,75.1021,187.3,0.0,0.0,-1.0
130.125,73.7116,187.3,0.0,0.0,-1.0
129.882,74.1859,187.3,0.0,0.0,-1.0
132.014,75.1021,187.3,0.0,0.0,-1.0
129.882,74.1859,187.3,0.0,0.0,-1.0
131.89,75.4507,187.3,0.0,0.0,-1.0
138.218,74.4331,187.3,0.0,0.0,-1.0
138.003,73.9452,187.3,0.0,0.0,-1.0
135.903,74.9368,187.3,0.0,0.0,-1.0
135.903,74.9368,187.3,0.0,0.0,-1.0
138.003,73.9452,187.3,0.0,0.0,-1.0
137.732,73.4861,187.3,0.0,0.0,-1.0
135.903,74.9368,187.3,0.0,0.0,-1.0
137.732,73.4861,187.3,0.0,0.0,-1.0
135.696,74.6305,187.3,0.0,0.0,-1.0
135.696,74.6305,187.3,0.0,0.0,-1.0
137.732,73.4861,187.3,0.0,0.0,-1.0
137.409,73.0623,187.3,0.0,0.0,-1.0
135.696,74.6305,187.3,0.0,0.0,-1.0
137.409,73.0623,187.3,0.0,0.0,-1.0
135.44,74.3635,187.3,0.0,0.0,-1.0
135.44,74.3635,187.3,0.0,0.0,-1.0
137.409,73.0623,187.3,0.0,0.0,-1.0
137.037,72.6797,187.3,0.0,0.0,-1.0
135.44,74.3635,187.3,0.0,0.0,-1.0
137.037,72.6797,187.3,0.0,0.0,-1.0
136.623,72.3438,187.3,0.0,0.0,-1.0
137.037,79.3203,187.3,0.0,0.0,-1.0
137.409,78.9377,187.3,0.0,0.0,-1.0
135.696,77.3695,187.3,0.0,0.0,-1.0
135.696,77.3695,187.3,0.0,0.0,-1.0
137.409,78.9377,187.3,0.0,0.0,-1.0
137.732,78.5139,187.3,0.0,0.0,-1.0
135.696,77.3695,187.3,0.0,0.0,-1.0
137.732,78.5139,187.3,0.0,0.0,-1.0
135.903,77.0632,187.3,0.0,0.0,-1.0
135.903,77.0632,187.3,0.0,0.0,-1.0
137.732,78.5139,187.3,0.0,0.0,-1.0
138.003,78.0548,187.3,0.0,0.0,-1.0
135.903,77.0632,187.3,0.0,0.0,-1.0
138.003,78.0548,187.3,0.0,0.0,-1.0
136.055,76.7262,187.3,0.0,0.0,-1.0
136.055,76.7262,187.3,0.0,0.0,-1.0
138.003,78.0548,187.3,0.0,0.0,-1.0
138.218,77.5669,187.3,0.0,0.0,-1.0
136.055,76.7262,187.3,0.0,0.0,-1.0
138.218,77.5669,187.3,0.0,0.0,-1.0
138.374,77.057,187.3,0.0,0.0,-1.0
129.696,77.3143,187.3,0.0,0.0,-1.0
129.882,77.8141,187.3,0.0,0.0,-1.0
132.014,76.8979,187.3,0.0,0.0,-1.0
132.014,76.8979,187.3,0.0,0.0,-1.0
129.882,77.8141,187.3,0.0,0.0,-1.0
130.125,78.2884,187.3,0.0,0.0,-1.0
132.014,76.8979,187.3,0.0,0.0,-1.0
130.125,78.2884,187.3,0.0,0.0,-1.0
132.194,77.2207,187.3,0.0,0.0,-1.0
132.194,77.2207,187.3,0.0,0.0,-1.0
130.125,78.2884,187.3,0.0,0.0,-1.0
130.423,78.7306,187.3,0.0,0.0,-1.0
132.194,77.2207,187.3,0.0,0.0,-1.0
130.423,78.7306,187.3,0.0,0.0,-1.0
132.426,77.5084,187.3,0.0,0.0,-1.0
132.426,77.5084,187.3,0.0,0.0,-1.0
130.423,78.7306,187.3,0.0,0.0,-1.0
130.771,79.1345,187.3,0.0,0.0,-1.0
132.426,77.5084,187.3,0.0,0.0,-1.0
130.771,79.1345,187.3,0.0,0.0,-1.0
132.704,77.7527,187.3,0.0,0.0,-1.0
129.882,74.1859,187.3,0.0,0.0,-1.0
129.696,74.6857,187.3,0.0,0.0,-1.0
131.89,75.4507,187.3,0.0,0.0,-1.0
131.89,75.4507,187.3,0.0,0.0,-1.0
129.696,74.6857,187.3,0.0,0.0,-1.0
129.571,75.204,187.3,0.0,0.0,-1.0
131.89,75.4507,187.3,0.0,0.0,-1.0
129.571,75.204,187.3,0.0,0.0,-1.0
131.828,75.8151,187.3,0.0,0.0,-1.0
131.828,75.8151,187.3,0.0,0.0,-1.0
129.571,75.204,187.3,0.0,0.0,-1.0
129.508,75.7334,187.3,0.0,0.0,-1.0
131.828,75.8151,187.3,0.0,0.0,-1.0
129.508,75.7334,187.3,0.0,0.0,-1.0
131.828,76.1849,187.3,0.0,0.0,-1.0
131.828,76.1849,187.3,0.0,0.0,-1.0
129.508,75.7334,187.3,0.0,0.0,-1.0
129.508,76.2666,187.3,0.0,0.0,-1.0
131.828,76.1849,187.3,0.0,0.0,-1.0
129.508,76.2666,187.3,0.0,0.0,-1.0
129.571,76.796,187.3,0.0,0.0,-1.0
133.019,74.0534,187.3,0.0,0.0,-1.0
131.598,72.1948,187.3,0.0,0.0,-1.0
132.704,74.2473,187.3,0.0,0.0,-1.0
132.704,74.2473,187.3,0.0,0.0,-1.0
131.598,72.1948,187.3,0.0,0.0,-1.0
131.165,72.5056,187.3,0.0,0.0,-1.0
132.704,74.2473,187.3,0.0,0.0,-1.0
131.165,72.5056,187.3,0.0,0.0,-1.0
132.426,74.4916,187.3,0.0,0.0,-1.0
132.426,74.4916,187.3,0.0,0.0,-1.0
131.165,72.5056,187.3,0.0,0.0,-1.0
130.771,72.8655,187.3,0.0,0.0,-1.0
132.426,74.4916,187.3,0.0,0.0,-1.0
130.771,72.8655,187.3,0.0,0.0,-1.0
132.194,74.7793,187.3,0.0,0.0,-1.0
132.194,74.7793,187.3,0.0,0.0,-1.0
130.771,72.8655,187.3,0.0,0.0,-1.0
130.423,73.2694,187.3,0.0,0.0,-1.0
132.194,74.7793,187.3,0.0,0.0,-1.0
130.423,73.2694,187.3,0.0,0.0,-1.0
130.125,73.7116,187.3,0.0,0.0,-1.0
134.093,78.178,187.3,0.0,0.0,-1.0
134.664,80.4507,187.3,0.0,0.0,-1.0
134.459,78.1311,187.3,0.0,0.0,-1.0
134.459,78.1311,187.3,0.0,0.0,-1.0
134.664,80.4507,187.3,0.0,0.0,-1.0
135.186,80.3409,187.3,0.0,0.0,-1.0
134.459,78.1311,187.3,0.0,0.0,-1.0
135.186,80.3409,187.3,0.0,0.0,-1.0
134.813,78.0228,187.3,0.0,0.0,-1.0
134.813,78.0228,187.3,0.0,0.0,-1.0
135.186,80.3409,187.3,0.0,0.0,-1.0
135.691,80.1701,187.3,0.0,0.0,-1.0
134.813,78.0228,187.3,0.0,0.0,-1.0
135.691,80.1701,187.3,0.0,0.0,-1.0
135.143,77.8563,187.3,0.0,0.0,-1.0
135.143,77.8563,187.3,0.0,0.0,-1.0
135.691,80.1701,187.3,0.0,0.0,-1.0
136.173,79.9408,187.3,0.0,0.0,-1.0
135.143,77.8563,187.3,0.0,0.0,-1.0
136.173,79.9408,187.3,0.0,0.0,-1.0
136.623,79.6562,187.3,0.0,0.0,-1.0
133.362,78.0844,187.3,0.0,0.0,-1.0
133.073,80.4035,187.3,0.0,0.0,-1.0
133.723,78.1623,187.3,0.0,0.0,-1.0
133.723,78.1623,187.3,0.0,0.0,-1.0
133.073,80.4035,187.3,0.0,0.0,-1.0
133.6,80.4822,187.3,0.0,0.0,-1.0
133.723,78.1623,187.3,0.0,0.0,-1.0
133.6,80.4822,187.3,0.0,0.0,-1.0
134.093,78.178,187.3,0.0,0.0,-1.0
134.093,78.178,187.3,0.0,0.0,-1.0
133.6,80.4822,187.3,0.0,0.0,-1.0
134.133,80.498,187.3,0.0,0.0,-1.0
134.093,78.178,187.3,0.0,0.0,-1.0
134.133,80.498,187.3,0.0,0.0,-1.0
134.664,80.4507,187.3,0.0,0.0,-1.0
130.771,79.1345,187.3,0.0,0.0,-1.0
131.165,79.4944,187.3,0.0,0.0,-1.0
132.704,77.7527,187.3,0.0,0.0,-1.0
132.704,77.7527,187.3,0.0,0.0,-1.0
131.165,79.4944,187.3,0.0,0.0,-1.0
131.598,79.8052,187.3,0.0,0.0,-1.0
132.704,77.7527,187.3,0.0,0.0,-1.0
131.598,79.8052,187.3,0.0,0.0,-1.0
133.019,77.9466,187.3,0.0,0.0,-1.0
133.019,77.9466,187.3,0.0,0.0,-1.0
131.598,79.8052,187.3,0.0,0.0,-1.0
132.065,80.0626,187.3,0.0,0.0,-1.0
133.019,77.9466,187.3,0.0,0.0,-1.0
132.065,80.0626,187.3,0.0,0.0,-1.0
133.362,78.0844,187.3,0.0,0.0,-1.0
133.362,78.0844,187.3,0.0,0.0,-1.0
132.065,80.0626,187.3,0.0,0.0,-1.0
132.559,80.263,187.3,0.0,0.0,-1.0
133.362,78.0844,187.3,0.0,0.0,-1.0
132.559,80.263,187.3,0.0,0.0,-1.0
133.073,80.4035,187.3,0.0,0.0,-1.0
133.723,73.8377,187.3,0.0,0.0,-1.0
133.073,71.5965,187.3,0.0,0.0,-1.0
133.362,73.9156,187.3,0.0,0.0,-1.0
133.362,73.9156,187.3,0.0,0.0,-1.0
133.073,71.5965,187.3,0.0,0.0,-1.0
132.559,71.737,187.3,0.0,0.0,-1.0
133.362,73.9156,187.3,0.0,0.0,-1.0
132.559,71.737,187.3,0.0,0.0,-1.0
133.019,74.0534,187.3,0.0,0.0,-1.0
133.019,74.0534,187.3,0.0,0.0,-1.0
132.559,71.737,187.3,0.0,0.0,-1.0
132.065,71.9374,187.3,0.0,0.0,-1.0
133.019,74.0534,187.3,0.0,0.0,-1.0
132.065,71.9374,187.3,0.0,0.0,-1.0
131.598,72.1948,187.3,0.0,0.0,-1.0
135.691,71.8299,187.3,0.0,0.0,-1.0
135.186,71.6591,187.3,0.0,0.0,-1.0
134.459,73.8689,187.3,0.0,0.0,-1.0
134.459,73.8689,187.3,0.0,0.0,-1.0
135.186,71.6591,187.3,0.0,0.0,-1.0
134.664,71.5493,187.3,0.0,0.0,-1.0
134.459,73.8689,187.3,0.0,0.0,-1.0
134.664,71.5493,187.3,0.0,0.0,-1.0
134.093,73.822,187.3,0.0,0.0,-1.0
134.093,73.822,187.3,0.0,0.0,-1.0
134.664,71.5493,187.3,0.0,0.0,-1.0
134.133,71.502,187.3,0.0,0.0,-1.0
134.093,73.822,187.3,0.0,0.0,-1.0
134.133,71.502,187.3,0.0,0.0,-1.0
133.723,73.8377,187.3,0.0,0.0,-1.0
133.723,73.8377,187.3,0.0,0.0,-1.0
134.133,71.502,187.3,0.0,0.0,-1.0
133.6,71.5178,187.3,0.0,0.0,-1.0
133.723,73.8377,187.3,0.0,0.0,-1.0
133.6,71.5178,187.3,0.0,0.0,-1.0
133.073,71.5965,187.3,0.0,0.0,-1.0
136.149,76.3684,187.3,0.967722,0.25202,0.0
136.149,76.3684,179.3,0.967722,0.25202,0.0
136.055,76.7262,187.3,0.967722,0.25202,0.0
136.055,76.7262,187.3,0.967722,0.25202,0.0
136.149,76.3684,179.3,0.967722,0.25202,0.0
136.055,76.7262,179.3,0.967722,0.25202,0.0
136.055,76.7262,187.3,0.911232,0.411893,0.0
136.055,76.7262,179.3,0.911232,0.411893,0.0
135.903,77.0632,187.3,0.911232,0.411893,0.0
135.903,77.0632,187.3,0.911232,0.411893,0.0
136.055,76.7262,179.3,0.911232,0.411893,0.0
135.903,77.0632,179.3,0.911232,0.411893,0.0
135.903,77.0632,187.3,0.828504,0.559984,0.0
135.903,77.0632,179.3,0.828504,0.559984,0.0
135.696,77.3695,187.3,0.828504,0.559984,0.0
135.696,77.3695,187.3,0.828504,0.559984,0.0
135.903,77.0632,179.3,0.828504,0.559984,0.0
135.696,77.3695,179.3,0.828504,0.559984,0.0
135.696,77.3695,187.3,0.721979,0.691915,0.0
135.696,77.3695,179.3,0.721979,0.691915,0.0
135.44,77.6365,187.3,0.721979,0.691915,0.0
135.44,77.6365,187.3,0.721979,0.691915,0.0
135.696,77.3695,179.3,0.721979,0.691915,0.0
135.44,77.6365,179.3,0.721979,0.691915,0.0
135.44,77.6365,187.3,0.594618,0.804008,0.0
135.44,77.6365,179.3,0.594618,0.804008,0.0
135.143,77.8563,187.3,0.594618,0.804008,0.0
135.143,77.8563,187.3,0.594618,0.804008,0.0
135.44,77.6365,179.3,0.594618,0.804008,0.0
135.143,77.8563,179.3,0.594618,0.804008,0.0
135.143,77.8563,187.3,0.450215,0.89292,0.0
135.143,77.8563,179.3,0.450215,0.89292,0.0
134.813,78.0228,187.3,0.450215,0.89292,0.0
134.813,78.0228,187.3,0.450215,0.89292,0.0
135.143,77.8563,179.3,0.450215,0.89292,0.0
134.813,78.0228,179.3,0.450215,0.89292,0.0
134.813,78.0228,187.3,0.292833,0.956164,0.0
134.813,78.0228,179.3,0.292833,0.956164,0.0
134.459,78.1311,187.3,0.292833,0.956164,0.0
134.459,78.1311,187.3,0.292833,0.956164,0.0
134.813,78.0228,179.3,0.292833,0.956164,0.0
134.459,78.1311,179.3,0.292833,0.956164,0.0
134.459,78.1311,187.3,0.127,0.991903,0.0
134.459,78.1311,179.3,0.127,0.991903,0.0
134.093,78.178,187.3,0.127,0.991903,0.0
134.093,78.178,187.3,0.127,0.991903,0.0
134.459,78.1311,179.3,0.127,0.991903,0.0
134.093,78.178,179.3,0.127,0.991903,0.0
134.093,78.178,187.3,-0.0424218,0.9991,0.0
134.093,78.178,179.3,-0.0424218,0.9991,0.0
133.723,78.1623,187.3,-0.0424218,0.9991,0.0
133.723,78.1623,187.3,-0.0424218,0.9991,0.0
134.093,78.178,179.3,-0.0424218,0.9991,0.0
133.723,78.1623,179.3,-0.0424218,0.9991,0.0
133.723,78.1623,187.3,-0.210673,0.977557,0.0
133.723,78.1623,179.3,-0.210673,0.977557,0.0
133.362,78.0844,187.3,-0.210673,0.977557,0.0
133.362,78.0844,187.3,-0.210673,0.977557,0.0
133.723,78.1623,179.3,-0.210673,0.977557,0.0
133.362,78.0844,179.3,-0.210673,0.977557,0.0
133.362,78.0844,187.3,-0.372867,0.927885,0.0
133.362,78.0844,179.3,-0.372867,0.927885,0.0
133.019,77.9466,187.3,-0.372867,0.927885,0.0
133.019,77.9466,187.3,-0.372867,0.927885,0.0
133.362,78.0844,179.3,-0.372867,0.927885,0.0
133.019,77.9466,179.3,-0.372867,0.927885,0.0
133.019,77.9466,187.3,-0.524312,0.851527,0.0
133.019,77.9466,179.3,-0.524312,0.851527,0.0
132.704,77.7527,187.3,-0.524312,0.851527,0.0
132.704,77.7527,187.3,-0.524312,0.851527,0.0
133.019,77.9466,179.3,-0.524312,0.851527,0.0
132.704,77.7527,179.3,-0.524312,0.851527,0.0
132.704,77.7527,187.3,-0.660681,0.750666,0.0
132.704,77.7527,179.3,-0.660681,0.750666,0.0
132.426,77.5084,187.3,-0.660681,0.750666,0.0
132.426,77.5084,187.3,-0.660681,0.750666,0.0
132.704,77.7527,179.3,-0.660681,0.750666,0.0
132.426,77.5084,179.3,-0.660681,0.750666,0.0
132.426,77.5084,187.3,-0.778018,0.628242,0.0
132.426,77.5084,179.3,-0.778018,0.628242,0.0
132.194,77.2207,187.3,-0.778018,0.628242,0.0
132.194,77.2207,187.3,-0.778018,0.628242,0.0
132.426,77.5084,179.3,-0.778018,0.628242,0.0
132.194,77.2207,179.3,-0.778018,0.628242,0.0
132.194,77.2207,187.3,-0.873017,0.48769,0.0
132.194,77.2207,179.3,-0.873017,0.48769,0.0
132.014,76.8979,187.3,-0.873017,0.48769,0.0
132.014,76.8979,187.3,-0.873017,0.48769,0.0
132.194,77.2207,179.3,-0.873017,0.48769,0.0
132.014,76.8979,179.3,-0.873017,0.48769,0.0
132.014,76.8979,187.3,-0.942871,0.333157,0.0
132.014,76.8979,179.3,-0.942871,0.333157,0.0
131.89,76.5493,187.3,-0.942871,0.333157,0.0
131.89,76.5493,187.3,-0.942871,0.333157,0.0
132.014,76.8979,179.3,-0.942871,0.333157,0.0
131.89,76.5493,179.3,-0.942871,0.333157,0.0
131.89,76.5493,187.3,-0.985618,0.168988,0.0
131.89,76.5493,179.3,-0.985618,0.168988,0.0
131.828,76.1849,187.3,-0.985618,0.168988,0.0
131.828,76.1849,187.3,-0.985618,0.168988,0.0
131.89,76.5493,179.3,-0.985618,0.168988,0.0
131.828,76.1849,179.3,-0.985618,0.168988,0.0
131.828,76.1849,187.3,-1.0,0.0,0.0
131.828,76.1849,179.3,-1.0,0.0,0.0
131.828,75.8151,187.3,-1.0,0.0,0.0
131.828,75.8151,187.3,-1.0,0.0,0.0
131.828,76.1849,179.3,-1.0,0.0,0.0
131.828,75.8151,179.3,-1.0,0.0,0.0
131.828,75.8151,187.3,-0.985618,-0.168991,0.0
131.828,75.8151,179.3,-0.985618,-0.168991,0.0
131.89,75.4507,187.3,-0.985618,-0.168991,0.0
131.89,75.4507,187.3,-0.985618,-0.168991,0.0
131.828,75.8151,179.3,-0.985618,-0.168991,0.0
131.89,75.4507,179.3,-0.985618,-0.168991,0.0
131.89,75.4507,187.3,-0.942876,-0.333144,0.0
131.89,75.4507,179.3,-0.942876,-0.333144,0.0
132.014,75.1021,187.3,-0.942876,-0.333144,0.0
132.014,75.1021,187.3,-0.942876,-0.333144,0.0
131.89,75.4507,179.3,-0.942876,-0.333144,0.0
132.014,75.1021,179.3,-0.942876,-0.333144,0.0
132.014,75.1021,187.3,-0.873007,-0.487707,0.0
132.014,75.1021,179.3,-0.873007,-0.487707,0.0
132.194,74.7793,187.3,-0.873007,-0.487707,0.0
132.194,74.7793,187.3,-0.873007,-0.487707,0.0
132.014,75.1021,179.3,-0.873007,-0.487707,0.0
132.194,74.7793,179.3,-0.873007,-0.487707,0.0
132.194,74.7793,187.3,-0.778018,-0.628242,0.0
132.194,74.7793,179.3,-0.778018,-0.628242,0.0
132.426,74.4916,187.3,-0.778018,-0.628242,0.0
132.426,74.4916,187.3,-0.778018,-0.628242,0.0
132.194,74.7793,179.3,-0.778018,-0.628242,0.0
132.426,74.4916,179.3,-0.778018,-0.628242,0.0
132.426,74.4916,187.3,-0.660693,-0.750656,0.0
132.426,74.4916,179.3,-0.660693,-0.750656,0.0
132.704,74.2473,187.3,-0.660693,-0.750656,0.0
132.704,74.2473,187.3,-0.660693,-0.750656,0.0
132.426,74.4916,179.3,-0.660693,-0.750656,0.0
132.704,74.2473,179.3,-0.660693,-0.750656,0.0
132.704,74.2473,187.3,-0.524312,-0.851527,0.0
132.704,74.2473,179.3,-0.524312,-0.851527,0.0
133.019,74.0534,187.3,-0.524312,-0.851527,0.0
133.019,74.0534,187.3,-0.524312,-0.851527,0.0
132.704,74.2473,179.3,-0.524312,-0.851527,0.0
133.019,74.0534,179.3,-0.524312,-0.851527,0.0
133.019,74.0534,187.3,-0.372849,-0.927892,0.0
133.019,74.0534,179.3,-0.372849,-0.927892,0.0
133.362,73.9156,187.3,-0.372849,-0.927892,0.0
133.362,73.9156,187.3,-0.372849,-0.927892,0.0
133.019,74.0534,179.3,-0.372849,-0.927892,0.0
133.362,73.9156,179.3,-0.372849,-0.927892,0.0
133.362,73.9156,187.3,-0.210673,-0.977557,0.0
133.362,73.9156,179.3,-0.210673,-0.977557,0.0
133.723,73.8377,187.3,-0.210673,-0.977557,0.0
133.723,73.8377,187.3,-0.210673,-0.977557,0.0
133.362,73.9156,179.3,-0.210673,-0.977557,0.0
133.723,73.8377,179.3,-0.210673,-0.977557,0.0
133.723,73.8377,187.3,-0.042463,-0.999098,0.0
133.723,73.8377,179.3,-0.042463,-0.999098,0.0
134.093,73.822,187.3,-0.042463,-0.999098,0.0
134.093,73.822,187.3,-0.042463,-0.999098,0.0
133.723,73.8377,179.3,-0.042463,-0.999098,0.0
134.093,73.822,179.3,-0.042463,-0.999098,0.0
134.093,73.822,187.3,0.127021,-0.9919,0.0
134.093,73.822,179.3,0.127021,-0.9919,0.0
134.459,73.8689,187.3,0.127021,-0.9919,0.0
134.459,73.8689,187.3,0.127021,-0.9919,0.0
134.093,73.822,179.3,0.127021,-0.9919,0.0
134.459,73.8689,179.3,0.127021,-0.9919,0.0
134.459,73.8689,187.3,0.292833,-0.956164,0.0
134.459,73.8689,179.3,0.292833,-0.956164,0.0
134.813,73.9772,187.3,0.292833,-0.956164,0.0
134.813,73.9772,187.3,0.292833,-0.956164,0.0
134.459,73.8689,179.3,0.292833,-0.956164,0.0
134.813,73.9772,179.3,0.292833,-0.956164,0.0
134.813,73.9772,187.3,0.450199,-0.892928,0.0
134.813,73.9772,179.3,0.450199,-0.892928,0.0
135.143,74.1437,187.3,0.450199,-0.892928,0.0
135.143,74.1437,187.3,0.450199,-0.892928,0.0
134.813,73.9772,179.3,0.450199,-0.892928,0.0
135.143,74.1437,179.3,0.450199,-0.892928,0.0
135.143,74.1437,187.3,0.594645,-0.803988,0.0
135.143,74.1437,179.3,0.594645,-0.803988,0.0
135.44,74.3635,187.3,0.594645,-0.803988,0.0
135.44,74.3635,187.3,0.594645,-0.803988,0.0
135.143,74.1437,179.3,0.594645,-0.803988,0.0
135.44,74.3635,179.3,0.594645,-0.803988,0.0
135.44,74.3635,187.3,0.721979,-0.691915,0.0
135.44,74.3635,179.3,0.721979,-0.691915,0.0
135.696,74.6305,187.3,0.721979,-0.691915,0.0
135.696,74.6305,187.3,0.721979,-0.691915,0.0
135.44,74.3635,179.3,0.721979,-0.691915,0.0
135.696,74.6305,179.3,0.721979,-0.691915,0.0
135.696,74.6305,187.3,0.828491,-0.560003,0.0
135.696,74.6305,179.3,0.828491,-0.560003,0.0
135.903,74.9368,187.3,0.828491,-0.560003,0.0
135.903,74.9368,187.3,0.828491,-0.560003,0.0
135.696,74.6305,179.3,0.828491,-0.560003,0.0
135.903,74.9368,179.3,0.828491,-0.560003,0.0
135.903,74.9368,187.3,0.911232,-0.411893,0.0
135.903,74.9368,179.3,0.911232,-0.411893,0.0
136.055,75.2738,187.3,0.911232,-0.411893,0.0
136.055,75.2738,187.3,0.911232,-0.411893,0.0
135.903,74.9368,179.3,0.911232,-0.411893,0.0
136.055,75.2738,179.3,0.911232,-0.411893,0.0
136.055,75.2738,187.3,0.967725,-0.25201,0.0
136.055,75.2738,179.3,0.967725,-0.25201,0.0
136.149,75.6316,187.3,0.967725,-0.25201,0.0
136.149,75.6316,187.3,0.967725,-0.25201,0.0
136.055,75.2738,179.3,0.967725,-0.25201,0.0
136.149,75.6316,179.3,0.967725,-0.25201,0.0
136.149,75.6316,187.3,0.996401,-0.084765,0.0
136.149,75.6316,179.3,0.996401,-0.084765,0.0
136.18,76.0,187.3,0.996401,-0.084765,0.0
136.18,76.0,187.3,0.996401,-0.084765,0.0
136.149,75.6316,179.3,0.996401,-0.084765,0.0
136.18,76.0,179.3,0.996401,-0.084765,0.0
136.18,76.0,187.3,0.996401,0.0847632,0.0
136.18,76.0,179.3,0.996401,0.0847632,0.0
136.149,76.3684,187.3,0.996401,0.0847632,0.0
136.149,76.3684,187.3,0.996401,0.0847632,0.0
136.18,76.0,179.3,0.996401,0.0847632,0.0
136.149,76.3684,179.3,0.996401,0.0847632,0.0
