312.243,179.491,94.0,0.0,0.0,1.0
375.0,187.5,94.0,0.0,0.0,1.0
312.243,195.509,94.0,0.0,0.0,1.0
312.243,195.509,94.0,0.0,0.0,1.0
375.0,187.5,94.0,0.0,0.0,1.0
373.973,207.099,94.0,0.0,0.0,1.0
312.243,195.509,94.0,0.0,0.0,1.0
373.973,207.099,94.0,0.0,0.0,1.0
310.195,211.395,94.0,0.0,0.0,1.0
310.195,211.395,94.0,0.0,0.0,1.0
373.973,207.099,94.0,0.0,0.0,1.0
370.903,226.483,94.0,0.0,0.0,1.0
310.195,211.395,94.0,0.0,0.0,1.0
370.903,226.483,94.0,0.0,0.0,1.0
306.132,226.889,94.0,0.0,0.0,1.0
306.132,226.889,94.0,0.0,0.0,1.0
370.903,226.483,94.0,0.0,0.0,1.0
365.823,245.441,94.0,0.0,0.0,1.0
306.132,226.889,94.0,0.0,0.0,1.0
365.823,245.441,94.0,0.0,0.0,1.0
300.121,241.735,94.0,0.0,0.0,1.0
365.823,245.441,94.0,0.0,0.0,1.0
358.79,263.763,94.0,0.0,0.0,1.0
300.121,241.735,94.0,0.0,0.0,1.0
300.121,241.735,94.0,0.0,0.0,1.0
358.79,263.763,94.0,0.0,0.0,1.0
349.88,281.25,94.0,0.0,0.0,1.0
300.121,241.735,94.0,0.0,0.0,1.0
349.88,281.25,94.0,0.0,0.0,1.0
292.261,255.692,94.0,0.0,0.0,1.0
292.261,255.692,94.0,0.0,0.0,1.0
349.88,281.25,94.0,0.0,0.0,1.0
339.191,297.71,94.0,0.0,0.0,1.0
292.261,255.692,94.0,0.0,0.0,1.0
339.191,297.71,94.0,0.0,0.0,1.0
282.681,268.529,94.0,0.0,0.0,1.0
282.681,268.529,94.0,0.0,0.0,1.0
339.191,297.71,94.0,0.0,0.0,1.0
326.84,312.962,94.0,0.0,0.0,1.0
282.681,268.529,94.0,0.0,0.0,1.0
326.84,312.962,94.0,0.0,0.0,1.0
271.538,280.035,94.0,0.0,0.0,1.0
271.538,280.035,94.0,0.0,0.0,1.0
326.84,312.962,94.0,0.0,0.0,1.0
312.962,326.84,94.0,0.0,0.0,1.0
271.538,280.035,94.0,0.0,0.0,1.0
312.962,326.84,94.0,0.0,0.0,1.0
259.015,290.022,94.0,0.0,0.0,1.0
259.015,290.022,94.0,0.0,0.0,1.0
312.962,326.84,94.0,0.0,0.0,1.0
297.71,339.191,94.0,0.0,0.0,1.0
259.015,290.022,94.0,0.0,0.0,1.0
297.71,339.191,94.0,0.0,0.0,1.0
245.317,298.325,94.0,0.0,0.0,1.0
292.261,119.308,94.0,0.0,0.0,1.0
349.88,93.75,94.0,0.0,0.0,1.0
300.121,133.265,94.0,0.0,0.0,1.0
300.121,133.265,94.0,0.0,0.0,1.0
349.88,93.75,94.0,0.0,0.0,1.0
358.79,111.237,94.0,0.0,0.0,1.0
300.121,133.265,94.0,0.0,0.0,1.0
358.79,111.237,94.0,0.0,0.0,1.0
306.132,148.111,94.0,0.0,0.0,1.0
306.132,148.111,94.0,0.0,0.0,1.0
358.79,111.237,94.0,0.0,0.0,1.0
365.823,129.559,94.0,0.0,0.0,1.0
306.132,148.111,94.0,0.0,0.0,1.0
365.823,129.559,94.0,0.0,0.0,1.0
310.195,163.605,94.0,0.0,0.0,1.0
310.195,163.605,94.0,0.0,0.0,1.0
365.823,129.559,94.0,0.0,0.0,1.0
370.903,148.517,94.0,0.0,0.0,1.0
310.195,163.605,94.0,0.0,0.0,1.0
370.903,148.517,94.0,0.0,0.0,1.0
312.243,179.491,94.0,0.0,0.0,1.0
312.243,179.491,94.0,0.0,0.0,1.0
370.903,148.517,94.0,0.0,0.0,1.0
373.973,167.901,94.0,0.0,0.0,1.0
312.243,179.491,94.0,0.0,0.0,1.0
373.973,167.901,94.0,0.0,0.0,1.0
375.0,187.5,94.0,0.0,0.0,1.0
71.6354,234.408,94.0,0.0,0.0,1.0
9.17691,245.441,94.0,0.0,0.0,1.0
66.5881,219.207,94.0,0.0,0.0,1.0
66.5881,219.207,94.0,0.0,0.0,1.0
9.17691,245.441,94.0,0.0,0.0,1.0
4.09733,226.483,94.0,0.0,0.0,1.0
66.5881,219.207,94.0,0.0,0.0,1.0
4.09733,226.483,94.0,0.0,0.0,1.0
63.5262,203.485,94.0,0.0,0.0,1.0
63.5262,203.485,94.0,0.0,0.0,1.0
4.09733,226.483,94.0,0.0,0.0,1.0
1.02715,207.099,94.0,0.0,0.0,1.0
63.5262,203.485,94.0,0.0,0.0,1.0
1.02715,207.099,94.0,0.0,0.0,1.0
62.5,187.5,94.0,0.0,0.0,1.0
62.5,187.5,94.0,0.0,0.0,1.0
1.02715,207.099,94.0,0.0,0.0,1.0
0.0,187.5,94.0,0.0,0.0,1.0
62.5,187.5,94.0,0.0,0.0,1.0
0.0,187.5,94.0,0.0,0.0,1.0
63.5262,171.515,94.0,0.0,0.0,1.0
63.5262,171.515,94.0,0.0,0.0,1.0
0.0,187.5,94.0,0.0,0.0,1.0
1.02715,167.901,94.0,0.0,0.0,1.0
63.5262,171.515,94.0,0.0,0.0,1.0
1.02715,167.901,94.0,0.0,0.0,1.0
66.5881,155.793,94.0,0.0,0.0,1.0
109.564,285.229,94.0,0.0,0.0,1.0
62.038,326.84,94.0,0.0,0.0,1.0
97.7063,274.46,94.0,0.0,0.0,1.0
97.7063,274.46,94.0,0.0,0.0,1.0
62.038,326.84,94.0,0.0,0.0,1.0
48.1603,312.962,94.0,0.0,0.0,1.0
97.7063,274.46,94.0,0.0,0.0,1.0
48.1603,312.962,94.0,0.0,0.0,1.0
87.3233,262.264,94.0,0.0,0.0,1.0
87.3233,262.264,94.0,0.0,0.0,1.0
48.1603,312.962,94.0,0.0,0.0,1.0
35.8093,297.71,94.0,0.0,0.0,1.0
87.3233,262.264,94.0,0.0,0.0,1.0
35.8093,297.71,94.0,0.0,0.0,1.0
78.5852,248.84,94.0,0.0,0.0,1.0
78.5852,248.84,94.0,0.0,0.0,1.0
35.8093,297.71,94.0,0.0,0.0,1.0
25.1202,281.25,94.0,0.0,0.0,1.0
78.5852,248.84,94.0,0.0,0.0,1.0
25.1202,281.25,94.0,0.0,0.0,1.0
71.6354,234.408,94.0,0.0,0.0,1.0
71.6354,234.408,94.0,0.0,0.0,1.0
25.1202,281.25,94.0,0.0,0.0,1.0
16.2102,263.763,94.0,0.0,0.0,1.0
71.6354,234.408,94.0,0.0,0.0,1.0
16.2102,263.763,94.0,0.0,0.0,1.0
9.17691,245.441,94.0,0.0,0.0,1.0
230.671,70.1915,94.0,0.0,0.0,1.0
263.763,16.2102,94.0,0.0,0.0,1.0
245.317,76.6751,94.0,0.0,0.0,1.0
245.317,76.6751,94.0,0.0,0.0,1.0
263.763,16.2102,94.0,0.0,0.0,1.0
281.25,25.1202,94.0,0.0,0.0,1.0
245.317,76.6751,94.0,0.0,0.0,1.0
281.25,25.1202,94.0,0.0,0.0,1.0
259.015,84.9785,94.0,0.0,0.0,1.0
259.015,84.9785,94.0,0.0,0.0,1.0
281.25,25.1202,94.0,0.0,0.0,1.0
297.71,35.8093,94.0,0.0,0.0,1.0
259.015,84.9785,94.0,0.0,0.0,1.0
297.71,35.8093,94.0,0.0,0.0,1.0
271.538,94.9652,94.0,0.0,0.0,1.0
271.538,94.9652,94.0,0.0,0.0,1.0
297.71,35.8093,94.0,0.0,0.0,1.0
312.962,48.1603,94.0,0.0,0.0,1.0
271.538,94.9652,94.0,0.0,0.0,1.0
312.962,48.1603,94.0,0.0,0.0,1.0
282.681,106.471,94.0,0.0,0.0,1.0
282.681,106.471,94.0,0.0,0.0,1.0
312.962,48.1603,94.0,0.0,0.0,1.0
326.84,62.038,94.0,0.0,0.0,1.0
282.681,106.471,94.0,0.0,0.0,1.0
326.84,62.038,94.0,0.0,0.0,1.0
292.261,119.308,94.0,0.0,0.0,1.0
292.261,119.308,94.0,0.0,0.0,1.0
326.84,62.038,94.0,0.0,0.0,1.0
339.191,77.2903,94.0,0.0,0.0,1.0
292.261,119.308,94.0,0.0,0.0,1.0
339.191,77.2903,94.0,0.0,0.0,1.0
349.88,93.75,94.0,0.0,0.0,1.0
183.494,312.436,94.0,0.0,0.0,1.0
167.901,373.973,94.0,0.0,0.0,1.0
167.55,310.898,94.0,0.0,0.0,1.0
167.55,310.898,94.0,0.0,0.0,1.0
167.901,373.973,94.0,0.0,0.0,1.0
148.517,370.903,94.0,0.0,0.0,1.0
167.55,310.898,94.0,0.0,0.0,1.0
148.517,370.903,94.0,0.0,0.0,1.0
151.934,307.333,94.0,0.0,0.0,1.0
151.934,307.333,94.0,0.0,0.0,1.0
148.517,370.903,94.0,0.0,0.0,1.0
129.559,365.823,94.0,0.0,0.0,1.0
151.934,307.333,94.0,0.0,0.0,1.0
129.559,365.823,94.0,0.0,0.0,1.0
136.902,301.802,94.0,0.0,0.0,1.0
136.902,301.802,94.0,0.0,0.0,1.0
129.559,365.823,94.0,0.0,0.0,1.0
111.237,358.79,94.0,0.0,0.0,1.0
136.902,301.802,94.0,0.0,0.0,1.0
111.237,358.79,94.0,0.0,0.0,1.0
122.701,294.393,94.0,0.0,0.0,1.0
122.701,294.393,94.0,0.0,0.0,1.0
111.237,358.79,94.0,0.0,0.0,1.0
93.75,349.88,94.0,0.0,0.0,1.0
122.701,294.393,94.0,0.0,0.0,1.0
93.75,349.88,94.0,0.0,0.0,1.0
109.564,285.229,94.0,0.0,0.0,1.0
109.564,285.229,94.0,0.0,0.0,1.0
93.75,349.88,94.0,0.0,0.0,1.0
77.2903,339.191,94.0,0.0,0.0,1.0
109.564,285.229,94.0,0.0,0.0,1.0
77.2903,339.191,94.0,0.0,0.0,1.0
62.038,326.84,94.0,0.0,0.0,1.0
297.71,339.191,94.0,0.0,0.0,1.0
281.25,349.88,94.0,0.0,0.0,1.0
245.317,298.325,94.0,0.0,0.0,1.0
245.317,298.325,94.0,0.0,0.0,1.0
281.25,349.88,94.0,0.0,0.0,1.0
263.763,358.79,94.0,0.0,0.0,1.0
245.317,298.325,94.0,0.0,0.0,1.0
263.763,358.79,94.0,0.0,0.0,1.0
230.671,304.809,94.0,0.0,0.0,1.0
230.671,304.809,94.0,0.0,0.0,1.0
263.763,358.79,94.0,0.0,0.0,1.0
245.441,365.823,94.0,0.0,0.0,1.0
230.671,304.809,94.0,0.0,0.0,1.0
245.441,365.823,94.0,0.0,0.0,1.0
215.315,309.366,94.0,0.0,0.0,1.0
215.315,309.366,94.0,0.0,0.0,1.0
245.441,365.823,94.0,0.0,0.0,1.0
226.483,370.903,94.0,0.0,0.0,1.0
215.315,309.366,94.0,0.0,0.0,1.0
226.483,370.903,94.0,0.0,0.0,1.0
199.503,311.922,94.0,0.0,0.0,1.0
199.503,311.922,94.0,0.0,0.0,1.0
226.483,370.903,94.0,0.0,0.0,1.0
207.099,373.973,94.0,0.0,0.0,1.0
199.503,311.922,94.0,0.0,0.0,1.0
207.099,373.973,94.0,0.0,0.0,1.0
183.494,312.436,94.0,0.0,0.0,1.0
183.494,312.436,94.0,0.0,0.0,1.0
207.099,373.973,94.0,0.0,0.0,1.0
187.5,375.0,94.0,0.0,0.0,1.0
183.494,312.436,94.0,0.0,0.0,1.0
187.5,375.0,94.0,0.0,0.0,1.0
167.901,373.973,94.0,0.0,0.0,1.0
167.55,64.1023,94.0,0.0,0.0,1.0
167.901,1.02715,94.0,0.0,0.0,1.0
183.494,62.5642,94.0,0.0,0.0,1.0
183.494,62.5642,94.0,0.0,0.0,1.0
167.901,1.02715,94.0,0.0,0.0,1.0
187.5,0.0,94.0,0.0,0.0,1.0
183.494,62.5642,94.0,0.0,0.0,1.0
187.5,0.0,94.0,0.0,0.0,1.0
199.503,63.0776,94.0,0.0,0.0,1.0
199.503,63.0776,94.0,0.0,0.0,1.0
187.5,0.0,94.0,0.0,0.0,1.0
207.099,1.02715,94.0,0.0,0.0,1.0
199.503,63.0776,94.0,0.0,0.0,1.0
207.099,1.02715,94.0,0.0,0.0,1.0
215.315,65.634,94.0,0.0,0.0,1.0
215.315,65.634,94.0,0.0,0.0,1.0
207.099,1.02715,94.0,0.0,0.0,1.0
226.483,4.09733,94.0,0.0,0.0,1.0
215.315,65.634,94.0,0.0,0.0,1.0
226.483,4.09733,94.0,0.0,0.0,1.0
230.671,70.1915,94.0,0.0,0.0,1.0
230.671,70.1915,94.0,0.0,0.0,1.0
226.483,4.09733,94.0,0.0,0.0,1.0
245.441,9.17691,94.0,0.0,0.0,1.0
230.671,70.1915,94.0,0.0,0.0,1.0
245.441,9.17691,94.0,0.0,0.0,1.0
263.763,16.2102,94.0,0.0,0.0,1.0
97.7063,100.54,94.0,0.0,0.0,1.0
62.038,48.1603,94.0,0.0,0.0,1.0
109.564,89.7711,94.0,0.0,0.0,1.0
109.564,89.7711,94.0,0.0,0.0,1.0
62.038,48.1603,94.0,0.0,0.0,1.0
77.2903,35.8093,94.0,0.0,0.0,1.0
109.564,89.7711,94.0,0.0,0.0,1.0
77.2903,35.8093,94.0,0.0,0.0,1.0
122.701,80.6072,94.0,0.0,0.0,1.0
122.701,80.6072,94.0,0.0,0.0,1.0
77.2903,35.8093,94.0,0.0,0.0,1.0
93.75,25.1202,94.0,0.0,0.0,1.0
122.701,80.6072,94.0,0.0,0.0,1.0
93.75,25.1202,94.0,0.0,0.0,1.0
136.902,73.1984,94.0,0.0,0.0,1.0
136.902,73.1984,94.0,0.0,0.0,1.0
93.75,25.1202,94.0,0.0,0.0,1.0
111.237,16.2102,94.0,0.0,0.0,1.0
136.902,73.1984,94.0,0.0,0.0,1.0
111.237,16.2102,94.0,0.0,0.0,1.0
151.934,67.6665,94.0,0.0,0.0,1.0
151.934,67.6665,94.0,0.0,0.0,1.0
111.237,16.2102,94.0,0.0,0.0,1.0
129.559,9.17691,94.0,0.0,0.0,1.0
151.934,67.6665,94.0,0.0,0.0,1.0
129.559,9.17691,94.0,0.0,0.0,1.0
167.55,64.1023,94.0,0.0,0.0,1.0
167.55,64.1023,94.0,0.0,0.0,1.0
129.559,9.17691,94.0,0.0,0.0,1.0
148.517,4.09733,94.0,0.0,0.0,1.0
167.55,64.1023,94.0,0.0,0.0,1.0
148.517,4.09733,94.0,0.0,0.0,1.0
167.901,1.02715,94.0,0.0,0.0,1.0
1.02715,167.901,94.0,0.0,0.0,1.0
4.09733,148.517,94.0,0.0,0.0,1.0
66.5881,155.793,94.0,0.0,0.0,1.0
66.5881,155.793,94.0,0.0,0.0,1.0
4.09733,148.517,94.0,0.0,0.0,1.0
9.17691,129.559,94.0,0.0,0.0,1.0
66.5881,155.793,94.0,0.0,0.0,1.0
9.17691,129.559,94.0,0.0,0.0,1.0
71.6354,140.592,94.0,0.0,0.0,1.0
71.6354,140.592,94.0,0.0,0.0,1.0
9.17691,129.559,94.0,0.0,0.0,1.0
16.2102,111.237,94.0,0.0,0.0,1.0
71.6354,140.592,94.0,0.0,0.0,1.0
16.2102,111.237,94.0,0.0,0.0,1.0
78.5852,126.16,94.0,0.0,0.0,1.0
78.5852,126.16,94.0,0.0,0.0,1.0
16.2102,111.237,94.0,0.0,0.0,1.0
25.1202,93.75,94.0,0.0,0.0,1.0
78.5852,126.16,94.0,0.0,0.0,1.0
25.1202,93.75,94.0,0.0,0.0,1.0
87.3233,112.736,94.0,0.0,0.0,1.0
87.3233,112.736,94.0,0.0,0.0,1.0
25.1202,93.75,94.0,0.0,0.0,1.0
35.8093,77.2903,94.0,0.0,0.0,1.0
87.3233,112.736,94.0,0.0,0.0,1.0
35.8093,77.2903,94.0,0.0,0.0,1.0
97.7063,100.54,94.0,0.0,0.0,1.0
97.7063,100.54,94.0,0.0,0.0,1.0
35.8093,77.2903,94.0,0.0,0.0,1.0
48.1603,62.038,94.0,0.0,0.0,1.0
97.7063,100.54,94.0,0.0,0.0,1.0
48.1603,62.038,94.0,0.0,0.0,1.0
62.038,48.1603,94.0,0.0,0.0,1.0
373.973,207.099,94.0,0.987688,0.156435,0.0
373.973,207.099,0.0,0.987688,0.156435,0.0
370.903,226.483,94.0,0.987688,0.156435,0.0
370.903,226.483,94.0,0.987688,0.156435,0.0
373.973,207.099,0.0,0.987688,0.156435,0.0
370.903,226.483,0.0,0.987688,0.156435,0.0
370.903,226.483,94.0,0.965926,0.258818,0.0
370.903,226.483,0.0,0.965926,0.258818,0.0
365.823,245.441,94.0,0.965926,0.258818,0.0
365.823,245.441,94.0,0.965926,0.258818,0.0
370.903,226.483,0.0,0.965926,0.258818,0.0
365.823,245.441,0.0,0.965926,0.258818,0.0
365.823,245.441,94.0,0.93358,0.358368,0.0
365.823,245.441,0.0,0.93358,0.358368,0.0
358.79,263.763,94.0,0.93358,0.358368,0.0
358.79,263.763,94.0,0.93358,0.358368,0.0
365.823,245.441,0.0,0.93358,0.358368,0.0
358.79,263.763,0.0,0.93358,0.358368,0.0
358.79,263.763,94.0,0.891006,0.453992,0.0
358.79,263.763,0.0,0.891006,0.453992,0.0
349.88,281.25,94.0,0.891006,0.453992,0.0
349.88,281.25,94.0,0.891006,0.453992,0.0
358.79,263.763,0.0,0.891006,0.453992,0.0
349.88,281.25,0.0,0.891006,0.453992,0.0
349.88,281.25,94.0,0.838672,0.544637,0.0
349.88,281.25,0.0,0.838672,0.544637,0.0
339.191,297.71,94.0,0.838672,0.544637,0.0
339.191,297.71,94.0,0.838672,0.544637,0.0
349.88,281.25,0.0,0.838672,0.544637,0.0
339.191,297.71,0.0,0.838672,0.544637,0.0
339.191,297.71,94.0,0.777146,0.629321,0.0
339.191,297.71,0.0,0.777146,0.629321,0.0
326.84,312.962,94.0,0.777146,0.629321,0.0
326.84,312.962,94.0,0.777146,0.629321,0.0
339.191,297.71,0.0,0.777146,0.629321,0.0
326.84,312.962,0.0,0.777146,0.629321,0.0
326.84,312.962,94.0,0.707107,0.707107,0.0
326.84,312.962,0.0,0.707107,0.707107,0.0
312.962,326.84,94.0,0.707107,0.707107,0.0
312.962,326.84,94.0,0.707107,0.707107,0.0
326.84,312.962,0.0,0.707107,0.707107,0.0
312.962,326.84,0.0,0.707107,0.707107,0.0
312.962,326.84,94.0,0.629321,0.777146,0.0
312.962,326.84,0.0,0.629321,0.777146,0.0
297.71,339.191,94.0,0.629321,0.777146,0.0
297.71,339.191,94.0,0.629321,0.777146,0.0
312.962,326.84,0.0,0.629321,0.777146,0.0
297.71,339.191,0.0,0.629321,0.777146,0.0
297.71,339.191,94.0,0.544637,0.838672,0.0
297.71,339.191,0.0,0.544637,0.838672,0.0
281.25,349.88,94.0,0.544637,0.838672,0.0
281.25,349.88,94.0,0.544637,0.838672,0.0
297.71,339.191,0.0,0.544637,0.838672,0.0
281.25,349.88,0.0,0.544637,0.838672,0.0
281.25,349.88,94.0,0.453992,0.891006,0.0
281.25,349.88,0.0,0.453992,0.891006,0.0
263.763,358.79,94.0,0.453992,0.891006,0.0
263.763,358.79,94.0,0.453992,0.891006,0.0
281.25,349.88,0.0,0.453992,0.891006,0.0
263.763,358.79,0.0,0.453992,0.891006,0.0
263.763,358.79,94.0,0.358368,0.93358,0.0
263.763,358.79,0.0,0.358368,0.93358,0.0
245.441,365.823,94.0,0.358368,0.93358,0.0
245.441,365.823,94.0,0.358368,0.93358,0.0
263.763,358.79,0.0,0.358368,0.93358,0.0
245.441,365.823,0.0,0.358368,0.93358,0.0
245.441,365.823,94.0,0.258818,0.965926,0.0
245.441,365.823,0.0,0.258818,0.965926,0.0
226.483,370.903,94.0,0.258818,0.965926,0.0
226.483,370.903,94.0,0.258818,0.965926,0.0
245.441,365.823,0.0,0.258818,0.965926,0.0
226.483,370.903,0.0,0.258818,0.965926,0.0
226.483,370.903,94.0,0.156435,0.987688,0.0
226.483,370.903,0.0,0.156435,0.987688,0.0
207.099,373.973,94.0,0.156435,0.987688,0.0
207.099,373.973,94.0,0.156435,0.987688,0.0
226.483,370.903,0.0,0.156435,0.987688,0.0
207.099,373.973,0.0,0.156435,0.987688,0.0
207.099,373.973,94.0,0.0523368,0.998629,0.0
207.099,373.973,0.0,0.0523368,0.998629,0.0
187.5,375.0,94.0,0.0523368,0.998629,0.0
187.5,375.0,94.0,0.0523368,0.998629,0.0
207.099,373.973,0.0,0.0523368,0.998629,0.0
187.5,375.0,0.0,0.0523368,0.998629,0.0
187.5,375.0,94.0,-0.0523368,0.998629,0.0
187.5,375.0,0.0,-0.0523368,0.998629,0.0
167.901,373.973,94.0,-0.0523368,0.998629,0.0
167.901,373.973,94.0,-0.0523368,0.998629,0.0
187.5,375.0,0.0,-0.0523368,0.998629,0.0
167.901,373.973,0.0,-0.0523368,0.998629,0.0
167.901,373.973,94.0,-0.156435,0.987688,0.0
167.901,373.973,0.0,-0.156435,0.987688,0.0
148.517,370.903,94.0,-0.156435,0.987688,0.0
148.517,370.903,94.0,-0.156435,0.987688,0.0
167.901,373.973,0.0,-0.156435,0.987688,0.0
148.517,370.903,0.0,-0.156435,0.987688,0.0
148.517,370.903,94.0,-0.258818,0.965926,0.0
148.517,370.903,0.0,-0.258818,0.965926,0.0
129.559,365.823,94.0,-0.258818,0.965926,0.0
129.559,365.823,94.0,-0.258818,0.965926,0.0
148.517,370.903,0.0,-0.258818,0.965926,0.0
129.559,365.823,0.0,-0.258818,0.965926,0.0
129.559,365.823,94.0,-0.358368,0.93358,0.0
129.559,365.823,0.0,-0.358368,0.93358,0.0
111.237,358.79,94.0,-0.358368,0.93358,0.0
111.237,358.79,94.0,-0.358368,0.93358,0.0
129.559,365.823,0.0,-0.358368,0.93358,0.0
111.237,358.79,0.0,-0.358368,0.93358,0.0
111.237,358.79,94.0,-0.453992,0.891006,0.0
111.237,358.79,0.0,-0.453992,0.891006,0.0
93.75,349.88,94.0,-0.453992,0.891006,0.0
93.75,349.88,94.0,-0.453992,0.891006,0.0
111.237,358.79,0.0,-0.453992,0.891006,0.0
93.75,349.88,0.0,-0.453992,0.891006,0.0
93.75,349.88,94.0,-0.544637,0.838672,0.0
93.75,349.88,0.0,-0.544637,0.838672,0.0
77.2903,339.191,94.0,-0.544637,0.838672,0.0
77.2903,339.191,94.0,-0.544637,0.838672,0.0
93.75,349.88,0.0,-0.544637,0.838672,0.0
77.2903,339.191,0.0,-0.544637,0.838672,0.0
77.2903,339.191,94.0,-0.629321,0.777146,0.0
77.2903,339.191,0.0,-0.629321,0.777146,0.0
62.038,326.84,94.0,-0.629321,0.777146,0.0
62.038,326.84,94.0,-0.629321,0.777146,0.0
77.2903,339.191,0.0,-0.629321,0.777146,0.0
62.038,326.84,0.0,-0.629321,0.777146,0.0
62.038,326.84,94.0,-0.707107,0.707107,0.0
62.038,326.84,0.0,-0.707107,0.707107,0.0
48.1603,312.962,94.0,-0.707107,0.707107,0.0
48.1603,312.962,94.0,-0.707107,0.707107,0.0
62.038,326.84,0.0,-0.707107,0.707107,0.0
48.1603,312.962,0.0,-0.707107,0.707107,0.0
48.1603,312.962,94.0,-0.777146,0.62932,0.0
48.1603,312.962,0.0,-0.777146,0.62932,0.0
35.8093,297.71,94.0,-0.777146,0.62932,0.0
35.8093,297.71,94.0,-0.777146,0.62932,0.0
48.1603,312.962,0.0,-0.777146,0.62932,0.0
35.8093,297.71,0.0,-0.777146,0.62932,0.0
35.8093,297.71,94.0,-0.838671,0.544638,0.0
35.8093,297.71,0.0,-0.838671,0.544638,0.0
25.1202,281.25,94.0,-0.838671,0.544638,0.0
25.1202,281.25,94.0,-0.838671,0.544638,0.0
35.8093,297.71,0.0,-0.838671,0.544638,0.0
25.1202,281.25,0.0,-0.838671,0.544638,0.0
25.1202,281.25,94.0,-0.891006,0.453991,0.0
25.1202,281.25,0.0,-0.891006,0.453991,0.0
16.2102,263.763,94.0,-0.891006,0.453991,0.0
16.2102,263.763,94.0,-0.891006,0.453991,0.0
25.1202,281.25,0.0,-0.891006,0.453991,0.0
16.2102,263.763,0.0,-0.891006,0.453991,0.0
16.2102,263.763,94.0,-0.933581,0.358368,0.0
16.2102,263.763,0.0,-0.933581,0.358368,0.0
9.17691,245.441,94.0,-0.933581,0.358368,0.0
9.17691,245.441,94.0,-0.933581,0.358368,0.0
16.2102,263.763,0.0,-0.933581,0.358368,0.0
9.17691,245.441,0.0,-0.933581,0.358368,0.0
9.17691,245.441,94.0,-0.965926,0.258819,0.0
9.17691,245.441,0.0,-0.965926,0.258819,0.0
4.09733,226.483,94.0,-0.965926,0.258819,0.0
4.09733,226.483,94.0,-0.965926,0.258819,0.0
9.17691,245.441,0.0,-0.965926,0.258819,0.0
4.09733,226.483,0.0,-0.965926,0.258819,0.0
4.09733,226.483,94.0,-0.987688,0.156434,0.0
4.09733,226.483,0.0,-0.987688,0.156434,0.0
1.02715,207.099,94.0,-0.987688,0.156434,0.0
1.02715,207.099,94.0,-0.987688,0.156434,0.0
4.09733,226.483,0.0,-0.987688,0.156434,0.0
1.02715,207.099,0.0,-0.987688,0.156434,0.0
1.02715,207.099,94.0,-0.99863,0.0523364,0.0
1.02715,207.099,0.0,-0.99863,0.0523364,0.0
0.0,187.5,94.0,-0.99863,0.0523364,0.0
0.0,187.5,94.0,-0.99863,0.0523364,0.0
1.02715,207.099,0.0,-0.99863,0.0523364,0.0
0.0,187.5,0.0,-0.99863,0.0523364,0.0
0.0,187.5,94.0,-0.99863,-0.0523364,0.0
0.0,187.5,0.0,-0.99863,-0.0523364,0.0
1.02715,167.901,94.0,-0.99863,-0.0523364,0.0
1.02715,167.901,94.0,-0.99863,-0.0523364,0.0
0.0,187.5,0.0,-0.99863,-0.0523364,0.0
1.02715,167.901,0.0,-0.99863,-0.0523364,0.0
1.02715,167.901,94.0,-0.987688,-0.156434,0.0
1.02715,167.901,0.0,-0.987688,-0.156434,0.0
4.09733,148.517,94.0,-0.987688,-0.156434,0.0
4.09733,148.517,94.0,-0.987688,-0.156434,0.0
1.02715,167.901,0.0,-0.987688,-0.156434,0.0
4.09733,148.517,0.0,-0.987688,-0.156434,0.0
4.09733,148.517,94.0,-0.965926,-0.258819,0.0
4.09733,148.517,0.0,-0.965926,-0.258819,0.0
9.17691,129.559,94.0,-0.965926,-0.258819,0.0
9.17691,129.559,94.0,-0.965926,-0.258819,0.0
4.09733,148.517,0.0,-0.965926,-0.258819,0.0
9.17691,129.559,0.0,-0.965926,-0.258819,0.0
9.17691,129.559,94.0,-0.933581,-0.358368,0.0
9.17691,129.559,0.0,-0.933581,-0.358368,0.0
16.2102,111.237,94.0,-0.933581,-0.358368,0.0
16.2102,111.237,94.0,-0.933581,-0.358368,0.0
9.17691,129.559,0.0,-0.933581,-0.358368,0.0
16.2102,111.237,0.0,-0.933581,-0.358368,0.0
16.2102,111.237,94.0,-0.891006,-0.453991,0.0
16.2102,111.237,0.0,-0.891006,-0.453991,0.0
25.1202,93.75,94.0,-0.891006,-0.453991,0.0
25.1202,93.75,94.0,-0.891006,-0.453991,0.0
16.2102,111.237,0.0,-0.891006,-0.453991,0.0
25.1202,93.75,0.0,-0.891006,-0.453991,0.0
25.1202,93.75,94.0,-0.838671,-0.544639,0.0
25.1202,93.75,0.0,-0.838671,-0.544639,0.0
35.8093,77.2903,94.0,-0.838671,-0.544639,0.0
35.8093,77.2903,94.0,-0.838671,-0.544639,0.0
25.1202,93.75,0.0,-0.838671,-0.544639,0.0
35.8093,77.2903,0.0,-0.838671,-0.544639,0.0
35.8093,77.2903,94.0,-0.777146,-0.62932,0.0
35.8093,77.2903,0.0,-0.777146,-0.62932,0.0
48.1603,62.038,94.0,-0.777146,-0.62932,0.0
48.1603,62.038,94.0,-0.777146,-0.62932,0.0
35.8093,77.2903,0.0,-0.777146,-0.62932,0.0
48.1603,62.038,0.0,-0.777146,-0.62932,0.0
48.1603,62.038,94.0,-0.707107,-0.707107,0.0
48.1603,62.038,0.0,-0.707107,-0.707107,0.0
62.038,48.1603,94.0,-0.707107,-0.707107,0.0
62.038,48.1603,94.0,-0.707107,-0.707107,0.0
48.1603,62.038,0.0,-0.707107,-0.707107,0.0
62.038,48.1603,0.0,-0.707107,-0.707107,0.0
62.038,48.1603,94.0,-0.62932,-0.777146,0.0
62.038,48.1603,0.0,-0.62932,-0.777146,0.0
77.2903,35.8093,94.0,-0.62932,-0.777146,0.0
77.2903,35.8093,94.0,-0.62932,-0.777146,0.0
62.038,48.1603,0.0,-0.62932,-0.777146,0.0
77.2903,35.8093,0.0,-0.62932,-0.777146,0.0
77.2903,35.8093,94.0,-0.544639,-0.838671,0.0
77.2903,35.8093,0.0,-0.544639,-0.838671,0.0
93.75,25.1202,94.0,-0.544639,-0.838671,0.0
93.75,25.1202,94.0,-0.544639,-0.838671,0.0
77.2903,35.8093,0.0,-0.544639,-0.838671,0.0
93.75,25.1202,0.0,-0.544639,-0.838671,0.0
93.75,25.1202,94.0,-0.453991,-0.891006,0.0
93.75,25.1202,0.0,-0.453991,-0.891006,0.0
111.237,16.2102,94.0,-0.453991,-0.891006,0.0
111.237,16.2102,94.0,-0.453991,-0.891006,0.0
93.75,25.1202,0.0,-0.453991,-0.891006,0.0
111.237,16.2102,0.0,-0.453991,-0.891006,0.0
111.237,16.2102,94.0,-0.358368,-0.933581,0.0
111.237,16.2102,0.0,-0.358368,-0.933581,0.0
129.559,9.17691,94.0,-0.358368,-0.933581,0.0
129.559,9.17691,94.0,-0.358368,-0.933581,0.0
111.237,16.2102,0.0,-0.358368,-0.933581,0.0
129.559,9.17691,0.0,-0.358368,-0.933581,0.0
129.559,9.17691,94.0,-0.258819,-0.965926,0.0
129.559,9.17691,0.0,-0.258819,-0.965926,0.0
148.517,4.09733,94.0,-0.258819,-0.965926,0.0
148.517,4.09733,94.0,-0.258819,-0.965926,0.0
129.559,9.17691,0.0,-0.258819,-0.965926,0.0
148.517,4.09733,0.0,-0.258819,-0.965926,0.0
148.517,4.09733,94.0,-0.156434,-0.987688,0.0
148.517,4.09733,0.0,-0.156434,-0.987688,0.0
167.901,1.02715,94.0,-0.156434,-0.987688,0.0
167.901,1.02715,94.0,-0.156434,-0.987688,0.0
148.517,4.09733,0.0,-0.156434,-0.987688,0.0
167.901,1.02715,0.0,-0.156434,-0.987688,0.0
167.901,1.02715,94.0,-0.0523364,-0.99863,0.0
167.901,1.02715,0.0,-0.0523364,-0.99863,0.0
187.5,0.0,94.0,-0.0523364,-0.99863,0.0
187.5,0.0,94.0,-0.0523364,-0.99863,0.0
167.901,1.02715,0.0,-0.0523364,-0.99863,0.0
187.5,0.0,0.0,-0.0523364,-0.99863,0.0
187.5,0.0,94.0,0.0523364,-0.99863,0.0
187.5,0.0,0.0,0.0523364,-0.99863,0.0
207.099,1.02715,94.0,0.0523364,-0.99863,0.0
207.099,1.02715,94.0,0.0523364,-0.99863,0.0
187.5,0.0,0.0,0.0523364,-0.99863,0.0
207.099,1.02715,0.0,0.0523364,-0.99863,0.0
207.099,1.02715,94.0,0.156434,-0.987688,0.0
207.099,1.02715,0.0,0.156434,-0.987688,0.0
226.483,4.09733,94.0,0.156434,-0.987688,0.0
226.483,4.09733,94.0,0.156434,-0.987688,0.0
207.099,1.02715,0.0,0.156434,-0.987688,0.0
226.483,4.09733,0.0,0.156434,-0.987688,0.0
226.483,4.09733,94.0,0.258819,-0.965926,0.0
226.483,4.09733,0.0,0.258819,-0.965926,0.0
245.441,9.17691,94.0,0.258819,-0.965926,0.0
245.441,9.17691,94.0,0.258819,-0.965926,0.0
226.483,4.09733,0.0,0.258819,-0.965926,0.0
245.441,9.17691,0.0,0.258819,-0.965926,0.0
245.441,9.17691,94.0,0.358368,-0.933581,0.0
245.441,9.17691,0.0,0.358368,-0.933581,0.0
263.763,16.2102,94.0,0.358368,-0.933581,0.0
263.763,16.2102,94.0,0.358368,-0.933581,0.0
245.441,9.17691,0.0,0.358368,-0.933581,0.0
263.763,16.2102,0.0,0.358368,-0.933581,0.0
263.763,16.2102,94.0,0.453991,-0.891006,0.0
263.763,16.2102,0.0,0.453991,-0.891006,0.0
281.25,25.1202,94.0,0.453991,-0.891006,0.0
281.25,25.1202,94.0,0.453991,-0.891006,0.0
263.763,16.2102,0.0,0.453991,-0.891006,0.0
281.25,25.1202,0.0,0.453991,-0.891006,0.0
281.25,25.1202,94.0,0.544638,-0.838671,0.0
281.25,25.1202,0.0,0.544638,-0.838671,0.0
297.71,35.8093,94.0,0.544638,-0.838671,0.0
297.71,35.8093,94.0,0.544638,-0.838671,0.0
281.25,25.1202,0.0,0.544638,-0.838671,0.0
297.71,35.8093,0.0,0.544638,-0.838671,0.0
297.71,35.8093,94.0,0.62932,-0.777146,0.0
297.71,35.8093,0.0,0.62932,-0.777146,0.0
312.962,48.1603,94.0,0.62932,-0.777146,0.0
312.962,48.1603,94.0,0.62932,-0.777146,0.0
297.71,35.8093,0.0,0.62932,-0.777146,0.0
312.962,48.1603,0.0,0.62932,-0.777146,0.0
312.962,48.1603,94.0,0.707107,-0.707107,0.0
312.962,48.1603,0.0,0.707107,-0.707107,0.0
326.84,62.038,94.0,0.707107,-0.707107,0.0
326.84,62.038,94.0,0.707107,-0.707107,0.0
312.962,48.1603,0.0,0.707107,-0.707107,0.0
326.84,62.038,0.0,0.707107,-0.707107,0.0
326.84,62.038,94.0,0.777146,-0.629321,0.0
326.84,62.038,0.0,0.777146,-0.629321,0.0
339.191,77.2903,94.0,0.777146,-0.629321,0.0
339.191,77.2903,94.0,0.777146,-0.629321,0.0
326.84,62.038,0.0,0.777146,-0.629321,0.0
339.191,77.2903,0.0,0.777146,-0.629321,0.0
339.191,77.2903,94.0,0.838672,-0.544637,0.0
339.191,77.2903,0.0,0.838672,-0.544637,0.0
349.88,93.75,94.0,0.838672,-0.544637,0.0
349.88,93.75,94.0,0.838672,-0.544637,0.0
339.191,77.2903,0.0,0.838672,-0.544637,0.0
349.88,93.75,0.0,0.838672,-0.544637,0.0
349.88,93.75,94.0,0.891006,-0.453992,0.0
349.88,93.75,0.0,0.891006,-0.453992,0.0
358.79,111.237,94.0,0.891006,-0.453992,0.0
358.79,111.237,94.0,0.891006,-0.453992,0.0
349.88,93.75,0.0,0.891006,-0.453992,0.0
358.79,111.237,0.0,0.891006,-0.453992,0.0
358.79,111.237,94.0,0.93358,-0.358368,0.0
358.79,111.237,0.0,0.93358,-0.358368,0.0
365.823,129.559,94.0,0.93358,-0.358368,0.0
365.823,129.559,94.0,0.93358,-0.358368,0.0
358.79,111.237,0.0,0.93358,-0.358368,0.0
365.823,129.559,0.0,0.93358,-0.358368,0.0
365.823,129.559,94.0,0.965926,-0.258818,0.0
365.823,129.559,0.0,0.965926,-0.258818,0.0
370.903,148.517,94.0,0.965926,-0.258818,0.0
370.903,148.517,94.0,0.965926,-0.258818,0.0
365.823,129.559,0.0,0.965926,-0.258818,0.0
370.903,148.517,0.0,0.965926,-0.258818,0.0
370.903,148.517,94.0,0.987688,-0.156435,0.0
370.903,148.517,0.0,0.987688,-0.156435,0.0
373.973,167.901,94.0,0.987688,-0.156435,0.0
373.973,167.901,94.0,0.987688,-0.156435,0.0
370.903,148.517,0.0,0.987688,-0.156435,0.0
373.973,167.901,0.0,0.987688,-0.156435,0.0
373.973,167.901,94.0,0.998629,-0.0523368,0.0
373.973,167.901,0.0,0.998629,-0.0523368,0.0
375.0,187.5,94.0,0.998629,-0.0523368,0.0
375.0,187.5,94.0,0.998629,-0.0523368,0.0
373.973,167.901,0.0,0.998629,-0.0523368,0.0
375.0,187.5,0.0,0.998629,-0.0523368,0.0
375.0,187.5,94.0,0.998629,0.0523368,0.0
375.0,187.5,0.0,0.998629,0.0523368,0.0
373.973,207.099,94.0,0.998629,0.0523368,0.0
373.973,207.099,94.0,0.998629,0.0523368,0.0
375.0,187.5,0.0,0.998629,0.0523368,0.0
373.973,207.099,0.0,0.998629,0.0523368,0.0
63.5262,203.485,94.0,0.981559,-0.191159,0.0
63.5262,203.485,0.0,0.981559,-0.191159,0.0
66.5881,219.207,94.0,0.981559,-0.191159,0.0
66.5881,219.207,94.0,0.981559,-0.191159,0.0
63.5262,203.485,0.0,0.981559,-0.191159,0.0
66.5881,219.207,0.0,0.981559,-0.191159,0.0
66.5881,219.207,94.0,0.949056,-0.315108,0.0
66.5881,219.207,0.0,0.949056,-0.315108,0.0
71.6354,234.408,94.0,0.949056,-0.315108,0.0
71.6354,234.408,94.0,0.949056,-0.315108,0.0
66.5881,219.207,0.0,0.949056,-0.315108,0.0
71.6354,234.408,0.0,0.949056,-0.315108,0.0
71.6354,234.408,94.0,0.900969,-0.433884,0.0
71.6354,234.408,0.0,0.900969,-0.433884,0.0
78.5852,248.84,94.0,0.900969,-0.433884,0.0
78.5852,248.84,94.0,0.900969,-0.433884,0.0
71.6354,234.408,0.0,0.900969,-0.433884,0.0
78.5852,248.84,0.0,0.900969,-0.433884,0.0
78.5852,248.84,94.0,0.838088,-0.545535,0.0
78.5852,248.84,0.0,0.838088,-0.545535,0.0
87.3233,262.264,94.0,0.838088,-0.545535,0.0
87.3233,262.264,94.0,0.838088,-0.545535,0.0
78.5852,248.84,0.0,0.838088,-0.545535,0.0
87.3233,262.264,0.0,0.838088,-0.545535,0.0
87.3233,262.264,94.0,0.761446,-0.648228,0.0
87.3233,262.264,0.0,0.761446,-0.648228,0.0
97.7063,274.46,94.0,0.761446,-0.648228,0.0
97.7063,274.46,94.0,0.761446,-0.648228,0.0
87.3233,262.264,0.0,0.761446,-0.648228,0.0
97.7063,274.46,0.0,0.761446,-0.648228,0.0
97.7063,274.46,94.0,0.672301,-0.740278,0.0
97.7063,274.46,0.0,0.672301,-0.740278,0.0
109.564,285.229,94.0,0.672301,-0.740278,0.0
109.564,285.229,94.0,0.672301,-0.740278,0.0
97.7063,274.46,0.0,0.672301,-0.740278,0.0
109.564,285.229,0.0,0.672301,-0.740278,0.0
109.564,285.229,94.0,0.572117,-0.820172,0.0
109.564,285.229,0.0,0.572117,-0.820172,0.0
122.701,294.393,94.0,0.572117,-0.820172,0.0
122.701,294.393,94.0,0.572117,-0.820172,0.0
109.564,285.229,0.0,0.572117,-0.820172,0.0
122.701,294.393,0.0,0.572117,-0.820172,0.0
122.701,294.393,94.0,0.462538,-0.8866,0.0
122.701,294.393,0.0,0.462538,-0.8866,0.0
136.902,301.802,94.0,0.462538,-0.8866,0.0
136.902,301.802,94.0,0.462538,-0.8866,0.0
122.701,294.393,0.0,0.462538,-0.8866,0.0
136.902,301.802,0.0,0.462538,-0.8866,0.0
136.902,301.802,94.0,0.345364,-0.938469,0.0
136.902,301.802,0.0,0.345364,-0.938469,0.0
151.934,307.333,94.0,0.345364,-0.938469,0.0
151.934,307.333,94.0,0.345364,-0.938469,0.0
136.902,301.802,0.0,0.345364,-0.938469,0.0
151.934,307.333,0.0,0.345364,-0.938469,0.0
151.934,307.333,94.0,0.222521,-0.974928,0.0
151.934,307.333,0.0,0.222521,-0.974928,0.0
167.55,310.898,94.0,0.222521,-0.974928,0.0
167.55,310.898,94.0,0.222521,-0.974928,0.0
151.934,307.333,0.0,0.222521,-0.974928,0.0
167.55,310.898,0.0,0.222521,-0.974928,0.0
167.55,310.898,94.0,0.096025,-0.995379,0.0
167.55,310.898,0.0,0.096025,-0.995379,0.0
183.494,312.436,94.0,0.096025,-0.995379,0.0
183.494,312.436,94.0,0.096025,-0.995379,0.0
167.55,310.898,0.0,0.096025,-0.995379,0.0
183.494,312.436,0.0,0.096025,-0.995379,0.0
183.494,312.436,94.0,-0.0320541,-0.999486,0.0
183.494,312.436,0.0,-0.0320541,-0.999486,0.0
199.503,311.922,94.0,-0.0320541,-0.999486,0.0
199.503,311.922,94.0,-0.0320541,-0.999486,0.0
183.494,312.436,0.0,-0.0320541,-0.999486,0.0
199.503,311.922,0.0,-0.0320541,-0.999486,0.0
199.503,311.922,94.0,-0.159598,-0.987182,0.0
199.503,311.922,0.0,-0.159598,-0.987182,0.0
215.315,309.366,94.0,-0.159598,-0.987182,0.0
215.315,309.366,94.0,-0.159598,-0.987182,0.0
199.503,311.922,0.0,-0.159598,-0.987182,0.0
215.315,309.366,0.0,-0.159598,-0.987182,0.0
215.315,309.366,94.0,-0.284528,-0.958668,0.0
215.315,309.366,0.0,-0.284528,-0.958668,0.0
230.671,304.809,94.0,-0.284528,-0.958668,0.0
230.671,304.809,94.0,-0.284528,-0.958668,0.0
215.315,309.366,0.0,-0.284528,-0.958668,0.0
230.671,304.809,0.0,-0.284528,-0.958668,0.0
230.671,304.809,94.0,-0.404784,-0.914413,0.0
230.671,304.809,0.0,-0.404784,-0.914413,0.0
245.317,298.325,94.0,-0.404784,-0.914413,0.0
245.317,298.325,94.0,-0.404784,-0.914413,0.0
230.671,304.809,0.0,-0.404784,-0.914413,0.0
245.317,298.325,0.0,-0.404784,-0.914413,0.0
245.317,298.325,94.0,-0.518392,-0.855143,0.0
245.317,298.325,0.0,-0.518392,-0.855143,0.0
259.015,290.022,94.0,-0.518392,-0.855143,0.0
259.015,290.022,94.0,-0.518392,-0.855143,0.0
245.317,298.325,0.0,-0.518392,-0.855143,0.0
259.015,290.022,0.0,-0.518392,-0.855143,0.0
259.015,290.022,94.0,-0.623491,-0.781831,0.0
259.015,290.022,0.0,-0.623491,-0.781831,0.0
271.538,280.035,94.0,-0.623491,-0.781831,0.0
271.538,280.035,94.0,-0.623491,-0.781831,0.0
259.015,290.022,0.0,-0.623491,-0.781831,0.0
271.538,280.035,0.0,-0.623491,-0.781831,0.0
271.538,280.035,94.0,-0.718348,-0.695683,0.0
271.538,280.035,0.0,-0.718348,-0.695683,0.0
282.681,268.529,94.0,-0.718348,-0.695683,0.0
282.681,268.529,94.0,-0.718348,-0.695683,0.0
271.538,280.035,0.0,-0.718348,-0.695683,0.0
282.681,268.529,0.0,-0.718348,-0.695683,0.0
282.681,268.529,94.0,-0.801414,-0.598109,0.0
282.681,268.529,0.0,-0.801414,-0.598109,0.0
292.261,255.692,94.0,-0.801414,-0.598109,0.0
292.261,255.692,94.0,-0.801414,-0.598109,0.0
282.681,268.529,0.0,-0.801414,-0.598109,0.0
292.261,255.692,0.0,-0.801414,-0.598109,0.0
292.261,255.692,94.0,-0.871319,-0.490717,0.0
292.261,255.692,0.0,-0.871319,-0.490717,0.0
300.121,241.735,94.0,-0.871319,-0.490717,0.0
300.121,241.735,94.0,-0.871319,-0.490717,0.0
292.261,255.692,0.0,-0.871319,-0.490717,0.0
300.121,241.735,0.0,-0.871319,-0.490717,0.0
300.121,241.735,94.0,-0.926917,-0.375267,0.0
300.121,241.735,0.0,-0.926917,-0.375267,0.0
306.132,226.889,94.0,-0.926917,-0.375267,0.0
306.132,226.889,94.0,-0.926917,-0.375267,0.0
300.121,241.735,0.0,-0.926917,-0.375267,0.0
306.132,226.889,0.0,-0.926917,-0.375267,0.0
306.132,226.889,94.0,-0.967294,-0.253657,0.0
306.132,226.889,0.0,-0.967294,-0.253657,0.0
310.195,211.395,94.0,-0.967294,-0.253657,0.0
310.195,211.395,94.0,-0.967294,-0.253657,0.0
306.132,226.889,0.0,-0.967294,-0.253657,0.0
310.195,211.395,0.0,-0.967294,-0.253657,0.0
310.195,211.395,94.0,-0.99179,-0.127875,0.0
310.195,211.395,0.0,-0.99179,-0.127875,0.0
312.243,195.509,94.0,-0.99179,-0.127875,0.0
312.243,195.509,94.0,-0.99179,-0.127875,0.0
310.195,211.395,0.0,-0.99179,-0.127875,0.0
312.243,195.509,0.0,-0.99179,-0.127875,0.0
312.243,195.509,94.0,-1.0,0.0,0.0
312.243,195.509,0.0,-1.0,0.0,0.0
312.243,179.491,94.0,-1.0,0.0,0.0
312.243,179.491,94.0,-1.0,0.0,0.0
312.243,195.509,0.0,-1.0,0.0,0.0
312.243,179.491,0.0,-1.0,0.0,0.0
312.243,179.491,94.0,-0.99179,0.127875,0.0
312.243,179.491,0.0,-0.99179,0.127875,0.0
310.195,163.605,94.0,-0.99179,0.127875,0.0
310.195,163.605,94.0,-0.99179,0.127875,0.0
312.243,179.491,0.0,-0.99179,0.127875,0.0
310.195,163.605,0.0,-0.99179,0.127875,0.0
310.195,163.605,94.0,-0.967294,0.253657,0.0
310.195,163.605,0.0,-0.967294,0.253657,0.0
306.132,148.111,94.0,-0.967294,0.253657,0.0
306.132,148.111,94.0,-0.967294,0.253657,0.0
310.195,163.605,0.0,-0.967294,0.253657,0.0
306.132,148.111,0.0,-0.967294,0.253657,0.0
306.132,148.111,94.0,-0.926917,0.375267,0.0
306.132,148.111,0.0,-0.926917,0.375267,0.0
300.121,133.265,94.0,-0.926917,0.375267,0.0
300.121,133.265,94.0,-0.926917,0.375267,0.0
306.132,148.111,0.0,-0.926917,0.375267,0.0
300.121,133.265,0.0,-0.926917,0.375267,0.0
300.121,133.265,94.0,-0.871319,0.490716,0.0
300.121,133.265,0.0,-0.871319,0.490716,0.0
292.261,119.308,94.0,-0.871319,0.490716,0.0
292.261,119.308,94.0,-0.871319,0.490716,0.0
300.121,133.265,0.0,-0.871319,0.490716,0.0
292.261,119.308,0.0,-0.871319,0.490716,0.0
292.261,119.308,94.0,-0.801414,0.59811,0.0
292.261,119.308,0.0,-0.801414,0.59811,0.0
282.681,106.471,94.0,-0.801414,0.59811,0.0
282.681,106.471,94.0,-0.801414,0.59811,0.0
292.261,119.308,0.0,-0.801414,0.59811,0.0
282.681,106.471,0.0,-0.801414,0.59811,0.0
282.681,106.471,94.0,-0.718349,0.695683,0.0
282.681,106.471,0.0,-0.718349,0.695683,0.0
271.538,94.9652,94.0,-0.718349,0.695683,0.0
271.538,94.9652,94.0,-0.718349,0.695683,0.0
282.681,106.471,0.0,-0.718349,0.695683,0.0
271.538,94.9652,0.0,-0.718349,0.695683,0.0
271.538,94.9652,94.0,-0.62349,0.781831,0.0
271.538,94.9652,0.0,-0.62349,0.781831,0.0
259.015,84.9785,94.0,-0.62349,0.781831,0.0
259.015,84.9785,94.0,-0.62349,0.781831,0.0
271.538,94.9652,0.0,-0.62349,0.781831,0.0
259.015,84.9785,0.0,-0.62349,0.781831,0.0
259.015,84.9785,94.0,-0.518392,0.855143,0.0
259.015,84.9785,0.0,-0.518392,0.855143,0.0
245.317,76.6751,94.0,-0.518392,0.855143,0.0
245.317,76.6751,94.0,-0.518392,0.855143,0.0
259.015,84.9785,0.0,-0.518392,0.855143,0.0
245.317,76.6751,0.0,-0.518392,0.855143,0.0
245.317,76.6751,94.0,-0.404783,0.914413,0.0
245.317,76.6751,0.0,-0.404783,0.914413,0.0
230.671,70.1915,94.0,-0.404783,0.914413,0.0
230.671,70.1915,94.0,-0.404783,0.914413,0.0
245.317,76.6751,0.0,-0.404783,0.914413,0.0
230.671,70.1915,0.0,-0.404783,0.914413,0.0
230.671,70.1915,94.0,-0.284528,0.958668,0.0
230.671,70.1915,0.0,-0.284528,0.958668,0.0
215.315,65.634,94.0,-0.284528,0.958668,0.0
215.315,65.634,94.0,-0.284528,0.958668,0.0
230.671,70.1915,0.0,-0.284528,0.958668,0.0
215.315,65.634,0.0,-0.284528,0.958668,0.0
215.315,65.634,94.0,-0.1596,0.987182,0.0
215.315,65.634,0.0,-0.1596,0.987182,0.0
199.503,63.0776,94.0,-0.1596,0.987182,0.0
199.503,63.0776,94.0,-0.1596,0.987182,0.0
215.315,65.634,0.0,-0.1596,0.987182,0.0
199.503,63.0776,0.0,-0.1596,0.987182,0.0
199.503,63.0776,94.0,-0.0320517,0.999486,0.0
199.503,63.0776,0.0,-0.0320517,0.999486,0.0
183.494,62.5642,94.0,-0.0320517,0.999486,0.0
183.494,62.5642,94.0,-0.0320517,0.999486,0.0
199.503,63.0776,0.0,-0.0320517,0.999486,0.0
183.494,62.5642,0.0,-0.0320517,0.999486,0.0
183.494,62.5642,94.0,0.0960231,0.995379,0.0
183.494,62.5642,0.0,0.0960231,0.995379,0.0
167.55,64.1023,94.0,0.0960231,0.995379,0.0
167.55,64.1023,94.0,0.0960231,0.995379,0.0
183.494,62.5642,0.0,0.0960231,0.995379,0.0
167.55,64.1023,0.0,0.0960231,0.995379,0.0
167.55,64.1023,94.0,0.222521,0.974928,0.0
167.55,64.1023,0.0,0.222521,0.974928,0.0
151.934,67.6665,94.0,0.222521,0.974928,0.0
151.934,67.6665,94.0,0.222521,0.974928,0.0
167.55,64.1023,0.0,0.222521,0.974928,0.0
151.934,67.6665,0.0,0.222521,0.974928,0.0
151.934,67.6665,94.0,0.345365,0.938468,0.0
151.934,67.6665,0.0,0.345365,0.938468,0.0
136.902,73.1984,94.0,0.345365,0.938468,0.0
136.902,73.1984,94.0,0.345365,0.938468,0.0
151.934,67.6665,0.0,0.345365,0.938468,0.0
136.902,73.1984,0.0,0.345365,0.938468,0.0
136.902,73.1984,94.0,0.462538,0.886599,0.0
136.902,73.1984,0.0,0.462538,0.886599,0.0
122.701,80.6072,94.0,0.462538,0.886599,0.0
122.701,80.6072,94.0,0.462538,0.886599,0.0
136.902,73.1984,0.0,0.462538,0.886599,0.0
122.701,80.6072,0.0,0.462538,0.886599,0.0
122.701,80.6072,94.0,0.572117,0.820172,0.0
122.701,80.6072,0.0,0.572117,0.820172,0.0
109.564,89.7711,94.0,0.572117,0.820172,0.0
109.564,89.7711,94.0,0.572117,0.820172,0.0
122.701,80.6072,0.0,0.572117,0.820172,0.0
109.564,89.7711,0.0,0.572117,0.820172,0.0
109.564,89.7711,94.0,0.672301,0.740278,0.0
109.564,89.7711,0.0,0.672301,0.740278,0.0
97.7063,100.54,94.0,0.672301,0.740278,0.0
97.7063,100.54,94.0,0.672301,0.740278,0.0
109.564,89.7711,0.0,0.672301,0.740278,0.0
97.7063,100.54,0.0,0.672301,0.740278,0.0
97.7063,100.54,94.0,0.761446,0.648228,0.0
97.7063,100.54,0.0,0.761446,0.648228,0.0
87.3233,112.736,94.0,0.761446,0.648228,0.0
87.3233,112.736,94.0,0.761446,0.648228,0.0
97.7063,100.54,0.0,0.761446,0.648228,0.0
87.3233,112.736,0.0,0.761446,0.648228,0.0
87.3233,112.736,94.0,0.838088,0.545535,0.0
87.3233,112.736,0.0,0.838088,0.545535,0.0
78.5852,126.16,94.0,0.838088,0.545535,0.0
78.5852,126.16,94.0,0.838088,0.545535,0.0
87.3233,112.736,0.0,0.838088,0.545535,0.0
78.5852,126.16,0.0,0.838088,0.545535,0.0
78.5852,126.16,94.0,0.900969,0.433884,0.0
78.5852,126.16,0.0,0.900969,0.433884,0.0
71.6354,140.592,94.0,0.900969,0.433884,0.0
71.6354,140.592,94.0,0.900969,0.433884,0.0
78.5852,126.16,0.0,0.900969,0.433884,0.0
71.6354,140.592,0.0,0.900969,0.433884,0.0
71.6354,140.592,94.0,0.949056,0.315108,0.0
71.6354,140.592,0.0,0.949056,0.315108,0.0
66.5881,155.793,94.0,0.949056,0.315108,0.0
66.5881,155.793,94.0,0.949056,0.315108,0.0
71.6354,140.592,0.0,0.949056,0.315108,0.0
66.5881,155.793,0.0,0.949056,0.315108,0.0
66.5881,155.793,94.0,0.981559,0.191159,0.0
66.5881,155.793,0.0,0.981559,0.191159,0.0
63.5262,171.515,94.0,0.981559,0.191159,0.0
63.5262,171.515,94.0,0.981559,0.191159,0.0
66.5881,155.793,0.0,0.981559,0.191159,0.0
63.5262,171.515,0.0,0.981559,0.191159,0.0
63.5262,171.515,94.0,0.997945,0.0640703,0.0
63.5262,171.515,0.0,0.997945,0.0640703,0.0
62.5,187.5,94.0,0.997945,0.0640703,0.0
62.5,187.5,94.0,0.997945,0.0640703,0.0
63.5262,171.515,0.0,0.997945,0.0640703,0.0
62.5,187.5,0.0,0.997945,0.0640703,0.0
62.5,187.5,94.0,0.997945,-0.0640703,0.0
62.5,187.5,0.0,0.997945,-0.0640703,0.0
63.5262,203.485,94.0,0.997945,-0.0640703,0.0
63.5262,203.485,94.0,0.997945,-0.0640703,0.0
62.5,187.5,0.0,0.997945,-0.0640703,0.0
63.5262,203.485,0.0,0.997945,-0.0640703,0.0
71.6354,140.592,0.0,0.0,0.0,-1.0
9.17691,129.559,0.0,0.0,0.0,-1.0
66.5881,155.793,0.0,0.0,0.0,-1.0
66.5881,155.793,0.0,0.0,0.0,-1.0
9.17691,129.559,0.0,0.0,0.0,-1.0
4.09733,148.517,0.0,0.0,0.0,-1.0
66.5881,155.793,0.0,0.0,0.0,-1.0
4.09733,148.517,0.0,0.0,0.0,-1.0
63.5262,171.515,0.0,0.0,0.0,-1.0
63.5262,171.515,0.0,0.0,0.0,-1.0
4.09733,148.517,0.0,0.0,0.0,-1.0
1.02715,167.901,0.0,0.0,0.0,-1.0
63.5262,171.515,0.0,0.0,0.0,-1.0
1.02715,167.901,0.0,0.0,0.0,-1.0
62.5,187.5,0.0,0.0,0.0,-1.0
62.5,187.5,0.0,0.0,0.0,-1.0
1.02715,167.901,0.0,0.0,0.0,-1.0
0.0,187.5,0.0,0.0,0.0,-1.0
62.5,187.5,0.0,0.0,0.0,-1.0
0.0,187.5,0.0,0.0,0.0,-1.0
63.5262,203.485,0.0,0.0,0.0,-1.0
63.5262,203.485,0.0,0.0,0.0,-1.0
0.0,187.5,0.0,0.0,0.0,-1.0
1.02715,207.099,0.0,0.0,0.0,-1.0
63.5262,203.485,0.0,0.0,0.0,-1.0
1.02715,207.099,0.0,0.0,0.0,-1.0
66.5881,219.207,0.0,0.0,0.0,-1.0
97.7063,274.46,0.0,0.0,0.0,-1.0
62.038,326.84,0.0,0.0,0.0,-1.0
109.564,285.229,0.0,0.0,0.0,-1.0
109.564,285.229,0.0,0.0,0.0,-1.0
62.038,326.84,0.0,0.0,0.0,-1.0
77.2903,339.191,0.0,0.0,0.0,-1.0
109.564,285.229,0.0,0.0,0.0,-1.0
77.2903,339.191,0.0,0.0,0.0,-1.0
122.701,294.393,0.0,0.0,0.0,-1.0
122.701,294.393,0.0,0.0,0.0,-1.0
77.2903,339.191,0.0,0.0,0.0,-1.0
93.75,349.88,0.0,0.0,0.0,-1.0
122.701,294.393,0.0,0.0,0.0,-1.0
93.75,349.88,0.0,0.0,0.0,-1.0
136.902,301.802,0.0,0.0,0.0,-1.0
136.902,301.802,0.0,0.0,0.0,-1.0
93.75,349.88,0.0,0.0,0.0,-1.0
111.237,358.79,0.0,0.0,0.0,-1.0
136.902,301.802,0.0,0.0,0.0,-1.0
111.237,358.79,0.0,0.0,0.0,-1.0
151.934,307.333,0.0,0.0,0.0,-1.0
151.934,307.333,0.0,0.0,0.0,-1.0
111.237,358.79,0.0,0.0,0.0,-1.0
129.559,365.823,0.0,0.0,0.0,-1.0
151.934,307.333,0.0,0.0,0.0,-1.0
129.559,365.823,0.0,0.0,0.0,-1.0
167.55,310.898,0.0,0.0,0.0,-1.0
109.564,89.7711,0.0,0.0,0.0,-1.0
62.038,48.1603,0.0,0.0,0.0,-1.0
97.7063,100.54,0.0,0.0,0.0,-1.0
97.7063,100.54,0.0,0.0,0.0,-1.0
62.038,48.1603,0.0,0.0,0.0,-1.0
48.1603,62.038,0.0,0.0,0.0,-1.0
97.7063,100.54,0.0,0.0,0.0,-1.0
48.1603,62.038,0.0,0.0,0.0,-1.0
87.3233,112.736,0.0,0.0,0.0,-1.0
87.3233,112.736,0.0,0.0,0.0,-1.0
48.1603,62.038,0.0,0.0,0.0,-1.0
35.8093,77.2903,0.0,0.0,0.0,-1.0
87.3233,112.736,0.0,0.0,0.0,-1.0
35.8093,77.2903,0.0,0.0,0.0,-1.0
78.5852,126.16,0.0,0.0,0.0,-1.0
78.5852,126.16,0.0,0.0,0.0,-1.0
35.8093,77.2903,0.0,0.0,0.0,-1.0
25.1202,93.75,0.0,0.0,0.0,-1.0
78.5852,126.16,0.0,0.0,0.0,-1.0
25.1202,93.75,0.0,0.0,0.0,-1.0
71.6354,140.592,0.0,0.0,0.0,-1.0
71.6354,140.592,0.0,0.0,0.0,-1.0
25.1202,93.75,0.0,0.0,0.0,-1.0
16.2102,111.237,0.0,0.0,0.0,-1.0
71.6354,140.592,0.0,0.0,0.0,-1.0
16.2102,111.237,0.0,0.0,0.0,-1.0
9.17691,129.559,0.0,0.0,0.0,-1.0
129.559,365.823,0.0,0.0,0.0,-1.0
148.517,370.903,0.0,0.0,0.0,-1.0
167.55,310.898,0.0,0.0,0.0,-1.0
167.55,310.898,0.0,0.0,0.0,-1.0
148.517,370.903,0.0,0.0,0.0,-1.0
167.901,373.973,0.0,0.0,0.0,-1.0
167.55,310.898,0.0,0.0,0.0,-1.0
167.901,373.973,0.0,0.0,0.0,-1.0
183.494,312.436,0.0,0.0,0.0,-1.0
183.494,312.436,0.0,0.0,0.0,-1.0
167.901,373.973,0.0,0.0,0.0,-1.0
187.5,375.0,0.0,0.0,0.0,-1.0
183.494,312.436,0.0,0.0,0.0,-1.0
187.5,375.0,0.0,0.0,0.0,-1.0
199.503,311.922,0.0,0.0,0.0,-1.0
199.503,311.922,0.0,0.0,0.0,-1.0
187.5,375.0,0.0,0.0,0.0,-1.0
207.099,373.973,0.0,0.0,0.0,-1.0
199.503,311.922,0.0,0.0,0.0,-1.0
207.099,373.973,0.0,0.0,0.0,-1.0
215.315,309.366,0.0,0.0,0.0,-1.0
215.315,309.366,0.0,0.0,0.0,-1.0
207.099,373.973,0.0,0.0,0.0,-1.0
226.483,370.903,0.0,0.0,0.0,-1.0
215.315,309.366,0.0,0.0,0.0,-1.0
226.483,370.903,0.0,0.0,0.0,-1.0
230.671,304.809,0.0,0.0,0.0,-1.0
1.02715,207.099,0.0,0.0,0.0,-1.0
4.09733,226.483,0.0,0.0,0.0,-1.0
66.5881,219.207,0.0,0.0,0.0,-1.0
66.5881,219.207,0.0,0.0,0.0,-1.0
4.09733,226.483,0.0,0.0,0.0,-1.0
9.17691,245.441,0.0,0.0,0.0,-1.0
66.5881,219.207,0.0,0.0,0.0,-1.0
9.17691,245.441,0.0,0.0,0.0,-1.0
71.6354,234.408,0.0,0.0,0.0,-1.0
71.6354,234.408,0.0,0.0,0.0,-1.0
9.17691,245.441,0.0,0.0,0.0,-1.0
16.2102,263.763,0.0,0.0,0.0,-1.0
71.6354,234.408,0.0,0.0,0.0,-1.0
16.2102,263.763,0.0,0.0,0.0,-1.0
78.5852,248.84,0.0,0.0,0.0,-1.0
78.5852,248.84,0.0,0.0,0.0,-1.0
16.2102,263.763,0.0,0.0,0.0,-1.0
25.1202,281.25,0.0,0.0,0.0,-1.0
78.5852,248.84,0.0,0.0,0.0,-1.0
25.1202,281.25,0.0,0.0,0.0,-1.0
87.3233,262.264,0.0,0.0,0.0,-1.0
87.3233,262.264,0.0,0.0,0.0,-1.0
25.1202,281.25,0.0,0.0,0.0,-1.0
35.8093,297.71,0.0,0.0,0.0,-1.0
87.3233,262.264,0.0,0.0,0.0,-1.0
35.8093,297.71,0.0,0.0,0.0,-1.0
97.7063,274.46,0.0,0.0,0.0,-1.0
97.7063,274.46,0.0,0.0,0.0,-1.0
35.8093,297.71,0.0,0.0,0.0,-1.0
48.1603,312.962,0.0,0.0,0.0,-1.0
97.7063,274.46,0.0,0.0,0.0,-1.0
48.1603,312.962,0.0,0.0,0.0,-1.0
62.038,326.84,0.0,0.0,0.0,-1.0
183.494,62.5642,0.0,0.0,0.0,-1.0
167.901,1.02715,0.0,0.0,0.0,-1.0
167.55,64.1023,0.0,0.0,0.0,-1.0
167.55,64.1023,0.0,0.0,0.0,-1.0
167.901,1.02715,0.0,0.0,0.0,-1.0
148.517,4.09733,0.0,0.0,0.0,-1.0
167.55,64.1023,0.0,0.0,0.0,-1.0
148.517,4.09733,0.0,0.0,0.0,-1.0
151.934,67.6665,0.0,0.0,0.0,-1.0
151.934,67.6665,0.0,0.0,0.0,-1.0
148.517,4.09733,0.0,0.0,0.0,-1.0
129.559,9.17691,0.0,0.0,0.0,-1.0
151.934,67.6665,0.0,0.0,0.0,-1.0
129.559,9.17691,0.0,0.0,0.0,-1.0
136.902,73.1984,0.0,0.0,0.0,-1.0
136.902,73.1984,0.0,0.0,0.0,-1.0
129.559,9.17691,0.0,0.0,0.0,-1.0
111.237,16.2102,0.0,0.0,0.0,-1.0
136.902,73.1984,0.0,0.0,0.0,-1.0
111.237,16.2102,0.0,0.0,0.0,-1.0
122.701,80.6072,0.0,0.0,0.0,-1.0
122.701,80.6072,0.0,0.0,0.0,-1.0
111.237,16.2102,0.0,0.0,0.0,-1.0
93.75,25.1202,0.0,0.0,0.0,-1.0
122.701,80.6072,0.0,0.0,0.0,-1.0
93.75,25.1202,0.0,0.0,0.0,-1.0
109.564,89.7711,0.0,0.0,0.0,-1.0
109.564,89.7711,0.0,0.0,0.0,-1.0
93.75,25.1202,0.0,0.0,0.0,-1.0
77.2903,35.8093,0.0,0.0,0.0,-1.0
109.564,89.7711,0.0,0.0,0.0,-1.0
77.2903,35.8093,0.0,0.0,0.0,-1.0
62.038,48.1603,0.0,0.0,0.0,-1.0
245.317,76.6751,0.0,0.0,0.0,-1.0
263.763,16.2102,0.0,0.0,0.0,-1.0
230.671,70.1915,0.0,0.0,0.0,-1.0
230.671,70.1915,0.0,0.0,0.0,-1.0
263.763,16.2102,0.0,0.0,0.0,-1.0
245.441,9.17691,0.0,0.0,0.0,-1.0
230.671,70.1915,0.0,0.0,0.0,-1.0
245.441,9.17691,0.0,0.0,0.0,-1.0
215.315,65.634,0.0,0.0,0.0,-1.0
215.315,65.634,0.0,0.0,0.0,-1.0
245.441,9.17691,0.0,0.0,0.0,-1.0
226.483,4.09733,0.0,0.0,0.0,-1.0
215.315,65.634,0.0,0.0,0.0,-1.0
226.483,4.09733,0.0,0.0,0.0,-1.0
199.503,63.0776,0.0,0.0,0.0,-1.0
199.503,63.0776,0.0,0.0,0.0,-1.0
226.483,4.09733,0.0,0.0,0.0,-1.0
207.099,1.02715,0.0,0.0,0.0,-1.0
199.503,63.0776,0.0,0.0,0.0,-1.0
207.099,1.02715,0.0,0.0,0.0,-1.0
183.494,62.5642,0.0,0.0,0.0,-1.0
183.494,62.5642,0.0,0.0,0.0,-1.0
207.099,1.02715,0.0,0.0,0.0,-1.0
187.5,0.0,0.0,0.0,0.0,-1.0
183.494,62.5642,0.0,0.0,0.0,-1.0
187.5,0.0,0.0,0.0,0.0,-1.0
167.901,1.02715,0.0,0.0,0.0,-1.0
300.121,133.265,0.0,0.0,0.0,-1.0
349.88,93.75,0.0,0.0,0.0,-1.0
292.261,119.308,0.0,0.0,0.0,-1.0
292.261,119.308,0.0,0.0,0.0,-1.0
349.88,93.75,0.0,0.0,0.0,-1.0
339.191,77.2903,0.0,0.0,0.0,-1.0
292.261,119.308,0.0,0.0,0.0,-1.0
339.191,77.2903,0.0,0.0,0.0,-1.0
282.681,106.471,0.0,0.0,0.0,-1.0
282.681,106.471,0.0,0.0,0.0,-1.0
339.191,77.2903,0.0,0.0,0.0,-1.0
326.84,62.038,0.0,0.0,0.0,-1.0
282.681,106.471,0.0,0.0,0.0,-1.0
326.84,62.038,0.0,0.0,0.0,-1.0
271.538,94.9652,0.0,0.0,0.0,-1.0
271.538,94.9652,0.0,0.0,0.0,-1.0
326.84,62.038,0.0,0.0,0.0,-1.0
312.962,48.1603,0.0,0.0,0.0,-1.0
271.538,94.9652,0.0,0.0,0.0,-1.0
312.962,48.1603,0.0,0.0,0.0,-1.0
259.015,84.9785,0.0,0.0,0.0,-1.0
259.015,84.9785,0.0,0.0,0.0,-1.0
312.962,48.1603,0.0,0.0,0.0,-1.0
297.71,35.8093,0.0,0.0,0.0,-1.0
259.015,84.9785,0.0,0.0,0.0,-1.0
297.71,35.8093,0.0,0.0,0.0,-1.0
245.317,76.6751,0.0,0.0,0.0,-1.0
245.317,76.6751,0.0,0.0,0.0,-1.0
297.71,35.8093,0.0,0.0,0.0,-1.0
281.25,25.1202,0.0,0.0,0.0,-1.0
245.317,76.6751,0.0,0.0,0.0,-1.0
281.25,25.1202,0.0,0.0,0.0,-1.0
263.763,16.2102,0.0,0.0,0.0,-1.0
226.483,370.903,0.0,0.0,0.0,-1.0
245.441,365.823,0.0,0.0,0.0,-1.0
230.671,304.809,0.0,0.0,0.0,-1.0
230.671,304.809,0.0,0.0,0.0,-1.0
245.441,365.823,0.0,0.0,0.0,-1.0
263.763,358.79,0.0,0.0,0.0,-1.0
230.671,304.809,0.0,0.0,0.0,-1.0
263.763,358.79,0.0,0.0,0.0,-1.0
245.317,298.325,0.0,0.0,0.0,-1.0
245.317,298.325,0.0,0.0,0.0,-1.0
263.763,358.79,0.0,0.0,0.0,-1.0
281.25,349.88,0.0,0.0,0.0,-1.0
245.317,298.325,0.0,0.0,0.0,-1.0
281.25,349.88,0.0,0.0,0.0,-1.0
259.015,290.022,0.0,0.0,0.0,-1.0
259.015,290.022,0.0,0.0,0.0,-1.0
281.25,349.88,0.0,0.0,0.0,-1.0
297.71,339.191,0.0,0.0,0.0,-1.0
259.015,290.022,0.0,0.0,0.0,-1.0
297.71,339.191,0.0,0.0,0.0,-1.0
271.538,280.035,0.0,0.0,0.0,-1.0
271.538,280.035,0.0,0.0,0.0,-1.0
297.71,339.191,0.0,0.0,0.0,-1.0
312.962,326.84,0.0,0.0,0.0,-1.0
271.538,280.035,0.0,0.0,0.0,-1.0
312.962,326.84,0.0,0.0,0.0,-1.0
282.681,268.529,0.0,0.0,0.0,-1.0
282.681,268.529,0.0,0.0,0.0,-1.0
312.962,326.84,0.0,0.0,0.0,-1.0
326.84,312.962,0.0,0.0,0.0,-1.0
282.681,268.529,0.0,0.0,0.0,-1.0
326.84,312.962,0.0,0.0,0.0,-1.0
292.261,255.692,0.0,0.0,0.0,-1.0
312.243,195.509,0.0,0.0,0.0,-1.0
375.0,187.5,0.0,0.0,0.0,-1.0
312.243,179.491,0.0,0.0,0.0,-1.0
312.243,179.491,0.0,0.0,0.0,-1.0
375.0,187.5,0.0,0.0,0.0,-1.0
373.973,167.901,0.0,0.0,0.0,-1.0
312.243,179.491,0.0,0.0,0.0,-1.0
373.973,167.901,0.0,0.0,0.0,-1.0
310.195,163.605,0.0,0.0,0.0,-1.0
310.195,163.605,0.0,0.0,0.0,-1.0
373.973,167.901,0.0,0.0,0.0,-1.0
370.903,148.517,0.0,0.0,0.0,-1.0
310.195,163.605,0.0,0.0,0.0,-1.0
370.903,148.517,0.0,0.0,0.0,-1.0
306.132,148.111,0.0,0.0,0.0,-1.0
306.132,148.111,0.0,0.0,0.0,-1.0
370.903,148.517,0.0,0.0,0.0,-1.0
365.823,129.559,0.0,0.0,0.0,-1.0
306.132,148.111,0.0,0.0,0.0,-1.0
365.823,129.559,0.0,0.0,0.0,-1.0
300.121,133.265,0.0,0.0,0.0,-1.0
300.121,133.265,0.0,0.0,0.0,-1.0
365.823,129.559,0.0,0.0,0.0,-1.0
358.79,111.237,0.0,0.0,0.0,-1.0
300.121,133.265,0.0,0.0,0.0,-1.0
358.79,111.237,0.0,0.0,0.0,-1.0
349.88,93.75,0.0,0.0,0.0,-1.0
326.84,312.962,0.0,0.0,0.0,-1.0
339.191,297.71,0.0,0.0,0.0,-1.0
292.261,255.692,0.0,0.0,0.0,-1.0
292.261,255.692,0.0,0.0,0.0,-1.0
339.191,297.71,0.0,0.0,0.0,-1.0
349.88,281.25,0.0,0.0,0.0,-1.0
292.261,255.692,0.0,0.0,0.0,-1.0
349.88,281.25,0.0,0.0,0.0,-1.0
300.121,241.735,0.0,0.0,0.0,-1.0
300.121,241.735,0.0,0.0,0.0,-1.0
349.88,281.25,0.0,0.0,0.0,-1.0
358.79,263.763,0.0,0.0,0.0,-1.0
300.121,241.735,0.0,0.0,0.0,-1.0
358.79,263.763,0.0,0.0,0.0,-1.0
306.132,226.889,0.0,0.0,0.0,-1.0
306.132,226.889,0.0,0.0,0.0,-1.0
358.79,263.763,0.0,0.0,0.0,-1.0
365.823,245.441,0.0,0.0,0.0,-1.0
306.132,226.889,0.0,0.0,0.0,-1.0
365.823,245.441,0.0,0.0,0.0,-1.0
310.195,211.395,0.0,0.0,0.0,-1.0
310.195,211.395,0.0,0.0,0.0,-1.0
365.823,245.441,0.0,0.0,0.0,-1.0
370.903,226.483,0.0,0.0,0.0,-1.0
310.195,211.395,0.0,0.0,0.0,-1.0
370.903,226.483,0.0,0.0,0.0,-1.0
312.243,195.509,0.0,0.0,0.0,-1.0
312.243,195.509,0.0,0.0,0.0,-1.0
370.903,226.483,0.0,0.0,0.0,-1.0
373.973,207.099,0.0,0.0,0.0,-1.0
312.243,195.509,0.0,0.0,0.0,-1.0
373.973,207.099,0.0,0.0,0.0,-1.0
375.0,187.5,0.0,0.0,0.0,-1.0
