304.5,4437.0,1311.02,0.187379,0.0,0.982288
304.5,4393.0,1311.02,0.187379,0.0,0.982288
327.629,4437.0,1306.61,0.187379,0.0,0.982288
327.629,4437.0,1306.61,0.187379,0.0,0.982288
304.5,4393.0,1311.02,0.187379,0.0,0.982288
327.629,4393.0,1306.61,0.187379,0.0,0.982288
327.629,4437.0,1306.61,0.309017,0.0,0.951057
327.629,4393.0,1306.61,0.309017,0.0,0.951057
350.023,4437.0,1299.33,0.309017,0.0,0.951057
350.023,4437.0,1299.33,0.309017,0.0,0.951057
327.629,4393.0,1306.61,0.309017,0.0,0.951057
350.023,4393.0,1299.33,0.309017,0.0,0.951057
350.023,4437.0,1299.33,0.425781,0.0,0.904826
350.023,4393.0,1299.33,0.425781,0.0,0.904826
371.329,4437.0,1289.31,0.425781,0.0,0.904826
371.329,4437.0,1289.31,0.425781,0.0,0.904826
350.023,4393.0,1299.33,0.425781,0.0,0.904826
371.329,4393.0,1289.31,0.425781,0.0,0.904826
371.329,4437.0,1289.31,0.535827,0.0,0.844328
371.329,4393.0,1289.31,0.535827,0.0,0.844328
391.21,4437.0,1276.69,0.535827,0.0,0.844328
391.21,4437.0,1276.69,0.535827,0.0,0.844328
371.329,4393.0,1289.31,0.535827,0.0,0.844328
391.21,4393.0,1276.69,0.535827,0.0,0.844328
391.21,4437.0,1276.69,0.637423,0.0,0.770514
391.21,4393.0,1276.69,0.637423,0.0,0.770514
409.353,4437.0,1261.68,0.637423,0.0,0.770514
409.353,4437.0,1261.68,0.637423,0.0,0.770514
391.21,4393.0,1276.69,0.637423,0.0,0.770514
409.353,4393.0,1261.68,0.637423,0.0,0.770514
409.353,4437.0,1261.68,0.72897,0.0,0.684546
409.353,4393.0,1261.68,0.72897,0.0,0.684546
425.471,4437.0,1244.52,0.72897,0.0,0.684546
425.471,4437.0,1244.52,0.72897,0.0,0.684546
409.353,4393.0,1261.68,0.72897,0.0,0.684546
425.471,4393.0,1244.52,0.72897,0.0,0.684546
425.471,4437.0,1244.52,0.809017,0.0,0.587786
425.471,4393.0,1244.52,0.809017,0.0,0.587786
439.311,4437.0,1225.47,0.809017,0.0,0.587786
439.311,4437.0,1225.47,0.809017,0.0,0.587786
425.471,4393.0,1244.52,0.809017,0.0,0.587786
439.311,4393.0,1225.47,0.809017,0.0,0.587786
439.311,4437.0,1225.47,0.876307,0.0,0.481753
439.311,4393.0,1225.47,0.876307,0.0,0.481753
450.655,4437.0,1204.83,0.876307,0.0,0.481753
450.655,4437.0,1204.83,0.876307,0.0,0.481753
439.311,4393.0,1225.47,0.876307,0.0,0.481753
450.655,4393.0,1204.83,0.876307,0.0,0.481753
450.655,4437.0,1204.83,0.929776,0.0,0.368126
450.655,4393.0,1204.83,0.929776,0.0,0.368126
459.323,4437.0,1182.94,0.929776,0.0,0.368126
459.323,4437.0,1182.94,0.929776,0.0,0.368126
450.655,4393.0,1204.83,0.929776,0.0,0.368126
459.323,4393.0,1182.94,0.929776,0.0,0.368126
459.323,4437.0,1182.94,0.968584,0.0,0.248688
459.323,4393.0,1182.94,0.968584,0.0,0.248688
465.179,4437.0,1160.13,0.968584,0.0,0.248688
465.179,4437.0,1160.13,0.968584,0.0,0.248688
459.323,4393.0,1182.94,0.968584,0.0,0.248688
465.179,4393.0,1160.13,0.968584,0.0,0.248688
465.179,4437.0,1160.13,0.992115,0.0,0.125334
465.179,4393.0,1160.13,0.992115,0.0,0.125334
468.13,4437.0,1136.77,0.992115,0.0,0.125334
468.13,4437.0,1136.77,0.992115,0.0,0.125334
465.179,4393.0,1160.13,0.992115,0.0,0.125334
468.13,4393.0,1136.77,0.992115,0.0,0.125334
468.13,4437.0,1136.77,1.0,0.0,0.0
468.13,4393.0,1136.77,1.0,0.0,0.0
468.13,4437.0,1113.23,1.0,0.0,0.0
468.13,4437.0,1113.23,1.0,0.0,0.0
468.13,4393.0,1136.77,1.0,0.0,0.0
468.13,4393.0,1113.23,1.0,0.0,0.0
468.13,4437.0,1113.23,0.992115,0.0,-0.125334
468.13,4393.0,1113.23,0.992115,0.0,-0.125334
465.179,4437.0,1089.87,0.992115,0.0,-0.125334
465.179,4437.0,1089.87,0.992115,0.0,-0.125334
468.13,4393.0,1113.23,0.992115,0.0,-0.125334
465.179,4393.0,1089.87,0.992115,0.0,-0.125334
465.179,4437.0,1089.87,0.968584,0.0,-0.248688
465.179,4393.0,1089.87,0.968584,0.0,-0.248688
459.323,4437.0,1067.06,0.968584,0.0,-0.248688
459.323,4437.0,1067.06,0.968584,0.0,-0.248688
465.179,4393.0,1089.87,0.968584,0.0,-0.248688
459.323,4393.0,1067.06,0.968584,0.0,-0.248688
459.323,4437.0,1067.06,0.929776,0.0,-0.368126
459.323,4393.0,1067.06,0.929776,0.0,-0.368126
450.655,4437.0,1045.17,0.929776,0.0,-0.368126
450.655,4437.0,1045.17,0.929776,0.0,-0.368126
459.323,4393.0,1067.06,0.929776,0.0,-0.368126
450.655,4393.0,1045.17,0.929776,0.0,-0.368126
450.655,4437.0,1045.17,0.876307,0.0,-0.481753
450.655,4393.0,1045.17,0.876307,0.0,-0.481753
439.311,4437.0,1024.53,0.876307,0.0,-0.481753
439.311,4437.0,1024.53,0.876307,0.0,-0.481753
450.655,4393.0,1045.17,0.876307,0.0,-0.481753
439.311,4393.0,1024.53,0.876307,0.0,-0.481753
439.311,4437.0,1024.53,0.809017,0.0,-0.587786
439.311,4393.0,1024.53,0.809017,0.0,-0.587786
425.471,4437.0,1005.48,0.809017,0.0,-0.587786
425.471,4437.0,1005.48,0.809017,0.0,-0.587786
439.311,4393.0,1024.53,0.809017,0.0,-0.587786
425.471,4393.0,1005.48,0.809017,0.0,-0.587786
425.471,4437.0,1005.48,0.72897,0.0,-0.684546
425.471,4393.0,1005.48,0.72897,0.0,-0.684546
409.353,4437.0,988.318,0.72897,0.0,-0.684546
409.353,4437.0,988.318,0.72897,0.0,-0.684546
425.471,4393.0,1005.48,0.72897,0.0,-0.684546
409.353,4393.0,988.318,0.72897,0.0,-0.684546
409.353,4437.0,988.318,0.637423,0.0,-0.770514
409.353,4393.0,988.318,0.637423,0.0,-0.770514
391.21,4437.0,973.309,0.637423,0.0,-0.770514
391.21,4437.0,973.309,0.637423,0.0,-0.770514
409.353,4393.0,988.318,0.637423,0.0,-0.770514
391.21,4393.0,973.309,0.637423,0.0,-0.770514
391.21,4437.0,973.309,0.535827,0.0,-0.844328
391.21,4393.0,973.309,0.535827,0.0,-0.844328
371.329,4437.0,960.693,0.535827,0.0,-0.844328
371.329,4437.0,960.693,0.535827,0.0,-0.844328
391.21,4393.0,973.309,0.535827,0.0,-0.844328
371.329,4393.0,960.693,0.535827,0.0,-0.844328
371.329,4437.0,960.693,0.425778,0.0,-0.904827
371.329,4393.0,960.693,0.425778,0.0,-0.904827
350.023,4437.0,950.667,0.425778,0.0,-0.904827
350.023,4437.0,950.667,0.425778,0.0,-0.904827
371.329,4393.0,960.693,0.425778,0.0,-0.904827
350.023,4393.0,950.667,0.425778,0.0,-0.904827
350.023,4437.0,950.667,0.309017,0.0,-0.951057
350.023,4393.0,950.667,0.309017,0.0,-0.951057
327.629,4437.0,943.391,0.309017,0.0,-0.951057
327.629,4437.0,943.391,0.309017,0.0,-0.951057
350.023,4393.0,950.667,0.309017,0.0,-0.951057
327.629,4393.0,943.391,0.309017,0.0,-0.951057
327.629,4437.0,943.391,0.187382,0.0,-0.982287
327.629,4393.0,943.391,0.187382,0.0,-0.982287
304.5,4437.0,938.979,0.187382,0.0,-0.982287
304.5,4437.0,938.979,0.187382,0.0,-0.982287
327.629,4393.0,943.391,0.187382,0.0,-0.982287
304.5,4393.0,938.979,0.187382,0.0,-0.982287
304.5,4437.0,938.979,0.0627915,0.0,-0.998027
304.5,4393.0,938.979,0.0627915,0.0,-0.998027
281.0,4437.0,937.5,0.0627915,0.0,-0.998027
281.0,4437.0,937.5,0.0627915,0.0,-0.998027
304.5,4393.0,938.979,0.0627915,0.0,-0.998027
281.0,4393.0,937.5,0.0627915,0.0,-0.998027
281.0,4437.0,937.5,-0.0627914,0.0,-0.998027
281.0,4393.0,937.5,-0.0627914,0.0,-0.998027
257.5,4437.0,938.979,-0.0627914,0.0,-0.998027
257.5,4437.0,938.979,-0.0627914,0.0,-0.998027
281.0,4393.0,937.5,-0.0627914,0.0,-0.998027
257.5,4393.0,938.979,-0.0627914,0.0,-0.998027
257.5,4437.0,938.979,-0.187382,0.0,-0.982287
257.5,4393.0,938.979,-0.187382,0.0,-0.982287
234.371,4437.0,943.391,-0.187382,0.0,-0.982287
234.371,4437.0,943.391,-0.187382,0.0,-0.982287
257.5,4393.0,938.979,-0.187382,0.0,-0.982287
234.371,4393.0,943.391,-0.187382,0.0,-0.982287
234.371,4437.0,943.391,-0.309017,0.0,-0.951057
234.371,4393.0,943.391,-0.309017,0.0,-0.951057
211.977,4437.0,950.667,-0.309017,0.0,-0.951057
211.977,4437.0,950.667,-0.309017,0.0,-0.951057
234.371,4393.0,943.391,-0.309017,0.0,-0.951057
211.977,4393.0,950.667,-0.309017,0.0,-0.951057
211.977,4437.0,950.667,-0.425779,0.0,-0.904827
211.977,4393.0,950.667,-0.425779,0.0,-0.904827
190.671,4437.0,960.693,-0.425779,0.0,-0.904827
190.671,4437.0,960.693,-0.425779,0.0,-0.904827
211.977,4393.0,950.667,-0.425779,0.0,-0.904827
190.671,4393.0,960.693,-0.425779,0.0,-0.904827
190.671,4437.0,960.693,-0.535827,0.0,-0.844328
190.671,4393.0,960.693,-0.535827,0.0,-0.844328
170.79,4437.0,973.309,-0.535827,0.0,-0.844328
170.79,4437.0,973.309,-0.535827,0.0,-0.844328
190.671,4393.0,960.693,-0.535827,0.0,-0.844328
170.79,4393.0,973.309,-0.535827,0.0,-0.844328
170.79,4437.0,973.309,-0.637423,0.0,-0.770514
170.79,4393.0,973.309,-0.637423,0.0,-0.770514
152.647,4437.0,988.318,-0.637423,0.0,-0.770514
152.647,4437.0,988.318,-0.637423,0.0,-0.770514
170.79,4393.0,973.309,-0.637423,0.0,-0.770514
152.647,4393.0,988.318,-0.637423,0.0,-0.770514
152.647,4437.0,988.318,-0.72897,0.0,-0.684546
152.647,4393.0,988.318,-0.72897,0.0,-0.684546
136.529,4437.0,1005.48,-0.72897,0.0,-0.684546
136.529,4437.0,1005.48,-0.72897,0.0,-0.684546
152.647,4393.0,988.318,-0.72897,0.0,-0.684546
136.529,4393.0,1005.48,-0.72897,0.0,-0.684546
136.529,4437.0,1005.48,-0.809016,0.0,-0.587786
136.529,4393.0,1005.48,-0.809016,0.0,-0.587786
122.688,4437.0,1024.53,-0.809016,0.0,-0.587786
122.688,4437.0,1024.53,-0.809016,0.0,-0.587786
136.529,4393.0,1005.48,-0.809016,0.0,-0.587786
122.688,4393.0,1024.53,-0.809016,0.0,-0.587786
122.688,4437.0,1024.53,-0.876307,0.0,-0.481753
122.688,4393.0,1024.53,-0.876307,0.0,-0.481753
111.345,4437.0,1045.17,-0.876307,0.0,-0.481753
111.345,4437.0,1045.17,-0.876307,0.0,-0.481753
122.688,4393.0,1024.53,-0.876307,0.0,-0.481753
111.345,4393.0,1045.17,-0.876307,0.0,-0.481753
111.345,4437.0,1045.17,-0.929777,0.0,-0.368124
111.345,4393.0,1045.17,-0.929777,0.0,-0.368124
102.677,4437.0,1067.06,-0.929777,0.0,-0.368124
102.677,4437.0,1067.06,-0.929777,0.0,-0.368124
111.345,4393.0,1045.17,-0.929777,0.0,-0.368124
102.677,4393.0,1067.06,-0.929777,0.0,-0.368124
102.677,4437.0,1067.06,-0.968583,0.0,-0.248689
102.677,4393.0,1067.06,-0.968583,0.0,-0.248689
96.8211,4437.0,1089.87,-0.968583,0.0,-0.248689
96.8211,4437.0,1089.87,-0.968583,0.0,-0.248689
102.677,4393.0,1067.06,-0.968583,0.0,-0.248689
96.8211,4393.0,1089.87,-0.968583,0.0,-0.248689
96.8211,4437.0,1089.87,-0.992115,0.0,-0.125333
96.8211,4393.0,1089.87,-0.992115,0.0,-0.125333
93.87,4437.0,1113.23,-0.992115,0.0,-0.125333
93.87,4437.0,1113.23,-0.992115,0.0,-0.125333
96.8211,4393.0,1089.87,-0.992115,0.0,-0.125333
93.87,4393.0,1113.23,-0.992115,0.0,-0.125333
93.87,4437.0,1113.23,-1.0,0.0,0.0
93.87,4393.0,1113.23,-1.0,0.0,0.0
93.87,4437.0,1136.77,-1.0,0.0,0.0
93.87,4437.0,1136.77,-1.0,0.0,0.0
93.87,4393.0,1113.23,-1.0,0.0,0.0
93.87,4393.0,1136.77,-1.0,0.0,0.0
93.87,4437.0,1136.77,-0.992115,0.0,0.125333
93.87,4393.0,1136.77,-0.992115,0.0,0.125333
96.8211,4437.0,1160.13,-0.992115,0.0,0.125333
96.8211,4437.0,1160.13,-0.992115,0.0,0.125333
93.87,4393.0,1136.77,-0.992115,0.0,0.125333
96.8211,4393.0,1160.13,-0.992115,0.0,0.125333
96.8211,4437.0,1160.13,-0.968583,0.0,0.248689
96.8211,4393.0,1160.13,-0.968583,0.0,0.248689
102.677,4437.0,1182.94,-0.968583,0.0,0.248689
102.677,4437.0,1182.94,-0.968583,0.0,0.248689
96.8211,4393.0,1160.13,-0.968583,0.0,0.248689
102.677,4393.0,1182.94,-0.968583,0.0,0.248689
102.677,4437.0,1182.94,-0.929777,0.0,0.368124
102.677,4393.0,1182.94,-0.929777,0.0,0.368124
111.345,4437.0,1204.83,-0.929777,0.0,0.368124
111.345,4437.0,1204.83,-0.929777,0.0,0.368124
102.677,4393.0,1182.94,-0.929777,0.0,0.368124
111.345,4393.0,1204.83,-0.929777,0.0,0.368124
111.345,4437.0,1204.83,-0.876307,0.0,0.481753
111.345,4393.0,1204.83,-0.876307,0.0,0.481753
122.688,4437.0,1225.47,-0.876307,0.0,0.481753
122.688,4437.0,1225.47,-0.876307,0.0,0.481753
111.345,4393.0,1204.83,-0.876307,0.0,0.481753
122.688,4393.0,1225.47,-0.876307,0.0,0.481753
122.688,4437.0,1225.47,-0.809016,0.0,0.587786
122.688,4393.0,1225.47,-0.809016,0.0,0.587786
136.529,4437.0,1244.52,-0.809016,0.0,0.587786
136.529,4437.0,1244.52,-0.809016,0.0,0.587786
122.688,4393.0,1225.47,-0.809016,0.0,0.587786
136.529,4393.0,1244.52,-0.809016,0.0,0.587786
136.529,4437.0,1244.52,-0.72897,0.0,0.684546
136.529,4393.0,1244.52,-0.72897,0.0,0.684546
152.647,4437.0,1261.68,-0.72897,0.0,0.684546
152.647,4437.0,1261.68,-0.72897,0.0,0.684546
136.529,4393.0,1244.52,-0.72897,0.0,0.684546
152.647,4393.0,1261.68,-0.72897,0.0,0.684546
152.647,4437.0,1261.68,-0.637423,0.0,0.770514
152.647,4393.0,1261.68,-0.637423,0.0,0.770514
170.79,4437.0,1276.69,-0.637423,0.0,0.770514
170.79,4437.0,1276.69,-0.637423,0.0,0.770514
152.647,4393.0,1261.68,-0.637423,0.0,0.770514
170.79,4393.0,1276.69,-0.637423,0.0,0.770514
170.79,4437.0,1276.69,-0.535827,0.0,0.844328
170.79,4393.0,1276.69,-0.535827,0.0,0.844328
190.671,4437.0,1289.31,-0.535827,0.0,0.844328
190.671,4437.0,1289.31,-0.535827,0.0,0.844328
170.79,4393.0,1276.69,-0.535827,0.0,0.844328
190.671,4393.0,1289.31,-0.535827,0.0,0.844328
190.671,4437.0,1289.31,-0.425781,0.0,0.904826
190.671,4393.0,1289.31,-0.425781,0.0,0.904826
211.977,4437.0,1299.33,-0.425781,0.0,0.904826
211.977,4437.0,1299.33,-0.425781,0.0,0.904826
190.671,4393.0,1289.31,-0.425781,0.0,0.904826
211.977,4393.0,1299.33,-0.425781,0.0,0.904826
211.977,4437.0,1299.33,-0.309017,0.0,0.951057
211.977,4393.0,1299.33,-0.309017,0.0,0.951057
234.371,4437.0,1306.61,-0.309017,0.0,0.951057
234.371,4437.0,1306.61,-0.309017,0.0,0.951057
211.977,4393.0,1299.33,-0.309017,0.0,0.951057
234.371,4393.0,1306.61,-0.309017,0.0,0.951057
234.371,4437.0,1306.61,-0.187379,0.0,0.982288
234.371,4393.0,1306.61,-0.187379,0.0,0.982288
257.5,4437.0,1311.02,-0.187379,0.0,0.982288
257.5,4437.0,1311.02,-0.187379,0.0,0.982288
234.371,4393.0,1306.61,-0.187379,0.0,0.982288
257.5,4393.0,1311.02,-0.187379,0.0,0.982288
257.5,4437.0,1311.02,-0.0627914,0.0,0.998027
257.5,4393.0,1311.02,-0.0627914,0.0,0.998027
281.0,4437.0,1312.5,-0.0627914,0.0,0.998027
281.0,4437.0,1312.5,-0.0627914,0.0,0.998027
257.5,4393.0,1311.02,-0.0627914,0.0,0.998027
281.0,4393.0,1312.5,-0.0627914,0.0,0.998027
281.0,4437.0,1312.5,0.0627915,0.0,0.998027
281.0,4393.0,1312.5,0.0627915,0.0,0.998027
304.5,4437.0,1311.02,0.0627915,0.0,0.998027
304.5,4437.0,1311.02,0.0627915,0.0,0.998027
281.0,4393.0,1312.5,0.0627915,0.0,0.998027
304.5,4393.0,1311.02,0.0627915,0.0,0.998027
170.79,4437.0,973.309,0.0,-1.0,0.0
130.188,4437.0,887.899,0.0,-1.0,0.0
190.671,4437.0,960.693,0.0,-1.0,0.0
190.671,4437.0,960.693,0.0,-1.0,0.0
130.188,4437.0,887.899,0.0,-1.0,0.0
155.367,4437.0,873.649,0.0,-1.0,0.0
190.671,4437.0,960.693,0.0,-1.0,0.0
155.367,4437.0,873.649,0.0,-1.0,0.0
211.977,4437.0,950.667,0.0,-1.0,0.0
211.977,4437.0,950.667,0.0,-1.0,0.0
155.367,4437.0,873.649,0.0,-1.0,0.0
181.877,4437.0,862.064,0.0,-1.0,0.0
211.977,4437.0,950.667,0.0,-1.0,0.0
181.877,4437.0,862.064,0.0,-1.0,0.0
234.371,4437.0,943.391,0.0,-1.0,0.0
234.371,4437.0,943.391,0.0,-1.0,0.0
181.877,4437.0,862.064,0.0,-1.0,0.0
209.437,4437.0,853.265,0.0,-1.0,0.0
234.371,4437.0,943.391,0.0,-1.0,0.0
209.437,4437.0,853.265,0.0,-1.0,0.0
257.5,4437.0,938.979,0.0,-1.0,0.0
102.677,4437.0,1067.06,0.0,-1.0,0.0
20.703,4437.0,1019.14,0.0,-1.0,0.0
111.345,4437.0,1045.17,0.0,-1.0,0.0
111.345,4437.0,1045.17,0.0,-1.0,0.0
20.703,4437.0,1019.14,0.0,-1.0,0.0
32.9672,4437.0,992.937,0.0,-1.0,0.0
111.345,4437.0,1045.17,0.0,-1.0,0.0
32.9672,4437.0,992.937,0.0,-1.0,0.0
122.688,4437.0,1024.53,0.0,-1.0,0.0
122.688,4437.0,1024.53,0.0,-1.0,0.0
32.9672,4437.0,992.937,0.0,-1.0,0.0
47.8607,4437.0,968.133,0.0,-1.0,0.0
122.688,4437.0,1024.53,0.0,-1.0,0.0
47.8607,4437.0,968.133,0.0,-1.0,0.0
136.529,4437.0,1005.48,0.0,-1.0,0.0
136.529,4437.0,1005.48,0.0,-1.0,0.0
47.8607,4437.0,968.133,0.0,-1.0,0.0
65.2256,4437.0,944.993,0.0,-1.0,0.0
136.529,4437.0,1005.48,0.0,-1.0,0.0
65.2256,4437.0,944.993,0.0,-1.0,0.0
152.647,4437.0,988.318,0.0,-1.0,0.0
152.647,4437.0,988.318,0.0,-1.0,0.0
65.2256,4437.0,944.993,0.0,-1.0,0.0
84.8777,4437.0,923.761,0.0,-1.0,0.0
152.647,4437.0,988.318,0.0,-1.0,0.0
84.8777,4437.0,923.761,0.0,-1.0,0.0
170.79,4437.0,973.309,0.0,-1.0,0.0
170.79,4437.0,973.309,0.0,-1.0,0.0
84.8777,4437.0,923.761,0.0,-1.0,0.0
106.609,4437.0,904.662,0.0,-1.0,0.0
170.79,4437.0,973.309,0.0,-1.0,0.0
106.609,4437.0,904.662,0.0,-1.0,0.0
130.188,4437.0,887.899,0.0,-1.0,0.0
350.023,4437.0,1299.33,0.0,-1.0,0.0
366.456,4437.0,1392.69,0.0,-1.0,0.0
327.629,4437.0,1306.61,0.0,-1.0,0.0
327.629,4437.0,1306.61,0.0,-1.0,0.0
366.456,4437.0,1392.69,0.0,-1.0,0.0
338.479,4437.0,1400.06,0.0,-1.0,0.0
327.629,4437.0,1306.61,0.0,-1.0,0.0
338.479,4437.0,1400.06,0.0,-1.0,0.0
304.5,4437.0,1311.02,0.0,-1.0,0.0
304.5,4437.0,1311.02,0.0,-1.0,0.0
338.479,4437.0,1400.06,0.0,-1.0,0.0
309.893,4437.0,1404.51,0.0,-1.0,0.0
304.5,4437.0,1311.02,0.0,-1.0,0.0
309.893,4437.0,1404.51,0.0,-1.0,0.0
281.0,4437.0,1312.5,0.0,-1.0,0.0
281.0,4437.0,1312.5,0.0,-1.0,0.0
309.893,4437.0,1404.51,0.0,-1.0,0.0
281.0,4437.0,1406.0,0.0,-1.0,0.0
281.0,4437.0,1312.5,0.0,-1.0,0.0
281.0,4437.0,1406.0,0.0,-1.0,0.0
257.5,4437.0,1311.02,0.0,-1.0,0.0
257.5,4437.0,1311.02,0.0,-1.0,0.0
281.0,4437.0,1406.0,0.0,-1.0,0.0
252.107,4437.0,1404.51,0.0,-1.0,0.0
257.5,4437.0,1311.02,0.0,-1.0,0.0
252.107,4437.0,1404.51,0.0,-1.0,0.0
234.371,4437.0,1306.61,0.0,-1.0,0.0
252.107,4437.0,1404.51,0.0,-1.0,0.0
223.521,4437.0,1400.06,0.0,-1.0,0.0
234.371,4437.0,1306.61,0.0,-1.0,0.0
234.371,4437.0,1306.61,0.0,-1.0,0.0
223.521,4437.0,1400.06,0.0,-1.0,0.0
195.544,4437.0,1392.69,0.0,-1.0,0.0
234.371,4437.0,1306.61,0.0,-1.0,0.0
195.544,4437.0,1392.69,0.0,-1.0,0.0
211.977,4437.0,1299.33,0.0,-1.0,0.0
211.977,4437.0,1299.33,0.0,-1.0,0.0
195.544,4437.0,1392.69,0.0,-1.0,0.0
168.472,4437.0,1382.48,0.0,-1.0,0.0
211.977,4437.0,1299.33,0.0,-1.0,0.0
168.472,4437.0,1382.48,0.0,-1.0,0.0
190.671,4437.0,1289.31,0.0,-1.0,0.0
190.671,4437.0,1289.31,0.0,-1.0,0.0
168.472,4437.0,1382.48,0.0,-1.0,0.0
142.594,4437.0,1369.55,0.0,-1.0,0.0
190.671,4437.0,1289.31,0.0,-1.0,0.0
142.594,4437.0,1369.55,0.0,-1.0,0.0
170.79,4437.0,1276.69,0.0,-1.0,0.0
170.79,4437.0,1276.69,0.0,-1.0,0.0
142.594,4437.0,1369.55,0.0,-1.0,0.0
118.183,4437.0,1354.02,0.0,-1.0,0.0
170.79,4437.0,1276.69,0.0,-1.0,0.0
118.183,4437.0,1354.02,0.0,-1.0,0.0
152.647,4437.0,1261.68,0.0,-1.0,0.0
209.437,4437.0,853.265,0.0,-1.0,0.0
237.757,4437.0,847.347,0.0,-1.0,0.0
257.5,4437.0,938.979,0.0,-1.0,0.0
257.5,4437.0,938.979,0.0,-1.0,0.0
237.757,4437.0,847.347,0.0,-1.0,0.0
266.534,4437.0,844.373,0.0,-1.0,0.0
257.5,4437.0,938.979,0.0,-1.0,0.0
266.534,4437.0,844.373,0.0,-1.0,0.0
281.0,4437.0,937.5,0.0,-1.0,0.0
281.0,4437.0,937.5,0.0,-1.0,0.0
266.534,4437.0,844.373,0.0,-1.0,0.0
295.466,4437.0,844.373,0.0,-1.0,0.0
281.0,4437.0,937.5,0.0,-1.0,0.0
295.466,4437.0,844.373,0.0,-1.0,0.0
304.5,4437.0,938.979,0.0,-1.0,0.0
304.5,4437.0,938.979,0.0,-1.0,0.0
295.466,4437.0,844.373,0.0,-1.0,0.0
324.243,4437.0,847.347,0.0,-1.0,0.0
304.5,4437.0,938.979,0.0,-1.0,0.0
324.243,4437.0,847.347,0.0,-1.0,0.0
327.629,4437.0,943.391,0.0,-1.0,0.0
327.629,4437.0,943.391,0.0,-1.0,0.0
324.243,4437.0,847.347,0.0,-1.0,0.0
352.563,4437.0,853.265,0.0,-1.0,0.0
327.629,4437.0,943.391,0.0,-1.0,0.0
352.563,4437.0,853.265,0.0,-1.0,0.0
350.023,4437.0,950.667,0.0,-1.0,0.0
350.023,4437.0,950.667,0.0,-1.0,0.0
352.563,4437.0,853.265,0.0,-1.0,0.0
380.123,4437.0,862.064,0.0,-1.0,0.0
350.023,4437.0,950.667,0.0,-1.0,0.0
380.123,4437.0,862.064,0.0,-1.0,0.0
371.329,4437.0,960.693,0.0,-1.0,0.0
118.183,4437.0,1354.02,0.0,-1.0,0.0
95.4972,4437.0,1336.07,0.0,-1.0,0.0
152.647,4437.0,1261.68,0.0,-1.0,0.0
152.647,4437.0,1261.68,0.0,-1.0,0.0
95.4972,4437.0,1336.07,0.0,-1.0,0.0
74.7782,4437.0,1315.88,0.0,-1.0,0.0
152.647,4437.0,1261.68,0.0,-1.0,0.0
74.7782,4437.0,1315.88,0.0,-1.0,0.0
136.529,4437.0,1244.52,0.0,-1.0,0.0
136.529,4437.0,1244.52,0.0,-1.0,0.0
74.7782,4437.0,1315.88,0.0,-1.0,0.0
56.2452,4437.0,1293.66,0.0,-1.0,0.0
136.529,4437.0,1244.52,0.0,-1.0,0.0
56.2452,4437.0,1293.66,0.0,-1.0,0.0
122.688,4437.0,1225.47,0.0,-1.0,0.0
122.688,4437.0,1225.47,0.0,-1.0,0.0
56.2452,4437.0,1293.66,0.0,-1.0,0.0
40.0946,4437.0,1269.66,0.0,-1.0,0.0
122.688,4437.0,1225.47,0.0,-1.0,0.0
40.0946,4437.0,1269.66,0.0,-1.0,0.0
111.345,4437.0,1204.83,0.0,-1.0,0.0
111.345,4437.0,1204.83,0.0,-1.0,0.0
40.0946,4437.0,1269.66,0.0,-1.0,0.0
26.4977,4437.0,1244.12,0.0,-1.0,0.0
111.345,4437.0,1204.83,0.0,-1.0,0.0
26.4977,4437.0,1244.12,0.0,-1.0,0.0
102.677,4437.0,1182.94,0.0,-1.0,0.0
102.677,4437.0,1182.94,0.0,-1.0,0.0
26.4977,4437.0,1244.12,0.0,-1.0,0.0
15.5985,4437.0,1217.32,0.0,-1.0,0.0
102.677,4437.0,1182.94,0.0,-1.0,0.0
15.5985,4437.0,1217.32,0.0,-1.0,0.0
96.8211,4437.0,1160.13,0.0,-1.0,0.0
450.655,4437.0,1045.17,0.0,-1.0,0.0
541.297,4437.0,1019.14,0.0,-1.0,0.0
459.323,4437.0,1067.06,0.0,-1.0,0.0
459.323,4437.0,1067.06,0.0,-1.0,0.0
541.297,4437.0,1019.14,0.0,-1.0,0.0
550.802,4437.0,1046.46,0.0,-1.0,0.0
459.323,4437.0,1067.06,0.0,-1.0,0.0
550.802,4437.0,1046.46,0.0,-1.0,0.0
465.179,4437.0,1089.87,0.0,-1.0,0.0
465.179,4437.0,1089.87,0.0,-1.0,0.0
550.802,4437.0,1046.46,0.0,-1.0,0.0
557.447,4437.0,1074.62,0.0,-1.0,0.0
465.179,4437.0,1089.87,0.0,-1.0,0.0
557.447,4437.0,1074.62,0.0,-1.0,0.0
468.13,4437.0,1113.23,0.0,-1.0,0.0
468.13,4437.0,1113.23,0.0,-1.0,0.0
557.447,4437.0,1074.62,0.0,-1.0,0.0
561.162,4437.0,1103.31,0.0,-1.0,0.0
468.13,4437.0,1113.23,0.0,-1.0,0.0
561.162,4437.0,1103.31,0.0,-1.0,0.0
468.13,4437.0,1136.77,0.0,-1.0,0.0
380.123,4437.0,862.064,0.0,-1.0,0.0
406.633,4437.0,873.649,0.0,-1.0,0.0
371.329,4437.0,960.693,0.0,-1.0,0.0
371.329,4437.0,960.693,0.0,-1.0,0.0
406.633,4437.0,873.649,0.0,-1.0,0.0
431.812,4437.0,887.899,0.0,-1.0,0.0
371.329,4437.0,960.693,0.0,-1.0,0.0
431.812,4437.0,887.899,0.0,-1.0,0.0
391.21,4437.0,973.309,0.0,-1.0,0.0
391.21,4437.0,973.309,0.0,-1.0,0.0
431.812,4437.0,887.899,0.0,-1.0,0.0
455.391,4437.0,904.662,0.0,-1.0,0.0
391.21,4437.0,973.309,0.0,-1.0,0.0
455.391,4437.0,904.662,0.0,-1.0,0.0
409.353,4437.0,988.318,0.0,-1.0,0.0
409.353,4437.0,988.318,0.0,-1.0,0.0
455.391,4437.0,904.662,0.0,-1.0,0.0
477.122,4437.0,923.761,0.0,-1.0,0.0
409.353,4437.0,988.318,0.0,-1.0,0.0
477.122,4437.0,923.761,0.0,-1.0,0.0
425.471,4437.0,1005.48,0.0,-1.0,0.0
425.471,4437.0,1005.48,0.0,-1.0,0.0
477.122,4437.0,923.761,0.0,-1.0,0.0
496.774,4437.0,944.993,0.0,-1.0,0.0
425.471,4437.0,1005.48,0.0,-1.0,0.0
496.774,4437.0,944.993,0.0,-1.0,0.0
439.311,4437.0,1024.53,0.0,-1.0,0.0
439.311,4437.0,1024.53,0.0,-1.0,0.0
496.774,4437.0,944.993,0.0,-1.0,0.0
514.139,4437.0,968.133,0.0,-1.0,0.0
439.311,4437.0,1024.53,0.0,-1.0,0.0
514.139,4437.0,968.133,0.0,-1.0,0.0
450.655,4437.0,1045.17,0.0,-1.0,0.0
450.655,4437.0,1045.17,0.0,-1.0,0.0
514.139,4437.0,968.133,0.0,-1.0,0.0
529.033,4437.0,992.937,0.0,-1.0,0.0
450.655,4437.0,1045.17,0.0,-1.0,0.0
529.033,4437.0,992.937,0.0,-1.0,0.0
541.297,4437.0,1019.14,0.0,-1.0,0.0
15.5985,4437.0,1217.32,0.0,-1.0,0.0
7.51269,4437.0,1189.54,0.0,-1.0,0.0
96.8211,4437.0,1160.13,0.0,-1.0,0.0
96.8211,4437.0,1160.13,0.0,-1.0,0.0
7.51269,4437.0,1189.54,0.0,-1.0,0.0
2.32592,4437.0,1161.08,0.0,-1.0,0.0
96.8211,4437.0,1160.13,0.0,-1.0,0.0
2.32592,4437.0,1161.08,0.0,-1.0,0.0
93.87,4437.0,1136.77,0.0,-1.0,0.0
93.87,4437.0,1136.77,0.0,-1.0,0.0
2.32592,4437.0,1161.08,0.0,-1.0,0.0
0.0931621,4437.0,1132.24,0.0,-1.0,0.0
93.87,4437.0,1136.77,0.0,-1.0,0.0
0.0931621,4437.0,1132.24,0.0,-1.0,0.0
93.87,4437.0,1113.23,0.0,-1.0,0.0
93.87,4437.0,1113.23,0.0,-1.0,0.0
0.0931621,4437.0,1132.24,0.0,-1.0,0.0
0.838071,4437.0,1103.31,0.0,-1.0,0.0
93.87,4437.0,1113.23,0.0,-1.0,0.0
0.838071,4437.0,1103.31,0.0,-1.0,0.0
96.8211,4437.0,1089.87,0.0,-1.0,0.0
96.8211,4437.0,1089.87,0.0,-1.0,0.0
0.838071,4437.0,1103.31,0.0,-1.0,0.0
4.55275,4437.0,1074.62,0.0,-1.0,0.0
96.8211,4437.0,1089.87,0.0,-1.0,0.0
4.55275,4437.0,1074.62,0.0,-1.0,0.0
102.677,4437.0,1067.06,0.0,-1.0,0.0
102.677,4437.0,1067.06,0.0,-1.0,0.0
4.55275,4437.0,1074.62,0.0,-1.0,0.0
11.1979,4437.0,1046.46,0.0,-1.0,0.0
102.677,4437.0,1067.06,0.0,-1.0,0.0
11.1979,4437.0,1046.46,0.0,-1.0,0.0
20.703,4437.0,1019.14,0.0,-1.0,0.0
561.162,4437.0,1103.31,0.0,-1.0,0.0
561.907,4437.0,1132.24,0.0,-1.0,0.0
468.13,4437.0,1136.77,0.0,-1.0,0.0
468.13,4437.0,1136.77,0.0,-1.0,0.0
561.907,4437.0,1132.24,0.0,-1.0,0.0
559.674,4437.0,1161.08,0.0,-1.0,0.0
468.13,4437.0,1136.77,0.0,-1.0,0.0
559.674,4437.0,1161.08,0.0,-1.0,0.0
465.179,4437.0,1160.13,0.0,-1.0,0.0
465.179,4437.0,1160.13,0.0,-1.0,0.0
559.674,4437.0,1161.08,0.0,-1.0,0.0
554.487,4437.0,1189.54,0.0,-1.0,0.0
465.179,4437.0,1160.13,0.0,-1.0,0.0
554.487,4437.0,1189.54,0.0,-1.0,0.0
459.323,4437.0,1182.94,0.0,-1.0,0.0
459.323,4437.0,1182.94,0.0,-1.0,0.0
554.487,4437.0,1189.54,0.0,-1.0,0.0
546.401,4437.0,1217.32,0.0,-1.0,0.0
459.323,4437.0,1182.94,0.0,-1.0,0.0
546.401,4437.0,1217.32,0.0,-1.0,0.0
450.655,4437.0,1204.83,0.0,-1.0,0.0
450.655,4437.0,1204.83,0.0,-1.0,0.0
546.401,4437.0,1217.32,0.0,-1.0,0.0
535.502,4437.0,1244.12,0.0,-1.0,0.0
450.655,4437.0,1204.83,0.0,-1.0,0.0
535.502,4437.0,1244.12,0.0,-1.0,0.0
439.311,4437.0,1225.47,0.0,-1.0,0.0
439.311,4437.0,1225.47,0.0,-1.0,0.0
535.502,4437.0,1244.12,0.0,-1.0,0.0
521.905,4437.0,1269.66,0.0,-1.0,0.0
439.311,4437.0,1225.47,0.0,-1.0,0.0
521.905,4437.0,1269.66,0.0,-1.0,0.0
425.471,4437.0,1244.52,0.0,-1.0,0.0
521.905,4437.0,1269.66,0.0,-1.0,0.0
505.755,4437.0,1293.66,0.0,-1.0,0.0
425.471,4437.0,1244.52,0.0,-1.0,0.0
425.471,4437.0,1244.52,0.0,-1.0,0.0
505.755,4437.0,1293.66,0.0,-1.0,0.0
487.222,4437.0,1315.88,0.0,-1.0,0.0
425.471,4437.0,1244.52,0.0,-1.0,0.0
487.222,4437.0,1315.88,0.0,-1.0,0.0
409.353,4437.0,1261.68,0.0,-1.0,0.0
409.353,4437.0,1261.68,0.0,-1.0,0.0
487.222,4437.0,1315.88,0.0,-1.0,0.0
466.503,4437.0,1336.07,0.0,-1.0,0.0
409.353,4437.0,1261.68,0.0,-1.0,0.0
466.503,4437.0,1336.07,0.0,-1.0,0.0
391.21,4437.0,1276.69,0.0,-1.0,0.0
391.21,4437.0,1276.69,0.0,-1.0,0.0
466.503,4437.0,1336.07,0.0,-1.0,0.0
443.817,4437.0,1354.02,0.0,-1.0,0.0
391.21,4437.0,1276.69,0.0,-1.0,0.0
443.817,4437.0,1354.02,0.0,-1.0,0.0
371.329,4437.0,1289.31,0.0,-1.0,0.0
371.329,4437.0,1289.31,0.0,-1.0,0.0
443.817,4437.0,1354.02,0.0,-1.0,0.0
419.406,4437.0,1369.55,0.0,-1.0,0.0
371.329,4437.0,1289.31,0.0,-1.0,0.0
419.406,4437.0,1369.55,0.0,-1.0,0.0
350.023,4437.0,1299.33,0.0,-1.0,0.0
350.023,4437.0,1299.33,0.0,-1.0,0.0
419.406,4437.0,1369.55,0.0,-1.0,0.0
393.528,4437.0,1382.48,0.0,-1.0,0.0
350.023,4437.0,1299.33,0.0,-1.0,0.0
393.528,4437.0,1382.48,0.0,-1.0,0.0
366.456,4437.0,1392.69,0.0,-1.0,0.0
336.465,4393.0,1237.02,0.0,-1.0,0.0
350.023,4393.0,1299.33,0.0,-1.0,0.0
318.715,4393.0,1244.17,0.0,-1.0,0.0
318.715,4393.0,1244.17,0.0,-1.0,0.0
350.023,4393.0,1299.33,0.0,-1.0,0.0
327.629,4393.0,1306.61,0.0,-1.0,0.0
318.715,4393.0,1244.17,0.0,-1.0,0.0
327.629,4393.0,1306.61,0.0,-1.0,0.0
300.081,4393.0,1248.54,0.0,-1.0,0.0
300.081,4393.0,1248.54,0.0,-1.0,0.0
327.629,4393.0,1306.61,0.0,-1.0,0.0
304.5,4393.0,1311.02,0.0,-1.0,0.0
300.081,4393.0,1248.54,0.0,-1.0,0.0
304.5,4393.0,1311.02,0.0,-1.0,0.0
281.0,4393.0,1250.0,0.0,-1.0,0.0
281.0,4393.0,1250.0,0.0,-1.0,0.0
304.5,4393.0,1311.02,0.0,-1.0,0.0
281.0,4393.0,1312.5,0.0,-1.0,0.0
281.0,4393.0,1250.0,0.0,-1.0,0.0
281.0,4393.0,1312.5,0.0,-1.0,0.0
261.919,4393.0,1248.54,0.0,-1.0,0.0
261.919,4393.0,1248.54,0.0,-1.0,0.0
281.0,4393.0,1312.5,0.0,-1.0,0.0
257.5,4393.0,1311.02,0.0,-1.0,0.0
261.919,4393.0,1248.54,0.0,-1.0,0.0
257.5,4393.0,1311.02,0.0,-1.0,0.0
243.285,4393.0,1244.17,0.0,-1.0,0.0
271.431,4393.0,1000.37,0.0,-1.0,0.0
281.0,4393.0,937.5,0.0,-1.0,0.0
290.569,4393.0,1000.37,0.0,-1.0,0.0
290.569,4393.0,1000.37,0.0,-1.0,0.0
281.0,4393.0,937.5,0.0,-1.0,0.0
304.5,4393.0,938.979,0.0,-1.0,0.0
290.569,4393.0,1000.37,0.0,-1.0,0.0
304.5,4393.0,938.979,0.0,-1.0,0.0
309.482,4393.0,1003.29,0.0,-1.0,0.0
309.482,4393.0,1003.29,0.0,-1.0,0.0
304.5,4393.0,938.979,0.0,-1.0,0.0
327.629,4393.0,943.391,0.0,-1.0,0.0
309.482,4393.0,1003.29,0.0,-1.0,0.0
327.629,4393.0,943.391,0.0,-1.0,0.0
327.727,4393.0,1009.06,0.0,-1.0,0.0
327.727,4393.0,1009.06,0.0,-1.0,0.0
327.629,4393.0,943.391,0.0,-1.0,0.0
350.023,4393.0,950.667,0.0,-1.0,0.0
327.727,4393.0,1009.06,0.0,-1.0,0.0
350.023,4393.0,950.667,0.0,-1.0,0.0
344.877,4393.0,1017.55,0.0,-1.0,0.0
344.877,4393.0,1017.55,0.0,-1.0,0.0
350.023,4393.0,950.667,0.0,-1.0,0.0
371.329,4393.0,960.693,0.0,-1.0,0.0
344.877,4393.0,1017.55,0.0,-1.0,0.0
371.329,4393.0,960.693,0.0,-1.0,0.0
360.53,4393.0,1028.56,0.0,-1.0,0.0
187.681,4393.0,1041.83,0.0,-1.0,0.0
152.647,4393.0,988.318,0.0,-1.0,0.0
201.47,4393.0,1028.56,0.0,-1.0,0.0
201.47,4393.0,1028.56,0.0,-1.0,0.0
152.647,4393.0,988.318,0.0,-1.0,0.0
170.79,4393.0,973.309,0.0,-1.0,0.0
201.47,4393.0,1028.56,0.0,-1.0,0.0
170.79,4393.0,973.309,0.0,-1.0,0.0
217.123,4393.0,1017.55,0.0,-1.0,0.0
217.123,4393.0,1017.55,0.0,-1.0,0.0
170.79,4393.0,973.309,0.0,-1.0,0.0
190.671,4393.0,960.693,0.0,-1.0,0.0
217.123,4393.0,1017.55,0.0,-1.0,0.0
190.671,4393.0,960.693,0.0,-1.0,0.0
234.273,4393.0,1009.06,0.0,-1.0,0.0
234.273,4393.0,1009.06,0.0,-1.0,0.0
190.671,4393.0,960.693,0.0,-1.0,0.0
211.977,4393.0,950.667,0.0,-1.0,0.0
234.273,4393.0,1009.06,0.0,-1.0,0.0
211.977,4393.0,950.667,0.0,-1.0,0.0
252.518,4393.0,1003.29,0.0,-1.0,0.0
252.518,4393.0,1003.29,0.0,-1.0,0.0
211.977,4393.0,950.667,0.0,-1.0,0.0
234.371,4393.0,943.391,0.0,-1.0,0.0
252.518,4393.0,1003.29,0.0,-1.0,0.0
234.371,4393.0,943.391,0.0,-1.0,0.0
271.431,4393.0,1000.37,0.0,-1.0,0.0
271.431,4393.0,1000.37,0.0,-1.0,0.0
234.371,4393.0,943.391,0.0,-1.0,0.0
257.5,4393.0,938.979,0.0,-1.0,0.0
271.431,4393.0,1000.37,0.0,-1.0,0.0
257.5,4393.0,938.979,0.0,-1.0,0.0
281.0,4393.0,937.5,0.0,-1.0,0.0
390.814,4393.0,1184.72,0.0,-1.0,0.0
439.311,4393.0,1225.47,0.0,-1.0,0.0
380.412,4393.0,1200.78,0.0,-1.0,0.0
380.412,4393.0,1200.78,0.0,-1.0,0.0
439.311,4393.0,1225.47,0.0,-1.0,0.0
425.471,4393.0,1244.52,0.0,-1.0,0.0
380.412,4393.0,1200.78,0.0,-1.0,0.0
425.471,4393.0,1244.52,0.0,-1.0,0.0
367.679,4393.0,1215.07,0.0,-1.0,0.0
367.679,4393.0,1215.07,0.0,-1.0,0.0
425.471,4393.0,1244.52,0.0,-1.0,0.0
409.353,4393.0,1261.68,0.0,-1.0,0.0
367.679,4393.0,1215.07,0.0,-1.0,0.0
409.353,4393.0,1261.68,0.0,-1.0,0.0
352.915,4393.0,1227.24,0.0,-1.0,0.0
352.915,4393.0,1227.24,0.0,-1.0,0.0
409.353,4393.0,1261.68,0.0,-1.0,0.0
391.21,4393.0,1276.69,0.0,-1.0,0.0
352.915,4393.0,1227.24,0.0,-1.0,0.0
391.21,4393.0,1276.69,0.0,-1.0,0.0
336.465,4393.0,1237.02,0.0,-1.0,0.0
336.465,4393.0,1237.02,0.0,-1.0,0.0
391.21,4393.0,1276.69,0.0,-1.0,0.0
371.329,4393.0,1289.31,0.0,-1.0,0.0
336.465,4393.0,1237.02,0.0,-1.0,0.0
371.329,4393.0,1289.31,0.0,-1.0,0.0
350.023,4393.0,1299.33,0.0,-1.0,0.0
401.532,4393.0,1091.88,0.0,-1.0,0.0
465.179,4393.0,1089.87,0.0,-1.0,0.0
405.175,4393.0,1110.66,0.0,-1.0,0.0
405.175,4393.0,1110.66,0.0,-1.0,0.0
465.179,4393.0,1089.87,0.0,-1.0,0.0
468.13,4393.0,1113.23,0.0,-1.0,0.0
405.175,4393.0,1110.66,0.0,-1.0,0.0
468.13,4393.0,1113.23,0.0,-1.0,0.0
405.908,4393.0,1129.79,0.0,-1.0,0.0
405.908,4393.0,1129.79,0.0,-1.0,0.0
468.13,4393.0,1113.23,0.0,-1.0,0.0
468.13,4393.0,1136.77,0.0,-1.0,0.0
405.908,4393.0,1129.79,0.0,-1.0,0.0
468.13,4393.0,1136.77,0.0,-1.0,0.0
403.714,4393.0,1148.8,0.0,-1.0,0.0
403.714,4393.0,1148.8,0.0,-1.0,0.0
468.13,4393.0,1136.77,0.0,-1.0,0.0
465.179,4393.0,1160.13,0.0,-1.0,0.0
403.714,4393.0,1148.8,0.0,-1.0,0.0
465.179,4393.0,1160.13,0.0,-1.0,0.0
398.642,4393.0,1167.25,0.0,-1.0,0.0
398.642,4393.0,1167.25,0.0,-1.0,0.0
465.179,4393.0,1160.13,0.0,-1.0,0.0
459.323,4393.0,1182.94,0.0,-1.0,0.0
398.642,4393.0,1167.25,0.0,-1.0,0.0
459.323,4393.0,1182.94,0.0,-1.0,0.0
390.814,4393.0,1184.72,0.0,-1.0,0.0
390.814,4393.0,1184.72,0.0,-1.0,0.0
459.323,4393.0,1182.94,0.0,-1.0,0.0
450.655,4393.0,1204.83,0.0,-1.0,0.0
390.814,4393.0,1184.72,0.0,-1.0,0.0
450.655,4393.0,1204.83,0.0,-1.0,0.0
439.311,4393.0,1225.47,0.0,-1.0,0.0
371.329,4393.0,960.693,0.0,-1.0,0.0
391.21,4393.0,973.309,0.0,-1.0,0.0
360.53,4393.0,1028.56,0.0,-1.0,0.0
360.53,4393.0,1028.56,0.0,-1.0,0.0
391.21,4393.0,973.309,0.0,-1.0,0.0
409.353,4393.0,988.318,0.0,-1.0,0.0
360.53,4393.0,1028.56,0.0,-1.0,0.0
409.353,4393.0,988.318,0.0,-1.0,0.0
374.319,4393.0,1041.83,0.0,-1.0,0.0
374.319,4393.0,1041.83,0.0,-1.0,0.0
409.353,4393.0,988.318,0.0,-1.0,0.0
425.471,4393.0,1005.48,0.0,-1.0,0.0
374.319,4393.0,1041.83,0.0,-1.0,0.0
425.471,4393.0,1005.48,0.0,-1.0,0.0
385.921,4393.0,1057.05,0.0,-1.0,0.0
385.921,4393.0,1057.05,0.0,-1.0,0.0
425.471,4393.0,1005.48,0.0,-1.0,0.0
439.311,4393.0,1024.53,0.0,-1.0,0.0
385.921,4393.0,1057.05,0.0,-1.0,0.0
439.311,4393.0,1024.53,0.0,-1.0,0.0
395.063,4393.0,1073.87,0.0,-1.0,0.0
395.063,4393.0,1073.87,0.0,-1.0,0.0
439.311,4393.0,1024.53,0.0,-1.0,0.0
450.655,4393.0,1045.17,0.0,-1.0,0.0
395.063,4393.0,1073.87,0.0,-1.0,0.0
450.655,4393.0,1045.17,0.0,-1.0,0.0
401.532,4393.0,1091.88,0.0,-1.0,0.0
401.532,4393.0,1091.88,0.0,-1.0,0.0
450.655,4393.0,1045.17,0.0,-1.0,0.0
459.323,4393.0,1067.06,0.0,-1.0,0.0
401.532,4393.0,1091.88,0.0,-1.0,0.0
459.323,4393.0,1067.06,0.0,-1.0,0.0
465.179,4393.0,1089.87,0.0,-1.0,0.0
181.588,4393.0,1200.78,0.0,-1.0,0.0
122.688,4393.0,1225.47,0.0,-1.0,0.0
171.186,4393.0,1184.72,0.0,-1.0,0.0
171.186,4393.0,1184.72,0.0,-1.0,0.0
122.688,4393.0,1225.47,0.0,-1.0,0.0
111.345,4393.0,1204.83,0.0,-1.0,0.0
171.186,4393.0,1184.72,0.0,-1.0,0.0
111.345,4393.0,1204.83,0.0,-1.0,0.0
163.357,4393.0,1167.25,0.0,-1.0,0.0
163.357,4393.0,1167.25,0.0,-1.0,0.0
111.345,4393.0,1204.83,0.0,-1.0,0.0
102.677,4393.0,1182.94,0.0,-1.0,0.0
163.357,4393.0,1167.25,0.0,-1.0,0.0
102.677,4393.0,1182.94,0.0,-1.0,0.0
158.286,4393.0,1148.8,0.0,-1.0,0.0
158.286,4393.0,1148.8,0.0,-1.0,0.0
102.677,4393.0,1182.94,0.0,-1.0,0.0
96.8211,4393.0,1160.13,0.0,-1.0,0.0
158.286,4393.0,1148.8,0.0,-1.0,0.0
96.8211,4393.0,1160.13,0.0,-1.0,0.0
156.092,4393.0,1129.79,0.0,-1.0,0.0
156.092,4393.0,1129.79,0.0,-1.0,0.0
96.8211,4393.0,1160.13,0.0,-1.0,0.0
93.87,4393.0,1136.77,0.0,-1.0,0.0
156.092,4393.0,1129.79,0.0,-1.0,0.0
93.87,4393.0,1136.77,0.0,-1.0,0.0
156.825,4393.0,1110.66,0.0,-1.0,0.0
257.5,4393.0,1311.02,0.0,-1.0,0.0
234.371,4393.0,1306.61,0.0,-1.0,0.0
243.285,4393.0,1244.17,0.0,-1.0,0.0
243.285,4393.0,1244.17,0.0,-1.0,0.0
234.371,4393.0,1306.61,0.0,-1.0,0.0
211.977,4393.0,1299.33,0.0,-1.0,0.0
243.285,4393.0,1244.17,0.0,-1.0,0.0
211.977,4393.0,1299.33,0.0,-1.0,0.0
225.535,4393.0,1237.02,0.0,-1.0,0.0
225.535,4393.0,1237.02,0.0,-1.0,0.0
211.977,4393.0,1299.33,0.0,-1.0,0.0
190.671,4393.0,1289.31,0.0,-1.0,0.0
225.535,4393.0,1237.02,0.0,-1.0,0.0
190.671,4393.0,1289.31,0.0,-1.0,0.0
209.085,4393.0,1227.24,0.0,-1.0,0.0
209.085,4393.0,1227.24,0.0,-1.0,0.0
190.671,4393.0,1289.31,0.0,-1.0,0.0
170.79,4393.0,1276.69,0.0,-1.0,0.0
209.085,4393.0,1227.24,0.0,-1.0,0.0
170.79,4393.0,1276.69,0.0,-1.0,0.0
194.321,4393.0,1215.07,0.0,-1.0,0.0
194.321,4393.0,1215.07,0.0,-1.0,0.0
170.79,4393.0,1276.69,0.0,-1.0,0.0
152.647,4393.0,1261.68,0.0,-1.0,0.0
194.321,4393.0,1215.07,0.0,-1.0,0.0
152.647,4393.0,1261.68,0.0,-1.0,0.0
181.588,4393.0,1200.78,0.0,-1.0,0.0
181.588,4393.0,1200.78,0.0,-1.0,0.0
152.647,4393.0,1261.68,0.0,-1.0,0.0
136.529,4393.0,1244.52,0.0,-1.0,0.0
181.588,4393.0,1200.78,0.0,-1.0,0.0
136.529,4393.0,1244.52,0.0,-1.0,0.0
122.688,4393.0,1225.47,0.0,-1.0,0.0
93.87,4393.0,1136.77,0.0,-1.0,0.0
93.87,4393.0,1113.23,0.0,-1.0,0.0
156.825,4393.0,1110.66,0.0,-1.0,0.0
156.825,4393.0,1110.66,0.0,-1.0,0.0
93.87,4393.0,1113.23,0.0,-1.0,0.0
96.8211,4393.0,1089.87,0.0,-1.0,0.0
156.825,4393.0,1110.66,0.0,-1.0,0.0
96.8211,4393.0,1089.87,0.0,-1.0,0.0
160.468,4393.0,1091.88,0.0,-1.0,0.0
160.468,4393.0,1091.88,0.0,-1.0,0.0
96.8211,4393.0,1089.87,0.0,-1.0,0.0
102.677,4393.0,1067.06,0.0,-1.0,0.0
160.468,4393.0,1091.88,0.0,-1.0,0.0
102.677,4393.0,1067.06,0.0,-1.0,0.0
166.937,4393.0,1073.87,0.0,-1.0,0.0
166.937,4393.0,1073.87,0.0,-1.0,0.0
102.677,4393.0,1067.06,0.0,-1.0,0.0
111.345,4393.0,1045.17,0.0,-1.0,0.0
166.937,4393.0,1073.87,0.0,-1.0,0.0
111.345,4393.0,1045.17,0.0,-1.0,0.0
176.079,4393.0,1057.05,0.0,-1.0,0.0
176.079,4393.0,1057.05,0.0,-1.0,0.0
111.345,4393.0,1045.17,0.0,-1.0,0.0
122.688,4393.0,1024.53,0.0,-1.0,0.0
176.079,4393.0,1057.05,0.0,-1.0,0.0
122.688,4393.0,1024.53,0.0,-1.0,0.0
187.681,4393.0,1041.83,0.0,-1.0,0.0
187.681,4393.0,1041.83,0.0,-1.0,0.0
122.688,4393.0,1024.53,0.0,-1.0,0.0
136.529,4393.0,1005.48,0.0,-1.0,0.0
187.681,4393.0,1041.83,0.0,-1.0,0.0
136.529,4393.0,1005.48,0.0,-1.0,0.0
152.647,4393.0,988.318,0.0,-1.0,0.0
309.893,4468.0,1404.51,0.153892,0.0,0.988088
309.893,4437.0,1404.51,0.153892,0.0,0.988088
338.479,4468.0,1400.06,0.153892,0.0,0.988088
338.479,4468.0,1400.06,0.153892,0.0,0.988088
309.893,4437.0,1404.51,0.153892,0.0,0.988088
338.479,4437.0,1400.06,0.153892,0.0,0.988088
338.479,4468.0,1400.06,0.254668,0.0,0.967029
338.479,4437.0,1400.06,0.254668,0.0,0.967029
366.456,4468.0,1392.69,0.254668,0.0,0.967029
366.456,4468.0,1392.69,0.254668,0.0,0.967029
338.479,4437.0,1400.06,0.254668,0.0,0.967029
366.456,4437.0,1392.69,0.254668,0.0,0.967029
366.456,4468.0,1392.69,0.352755,0.0,0.935716
366.456,4437.0,1392.69,0.352755,0.0,0.935716
393.528,4468.0,1382.48,0.352755,0.0,0.935716
393.528,4468.0,1382.48,0.352755,0.0,0.935716
366.456,4437.0,1392.69,0.352755,0.0,0.935716
393.528,4437.0,1382.48,0.352755,0.0,0.935716
393.528,4468.0,1382.48,0.447095,0.0,0.894487
393.528,4437.0,1382.48,0.447095,0.0,0.894487
419.406,4468.0,1369.55,0.447095,0.0,0.894487
419.406,4468.0,1369.55,0.447095,0.0,0.894487
393.528,4437.0,1382.48,0.447095,0.0,0.894487
419.406,4437.0,1369.55,0.447095,0.0,0.894487
419.406,4468.0,1369.55,0.536694,0.0,0.843777
419.406,4437.0,1369.55,0.536694,0.0,0.843777
443.817,4468.0,1354.02,0.536694,0.0,0.843777
443.817,4468.0,1354.02,0.536694,0.0,0.843777
419.406,4437.0,1369.55,0.536694,0.0,0.843777
443.817,4437.0,1354.02,0.536694,0.0,0.843777
443.817,4468.0,1354.02,0.620611,0.0,0.784118
443.817,4437.0,1354.02,0.620611,0.0,0.784118
466.503,4468.0,1336.07,0.620611,0.0,0.784118
466.503,4468.0,1336.07,0.620611,0.0,0.784118
443.817,4437.0,1354.02,0.620611,0.0,0.784118
466.503,4437.0,1336.07,0.620611,0.0,0.784118
466.503,4468.0,1336.07,0.697944,0.0,0.716152
466.503,4437.0,1336.07,0.697944,0.0,0.716152
487.222,4468.0,1315.88,0.697944,0.0,0.716152
487.222,4468.0,1315.88,0.697944,0.0,0.716152
466.503,4437.0,1336.07,0.697944,0.0,0.716152
487.222,4437.0,1315.88,0.697944,0.0,0.716152
487.222,4468.0,1315.88,0.76788,0.0,0.640594
487.222,4437.0,1315.88,0.76788,0.0,0.640594
505.755,4468.0,1293.66,0.76788,0.0,0.640594
505.755,4468.0,1293.66,0.76788,0.0,0.640594
487.222,4437.0,1315.88,0.76788,0.0,0.640594
505.755,4437.0,1293.66,0.76788,0.0,0.640594
505.755,4468.0,1293.66,0.829677,0.0,0.558244
505.755,4437.0,1293.66,0.829677,0.0,0.558244
521.905,4468.0,1269.66,0.829677,0.0,0.558244
521.905,4468.0,1269.66,0.829677,0.0,0.558244
505.755,4437.0,1293.66,0.829677,0.0,0.558244
521.905,4437.0,1269.66,0.829677,0.0,0.558244
521.905,4468.0,1269.66,0.882678,0.0,0.469978
521.905,4437.0,1269.66,0.882678,0.0,0.469978
535.502,4468.0,1244.12,0.882678,0.0,0.469978
535.502,4468.0,1244.12,0.882678,0.0,0.469978
521.905,4437.0,1269.66,0.882678,0.0,0.469978
535.502,4437.0,1244.12,0.882678,0.0,0.469978
535.502,4468.0,1244.12,0.926324,0.0,0.376729
535.502,4437.0,1244.12,0.926324,0.0,0.376729
546.401,4468.0,1217.32,0.926324,0.0,0.376729
546.401,4468.0,1217.32,0.926324,0.0,0.376729
535.502,4437.0,1244.12,0.926324,0.0,0.376729
546.401,4437.0,1217.32,0.926324,0.0,0.376729
546.401,4468.0,1217.32,0.96015,0.0,0.279485
546.401,4437.0,1217.32,0.96015,0.0,0.279485
554.487,4468.0,1189.54,0.96015,0.0,0.279485
554.487,4468.0,1189.54,0.96015,0.0,0.279485
546.401,4437.0,1217.32,0.96015,0.0,0.279485
554.487,4437.0,1189.54,0.96015,0.0,0.279485
554.487,4468.0,1189.54,0.983799,0.0,0.179278
554.487,4437.0,1189.54,0.983799,0.0,0.179278
559.674,4468.0,1161.08,0.983799,0.0,0.179278
559.674,4468.0,1161.08,0.983799,0.0,0.179278
554.487,4437.0,1189.54,0.983799,0.0,0.179278
559.674,4437.0,1161.08,0.983799,0.0,0.179278
559.674,4468.0,1161.08,0.997017,0.0,0.0771766
559.674,4437.0,1161.08,0.997017,0.0,0.0771766
561.907,4468.0,1132.24,0.997017,0.0,0.0771766
561.907,4468.0,1132.24,0.997017,0.0,0.0771766
559.674,4437.0,1161.08,0.997017,0.0,0.0771766
561.907,4437.0,1132.24,0.997017,0.0,0.0771766
561.907,4468.0,1132.24,0.999668,0.0,-0.0257486
561.907,4437.0,1132.24,0.999668,0.0,-0.0257486
561.162,4468.0,1103.31,0.999668,0.0,-0.0257486
561.162,4468.0,1103.31,0.999668,0.0,-0.0257486
561.907,4437.0,1132.24,0.999668,0.0,-0.0257486
561.162,4437.0,1103.31,0.999668,0.0,-0.0257486
561.162,4468.0,1103.31,0.991723,0.0,-0.128397
561.162,4437.0,1103.31,0.991723,0.0,-0.128397
557.447,4468.0,1074.62,0.991723,0.0,-0.128397
557.447,4468.0,1074.62,0.991723,0.0,-0.128397
561.162,4437.0,1103.31,0.991723,0.0,-0.128397
557.447,4437.0,1074.62,0.991723,0.0,-0.128397
557.447,4468.0,1074.62,0.973265,0.0,-0.229687
557.447,4437.0,1074.62,0.973265,0.0,-0.229687
550.802,4468.0,1046.46,0.973265,0.0,-0.229687
550.802,4468.0,1046.46,0.973265,0.0,-0.229687
557.447,4437.0,1074.62,0.973265,0.0,-0.229687
550.802,4437.0,1046.46,0.973265,0.0,-0.229687
550.802,4468.0,1046.46,0.944489,0.0,-0.328543
550.802,4437.0,1046.46,0.944489,0.0,-0.328543
541.297,4468.0,1019.14,0.944489,0.0,-0.328543
541.297,4468.0,1019.14,0.944489,0.0,-0.328543
550.802,4437.0,1046.46,0.944489,0.0,-0.328543
541.297,4437.0,1019.14,0.944489,0.0,-0.328543
541.297,4468.0,1019.14,0.905702,0.0,-0.423915
541.297,4437.0,1019.14,0.905702,0.0,-0.423915
529.033,4468.0,992.937,0.905702,0.0,-0.423915
529.033,4468.0,992.937,0.905702,0.0,-0.423915
541.297,4437.0,1019.14,0.905702,0.0,-0.423915
529.033,4437.0,992.937,0.905702,0.0,-0.423915
529.033,4468.0,992.937,0.857315,0.0,-0.514792
529.033,4437.0,992.937,0.857315,0.0,-0.514792
514.139,4468.0,968.133,0.857315,0.0,-0.514792
514.139,4468.0,968.133,0.857315,0.0,-0.514792
529.033,4437.0,992.937,0.857315,0.0,-0.514792
514.139,4437.0,968.133,0.857315,0.0,-0.514792
514.139,4468.0,968.133,0.799838,0.0,-0.600215
514.139,4437.0,968.133,0.799838,0.0,-0.600215
496.774,4468.0,944.993,0.799838,0.0,-0.600215
496.774,4468.0,944.993,0.799838,0.0,-0.600215
514.139,4437.0,968.133,0.799838,0.0,-0.600215
496.774,4437.0,944.993,0.799838,0.0,-0.600215
496.774,4468.0,944.993,0.733886,0.0,-0.679272
496.774,4437.0,944.993,0.733886,0.0,-0.679272
477.122,4468.0,923.761,0.733886,0.0,-0.679272
477.122,4468.0,923.761,0.733886,0.0,-0.679272
496.774,4437.0,944.993,0.733886,0.0,-0.679272
477.122,4437.0,923.761,0.733886,0.0,-0.679272
477.122,4468.0,923.761,0.660153,0.0,-0.751131
477.122,4437.0,923.761,0.660153,0.0,-0.751131
455.391,4468.0,904.662,0.660153,0.0,-0.751131
455.391,4468.0,904.662,0.660153,0.0,-0.751131
477.122,4437.0,923.761,0.660153,0.0,-0.751131
455.391,4437.0,904.662,0.660153,0.0,-0.751131
455.391,4468.0,904.662,0.579421,0.0,-0.815029
455.391,4437.0,904.662,0.579421,0.0,-0.815029
431.812,4468.0,887.899,0.579421,0.0,-0.815029
431.812,4468.0,887.899,0.579421,0.0,-0.815029
455.391,4437.0,904.662,0.579421,0.0,-0.815029
431.812,4437.0,887.899,0.579421,0.0,-0.815029
431.812,4468.0,887.899,0.492548,0.0,-0.870285
431.812,4437.0,887.899,0.492548,0.0,-0.870285
406.633,4468.0,873.649,0.492548,0.0,-0.870285
406.633,4468.0,873.649,0.492548,0.0,-0.870285
431.812,4437.0,887.899,0.492548,0.0,-0.870285
406.633,4437.0,873.649,0.492548,0.0,-0.870285
406.633,4468.0,873.649,0.400452,0.0,-0.916318
406.633,4437.0,873.649,0.400452,0.0,-0.916318
380.123,4468.0,862.064,0.400452,0.0,-0.916318
380.123,4468.0,862.064,0.400452,0.0,-0.916318
406.633,4437.0,873.649,0.400452,0.0,-0.916318
380.123,4437.0,862.064,0.400452,0.0,-0.916318
380.123,4468.0,862.064,0.304116,0.0,-0.952635
380.123,4437.0,862.064,0.304116,0.0,-0.952635
352.563,4468.0,853.265,0.304116,0.0,-0.952635
352.563,4468.0,853.265,0.304116,0.0,-0.952635
380.123,4437.0,862.064,0.304116,0.0,-0.952635
352.563,4437.0,853.265,0.304116,0.0,-0.952635
352.563,4468.0,853.265,0.204552,0.0,-0.978856
352.563,4437.0,853.265,0.204552,0.0,-0.978856
324.243,4468.0,847.347,0.204552,0.0,-0.978856
324.243,4468.0,847.347,0.204552,0.0,-0.978856
352.563,4437.0,853.265,0.204552,0.0,-0.978856
324.243,4437.0,847.347,0.204552,0.0,-0.978856
324.243,4468.0,847.347,0.102821,0.0,-0.9947
324.243,4437.0,847.347,0.102821,0.0,-0.9947
295.466,4468.0,844.373,0.102821,0.0,-0.9947
295.466,4468.0,844.373,0.102821,0.0,-0.9947
324.243,4437.0,847.347,0.102821,0.0,-0.9947
295.466,4437.0,844.373,0.102821,0.0,-0.9947
295.466,4468.0,844.373,0.0,0.0,-1.0
295.466,4437.0,844.373,0.0,0.0,-1.0
266.534,4468.0,844.373,0.0,0.0,-1.0
266.534,4468.0,844.373,0.0,0.0,-1.0
295.466,4437.0,844.373,0.0,0.0,-1.0
266.534,4437.0,844.373,0.0,0.0,-1.0
266.534,4468.0,844.373,-0.102821,0.0,-0.9947
266.534,4437.0,844.373,-0.102821,0.0,-0.9947
237.757,4468.0,847.347,-0.102821,0.0,-0.9947
237.757,4468.0,847.347,-0.102821,0.0,-0.9947
266.534,4437.0,844.373,-0.102821,0.0,-0.9947
237.757,4437.0,847.347,-0.102821,0.0,-0.9947
237.757,4468.0,847.347,-0.204552,0.0,-0.978856
237.757,4437.0,847.347,-0.204552,0.0,-0.978856
209.437,4468.0,853.265,-0.204552,0.0,-0.978856
209.437,4468.0,853.265,-0.204552,0.0,-0.978856
237.757,4437.0,847.347,-0.204552,0.0,-0.978856
209.437,4437.0,853.265,-0.204552,0.0,-0.978856
209.437,4468.0,853.265,-0.304116,0.0,-0.952635
209.437,4437.0,853.265,-0.304116,0.0,-0.952635
181.877,4468.0,862.064,-0.304116,0.0,-0.952635
181.877,4468.0,862.064,-0.304116,0.0,-0.952635
209.437,4437.0,853.265,-0.304116,0.0,-0.952635
181.877,4437.0,862.064,-0.304116,0.0,-0.952635
181.877,4468.0,862.064,-0.400452,0.0,-0.916318
181.877,4437.0,862.064,-0.400452,0.0,-0.916318
155.367,4468.0,873.649,-0.400452,0.0,-0.916318
155.367,4468.0,873.649,-0.400452,0.0,-0.916318
181.877,4437.0,862.064,-0.400452,0.0,-0.916318
155.367,4437.0,873.649,-0.400452,0.0,-0.916318
155.367,4468.0,873.649,-0.492548,0.0,-0.870285
155.367,4437.0,873.649,-0.492548,0.0,-0.870285
130.188,4468.0,887.899,-0.492548,0.0,-0.870285
130.188,4468.0,887.899,-0.492548,0.0,-0.870285
155.367,4437.0,873.649,-0.492548,0.0,-0.870285
130.188,4437.0,887.899,-0.492548,0.0,-0.870285
130.188,4468.0,887.899,-0.579421,0.0,-0.815029
130.188,4437.0,887.899,-0.579421,0.0,-0.815029
106.609,4468.0,904.662,-0.579421,0.0,-0.815029
106.609,4468.0,904.662,-0.579421,0.0,-0.815029
130.188,4437.0,887.899,-0.579421,0.0,-0.815029
106.609,4437.0,904.662,-0.579421,0.0,-0.815029
106.609,4468.0,904.662,-0.660153,0.0,-0.751131
106.609,4437.0,904.662,-0.660153,0.0,-0.751131
84.8777,4468.0,923.761,-0.660153,0.0,-0.751131
84.8777,4468.0,923.761,-0.660153,0.0,-0.751131
106.609,4437.0,904.662,-0.660153,0.0,-0.751131
84.8777,4437.0,923.761,-0.660153,0.0,-0.751131
84.8777,4468.0,923.761,-0.733886,0.0,-0.679273
84.8777,4437.0,923.761,-0.733886,0.0,-0.679273
65.2256,4468.0,944.993,-0.733886,0.0,-0.679273
65.2256,4468.0,944.993,-0.733886,0.0,-0.679273
84.8777,4437.0,923.761,-0.733886,0.0,-0.679273
65.2256,4437.0,944.993,-0.733886,0.0,-0.679273
65.2256,4468.0,944.993,-0.799838,0.0,-0.600216
65.2256,4437.0,944.993,-0.799838,0.0,-0.600216
47.8607,4468.0,968.133,-0.799838,0.0,-0.600216
47.8607,4468.0,968.133,-0.799838,0.0,-0.600216
65.2256,4437.0,944.993,-0.799838,0.0,-0.600216
47.8607,4437.0,968.133,-0.799838,0.0,-0.600216
47.8607,4468.0,968.133,-0.857315,0.0,-0.514793
47.8607,4437.0,968.133,-0.857315,0.0,-0.514793
32.9672,4468.0,992.937,-0.857315,0.0,-0.514793
32.9672,4468.0,992.937,-0.857315,0.0,-0.514793
47.8607,4437.0,968.133,-0.857315,0.0,-0.514793
32.9672,4437.0,992.937,-0.857315,0.0,-0.514793
32.9672,4468.0,992.937,-0.905702,0.0,-0.423915
32.9672,4437.0,992.937,-0.905702,0.0,-0.423915
20.703,4468.0,1019.14,-0.905702,0.0,-0.423915
20.703,4468.0,1019.14,-0.905702,0.0,-0.423915
32.9672,4437.0,992.937,-0.905702,0.0,-0.423915
20.703,4437.0,1019.14,-0.905702,0.0,-0.423915
20.703,4468.0,1019.14,-0.94449,0.0,-0.328541
20.703,4437.0,1019.14,-0.94449,0.0,-0.328541
11.1979,4468.0,1046.46,-0.94449,0.0,-0.328541
11.1979,4468.0,1046.46,-0.94449,0.0,-0.328541
20.703,4437.0,1019.14,-0.94449,0.0,-0.328541
11.1979,4437.0,1046.46,-0.94449,0.0,-0.328541
11.1979,4468.0,1046.46,-0.973264,0.0,-0.229688
11.1979,4437.0,1046.46,-0.973264,0.0,-0.229688
4.55275,4468.0,1074.62,-0.973264,0.0,-0.229688
4.55275,4468.0,1074.62,-0.973264,0.0,-0.229688
11.1979,4437.0,1046.46,-0.973264,0.0,-0.229688
4.55275,4437.0,1074.62,-0.973264,0.0,-0.229688
4.55275,4468.0,1074.62,-0.991723,0.0,-0.128398
4.55275,4437.0,1074.62,-0.991723,0.0,-0.128398
0.838071,4468.0,1103.31,-0.991723,0.0,-0.128398
0.838071,4468.0,1103.31,-0.991723,0.0,-0.128398
4.55275,4437.0,1074.62,-0.991723,0.0,-0.128398
0.838071,4437.0,1103.31,-0.991723,0.0,-0.128398
0.838071,4468.0,1103.31,-0.999668,0.0,-0.0257477
0.838071,4437.0,1103.31,-0.999668,0.0,-0.0257477
0.0931621,4468.0,1132.24,-0.999668,0.0,-0.0257477
0.0931621,4468.0,1132.24,-0.999668,0.0,-0.0257477
0.838071,4437.0,1103.31,-0.999668,0.0,-0.0257477
0.0931621,4437.0,1132.24,-0.999668,0.0,-0.0257477
0.0931621,4468.0,1132.24,-0.997018,0.0,0.0771756
0.0931621,4437.0,1132.24,-0.997018,0.0,0.0771756
2.32592,4468.0,1161.08,-0.997018,0.0,0.0771756
2.32592,4468.0,1161.08,-0.997018,0.0,0.0771756
0.0931621,4437.0,1132.24,-0.997018,0.0,0.0771756
2.32592,4437.0,1161.08,-0.997018,0.0,0.0771756
2.32592,4468.0,1161.08,-0.983798,0.0,0.17928
2.32592,4437.0,1161.08,-0.983798,0.0,0.17928
7.51269,4468.0,1189.54,-0.983798,0.0,0.17928
7.51269,4468.0,1189.54,-0.983798,0.0,0.17928
2.32592,4437.0,1161.08,-0.983798,0.0,0.17928
7.51269,4437.0,1189.54,-0.983798,0.0,0.17928
7.51269,4468.0,1189.54,-0.96015,0.0,0.279485
7.51269,4437.0,1189.54,-0.96015,0.0,0.279485
15.5985,4468.0,1217.32,-0.96015,0.0,0.279485
15.5985,4468.0,1217.32,-0.96015,0.0,0.279485
7.51269,4437.0,1189.54,-0.96015,0.0,0.279485
15.5985,4437.0,1217.32,-0.96015,0.0,0.279485
15.5985,4468.0,1217.32,-0.926324,0.0,0.376728
15.5985,4437.0,1217.32,-0.926324,0.0,0.376728
26.4977,4468.0,1244.12,-0.926324,0.0,0.376728
26.4977,4468.0,1244.12,-0.926324,0.0,0.376728
15.5985,4437.0,1217.32,-0.926324,0.0,0.376728
26.4977,4437.0,1244.12,-0.926324,0.0,0.376728
26.4977,4468.0,1244.12,-0.882678,0.0,0.469978
26.4977,4437.0,1244.12,-0.882678,0.0,0.469978
40.0946,4468.0,1269.66,-0.882678,0.0,0.469978
40.0946,4468.0,1269.66,-0.882678,0.0,0.469978
26.4977,4437.0,1244.12,-0.882678,0.0,0.469978
40.0946,4437.0,1269.66,-0.882678,0.0,0.469978
40.0946,4468.0,1269.66,-0.829677,0.0,0.558244
40.0946,4437.0,1269.66,-0.829677,0.0,0.558244
56.2452,4468.0,1293.66,-0.829677,0.0,0.558244
56.2452,4468.0,1293.66,-0.829677,0.0,0.558244
40.0946,4437.0,1269.66,-0.829677,0.0,0.558244
56.2452,4437.0,1293.66,-0.829677,0.0,0.558244
56.2452,4468.0,1293.66,-0.76788,0.0,0.640593
56.2452,4437.0,1293.66,-0.76788,0.0,0.640593
74.7782,4468.0,1315.88,-0.76788,0.0,0.640593
74.7782,4468.0,1315.88,-0.76788,0.0,0.640593
56.2452,4437.0,1293.66,-0.76788,0.0,0.640593
74.7782,4437.0,1315.88,-0.76788,0.0,0.640593
74.7782,4468.0,1315.88,-0.697944,0.0,0.716152
74.7782,4437.0,1315.88,-0.697944,0.0,0.716152
95.4972,4468.0,1336.07,-0.697944,0.0,0.716152
95.4972,4468.0,1336.07,-0.697944,0.0,0.716152
74.7782,4437.0,1315.88,-0.697944,0.0,0.716152
95.4972,4437.0,1336.07,-0.697944,0.0,0.716152
95.4972,4468.0,1336.07,-0.620611,0.0,0.784119
95.4972,4437.0,1336.07,-0.620611,0.0,0.784119
118.183,4468.0,1354.02,-0.620611,0.0,0.784119
118.183,4468.0,1354.02,-0.620611,0.0,0.784119
95.4972,4437.0,1336.07,-0.620611,0.0,0.784119
118.183,4437.0,1354.02,-0.620611,0.0,0.784119
118.183,4468.0,1354.02,-0.536694,0.0,0.843777
118.183,4437.0,1354.02,-0.536694,0.0,0.843777
142.594,4468.0,1369.55,-0.536694,0.0,0.843777
142.594,4468.0,1369.55,-0.536694,0.0,0.843777
118.183,4437.0,1354.02,-0.536694,0.0,0.843777
142.594,4437.0,1369.55,-0.536694,0.0,0.843777
142.594,4468.0,1369.55,-0.447095,0.0,0.894487
142.594,4437.0,1369.55,-0.447095,0.0,0.894487
168.472,4468.0,1382.48,-0.447095,0.0,0.894487
168.472,4468.0,1382.48,-0.447095,0.0,0.894487
142.594,4437.0,1369.55,-0.447095,0.0,0.894487
168.472,4437.0,1382.48,-0.447095,0.0,0.894487
168.472,4468.0,1382.48,-0.352754,0.0,0.935716
168.472,4437.0,1382.48,-0.352754,0.0,0.935716
195.544,4468.0,1392.69,-0.352754,0.0,0.935716
195.544,4468.0,1392.69,-0.352754,0.0,0.935716
168.472,4437.0,1382.48,-0.352754,0.0,0.935716
195.544,4437.0,1392.69,-0.352754,0.0,0.935716
195.544,4468.0,1392.69,-0.254668,0.0,0.967029
195.544,4437.0,1392.69,-0.254668,0.0,0.967029
223.521,4468.0,1400.06,-0.254668,0.0,0.967029
223.521,4468.0,1400.06,-0.254668,0.0,0.967029
195.544,4437.0,1392.69,-0.254668,0.0,0.967029
223.521,4437.0,1400.06,-0.254668,0.0,0.967029
223.521,4468.0,1400.06,-0.153892,0.0,0.988088
223.521,4437.0,1400.06,-0.153892,0.0,0.988088
252.107,4468.0,1404.51,-0.153892,0.0,0.988088
252.107,4468.0,1404.51,-0.153892,0.0,0.988088
223.521,4437.0,1400.06,-0.153892,0.0,0.988088
252.107,4437.0,1404.51,-0.153892,0.0,0.988088
252.107,4468.0,1404.51,-0.0514803,0.0,0.998674
252.107,4437.0,1404.51,-0.0514803,0.0,0.998674
281.0,4468.0,1406.0,-0.0514803,0.0,0.998674
281.0,4468.0,1406.0,-0.0514803,0.0,0.998674
252.107,4437.0,1404.51,-0.0514803,0.0,0.998674
281.0,4437.0,1406.0,-0.0514803,0.0,0.998674
281.0,4468.0,1406.0,0.0514804,0.0,0.998674
281.0,4437.0,1406.0,0.0514804,0.0,0.998674
309.893,4468.0,1404.51,0.0514804,0.0,0.998674
309.893,4468.0,1404.51,0.0514804,0.0,0.998674
281.0,4437.0,1406.0,0.0514804,0.0,0.998674
309.893,4437.0,1404.51,0.0514804,0.0,0.998674
300.081,4393.0,1248.54,-0.227852,0.0,-0.973696
300.081,4468.0,1248.54,-0.227852,0.0,-0.973696
318.715,4393.0,1244.17,-0.227852,0.0,-0.973696
318.715,4393.0,1244.17,-0.227852,0.0,-0.973696
300.081,4468.0,1248.54,-0.227852,0.0,-0.973696
318.715,4468.0,1244.17,-0.227852,0.0,-0.973696
318.715,4393.0,1244.17,-0.373815,0.0,-0.927503
318.715,4468.0,1244.17,-0.373815,0.0,-0.927503
336.465,4393.0,1237.02,-0.373815,0.0,-0.927503
336.465,4393.0,1237.02,-0.373815,0.0,-0.927503
318.715,4468.0,1244.17,-0.373815,0.0,-0.927503
336.465,4468.0,1237.02,-0.373815,0.0,-0.927503
336.465,4393.0,1237.02,-0.51102,0.0,-0.859569
336.465,4468.0,1237.02,-0.51102,0.0,-0.859569
352.915,4393.0,1227.24,-0.51102,0.0,-0.859569
352.915,4393.0,1227.24,-0.51102,0.0,-0.859569
336.465,4468.0,1237.02,-0.51102,0.0,-0.859569
352.915,4468.0,1227.24,-0.51102,0.0,-0.859569
352.915,4393.0,1227.24,-0.636244,0.0,-0.771488
352.915,4468.0,1227.24,-0.636244,0.0,-0.771488
367.679,4393.0,1215.07,-0.636244,0.0,-0.771488
367.679,4393.0,1215.07,-0.636244,0.0,-0.771488
352.915,4468.0,1227.24,-0.636244,0.0,-0.771488
367.679,4468.0,1215.07,-0.636244,0.0,-0.771488
367.679,4393.0,1215.07,-0.746555,0.0,-0.665323
367.679,4468.0,1215.07,-0.746555,0.0,-0.665323
380.412,4393.0,1200.78,-0.746555,0.0,-0.665323
380.412,4393.0,1200.78,-0.746555,0.0,-0.665323
367.679,4468.0,1215.07,-0.746555,0.0,-0.665323
380.412,4468.0,1200.78,-0.746555,0.0,-0.665323
380.412,4393.0,1200.78,-0.839363,0.0,-0.543572
380.412,4468.0,1200.78,-0.839363,0.0,-0.543572
390.814,4393.0,1184.72,-0.839363,0.0,-0.543572
390.814,4393.0,1184.72,-0.839363,0.0,-0.543572
380.412,4468.0,1200.78,-0.839363,0.0,-0.543572
390.814,4468.0,1184.72,-0.839363,0.0,-0.543572
390.814,4393.0,1184.72,-0.912505,0.0,-0.409067
390.814,4468.0,1184.72,-0.912505,0.0,-0.409067
398.642,4393.0,1167.25,-0.912505,0.0,-0.409067
398.642,4393.0,1167.25,-0.912505,0.0,-0.409067
390.814,4468.0,1184.72,-0.912505,0.0,-0.409067
398.642,4468.0,1167.25,-0.912505,0.0,-0.409067
398.642,4393.0,1167.25,-0.964253,0.0,-0.264983
398.642,4468.0,1167.25,-0.964253,0.0,-0.264983
403.714,4393.0,1148.8,-0.964253,0.0,-0.264983
403.714,4393.0,1148.8,-0.964253,0.0,-0.264983
398.642,4468.0,1167.25,-0.964253,0.0,-0.264983
403.714,4468.0,1148.8,-0.964253,0.0,-0.264983
403.714,4393.0,1148.8,-0.993402,0.0,-0.114683
403.714,4468.0,1148.8,-0.993402,0.0,-0.114683
405.908,4393.0,1129.79,-0.993402,0.0,-0.114683
405.908,4393.0,1129.79,-0.993402,0.0,-0.114683
403.714,4468.0,1148.8,-0.993402,0.0,-0.114683
405.908,4468.0,1129.79,-0.993402,0.0,-0.114683
405.908,4393.0,1129.79,-0.999266,0.0,0.0383038
405.908,4468.0,1129.79,-0.999266,0.0,0.0383038
405.175,4393.0,1110.66,-0.999266,0.0,0.0383038
405.175,4393.0,1110.66,-0.999266,0.0,0.0383038
405.908,4468.0,1129.79,-0.999266,0.0,0.0383038
405.175,4468.0,1110.66,-0.999266,0.0,0.0383038
405.175,4393.0,1110.66,-0.981708,0.0,0.19039
405.175,4468.0,1110.66,-0.981708,0.0,0.19039
401.532,4393.0,1091.88,-0.981708,0.0,0.19039
401.532,4393.0,1091.88,-0.981708,0.0,0.19039
405.175,4468.0,1110.66,-0.981708,0.0,0.19039
401.532,4468.0,1091.88,-0.981708,0.0,0.19039
401.532,4393.0,1091.88,-0.94114,0.0,0.338016
401.532,4468.0,1091.88,-0.94114,0.0,0.338016
395.063,4393.0,1073.87,-0.94114,0.0,0.338016
395.063,4393.0,1073.87,-0.94114,0.0,0.338016
401.532,4468.0,1091.88,-0.94114,0.0,0.338016
395.063,4468.0,1073.87,-0.94114,0.0,0.338016
395.063,4393.0,1073.87,-0.878512,0.0,0.477721
395.063,4468.0,1073.87,-0.878512,0.0,0.477721
385.921,4393.0,1057.05,-0.878512,0.0,0.477721
385.921,4393.0,1057.05,-0.878512,0.0,0.477721
395.063,4468.0,1073.87,-0.878512,0.0,0.477721
385.921,4468.0,1057.05,-0.878512,0.0,0.477721
385.921,4393.0,1057.05,-0.795293,0.0,0.606225
385.921,4468.0,1057.05,-0.795293,0.0,0.606225
374.319,4393.0,1041.83,-0.795293,0.0,0.606225
374.319,4393.0,1041.83,-0.795293,0.0,0.606225
385.921,4468.0,1057.05,-0.795293,0.0,0.606225
374.319,4468.0,1041.83,-0.795293,0.0,0.606225
374.319,4393.0,1041.83,-0.693431,0.0,0.720523
374.319,4468.0,1041.83,-0.693431,0.0,0.720523
360.53,4393.0,1028.56,-0.693431,0.0,0.720523
360.53,4393.0,1028.56,-0.693431,0.0,0.720523
374.319,4468.0,1041.83,-0.693431,0.0,0.720523
360.53,4468.0,1028.56,-0.693431,0.0,0.720523
360.53,4393.0,1028.56,-0.575318,0.0,0.81793
360.53,4468.0,1028.56,-0.575318,0.0,0.81793
344.877,4393.0,1017.55,-0.575318,0.0,0.81793
344.877,4393.0,1017.55,-0.575318,0.0,0.81793
360.53,4468.0,1028.56,-0.575318,0.0,0.81793
344.877,4468.0,1017.55,-0.575318,0.0,0.81793
344.877,4393.0,1017.55,-0.443722,0.0,0.896165
344.877,4468.0,1017.55,-0.443722,0.0,0.896165
327.727,4393.0,1009.06,-0.443722,0.0,0.896165
327.727,4393.0,1009.06,-0.443722,0.0,0.896165
344.877,4468.0,1017.55,-0.443722,0.0,0.896165
327.727,4468.0,1009.06,-0.443722,0.0,0.896165
327.727,4393.0,1009.06,-0.301723,0.0,0.953396
327.727,4468.0,1009.06,-0.301723,0.0,0.953396
309.482,4393.0,1003.29,-0.301723,0.0,0.953396
309.482,4393.0,1003.29,-0.301723,0.0,0.953396
327.727,4468.0,1009.06,-0.301723,0.0,0.953396
309.482,4468.0,1003.29,-0.301723,0.0,0.953396
309.482,4393.0,1003.29,-0.152645,0.0,0.988281
309.482,4468.0,1003.29,-0.152645,0.0,0.988281
290.569,4393.0,1000.37,-0.152645,0.0,0.988281
290.569,4393.0,1000.37,-0.152645,0.0,0.988281
309.482,4468.0,1003.29,-0.152645,0.0,0.988281
290.569,4468.0,1000.37,-0.152645,0.0,0.988281
290.569,4393.0,1000.37,0.0,0.0,1.0
290.569,4468.0,1000.37,0.0,0.0,1.0
271.431,4393.0,1000.37,0.0,0.0,1.0
271.431,4393.0,1000.37,0.0,0.0,1.0
290.569,4468.0,1000.37,0.0,0.0,1.0
271.431,4468.0,1000.37,0.0,0.0,1.0
271.431,4393.0,1000.37,0.152644,0.0,0.988281
271.431,4468.0,1000.37,0.152644,0.0,0.988281
252.518,4393.0,1003.29,0.152644,0.0,0.988281
252.518,4393.0,1003.29,0.152644,0.0,0.988281
271.431,4468.0,1000.37,0.152644,0.0,0.988281
252.518,4468.0,1003.29,0.152644,0.0,0.988281
252.518,4393.0,1003.29,0.301723,0.0,0.953396
252.518,4468.0,1003.29,0.301723,0.0,0.953396
234.273,4393.0,1009.06,0.301723,0.0,0.953396
234.273,4393.0,1009.06,0.301723,0.0,0.953396
252.518,4468.0,1003.29,0.301723,0.0,0.953396
234.273,4468.0,1009.06,0.301723,0.0,0.953396
234.273,4393.0,1009.06,0.443721,0.0,0.896165
234.273,4468.0,1009.06,0.443721,0.0,0.896165
217.123,4393.0,1017.55,0.443721,0.0,0.896165
217.123,4393.0,1017.55,0.443721,0.0,0.896165
234.273,4468.0,1009.06,0.443721,0.0,0.896165
217.123,4468.0,1017.55,0.443721,0.0,0.896165
217.123,4393.0,1017.55,0.575318,0.0,0.81793
217.123,4468.0,1017.55,0.575318,0.0,0.81793
201.47,4393.0,1028.56,0.575318,0.0,0.81793
201.47,4393.0,1028.56,0.575318,0.0,0.81793
217.123,4468.0,1017.55,0.575318,0.0,0.81793
201.47,4468.0,1028.56,0.575318,0.0,0.81793
201.47,4393.0,1028.56,0.693431,0.0,0.720523
201.47,4468.0,1028.56,0.693431,0.0,0.720523
187.681,4393.0,1041.83,0.693431,0.0,0.720523
187.681,4393.0,1041.83,0.693431,0.0,0.720523
201.47,4468.0,1028.56,0.693431,0.0,0.720523
187.681,4468.0,1041.83,0.693431,0.0,0.720523
187.681,4393.0,1041.83,0.795294,0.0,0.606224
187.681,4468.0,1041.83,0.795294,0.0,0.606224
176.079,4393.0,1057.05,0.795294,0.0,0.606224
176.079,4393.0,1057.05,0.795294,0.0,0.606224
187.681,4468.0,1041.83,0.795294,0.0,0.606224
176.079,4468.0,1057.05,0.795294,0.0,0.606224
176.079,4393.0,1057.05,0.878511,0.0,0.477722
176.079,4468.0,1057.05,0.878511,0.0,0.477722
166.937,4393.0,1073.87,0.878511,0.0,0.477722
166.937,4393.0,1073.87,0.878511,0.0,0.477722
176.079,4468.0,1057.05,0.878511,0.0,0.477722
166.937,4468.0,1073.87,0.878511,0.0,0.477722
166.937,4393.0,1073.87,0.941141,0.0,0.338015
166.937,4468.0,1073.87,0.941141,0.0,0.338015
160.468,4393.0,1091.88,0.941141,0.0,0.338015
160.468,4393.0,1091.88,0.941141,0.0,0.338015
166.937,4468.0,1073.87,0.941141,0.0,0.338015
160.468,4468.0,1091.88,0.941141,0.0,0.338015
160.468,4393.0,1091.88,0.981708,0.0,0.190391
160.468,4468.0,1091.88,0.981708,0.0,0.190391
156.825,4393.0,1110.66,0.981708,0.0,0.190391
156.825,4393.0,1110.66,0.981708,0.0,0.190391
160.468,4468.0,1091.88,0.981708,0.0,0.190391
156.825,4468.0,1110.66,0.981708,0.0,0.190391
156.825,4393.0,1110.66,0.999266,0.0,0.038303
156.825,4468.0,1110.66,0.999266,0.0,0.038303
156.092,4393.0,1129.79,0.999266,0.0,0.038303
156.092,4393.0,1129.79,0.999266,0.0,0.038303
156.825,4468.0,1110.66,0.999266,0.0,0.038303
156.092,4468.0,1129.79,0.999266,0.0,0.038303
156.092,4393.0,1129.79,0.993402,0.0,-0.114683
156.092,4468.0,1129.79,0.993402,0.0,-0.114683
158.286,4393.0,1148.8,0.993402,0.0,-0.114683
158.286,4393.0,1148.8,0.993402,0.0,-0.114683
156.092,4468.0,1129.79,0.993402,0.0,-0.114683
158.286,4468.0,1148.8,0.993402,0.0,-0.114683
158.286,4393.0,1148.8,0.964253,0.0,-0.264983
158.286,4468.0,1148.8,0.964253,0.0,-0.264983
163.357,4393.0,1167.25,0.964253,0.0,-0.264983
163.357,4393.0,1167.25,0.964253,0.0,-0.264983
158.286,4468.0,1148.8,0.964253,0.0,-0.264983
163.357,4468.0,1167.25,0.964253,0.0,-0.264983
163.357,4393.0,1167.25,0.912505,0.0,-0.409066
163.357,4468.0,1167.25,0.912505,0.0,-0.409066
171.186,4393.0,1184.72,0.912505,0.0,-0.409066
171.186,4393.0,1184.72,0.912505,0.0,-0.409066
163.357,4468.0,1167.25,0.912505,0.0,-0.409066
171.186,4468.0,1184.72,0.912505,0.0,-0.409066
171.186,4393.0,1184.72,0.839362,0.0,-0.543572
171.186,4468.0,1184.72,0.839362,0.0,-0.543572
181.588,4393.0,1200.78,0.839362,0.0,-0.543572
181.588,4393.0,1200.78,0.839362,0.0,-0.543572
171.186,4468.0,1184.72,0.839362,0.0,-0.543572
181.588,4468.0,1200.78,0.839362,0.0,-0.543572
181.588,4393.0,1200.78,0.746555,0.0,-0.665323
181.588,4468.0,1200.78,0.746555,0.0,-0.665323
194.321,4393.0,1215.07,0.746555,0.0,-0.665323
194.321,4393.0,1215.07,0.746555,0.0,-0.665323
181.588,4468.0,1200.78,0.746555,0.0,-0.665323
194.321,4468.0,1215.07,0.746555,0.0,-0.665323
194.321,4393.0,1215.07,0.636244,0.0,-0.771488
194.321,4468.0,1215.07,0.636244,0.0,-0.771488
209.085,4393.0,1227.24,0.636244,0.0,-0.771488
209.085,4393.0,1227.24,0.636244,0.0,-0.771488
194.321,4468.0,1215.07,0.636244,0.0,-0.771488
209.085,4468.0,1227.24,0.636244,0.0,-0.771488
209.085,4393.0,1227.24,0.51102,0.0,-0.859569
209.085,4468.0,1227.24,0.51102,0.0,-0.859569
225.535,4393.0,1237.02,0.51102,0.0,-0.859569
225.535,4393.0,1237.02,0.51102,0.0,-0.859569
209.085,4468.0,1227.24,0.51102,0.0,-0.859569
225.535,4468.0,1237.02,0.51102,0.0,-0.859569
225.535,4393.0,1237.02,0.373815,0.0,-0.927503
225.535,4468.0,1237.02,0.373815,0.0,-0.927503
243.285,4393.0,1244.17,0.373815,0.0,-0.927503
243.285,4393.0,1244.17,0.373815,0.0,-0.927503
225.535,4468.0,1237.02,0.373815,0.0,-0.927503
243.285,4468.0,1244.17,0.373815,0.0,-0.927503
243.285,4393.0,1244.17,0.227852,0.0,-0.973696
243.285,4468.0,1244.17,0.227852,0.0,-0.973696
261.919,4393.0,1248.54,0.227852,0.0,-0.973696
261.919,4393.0,1248.54,0.227852,0.0,-0.973696
243.285,4468.0,1244.17,0.227852,0.0,-0.973696
261.919,4468.0,1248.54,0.227852,0.0,-0.973696
261.919,4393.0,1248.54,0.0765503,0.0,-0.997066
261.919,4468.0,1248.54,0.0765503,0.0,-0.997066
281.0,4393.0,1250.0,0.0765503,0.0,-0.997066
281.0,4393.0,1250.0,0.0765503,0.0,-0.997066
261.919,4468.0,1248.54,0.0765503,0.0,-0.997066
281.0,4468.0,1250.0,0.0765503,0.0,-0.997066
281.0,4393.0,1250.0,-0.0765503,0.0,-0.997066
281.0,4468.0,1250.0,-0.0765503,0.0,-0.997066
300.081,4393.0,1248.54,-0.0765503,0.0,-0.997066
300.081,4393.0,1248.54,-0.0765503,0.0,-0.997066
281.0,4468.0,1250.0,-0.0765503,0.0,-0.997066
300.081,4468.0,1248.54,-0.0765503,0.0,-0.997066
243.285,4468.0,1244.17,0.0,1.0,0.0
223.521,4468.0,1400.06,0.0,1.0,0.0
261.919,4468.0,1248.54,0.0,1.0,0.0
261.919,4468.0,1248.54,0.0,1.0,0.0
223.521,4468.0,1400.06,0.0,1.0,0.0
252.107,4468.0,1404.51,0.0,1.0,0.0
261.919,4468.0,1248.54,0.0,1.0,0.0
252.107,4468.0,1404.51,0.0,1.0,0.0
281.0,4468.0,1250.0,0.0,1.0,0.0
281.0,4468.0,1250.0,0.0,1.0,0.0
252.107,4468.0,1404.51,0.0,1.0,0.0
281.0,4468.0,1406.0,0.0,1.0,0.0
281.0,4468.0,1250.0,0.0,1.0,0.0
281.0,4468.0,1406.0,0.0,1.0,0.0
300.081,4468.0,1248.54,0.0,1.0,0.0
271.431,4468.0,1000.37,0.0,1.0,0.0
237.757,4468.0,847.347,0.0,1.0,0.0
252.518,4468.0,1003.29,0.0,1.0,0.0
252.518,4468.0,1003.29,0.0,1.0,0.0
237.757,4468.0,847.347,0.0,1.0,0.0
209.437,4468.0,853.265,0.0,1.0,0.0
252.518,4468.0,1003.29,0.0,1.0,0.0
209.437,4468.0,853.265,0.0,1.0,0.0
234.273,4468.0,1009.06,0.0,1.0,0.0
209.085,4468.0,1227.24,0.0,1.0,0.0
142.594,4468.0,1369.55,0.0,1.0,0.0
225.535,4468.0,1237.02,0.0,1.0,0.0
225.535,4468.0,1237.02,0.0,1.0,0.0
142.594,4468.0,1369.55,0.0,1.0,0.0
168.472,4468.0,1382.48,0.0,1.0,0.0
225.535,4468.0,1237.02,0.0,1.0,0.0
168.472,4468.0,1382.48,0.0,1.0,0.0
243.285,4468.0,1244.17,0.0,1.0,0.0
243.285,4468.0,1244.17,0.0,1.0,0.0
168.472,4468.0,1382.48,0.0,1.0,0.0
195.544,4468.0,1392.69,0.0,1.0,0.0
243.285,4468.0,1244.17,0.0,1.0,0.0
195.544,4468.0,1392.69,0.0,1.0,0.0
223.521,4468.0,1400.06,0.0,1.0,0.0
181.588,4468.0,1200.78,0.0,1.0,0.0
74.7782,4468.0,1315.88,0.0,1.0,0.0
194.321,4468.0,1215.07,0.0,1.0,0.0
194.321,4468.0,1215.07,0.0,1.0,0.0
74.7782,4468.0,1315.88,0.0,1.0,0.0
95.4972,4468.0,1336.07,0.0,1.0,0.0
194.321,4468.0,1215.07,0.0,1.0,0.0
95.4972,4468.0,1336.07,0.0,1.0,0.0
209.085,4468.0,1227.24,0.0,1.0,0.0
209.085,4468.0,1227.24,0.0,1.0,0.0
95.4972,4468.0,1336.07,0.0,1.0,0.0
118.183,4468.0,1354.02,0.0,1.0,0.0
209.085,4468.0,1227.24,0.0,1.0,0.0
118.183,4468.0,1354.02,0.0,1.0,0.0
142.594,4468.0,1369.55,0.0,1.0,0.0
163.357,4468.0,1167.25,0.0,1.0,0.0
26.4977,4468.0,1244.12,0.0,1.0,0.0
171.186,4468.0,1184.72,0.0,1.0,0.0
171.186,4468.0,1184.72,0.0,1.0,0.0
26.4977,4468.0,1244.12,0.0,1.0,0.0
40.0946,4468.0,1269.66,0.0,1.0,0.0
171.186,4468.0,1184.72,0.0,1.0,0.0
40.0946,4468.0,1269.66,0.0,1.0,0.0
181.588,4468.0,1200.78,0.0,1.0,0.0
181.588,4468.0,1200.78,0.0,1.0,0.0
40.0946,4468.0,1269.66,0.0,1.0,0.0
56.2452,4468.0,1293.66,0.0,1.0,0.0
181.588,4468.0,1200.78,0.0,1.0,0.0
56.2452,4468.0,1293.66,0.0,1.0,0.0
74.7782,4468.0,1315.88,0.0,1.0,0.0
209.437,4468.0,853.265,0.0,1.0,0.0
181.877,4468.0,862.064,0.0,1.0,0.0
234.273,4468.0,1009.06,0.0,1.0,0.0
234.273,4468.0,1009.06,0.0,1.0,0.0
181.877,4468.0,862.064,0.0,1.0,0.0
155.367,4468.0,873.649,0.0,1.0,0.0
234.273,4468.0,1009.06,0.0,1.0,0.0
155.367,4468.0,873.649,0.0,1.0,0.0
217.123,4468.0,1017.55,0.0,1.0,0.0
217.123,4468.0,1017.55,0.0,1.0,0.0
155.367,4468.0,873.649,0.0,1.0,0.0
130.188,4468.0,887.899,0.0,1.0,0.0
217.123,4468.0,1017.55,0.0,1.0,0.0
130.188,4468.0,887.899,0.0,1.0,0.0
201.47,4468.0,1028.56,0.0,1.0,0.0
374.319,4468.0,1041.83,0.0,1.0,0.0
477.122,4468.0,923.761,0.0,1.0,0.0
360.53,4468.0,1028.56,0.0,1.0,0.0
360.53,4468.0,1028.56,0.0,1.0,0.0
477.122,4468.0,923.761,0.0,1.0,0.0
455.391,4468.0,904.662,0.0,1.0,0.0
360.53,4468.0,1028.56,0.0,1.0,0.0
455.391,4468.0,904.662,0.0,1.0,0.0
344.877,4468.0,1017.55,0.0,1.0,0.0
367.679,4468.0,1215.07,0.0,1.0,0.0
487.222,4468.0,1315.88,0.0,1.0,0.0
380.412,4468.0,1200.78,0.0,1.0,0.0
380.412,4468.0,1200.78,0.0,1.0,0.0
487.222,4468.0,1315.88,0.0,1.0,0.0
505.755,4468.0,1293.66,0.0,1.0,0.0
380.412,4468.0,1200.78,0.0,1.0,0.0
505.755,4468.0,1293.66,0.0,1.0,0.0
390.814,4468.0,1184.72,0.0,1.0,0.0
281.0,4468.0,1406.0,0.0,1.0,0.0
309.893,4468.0,1404.51,0.0,1.0,0.0
300.081,4468.0,1248.54,0.0,1.0,0.0
300.081,4468.0,1248.54,0.0,1.0,0.0
309.893,4468.0,1404.51,0.0,1.0,0.0
338.479,4468.0,1400.06,0.0,1.0,0.0
300.081,4468.0,1248.54,0.0,1.0,0.0
338.479,4468.0,1400.06,0.0,1.0,0.0
318.715,4468.0,1244.17,0.0,1.0,0.0
318.715,4468.0,1244.17,0.0,1.0,0.0
338.479,4468.0,1400.06,0.0,1.0,0.0
366.456,4468.0,1392.69,0.0,1.0,0.0
318.715,4468.0,1244.17,0.0,1.0,0.0
366.456,4468.0,1392.69,0.0,1.0,0.0
336.465,4468.0,1237.02,0.0,1.0,0.0
156.092,4468.0,1129.79,0.0,1.0,0.0
2.32592,4468.0,1161.08,0.0,1.0,0.0
158.286,4468.0,1148.8,0.0,1.0,0.0
158.286,4468.0,1148.8,0.0,1.0,0.0
2.32592,4468.0,1161.08,0.0,1.0,0.0
7.51269,4468.0,1189.54,0.0,1.0,0.0
158.286,4468.0,1148.8,0.0,1.0,0.0
7.51269,4468.0,1189.54,0.0,1.0,0.0
163.357,4468.0,1167.25,0.0,1.0,0.0
163.357,4468.0,1167.25,0.0,1.0,0.0
7.51269,4468.0,1189.54,0.0,1.0,0.0
15.5985,4468.0,1217.32,0.0,1.0,0.0
163.357,4468.0,1167.25,0.0,1.0,0.0
15.5985,4468.0,1217.32,0.0,1.0,0.0
26.4977,4468.0,1244.12,0.0,1.0,0.0
160.468,4468.0,1091.88,0.0,1.0,0.0
4.55275,4468.0,1074.62,0.0,1.0,0.0
156.825,4468.0,1110.66,0.0,1.0,0.0
156.825,4468.0,1110.66,0.0,1.0,0.0
4.55275,4468.0,1074.62,0.0,1.0,0.0
0.838071,4468.0,1103.31,0.0,1.0,0.0
156.825,4468.0,1110.66,0.0,1.0,0.0
0.838071,4468.0,1103.31,0.0,1.0,0.0
156.092,4468.0,1129.79,0.0,1.0,0.0
156.092,4468.0,1129.79,0.0,1.0,0.0
0.838071,4468.0,1103.31,0.0,1.0,0.0
0.0931621,4468.0,1132.24,0.0,1.0,0.0
156.092,4468.0,1129.79,0.0,1.0,0.0
0.0931621,4468.0,1132.24,0.0,1.0,0.0
2.32592,4468.0,1161.08,0.0,1.0,0.0
309.482,4468.0,1003.29,0.0,1.0,0.0
324.243,4468.0,847.347,0.0,1.0,0.0
290.569,4468.0,1000.37,0.0,1.0,0.0
290.569,4468.0,1000.37,0.0,1.0,0.0
324.243,4468.0,847.347,0.0,1.0,0.0
295.466,4468.0,844.373,0.0,1.0,0.0
290.569,4468.0,1000.37,0.0,1.0,0.0
295.466,4468.0,844.373,0.0,1.0,0.0
271.431,4468.0,1000.37,0.0,1.0,0.0
271.431,4468.0,1000.37,0.0,1.0,0.0
295.466,4468.0,844.373,0.0,1.0,0.0
266.534,4468.0,844.373,0.0,1.0,0.0
271.431,4468.0,1000.37,0.0,1.0,0.0
266.534,4468.0,844.373,0.0,1.0,0.0
237.757,4468.0,847.347,0.0,1.0,0.0
455.391,4468.0,904.662,0.0,1.0,0.0
431.812,4468.0,887.899,0.0,1.0,0.0
344.877,4468.0,1017.55,0.0,1.0,0.0
344.877,4468.0,1017.55,0.0,1.0,0.0
431.812,4468.0,887.899,0.0,1.0,0.0
406.633,4468.0,873.649,0.0,1.0,0.0
344.877,4468.0,1017.55,0.0,1.0,0.0
406.633,4468.0,873.649,0.0,1.0,0.0
327.727,4468.0,1009.06,0.0,1.0,0.0
327.727,4468.0,1009.06,0.0,1.0,0.0
406.633,4468.0,873.649,0.0,1.0,0.0
380.123,4468.0,862.064,0.0,1.0,0.0
327.727,4468.0,1009.06,0.0,1.0,0.0
380.123,4468.0,862.064,0.0,1.0,0.0
309.482,4468.0,1003.29,0.0,1.0,0.0
309.482,4468.0,1003.29,0.0,1.0,0.0
380.123,4468.0,862.064,0.0,1.0,0.0
352.563,4468.0,853.265,0.0,1.0,0.0
309.482,4468.0,1003.29,0.0,1.0,0.0
352.563,4468.0,853.265,0.0,1.0,0.0
324.243,4468.0,847.347,0.0,1.0,0.0
405.175,4468.0,1110.66,0.0,1.0,0.0
557.447,4468.0,1074.62,0.0,1.0,0.0
401.532,4468.0,1091.88,0.0,1.0,0.0
401.532,4468.0,1091.88,0.0,1.0,0.0
557.447,4468.0,1074.62,0.0,1.0,0.0
550.802,4468.0,1046.46,0.0,1.0,0.0
401.532,4468.0,1091.88,0.0,1.0,0.0
550.802,4468.0,1046.46,0.0,1.0,0.0
395.063,4468.0,1073.87,0.0,1.0,0.0
366.456,4468.0,1392.69,0.0,1.0,0.0
393.528,4468.0,1382.48,0.0,1.0,0.0
336.465,4468.0,1237.02,0.0,1.0,0.0
336.465,4468.0,1237.02,0.0,1.0,0.0
393.528,4468.0,1382.48,0.0,1.0,0.0
419.406,4468.0,1369.55,0.0,1.0,0.0
336.465,4468.0,1237.02,0.0,1.0,0.0
419.406,4468.0,1369.55,0.0,1.0,0.0
352.915,4468.0,1227.24,0.0,1.0,0.0
352.915,4468.0,1227.24,0.0,1.0,0.0
419.406,4468.0,1369.55,0.0,1.0,0.0
443.817,4468.0,1354.02,0.0,1.0,0.0
352.915,4468.0,1227.24,0.0,1.0,0.0
443.817,4468.0,1354.02,0.0,1.0,0.0
367.679,4468.0,1215.07,0.0,1.0,0.0
367.679,4468.0,1215.07,0.0,1.0,0.0
443.817,4468.0,1354.02,0.0,1.0,0.0
466.503,4468.0,1336.07,0.0,1.0,0.0
367.679,4468.0,1215.07,0.0,1.0,0.0
466.503,4468.0,1336.07,0.0,1.0,0.0
487.222,4468.0,1315.88,0.0,1.0,0.0
550.802,4468.0,1046.46,0.0,1.0,0.0
541.297,4468.0,1019.14,0.0,1.0,0.0
395.063,4468.0,1073.87,0.0,1.0,0.0
395.063,4468.0,1073.87,0.0,1.0,0.0
541.297,4468.0,1019.14,0.0,1.0,0.0
529.033,4468.0,992.937,0.0,1.0,0.0
395.063,4468.0,1073.87,0.0,1.0,0.0
529.033,4468.0,992.937,0.0,1.0,0.0
385.921,4468.0,1057.05,0.0,1.0,0.0
385.921,4468.0,1057.05,0.0,1.0,0.0
529.033,4468.0,992.937,0.0,1.0,0.0
514.139,4468.0,968.133,0.0,1.0,0.0
385.921,4468.0,1057.05,0.0,1.0,0.0
514.139,4468.0,968.133,0.0,1.0,0.0
374.319,4468.0,1041.83,0.0,1.0,0.0
374.319,4468.0,1041.83,0.0,1.0,0.0
514.139,4468.0,968.133,0.0,1.0,0.0
496.774,4468.0,944.993,0.0,1.0,0.0
374.319,4468.0,1041.83,0.0,1.0,0.0
496.774,4468.0,944.993,0.0,1.0,0.0
477.122,4468.0,923.761,0.0,1.0,0.0
176.079,4468.0,1057.05,0.0,1.0,0.0
32.9672,4468.0,992.937,0.0,1.0,0.0
166.937,4468.0,1073.87,0.0,1.0,0.0
166.937,4468.0,1073.87,0.0,1.0,0.0
32.9672,4468.0,992.937,0.0,1.0,0.0
20.703,4468.0,1019.14,0.0,1.0,0.0
166.937,4468.0,1073.87,0.0,1.0,0.0
20.703,4468.0,1019.14,0.0,1.0,0.0
160.468,4468.0,1091.88,0.0,1.0,0.0
160.468,4468.0,1091.88,0.0,1.0,0.0
20.703,4468.0,1019.14,0.0,1.0,0.0
11.1979,4468.0,1046.46,0.0,1.0,0.0
160.468,4468.0,1091.88,0.0,1.0,0.0
11.1979,4468.0,1046.46,0.0,1.0,0.0
4.55275,4468.0,1074.62,0.0,1.0,0.0
130.188,4468.0,887.899,0.0,1.0,0.0
106.609,4468.0,904.662,0.0,1.0,0.0
201.47,4468.0,1028.56,0.0,1.0,0.0
201.47,4468.0,1028.56,0.0,1.0,0.0
106.609,4468.0,904.662,0.0,1.0,0.0
84.8777,4468.0,923.761,0.0,1.0,0.0
201.47,4468.0,1028.56,0.0,1.0,0.0
84.8777,4468.0,923.761,0.0,1.0,0.0
187.681,4468.0,1041.83,0.0,1.0,0.0
187.681,4468.0,1041.83,0.0,1.0,0.0
84.8777,4468.0,923.761,0.0,1.0,0.0
65.2256,4468.0,944.993,0.0,1.0,0.0
187.681,4468.0,1041.83,0.0,1.0,0.0
65.2256,4468.0,944.993,0.0,1.0,0.0
176.079,4468.0,1057.05,0.0,1.0,0.0
176.079,4468.0,1057.05,0.0,1.0,0.0
65.2256,4468.0,944.993,0.0,1.0,0.0
47.8607,4468.0,968.133,0.0,1.0,0.0
176.079,4468.0,1057.05,0.0,1.0,0.0
47.8607,4468.0,968.133,0.0,1.0,0.0
32.9672,4468.0,992.937,0.0,1.0,0.0
403.714,4468.0,1148.8,0.0,1.0,0.0
559.674,4468.0,1161.08,0.0,1.0,0.0
405.908,4468.0,1129.79,0.0,1.0,0.0
405.908,4468.0,1129.79,0.0,1.0,0.0
559.674,4468.0,1161.08,0.0,1.0,0.0
561.907,4468.0,1132.24,0.0,1.0,0.0
405.908,4468.0,1129.79,0.0,1.0,0.0
561.907,4468.0,1132.24,0.0,1.0,0.0
405.175,4468.0,1110.66,0.0,1.0,0.0
405.175,4468.0,1110.66,0.0,1.0,0.0
561.907,4468.0,1132.24,0.0,1.0,0.0
561.162,4468.0,1103.31,0.0,1.0,0.0
405.175,4468.0,1110.66,0.0,1.0,0.0
561.162,4468.0,1103.31,0.0,1.0,0.0
557.447,4468.0,1074.62,0.0,1.0,0.0
505.755,4468.0,1293.66,0.0,1.0,0.0
521.905,4468.0,1269.66,0.0,1.0,0.0
390.814,4468.0,1184.72,0.0,1.0,0.0
390.814,4468.0,1184.72,0.0,1.0,0.0
521.905,4468.0,1269.66,0.0,1.0,0.0
535.502,4468.0,1244.12,0.0,1.0,0.0
390.814,4468.0,1184.72,0.0,1.0,0.0
535.502,4468.0,1244.12,0.0,1.0,0.0
398.642,4468.0,1167.25,0.0,1.0,0.0
398.642,4468.0,1167.25,0.0,1.0,0.0
535.502,4468.0,1244.12,0.0,1.0,0.0
546.401,4468.0,1217.32,0.0,1.0,0.0
398.642,4468.0,1167.25,0.0,1.0,0.0
546.401,4468.0,1217.32,0.0,1.0,0.0
403.714,4468.0,1148.8,0.0,1.0,0.0
403.714,4468.0,1148.8,0.0,1.0,0.0
546.401,4468.0,1217.32,0.0,1.0,0.0
554.487,4468.0,1189.54,0.0,1.0,0.0
403.714,4468.0,1148.8,0.0,1.0,0.0
554.487,4468.0,1189.54,0.0,1.0,0.0
559.674,4468.0,1161.08,0.0,1.0,0.0
