467.021,304.5,44.0,0.982287,0.18738,0.0
467.021,304.5,0.0,0.982287,0.18738,0.0
462.609,327.629,44.0,0.982287,0.18738,0.0
462.609,327.629,44.0,0.982287,0.18738,0.0
467.021,304.5,0.0,0.982287,0.18738,0.0
462.609,327.629,0.0,0.982287,0.18738,0.0
462.609,327.629,44.0,0.951056,0.309018,0.0
462.609,327.629,0.0,0.951056,0.309018,0.0
455.333,350.023,44.0,0.951056,0.309018,0.0
455.333,350.023,44.0,0.951056,0.309018,0.0
462.609,327.629,0.0,0.951056,0.309018,0.0
455.333,350.023,0.0,0.951056,0.309018,0.0
455.333,350.023,44.0,0.904827,0.425778,0.0
455.333,350.023,0.0,0.904827,0.425778,0.0
445.307,371.329,44.0,0.904827,0.425778,0.0
445.307,371.329,44.0,0.904827,0.425778,0.0
455.333,350.023,0.0,0.904827,0.425778,0.0
445.307,371.329,0.0,0.904827,0.425778,0.0
445.307,371.329,44.0,0.844328,0.535827,0.0
445.307,371.329,0.0,0.844328,0.535827,0.0
432.691,391.21,44.0,0.844328,0.535827,0.0
432.691,391.21,44.0,0.844328,0.535827,0.0
445.307,371.329,0.0,0.844328,0.535827,0.0
432.691,391.21,0.0,0.844328,0.535827,0.0
432.691,391.21,44.0,0.770513,0.637424,0.0
432.691,391.21,0.0,0.770513,0.637424,0.0
417.682,409.353,44.0,0.770513,0.637424,0.0
417.682,409.353,44.0,0.770513,0.637424,0.0
432.691,391.21,0.0,0.770513,0.637424,0.0
417.682,409.353,0.0,0.770513,0.637424,0.0
417.682,409.353,44.0,0.684547,0.728968,0.0
417.682,409.353,0.0,0.684547,0.728968,0.0
400.517,425.471,44.0,0.684547,0.728968,0.0
400.517,425.471,44.0,0.684547,0.728968,0.0
417.682,409.353,0.0,0.684547,0.728968,0.0
400.517,425.471,0.0,0.684547,0.728968,0.0
400.517,425.471,44.0,0.587785,0.809017,0.0
400.517,425.471,0.0,0.587785,0.809017,0.0
381.468,439.311,44.0,0.587785,0.809017,0.0
381.468,439.311,44.0,0.587785,0.809017,0.0
400.517,425.471,0.0,0.587785,0.809017,0.0
381.468,439.311,0.0,0.587785,0.809017,0.0
381.468,439.311,44.0,0.481753,0.876307,0.0
381.468,439.311,0.0,0.481753,0.876307,0.0
360.834,450.655,44.0,0.481753,0.876307,0.0
360.834,450.655,44.0,0.481753,0.876307,0.0
381.468,439.311,0.0,0.481753,0.876307,0.0
360.834,450.655,0.0,0.481753,0.876307,0.0
360.834,450.655,44.0,0.368126,0.929776,0.0
360.834,450.655,0.0,0.368126,0.929776,0.0
338.941,459.323,44.0,0.368126,0.929776,0.0
338.941,459.323,44.0,0.368126,0.929776,0.0
360.834,450.655,0.0,0.368126,0.929776,0.0
338.941,459.323,0.0,0.368126,0.929776,0.0
338.941,459.323,44.0,0.248689,0.968583,0.0
338.941,459.323,0.0,0.248689,0.968583,0.0
316.134,465.179,44.0,0.248689,0.968583,0.0
316.134,465.179,44.0,0.248689,0.968583,0.0
338.941,459.323,0.0,0.248689,0.968583,0.0
316.134,465.179,0.0,0.248689,0.968583,0.0
316.134,465.179,44.0,0.125334,0.992115,0.0
316.134,465.179,0.0,0.125334,0.992115,0.0
292.773,468.13,44.0,0.125334,0.992115,0.0
292.773,468.13,44.0,0.125334,0.992115,0.0
316.134,465.179,0.0,0.125334,0.992115,0.0
292.773,468.13,0.0,0.125334,0.992115,0.0
292.773,468.13,44.0,0.0,1.0,0.0
292.773,468.13,0.0,0.0,1.0,0.0
269.227,468.13,44.0,0.0,1.0,0.0
269.227,468.13,44.0,0.0,1.0,0.0
292.773,468.13,0.0,0.0,1.0,0.0
269.227,468.13,0.0,0.0,1.0,0.0
269.227,468.13,44.0,-0.125334,0.992115,0.0
269.227,468.13,0.0,-0.125334,0.992115,0.0
245.866,465.179,44.0,-0.125334,0.992115,0.0
245.866,465.179,44.0,-0.125334,0.992115,0.0
269.227,468.13,0.0,-0.125334,0.992115,0.0
245.866,465.179,0.0,-0.125334,0.992115,0.0
245.866,465.179,44.0,-0.248689,0.968583,0.0
245.866,465.179,0.0,-0.248689,0.968583,0.0
223.059,459.323,44.0,-0.248689,0.968583,0.0
223.059,459.323,44.0,-0.248689,0.968583,0.0
245.866,465.179,0.0,-0.248689,0.968583,0.0
223.059,459.323,0.0,-0.248689,0.968583,0.0
223.059,459.323,44.0,-0.368126,0.929776,0.0
223.059,459.323,0.0,-0.368126,0.929776,0.0
201.166,450.655,44.0,-0.368126,0.929776,0.0
201.166,450.655,44.0,-0.368126,0.929776,0.0
223.059,459.323,0.0,-0.368126,0.929776,0.0
201.166,450.655,0.0,-0.368126,0.929776,0.0
201.166,450.655,44.0,-0.481753,0.876307,0.0
201.166,450.655,0.0,-0.481753,0.876307,0.0
180.532,439.311,44.0,-0.481753,0.876307,0.0
180.532,439.311,44.0,-0.481753,0.876307,0.0
201.166,450.655,0.0,-0.481753,0.876307,0.0
180.532,439.311,0.0,-0.481753,0.876307,0.0
180.532,439.311,44.0,-0.587785,0.809017,0.0
180.532,439.311,0.0,-0.587785,0.809017,0.0
161.483,425.471,44.0,-0.587785,0.809017,0.0
161.483,425.471,44.0,-0.587785,0.809017,0.0
180.532,439.311,0.0,-0.587785,0.809017,0.0
161.483,425.471,0.0,-0.587785,0.809017,0.0
161.483,425.471,44.0,-0.684547,0.728968,0.0
161.483,425.471,0.0,-0.684547,0.728968,0.0
144.318,409.353,44.0,-0.684547,0.728968,0.0
144.318,409.353,44.0,-0.684547,0.728968,0.0
161.483,425.471,0.0,-0.684547,0.728968,0.0
144.318,409.353,0.0,-0.684547,0.728968,0.0
144.318,409.353,44.0,-0.770513,0.637424,0.0
144.318,409.353,0.0,-0.770513,0.637424,0.0
129.309,391.21,44.0,-0.770513,0.637424,0.0
129.309,391.21,44.0,-0.770513,0.637424,0.0
144.318,409.353,0.0,-0.770513,0.637424,0.0
129.309,391.21,0.0,-0.770513,0.637424,0.0
129.309,391.21,44.0,-0.844328,0.535827,0.0
129.309,391.21,0.0,-0.844328,0.535827,0.0
116.692,371.329,44.0,-0.844328,0.535827,0.0
116.692,371.329,44.0,-0.844328,0.535827,0.0
129.309,391.21,0.0,-0.844328,0.535827,0.0
116.692,371.329,0.0,-0.844328,0.535827,0.0
116.692,371.329,44.0,-0.904827,0.425779,0.0
116.692,371.329,0.0,-0.904827,0.425779,0.0
106.667,350.023,44.0,-0.904827,0.425779,0.0
106.667,350.023,44.0,-0.904827,0.425779,0.0
116.692,371.329,0.0,-0.904827,0.425779,0.0
106.667,350.023,0.0,-0.904827,0.425779,0.0
106.667,350.023,44.0,-0.951056,0.309017,0.0
106.667,350.023,0.0,-0.951056,0.309017,0.0
99.3906,327.629,44.0,-0.951056,0.309017,0.0
99.3906,327.629,44.0,-0.951056,0.309017,0.0
106.667,350.023,0.0,-0.951056,0.309017,0.0
99.3906,327.629,0.0,-0.951056,0.309017,0.0
99.3906,327.629,44.0,-0.982287,0.187381,0.0
99.3906,327.629,0.0,-0.982287,0.187381,0.0
94.9785,304.5,44.0,-0.982287,0.187381,0.0
94.9785,304.5,44.0,-0.982287,0.187381,0.0
99.3906,327.629,0.0,-0.982287,0.187381,0.0
94.9785,304.5,0.0,-0.982287,0.187381,0.0
94.9785,304.5,44.0,-0.998027,0.0627908,0.0
94.9785,304.5,0.0,-0.998027,0.0627908,0.0
93.5,281.0,44.0,-0.998027,0.0627908,0.0
93.5,281.0,44.0,-0.998027,0.0627908,0.0
94.9785,304.5,0.0,-0.998027,0.0627908,0.0
93.5,281.0,0.0,-0.998027,0.0627908,0.0
93.5,281.0,44.0,-0.998027,-0.0627908,0.0
93.5,281.0,0.0,-0.998027,-0.0627908,0.0
94.9785,257.5,44.0,-0.998027,-0.0627908,0.0
94.9785,257.5,44.0,-0.998027,-0.0627908,0.0
93.5,281.0,0.0,-0.998027,-0.0627908,0.0
94.9785,257.5,0.0,-0.998027,-0.0627908,0.0
94.9785,257.5,44.0,-0.982287,-0.187381,0.0
94.9785,257.5,0.0,-0.982287,-0.187381,0.0
99.3906,234.371,44.0,-0.982287,-0.187381,0.0
99.3906,234.371,44.0,-0.982287,-0.187381,0.0
94.9785,257.5,0.0,-0.982287,-0.187381,0.0
99.3906,234.371,0.0,-0.982287,-0.187381,0.0
99.3906,234.371,44.0,-0.951056,-0.309017,0.0
99.3906,234.371,0.0,-0.951056,-0.309017,0.0
106.667,211.977,44.0,-0.951056,-0.309017,0.0
106.667,211.977,44.0,-0.951056,-0.309017,0.0
99.3906,234.371,0.0,-0.951056,-0.309017,0.0
106.667,211.977,0.0,-0.951056,-0.309017,0.0
106.667,211.977,44.0,-0.904827,-0.425779,0.0
106.667,211.977,0.0,-0.904827,-0.425779,0.0
116.692,190.671,44.0,-0.904827,-0.425779,0.0
116.692,190.671,44.0,-0.904827,-0.425779,0.0
106.667,211.977,0.0,-0.904827,-0.425779,0.0
116.692,190.671,0.0,-0.904827,-0.425779,0.0
116.692,190.671,44.0,-0.844328,-0.535827,0.0
116.692,190.671,0.0,-0.844328,-0.535827,0.0
129.309,170.79,44.0,-0.844328,-0.535827,0.0
129.309,170.79,44.0,-0.844328,-0.535827,0.0
116.692,190.671,0.0,-0.844328,-0.535827,0.0
129.309,170.79,0.0,-0.844328,-0.535827,0.0
129.309,170.79,44.0,-0.770513,-0.637424,0.0
129.309,170.79,0.0,-0.770513,-0.637424,0.0
144.318,152.647,44.0,-0.770513,-0.637424,0.0
144.318,152.647,44.0,-0.770513,-0.637424,0.0
129.309,170.79,0.0,-0.770513,-0.637424,0.0
144.318,152.647,0.0,-0.770513,-0.637424,0.0
144.318,152.647,44.0,-0.684547,-0.728969,0.0
144.318,152.647,0.0,-0.684547,-0.728969,0.0
161.483,136.529,44.0,-0.684547,-0.728969,0.0
161.483,136.529,44.0,-0.684547,-0.728969,0.0
144.318,152.647,0.0,-0.684547,-0.728969,0.0
161.483,136.529,0.0,-0.684547,-0.728969,0.0
161.483,136.529,44.0,-0.587786,-0.809017,0.0
161.483,136.529,0.0,-0.587786,-0.809017,0.0
180.532,122.688,44.0,-0.587786,-0.809017,0.0
180.532,122.688,44.0,-0.587786,-0.809017,0.0
161.483,136.529,0.0,-0.587786,-0.809017,0.0
180.532,122.688,0.0,-0.587786,-0.809017,0.0
180.532,122.688,44.0,-0.481753,-0.876307,0.0
180.532,122.688,0.0,-0.481753,-0.876307,0.0
201.166,111.345,44.0,-0.481753,-0.876307,0.0
201.166,111.345,44.0,-0.481753,-0.876307,0.0
180.532,122.688,0.0,-0.481753,-0.876307,0.0
201.166,111.345,0.0,-0.481753,-0.876307,0.0
201.166,111.345,44.0,-0.368124,-0.929777,0.0
201.166,111.345,0.0,-0.368124,-0.929777,0.0
223.059,102.677,44.0,-0.368124,-0.929777,0.0
223.059,102.677,44.0,-0.368124,-0.929777,0.0
201.166,111.345,0.0,-0.368124,-0.929777,0.0
223.059,102.677,0.0,-0.368124,-0.929777,0.0
223.059,102.677,44.0,-0.24869,-0.968583,0.0
223.059,102.677,0.0,-0.24869,-0.968583,0.0
245.866,96.8211,44.0,-0.24869,-0.968583,0.0
245.866,96.8211,44.0,-0.24869,-0.968583,0.0
223.059,102.677,0.0,-0.24869,-0.968583,0.0
245.866,96.8211,0.0,-0.24869,-0.968583,0.0
245.866,96.8211,44.0,-0.125333,-0.992115,0.0
245.866,96.8211,0.0,-0.125333,-0.992115,0.0
269.227,93.87,44.0,-0.125333,-0.992115,0.0
269.227,93.87,44.0,-0.125333,-0.992115,0.0
245.866,96.8211,0.0,-0.125333,-0.992115,0.0
269.227,93.87,0.0,-0.125333,-0.992115,0.0
269.227,93.87,44.0,0.0,-1.0,0.0
269.227,93.87,0.0,0.0,-1.0,0.0
292.773,93.87,44.0,0.0,-1.0,0.0
292.773,93.87,44.0,0.0,-1.0,0.0
269.227,93.87,0.0,0.0,-1.0,0.0
292.773,93.87,0.0,0.0,-1.0,0.0
292.773,93.87,44.0,0.125333,-0.992115,0.0
292.773,93.87,0.0,0.125333,-0.992115,0.0
316.134,96.8211,44.0,0.125333,-0.992115,0.0
316.134,96.8211,44.0,0.125333,-0.992115,0.0
292.773,93.87,0.0,0.125333,-0.992115,0.0
316.134,96.8211,0.0,0.125333,-0.992115,0.0
316.134,96.8211,44.0,0.24869,-0.968583,0.0
316.134,96.8211,0.0,0.24869,-0.968583,0.0
338.941,102.677,44.0,0.24869,-0.968583,0.0
338.941,102.677,44.0,0.24869,-0.968583,0.0
316.134,96.8211,0.0,0.24869,-0.968583,0.0
338.941,102.677,0.0,0.24869,-0.968583,0.0
338.941,102.677,44.0,0.368124,-0.929777,0.0
338.941,102.677,0.0,0.368124,-0.929777,0.0
360.834,111.345,44.0,0.368124,-0.929777,0.0
360.834,111.345,44.0,0.368124,-0.929777,0.0
338.941,102.677,0.0,0.368124,-0.929777,0.0
360.834,111.345,0.0,0.368124,-0.929777,0.0
360.834,111.345,44.0,0.481753,-0.876307,0.0
360.834,111.345,0.0,0.481753,-0.876307,0.0
381.468,122.688,44.0,0.481753,-0.876307,0.0
381.468,122.688,44.0,0.481753,-0.876307,0.0
360.834,111.345,0.0,0.481753,-0.876307,0.0
381.468,122.688,0.0,0.481753,-0.876307,0.0
381.468,122.688,44.0,0.587786,-0.809017,0.0
381.468,122.688,0.0,0.587786,-0.809017,0.0
400.517,136.529,44.0,0.587786,-0.809017,0.0
400.517,136.529,44.0,0.587786,-0.809017,0.0
381.468,122.688,0.0,0.587786,-0.809017,0.0
400.517,136.529,0.0,0.587786,-0.809017,0.0
400.517,136.529,44.0,0.684547,-0.728969,0.0
400.517,136.529,0.0,0.684547,-0.728969,0.0
417.682,152.647,44.0,0.684547,-0.728969,0.0
417.682,152.647,44.0,0.684547,-0.728969,0.0
400.517,136.529,0.0,0.684547,-0.728969,0.0
417.682,152.647,0.0,0.684547,-0.728969,0.0
417.682,152.647,44.0,0.770513,-0.637424,0.0
417.682,152.647,0.0,0.770513,-0.637424,0.0
432.691,170.79,44.0,0.770513,-0.637424,0.0
432.691,170.79,44.0,0.770513,-0.637424,0.0
417.682,152.647,0.0,0.770513,-0.637424,0.0
432.691,170.79,0.0,0.770513,-0.637424,0.0
432.691,170.79,44.0,0.844328,-0.535827,0.0
432.691,170.79,0.0,0.844328,-0.535827,0.0
445.307,190.671,44.0,0.844328,-0.535827,0.0
445.307,190.671,44.0,0.844328,-0.535827,0.0
432.691,170.79,0.0,0.844328,-0.535827,0.0
445.307,190.671,0.0,0.844328,-0.535827,0.0
445.307,190.671,44.0,0.904827,-0.425779,0.0
445.307,190.671,0.0,0.904827,-0.425779,0.0
455.333,211.977,44.0,0.904827,-0.425779,0.0
455.333,211.977,44.0,0.904827,-0.425779,0.0
445.307,190.671,0.0,0.904827,-0.425779,0.0
455.333,211.977,0.0,0.904827,-0.425779,0.0
455.333,211.977,44.0,0.951056,-0.309018,0.0
455.333,211.977,0.0,0.951056,-0.309018,0.0
462.609,234.371,44.0,0.951056,-0.309018,0.0
462.609,234.371,44.0,0.951056,-0.309018,0.0
455.333,211.977,0.0,0.951056,-0.309018,0.0
462.609,234.371,0.0,0.951056,-0.309018,0.0
462.609,234.371,44.0,0.982287,-0.18738,0.0
462.609,234.371,0.0,0.982287,-0.18738,0.0
467.021,257.5,44.0,0.982287,-0.18738,0.0
467.021,257.5,44.0,0.982287,-0.18738,0.0
462.609,234.371,0.0,0.982287,-0.18738,0.0
467.021,257.5,0.0,0.982287,-0.18738,0.0
467.021,257.5,44.0,0.998027,-0.0627914,0.0
467.021,257.5,0.0,0.998027,-0.0627914,0.0
468.5,281.0,44.0,0.998027,-0.0627914,0.0
468.5,281.0,44.0,0.998027,-0.0627914,0.0
467.021,257.5,0.0,0.998027,-0.0627914,0.0
468.5,281.0,0.0,0.998027,-0.0627914,0.0
468.5,281.0,44.0,0.998027,0.0627915,0.0
468.5,281.0,0.0,0.998027,0.0627915,0.0
467.021,304.5,44.0,0.998027,0.0627915,0.0
467.021,304.5,44.0,0.998027,0.0627915,0.0
468.5,281.0,0.0,0.998027,0.0627915,0.0
467.021,304.5,0.0,0.998027,0.0627915,0.0
129.309,170.79,44.0,0.0,0.0,-1.0
43.8991,130.188,44.0,0.0,0.0,-1.0
116.692,190.671,44.0,0.0,0.0,-1.0
116.692,190.671,44.0,0.0,0.0,-1.0
43.8991,130.188,44.0,0.0,0.0,-1.0
29.6491,155.367,44.0,0.0,0.0,-1.0
116.692,190.671,44.0,0.0,0.0,-1.0
29.6491,155.367,44.0,0.0,0.0,-1.0
106.667,211.977,44.0,0.0,0.0,-1.0
106.667,211.977,44.0,0.0,0.0,-1.0
29.6491,155.367,44.0,0.0,0.0,-1.0
18.0636,181.877,44.0,0.0,0.0,-1.0
106.667,211.977,44.0,0.0,0.0,-1.0
18.0636,181.877,44.0,0.0,0.0,-1.0
99.3906,234.371,44.0,0.0,0.0,-1.0
99.3906,234.371,44.0,0.0,0.0,-1.0
18.0636,181.877,44.0,0.0,0.0,-1.0
9.26518,209.437,44.0,0.0,0.0,-1.0
99.3906,234.371,44.0,0.0,0.0,-1.0
9.26518,209.437,44.0,0.0,0.0,-1.0
94.9785,257.5,44.0,0.0,0.0,-1.0
94.9785,257.5,44.0,0.0,0.0,-1.0
9.26518,209.437,44.0,0.0,0.0,-1.0
3.34728,237.757,44.0,0.0,0.0,-1.0
94.9785,257.5,44.0,0.0,0.0,-1.0
3.34728,237.757,44.0,0.0,0.0,-1.0
93.5,281.0,44.0,0.0,0.0,-1.0
223.059,102.677,44.0,0.0,0.0,-1.0
175.139,20.703,44.0,0.0,0.0,-1.0
201.166,111.345,44.0,0.0,0.0,-1.0
201.166,111.345,44.0,0.0,0.0,-1.0
175.139,20.703,44.0,0.0,0.0,-1.0
148.937,32.9672,44.0,0.0,0.0,-1.0
201.166,111.345,44.0,0.0,0.0,-1.0
148.937,32.9672,44.0,0.0,0.0,-1.0
180.532,122.688,44.0,0.0,0.0,-1.0
180.532,122.688,44.0,0.0,0.0,-1.0
148.937,32.9672,44.0,0.0,0.0,-1.0
124.133,47.8607,44.0,0.0,0.0,-1.0
180.532,122.688,44.0,0.0,0.0,-1.0
124.133,47.8607,44.0,0.0,0.0,-1.0
161.483,136.529,44.0,0.0,0.0,-1.0
161.483,136.529,44.0,0.0,0.0,-1.0
124.133,47.8607,44.0,0.0,0.0,-1.0
100.993,65.2256,44.0,0.0,0.0,-1.0
161.483,136.529,44.0,0.0,0.0,-1.0
100.993,65.2256,44.0,0.0,0.0,-1.0
144.318,152.647,44.0,0.0,0.0,-1.0
144.318,152.647,44.0,0.0,0.0,-1.0
100.993,65.2256,44.0,0.0,0.0,-1.0
79.7612,84.8777,44.0,0.0,0.0,-1.0
144.318,152.647,44.0,0.0,0.0,-1.0
79.7612,84.8777,44.0,0.0,0.0,-1.0
129.309,170.79,44.0,0.0,0.0,-1.0
129.309,170.79,44.0,0.0,0.0,-1.0
79.7612,84.8777,44.0,0.0,0.0,-1.0
60.6623,106.609,44.0,0.0,0.0,-1.0
129.309,170.79,44.0,0.0,0.0,-1.0
60.6623,106.609,44.0,0.0,0.0,-1.0
43.8991,130.188,44.0,0.0,0.0,-1.0
292.773,468.13,44.0,0.0,0.0,-1.0
317.08,559.674,44.0,0.0,0.0,-1.0
316.134,465.179,44.0,0.0,0.0,-1.0
316.134,465.179,44.0,0.0,0.0,-1.0
317.08,559.674,44.0,0.0,0.0,-1.0
345.542,554.487,44.0,0.0,0.0,-1.0
316.134,465.179,44.0,0.0,0.0,-1.0
345.542,554.487,44.0,0.0,0.0,-1.0
338.941,459.323,44.0,0.0,0.0,-1.0
338.941,459.323,44.0,0.0,0.0,-1.0
345.542,554.487,44.0,0.0,0.0,-1.0
373.32,546.401,44.0,0.0,0.0,-1.0
338.941,459.323,44.0,0.0,0.0,-1.0
373.32,546.401,44.0,0.0,0.0,-1.0
360.834,450.655,44.0,0.0,0.0,-1.0
360.834,450.655,44.0,0.0,0.0,-1.0
373.32,546.401,44.0,0.0,0.0,-1.0
400.12,535.502,44.0,0.0,0.0,-1.0
360.834,450.655,44.0,0.0,0.0,-1.0
400.12,535.502,44.0,0.0,0.0,-1.0
381.468,439.311,44.0,0.0,0.0,-1.0
381.468,439.311,44.0,0.0,0.0,-1.0
400.12,535.502,44.0,0.0,0.0,-1.0
425.657,521.905,44.0,0.0,0.0,-1.0
381.468,439.311,44.0,0.0,0.0,-1.0
425.657,521.905,44.0,0.0,0.0,-1.0
400.517,425.471,44.0,0.0,0.0,-1.0
201.166,450.655,44.0,0.0,0.0,-1.0
175.139,541.297,44.0,0.0,0.0,-1.0
223.059,459.323,44.0,0.0,0.0,-1.0
223.059,459.323,44.0,0.0,0.0,-1.0
175.139,541.297,44.0,0.0,0.0,-1.0
202.465,550.802,44.0,0.0,0.0,-1.0
223.059,459.323,44.0,0.0,0.0,-1.0
202.465,550.802,44.0,0.0,0.0,-1.0
245.866,465.179,44.0,0.0,0.0,-1.0
245.866,465.179,44.0,0.0,0.0,-1.0
202.465,550.802,44.0,0.0,0.0,-1.0
230.622,557.447,44.0,0.0,0.0,-1.0
245.866,465.179,44.0,0.0,0.0,-1.0
230.622,557.447,44.0,0.0,0.0,-1.0
269.227,468.13,44.0,0.0,0.0,-1.0
269.227,468.13,44.0,0.0,0.0,-1.0
230.622,557.447,44.0,0.0,0.0,-1.0
259.314,561.162,44.0,0.0,0.0,-1.0
269.227,468.13,44.0,0.0,0.0,-1.0
259.314,561.162,44.0,0.0,0.0,-1.0
292.773,468.13,44.0,0.0,0.0,-1.0
292.773,468.13,44.0,0.0,0.0,-1.0
259.314,561.162,44.0,0.0,0.0,-1.0
288.235,561.907,44.0,0.0,0.0,-1.0
292.773,468.13,44.0,0.0,0.0,-1.0
288.235,561.907,44.0,0.0,0.0,-1.0
317.08,559.674,44.0,0.0,0.0,-1.0
116.692,371.329,44.0,0.0,0.0,-1.0
43.8991,431.812,44.0,0.0,0.0,-1.0
129.309,391.21,44.0,0.0,0.0,-1.0
129.309,391.21,44.0,0.0,0.0,-1.0
43.8991,431.812,44.0,0.0,0.0,-1.0
60.6623,455.391,44.0,0.0,0.0,-1.0
129.309,391.21,44.0,0.0,0.0,-1.0
60.6623,455.391,44.0,0.0,0.0,-1.0
144.318,409.353,44.0,0.0,0.0,-1.0
144.318,409.353,44.0,0.0,0.0,-1.0
60.6623,455.391,44.0,0.0,0.0,-1.0
79.7612,477.122,44.0,0.0,0.0,-1.0
144.318,409.353,44.0,0.0,0.0,-1.0
79.7612,477.122,44.0,0.0,0.0,-1.0
161.483,425.471,44.0,0.0,0.0,-1.0
161.483,425.471,44.0,0.0,0.0,-1.0
79.7612,477.122,44.0,0.0,0.0,-1.0
100.993,496.774,44.0,0.0,0.0,-1.0
161.483,425.471,44.0,0.0,0.0,-1.0
100.993,496.774,44.0,0.0,0.0,-1.0
180.532,439.311,44.0,0.0,0.0,-1.0
180.532,439.311,44.0,0.0,0.0,-1.0
100.993,496.774,44.0,0.0,0.0,-1.0
124.133,514.139,44.0,0.0,0.0,-1.0
180.532,439.311,44.0,0.0,0.0,-1.0
124.133,514.139,44.0,0.0,0.0,-1.0
201.166,450.655,44.0,0.0,0.0,-1.0
201.166,450.655,44.0,0.0,0.0,-1.0
124.133,514.139,44.0,0.0,0.0,-1.0
148.937,529.033,44.0,0.0,0.0,-1.0
201.166,450.655,44.0,0.0,0.0,-1.0
148.937,529.033,44.0,0.0,0.0,-1.0
175.139,541.297,44.0,0.0,0.0,-1.0
3.34728,237.757,44.0,0.0,0.0,-1.0
0.372559,266.534,44.0,0.0,0.0,-1.0
93.5,281.0,44.0,0.0,0.0,-1.0
93.5,281.0,44.0,0.0,0.0,-1.0
0.372559,266.534,44.0,0.0,0.0,-1.0
0.372559,295.466,44.0,0.0,0.0,-1.0
93.5,281.0,44.0,0.0,0.0,-1.0
0.372559,295.466,44.0,0.0,0.0,-1.0
94.9785,304.5,44.0,0.0,0.0,-1.0
94.9785,304.5,44.0,0.0,0.0,-1.0
0.372559,295.466,44.0,0.0,0.0,-1.0
3.34728,324.243,44.0,0.0,0.0,-1.0
94.9785,304.5,44.0,0.0,0.0,-1.0
3.34728,324.243,44.0,0.0,0.0,-1.0
99.3906,327.629,44.0,0.0,0.0,-1.0
99.3906,327.629,44.0,0.0,0.0,-1.0
3.34728,324.243,44.0,0.0,0.0,-1.0
9.26518,352.563,44.0,0.0,0.0,-1.0
99.3906,327.629,44.0,0.0,0.0,-1.0
9.26518,352.563,44.0,0.0,0.0,-1.0
106.667,350.023,44.0,0.0,0.0,-1.0
106.667,350.023,44.0,0.0,0.0,-1.0
9.26518,352.563,44.0,0.0,0.0,-1.0
18.0636,380.123,44.0,0.0,0.0,-1.0
106.667,350.023,44.0,0.0,0.0,-1.0
18.0636,380.123,44.0,0.0,0.0,-1.0
116.692,371.329,44.0,0.0,0.0,-1.0
116.692,371.329,44.0,0.0,0.0,-1.0
18.0636,380.123,44.0,0.0,0.0,-1.0
29.6491,406.633,44.0,0.0,0.0,-1.0
116.692,371.329,44.0,0.0,0.0,-1.0
29.6491,406.633,44.0,0.0,0.0,-1.0
43.8991,431.812,44.0,0.0,0.0,-1.0
417.682,152.647,44.0,0.0,0.0,-1.0
471.876,74.7782,44.0,0.0,0.0,-1.0
400.517,136.529,44.0,0.0,0.0,-1.0
400.517,136.529,44.0,0.0,0.0,-1.0
471.876,74.7782,44.0,0.0,0.0,-1.0
449.66,56.2452,44.0,0.0,0.0,-1.0
400.517,136.529,44.0,0.0,0.0,-1.0
449.66,56.2452,44.0,0.0,0.0,-1.0
381.468,122.688,44.0,0.0,0.0,-1.0
381.468,122.688,44.0,0.0,0.0,-1.0
449.66,56.2452,44.0,0.0,0.0,-1.0
425.657,40.0946,44.0,0.0,0.0,-1.0
381.468,122.688,44.0,0.0,0.0,-1.0
425.657,40.0946,44.0,0.0,0.0,-1.0
360.834,111.345,44.0,0.0,0.0,-1.0
360.834,111.345,44.0,0.0,0.0,-1.0
425.657,40.0946,44.0,0.0,0.0,-1.0
400.12,26.4977,44.0,0.0,0.0,-1.0
360.834,111.345,44.0,0.0,0.0,-1.0
400.12,26.4977,44.0,0.0,0.0,-1.0
338.941,102.677,44.0,0.0,0.0,-1.0
338.941,102.677,44.0,0.0,0.0,-1.0
400.12,26.4977,44.0,0.0,0.0,-1.0
373.32,15.5985,44.0,0.0,0.0,-1.0
338.941,102.677,44.0,0.0,0.0,-1.0
373.32,15.5985,44.0,0.0,0.0,-1.0
316.134,96.8211,44.0,0.0,0.0,-1.0
373.32,15.5985,44.0,0.0,0.0,-1.0
345.542,7.51269,44.0,0.0,0.0,-1.0
316.134,96.8211,44.0,0.0,0.0,-1.0
316.134,96.8211,44.0,0.0,0.0,-1.0
345.542,7.51269,44.0,0.0,0.0,-1.0
317.08,2.32592,44.0,0.0,0.0,-1.0
316.134,96.8211,44.0,0.0,0.0,-1.0
317.08,2.32592,44.0,0.0,0.0,-1.0
292.773,93.87,44.0,0.0,0.0,-1.0
292.773,93.87,44.0,0.0,0.0,-1.0
317.08,2.32592,44.0,0.0,0.0,-1.0
288.235,0.0931621,44.0,0.0,0.0,-1.0
292.773,93.87,44.0,0.0,0.0,-1.0
288.235,0.0931621,44.0,0.0,0.0,-1.0
269.227,93.87,44.0,0.0,0.0,-1.0
269.227,93.87,44.0,0.0,0.0,-1.0
288.235,0.0931621,44.0,0.0,0.0,-1.0
259.314,0.838071,44.0,0.0,0.0,-1.0
269.227,93.87,44.0,0.0,0.0,-1.0
259.314,0.838071,44.0,0.0,0.0,-1.0
245.866,96.8211,44.0,0.0,0.0,-1.0
245.866,96.8211,44.0,0.0,0.0,-1.0
259.314,0.838071,44.0,0.0,0.0,-1.0
230.622,4.55275,44.0,0.0,0.0,-1.0
245.866,96.8211,44.0,0.0,0.0,-1.0
230.622,4.55275,44.0,0.0,0.0,-1.0
223.059,102.677,44.0,0.0,0.0,-1.0
223.059,102.677,44.0,0.0,0.0,-1.0
230.622,4.55275,44.0,0.0,0.0,-1.0
202.465,11.1979,44.0,0.0,0.0,-1.0
223.059,102.677,44.0,0.0,0.0,-1.0
202.465,11.1979,44.0,0.0,0.0,-1.0
175.139,20.703,44.0,0.0,0.0,-1.0
462.609,234.371,44.0,0.0,0.0,-1.0
548.691,195.544,44.0,0.0,0.0,-1.0
455.333,211.977,44.0,0.0,0.0,-1.0
455.333,211.977,44.0,0.0,0.0,-1.0
548.691,195.544,44.0,0.0,0.0,-1.0
538.485,168.472,44.0,0.0,0.0,-1.0
455.333,211.977,44.0,0.0,0.0,-1.0
538.485,168.472,44.0,0.0,0.0,-1.0
445.307,190.671,44.0,0.0,0.0,-1.0
445.307,190.671,44.0,0.0,0.0,-1.0
538.485,168.472,44.0,0.0,0.0,-1.0
525.55,142.594,44.0,0.0,0.0,-1.0
445.307,190.671,44.0,0.0,0.0,-1.0
525.55,142.594,44.0,0.0,0.0,-1.0
432.691,170.79,44.0,0.0,0.0,-1.0
432.691,170.79,44.0,0.0,0.0,-1.0
525.55,142.594,44.0,0.0,0.0,-1.0
510.023,118.183,44.0,0.0,0.0,-1.0
432.691,170.79,44.0,0.0,0.0,-1.0
510.023,118.183,44.0,0.0,0.0,-1.0
417.682,152.647,44.0,0.0,0.0,-1.0
417.682,152.647,44.0,0.0,0.0,-1.0
510.023,118.183,44.0,0.0,0.0,-1.0
492.068,95.4972,44.0,0.0,0.0,-1.0
417.682,152.647,44.0,0.0,0.0,-1.0
492.068,95.4972,44.0,0.0,0.0,-1.0
471.876,74.7782,44.0,0.0,0.0,-1.0
455.333,350.023,44.0,0.0,0.0,-1.0
548.691,366.456,44.0,0.0,0.0,-1.0
462.609,327.629,44.0,0.0,0.0,-1.0
462.609,327.629,44.0,0.0,0.0,-1.0
548.691,366.456,44.0,0.0,0.0,-1.0
556.058,338.479,44.0,0.0,0.0,-1.0
462.609,327.629,44.0,0.0,0.0,-1.0
556.058,338.479,44.0,0.0,0.0,-1.0
467.021,304.5,44.0,0.0,0.0,-1.0
467.021,304.5,44.0,0.0,0.0,-1.0
556.058,338.479,44.0,0.0,0.0,-1.0
560.511,309.893,44.0,0.0,0.0,-1.0
467.021,304.5,44.0,0.0,0.0,-1.0
560.511,309.893,44.0,0.0,0.0,-1.0
468.5,281.0,44.0,0.0,0.0,-1.0
468.5,281.0,44.0,0.0,0.0,-1.0
560.511,309.893,44.0,0.0,0.0,-1.0
562.0,281.0,44.0,0.0,0.0,-1.0
468.5,281.0,44.0,0.0,0.0,-1.0
562.0,281.0,44.0,0.0,0.0,-1.0
467.021,257.5,44.0,0.0,0.0,-1.0
467.021,257.5,44.0,0.0,0.0,-1.0
562.0,281.0,44.0,0.0,0.0,-1.0
560.511,252.107,44.0,0.0,0.0,-1.0
467.021,257.5,44.0,0.0,0.0,-1.0
560.511,252.107,44.0,0.0,0.0,-1.0
462.609,234.371,44.0,0.0,0.0,-1.0
462.609,234.371,44.0,0.0,0.0,-1.0
560.511,252.107,44.0,0.0,0.0,-1.0
556.058,223.521,44.0,0.0,0.0,-1.0
462.609,234.371,44.0,0.0,0.0,-1.0
556.058,223.521,44.0,0.0,0.0,-1.0
548.691,195.544,44.0,0.0,0.0,-1.0
425.657,521.905,44.0,0.0,0.0,-1.0
449.66,505.755,44.0,0.0,0.0,-1.0
400.517,425.471,44.0,0.0,0.0,-1.0
400.517,425.471,44.0,0.0,0.0,-1.0
449.66,505.755,44.0,0.0,0.0,-1.0
471.876,487.222,44.0,0.0,0.0,-1.0
400.517,425.471,44.0,0.0,0.0,-1.0
471.876,487.222,44.0,0.0,0.0,-1.0
417.682,409.353,44.0,0.0,0.0,-1.0
417.682,409.353,44.0,0.0,0.0,-1.0
471.876,487.222,44.0,0.0,0.0,-1.0
492.068,466.503,44.0,0.0,0.0,-1.0
417.682,409.353,44.0,0.0,0.0,-1.0
492.068,466.503,44.0,0.0,0.0,-1.0
432.691,391.21,44.0,0.0,0.0,-1.0
432.691,391.21,44.0,0.0,0.0,-1.0
492.068,466.503,44.0,0.0,0.0,-1.0
510.023,443.817,44.0,0.0,0.0,-1.0
432.691,391.21,44.0,0.0,0.0,-1.0
510.023,443.817,44.0,0.0,0.0,-1.0
445.307,371.329,44.0,0.0,0.0,-1.0
445.307,371.329,44.0,0.0,0.0,-1.0
510.023,443.817,44.0,0.0,0.0,-1.0
525.55,419.406,44.0,0.0,0.0,-1.0
445.307,371.329,44.0,0.0,0.0,-1.0
525.55,419.406,44.0,0.0,0.0,-1.0
455.333,350.023,44.0,0.0,0.0,-1.0
455.333,350.023,44.0,0.0,0.0,-1.0
525.55,419.406,44.0,0.0,0.0,-1.0
538.485,393.528,44.0,0.0,0.0,-1.0
455.333,350.023,44.0,0.0,0.0,-1.0
538.485,393.528,44.0,0.0,0.0,-1.0
548.691,366.456,44.0,0.0,0.0,-1.0
197.834,187.681,0.0,0.0,0.0,-1.0
144.318,152.647,0.0,0.0,0.0,-1.0
184.564,201.47,0.0,0.0,0.0,-1.0
184.564,201.47,0.0,0.0,0.0,-1.0
144.318,152.647,0.0,0.0,0.0,-1.0
129.309,170.79,0.0,0.0,0.0,-1.0
184.564,201.47,0.0,0.0,0.0,-1.0
129.309,170.79,0.0,0.0,0.0,-1.0
173.554,217.123,0.0,0.0,0.0,-1.0
173.554,217.123,0.0,0.0,0.0,-1.0
129.309,170.79,0.0,0.0,0.0,-1.0
116.692,190.671,0.0,0.0,0.0,-1.0
173.554,217.123,0.0,0.0,0.0,-1.0
116.692,190.671,0.0,0.0,0.0,-1.0
165.062,234.273,0.0,0.0,0.0,-1.0
165.062,234.273,0.0,0.0,0.0,-1.0
116.692,190.671,0.0,0.0,0.0,-1.0
106.667,211.977,0.0,0.0,0.0,-1.0
165.062,234.273,0.0,0.0,0.0,-1.0
106.667,211.977,0.0,0.0,0.0,-1.0
159.288,252.518,0.0,0.0,0.0,-1.0
159.288,252.518,0.0,0.0,0.0,-1.0
106.667,211.977,0.0,0.0,0.0,-1.0
99.3906,234.371,0.0,0.0,0.0,-1.0
159.288,252.518,0.0,0.0,0.0,-1.0
99.3906,234.371,0.0,0.0,0.0,-1.0
156.367,271.431,0.0,0.0,0.0,-1.0
184.564,360.53,0.0,0.0,0.0,-1.0
144.318,409.353,0.0,0.0,0.0,-1.0
197.834,374.319,0.0,0.0,0.0,-1.0
197.834,374.319,0.0,0.0,0.0,-1.0
144.318,409.353,0.0,0.0,0.0,-1.0
161.483,425.471,0.0,0.0,0.0,-1.0
197.834,374.319,0.0,0.0,0.0,-1.0
161.483,425.471,0.0,0.0,0.0,-1.0
213.054,385.921,0.0,0.0,0.0,-1.0
213.054,385.921,0.0,0.0,0.0,-1.0
161.483,425.471,0.0,0.0,0.0,-1.0
180.532,439.311,0.0,0.0,0.0,-1.0
213.054,385.921,0.0,0.0,0.0,-1.0
180.532,439.311,0.0,0.0,0.0,-1.0
229.866,395.063,0.0,0.0,0.0,-1.0
229.866,395.063,0.0,0.0,0.0,-1.0
180.532,439.311,0.0,0.0,0.0,-1.0
201.166,450.655,0.0,0.0,0.0,-1.0
229.866,395.063,0.0,0.0,0.0,-1.0
201.166,450.655,0.0,0.0,0.0,-1.0
247.877,401.532,0.0,0.0,0.0,-1.0
99.3906,234.371,0.0,0.0,0.0,-1.0
94.9785,257.5,0.0,0.0,0.0,-1.0
156.367,271.431,0.0,0.0,0.0,-1.0
156.367,271.431,0.0,0.0,0.0,-1.0
94.9785,257.5,0.0,0.0,0.0,-1.0
93.5,281.0,0.0,0.0,0.0,-1.0
156.367,271.431,0.0,0.0,0.0,-1.0
93.5,281.0,0.0,0.0,0.0,-1.0
156.367,290.569,0.0,0.0,0.0,-1.0
156.367,290.569,0.0,0.0,0.0,-1.0
93.5,281.0,0.0,0.0,0.0,-1.0
94.9785,304.5,0.0,0.0,0.0,-1.0
156.367,290.569,0.0,0.0,0.0,-1.0
94.9785,304.5,0.0,0.0,0.0,-1.0
159.288,309.482,0.0,0.0,0.0,-1.0
159.288,309.482,0.0,0.0,0.0,-1.0
94.9785,304.5,0.0,0.0,0.0,-1.0
99.3906,327.629,0.0,0.0,0.0,-1.0
159.288,309.482,0.0,0.0,0.0,-1.0
99.3906,327.629,0.0,0.0,0.0,-1.0
165.062,327.727,0.0,0.0,0.0,-1.0
165.062,327.727,0.0,0.0,0.0,-1.0
99.3906,327.629,0.0,0.0,0.0,-1.0
106.667,350.023,0.0,0.0,0.0,-1.0
165.062,327.727,0.0,0.0,0.0,-1.0
106.667,350.023,0.0,0.0,0.0,-1.0
173.554,344.877,0.0,0.0,0.0,-1.0
173.554,344.877,0.0,0.0,0.0,-1.0
106.667,350.023,0.0,0.0,0.0,-1.0
116.692,371.329,0.0,0.0,0.0,-1.0
173.554,344.877,0.0,0.0,0.0,-1.0
116.692,371.329,0.0,0.0,0.0,-1.0
184.564,360.53,0.0,0.0,0.0,-1.0
184.564,360.53,0.0,0.0,0.0,-1.0
116.692,371.329,0.0,0.0,0.0,-1.0
129.309,391.21,0.0,0.0,0.0,-1.0
184.564,360.53,0.0,0.0,0.0,-1.0
129.309,391.21,0.0,0.0,0.0,-1.0
144.318,409.353,0.0,0.0,0.0,-1.0
266.665,156.825,0.0,0.0,0.0,-1.0
245.866,96.8211,0.0,0.0,0.0,-1.0
247.877,160.468,0.0,0.0,0.0,-1.0
247.877,160.468,0.0,0.0,0.0,-1.0
245.866,96.8211,0.0,0.0,0.0,-1.0
223.059,102.677,0.0,0.0,0.0,-1.0
247.877,160.468,0.0,0.0,0.0,-1.0
223.059,102.677,0.0,0.0,0.0,-1.0
229.866,166.937,0.0,0.0,0.0,-1.0
229.866,166.937,0.0,0.0,0.0,-1.0
223.059,102.677,0.0,0.0,0.0,-1.0
201.166,111.345,0.0,0.0,0.0,-1.0
229.866,166.937,0.0,0.0,0.0,-1.0
201.166,111.345,0.0,0.0,0.0,-1.0
213.054,176.079,0.0,0.0,0.0,-1.0
213.054,176.079,0.0,0.0,0.0,-1.0
201.166,111.345,0.0,0.0,0.0,-1.0
180.532,122.688,0.0,0.0,0.0,-1.0
213.054,176.079,0.0,0.0,0.0,-1.0
180.532,122.688,0.0,0.0,0.0,-1.0
197.834,187.681,0.0,0.0,0.0,-1.0
197.834,187.681,0.0,0.0,0.0,-1.0
180.532,122.688,0.0,0.0,0.0,-1.0
161.483,136.529,0.0,0.0,0.0,-1.0
197.834,187.681,0.0,0.0,0.0,-1.0
161.483,136.529,0.0,0.0,0.0,-1.0
144.318,152.647,0.0,0.0,0.0,-1.0
356.778,181.588,0.0,0.0,0.0,-1.0
381.468,122.688,0.0,0.0,0.0,-1.0
340.715,171.186,0.0,0.0,0.0,-1.0
340.715,171.186,0.0,0.0,0.0,-1.0
381.468,122.688,0.0,0.0,0.0,-1.0
360.834,111.345,0.0,0.0,0.0,-1.0
340.715,171.186,0.0,0.0,0.0,-1.0
360.834,111.345,0.0,0.0,0.0,-1.0
323.252,163.357,0.0,0.0,0.0,-1.0
323.252,163.357,0.0,0.0,0.0,-1.0
360.834,111.345,0.0,0.0,0.0,-1.0
338.941,102.677,0.0,0.0,0.0,-1.0
323.252,163.357,0.0,0.0,0.0,-1.0
338.941,102.677,0.0,0.0,0.0,-1.0
304.799,158.286,0.0,0.0,0.0,-1.0
304.799,158.286,0.0,0.0,0.0,-1.0
338.941,102.677,0.0,0.0,0.0,-1.0
316.134,96.8211,0.0,0.0,0.0,-1.0
304.799,158.286,0.0,0.0,0.0,-1.0
316.134,96.8211,0.0,0.0,0.0,-1.0
285.788,156.092,0.0,0.0,0.0,-1.0
285.788,156.092,0.0,0.0,0.0,-1.0
316.134,96.8211,0.0,0.0,0.0,-1.0
292.773,93.87,0.0,0.0,0.0,-1.0
285.788,156.092,0.0,0.0,0.0,-1.0
292.773,93.87,0.0,0.0,0.0,-1.0
266.665,156.825,0.0,0.0,0.0,-1.0
266.665,156.825,0.0,0.0,0.0,-1.0
292.773,93.87,0.0,0.0,0.0,-1.0
269.227,93.87,0.0,0.0,0.0,-1.0
266.665,156.825,0.0,0.0,0.0,-1.0
269.227,93.87,0.0,0.0,0.0,-1.0
245.866,96.8211,0.0,0.0,0.0,-1.0
201.166,450.655,0.0,0.0,0.0,-1.0
223.059,459.323,0.0,0.0,0.0,-1.0
247.877,401.532,0.0,0.0,0.0,-1.0
247.877,401.532,0.0,0.0,0.0,-1.0
223.059,459.323,0.0,0.0,0.0,-1.0
245.866,465.179,0.0,0.0,0.0,-1.0
247.877,401.532,0.0,0.0,0.0,-1.0
245.866,465.179,0.0,0.0,0.0,-1.0
266.665,405.175,0.0,0.0,0.0,-1.0
266.665,405.175,0.0,0.0,0.0,-1.0
245.866,465.179,0.0,0.0,0.0,-1.0
269.227,468.13,0.0,0.0,0.0,-1.0
266.665,405.175,0.0,0.0,0.0,-1.0
269.227,468.13,0.0,0.0,0.0,-1.0
285.788,405.908,0.0,0.0,0.0,-1.0
285.788,405.908,0.0,0.0,0.0,-1.0
269.227,468.13,0.0,0.0,0.0,-1.0
292.773,468.13,0.0,0.0,0.0,-1.0
285.788,405.908,0.0,0.0,0.0,-1.0
292.773,468.13,0.0,0.0,0.0,-1.0
304.799,403.714,0.0,0.0,0.0,-1.0
304.799,403.714,0.0,0.0,0.0,-1.0
292.773,468.13,0.0,0.0,0.0,-1.0
316.134,465.179,0.0,0.0,0.0,-1.0
304.799,403.714,0.0,0.0,0.0,-1.0
316.134,465.179,0.0,0.0,0.0,-1.0
323.252,398.642,0.0,0.0,0.0,-1.0
323.252,398.642,0.0,0.0,0.0,-1.0
316.134,465.179,0.0,0.0,0.0,-1.0
338.941,459.323,0.0,0.0,0.0,-1.0
323.252,398.642,0.0,0.0,0.0,-1.0
338.941,459.323,0.0,0.0,0.0,-1.0
340.715,390.814,0.0,0.0,0.0,-1.0
400.175,243.285,0.0,0.0,0.0,-1.0
455.333,211.977,0.0,0.0,0.0,-1.0
393.021,225.535,0.0,0.0,0.0,-1.0
393.021,225.535,0.0,0.0,0.0,-1.0
455.333,211.977,0.0,0.0,0.0,-1.0
445.307,190.671,0.0,0.0,0.0,-1.0
393.021,225.535,0.0,0.0,0.0,-1.0
445.307,190.671,0.0,0.0,0.0,-1.0
383.241,209.085,0.0,0.0,0.0,-1.0
383.241,209.085,0.0,0.0,0.0,-1.0
445.307,190.671,0.0,0.0,0.0,-1.0
432.691,170.79,0.0,0.0,0.0,-1.0
383.241,209.085,0.0,0.0,0.0,-1.0
432.691,170.79,0.0,0.0,0.0,-1.0
371.065,194.321,0.0,0.0,0.0,-1.0
371.065,194.321,0.0,0.0,0.0,-1.0
432.691,170.79,0.0,0.0,0.0,-1.0
417.682,152.647,0.0,0.0,0.0,-1.0
371.065,194.321,0.0,0.0,0.0,-1.0
417.682,152.647,0.0,0.0,0.0,-1.0
356.778,181.588,0.0,0.0,0.0,-1.0
356.778,181.588,0.0,0.0,0.0,-1.0
417.682,152.647,0.0,0.0,0.0,-1.0
400.517,136.529,0.0,0.0,0.0,-1.0
356.778,181.588,0.0,0.0,0.0,-1.0
400.517,136.529,0.0,0.0,0.0,-1.0
381.468,122.688,0.0,0.0,0.0,-1.0
393.021,336.465,0.0,0.0,0.0,-1.0
455.333,350.023,0.0,0.0,0.0,-1.0
400.175,318.715,0.0,0.0,0.0,-1.0
400.175,318.715,0.0,0.0,0.0,-1.0
455.333,350.023,0.0,0.0,0.0,-1.0
462.609,327.629,0.0,0.0,0.0,-1.0
400.175,318.715,0.0,0.0,0.0,-1.0
462.609,327.629,0.0,0.0,0.0,-1.0
404.535,300.081,0.0,0.0,0.0,-1.0
404.535,300.081,0.0,0.0,0.0,-1.0
462.609,327.629,0.0,0.0,0.0,-1.0
467.021,304.5,0.0,0.0,0.0,-1.0
404.535,300.081,0.0,0.0,0.0,-1.0
467.021,304.5,0.0,0.0,0.0,-1.0
406.0,281.0,0.0,0.0,0.0,-1.0
406.0,281.0,0.0,0.0,0.0,-1.0
467.021,304.5,0.0,0.0,0.0,-1.0
468.5,281.0,0.0,0.0,0.0,-1.0
406.0,281.0,0.0,0.0,0.0,-1.0
468.5,281.0,0.0,0.0,0.0,-1.0
404.535,261.919,0.0,0.0,0.0,-1.0
404.535,261.919,0.0,0.0,0.0,-1.0
468.5,281.0,0.0,0.0,0.0,-1.0
467.021,257.5,0.0,0.0,0.0,-1.0
404.535,261.919,0.0,0.0,0.0,-1.0
467.021,257.5,0.0,0.0,0.0,-1.0
400.175,243.285,0.0,0.0,0.0,-1.0
400.175,243.285,0.0,0.0,0.0,-1.0
467.021,257.5,0.0,0.0,0.0,-1.0
462.609,234.371,0.0,0.0,0.0,-1.0
400.175,243.285,0.0,0.0,0.0,-1.0
462.609,234.371,0.0,0.0,0.0,-1.0
455.333,211.977,0.0,0.0,0.0,-1.0
338.941,459.323,0.0,0.0,0.0,-1.0
360.834,450.655,0.0,0.0,0.0,-1.0
340.715,390.814,0.0,0.0,0.0,-1.0
340.715,390.814,0.0,0.0,0.0,-1.0
360.834,450.655,0.0,0.0,0.0,-1.0
381.468,439.311,0.0,0.0,0.0,-1.0
340.715,390.814,0.0,0.0,0.0,-1.0
381.468,439.311,0.0,0.0,0.0,-1.0
356.778,380.412,0.0,0.0,0.0,-1.0
356.778,380.412,0.0,0.0,0.0,-1.0
381.468,439.311,0.0,0.0,0.0,-1.0
400.517,425.471,0.0,0.0,0.0,-1.0
356.778,380.412,0.0,0.0,0.0,-1.0
400.517,425.471,0.0,0.0,0.0,-1.0
371.065,367.679,0.0,0.0,0.0,-1.0
371.065,367.679,0.0,0.0,0.0,-1.0
400.517,425.471,0.0,0.0,0.0,-1.0
417.682,409.353,0.0,0.0,0.0,-1.0
371.065,367.679,0.0,0.0,0.0,-1.0
417.682,409.353,0.0,0.0,0.0,-1.0
383.241,352.915,0.0,0.0,0.0,-1.0
383.241,352.915,0.0,0.0,0.0,-1.0
417.682,409.353,0.0,0.0,0.0,-1.0
432.691,391.21,0.0,0.0,0.0,-1.0
383.241,352.915,0.0,0.0,0.0,-1.0
432.691,391.21,0.0,0.0,0.0,-1.0
393.021,336.465,0.0,0.0,0.0,-1.0
393.021,336.465,0.0,0.0,0.0,-1.0
432.691,391.21,0.0,0.0,0.0,-1.0
445.307,371.329,0.0,0.0,0.0,-1.0
393.021,336.465,0.0,0.0,0.0,-1.0
445.307,371.329,0.0,0.0,0.0,-1.0
455.333,350.023,0.0,0.0,0.0,-1.0
560.511,309.893,75.0,0.988088,0.15389,0.0
560.511,309.893,44.0,0.988088,0.15389,0.0
556.058,338.479,75.0,0.988088,0.15389,0.0
556.058,338.479,75.0,0.988088,0.15389,0.0
560.511,309.893,44.0,0.988088,0.15389,0.0
556.058,338.479,44.0,0.988088,0.15389,0.0
556.058,338.479,75.0,0.967028,0.25467,0.0
556.058,338.479,44.0,0.967028,0.25467,0.0
548.691,366.456,75.0,0.967028,0.25467,0.0
548.691,366.456,75.0,0.967028,0.25467,0.0
556.058,338.479,44.0,0.967028,0.25467,0.0
548.691,366.456,44.0,0.967028,0.25467,0.0
548.691,366.456,75.0,0.935717,0.352753,0.0
548.691,366.456,44.0,0.935717,0.352753,0.0
538.485,393.528,75.0,0.935717,0.352753,0.0
538.485,393.528,75.0,0.935717,0.352753,0.0
548.691,366.456,44.0,0.935717,0.352753,0.0
538.485,393.528,44.0,0.935717,0.352753,0.0
538.485,393.528,75.0,0.894487,0.447095,0.0
538.485,393.528,44.0,0.894487,0.447095,0.0
525.55,419.406,75.0,0.894487,0.447095,0.0
525.55,419.406,75.0,0.894487,0.447095,0.0
538.485,393.528,44.0,0.894487,0.447095,0.0
525.55,419.406,44.0,0.894487,0.447095,0.0
525.55,419.406,75.0,0.843776,0.536696,0.0
525.55,419.406,44.0,0.843776,0.536696,0.0
510.023,443.817,75.0,0.843776,0.536696,0.0
510.023,443.817,75.0,0.843776,0.536696,0.0
525.55,419.406,44.0,0.843776,0.536696,0.0
510.023,443.817,44.0,0.843776,0.536696,0.0
510.023,443.817,75.0,0.784119,0.62061,0.0
510.023,443.817,44.0,0.784119,0.62061,0.0
492.068,466.503,75.0,0.784119,0.62061,0.0
492.068,466.503,75.0,0.784119,0.62061,0.0
510.023,443.817,44.0,0.784119,0.62061,0.0
492.068,466.503,44.0,0.784119,0.62061,0.0
492.068,466.503,75.0,0.716152,0.697944,0.0
492.068,466.503,44.0,0.716152,0.697944,0.0
471.876,487.222,75.0,0.716152,0.697944,0.0
471.876,487.222,75.0,0.716152,0.697944,0.0
492.068,466.503,44.0,0.716152,0.697944,0.0
471.876,487.222,44.0,0.716152,0.697944,0.0
471.876,487.222,75.0,0.640593,0.76788,0.0
471.876,487.222,44.0,0.640593,0.76788,0.0
449.66,505.755,75.0,0.640593,0.76788,0.0
449.66,505.755,75.0,0.640593,0.76788,0.0
471.876,487.222,44.0,0.640593,0.76788,0.0
449.66,505.755,44.0,0.640593,0.76788,0.0
449.66,505.755,75.0,0.558244,0.829677,0.0
449.66,505.755,44.0,0.558244,0.829677,0.0
425.657,521.905,75.0,0.558244,0.829677,0.0
425.657,521.905,75.0,0.558244,0.829677,0.0
449.66,505.755,44.0,0.558244,0.829677,0.0
425.657,521.905,44.0,0.558244,0.829677,0.0
425.657,521.905,75.0,0.469977,0.882679,0.0
425.657,521.905,44.0,0.469977,0.882679,0.0
400.12,535.502,75.0,0.469977,0.882679,0.0
400.12,535.502,75.0,0.469977,0.882679,0.0
425.657,521.905,44.0,0.469977,0.882679,0.0
400.12,535.502,44.0,0.469977,0.882679,0.0
400.12,535.502,75.0,0.376729,0.926324,0.0
400.12,535.502,44.0,0.376729,0.926324,0.0
373.32,546.401,75.0,0.376729,0.926324,0.0
373.32,546.401,75.0,0.376729,0.926324,0.0
400.12,535.502,44.0,0.376729,0.926324,0.0
373.32,546.401,44.0,0.376729,0.926324,0.0
373.32,546.401,75.0,0.279486,0.96015,0.0
373.32,546.401,44.0,0.279486,0.96015,0.0
345.542,554.487,75.0,0.279486,0.96015,0.0
345.542,554.487,75.0,0.279486,0.96015,0.0
373.32,546.401,44.0,0.279486,0.96015,0.0
345.542,554.487,44.0,0.279486,0.96015,0.0
345.542,554.487,75.0,0.179278,0.983798,0.0
345.542,554.487,44.0,0.179278,0.983798,0.0
317.08,559.674,75.0,0.179278,0.983798,0.0
317.08,559.674,75.0,0.179278,0.983798,0.0
345.542,554.487,44.0,0.179278,0.983798,0.0
317.08,559.674,44.0,0.179278,0.983798,0.0
317.08,559.674,75.0,0.0771762,0.997017,0.0
317.08,559.674,44.0,0.0771762,0.997017,0.0
288.235,561.907,75.0,0.0771762,0.997017,0.0
288.235,561.907,75.0,0.0771762,0.997017,0.0
317.08,559.674,44.0,0.0771762,0.997017,0.0
288.235,561.907,44.0,0.0771762,0.997017,0.0
288.235,561.907,75.0,-0.0257486,0.999668,0.0
288.235,561.907,44.0,-0.0257486,0.999668,0.0
259.314,561.162,75.0,-0.0257486,0.999668,0.0
259.314,561.162,75.0,-0.0257486,0.999668,0.0
288.235,561.907,44.0,-0.0257486,0.999668,0.0
259.314,561.162,44.0,-0.0257486,0.999668,0.0
259.314,561.162,75.0,-0.128397,0.991723,0.0
259.314,561.162,44.0,-0.128397,0.991723,0.0
230.622,557.447,75.0,-0.128397,0.991723,0.0
230.622,557.447,75.0,-0.128397,0.991723,0.0
259.314,561.162,44.0,-0.128397,0.991723,0.0
230.622,557.447,44.0,-0.128397,0.991723,0.0
230.622,557.447,75.0,-0.229687,0.973265,0.0
230.622,557.447,44.0,-0.229687,0.973265,0.0
202.465,550.802,75.0,-0.229687,0.973265,0.0
202.465,550.802,75.0,-0.229687,0.973265,0.0
230.622,557.447,44.0,-0.229687,0.973265,0.0
202.465,550.802,44.0,-0.229687,0.973265,0.0
202.465,550.802,75.0,-0.328544,0.944489,0.0
202.465,550.802,44.0,-0.328544,0.944489,0.0
175.139,541.297,75.0,-0.328544,0.944489,0.0
175.139,541.297,75.0,-0.328544,0.944489,0.0
202.465,550.802,44.0,-0.328544,0.944489,0.0
175.139,541.297,44.0,-0.328544,0.944489,0.0
175.139,541.297,75.0,-0.423914,0.905702,0.0
175.139,541.297,44.0,-0.423914,0.905702,0.0
148.937,529.033,75.0,-0.423914,0.905702,0.0
148.937,529.033,75.0,-0.423914,0.905702,0.0
175.139,541.297,44.0,-0.423914,0.905702,0.0
148.937,529.033,44.0,-0.423914,0.905702,0.0
148.937,529.033,75.0,-0.514793,0.857315,0.0
148.937,529.033,44.0,-0.514793,0.857315,0.0
124.133,514.139,75.0,-0.514793,0.857315,0.0
124.133,514.139,75.0,-0.514793,0.857315,0.0
148.937,529.033,44.0,-0.514793,0.857315,0.0
124.133,514.139,44.0,-0.514793,0.857315,0.0
124.133,514.139,75.0,-0.600214,0.799839,0.0
124.133,514.139,44.0,-0.600214,0.799839,0.0
100.993,496.774,75.0,-0.600214,0.799839,0.0
100.993,496.774,75.0,-0.600214,0.799839,0.0
124.133,514.139,44.0,-0.600214,0.799839,0.0
100.993,496.774,44.0,-0.600214,0.799839,0.0
100.993,496.774,75.0,-0.679273,0.733886,0.0
100.993,496.774,44.0,-0.679273,0.733886,0.0
79.7612,477.122,75.0,-0.679273,0.733886,0.0
79.7612,477.122,75.0,-0.679273,0.733886,0.0
100.993,496.774,44.0,-0.679273,0.733886,0.0
79.7612,477.122,44.0,-0.679273,0.733886,0.0
79.7612,477.122,75.0,-0.751132,0.660152,0.0
79.7612,477.122,44.0,-0.751132,0.660152,0.0
60.6623,455.391,75.0,-0.751132,0.660152,0.0
60.6623,455.391,75.0,-0.751132,0.660152,0.0
79.7612,477.122,44.0,-0.751132,0.660152,0.0
60.6623,455.391,44.0,-0.751132,0.660152,0.0
60.6623,455.391,75.0,-0.815028,0.579421,0.0
60.6623,455.391,44.0,-0.815028,0.579421,0.0
43.8991,431.812,75.0,-0.815028,0.579421,0.0
43.8991,431.812,75.0,-0.815028,0.579421,0.0
60.6623,455.391,44.0,-0.815028,0.579421,0.0
43.8991,431.812,44.0,-0.815028,0.579421,0.0
43.8991,431.812,75.0,-0.870285,0.492548,0.0
43.8991,431.812,44.0,-0.870285,0.492548,0.0
29.6491,406.633,75.0,-0.870285,0.492548,0.0
29.6491,406.633,75.0,-0.870285,0.492548,0.0
43.8991,431.812,44.0,-0.870285,0.492548,0.0
29.6491,406.633,44.0,-0.870285,0.492548,0.0
29.6491,406.633,75.0,-0.916317,0.400453,0.0
29.6491,406.633,44.0,-0.916317,0.400453,0.0
18.0636,380.123,75.0,-0.916317,0.400453,0.0
18.0636,380.123,75.0,-0.916317,0.400453,0.0
29.6491,406.633,44.0,-0.916317,0.400453,0.0
18.0636,380.123,44.0,-0.916317,0.400453,0.0
18.0636,380.123,75.0,-0.952635,0.304116,0.0
18.0636,380.123,44.0,-0.952635,0.304116,0.0
9.26518,352.563,75.0,-0.952635,0.304116,0.0
9.26518,352.563,75.0,-0.952635,0.304116,0.0
18.0636,380.123,44.0,-0.952635,0.304116,0.0
9.26518,352.563,44.0,-0.952635,0.304116,0.0
9.26518,352.563,75.0,-0.978856,0.204552,0.0
9.26518,352.563,44.0,-0.978856,0.204552,0.0
3.34728,324.243,75.0,-0.978856,0.204552,0.0
3.34728,324.243,75.0,-0.978856,0.204552,0.0
9.26518,352.563,44.0,-0.978856,0.204552,0.0
3.34728,324.243,44.0,-0.978856,0.204552,0.0
3.34728,324.243,75.0,-0.9947,0.102821,0.0
3.34728,324.243,44.0,-0.9947,0.102821,0.0
0.372559,295.466,75.0,-0.9947,0.102821,0.0
0.372559,295.466,75.0,-0.9947,0.102821,0.0
3.34728,324.243,44.0,-0.9947,0.102821,0.0
0.372559,295.466,44.0,-0.9947,0.102821,0.0
0.372559,295.466,75.0,-1.0,0.0,0.0
0.372559,295.466,44.0,-1.0,0.0,0.0
0.372559,266.534,75.0,-1.0,0.0,0.0
0.372559,266.534,75.0,-1.0,0.0,0.0
0.372559,295.466,44.0,-1.0,0.0,0.0
0.372559,266.534,44.0,-1.0,0.0,0.0
0.372559,266.534,75.0,-0.9947,-0.102821,0.0
0.372559,266.534,44.0,-0.9947,-0.102821,0.0
3.34728,237.757,75.0,-0.9947,-0.102821,0.0
3.34728,237.757,75.0,-0.9947,-0.102821,0.0
0.372559,266.534,44.0,-0.9947,-0.102821,0.0
3.34728,237.757,44.0,-0.9947,-0.102821,0.0
3.34728,237.757,75.0,-0.978856,-0.204552,0.0
3.34728,237.757,44.0,-0.978856,-0.204552,0.0
9.26518,209.437,75.0,-0.978856,-0.204552,0.0
9.26518,209.437,75.0,-0.978856,-0.204552,0.0
3.34728,237.757,44.0,-0.978856,-0.204552,0.0
9.26518,209.437,44.0,-0.978856,-0.204552,0.0
9.26518,209.437,75.0,-0.952635,-0.304116,0.0
9.26518,209.437,44.0,-0.952635,-0.304116,0.0
18.0636,181.877,75.0,-0.952635,-0.304116,0.0
18.0636,181.877,75.0,-0.952635,-0.304116,0.0
9.26518,209.437,44.0,-0.952635,-0.304116,0.0
18.0636,181.877,44.0,-0.952635,-0.304116,0.0
18.0636,181.877,75.0,-0.916317,-0.400453,0.0
18.0636,181.877,44.0,-0.916317,-0.400453,0.0
29.6491,155.367,75.0,-0.916317,-0.400453,0.0
29.6491,155.367,75.0,-0.916317,-0.400453,0.0
18.0636,181.877,44.0,-0.916317,-0.400453,0.0
29.6491,155.367,44.0,-0.916317,-0.400453,0.0
29.6491,155.367,75.0,-0.870285,-0.492548,0.0
29.6491,155.367,44.0,-0.870285,-0.492548,0.0
43.8991,130.188,75.0,-0.870285,-0.492548,0.0
43.8991,130.188,75.0,-0.870285,-0.492548,0.0
29.6491,155.367,44.0,-0.870285,-0.492548,0.0
43.8991,130.188,44.0,-0.870285,-0.492548,0.0
43.8991,130.188,75.0,-0.815028,-0.579421,0.0
43.8991,130.188,44.0,-0.815028,-0.579421,0.0
60.6623,106.609,75.0,-0.815028,-0.579421,0.0
60.6623,106.609,75.0,-0.815028,-0.579421,0.0
43.8991,130.188,44.0,-0.815028,-0.579421,0.0
60.6623,106.609,44.0,-0.815028,-0.579421,0.0
60.6623,106.609,75.0,-0.751132,-0.660152,0.0
60.6623,106.609,44.0,-0.751132,-0.660152,0.0
79.7612,84.8777,75.0,-0.751132,-0.660152,0.0
79.7612,84.8777,75.0,-0.751132,-0.660152,0.0
60.6623,106.609,44.0,-0.751132,-0.660152,0.0
79.7612,84.8777,44.0,-0.751132,-0.660152,0.0
79.7612,84.8777,75.0,-0.679273,-0.733885,0.0
79.7612,84.8777,44.0,-0.679273,-0.733885,0.0
100.993,65.2256,75.0,-0.679273,-0.733885,0.0
100.993,65.2256,75.0,-0.679273,-0.733885,0.0
79.7612,84.8777,44.0,-0.679273,-0.733885,0.0
100.993,65.2256,44.0,-0.679273,-0.733885,0.0
100.993,65.2256,75.0,-0.600215,-0.799839,0.0
100.993,65.2256,44.0,-0.600215,-0.799839,0.0
124.133,47.8607,75.0,-0.600215,-0.799839,0.0
124.133,47.8607,75.0,-0.600215,-0.799839,0.0
100.993,65.2256,44.0,-0.600215,-0.799839,0.0
124.133,47.8607,44.0,-0.600215,-0.799839,0.0
124.133,47.8607,75.0,-0.514793,-0.857315,0.0
124.133,47.8607,44.0,-0.514793,-0.857315,0.0
148.937,32.9672,75.0,-0.514793,-0.857315,0.0
148.937,32.9672,75.0,-0.514793,-0.857315,0.0
124.133,47.8607,44.0,-0.514793,-0.857315,0.0
148.937,32.9672,44.0,-0.514793,-0.857315,0.0
148.937,32.9672,75.0,-0.423914,-0.905702,0.0
148.937,32.9672,44.0,-0.423914,-0.905702,0.0
175.139,20.703,75.0,-0.423914,-0.905702,0.0
175.139,20.703,75.0,-0.423914,-0.905702,0.0
148.937,32.9672,44.0,-0.423914,-0.905702,0.0
175.139,20.703,44.0,-0.423914,-0.905702,0.0
175.139,20.703,75.0,-0.328543,-0.944489,0.0
175.139,20.703,44.0,-0.328543,-0.944489,0.0
202.465,11.1979,75.0,-0.328543,-0.944489,0.0
202.465,11.1979,75.0,-0.328543,-0.944489,0.0
175.139,20.703,44.0,-0.328543,-0.944489,0.0
202.465,11.1979,44.0,-0.328543,-0.944489,0.0
202.465,11.1979,75.0,-0.229688,-0.973264,0.0
202.465,11.1979,44.0,-0.229688,-0.973264,0.0
230.622,4.55275,75.0,-0.229688,-0.973264,0.0
230.622,4.55275,75.0,-0.229688,-0.973264,0.0
202.465,11.1979,44.0,-0.229688,-0.973264,0.0
230.622,4.55275,44.0,-0.229688,-0.973264,0.0
230.622,4.55275,75.0,-0.128398,-0.991723,0.0
230.622,4.55275,44.0,-0.128398,-0.991723,0.0
259.314,0.838071,75.0,-0.128398,-0.991723,0.0
259.314,0.838071,75.0,-0.128398,-0.991723,0.0
230.622,4.55275,44.0,-0.128398,-0.991723,0.0
259.314,0.838071,44.0,-0.128398,-0.991723,0.0
259.314,0.838071,75.0,-0.0257477,-0.999668,0.0
259.314,0.838071,44.0,-0.0257477,-0.999668,0.0
288.235,0.0931621,75.0,-0.0257477,-0.999668,0.0
288.235,0.0931621,75.0,-0.0257477,-0.999668,0.0
259.314,0.838071,44.0,-0.0257477,-0.999668,0.0
288.235,0.0931621,44.0,-0.0257477,-0.999668,0.0
288.235,0.0931621,75.0,0.0771752,-0.997018,0.0
288.235,0.0931621,44.0,0.0771752,-0.997018,0.0
317.08,2.32592,75.0,0.0771752,-0.997018,0.0
317.08,2.32592,75.0,0.0771752,-0.997018,0.0
288.235,0.0931621,44.0,0.0771752,-0.997018,0.0
317.08,2.32592,44.0,0.0771752,-0.997018,0.0
317.08,2.32592,75.0,0.17928,-0.983798,0.0
317.08,2.32592,44.0,0.17928,-0.983798,0.0
345.542,7.51269,75.0,0.17928,-0.983798,0.0
345.542,7.51269,75.0,0.17928,-0.983798,0.0
317.08,2.32592,44.0,0.17928,-0.983798,0.0
345.542,7.51269,44.0,0.17928,-0.983798,0.0
345.542,7.51269,75.0,0.279486,-0.96015,0.0
345.542,7.51269,44.0,0.279486,-0.96015,0.0
373.32,15.5985,75.0,0.279486,-0.96015,0.0
373.32,15.5985,75.0,0.279486,-0.96015,0.0
345.542,7.51269,44.0,0.279486,-0.96015,0.0
373.32,15.5985,44.0,0.279486,-0.96015,0.0
373.32,15.5985,75.0,0.376728,-0.926324,0.0
373.32,15.5985,44.0,0.376728,-0.926324,0.0
400.12,26.4977,75.0,0.376728,-0.926324,0.0
400.12,26.4977,75.0,0.376728,-0.926324,0.0
373.32,15.5985,44.0,0.376728,-0.926324,0.0
400.12,26.4977,44.0,0.376728,-0.926324,0.0
400.12,26.4977,75.0,0.469977,-0.882679,0.0
400.12,26.4977,44.0,0.469977,-0.882679,0.0
425.657,40.0946,75.0,0.469977,-0.882679,0.0
425.657,40.0946,75.0,0.469977,-0.882679,0.0
400.12,26.4977,44.0,0.469977,-0.882679,0.0
425.657,40.0946,44.0,0.469977,-0.882679,0.0
425.657,40.0946,75.0,0.558244,-0.829677,0.0
425.657,40.0946,44.0,0.558244,-0.829677,0.0
449.66,56.2452,75.0,0.558244,-0.829677,0.0
449.66,56.2452,75.0,0.558244,-0.829677,0.0
425.657,40.0946,44.0,0.558244,-0.829677,0.0
449.66,56.2452,44.0,0.558244,-0.829677,0.0
449.66,56.2452,75.0,0.640593,-0.767881,0.0
449.66,56.2452,44.0,0.640593,-0.767881,0.0
471.876,74.7782,75.0,0.640593,-0.767881,0.0
471.876,74.7782,75.0,0.640593,-0.767881,0.0
449.66,56.2452,44.0,0.640593,-0.767881,0.0
471.876,74.7782,44.0,0.640593,-0.767881,0.0
471.876,74.7782,75.0,0.716152,-0.697944,0.0
471.876,74.7782,44.0,0.716152,-0.697944,0.0
492.068,95.4972,75.0,0.716152,-0.697944,0.0
492.068,95.4972,75.0,0.716152,-0.697944,0.0
471.876,74.7782,44.0,0.716152,-0.697944,0.0
492.068,95.4972,44.0,0.716152,-0.697944,0.0
492.068,95.4972,75.0,0.78412,-0.620609,0.0
492.068,95.4972,44.0,0.78412,-0.620609,0.0
510.023,118.183,75.0,0.78412,-0.620609,0.0
510.023,118.183,75.0,0.78412,-0.620609,0.0
492.068,95.4972,44.0,0.78412,-0.620609,0.0
510.023,118.183,44.0,0.78412,-0.620609,0.0
510.023,118.183,75.0,0.843776,-0.536696,0.0
510.023,118.183,44.0,0.843776,-0.536696,0.0
525.55,142.594,75.0,0.843776,-0.536696,0.0
525.55,142.594,75.0,0.843776,-0.536696,0.0
510.023,118.183,44.0,0.843776,-0.536696,0.0
525.55,142.594,44.0,0.843776,-0.536696,0.0
525.55,142.594,75.0,0.894487,-0.447095,0.0
525.55,142.594,44.0,0.894487,-0.447095,0.0
538.485,168.472,75.0,0.894487,-0.447095,0.0
538.485,168.472,75.0,0.894487,-0.447095,0.0
525.55,142.594,44.0,0.894487,-0.447095,0.0
538.485,168.472,44.0,0.894487,-0.447095,0.0
538.485,168.472,75.0,0.935717,-0.352753,0.0
538.485,168.472,44.0,0.935717,-0.352753,0.0
548.691,195.544,75.0,0.935717,-0.352753,0.0
548.691,195.544,75.0,0.935717,-0.352753,0.0
538.485,168.472,44.0,0.935717,-0.352753,0.0
548.691,195.544,44.0,0.935717,-0.352753,0.0
548.691,195.544,75.0,0.967028,-0.25467,0.0
548.691,195.544,44.0,0.967028,-0.25467,0.0
556.058,223.521,75.0,0.967028,-0.25467,0.0
556.058,223.521,75.0,0.967028,-0.25467,0.0
548.691,195.544,44.0,0.967028,-0.25467,0.0
556.058,223.521,44.0,0.967028,-0.25467,0.0
556.058,223.521,75.0,0.988088,-0.15389,0.0
556.058,223.521,44.0,0.988088,-0.15389,0.0
560.511,252.107,75.0,0.988088,-0.15389,0.0
560.511,252.107,75.0,0.988088,-0.15389,0.0
556.058,223.521,44.0,0.988088,-0.15389,0.0
560.511,252.107,44.0,0.988088,-0.15389,0.0
560.511,252.107,75.0,0.998674,-0.0514803,0.0
560.511,252.107,44.0,0.998674,-0.0514803,0.0
562.0,281.0,75.0,0.998674,-0.0514803,0.0
562.0,281.0,75.0,0.998674,-0.0514803,0.0
560.511,252.107,44.0,0.998674,-0.0514803,0.0
562.0,281.0,44.0,0.998674,-0.0514803,0.0
562.0,281.0,75.0,0.998674,0.0514804,0.0
562.0,281.0,44.0,0.998674,0.0514804,0.0
560.511,309.893,75.0,0.998674,0.0514804,0.0
560.511,309.893,75.0,0.998674,0.0514804,0.0
562.0,281.0,44.0,0.998674,0.0514804,0.0
560.511,309.893,44.0,0.998674,0.0514804,0.0
404.535,300.081,0.0,-0.973695,-0.227855,0.0
404.535,300.081,75.0,-0.973695,-0.227855,0.0
400.175,318.715,0.0,-0.973695,-0.227855,0.0
400.175,318.715,0.0,-0.973695,-0.227855,0.0
404.535,300.081,75.0,-0.973695,-0.227855,0.0
400.175,318.715,75.0,-0.973695,-0.227855,0.0
400.175,318.715,0.0,-0.927503,-0.373816,0.0
400.175,318.715,75.0,-0.927503,-0.373816,0.0
393.021,336.465,0.0,-0.927503,-0.373816,0.0
393.021,336.465,0.0,-0.927503,-0.373816,0.0
400.175,318.715,75.0,-0.927503,-0.373816,0.0
393.021,336.465,75.0,-0.927503,-0.373816,0.0
393.021,336.465,0.0,-0.85957,-0.511019,0.0
393.021,336.465,75.0,-0.85957,-0.511019,0.0
383.241,352.915,0.0,-0.85957,-0.511019,0.0
383.241,352.915,0.0,-0.85957,-0.511019,0.0
393.021,336.465,75.0,-0.85957,-0.511019,0.0
383.241,352.915,75.0,-0.85957,-0.511019,0.0
383.241,352.915,0.0,-0.771489,-0.636243,0.0
383.241,352.915,75.0,-0.771489,-0.636243,0.0
371.065,367.679,0.0,-0.771489,-0.636243,0.0
371.065,367.679,0.0,-0.771489,-0.636243,0.0
383.241,352.915,75.0,-0.771489,-0.636243,0.0
371.065,367.679,75.0,-0.771489,-0.636243,0.0
371.065,367.679,0.0,-0.665326,-0.746553,0.0
371.065,367.679,75.0,-0.665326,-0.746553,0.0
356.778,380.412,0.0,-0.665326,-0.746553,0.0
356.778,380.412,0.0,-0.665326,-0.746553,0.0
371.065,367.679,75.0,-0.665326,-0.746553,0.0
356.778,380.412,75.0,-0.665326,-0.746553,0.0
356.778,380.412,0.0,-0.543567,-0.839366,0.0
356.778,380.412,75.0,-0.543567,-0.839366,0.0
340.715,390.814,0.0,-0.543567,-0.839366,0.0
340.715,390.814,0.0,-0.543567,-0.839366,0.0
356.778,380.412,75.0,-0.543567,-0.839366,0.0
340.715,390.814,75.0,-0.543567,-0.839366,0.0
340.715,390.814,0.0,-0.409069,-0.912503,0.0
340.715,390.814,75.0,-0.409069,-0.912503,0.0
323.252,398.642,0.0,-0.409069,-0.912503,0.0
323.252,398.642,0.0,-0.409069,-0.912503,0.0
340.715,390.814,75.0,-0.409069,-0.912503,0.0
323.252,398.642,75.0,-0.409069,-0.912503,0.0
323.252,398.642,0.0,-0.264982,-0.964253,0.0
323.252,398.642,75.0,-0.264982,-0.964253,0.0
304.799,403.714,0.0,-0.264982,-0.964253,0.0
304.799,403.714,0.0,-0.264982,-0.964253,0.0
323.252,398.642,75.0,-0.264982,-0.964253,0.0
304.799,403.714,75.0,-0.264982,-0.964253,0.0
304.799,403.714,0.0,-0.114683,-0.993402,0.0
304.799,403.714,75.0,-0.114683,-0.993402,0.0
285.788,405.908,0.0,-0.114683,-0.993402,0.0
285.788,405.908,0.0,-0.114683,-0.993402,0.0
304.799,403.714,75.0,-0.114683,-0.993402,0.0
285.788,405.908,75.0,-0.114683,-0.993402,0.0
285.788,405.908,0.0,0.0383038,-0.999266,0.0
285.788,405.908,75.0,0.0383038,-0.999266,0.0
266.665,405.175,0.0,0.0383038,-0.999266,0.0
266.665,405.175,0.0,0.0383038,-0.999266,0.0
285.788,405.908,75.0,0.0383038,-0.999266,0.0
266.665,405.175,75.0,0.0383038,-0.999266,0.0
266.665,405.175,0.0,0.19039,-0.981708,0.0
266.665,405.175,75.0,0.19039,-0.981708,0.0
247.877,401.532,0.0,0.19039,-0.981708,0.0
247.877,401.532,0.0,0.19039,-0.981708,0.0
266.665,405.175,75.0,0.19039,-0.981708,0.0
247.877,401.532,75.0,0.19039,-0.981708,0.0
247.877,401.532,0.0,0.338018,-0.94114,0.0
247.877,401.532,75.0,0.338018,-0.94114,0.0
229.866,395.063,0.0,0.338018,-0.94114,0.0
229.866,395.063,0.0,0.338018,-0.94114,0.0
247.877,401.532,75.0,0.338018,-0.94114,0.0
229.866,395.063,75.0,0.338018,-0.94114,0.0
229.866,395.063,0.0,0.477719,-0.878513,0.0
229.866,395.063,75.0,0.477719,-0.878513,0.0
213.054,385.921,0.0,0.477719,-0.878513,0.0
213.054,385.921,0.0,0.477719,-0.878513,0.0
229.866,395.063,75.0,0.477719,-0.878513,0.0
213.054,385.921,75.0,0.477719,-0.878513,0.0
213.054,385.921,0.0,0.606227,-0.795292,0.0
213.054,385.921,75.0,0.606227,-0.795292,0.0
197.834,374.319,0.0,0.606227,-0.795292,0.0
197.834,374.319,0.0,0.606227,-0.795292,0.0
213.054,385.921,75.0,0.606227,-0.795292,0.0
197.834,374.319,75.0,0.606227,-0.795292,0.0
197.834,374.319,0.0,0.720521,-0.693433,0.0
197.834,374.319,75.0,0.720521,-0.693433,0.0
184.564,360.53,0.0,0.720521,-0.693433,0.0
184.564,360.53,0.0,0.720521,-0.693433,0.0
197.834,374.319,75.0,0.720521,-0.693433,0.0
184.564,360.53,75.0,0.720521,-0.693433,0.0
184.564,360.53,0.0,0.817929,-0.575319,0.0
184.564,360.53,75.0,0.817929,-0.575319,0.0
173.554,344.877,0.0,0.817929,-0.575319,0.0
173.554,344.877,0.0,0.817929,-0.575319,0.0
184.564,360.53,75.0,0.817929,-0.575319,0.0
173.554,344.877,75.0,0.817929,-0.575319,0.0
173.554,344.877,0.0,0.896166,-0.44372,0.0
173.554,344.877,75.0,0.896166,-0.44372,0.0
165.062,327.727,0.0,0.896166,-0.44372,0.0
165.062,327.727,0.0,0.896166,-0.44372,0.0
173.554,344.877,75.0,0.896166,-0.44372,0.0
165.062,327.727,75.0,0.896166,-0.44372,0.0
165.062,327.727,0.0,0.953396,-0.301721,0.0
165.062,327.727,75.0,0.953396,-0.301721,0.0
159.288,309.482,0.0,0.953396,-0.301721,0.0
159.288,309.482,0.0,0.953396,-0.301721,0.0
165.062,327.727,75.0,0.953396,-0.301721,0.0
159.288,309.482,75.0,0.953396,-0.301721,0.0
159.288,309.482,0.0,0.98828,-0.15265,0.0
159.288,309.482,75.0,0.98828,-0.15265,0.0
156.367,290.569,0.0,0.98828,-0.15265,0.0
156.367,290.569,0.0,0.98828,-0.15265,0.0
159.288,309.482,75.0,0.98828,-0.15265,0.0
156.367,290.569,75.0,0.98828,-0.15265,0.0
156.367,290.569,0.0,1.0,0.0,0.0
156.367,290.569,75.0,1.0,0.0,0.0
156.367,271.431,0.0,1.0,0.0,0.0
156.367,271.431,0.0,1.0,0.0,0.0
156.367,290.569,75.0,1.0,0.0,0.0
156.367,271.431,75.0,1.0,0.0,0.0
156.367,271.431,0.0,0.98828,0.15265,0.0
156.367,271.431,75.0,0.98828,0.15265,0.0
159.288,252.518,0.0,0.98828,0.15265,0.0
159.288,252.518,0.0,0.98828,0.15265,0.0
156.367,271.431,75.0,0.98828,0.15265,0.0
159.288,252.518,75.0,0.98828,0.15265,0.0
159.288,252.518,0.0,0.953396,0.301721,0.0
159.288,252.518,75.0,0.953396,0.301721,0.0
165.062,234.273,0.0,0.953396,0.301721,0.0
165.062,234.273,0.0,0.953396,0.301721,0.0
159.288,252.518,75.0,0.953396,0.301721,0.0
165.062,234.273,75.0,0.953396,0.301721,0.0
165.062,234.273,0.0,0.896166,0.443719,0.0
165.062,234.273,75.0,0.896166,0.443719,0.0
173.554,217.123,0.0,0.896166,0.443719,0.0
173.554,217.123,0.0,0.896166,0.443719,0.0
165.062,234.273,75.0,0.896166,0.443719,0.0
173.554,217.123,75.0,0.896166,0.443719,0.0
173.554,217.123,0.0,0.817929,0.575319,0.0
173.554,217.123,75.0,0.817929,0.575319,0.0
184.564,201.47,0.0,0.817929,0.575319,0.0
184.564,201.47,0.0,0.817929,0.575319,0.0
173.554,217.123,75.0,0.817929,0.575319,0.0
184.564,201.47,75.0,0.817929,0.575319,0.0
184.564,201.47,0.0,0.720521,0.693433,0.0
184.564,201.47,75.0,0.720521,0.693433,0.0
197.834,187.681,0.0,0.720521,0.693433,0.0
197.834,187.681,0.0,0.720521,0.693433,0.0
184.564,201.47,75.0,0.720521,0.693433,0.0
197.834,187.681,75.0,0.720521,0.693433,0.0
197.834,187.681,0.0,0.606226,0.795292,0.0
197.834,187.681,75.0,0.606226,0.795292,0.0
213.054,176.079,0.0,0.606226,0.795292,0.0
213.054,176.079,0.0,0.606226,0.795292,0.0
197.834,187.681,75.0,0.606226,0.795292,0.0
213.054,176.079,75.0,0.606226,0.795292,0.0
213.054,176.079,0.0,0.477719,0.878513,0.0
213.054,176.079,75.0,0.477719,0.878513,0.0
229.866,166.937,0.0,0.477719,0.878513,0.0
229.866,166.937,0.0,0.477719,0.878513,0.0
213.054,176.079,75.0,0.477719,0.878513,0.0
229.866,166.937,75.0,0.477719,0.878513,0.0
229.866,166.937,0.0,0.338017,0.94114,0.0
229.866,166.937,75.0,0.338017,0.94114,0.0
247.877,160.468,0.0,0.338017,0.94114,0.0
247.877,160.468,0.0,0.338017,0.94114,0.0
229.866,166.937,75.0,0.338017,0.94114,0.0
247.877,160.468,75.0,0.338017,0.94114,0.0
247.877,160.468,0.0,0.190391,0.981708,0.0
247.877,160.468,75.0,0.190391,0.981708,0.0
266.665,156.825,0.0,0.190391,0.981708,0.0
266.665,156.825,0.0,0.190391,0.981708,0.0
247.877,160.468,75.0,0.190391,0.981708,0.0
266.665,156.825,75.0,0.190391,0.981708,0.0
266.665,156.825,0.0,0.038303,0.999266,0.0
266.665,156.825,75.0,0.038303,0.999266,0.0
285.788,156.092,0.0,0.038303,0.999266,0.0
285.788,156.092,0.0,0.038303,0.999266,0.0
266.665,156.825,75.0,0.038303,0.999266,0.0
285.788,156.092,75.0,0.038303,0.999266,0.0
285.788,156.092,0.0,-0.114683,0.993402,0.0
285.788,156.092,75.0,-0.114683,0.993402,0.0
304.799,158.286,0.0,-0.114683,0.993402,0.0
304.799,158.286,0.0,-0.114683,0.993402,0.0
285.788,156.092,75.0,-0.114683,0.993402,0.0
304.799,158.286,75.0,-0.114683,0.993402,0.0
304.799,158.286,0.0,-0.264981,0.964254,0.0
304.799,158.286,75.0,-0.264981,0.964254,0.0
323.252,163.357,0.0,-0.264981,0.964254,0.0
323.252,163.357,0.0,-0.264981,0.964254,0.0
304.799,158.286,75.0,-0.264981,0.964254,0.0
323.252,163.357,75.0,-0.264981,0.964254,0.0
323.252,163.357,0.0,-0.409068,0.912504,0.0
323.252,163.357,75.0,-0.409068,0.912504,0.0
340.715,171.186,0.0,-0.409068,0.912504,0.0
340.715,171.186,0.0,-0.409068,0.912504,0.0
323.252,163.357,75.0,-0.409068,0.912504,0.0
340.715,171.186,75.0,-0.409068,0.912504,0.0
340.715,171.186,0.0,-0.543567,0.839366,0.0
340.715,171.186,75.0,-0.543567,0.839366,0.0
356.778,181.588,0.0,-0.543567,0.839366,0.0
356.778,181.588,0.0,-0.543567,0.839366,0.0
340.715,171.186,75.0,-0.543567,0.839366,0.0
356.778,181.588,75.0,-0.543567,0.839366,0.0
356.778,181.588,0.0,-0.665326,0.746553,0.0
356.778,181.588,75.0,-0.665326,0.746553,0.0
371.065,194.321,0.0,-0.665326,0.746553,0.0
371.065,194.321,0.0,-0.665326,0.746553,0.0
356.778,181.588,75.0,-0.665326,0.746553,0.0
371.065,194.321,75.0,-0.665326,0.746553,0.0
371.065,194.321,0.0,-0.771489,0.636243,0.0
371.065,194.321,75.0,-0.771489,0.636243,0.0
383.241,209.085,0.0,-0.771489,0.636243,0.0
383.241,209.085,0.0,-0.771489,0.636243,0.0
371.065,194.321,75.0,-0.771489,0.636243,0.0
383.241,209.085,75.0,-0.771489,0.636243,0.0
383.241,209.085,0.0,-0.85957,0.511018,0.0
383.241,209.085,75.0,-0.85957,0.511018,0.0
393.021,225.535,0.0,-0.85957,0.511018,0.0
393.021,225.535,0.0,-0.85957,0.511018,0.0
383.241,209.085,75.0,-0.85957,0.511018,0.0
393.021,225.535,75.0,-0.85957,0.511018,0.0
393.021,225.535,0.0,-0.927503,0.373816,0.0
393.021,225.535,75.0,-0.927503,0.373816,0.0
400.175,243.285,0.0,-0.927503,0.373816,0.0
400.175,243.285,0.0,-0.927503,0.373816,0.0
393.021,225.535,75.0,-0.927503,0.373816,0.0
400.175,243.285,75.0,-0.927503,0.373816,0.0
400.175,243.285,0.0,-0.973695,0.227855,0.0
400.175,243.285,75.0,-0.973695,0.227855,0.0
404.535,261.919,0.0,-0.973695,0.227855,0.0
404.535,261.919,0.0,-0.973695,0.227855,0.0
400.175,243.285,75.0,-0.973695,0.227855,0.0
404.535,261.919,75.0,-0.973695,0.227855,0.0
404.535,261.919,0.0,-0.997066,0.0765487,0.0
404.535,261.919,75.0,-0.997066,0.0765487,0.0
406.0,281.0,0.0,-0.997066,0.0765487,0.0
406.0,281.0,0.0,-0.997066,0.0765487,0.0
404.535,261.919,75.0,-0.997066,0.0765487,0.0
406.0,281.0,75.0,-0.997066,0.0765487,0.0
406.0,281.0,0.0,-0.997066,-0.0765487,0.0
406.0,281.0,75.0,-0.997066,-0.0765487,0.0
404.535,300.081,0.0,-0.997066,-0.0765487,0.0
404.535,300.081,0.0,-0.997066,-0.0765487,0.0
406.0,281.0,75.0,-0.997066,-0.0765487,0.0
404.535,300.081,75.0,-0.997066,-0.0765487,0.0
356.778,181.588,75.0,0.0,0.0,1.0
471.876,74.7782,75.0,0.0,0.0,1.0
371.065,194.321,75.0,0.0,0.0,1.0
371.065,194.321,75.0,0.0,0.0,1.0
471.876,74.7782,75.0,0.0,0.0,1.0
492.068,95.4972,75.0,0.0,0.0,1.0
371.065,194.321,75.0,0.0,0.0,1.0
492.068,95.4972,75.0,0.0,0.0,1.0
383.241,209.085,75.0,0.0,0.0,1.0
400.175,243.285,75.0,0.0,0.0,1.0
556.058,223.521,75.0,0.0,0.0,1.0
404.535,261.919,75.0,0.0,0.0,1.0
404.535,261.919,75.0,0.0,0.0,1.0
556.058,223.521,75.0,0.0,0.0,1.0
560.511,252.107,75.0,0.0,0.0,1.0
404.535,261.919,75.0,0.0,0.0,1.0
560.511,252.107,75.0,0.0,0.0,1.0
406.0,281.0,75.0,0.0,0.0,1.0
406.0,281.0,75.0,0.0,0.0,1.0
560.511,252.107,75.0,0.0,0.0,1.0
562.0,281.0,75.0,0.0,0.0,1.0
406.0,281.0,75.0,0.0,0.0,1.0
562.0,281.0,75.0,0.0,0.0,1.0
404.535,300.081,75.0,0.0,0.0,1.0
492.068,95.4972,75.0,0.0,0.0,1.0
510.023,118.183,75.0,0.0,0.0,1.0
383.241,209.085,75.0,0.0,0.0,1.0
383.241,209.085,75.0,0.0,0.0,1.0
510.023,118.183,75.0,0.0,0.0,1.0
525.55,142.594,75.0,0.0,0.0,1.0
383.241,209.085,75.0,0.0,0.0,1.0
525.55,142.594,75.0,0.0,0.0,1.0
393.021,225.535,75.0,0.0,0.0,1.0
393.021,225.535,75.0,0.0,0.0,1.0
525.55,142.594,75.0,0.0,0.0,1.0
538.485,168.472,75.0,0.0,0.0,1.0
393.021,225.535,75.0,0.0,0.0,1.0
538.485,168.472,75.0,0.0,0.0,1.0
400.175,243.285,75.0,0.0,0.0,1.0
400.175,243.285,75.0,0.0,0.0,1.0
538.485,168.472,75.0,0.0,0.0,1.0
548.691,195.544,75.0,0.0,0.0,1.0
400.175,243.285,75.0,0.0,0.0,1.0
548.691,195.544,75.0,0.0,0.0,1.0
556.058,223.521,75.0,0.0,0.0,1.0
247.877,160.468,75.0,0.0,0.0,1.0
230.622,4.55275,75.0,0.0,0.0,1.0
266.665,156.825,75.0,0.0,0.0,1.0
266.665,156.825,75.0,0.0,0.0,1.0
230.622,4.55275,75.0,0.0,0.0,1.0
259.314,0.838071,75.0,0.0,0.0,1.0
266.665,156.825,75.0,0.0,0.0,1.0
259.314,0.838071,75.0,0.0,0.0,1.0
285.788,156.092,75.0,0.0,0.0,1.0
323.252,163.357,75.0,0.0,0.0,1.0
400.12,26.4977,75.0,0.0,0.0,1.0
340.715,171.186,75.0,0.0,0.0,1.0
340.715,171.186,75.0,0.0,0.0,1.0
400.12,26.4977,75.0,0.0,0.0,1.0
425.657,40.0946,75.0,0.0,0.0,1.0
340.715,171.186,75.0,0.0,0.0,1.0
425.657,40.0946,75.0,0.0,0.0,1.0
356.778,181.588,75.0,0.0,0.0,1.0
356.778,181.588,75.0,0.0,0.0,1.0
425.657,40.0946,75.0,0.0,0.0,1.0
449.66,56.2452,75.0,0.0,0.0,1.0
356.778,181.588,75.0,0.0,0.0,1.0
449.66,56.2452,75.0,0.0,0.0,1.0
471.876,74.7782,75.0,0.0,0.0,1.0
259.314,0.838071,75.0,0.0,0.0,1.0
288.235,0.0931621,75.0,0.0,0.0,1.0
285.788,156.092,75.0,0.0,0.0,1.0
285.788,156.092,75.0,0.0,0.0,1.0
288.235,0.0931621,75.0,0.0,0.0,1.0
317.08,2.32592,75.0,0.0,0.0,1.0
285.788,156.092,75.0,0.0,0.0,1.0
317.08,2.32592,75.0,0.0,0.0,1.0
304.799,158.286,75.0,0.0,0.0,1.0
304.799,158.286,75.0,0.0,0.0,1.0
317.08,2.32592,75.0,0.0,0.0,1.0
345.542,7.51269,75.0,0.0,0.0,1.0
304.799,158.286,75.0,0.0,0.0,1.0
345.542,7.51269,75.0,0.0,0.0,1.0
323.252,163.357,75.0,0.0,0.0,1.0
323.252,163.357,75.0,0.0,0.0,1.0
345.542,7.51269,75.0,0.0,0.0,1.0
373.32,15.5985,75.0,0.0,0.0,1.0
323.252,163.357,75.0,0.0,0.0,1.0
373.32,15.5985,75.0,0.0,0.0,1.0
400.12,26.4977,75.0,0.0,0.0,1.0
213.054,176.079,75.0,0.0,0.0,1.0
148.937,32.9672,75.0,0.0,0.0,1.0
229.866,166.937,75.0,0.0,0.0,1.0
229.866,166.937,75.0,0.0,0.0,1.0
148.937,32.9672,75.0,0.0,0.0,1.0
175.139,20.703,75.0,0.0,0.0,1.0
229.866,166.937,75.0,0.0,0.0,1.0
175.139,20.703,75.0,0.0,0.0,1.0
247.877,160.468,75.0,0.0,0.0,1.0
247.877,160.468,75.0,0.0,0.0,1.0
175.139,20.703,75.0,0.0,0.0,1.0
202.465,11.1979,75.0,0.0,0.0,1.0
247.877,160.468,75.0,0.0,0.0,1.0
202.465,11.1979,75.0,0.0,0.0,1.0
230.622,4.55275,75.0,0.0,0.0,1.0
184.564,201.47,75.0,0.0,0.0,1.0
79.7612,84.8777,75.0,0.0,0.0,1.0
197.834,187.681,75.0,0.0,0.0,1.0
197.834,187.681,75.0,0.0,0.0,1.0
79.7612,84.8777,75.0,0.0,0.0,1.0
100.993,65.2256,75.0,0.0,0.0,1.0
197.834,187.681,75.0,0.0,0.0,1.0
100.993,65.2256,75.0,0.0,0.0,1.0
213.054,176.079,75.0,0.0,0.0,1.0
213.054,176.079,75.0,0.0,0.0,1.0
100.993,65.2256,75.0,0.0,0.0,1.0
124.133,47.8607,75.0,0.0,0.0,1.0
213.054,176.079,75.0,0.0,0.0,1.0
124.133,47.8607,75.0,0.0,0.0,1.0
148.937,32.9672,75.0,0.0,0.0,1.0
165.062,234.273,75.0,0.0,0.0,1.0
29.6491,155.367,75.0,0.0,0.0,1.0
173.554,217.123,75.0,0.0,0.0,1.0
173.554,217.123,75.0,0.0,0.0,1.0
29.6491,155.367,75.0,0.0,0.0,1.0
43.8991,130.188,75.0,0.0,0.0,1.0
173.554,217.123,75.0,0.0,0.0,1.0
43.8991,130.188,75.0,0.0,0.0,1.0
184.564,201.47,75.0,0.0,0.0,1.0
184.564,201.47,75.0,0.0,0.0,1.0
43.8991,130.188,75.0,0.0,0.0,1.0
60.6623,106.609,75.0,0.0,0.0,1.0
184.564,201.47,75.0,0.0,0.0,1.0
60.6623,106.609,75.0,0.0,0.0,1.0
79.7612,84.8777,75.0,0.0,0.0,1.0
156.367,271.431,75.0,0.0,0.0,1.0
3.34728,237.757,75.0,0.0,0.0,1.0
159.288,252.518,75.0,0.0,0.0,1.0
159.288,252.518,75.0,0.0,0.0,1.0
3.34728,237.757,75.0,0.0,0.0,1.0
9.26518,209.437,75.0,0.0,0.0,1.0
159.288,252.518,75.0,0.0,0.0,1.0
9.26518,209.437,75.0,0.0,0.0,1.0
165.062,234.273,75.0,0.0,0.0,1.0
165.062,234.273,75.0,0.0,0.0,1.0
9.26518,209.437,75.0,0.0,0.0,1.0
18.0636,181.877,75.0,0.0,0.0,1.0
165.062,234.273,75.0,0.0,0.0,1.0
18.0636,181.877,75.0,0.0,0.0,1.0
29.6491,155.367,75.0,0.0,0.0,1.0
159.288,309.482,75.0,0.0,0.0,1.0
3.34728,324.243,75.0,0.0,0.0,1.0
156.367,290.569,75.0,0.0,0.0,1.0
156.367,290.569,75.0,0.0,0.0,1.0
3.34728,324.243,75.0,0.0,0.0,1.0
0.372559,295.466,75.0,0.0,0.0,1.0
156.367,290.569,75.0,0.0,0.0,1.0
0.372559,295.466,75.0,0.0,0.0,1.0
156.367,271.431,75.0,0.0,0.0,1.0
156.367,271.431,75.0,0.0,0.0,1.0
0.372559,295.466,75.0,0.0,0.0,1.0
0.372559,266.534,75.0,0.0,0.0,1.0
156.367,271.431,75.0,0.0,0.0,1.0
0.372559,266.534,75.0,0.0,0.0,1.0
3.34728,237.757,75.0,0.0,0.0,1.0
304.799,403.714,75.0,0.0,0.0,1.0
317.08,559.674,75.0,0.0,0.0,1.0
285.788,405.908,75.0,0.0,0.0,1.0
285.788,405.908,75.0,0.0,0.0,1.0
317.08,559.674,75.0,0.0,0.0,1.0
288.235,561.907,75.0,0.0,0.0,1.0
285.788,405.908,75.0,0.0,0.0,1.0
288.235,561.907,75.0,0.0,0.0,1.0
266.665,405.175,75.0,0.0,0.0,1.0
340.715,390.814,75.0,0.0,0.0,1.0
400.12,535.502,75.0,0.0,0.0,1.0
323.252,398.642,75.0,0.0,0.0,1.0
323.252,398.642,75.0,0.0,0.0,1.0
400.12,535.502,75.0,0.0,0.0,1.0
373.32,546.401,75.0,0.0,0.0,1.0
323.252,398.642,75.0,0.0,0.0,1.0
373.32,546.401,75.0,0.0,0.0,1.0
304.799,403.714,75.0,0.0,0.0,1.0
304.799,403.714,75.0,0.0,0.0,1.0
373.32,546.401,75.0,0.0,0.0,1.0
345.542,554.487,75.0,0.0,0.0,1.0
304.799,403.714,75.0,0.0,0.0,1.0
345.542,554.487,75.0,0.0,0.0,1.0
317.08,559.674,75.0,0.0,0.0,1.0
371.065,367.679,75.0,0.0,0.0,1.0
471.876,487.222,75.0,0.0,0.0,1.0
356.778,380.412,75.0,0.0,0.0,1.0
356.778,380.412,75.0,0.0,0.0,1.0
471.876,487.222,75.0,0.0,0.0,1.0
449.66,505.755,75.0,0.0,0.0,1.0
356.778,380.412,75.0,0.0,0.0,1.0
449.66,505.755,75.0,0.0,0.0,1.0
340.715,390.814,75.0,0.0,0.0,1.0
340.715,390.814,75.0,0.0,0.0,1.0
449.66,505.755,75.0,0.0,0.0,1.0
425.657,521.905,75.0,0.0,0.0,1.0
340.715,390.814,75.0,0.0,0.0,1.0
425.657,521.905,75.0,0.0,0.0,1.0
400.12,535.502,75.0,0.0,0.0,1.0
173.554,344.877,75.0,0.0,0.0,1.0
29.6491,406.633,75.0,0.0,0.0,1.0
165.062,327.727,75.0,0.0,0.0,1.0
165.062,327.727,75.0,0.0,0.0,1.0
29.6491,406.633,75.0,0.0,0.0,1.0
18.0636,380.123,75.0,0.0,0.0,1.0
165.062,327.727,75.0,0.0,0.0,1.0
18.0636,380.123,75.0,0.0,0.0,1.0
159.288,309.482,75.0,0.0,0.0,1.0
159.288,309.482,75.0,0.0,0.0,1.0
18.0636,380.123,75.0,0.0,0.0,1.0
9.26518,352.563,75.0,0.0,0.0,1.0
159.288,309.482,75.0,0.0,0.0,1.0
9.26518,352.563,75.0,0.0,0.0,1.0
3.34728,324.243,75.0,0.0,0.0,1.0
197.834,374.319,75.0,0.0,0.0,1.0
79.7612,477.122,75.0,0.0,0.0,1.0
184.564,360.53,75.0,0.0,0.0,1.0
184.564,360.53,75.0,0.0,0.0,1.0
79.7612,477.122,75.0,0.0,0.0,1.0
60.6623,455.391,75.0,0.0,0.0,1.0
184.564,360.53,75.0,0.0,0.0,1.0
60.6623,455.391,75.0,0.0,0.0,1.0
173.554,344.877,75.0,0.0,0.0,1.0
173.554,344.877,75.0,0.0,0.0,1.0
60.6623,455.391,75.0,0.0,0.0,1.0
43.8991,431.812,75.0,0.0,0.0,1.0
173.554,344.877,75.0,0.0,0.0,1.0
43.8991,431.812,75.0,0.0,0.0,1.0
29.6491,406.633,75.0,0.0,0.0,1.0
229.866,395.063,75.0,0.0,0.0,1.0
148.937,529.033,75.0,0.0,0.0,1.0
213.054,385.921,75.0,0.0,0.0,1.0
213.054,385.921,75.0,0.0,0.0,1.0
148.937,529.033,75.0,0.0,0.0,1.0
124.133,514.139,75.0,0.0,0.0,1.0
213.054,385.921,75.0,0.0,0.0,1.0
124.133,514.139,75.0,0.0,0.0,1.0
197.834,374.319,75.0,0.0,0.0,1.0
197.834,374.319,75.0,0.0,0.0,1.0
124.133,514.139,75.0,0.0,0.0,1.0
100.993,496.774,75.0,0.0,0.0,1.0
197.834,374.319,75.0,0.0,0.0,1.0
100.993,496.774,75.0,0.0,0.0,1.0
79.7612,477.122,75.0,0.0,0.0,1.0
288.235,561.907,75.0,0.0,0.0,1.0
259.314,561.162,75.0,0.0,0.0,1.0
266.665,405.175,75.0,0.0,0.0,1.0
266.665,405.175,75.0,0.0,0.0,1.0
259.314,561.162,75.0,0.0,0.0,1.0
230.622,557.447,75.0,0.0,0.0,1.0
266.665,405.175,75.0,0.0,0.0,1.0
230.622,557.447,75.0,0.0,0.0,1.0
247.877,401.532,75.0,0.0,0.0,1.0
247.877,401.532,75.0,0.0,0.0,1.0
230.622,557.447,75.0,0.0,0.0,1.0
202.465,550.802,75.0,0.0,0.0,1.0
247.877,401.532,75.0,0.0,0.0,1.0
202.465,550.802,75.0,0.0,0.0,1.0
229.866,395.063,75.0,0.0,0.0,1.0
229.866,395.063,75.0,0.0,0.0,1.0
202.465,550.802,75.0,0.0,0.0,1.0
175.139,541.297,75.0,0.0,0.0,1.0
229.866,395.063,75.0,0.0,0.0,1.0
175.139,541.297,75.0,0.0,0.0,1.0
148.937,529.033,75.0,0.0,0.0,1.0
393.021,336.465,75.0,0.0,0.0,1.0
525.55,419.406,75.0,0.0,0.0,1.0
383.241,352.915,75.0,0.0,0.0,1.0
383.241,352.915,75.0,0.0,0.0,1.0
525.55,419.406,75.0,0.0,0.0,1.0
510.023,443.817,75.0,0.0,0.0,1.0
383.241,352.915,75.0,0.0,0.0,1.0
510.023,443.817,75.0,0.0,0.0,1.0
371.065,367.679,75.0,0.0,0.0,1.0
371.065,367.679,75.0,0.0,0.0,1.0
510.023,443.817,75.0,0.0,0.0,1.0
492.068,466.503,75.0,0.0,0.0,1.0
371.065,367.679,75.0,0.0,0.0,1.0
492.068,466.503,75.0,0.0,0.0,1.0
471.876,487.222,75.0,0.0,0.0,1.0
562.0,281.0,75.0,0.0,0.0,1.0
560.511,309.893,75.0,0.0,0.0,1.0
404.535,300.081,75.0,0.0,0.0,1.0
404.535,300.081,75.0,0.0,0.0,1.0
560.511,309.893,75.0,0.0,0.0,1.0
556.058,338.479,75.0,0.0,0.0,1.0
404.535,300.081,75.0,0.0,0.0,1.0
556.058,338.479,75.0,0.0,0.0,1.0
400.175,318.715,75.0,0.0,0.0,1.0
400.175,318.715,75.0,0.0,0.0,1.0
556.058,338.479,75.0,0.0,0.0,1.0
548.691,366.456,75.0,0.0,0.0,1.0
400.175,318.715,75.0,0.0,0.0,1.0
548.691,366.456,75.0,0.0,0.0,1.0
393.021,336.465,75.0,0.0,0.0,1.0
393.021,336.465,75.0,0.0,0.0,1.0
548.691,366.456,75.0,0.0,0.0,1.0
538.485,393.528,75.0,0.0,0.0,1.0
393.021,336.465,75.0,0.0,0.0,1.0
538.485,393.528,75.0,0.0,0.0,1.0
525.55,419.406,75.0,0.0,0.0,1.0
