34.1847,19.3346,12.17,0.0,0.0,1.0
34.6855,23.0334,12.17,0.0,0.0,1.0
33.5891,19.4832,12.17,0.0,0.0,1.0
33.5891,19.4832,12.17,0.0,0.0,1.0
34.6855,23.0334,12.17,0.0,0.0,1.0
33.865,23.183,12.17,0.0,0.0,1.0
33.5891,19.4832,12.17,0.0,0.0,1.0
33.865,23.183,12.17,0.0,0.0,1.0
32.9786,19.5473,12.17,0.0,0.0,1.0
32.9786,19.5473,12.17,0.0,0.0,1.0
33.865,23.183,12.17,0.0,0.0,1.0
33.0336,23.2473,12.17,0.0,0.0,1.0
32.9786,19.5473,12.17,0.0,0.0,1.0
33.0336,23.2473,12.17,0.0,0.0,1.0
32.3651,19.5259,12.17,0.0,0.0,1.0
37.0546,13.9372,12.17,0.0,0.0,1.0
40.7537,13.4931,12.17,0.0,0.0,1.0
37.1822,14.5376,12.17,0.0,0.0,1.0
37.1822,14.5376,12.17,0.0,0.0,1.0
40.7537,13.4931,12.17,0.0,0.0,1.0
40.8821,14.3171,12.17,0.0,0.0,1.0
37.1822,14.5376,12.17,0.0,0.0,1.0
40.8821,14.3171,12.17,0.0,0.0,1.0
37.225,15.15,12.17,0.0,0.0,1.0
37.225,15.15,12.17,0.0,0.0,1.0
40.8821,14.3171,12.17,0.0,0.0,1.0
40.925,15.15,12.17,0.0,0.0,1.0
37.225,15.15,12.17,0.0,0.0,1.0
40.925,15.15,12.17,0.0,0.0,1.0
37.1822,15.7624,12.17,0.0,0.0,1.0
40.925,15.15,12.17,0.0,0.0,1.0
40.8821,15.9828,12.17,0.0,0.0,1.0
37.1822,15.7624,12.17,0.0,0.0,1.0
37.1822,15.7624,12.17,0.0,0.0,1.0
40.8821,15.9828,12.17,0.0,0.0,1.0
40.7537,16.8069,12.17,0.0,0.0,1.0
37.1822,15.7624,12.17,0.0,0.0,1.0
40.7537,16.8069,12.17,0.0,0.0,1.0
37.0546,16.3628,12.17,0.0,0.0,1.0
37.0546,16.3628,12.17,0.0,0.0,1.0
40.7537,16.8069,12.17,0.0,0.0,1.0
40.5413,17.6133,12.17,0.0,0.0,1.0
37.0546,16.3628,12.17,0.0,0.0,1.0
40.5413,17.6133,12.17,0.0,0.0,1.0
36.8446,16.9396,12.17,0.0,0.0,1.0
36.8446,16.9396,12.17,0.0,0.0,1.0
40.5413,17.6133,12.17,0.0,0.0,1.0
40.2472,18.3937,12.17,0.0,0.0,1.0
36.8446,16.9396,12.17,0.0,0.0,1.0
40.2472,18.3937,12.17,0.0,0.0,1.0
36.5564,17.4816,12.17,0.0,0.0,1.0
34.7538,11.1953,12.17,0.0,0.0,1.0
36.9948,8.20575,12.17,0.0,0.0,1.0
35.2854,11.5022,12.17,0.0,0.0,1.0
35.2854,11.5022,12.17,0.0,0.0,1.0
36.9948,8.20575,12.17,0.0,0.0,1.0
37.6867,8.6713,12.17,0.0,0.0,1.0
35.2854,11.5022,12.17,0.0,0.0,1.0
37.6867,8.6713,12.17,0.0,0.0,1.0
35.7692,11.8802,12.17,0.0,0.0,1.0
35.7692,11.8802,12.17,0.0,0.0,1.0
37.6867,8.6713,12.17,0.0,0.0,1.0
38.3271,9.20553,12.17,0.0,0.0,1.0
35.7692,11.8802,12.17,0.0,0.0,1.0
38.3271,9.20553,12.17,0.0,0.0,1.0
36.1956,12.3217,12.17,0.0,0.0,1.0
28.94,13.0843,12.17,0.0,0.0,1.0
25.9904,10.8028,12.17,0.0,0.0,1.0
29.2653,12.5637,12.17,0.0,0.0,1.0
29.2653,12.5637,12.17,0.0,0.0,1.0
25.9904,10.8028,12.17,0.0,0.0,1.0
26.4736,10.1231,12.17,0.0,0.0,1.0
29.2653,12.5637,12.17,0.0,0.0,1.0
26.4736,10.1231,12.17,0.0,0.0,1.0
29.6599,12.0935,12.17,0.0,0.0,1.0
29.6599,12.0935,12.17,0.0,0.0,1.0
26.4736,10.1231,12.17,0.0,0.0,1.0
27.0242,9.49665,12.17,0.0,0.0,1.0
29.6599,12.0935,12.17,0.0,0.0,1.0
27.0242,9.49665,12.17,0.0,0.0,1.0
30.1161,11.6828,12.17,0.0,0.0,1.0
28.4357,14.8431,12.17,0.0,0.0,1.0
24.8215,13.9035,12.17,0.0,0.0,1.0
28.5212,14.2352,12.17,0.0,0.0,1.0
28.5212,14.2352,12.17,0.0,0.0,1.0
24.8215,13.9035,12.17,0.0,0.0,1.0
24.9921,13.0872,12.17,0.0,0.0,1.0
28.5212,14.2352,12.17,0.0,0.0,1.0
24.9921,13.0872,12.17,0.0,0.0,1.0
28.6904,13.6451,12.17,0.0,0.0,1.0
28.6904,13.6451,12.17,0.0,0.0,1.0
24.9921,13.0872,12.17,0.0,0.0,1.0
25.2457,12.2927,12.17,0.0,0.0,1.0
28.6904,13.6451,12.17,0.0,0.0,1.0
25.2457,12.2927,12.17,0.0,0.0,1.0
28.94,13.0843,12.17,0.0,0.0,1.0
28.94,13.0843,12.17,0.0,0.0,1.0
25.2457,12.2927,12.17,0.0,0.0,1.0
25.5797,11.5285,12.17,0.0,0.0,1.0
28.94,13.0843,12.17,0.0,0.0,1.0
25.5797,11.5285,12.17,0.0,0.0,1.0
25.9904,10.8028,12.17,0.0,0.0,1.0
35.2854,18.7978,12.17,0.0,0.0,1.0
36.9948,22.0942,12.17,0.0,0.0,1.0
34.7538,19.1047,12.17,0.0,0.0,1.0
34.7538,19.1047,12.17,0.0,0.0,1.0
36.9948,22.0942,12.17,0.0,0.0,1.0
36.2587,22.4862,12.17,0.0,0.0,1.0
34.7538,19.1047,12.17,0.0,0.0,1.0
36.2587,22.4862,12.17,0.0,0.0,1.0
34.1847,19.3346,12.17,0.0,0.0,1.0
34.1847,19.3346,12.17,0.0,0.0,1.0
36.2587,22.4862,12.17,0.0,0.0,1.0
35.4862,22.8004,12.17,0.0,0.0,1.0
34.1847,19.3346,12.17,0.0,0.0,1.0
35.4862,22.8004,12.17,0.0,0.0,1.0
34.6855,23.0334,12.17,0.0,0.0,1.0
38.3271,9.20553,12.17,0.0,0.0,1.0
38.9092,9.80277,12.17,0.0,0.0,1.0
36.1956,12.3217,12.17,0.0,0.0,1.0
36.1956,12.3217,12.17,0.0,0.0,1.0
38.9092,9.80277,12.17,0.0,0.0,1.0
39.4267,10.4567,12.17,0.0,0.0,1.0
36.1956,12.3217,12.17,0.0,0.0,1.0
39.4267,10.4567,12.17,0.0,0.0,1.0
36.5564,12.8184,12.17,0.0,0.0,1.0
36.5564,12.8184,12.17,0.0,0.0,1.0
39.4267,10.4567,12.17,0.0,0.0,1.0
39.8743,11.1604,12.17,0.0,0.0,1.0
36.5564,12.8184,12.17,0.0,0.0,1.0
39.8743,11.1604,12.17,0.0,0.0,1.0
36.8446,13.3604,12.17,0.0,0.0,1.0
36.8446,13.3604,12.17,0.0,0.0,1.0
39.8743,11.1604,12.17,0.0,0.0,1.0
40.2472,11.9063,12.17,0.0,0.0,1.0
36.8446,13.3604,12.17,0.0,0.0,1.0
40.2472,11.9063,12.17,0.0,0.0,1.0
37.0546,13.9372,12.17,0.0,0.0,1.0
37.0546,13.9372,12.17,0.0,0.0,1.0
40.2472,11.9063,12.17,0.0,0.0,1.0
40.5413,12.6867,12.17,0.0,0.0,1.0
37.0546,13.9372,12.17,0.0,0.0,1.0
40.5413,12.6867,12.17,0.0,0.0,1.0
40.7537,13.4931,12.17,0.0,0.0,1.0
33.5891,10.8168,12.17,0.0,0.0,1.0
34.6855,7.26656,12.17,0.0,0.0,1.0
34.1847,10.9654,12.17,0.0,0.0,1.0
34.1847,10.9654,12.17,0.0,0.0,1.0
34.6855,7.26656,12.17,0.0,0.0,1.0
35.4862,7.49964,12.17,0.0,0.0,1.0
34.1847,10.9654,12.17,0.0,0.0,1.0
35.4862,7.49964,12.17,0.0,0.0,1.0
34.7538,11.1953,12.17,0.0,0.0,1.0
34.7538,11.1953,12.17,0.0,0.0,1.0
35.4862,7.49964,12.17,0.0,0.0,1.0
36.2587,7.81381,12.17,0.0,0.0,1.0
34.7538,11.1953,12.17,0.0,0.0,1.0
36.2587,7.81381,12.17,0.0,0.0,1.0
36.9948,8.20575,12.17,0.0,0.0,1.0
28.5212,16.0648,12.17,0.0,0.0,1.0
24.8215,16.3965,12.17,0.0,0.0,1.0
28.4357,15.4569,12.17,0.0,0.0,1.0
28.4357,15.4569,12.17,0.0,0.0,1.0
24.8215,16.3965,12.17,0.0,0.0,1.0
24.7357,15.567,12.17,0.0,0.0,1.0
28.4357,15.4569,12.17,0.0,0.0,1.0
24.7357,15.567,12.17,0.0,0.0,1.0
28.4357,14.8431,12.17,0.0,0.0,1.0
28.4357,14.8431,12.17,0.0,0.0,1.0
24.7357,15.567,12.17,0.0,0.0,1.0
24.7357,14.733,12.17,0.0,0.0,1.0
28.4357,14.8431,12.17,0.0,0.0,1.0
24.7357,14.733,12.17,0.0,0.0,1.0
24.8215,13.9035,12.17,0.0,0.0,1.0
29.2653,17.7363,12.17,0.0,0.0,1.0
25.9904,19.4972,12.17,0.0,0.0,1.0
28.94,17.2157,12.17,0.0,0.0,1.0
28.94,17.2157,12.17,0.0,0.0,1.0
25.9904,19.4972,12.17,0.0,0.0,1.0
25.5797,18.7715,12.17,0.0,0.0,1.0
28.94,17.2157,12.17,0.0,0.0,1.0
25.5797,18.7715,12.17,0.0,0.0,1.0
28.6904,16.6549,12.17,0.0,0.0,1.0
28.6904,16.6549,12.17,0.0,0.0,1.0
25.5797,18.7715,12.17,0.0,0.0,1.0
25.2457,18.0073,12.17,0.0,0.0,1.0
28.6904,16.6549,12.17,0.0,0.0,1.0
25.2457,18.0073,12.17,0.0,0.0,1.0
28.5212,16.0648,12.17,0.0,0.0,1.0
28.5212,16.0648,12.17,0.0,0.0,1.0
25.2457,18.0073,12.17,0.0,0.0,1.0
24.9921,17.2128,12.17,0.0,0.0,1.0
28.5212,16.0648,12.17,0.0,0.0,1.0
24.9921,17.2128,12.17,0.0,0.0,1.0
24.8215,16.3965,12.17,0.0,0.0,1.0
27.0242,9.49665,12.17,0.0,0.0,1.0
27.6362,8.93017,12.17,0.0,0.0,1.0
30.1161,11.6828,12.17,0.0,0.0,1.0
30.1161,11.6828,12.17,0.0,0.0,1.0
27.6362,8.93017,12.17,0.0,0.0,1.0
28.3032,8.42962,12.17,0.0,0.0,1.0
30.1161,11.6828,12.17,0.0,0.0,1.0
28.3032,8.42962,12.17,0.0,0.0,1.0
30.625,11.3395,12.17,0.0,0.0,1.0
30.625,11.3395,12.17,0.0,0.0,1.0
28.3032,8.42962,12.17,0.0,0.0,1.0
29.0182,8.0003,12.17,0.0,0.0,1.0
30.625,11.3395,12.17,0.0,0.0,1.0
29.0182,8.0003,12.17,0.0,0.0,1.0
31.1767,11.0704,12.17,0.0,0.0,1.0
31.1767,11.0704,12.17,0.0,0.0,1.0
29.0182,8.0003,12.17,0.0,0.0,1.0
29.7735,7.64678,12.17,0.0,0.0,1.0
31.1767,11.0704,12.17,0.0,0.0,1.0
29.7735,7.64678,12.17,0.0,0.0,1.0
31.7605,10.8807,12.17,0.0,0.0,1.0
33.0336,23.2473,12.17,0.0,0.0,1.0
32.1999,23.2258,12.17,0.0,0.0,1.0
32.3651,19.5259,12.17,0.0,0.0,1.0
32.3651,19.5259,12.17,0.0,0.0,1.0
32.1999,23.2258,12.17,0.0,0.0,1.0
31.3728,23.1188,12.17,0.0,0.0,1.0
32.3651,19.5259,12.17,0.0,0.0,1.0
31.3728,23.1188,12.17,0.0,0.0,1.0
31.7605,19.4193,12.17,0.0,0.0,1.0
31.7605,19.4193,12.17,0.0,0.0,1.0
31.3728,23.1188,12.17,0.0,0.0,1.0
30.5612,22.9272,12.17,0.0,0.0,1.0
31.7605,19.4193,12.17,0.0,0.0,1.0
30.5612,22.9272,12.17,0.0,0.0,1.0
31.1767,19.2296,12.17,0.0,0.0,1.0
31.1767,19.2296,12.17,0.0,0.0,1.0
30.5612,22.9272,12.17,0.0,0.0,1.0
29.7735,22.6532,12.17,0.0,0.0,1.0
31.1767,19.2296,12.17,0.0,0.0,1.0
29.7735,22.6532,12.17,0.0,0.0,1.0
30.625,18.9605,12.17,0.0,0.0,1.0
29.7735,7.64678,12.17,0.0,0.0,1.0
30.5612,7.37279,12.17,0.0,0.0,1.0
31.7605,10.8807,12.17,0.0,0.0,1.0
31.7605,10.8807,12.17,0.0,0.0,1.0
30.5612,7.37279,12.17,0.0,0.0,1.0
31.3728,7.18124,12.17,0.0,0.0,1.0
31.7605,10.8807,12.17,0.0,0.0,1.0
31.3728,7.18124,12.17,0.0,0.0,1.0
32.3651,10.7741,12.17,0.0,0.0,1.0
32.3651,10.7741,12.17,0.0,0.0,1.0
31.3728,7.18124,12.17,0.0,0.0,1.0
32.1999,7.07416,12.17,0.0,0.0,1.0
32.3651,10.7741,12.17,0.0,0.0,1.0
32.1999,7.07416,12.17,0.0,0.0,1.0
32.9786,10.7527,12.17,0.0,0.0,1.0
32.9786,10.7527,12.17,0.0,0.0,1.0
32.1999,7.07416,12.17,0.0,0.0,1.0
33.0336,7.05269,12.17,0.0,0.0,1.0
32.9786,10.7527,12.17,0.0,0.0,1.0
33.0336,7.05269,12.17,0.0,0.0,1.0
33.5891,10.8168,12.17,0.0,0.0,1.0
33.5891,10.8168,12.17,0.0,0.0,1.0
33.0336,7.05269,12.17,0.0,0.0,1.0
33.865,7.11705,12.17,0.0,0.0,1.0
33.5891,10.8168,12.17,0.0,0.0,1.0
33.865,7.11705,12.17,0.0,0.0,1.0
34.6855,7.26656,12.17,0.0,0.0,1.0
29.7735,22.6532,12.17,0.0,0.0,1.0
29.0182,22.2997,12.17,0.0,0.0,1.0
30.625,18.9605,12.17,0.0,0.0,1.0
30.625,18.9605,12.17,0.0,0.0,1.0
29.0182,22.2997,12.17,0.0,0.0,1.0
28.3032,21.8704,12.17,0.0,0.0,1.0
30.625,18.9605,12.17,0.0,0.0,1.0
28.3032,21.8704,12.17,0.0,0.0,1.0
30.1161,18.6172,12.17,0.0,0.0,1.0
30.1161,18.6172,12.17,0.0,0.0,1.0
28.3032,21.8704,12.17,0.0,0.0,1.0
27.6362,21.3698,12.17,0.0,0.0,1.0
30.1161,18.6172,12.17,0.0,0.0,1.0
27.6362,21.3698,12.17,0.0,0.0,1.0
29.6599,18.2065,12.17,0.0,0.0,1.0
29.6599,18.2065,12.17,0.0,0.0,1.0
27.6362,21.3698,12.17,0.0,0.0,1.0
27.0242,20.8033,12.17,0.0,0.0,1.0
29.6599,18.2065,12.17,0.0,0.0,1.0
27.0242,20.8033,12.17,0.0,0.0,1.0
29.2653,17.7363,12.17,0.0,0.0,1.0
29.2653,17.7363,12.17,0.0,0.0,1.0
27.0242,20.8033,12.17,0.0,0.0,1.0
26.4736,20.1769,12.17,0.0,0.0,1.0
29.2653,17.7363,12.17,0.0,0.0,1.0
26.4736,20.1769,12.17,0.0,0.0,1.0
25.9904,19.4972,12.17,0.0,0.0,1.0
40.2472,18.3937,12.17,0.0,0.0,1.0
39.8743,19.1396,12.17,0.0,0.0,1.0
36.5564,17.4816,12.17,0.0,0.0,1.0
36.5564,17.4816,12.17,0.0,0.0,1.0
39.8743,19.1396,12.17,0.0,0.0,1.0
39.4267,19.8433,12.17,0.0,0.0,1.0
36.5564,17.4816,12.17,0.0,0.0,1.0
39.4267,19.8433,12.17,0.0,0.0,1.0
36.1956,17.9783,12.17,0.0,0.0,1.0
36.1956,17.9783,12.17,0.0,0.0,1.0
39.4267,19.8433,12.17,0.0,0.0,1.0
38.9092,20.4972,12.17,0.0,0.0,1.0
36.1956,17.9783,12.17,0.0,0.0,1.0
38.9092,20.4972,12.17,0.0,0.0,1.0
35.7692,18.4198,12.17,0.0,0.0,1.0
35.7692,18.4198,12.17,0.0,0.0,1.0
38.9092,20.4972,12.17,0.0,0.0,1.0
38.3271,21.0945,12.17,0.0,0.0,1.0
35.7692,18.4198,12.17,0.0,0.0,1.0
38.3271,21.0945,12.17,0.0,0.0,1.0
35.2854,18.7978,12.17,0.0,0.0,1.0
35.2854,18.7978,12.17,0.0,0.0,1.0
38.3271,21.0945,12.17,0.0,0.0,1.0
37.6867,21.6287,12.17,0.0,0.0,1.0
35.2854,18.7978,12.17,0.0,0.0,1.0
37.6867,21.6287,12.17,0.0,0.0,1.0
36.9948,22.0942,12.17,0.0,0.0,1.0
37.1822,15.7624,10.5033,-0.978147,-0.207912,0.0
37.1822,15.7624,12.17,-0.978147,-0.207912,0.0
37.0546,16.3628,10.5033,-0.978147,-0.207912,0.0
37.0546,16.3628,10.5033,-0.978147,-0.207912,0.0
37.1822,15.7624,12.17,-0.978147,-0.207912,0.0
37.0546,16.3628,12.17,-0.978147,-0.207912,0.0
37.0546,16.3628,10.5033,-0.939692,-0.342022,0.0
37.0546,16.3628,12.17,-0.939692,-0.342022,0.0
36.8446,16.9396,10.5033,-0.939692,-0.342022,0.0
36.8446,16.9396,10.5033,-0.939692,-0.342022,0.0
37.0546,16.3628,12.17,-0.939692,-0.342022,0.0
36.8446,16.9396,12.17,-0.939692,-0.342022,0.0
36.8446,16.9396,10.5033,-0.882947,-0.469472,0.0
36.8446,16.9396,12.17,-0.882947,-0.469472,0.0
36.5564,17.4816,10.5033,-0.882947,-0.469472,0.0
36.5564,17.4816,10.5033,-0.882947,-0.469472,0.0
36.8446,16.9396,12.17,-0.882947,-0.469472,0.0
36.5564,17.4816,12.17,-0.882947,-0.469472,0.0
36.5564,17.4816,10.5033,-0.809017,-0.587785,0.0
36.5564,17.4816,12.17,-0.809017,-0.587785,0.0
36.1956,17.9783,10.5033,-0.809017,-0.587785,0.0
36.1956,17.9783,10.5033,-0.809017,-0.587785,0.0
36.5564,17.4816,12.17,-0.809017,-0.587785,0.0
36.1956,17.9783,12.17,-0.809017,-0.587785,0.0
36.1956,17.9783,10.5033,-0.719341,-0.694657,0.0
36.1956,17.9783,12.17,-0.719341,-0.694657,0.0
35.7692,18.4198,10.5033,-0.719341,-0.694657,0.0
35.7692,18.4198,10.5033,-0.719341,-0.694657,0.0
36.1956,17.9783,12.17,-0.719341,-0.694657,0.0
35.7692,18.4198,12.17,-0.719341,-0.694657,0.0
35.7692,18.4198,10.5033,-0.615661,-0.788011,0.0
35.7692,18.4198,12.17,-0.615661,-0.788011,0.0
35.2854,18.7978,10.5033,-0.615661,-0.788011,0.0
35.2854,18.7978,10.5033,-0.615661,-0.788011,0.0
35.7692,18.4198,12.17,-0.615661,-0.788011,0.0
35.2854,18.7978,12.17,-0.615661,-0.788011,0.0
35.2854,18.7978,10.5033,-0.5,-0.866025,0.0
35.2854,18.7978,12.17,-0.5,-0.866025,0.0
34.7538,19.1047,10.5033,-0.5,-0.866025,0.0
34.7538,19.1047,10.5033,-0.5,-0.866025,0.0
35.2854,18.7978,12.17,-0.5,-0.866025,0.0
34.7538,19.1047,12.17,-0.5,-0.866025,0.0
34.7538,19.1047,10.5033,-0.374609,-0.927183,0.0
34.7538,19.1047,12.17,-0.374609,-0.927183,0.0
34.1847,19.3346,10.5033,-0.374609,-0.927183,0.0
34.1847,19.3346,10.5033,-0.374609,-0.927183,0.0
34.7538,19.1047,12.17,-0.374609,-0.927183,0.0
34.1847,19.3346,12.17,-0.374609,-0.927183,0.0
34.1847,19.3346,10.5033,-0.24192,-0.970296,0.0
34.1847,19.3346,12.17,-0.24192,-0.970296,0.0
33.5891,19.4832,10.5033,-0.24192,-0.970296,0.0
33.5891,19.4832,10.5033,-0.24192,-0.970296,0.0
34.1847,19.3346,12.17,-0.24192,-0.970296,0.0
33.5891,19.4832,12.17,-0.24192,-0.970296,0.0
33.5891,19.4832,10.5033,-0.10453,-0.994522,0.0
33.5891,19.4832,12.17,-0.10453,-0.994522,0.0
32.9786,19.5473,10.5033,-0.10453,-0.994522,0.0
32.9786,19.5473,10.5033,-0.10453,-0.994522,0.0
33.5891,19.4832,12.17,-0.10453,-0.994522,0.0
32.9786,19.5473,12.17,-0.10453,-0.994522,0.0
32.9786,19.5473,10.5033,0.0348998,-0.999391,0.0
32.9786,19.5473,12.17,0.0348998,-0.999391,0.0
32.3651,19.5259,10.5033,0.0348998,-0.999391,0.0
32.3651,19.5259,10.5033,0.0348998,-0.999391,0.0
32.9786,19.5473,12.17,0.0348998,-0.999391,0.0
32.3651,19.5259,12.17,0.0348998,-0.999391,0.0
32.3651,19.5259,10.5033,0.173646,-0.984808,0.0
32.3651,19.5259,12.17,0.173646,-0.984808,0.0
31.7605,19.4193,10.5033,0.173646,-0.984808,0.0
31.7605,19.4193,10.5033,0.173646,-0.984808,0.0
32.3651,19.5259,12.17,0.173646,-0.984808,0.0
31.7605,19.4193,12.17,0.173646,-0.984808,0.0
31.7605,19.4193,10.5033,0.309016,-0.951057,0.0
31.7605,19.4193,12.17,0.309016,-0.951057,0.0
31.1767,19.2296,10.5033,0.309016,-0.951057,0.0
31.1767,19.2296,10.5033,0.309016,-0.951057,0.0
31.7605,19.4193,12.17,0.309016,-0.951057,0.0
31.1767,19.2296,12.17,0.309016,-0.951057,0.0
31.1767,19.2296,10.5033,0.438373,-0.898793,0.0
31.1767,19.2296,12.17,0.438373,-0.898793,0.0
30.625,18.9605,10.5033,0.438373,-0.898793,0.0
30.625,18.9605,10.5033,0.438373,-0.898793,0.0
31.1767,19.2296,12.17,0.438373,-0.898793,0.0
30.625,18.9605,12.17,0.438373,-0.898793,0.0
30.625,18.9605,10.5033,0.559195,-0.829036,0.0
30.625,18.9605,12.17,0.559195,-0.829036,0.0
30.1161,18.6172,10.5033,0.559195,-0.829036,0.0
30.1161,18.6172,10.5033,0.559195,-0.829036,0.0
30.625,18.9605,12.17,0.559195,-0.829036,0.0
30.1161,18.6172,12.17,0.559195,-0.829036,0.0
30.1161,18.6172,10.5033,0.66913,-0.743145,0.0
30.1161,18.6172,12.17,0.66913,-0.743145,0.0
29.6599,18.2065,10.5033,0.66913,-0.743145,0.0
29.6599,18.2065,10.5033,0.66913,-0.743145,0.0
30.1161,18.6172,12.17,0.66913,-0.743145,0.0
29.6599,18.2065,12.17,0.66913,-0.743145,0.0
29.6599,18.2065,10.5033,0.766045,-0.642787,0.0
29.6599,18.2065,12.17,0.766045,-0.642787,0.0
29.2653,17.7363,10.5033,0.766045,-0.642787,0.0
29.2653,17.7363,10.5033,0.766045,-0.642787,0.0
29.6599,18.2065,12.17,0.766045,-0.642787,0.0
29.2653,17.7363,12.17,0.766045,-0.642787,0.0
29.2653,17.7363,10.5033,0.848047,-0.52992,0.0
29.2653,17.7363,12.17,0.848047,-0.52992,0.0
28.94,17.2157,10.5033,0.848047,-0.52992,0.0
28.94,17.2157,10.5033,0.848047,-0.52992,0.0
29.2653,17.7363,12.17,0.848047,-0.52992,0.0
28.94,17.2157,12.17,0.848047,-0.52992,0.0
28.94,17.2157,10.5033,0.913546,-0.406735,0.0
28.94,17.2157,12.17,0.913546,-0.406735,0.0
28.6904,16.6549,10.5033,0.913546,-0.406735,0.0
28.6904,16.6549,10.5033,0.913546,-0.406735,0.0
28.94,17.2157,12.17,0.913546,-0.406735,0.0
28.6904,16.6549,12.17,0.913546,-0.406735,0.0
28.6904,16.6549,10.5033,0.961261,-0.275639,0.0
28.6904,16.6549,12.17,0.961261,-0.275639,0.0
28.5212,16.0648,10.5033,0.961261,-0.275639,0.0
28.5212,16.0648,10.5033,0.961261,-0.275639,0.0
28.6904,16.6549,12.17,0.961261,-0.275639,0.0
28.5212,16.0648,12.17,0.961261,-0.275639,0.0
28.5212,16.0648,10.5033,0.990268,-0.139172,0.0
28.5212,16.0648,12.17,0.990268,-0.139172,0.0
28.4357,15.4569,10.5033,0.990268,-0.139172,0.0
28.4357,15.4569,10.5033,0.990268,-0.139172,0.0
28.5212,16.0648,12.17,0.990268,-0.139172,0.0
28.4357,15.4569,12.17,0.990268,-0.139172,0.0
28.4357,15.4569,10.5033,1.0,0.0,0.0
28.4357,15.4569,12.17,1.0,0.0,0.0
28.4357,14.8431,10.5033,1.0,0.0,0.0
28.4357,14.8431,10.5033,1.0,0.0,0.0
28.4357,15.4569,12.17,1.0,0.0,0.0
28.4357,14.8431,12.17,1.0,0.0,0.0
28.4357,14.8431,10.5033,0.990268,0.139173,0.0
28.4357,14.8431,12.17,0.990268,0.139173,0.0
28.5212,14.2352,10.5033,0.990268,0.139173,0.0
28.5212,14.2352,10.5033,0.990268,0.139173,0.0
28.4357,14.8431,12.17,0.990268,0.139173,0.0
28.5212,14.2352,12.17,0.990268,0.139173,0.0
28.5212,14.2352,10.5033,0.961261,0.275639,0.0
28.5212,14.2352,12.17,0.961261,0.275639,0.0
28.6904,13.6451,10.5033,0.961261,0.275639,0.0
28.6904,13.6451,10.5033,0.961261,0.275639,0.0
28.5212,14.2352,12.17,0.961261,0.275639,0.0
28.6904,13.6451,12.17,0.961261,0.275639,0.0
28.6904,13.6451,10.5033,0.913546,0.406735,0.0
28.6904,13.6451,12.17,0.913546,0.406735,0.0
28.94,13.0843,10.5033,0.913546,0.406735,0.0
28.94,13.0843,10.5033,0.913546,0.406735,0.0
28.6904,13.6451,12.17,0.913546,0.406735,0.0
28.94,13.0843,12.17,0.913546,0.406735,0.0
28.94,13.0843,10.5033,0.848048,0.52992,0.0
28.94,13.0843,12.17,0.848048,0.52992,0.0
29.2653,12.5637,10.5033,0.848048,0.52992,0.0
29.2653,12.5637,10.5033,0.848048,0.52992,0.0
28.94,13.0843,12.17,0.848048,0.52992,0.0
29.2653,12.5637,12.17,0.848048,0.52992,0.0
29.2653,12.5637,10.5033,0.766045,0.642787,0.0
29.2653,12.5637,12.17,0.766045,0.642787,0.0
29.6599,12.0935,10.5033,0.766045,0.642787,0.0
29.6599,12.0935,10.5033,0.766045,0.642787,0.0
29.2653,12.5637,12.17,0.766045,0.642787,0.0
29.6599,12.0935,12.17,0.766045,0.642787,0.0
29.6599,12.0935,10.5033,0.669129,0.743146,0.0
29.6599,12.0935,12.17,0.669129,0.743146,0.0
30.1161,11.6828,10.5033,0.669129,0.743146,0.0
30.1161,11.6828,10.5033,0.669129,0.743146,0.0
29.6599,12.0935,12.17,0.669129,0.743146,0.0
30.1161,11.6828,12.17,0.669129,0.743146,0.0
30.1161,11.6828,10.5033,0.559195,0.829036,0.0
30.1161,11.6828,12.17,0.559195,0.829036,0.0
30.625,11.3395,10.5033,0.559195,0.829036,0.0
30.625,11.3395,10.5033,0.559195,0.829036,0.0
30.1161,11.6828,12.17,0.559195,0.829036,0.0
30.625,11.3395,12.17,0.559195,0.829036,0.0
30.625,11.3395,10.5033,0.43837,0.898795,0.0
30.625,11.3395,12.17,0.43837,0.898795,0.0
31.1767,11.0704,10.5033,0.43837,0.898795,0.0
31.1767,11.0704,10.5033,0.43837,0.898795,0.0
30.625,11.3395,12.17,0.43837,0.898795,0.0
31.1767,11.0704,12.17,0.43837,0.898795,0.0
31.1767,11.0704,10.5033,0.309019,0.951056,0.0
31.1767,11.0704,12.17,0.309019,0.951056,0.0
31.7605,10.8807,10.5033,0.309019,0.951056,0.0
31.7605,10.8807,10.5033,0.309019,0.951056,0.0
31.1767,11.0704,12.17,0.309019,0.951056,0.0
31.7605,10.8807,12.17,0.309019,0.951056,0.0
31.7605,10.8807,10.5033,0.173646,0.984808,0.0
31.7605,10.8807,12.17,0.173646,0.984808,0.0
32.3651,10.7741,10.5033,0.173646,0.984808,0.0
32.3651,10.7741,10.5033,0.173646,0.984808,0.0
31.7605,10.8807,12.17,0.173646,0.984808,0.0
32.3651,10.7741,12.17,0.173646,0.984808,0.0
32.3651,10.7741,10.5033,0.0348998,0.999391,0.0
32.3651,10.7741,12.17,0.0348998,0.999391,0.0
32.9786,10.7527,10.5033,0.0348998,0.999391,0.0
32.9786,10.7527,10.5033,0.0348998,0.999391,0.0
32.3651,10.7741,12.17,0.0348998,0.999391,0.0
32.9786,10.7527,12.17,0.0348998,0.999391,0.0
32.9786,10.7527,10.5033,-0.104527,0.994522,0.0
32.9786,10.7527,12.17,-0.104527,0.994522,0.0
33.5891,10.8168,10.5033,-0.104527,0.994522,0.0
33.5891,10.8168,10.5033,-0.104527,0.994522,0.0
32.9786,10.7527,12.17,-0.104527,0.994522,0.0
33.5891,10.8168,12.17,-0.104527,0.994522,0.0
33.5891,10.8168,10.5033,-0.241923,0.970295,0.0
33.5891,10.8168,12.17,-0.241923,0.970295,0.0
34.1847,10.9654,10.5033,-0.241923,0.970295,0.0
34.1847,10.9654,10.5033,-0.241923,0.970295,0.0
33.5891,10.8168,12.17,-0.241923,0.970295,0.0
34.1847,10.9654,12.17,-0.241923,0.970295,0.0
34.1847,10.9654,10.5033,-0.374607,0.927184,0.0
34.1847,10.9654,12.17,-0.374607,0.927184,0.0
34.7538,11.1953,10.5033,-0.374607,0.927184,0.0
34.7538,11.1953,10.5033,-0.374607,0.927184,0.0
34.1847,10.9654,12.17,-0.374607,0.927184,0.0
34.7538,11.1953,12.17,-0.374607,0.927184,0.0
34.7538,11.1953,10.5033,-0.5,0.866025,0.0
34.7538,11.1953,12.17,-0.5,0.866025,0.0
35.2854,11.5022,10.5033,-0.5,0.866025,0.0
35.2854,11.5022,10.5033,-0.5,0.866025,0.0
34.7538,11.1953,12.17,-0.5,0.866025,0.0
35.2854,11.5022,12.17,-0.5,0.866025,0.0
35.2854,11.5022,10.5033,-0.615661,0.788011,0.0
35.2854,11.5022,12.17,-0.615661,0.788011,0.0
35.7692,11.8802,10.5033,-0.615661,0.788011,0.0
35.7692,11.8802,10.5033,-0.615661,0.788011,0.0
35.2854,11.5022,12.17,-0.615661,0.788011,0.0
35.7692,11.8802,12.17,-0.615661,0.788011,0.0
35.7692,11.8802,10.5033,-0.719341,0.694657,0.0
35.7692,11.8802,12.17,-0.719341,0.694657,0.0
36.1956,12.3217,10.5033,-0.719341,0.694657,0.0
36.1956,12.3217,10.5033,-0.719341,0.694657,0.0
35.7692,11.8802,12.17,-0.719341,0.694657,0.0
36.1956,12.3217,12.17,-0.719341,0.694657,0.0
36.1956,12.3217,10.5033,-0.809017,0.587785,0.0
36.1956,12.3217,12.17,-0.809017,0.587785,0.0
36.5564,12.8184,10.5033,-0.809017,0.587785,0.0
36.5564,12.8184,10.5033,-0.809017,0.587785,0.0
36.1956,12.3217,12.17,-0.809017,0.587785,0.0
36.5564,12.8184,12.17,-0.809017,0.587785,0.0
36.5564,12.8184,10.5033,-0.882947,0.469473,0.0
36.5564,12.8184,12.17,-0.882947,0.469473,0.0
36.8446,13.3604,10.5033,-0.882947,0.469473,0.0
36.8446,13.3604,10.5033,-0.882947,0.469473,0.0
36.5564,12.8184,12.17,-0.882947,0.469473,0.0
36.8446,13.3604,12.17,-0.882947,0.469473,0.0
36.8446,13.3604,10.5033,-0.939692,0.342023,0.0
36.8446,13.3604,12.17,-0.939692,0.342023,0.0
37.0546,13.9372,10.5033,-0.939692,0.342023,0.0
37.0546,13.9372,10.5033,-0.939692,0.342023,0.0
36.8446,13.3604,12.17,-0.939692,0.342023,0.0
37.0546,13.9372,12.17,-0.939692,0.342023,0.0
37.0546,13.9372,10.5033,-0.978148,0.207912,0.0
37.0546,13.9372,12.17,-0.978148,0.207912,0.0
37.1822,14.5376,10.5033,-0.978148,0.207912,0.0
37.1822,14.5376,10.5033,-0.978148,0.207912,0.0
37.0546,13.9372,12.17,-0.978148,0.207912,0.0
37.1822,14.5376,12.17,-0.978148,0.207912,0.0
37.1822,14.5376,10.5033,-0.997564,0.0697556,0.0
37.1822,14.5376,12.17,-0.997564,0.0697556,0.0
37.225,15.15,10.5033,-0.997564,0.0697556,0.0
37.225,15.15,10.5033,-0.997564,0.0697556,0.0
37.1822,14.5376,12.17,-0.997564,0.0697556,0.0
37.225,15.15,12.17,-0.997564,0.0697556,0.0
37.225,15.15,10.5033,-0.997564,-0.0697557,0.0
37.225,15.15,12.17,-0.997564,-0.0697557,0.0
37.1822,15.7624,10.5033,-0.997564,-0.0697557,0.0
37.1822,15.7624,10.5033,-0.997564,-0.0697557,0.0
37.225,15.15,12.17,-0.997564,-0.0697557,0.0
37.1822,15.7624,12.17,-0.997564,-0.0697557,0.0
40.8821,15.9828,12.17,0.988088,0.15389,0.0
40.8821,15.9828,10.5033,0.988088,0.15389,0.0
40.7537,16.8069,12.17,0.988088,0.15389,0.0
40.7537,16.8069,12.17,0.988088,0.15389,0.0
40.8821,15.9828,10.5033,0.988088,0.15389,0.0
40.7537,16.8069,10.5033,0.988088,0.15389,0.0
40.7537,16.8069,12.17,0.967028,0.25467,0.0
40.7537,16.8069,10.5033,0.967028,0.25467,0.0
40.5413,17.6133,12.17,0.967028,0.25467,0.0
40.5413,17.6133,12.17,0.967028,0.25467,0.0
40.7537,16.8069,10.5033,0.967028,0.25467,0.0
40.5413,17.6133,10.5033,0.967028,0.25467,0.0
40.5413,17.6133,12.17,0.935718,0.35275,0.0
40.5413,17.6133,10.5033,0.935718,0.35275,0.0
40.2472,18.3937,12.17,0.935718,0.35275,0.0
40.2472,18.3937,12.17,0.935718,0.35275,0.0
40.5413,17.6133,10.5033,0.935718,0.35275,0.0
40.2472,18.3937,10.5033,0.935718,0.35275,0.0
40.2472,18.3937,12.17,0.894487,0.447094,0.0
40.2472,18.3937,10.5033,0.894487,0.447094,0.0
39.8743,19.1396,12.17,0.894487,0.447094,0.0
39.8743,19.1396,12.17,0.894487,0.447094,0.0
40.2472,18.3937,10.5033,0.894487,0.447094,0.0
39.8743,19.1396,10.5033,0.894487,0.447094,0.0
39.8743,19.1396,12.17,0.843772,0.536701,0.0
39.8743,19.1396,10.5033,0.843772,0.536701,0.0
39.4267,19.8433,12.17,0.843772,0.536701,0.0
39.4267,19.8433,12.17,0.843772,0.536701,0.0
39.8743,19.1396,10.5033,0.843772,0.536701,0.0
39.4267,19.8433,10.5033,0.843772,0.536701,0.0
39.4267,19.8433,12.17,0.784124,0.620604,0.0
39.4267,19.8433,10.5033,0.784124,0.620604,0.0
38.9092,20.4972,12.17,0.784124,0.620604,0.0
38.9092,20.4972,12.17,0.784124,0.620604,0.0
39.4267,19.8433,10.5033,0.784124,0.620604,0.0
38.9092,20.4972,10.5033,0.784124,0.620604,0.0
38.9092,20.4972,12.17,0.71615,0.697947,0.0
38.9092,20.4972,10.5033,0.71615,0.697947,0.0
38.3271,21.0945,12.17,0.71615,0.697947,0.0
38.3271,21.0945,12.17,0.71615,0.697947,0.0
38.9092,20.4972,10.5033,0.71615,0.697947,0.0
38.3271,21.0945,10.5033,0.71615,0.697947,0.0
38.3271,21.0945,12.17,0.640593,0.76788,0.0
38.3271,21.0945,10.5033,0.640593,0.76788,0.0
37.6867,21.6287,12.17,0.640593,0.76788,0.0
37.6867,21.6287,12.17,0.640593,0.76788,0.0
38.3271,21.0945,10.5033,0.640593,0.76788,0.0
37.6867,21.6287,10.5033,0.640593,0.76788,0.0
37.6867,21.6287,12.17,0.558245,0.829676,0.0
37.6867,21.6287,10.5033,0.558245,0.829676,0.0
36.9948,22.0942,12.17,0.558245,0.829676,0.0
36.9948,22.0942,12.17,0.558245,0.829676,0.0
37.6867,21.6287,10.5033,0.558245,0.829676,0.0
36.9948,22.0942,10.5033,0.558245,0.829676,0.0
36.9948,22.0942,12.17,0.469976,0.882679,0.0
36.9948,22.0942,10.5033,0.469976,0.882679,0.0
36.2587,22.4862,12.17,0.469976,0.882679,0.0
36.2587,22.4862,12.17,0.469976,0.882679,0.0
36.9948,22.0942,10.5033,0.469976,0.882679,0.0
36.2587,22.4862,10.5033,0.469976,0.882679,0.0
36.2587,22.4862,12.17,0.376728,0.926324,0.0
36.2587,22.4862,10.5033,0.376728,0.926324,0.0
35.4862,22.8004,12.17,0.376728,0.926324,0.0
35.4862,22.8004,12.17,0.376728,0.926324,0.0
36.2587,22.4862,10.5033,0.376728,0.926324,0.0
35.4862,22.8004,10.5033,0.376728,0.926324,0.0
35.4862,22.8004,12.17,0.279484,0.96015,0.0
35.4862,22.8004,10.5033,0.279484,0.96015,0.0
34.6855,23.0334,12.17,0.279484,0.96015,0.0
34.6855,23.0334,12.17,0.279484,0.96015,0.0
35.4862,22.8004,10.5033,0.279484,0.96015,0.0
34.6855,23.0334,10.5033,0.279484,0.96015,0.0
34.6855,23.0334,12.17,0.179282,0.983798,0.0
34.6855,23.0334,10.5033,0.179282,0.983798,0.0
33.865,23.183,12.17,0.179282,0.983798,0.0
33.865,23.183,12.17,0.179282,0.983798,0.0
34.6855,23.0334,10.5033,0.179282,0.983798,0.0
33.865,23.183,10.5033,0.179282,0.983798,0.0
33.865,23.183,12.17,0.0771738,0.997018,0.0
33.865,23.183,10.5033,0.0771738,0.997018,0.0
33.0336,23.2473,12.17,0.0771738,0.997018,0.0
33.0336,23.2473,12.17,0.0771738,0.997018,0.0
33.865,23.183,10.5033,0.0771738,0.997018,0.0
33.0336,23.2473,10.5033,0.0771738,0.997018,0.0
33.0336,23.2473,12.17,-0.0257483,0.999668,0.0
33.0336,23.2473,10.5033,-0.0257483,0.999668,0.0
32.1999,23.2258,12.17,-0.0257483,0.999668,0.0
32.1999,23.2258,12.17,-0.0257483,0.999668,0.0
33.0336,23.2473,10.5033,-0.0257483,0.999668,0.0
32.1999,23.2258,10.5033,-0.0257483,0.999668,0.0
32.1999,23.2258,12.17,-0.128394,0.991723,0.0
32.1999,23.2258,10.5033,-0.128394,0.991723,0.0
31.3728,23.1188,12.17,-0.128394,0.991723,0.0
31.3728,23.1188,12.17,-0.128394,0.991723,0.0
32.1999,23.2258,10.5033,-0.128394,0.991723,0.0
31.3728,23.1188,10.5033,-0.128394,0.991723,0.0
31.3728,23.1188,12.17,-0.22969,0.973264,0.0
31.3728,23.1188,10.5033,-0.22969,0.973264,0.0
30.5612,22.9272,12.17,-0.22969,0.973264,0.0
30.5612,22.9272,12.17,-0.22969,0.973264,0.0
31.3728,23.1188,10.5033,-0.22969,0.973264,0.0
30.5612,22.9272,10.5033,-0.22969,0.973264,0.0
30.5612,22.9272,12.17,-0.328543,0.944489,0.0
30.5612,22.9272,10.5033,-0.328543,0.944489,0.0
29.7735,22.6532,12.17,-0.328543,0.944489,0.0
29.7735,22.6532,12.17,-0.328543,0.944489,0.0
30.5612,22.9272,10.5033,-0.328543,0.944489,0.0
29.7735,22.6532,10.5033,-0.328543,0.944489,0.0
29.7735,22.6532,12.17,-0.423914,0.905703,0.0
29.7735,22.6532,10.5033,-0.423914,0.905703,0.0
29.0182,22.2997,12.17,-0.423914,0.905703,0.0
29.0182,22.2997,12.17,-0.423914,0.905703,0.0
29.7735,22.6532,10.5033,-0.423914,0.905703,0.0
29.0182,22.2997,10.5033,-0.423914,0.905703,0.0
29.0182,22.2997,12.17,-0.514793,0.857314,0.0
29.0182,22.2997,10.5033,-0.514793,0.857314,0.0
28.3032,21.8704,12.17,-0.514793,0.857314,0.0
28.3032,21.8704,12.17,-0.514793,0.857314,0.0
29.0182,22.2997,10.5033,-0.514793,0.857314,0.0
28.3032,21.8704,10.5033,-0.514793,0.857314,0.0
28.3032,21.8704,12.17,-0.600214,0.79984,0.0
28.3032,21.8704,10.5033,-0.600214,0.79984,0.0
27.6362,21.3698,12.17,-0.600214,0.79984,0.0
27.6362,21.3698,12.17,-0.600214,0.79984,0.0
28.3032,21.8704,10.5033,-0.600214,0.79984,0.0
27.6362,21.3698,10.5033,-0.600214,0.79984,0.0
27.6362,21.3698,12.17,-0.679274,0.733885,0.0
27.6362,21.3698,10.5033,-0.679274,0.733885,0.0
27.0242,20.8033,12.17,-0.679274,0.733885,0.0
27.0242,20.8033,12.17,-0.679274,0.733885,0.0
27.6362,21.3698,10.5033,-0.679274,0.733885,0.0
27.0242,20.8033,10.5033,-0.679274,0.733885,0.0
27.0242,20.8033,12.17,-0.751133,0.660151,0.0
27.0242,20.8033,10.5033,-0.751133,0.660151,0.0
26.4736,20.1769,12.17,-0.751133,0.660151,0.0
26.4736,20.1769,12.17,-0.751133,0.660151,0.0
27.0242,20.8033,10.5033,-0.751133,0.660151,0.0
26.4736,20.1769,10.5033,-0.751133,0.660151,0.0
26.4736,20.1769,12.17,-0.815028,0.579421,0.0
26.4736,20.1769,10.5033,-0.815028,0.579421,0.0
25.9904,19.4972,12.17,-0.815028,0.579421,0.0
25.9904,19.4972,12.17,-0.815028,0.579421,0.0
26.4736,20.1769,10.5033,-0.815028,0.579421,0.0
25.9904,19.4972,10.5033,-0.815028,0.579421,0.0
25.9904,19.4972,12.17,-0.870285,0.492549,0.0
25.9904,19.4972,10.5033,-0.870285,0.492549,0.0
25.5797,18.7715,12.17,-0.870285,0.492549,0.0
25.5797,18.7715,12.17,-0.870285,0.492549,0.0
25.9904,19.4972,10.5033,-0.870285,0.492549,0.0
25.5797,18.7715,10.5033,-0.870285,0.492549,0.0
25.5797,18.7715,12.17,-0.916317,0.400453,0.0
25.5797,18.7715,10.5033,-0.916317,0.400453,0.0
25.2457,18.0073,12.17,-0.916317,0.400453,0.0
25.2457,18.0073,12.17,-0.916317,0.400453,0.0
25.5797,18.7715,10.5033,-0.916317,0.400453,0.0
25.2457,18.0073,10.5033,-0.916317,0.400453,0.0
25.2457,18.0073,12.17,-0.952635,0.304117,0.0
25.2457,18.0073,10.5033,-0.952635,0.304117,0.0
24.9921,17.2128,12.17,-0.952635,0.304117,0.0
24.9921,17.2128,12.17,-0.952635,0.304117,0.0
25.2457,18.0073,10.5033,-0.952635,0.304117,0.0
24.9921,17.2128,10.5033,-0.952635,0.304117,0.0
24.9921,17.2128,12.17,-0.978856,0.204552,0.0
24.9921,17.2128,10.5033,-0.978856,0.204552,0.0
24.8215,16.3965,12.17,-0.978856,0.204552,0.0
24.8215,16.3965,12.17,-0.978856,0.204552,0.0
24.9921,17.2128,10.5033,-0.978856,0.204552,0.0
24.8215,16.3965,10.5033,-0.978856,0.204552,0.0
24.8215,16.3965,12.17,-0.9947,0.102819,0.0
24.8215,16.3965,10.5033,-0.9947,0.102819,0.0
24.7357,15.567,12.17,-0.9947,0.102819,0.0
24.7357,15.567,12.17,-0.9947,0.102819,0.0
24.8215,16.3965,10.5033,-0.9947,0.102819,0.0
24.7357,15.567,10.5033,-0.9947,0.102819,0.0
24.7357,15.567,12.17,-1.0,0.0,0.0
24.7357,15.567,10.5033,-1.0,0.0,0.0
24.7357,14.733,12.17,-1.0,0.0,0.0
24.7357,14.733,12.17,-1.0,0.0,0.0
24.7357,15.567,10.5033,-1.0,0.0,0.0
24.7357,14.733,10.5033,-1.0,0.0,0.0
24.7357,14.733,12.17,-0.9947,-0.102819,0.0
24.7357,14.733,10.5033,-0.9947,-0.102819,0.0
24.8215,13.9035,12.17,-0.9947,-0.102819,0.0
24.8215,13.9035,12.17,-0.9947,-0.102819,0.0
24.7357,14.733,10.5033,-0.9947,-0.102819,0.0
24.8215,13.9035,10.5033,-0.9947,-0.102819,0.0
24.8215,13.9035,12.17,-0.978856,-0.204552,0.0
24.8215,13.9035,10.5033,-0.978856,-0.204552,0.0
24.9921,13.0872,12.17,-0.978856,-0.204552,0.0
24.9921,13.0872,12.17,-0.978856,-0.204552,0.0
24.8215,13.9035,10.5033,-0.978856,-0.204552,0.0
24.9921,13.0872,10.5033,-0.978856,-0.204552,0.0
24.9921,13.0872,12.17,-0.952635,-0.304117,0.0
24.9921,13.0872,10.5033,-0.952635,-0.304117,0.0
25.2457,12.2927,12.17,-0.952635,-0.304117,0.0
25.2457,12.2927,12.17,-0.952635,-0.304117,0.0
24.9921,13.0872,10.5033,-0.952635,-0.304117,0.0
25.2457,12.2927,10.5033,-0.952635,-0.304117,0.0
25.2457,12.2927,12.17,-0.916317,-0.400453,0.0
25.2457,12.2927,10.5033,-0.916317,-0.400453,0.0
25.5797,11.5285,12.17,-0.916317,-0.400453,0.0
25.5797,11.5285,12.17,-0.916317,-0.400453,0.0
25.2457,12.2927,10.5033,-0.916317,-0.400453,0.0
25.5797,11.5285,10.5033,-0.916317,-0.400453,0.0
25.5797,11.5285,12.17,-0.870284,-0.49255,0.0
25.5797,11.5285,10.5033,-0.870284,-0.49255,0.0
25.9904,10.8028,12.17,-0.870284,-0.49255,0.0
25.9904,10.8028,12.17,-0.870284,-0.49255,0.0
25.5797,11.5285,10.5033,-0.870284,-0.49255,0.0
25.9904,10.8028,10.5033,-0.870284,-0.49255,0.0
25.9904,10.8028,12.17,-0.815029,-0.579421,0.0
25.9904,10.8028,10.5033,-0.815029,-0.579421,0.0
26.4736,10.1231,12.17,-0.815029,-0.579421,0.0
26.4736,10.1231,12.17,-0.815029,-0.579421,0.0
25.9904,10.8028,10.5033,-0.815029,-0.579421,0.0
26.4736,10.1231,10.5033,-0.815029,-0.579421,0.0
26.4736,10.1231,12.17,-0.751133,-0.660151,0.0
26.4736,10.1231,10.5033,-0.751133,-0.660151,0.0
27.0242,9.49665,12.17,-0.751133,-0.660151,0.0
27.0242,9.49665,12.17,-0.751133,-0.660151,0.0
26.4736,10.1231,10.5033,-0.751133,-0.660151,0.0
27.0242,9.49665,10.5033,-0.751133,-0.660151,0.0
27.0242,9.49665,12.17,-0.679274,-0.733885,0.0
27.0242,9.49665,10.5033,-0.679274,-0.733885,0.0
27.6362,8.93017,12.17,-0.679274,-0.733885,0.0
27.6362,8.93017,12.17,-0.679274,-0.733885,0.0
27.0242,9.49665,10.5033,-0.679274,-0.733885,0.0
27.6362,8.93017,10.5033,-0.679274,-0.733885,0.0
27.6362,8.93017,12.17,-0.600214,-0.79984,0.0
27.6362,8.93017,10.5033,-0.600214,-0.79984,0.0
28.3032,8.42962,12.17,-0.600214,-0.79984,0.0
28.3032,8.42962,12.17,-0.600214,-0.79984,0.0
27.6362,8.93017,10.5033,-0.600214,-0.79984,0.0
28.3032,8.42962,10.5033,-0.600214,-0.79984,0.0
28.3032,8.42962,12.17,-0.514792,-0.857315,0.0
28.3032,8.42962,10.5033,-0.514792,-0.857315,0.0
29.0182,8.0003,12.17,-0.514792,-0.857315,0.0
29.0182,8.0003,12.17,-0.514792,-0.857315,0.0
28.3032,8.42962,10.5033,-0.514792,-0.857315,0.0
29.0182,8.0003,10.5033,-0.514792,-0.857315,0.0
29.0182,8.0003,12.17,-0.423915,-0.905702,0.0
29.0182,8.0003,10.5033,-0.423915,-0.905702,0.0
29.7735,7.64678,12.17,-0.423915,-0.905702,0.0
29.7735,7.64678,12.17,-0.423915,-0.905702,0.0
29.0182,8.0003,10.5033,-0.423915,-0.905702,0.0
29.7735,7.64678,10.5033,-0.423915,-0.905702,0.0
29.7735,7.64678,12.17,-0.328542,-0.944489,0.0
29.7735,7.64678,10.5033,-0.328542,-0.944489,0.0
30.5612,7.37279,12.17,-0.328542,-0.944489,0.0
30.5612,7.37279,12.17,-0.328542,-0.944489,0.0
29.7735,7.64678,10.5033,-0.328542,-0.944489,0.0
30.5612,7.37279,10.5033,-0.328542,-0.944489,0.0
30.5612,7.37279,12.17,-0.229689,-0.973264,0.0
30.5612,7.37279,10.5033,-0.229689,-0.973264,0.0
31.3728,7.18124,12.17,-0.229689,-0.973264,0.0
31.3728,7.18124,12.17,-0.229689,-0.973264,0.0
30.5612,7.37279,10.5033,-0.229689,-0.973264,0.0
31.3728,7.18124,10.5033,-0.229689,-0.973264,0.0
31.3728,7.18124,12.17,-0.128398,-0.991723,0.0
31.3728,7.18124,10.5033,-0.128398,-0.991723,0.0
32.1999,7.07416,12.17,-0.128398,-0.991723,0.0
32.1999,7.07416,12.17,-0.128398,-0.991723,0.0
31.3728,7.18124,10.5033,-0.128398,-0.991723,0.0
32.1999,7.07416,10.5033,-0.128398,-0.991723,0.0
32.1999,7.07416,12.17,-0.0257477,-0.999668,0.0
32.1999,7.07416,10.5033,-0.0257477,-0.999668,0.0
33.0336,7.05269,12.17,-0.0257477,-0.999668,0.0
33.0336,7.05269,12.17,-0.0257477,-0.999668,0.0
32.1999,7.07416,10.5033,-0.0257477,-0.999668,0.0
33.0336,7.05269,10.5033,-0.0257477,-0.999668,0.0
33.0336,7.05269,12.17,0.0771749,-0.997018,0.0
33.0336,7.05269,10.5033,0.0771749,-0.997018,0.0
33.865,7.11705,12.17,0.0771749,-0.997018,0.0
33.865,7.11705,12.17,0.0771749,-0.997018,0.0
33.0336,7.05269,10.5033,0.0771749,-0.997018,0.0
33.865,7.11705,10.5033,0.0771749,-0.997018,0.0
33.865,7.11705,12.17,0.179281,-0.983798,0.0
33.865,7.11705,10.5033,0.179281,-0.983798,0.0
34.6855,7.26656,12.17,0.179281,-0.983798,0.0
34.6855,7.26656,12.17,0.179281,-0.983798,0.0
33.865,7.11705,10.5033,0.179281,-0.983798,0.0
34.6855,7.26656,10.5033,0.179281,-0.983798,0.0
34.6855,7.26656,12.17,0.279485,-0.96015,0.0
34.6855,7.26656,10.5033,0.279485,-0.96015,0.0
35.4862,7.49964,12.17,0.279485,-0.96015,0.0
35.4862,7.49964,12.17,0.279485,-0.96015,0.0
34.6855,7.26656,10.5033,0.279485,-0.96015,0.0
35.4862,7.49964,10.5033,0.279485,-0.96015,0.0
35.4862,7.49964,12.17,0.376728,-0.926324,0.0
35.4862,7.49964,10.5033,0.376728,-0.926324,0.0
36.2587,7.81381,12.17,0.376728,-0.926324,0.0
36.2587,7.81381,12.17,0.376728,-0.926324,0.0
35.4862,7.49964,10.5033,0.376728,-0.926324,0.0
36.2587,7.81381,10.5033,0.376728,-0.926324,0.0
36.2587,7.81381,12.17,0.469977,-0.882678,0.0
36.2587,7.81381,10.5033,0.469977,-0.882678,0.0
36.9948,8.20575,12.17,0.469977,-0.882678,0.0
36.9948,8.20575,12.17,0.469977,-0.882678,0.0
36.2587,7.81381,10.5033,0.469977,-0.882678,0.0
36.9948,8.20575,10.5033,0.469977,-0.882678,0.0
36.9948,8.20575,12.17,0.558244,-0.829677,0.0
36.9948,8.20575,10.5033,0.558244,-0.829677,0.0
37.6867,8.6713,12.17,0.558244,-0.829677,0.0
37.6867,8.6713,12.17,0.558244,-0.829677,0.0
36.9948,8.20575,10.5033,0.558244,-0.829677,0.0
37.6867,8.6713,10.5033,0.558244,-0.829677,0.0
37.6867,8.6713,12.17,0.640593,-0.76788,0.0
37.6867,8.6713,10.5033,0.640593,-0.76788,0.0
38.3271,9.20553,12.17,0.640593,-0.76788,0.0
38.3271,9.20553,12.17,0.640593,-0.76788,0.0
37.6867,8.6713,10.5033,0.640593,-0.76788,0.0
38.3271,9.20553,10.5033,0.640593,-0.76788,0.0
38.3271,9.20553,12.17,0.71615,-0.697946,0.0
38.3271,9.20553,10.5033,0.71615,-0.697946,0.0
38.9092,9.80277,12.17,0.71615,-0.697946,0.0
38.9092,9.80277,12.17,0.71615,-0.697946,0.0
38.3271,9.20553,10.5033,0.71615,-0.697946,0.0
38.9092,9.80277,10.5033,0.71615,-0.697946,0.0
38.9092,9.80277,12.17,0.784123,-0.620605,0.0
38.9092,9.80277,10.5033,0.784123,-0.620605,0.0
39.4267,10.4567,12.17,0.784123,-0.620605,0.0
39.4267,10.4567,12.17,0.784123,-0.620605,0.0
38.9092,9.80277,10.5033,0.784123,-0.620605,0.0
39.4267,10.4567,10.5033,0.784123,-0.620605,0.0
39.4267,10.4567,12.17,0.843773,-0.536701,0.0
39.4267,10.4567,10.5033,0.843773,-0.536701,0.0
39.8743,11.1604,12.17,0.843773,-0.536701,0.0
39.8743,11.1604,12.17,0.843773,-0.536701,0.0
39.4267,10.4567,10.5033,0.843773,-0.536701,0.0
39.8743,11.1604,10.5033,0.843773,-0.536701,0.0
39.8743,11.1604,12.17,0.894487,-0.447093,0.0
39.8743,11.1604,10.5033,0.894487,-0.447093,0.0
40.2472,11.9063,12.17,0.894487,-0.447093,0.0
40.2472,11.9063,12.17,0.894487,-0.447093,0.0
39.8743,11.1604,10.5033,0.894487,-0.447093,0.0
40.2472,11.9063,10.5033,0.894487,-0.447093,0.0
40.2472,11.9063,12.17,0.935718,-0.35275,0.0
40.2472,11.9063,10.5033,0.935718,-0.35275,0.0
40.5413,12.6867,12.17,0.935718,-0.35275,0.0
40.5413,12.6867,12.17,0.935718,-0.35275,0.0
40.2472,11.9063,10.5033,0.935718,-0.35275,0.0
40.5413,12.6867,10.5033,0.935718,-0.35275,0.0
40.5413,12.6867,12.17,0.967028,-0.25467,0.0
40.5413,12.6867,10.5033,0.967028,-0.25467,0.0
40.7537,13.4931,12.17,0.967028,-0.25467,0.0
40.7537,13.4931,12.17,0.967028,-0.25467,0.0
40.5413,12.6867,10.5033,0.967028,-0.25467,0.0
40.7537,13.4931,10.5033,0.967028,-0.25467,0.0
40.7537,13.4931,12.17,0.988088,-0.153891,0.0
40.7537,13.4931,10.5033,0.988088,-0.153891,0.0
40.8821,14.3171,12.17,0.988088,-0.153891,0.0
40.8821,14.3171,12.17,0.988088,-0.153891,0.0
40.7537,13.4931,10.5033,0.988088,-0.153891,0.0
40.8821,14.3171,10.5033,0.988088,-0.153891,0.0
40.8821,14.3171,12.17,0.998674,-0.0514782,0.0
40.8821,14.3171,10.5033,0.998674,-0.0514782,0.0
40.925,15.15,12.17,0.998674,-0.0514782,0.0
40.925,15.15,12.17,0.998674,-0.0514782,0.0
40.8821,14.3171,10.5033,0.998674,-0.0514782,0.0
40.925,15.15,10.5033,0.998674,-0.0514782,0.0
40.925,15.15,12.17,0.998674,0.0514783,0.0
40.925,15.15,10.5033,0.998674,0.0514783,0.0
40.8821,15.9828,12.17,0.998674,0.0514783,0.0
40.8821,15.9828,12.17,0.998674,0.0514783,0.0
40.925,15.15,10.5033,0.998674,0.0514783,0.0
40.8821,15.9828,10.5033,0.998674,0.0514783,0.0
28.5212,14.2352,10.5033,0.0,0.0,-1.0
24.8215,13.9035,10.5033,0.0,0.0,-1.0
28.4357,14.8431,10.5033,0.0,0.0,-1.0
28.4357,14.8431,10.5033,0.0,0.0,-1.0
24.8215,13.9035,10.5033,0.0,0.0,-1.0
24.7357,14.733,10.5033,0.0,0.0,-1.0
28.4357,14.8431,10.5033,0.0,0.0,-1.0
24.7357,14.733,10.5033,0.0,0.0,-1.0
28.4357,15.4569,10.5033,0.0,0.0,-1.0
30.1161,18.6172,10.5033,0.0,0.0,-1.0
28.3032,21.8704,10.5033,0.0,0.0,-1.0
30.625,18.9605,10.5033,0.0,0.0,-1.0
30.625,18.9605,10.5033,0.0,0.0,-1.0
28.3032,21.8704,10.5033,0.0,0.0,-1.0
29.0182,22.2997,10.5033,0.0,0.0,-1.0
30.625,18.9605,10.5033,0.0,0.0,-1.0
29.0182,22.2997,10.5033,0.0,0.0,-1.0
31.1767,19.2296,10.5033,0.0,0.0,-1.0
31.1767,19.2296,10.5033,0.0,0.0,-1.0
29.0182,22.2997,10.5033,0.0,0.0,-1.0
29.7735,22.6532,10.5033,0.0,0.0,-1.0
31.1767,19.2296,10.5033,0.0,0.0,-1.0
29.7735,22.6532,10.5033,0.0,0.0,-1.0
31.7605,19.4193,10.5033,0.0,0.0,-1.0
28.94,17.2157,10.5033,0.0,0.0,-1.0
25.9904,19.4972,10.5033,0.0,0.0,-1.0
29.2653,17.7363,10.5033,0.0,0.0,-1.0
29.2653,17.7363,10.5033,0.0,0.0,-1.0
25.9904,19.4972,10.5033,0.0,0.0,-1.0
26.4736,20.1769,10.5033,0.0,0.0,-1.0
29.2653,17.7363,10.5033,0.0,0.0,-1.0
26.4736,20.1769,10.5033,0.0,0.0,-1.0
29.6599,18.2065,10.5033,0.0,0.0,-1.0
29.6599,18.2065,10.5033,0.0,0.0,-1.0
26.4736,20.1769,10.5033,0.0,0.0,-1.0
27.0242,20.8033,10.5033,0.0,0.0,-1.0
29.6599,18.2065,10.5033,0.0,0.0,-1.0
27.0242,20.8033,10.5033,0.0,0.0,-1.0
30.1161,18.6172,10.5033,0.0,0.0,-1.0
30.1161,18.6172,10.5033,0.0,0.0,-1.0
27.0242,20.8033,10.5033,0.0,0.0,-1.0
27.6362,21.3698,10.5033,0.0,0.0,-1.0
30.1161,18.6172,10.5033,0.0,0.0,-1.0
27.6362,21.3698,10.5033,0.0,0.0,-1.0
28.3032,21.8704,10.5033,0.0,0.0,-1.0
24.7357,14.733,10.5033,0.0,0.0,-1.0
24.7357,15.567,10.5033,0.0,0.0,-1.0
28.4357,15.4569,10.5033,0.0,0.0,-1.0
28.4357,15.4569,10.5033,0.0,0.0,-1.0
24.7357,15.567,10.5033,0.0,0.0,-1.0
24.8215,16.3965,10.5033,0.0,0.0,-1.0
28.4357,15.4569,10.5033,0.0,0.0,-1.0
24.8215,16.3965,10.5033,0.0,0.0,-1.0
28.5212,16.0648,10.5033,0.0,0.0,-1.0
28.5212,16.0648,10.5033,0.0,0.0,-1.0
24.8215,16.3965,10.5033,0.0,0.0,-1.0
24.9921,17.2128,10.5033,0.0,0.0,-1.0
28.5212,16.0648,10.5033,0.0,0.0,-1.0
24.9921,17.2128,10.5033,0.0,0.0,-1.0
28.6904,16.6549,10.5033,0.0,0.0,-1.0
28.6904,16.6549,10.5033,0.0,0.0,-1.0
24.9921,17.2128,10.5033,0.0,0.0,-1.0
25.2457,18.0073,10.5033,0.0,0.0,-1.0
28.6904,16.6549,10.5033,0.0,0.0,-1.0
25.2457,18.0073,10.5033,0.0,0.0,-1.0
28.94,17.2157,10.5033,0.0,0.0,-1.0
28.94,17.2157,10.5033,0.0,0.0,-1.0
25.2457,18.0073,10.5033,0.0,0.0,-1.0
25.5797,18.7715,10.5033,0.0,0.0,-1.0
28.94,17.2157,10.5033,0.0,0.0,-1.0
25.5797,18.7715,10.5033,0.0,0.0,-1.0
25.9904,19.4972,10.5033,0.0,0.0,-1.0
29.2653,12.5637,10.5033,0.0,0.0,-1.0
25.9904,10.8028,10.5033,0.0,0.0,-1.0
28.94,13.0843,10.5033,0.0,0.0,-1.0
28.94,13.0843,10.5033,0.0,0.0,-1.0
25.9904,10.8028,10.5033,0.0,0.0,-1.0
25.5797,11.5285,10.5033,0.0,0.0,-1.0
28.94,13.0843,10.5033,0.0,0.0,-1.0
25.5797,11.5285,10.5033,0.0,0.0,-1.0
28.6904,13.6451,10.5033,0.0,0.0,-1.0
28.6904,13.6451,10.5033,0.0,0.0,-1.0
25.5797,11.5285,10.5033,0.0,0.0,-1.0
25.2457,12.2927,10.5033,0.0,0.0,-1.0
28.6904,13.6451,10.5033,0.0,0.0,-1.0
25.2457,12.2927,10.5033,0.0,0.0,-1.0
28.5212,14.2352,10.5033,0.0,0.0,-1.0
28.5212,14.2352,10.5033,0.0,0.0,-1.0
25.2457,12.2927,10.5033,0.0,0.0,-1.0
24.9921,13.0872,10.5033,0.0,0.0,-1.0
28.5212,14.2352,10.5033,0.0,0.0,-1.0
24.9921,13.0872,10.5033,0.0,0.0,-1.0
24.8215,13.9035,10.5033,0.0,0.0,-1.0
29.7735,22.6532,10.5033,0.0,0.0,-1.0
30.5612,22.9272,10.5033,0.0,0.0,-1.0
31.7605,19.4193,10.5033,0.0,0.0,-1.0
31.7605,19.4193,10.5033,0.0,0.0,-1.0
30.5612,22.9272,10.5033,0.0,0.0,-1.0
31.3728,23.1188,10.5033,0.0,0.0,-1.0
31.7605,19.4193,10.5033,0.0,0.0,-1.0
31.3728,23.1188,10.5033,0.0,0.0,-1.0
32.3651,19.5259,10.5033,0.0,0.0,-1.0
32.3651,19.5259,10.5033,0.0,0.0,-1.0
31.3728,23.1188,10.5033,0.0,0.0,-1.0
32.1999,23.2258,10.5033,0.0,0.0,-1.0
32.3651,19.5259,10.5033,0.0,0.0,-1.0
32.1999,23.2258,10.5033,0.0,0.0,-1.0
32.9786,19.5473,10.5033,0.0,0.0,-1.0
32.9786,19.5473,10.5033,0.0,0.0,-1.0
32.1999,23.2258,10.5033,0.0,0.0,-1.0
33.0336,23.2473,10.5033,0.0,0.0,-1.0
32.9786,19.5473,10.5033,0.0,0.0,-1.0
33.0336,23.2473,10.5033,0.0,0.0,-1.0
33.5891,19.4832,10.5033,0.0,0.0,-1.0
32.3651,10.7741,10.5033,0.0,0.0,-1.0
31.3728,7.18124,10.5033,0.0,0.0,-1.0
31.7605,10.8807,10.5033,0.0,0.0,-1.0
31.7605,10.8807,10.5033,0.0,0.0,-1.0
31.3728,7.18124,10.5033,0.0,0.0,-1.0
30.5612,7.37279,10.5033,0.0,0.0,-1.0
31.7605,10.8807,10.5033,0.0,0.0,-1.0
30.5612,7.37279,10.5033,0.0,0.0,-1.0
31.1767,11.0704,10.5033,0.0,0.0,-1.0
31.1767,11.0704,10.5033,0.0,0.0,-1.0
30.5612,7.37279,10.5033,0.0,0.0,-1.0
29.7735,7.64678,10.5033,0.0,0.0,-1.0
31.1767,11.0704,10.5033,0.0,0.0,-1.0
29.7735,7.64678,10.5033,0.0,0.0,-1.0
30.625,11.3395,10.5033,0.0,0.0,-1.0
34.1847,10.9654,10.5033,0.0,0.0,-1.0
34.6855,7.26656,10.5033,0.0,0.0,-1.0
33.5891,10.8168,10.5033,0.0,0.0,-1.0
33.5891,10.8168,10.5033,0.0,0.0,-1.0
34.6855,7.26656,10.5033,0.0,0.0,-1.0
33.865,7.11705,10.5033,0.0,0.0,-1.0
33.5891,10.8168,10.5033,0.0,0.0,-1.0
33.865,7.11705,10.5033,0.0,0.0,-1.0
32.9786,10.7527,10.5033,0.0,0.0,-1.0
32.9786,10.7527,10.5033,0.0,0.0,-1.0
33.865,7.11705,10.5033,0.0,0.0,-1.0
33.0336,7.05269,10.5033,0.0,0.0,-1.0
32.9786,10.7527,10.5033,0.0,0.0,-1.0
33.0336,7.05269,10.5033,0.0,0.0,-1.0
32.3651,10.7741,10.5033,0.0,0.0,-1.0
32.3651,10.7741,10.5033,0.0,0.0,-1.0
33.0336,7.05269,10.5033,0.0,0.0,-1.0
32.1999,7.07416,10.5033,0.0,0.0,-1.0
32.3651,10.7741,10.5033,0.0,0.0,-1.0
32.1999,7.07416,10.5033,0.0,0.0,-1.0
31.3728,7.18124,10.5033,0.0,0.0,-1.0
35.2854,11.5022,10.5033,0.0,0.0,-1.0
36.9948,8.20575,10.5033,0.0,0.0,-1.0
34.7538,11.1953,10.5033,0.0,0.0,-1.0
34.7538,11.1953,10.5033,0.0,0.0,-1.0
36.9948,8.20575,10.5033,0.0,0.0,-1.0
36.2587,7.81381,10.5033,0.0,0.0,-1.0
34.7538,11.1953,10.5033,0.0,0.0,-1.0
36.2587,7.81381,10.5033,0.0,0.0,-1.0
34.1847,10.9654,10.5033,0.0,0.0,-1.0
34.1847,10.9654,10.5033,0.0,0.0,-1.0
36.2587,7.81381,10.5033,0.0,0.0,-1.0
35.4862,7.49964,10.5033,0.0,0.0,-1.0
34.1847,10.9654,10.5033,0.0,0.0,-1.0
35.4862,7.49964,10.5033,0.0,0.0,-1.0
34.6855,7.26656,10.5033,0.0,0.0,-1.0
33.0336,23.2473,10.5033,0.0,0.0,-1.0
33.865,23.183,10.5033,0.0,0.0,-1.0
33.5891,19.4832,10.5033,0.0,0.0,-1.0
33.5891,19.4832,10.5033,0.0,0.0,-1.0
33.865,23.183,10.5033,0.0,0.0,-1.0
34.6855,23.0334,10.5033,0.0,0.0,-1.0
33.5891,19.4832,10.5033,0.0,0.0,-1.0
34.6855,23.0334,10.5033,0.0,0.0,-1.0
34.1847,19.3346,10.5033,0.0,0.0,-1.0
34.1847,19.3346,10.5033,0.0,0.0,-1.0
34.6855,23.0334,10.5033,0.0,0.0,-1.0
35.4862,22.8004,10.5033,0.0,0.0,-1.0
34.1847,19.3346,10.5033,0.0,0.0,-1.0
35.4862,22.8004,10.5033,0.0,0.0,-1.0
34.7538,19.1047,10.5033,0.0,0.0,-1.0
29.7735,7.64678,10.5033,0.0,0.0,-1.0
29.0182,8.0003,10.5033,0.0,0.0,-1.0
30.625,11.3395,10.5033,0.0,0.0,-1.0
30.625,11.3395,10.5033,0.0,0.0,-1.0
29.0182,8.0003,10.5033,0.0,0.0,-1.0
28.3032,8.42962,10.5033,0.0,0.0,-1.0
30.625,11.3395,10.5033,0.0,0.0,-1.0
28.3032,8.42962,10.5033,0.0,0.0,-1.0
30.1161,11.6828,10.5033,0.0,0.0,-1.0
30.1161,11.6828,10.5033,0.0,0.0,-1.0
28.3032,8.42962,10.5033,0.0,0.0,-1.0
27.6362,8.93017,10.5033,0.0,0.0,-1.0
30.1161,11.6828,10.5033,0.0,0.0,-1.0
27.6362,8.93017,10.5033,0.0,0.0,-1.0
29.6599,12.0935,10.5033,0.0,0.0,-1.0
29.6599,12.0935,10.5033,0.0,0.0,-1.0
27.6362,8.93017,10.5033,0.0,0.0,-1.0
27.0242,9.49665,10.5033,0.0,0.0,-1.0
29.6599,12.0935,10.5033,0.0,0.0,-1.0
27.0242,9.49665,10.5033,0.0,0.0,-1.0
29.2653,12.5637,10.5033,0.0,0.0,-1.0
29.2653,12.5637,10.5033,0.0,0.0,-1.0
27.0242,9.49665,10.5033,0.0,0.0,-1.0
26.4736,10.1231,10.5033,0.0,0.0,-1.0
29.2653,12.5637,10.5033,0.0,0.0,-1.0
26.4736,10.1231,10.5033,0.0,0.0,-1.0
25.9904,10.8028,10.5033,0.0,0.0,-1.0
36.5564,12.8184,10.5033,0.0,0.0,-1.0
39.4267,10.4567,10.5033,0.0,0.0,-1.0
36.1956,12.3217,10.5033,0.0,0.0,-1.0
36.1956,12.3217,10.5033,0.0,0.0,-1.0
39.4267,10.4567,10.5033,0.0,0.0,-1.0
38.9092,9.80277,10.5033,0.0,0.0,-1.0
36.1956,12.3217,10.5033,0.0,0.0,-1.0
38.9092,9.80277,10.5033,0.0,0.0,-1.0
35.7692,11.8802,10.5033,0.0,0.0,-1.0
35.7692,11.8802,10.5033,0.0,0.0,-1.0
38.9092,9.80277,10.5033,0.0,0.0,-1.0
38.3271,9.20553,10.5033,0.0,0.0,-1.0
35.7692,11.8802,10.5033,0.0,0.0,-1.0
38.3271,9.20553,10.5033,0.0,0.0,-1.0
35.2854,11.5022,10.5033,0.0,0.0,-1.0
35.2854,11.5022,10.5033,0.0,0.0,-1.0
38.3271,9.20553,10.5033,0.0,0.0,-1.0
37.6867,8.6713,10.5033,0.0,0.0,-1.0
35.2854,11.5022,10.5033,0.0,0.0,-1.0
37.6867,8.6713,10.5033,0.0,0.0,-1.0
36.9948,8.20575,10.5033,0.0,0.0,-1.0
37.1822,14.5376,10.5033,0.0,0.0,-1.0
40.7537,13.4931,10.5033,0.0,0.0,-1.0
37.0546,13.9372,10.5033,0.0,0.0,-1.0
37.0546,13.9372,10.5033,0.0,0.0,-1.0
40.7537,13.4931,10.5033,0.0,0.0,-1.0
40.5413,12.6867,10.5033,0.0,0.0,-1.0
37.0546,13.9372,10.5033,0.0,0.0,-1.0
40.5413,12.6867,10.5033,0.0,0.0,-1.0
36.8446,13.3604,10.5033,0.0,0.0,-1.0
36.8446,13.3604,10.5033,0.0,0.0,-1.0
40.5413,12.6867,10.5033,0.0,0.0,-1.0
40.2472,11.9063,10.5033,0.0,0.0,-1.0
36.8446,13.3604,10.5033,0.0,0.0,-1.0
40.2472,11.9063,10.5033,0.0,0.0,-1.0
36.5564,12.8184,10.5033,0.0,0.0,-1.0
36.5564,12.8184,10.5033,0.0,0.0,-1.0
40.2472,11.9063,10.5033,0.0,0.0,-1.0
39.8743,11.1604,10.5033,0.0,0.0,-1.0
36.5564,12.8184,10.5033,0.0,0.0,-1.0
39.8743,11.1604,10.5033,0.0,0.0,-1.0
39.4267,10.4567,10.5033,0.0,0.0,-1.0
37.0546,16.3628,10.5033,0.0,0.0,-1.0
40.7537,16.8069,10.5033,0.0,0.0,-1.0
37.1822,15.7624,10.5033,0.0,0.0,-1.0
37.1822,15.7624,10.5033,0.0,0.0,-1.0
40.7537,16.8069,10.5033,0.0,0.0,-1.0
40.8821,15.9828,10.5033,0.0,0.0,-1.0
37.1822,15.7624,10.5033,0.0,0.0,-1.0
40.8821,15.9828,10.5033,0.0,0.0,-1.0
37.225,15.15,10.5033,0.0,0.0,-1.0
37.225,15.15,10.5033,0.0,0.0,-1.0
40.8821,15.9828,10.5033,0.0,0.0,-1.0
40.925,15.15,10.5033,0.0,0.0,-1.0
37.225,15.15,10.5033,0.0,0.0,-1.0
40.925,15.15,10.5033,0.0,0.0,-1.0
37.1822,14.5376,10.5033,0.0,0.0,-1.0
37.1822,14.5376,10.5033,0.0,0.0,-1.0
40.925,15.15,10.5033,0.0,0.0,-1.0
40.8821,14.3171,10.5033,0.0,0.0,-1.0
37.1822,14.5376,10.5033,0.0,0.0,-1.0
40.8821,14.3171,10.5033,0.0,0.0,-1.0
40.7537,13.4931,10.5033,0.0,0.0,-1.0
36.1956,17.9783,10.5033,0.0,0.0,-1.0
39.4267,19.8433,10.5033,0.0,0.0,-1.0
36.5564,17.4816,10.5033,0.0,0.0,-1.0
36.5564,17.4816,10.5033,0.0,0.0,-1.0
39.4267,19.8433,10.5033,0.0,0.0,-1.0
39.8743,19.1396,10.5033,0.0,0.0,-1.0
36.5564,17.4816,10.5033,0.0,0.0,-1.0
39.8743,19.1396,10.5033,0.0,0.0,-1.0
36.8446,16.9396,10.5033,0.0,0.0,-1.0
36.8446,16.9396,10.5033,0.0,0.0,-1.0
39.8743,19.1396,10.5033,0.0,0.0,-1.0
40.2472,18.3937,10.5033,0.0,0.0,-1.0
36.8446,16.9396,10.5033,0.0,0.0,-1.0
40.2472,18.3937,10.5033,0.0,0.0,-1.0
37.0546,16.3628,10.5033,0.0,0.0,-1.0
37.0546,16.3628,10.5033,0.0,0.0,-1.0
40.2472,18.3937,10.5033,0.0,0.0,-1.0
40.5413,17.6133,10.5033,0.0,0.0,-1.0
37.0546,16.3628,10.5033,0.0,0.0,-1.0
40.5413,17.6133,10.5033,0.0,0.0,-1.0
40.7537,16.8069,10.5033,0.0,0.0,-1.0
35.4862,22.8004,10.5033,0.0,0.0,-1.0
36.2587,22.4862,10.5033,0.0,0.0,-1.0
34.7538,19.1047,10.5033,0.0,0.0,-1.0
34.7538,19.1047,10.5033,0.0,0.0,-1.0
36.2587,22.4862,10.5033,0.0,0.0,-1.0
36.9948,22.0942,10.5033,0.0,0.0,-1.0
34.7538,19.1047,10.5033,0.0,0.0,-1.0
36.9948,22.0942,10.5033,0.0,0.0,-1.0
35.2854,18.7978,10.5033,0.0,0.0,-1.0
35.2854,18.7978,10.5033,0.0,0.0,-1.0
36.9948,22.0942,10.5033,0.0,0.0,-1.0
37.6867,21.6287,10.5033,0.0,0.0,-1.0
35.2854,18.7978,10.5033,0.0,0.0,-1.0
37.6867,21.6287,10.5033,0.0,0.0,-1.0
35.7692,18.4198,10.5033,0.0,0.0,-1.0
35.7692,18.4198,10.5033,0.0,0.0,-1.0
37.6867,21.6287,10.5033,0.0,0.0,-1.0
38.3271,21.0945,10.5033,0.0,0.0,-1.0
35.7692,18.4198,10.5033,0.0,0.0,-1.0
38.3271,21.0945,10.5033,0.0,0.0,-1.0
36.1956,17.9783,10.5033,0.0,0.0,-1.0
36.1956,17.9783,10.5033,0.0,0.0,-1.0
38.3271,21.0945,10.5033,0.0,0.0,-1.0
38.9092,20.4972,10.5033,0.0,0.0,-1.0
36.1956,17.9783,10.5033,0.0,0.0,-1.0
38.9092,20.4972,10.5033,0.0,0.0,-1.0
39.4267,19.8433,10.5033,0.0,0.0,-1.0
