304.5,31.0001,3944.18,0.18739,0.0,-0.982286
304.5,75.0003,3944.18,0.18739,0.0,-0.982286
327.629,31.0001,3948.59,0.18739,0.0,-0.982286
327.629,31.0001,3948.59,0.18739,0.0,-0.982286
304.5,75.0003,3944.18,0.18739,0.0,-0.982286
327.629,75.0003,3948.59,0.18739,0.0,-0.982286
327.629,31.0001,3948.59,0.309001,0.0,-0.951062
327.629,75.0003,3948.59,0.309001,0.0,-0.951062
350.023,31.0001,3955.87,0.309001,0.0,-0.951062
350.023,31.0001,3955.87,0.309001,0.0,-0.951062
327.629,75.0003,3948.59,0.309001,0.0,-0.951062
350.023,75.0003,3955.87,0.309001,0.0,-0.951062
350.023,31.0001,3955.87,0.425792,0.0,-0.904821
350.023,75.0003,3955.87,0.425792,0.0,-0.904821
371.329,31.0001,3965.89,0.425792,0.0,-0.904821
371.329,31.0001,3965.89,0.425792,0.0,-0.904821
350.023,75.0003,3955.87,0.425792,0.0,-0.904821
371.329,75.0003,3965.89,0.425792,0.0,-0.904821
371.329,31.0001,3965.89,0.535829,0.0,-0.844327
371.329,75.0003,3965.89,0.535829,0.0,-0.844327
391.21,31.0001,3978.51,0.535829,0.0,-0.844327
391.21,31.0001,3978.51,0.535829,0.0,-0.844327
371.329,75.0003,3965.89,0.535829,0.0,-0.844327
391.21,75.0003,3978.51,0.535829,0.0,-0.844327
391.21,31.0001,3978.51,0.63742,0.0,-0.770517
391.21,75.0003,3978.51,0.63742,0.0,-0.770517
409.353,31.0001,3993.52,0.63742,0.0,-0.770517
409.353,31.0001,3993.52,0.63742,0.0,-0.770517
391.21,75.0003,3978.51,0.63742,0.0,-0.770517
409.353,75.0003,3993.52,0.63742,0.0,-0.770517
409.353,31.0001,3993.52,0.728969,0.0,-0.684546
409.353,75.0003,3993.52,0.728969,0.0,-0.684546
425.471,31.0001,4010.68,0.728969,0.0,-0.684546
425.471,31.0001,4010.68,0.728969,0.0,-0.684546
409.353,75.0003,3993.52,0.728969,0.0,-0.684546
425.471,75.0003,4010.68,0.728969,0.0,-0.684546
425.471,31.0001,4010.68,0.80902,0.0,-0.587781
425.471,75.0003,4010.68,0.80902,0.0,-0.587781
439.311,31.0001,4029.73,0.80902,0.0,-0.587781
439.311,31.0001,4029.73,0.80902,0.0,-0.587781
425.471,75.0003,4010.68,0.80902,0.0,-0.587781
439.311,75.0003,4029.73,0.80902,0.0,-0.587781
439.311,31.0001,4029.73,0.876303,0.0,-0.48176
439.311,75.0003,4029.73,0.876303,0.0,-0.48176
450.655,31.0001,4050.37,0.876303,0.0,-0.48176
450.655,31.0001,4050.37,0.876303,0.0,-0.48176
439.311,75.0003,4029.73,0.876303,0.0,-0.48176
450.655,75.0003,4050.37,0.876303,0.0,-0.48176
450.655,31.0001,4050.37,0.929778,0.0,-0.368121
450.655,75.0003,4050.37,0.929778,0.0,-0.368121
459.323,31.0001,4072.26,0.929778,0.0,-0.368121
459.323,31.0001,4072.26,0.929778,0.0,-0.368121
450.655,75.0003,4050.37,0.929778,0.0,-0.368121
459.323,75.0003,4072.26,0.929778,0.0,-0.368121
459.323,31.0001,4072.26,0.968583,0.0,-0.248691
459.323,75.0003,4072.26,0.968583,0.0,-0.248691
465.179,31.0001,4095.07,0.968583,0.0,-0.248691
465.179,31.0001,4095.07,0.968583,0.0,-0.248691
459.323,75.0003,4072.26,0.968583,0.0,-0.248691
465.179,75.0003,4095.07,0.968583,0.0,-0.248691
465.179,31.0001,4095.07,0.992114,0.0,-0.125335
465.179,75.0003,4095.07,0.992114,0.0,-0.125335
468.13,31.0001,4118.43,0.992114,0.0,-0.125335
468.13,31.0001,4118.43,0.992114,0.0,-0.125335
465.179,75.0003,4095.07,0.992114,0.0,-0.125335
468.13,75.0003,4118.43,0.992114,0.0,-0.125335
468.13,31.0001,4118.43,1.0,0.0,0.0
468.13,75.0003,4118.43,1.0,0.0,0.0
468.13,31.0001,4141.97,1.0,0.0,0.0
468.13,31.0001,4141.97,1.0,0.0,0.0
468.13,75.0003,4118.43,1.0,0.0,0.0
468.13,75.0003,4141.97,1.0,0.0,0.0
468.13,31.0001,4141.97,0.992115,0.0,0.125334
468.13,75.0003,4141.97,0.992115,0.0,0.125334
465.179,31.0001,4165.33,0.992115,0.0,0.125334
465.179,31.0001,4165.33,0.992115,0.0,0.125334
468.13,75.0003,4141.97,0.992115,0.0,0.125334
465.179,75.0003,4165.33,0.992115,0.0,0.125334
465.179,31.0001,4165.33,0.968583,0.0,0.248691
465.179,75.0003,4165.33,0.968583,0.0,0.248691
459.323,31.0001,4188.14,0.968583,0.0,0.248691
459.323,31.0001,4188.14,0.968583,0.0,0.248691
465.179,75.0003,4165.33,0.968583,0.0,0.248691
459.323,75.0003,4188.14,0.968583,0.0,0.248691
459.323,31.0001,4188.14,0.929775,0.0,0.368128
459.323,75.0003,4188.14,0.929775,0.0,0.368128
450.655,31.0001,4210.03,0.929775,0.0,0.368128
450.655,31.0001,4210.03,0.929775,0.0,0.368128
459.323,75.0003,4188.14,0.929775,0.0,0.368128
450.655,75.0003,4210.03,0.929775,0.0,0.368128
450.655,31.0001,4210.03,0.876308,0.0,0.481751
450.655,75.0003,4210.03,0.876308,0.0,0.481751
439.311,31.0001,4230.67,0.876308,0.0,0.481751
439.311,31.0001,4230.67,0.876308,0.0,0.481751
450.655,75.0003,4210.03,0.876308,0.0,0.481751
439.311,75.0003,4230.67,0.876308,0.0,0.481751
439.311,31.0001,4230.67,0.809023,0.0,0.587777
439.311,75.0003,4230.67,0.809023,0.0,0.587777
425.471,31.0001,4249.72,0.809023,0.0,0.587777
425.471,31.0001,4249.72,0.809023,0.0,0.587777
439.311,75.0003,4230.67,0.809023,0.0,0.587777
425.471,75.0003,4249.72,0.809023,0.0,0.587777
425.471,31.0001,4249.72,0.728955,0.0,0.684562
425.471,75.0003,4249.72,0.728955,0.0,0.684562
409.353,31.0001,4266.88,0.728955,0.0,0.684562
409.353,31.0001,4266.88,0.728955,0.0,0.684562
425.471,75.0003,4249.72,0.728955,0.0,0.684562
409.353,75.0003,4266.88,0.728955,0.0,0.684562
409.353,31.0001,4266.88,0.637432,0.0,0.770506
409.353,75.0003,4266.88,0.637432,0.0,0.770506
391.21,31.0001,4281.89,0.637432,0.0,0.770506
391.21,31.0001,4281.89,0.637432,0.0,0.770506
409.353,75.0003,4266.88,0.637432,0.0,0.770506
391.21,75.0003,4281.89,0.637432,0.0,0.770506
391.21,31.0001,4281.89,0.535822,0.0,0.844331
391.21,75.0003,4281.89,0.535822,0.0,0.844331
371.329,31.0001,4294.51,0.535822,0.0,0.844331
371.329,31.0001,4294.51,0.535822,0.0,0.844331
391.21,75.0003,4281.89,0.535822,0.0,0.844331
371.329,75.0003,4294.51,0.535822,0.0,0.844331
371.329,31.0001,4294.51,0.425792,0.0,0.904821
371.329,75.0003,4294.51,0.425792,0.0,0.904821
350.023,31.0001,4304.53,0.425792,0.0,0.904821
350.023,31.0001,4304.53,0.425792,0.0,0.904821
371.329,75.0003,4294.51,0.425792,0.0,0.904821
350.023,75.0003,4304.53,0.425792,0.0,0.904821
350.023,31.0001,4304.53,0.309019,0.0,0.951056
350.023,75.0003,4304.53,0.309019,0.0,0.951056
327.629,31.0001,4311.81,0.309019,0.0,0.951056
327.629,31.0001,4311.81,0.309019,0.0,0.951056
350.023,75.0003,4304.53,0.309019,0.0,0.951056
327.629,75.0003,4311.81,0.309019,0.0,0.951056
327.629,31.0001,4311.81,0.18738,0.0,0.982287
327.629,75.0003,4311.81,0.18738,0.0,0.982287
304.5,31.0001,4316.22,0.18738,0.0,0.982287
304.5,31.0001,4316.22,0.18738,0.0,0.982287
327.629,75.0003,4311.81,0.18738,0.0,0.982287
304.5,75.0003,4316.22,0.18738,0.0,0.982287
304.5,31.0001,4316.22,0.0627708,0.0,0.998028
304.5,75.0003,4316.22,0.0627708,0.0,0.998028
281.0,31.0001,4317.7,0.0627708,0.0,0.998028
281.0,31.0001,4317.7,0.0627708,0.0,0.998028
304.5,75.0003,4316.22,0.0627708,0.0,0.998028
281.0,75.0003,4317.7,0.0627708,0.0,0.998028
281.0,31.0001,4317.7,-0.0627709,0.0,0.998028
281.0,75.0003,4317.7,-0.0627709,0.0,0.998028
257.5,31.0001,4316.22,-0.0627709,0.0,0.998028
257.5,31.0001,4316.22,-0.0627709,0.0,0.998028
281.0,75.0003,4317.7,-0.0627709,0.0,0.998028
257.5,75.0003,4316.22,-0.0627709,0.0,0.998028
257.5,31.0001,4316.22,-0.187378,0.0,0.982288
257.5,75.0003,4316.22,-0.187378,0.0,0.982288
234.371,31.0001,4311.81,-0.187378,0.0,0.982288
234.371,31.0001,4311.81,-0.187378,0.0,0.982288
257.5,75.0003,4316.22,-0.187378,0.0,0.982288
234.371,75.0003,4311.81,-0.187378,0.0,0.982288
234.371,31.0001,4311.81,-0.309022,0.0,0.951055
234.371,75.0003,4311.81,-0.309022,0.0,0.951055
211.977,31.0001,4304.53,-0.309022,0.0,0.951055
211.977,31.0001,4304.53,-0.309022,0.0,0.951055
234.371,75.0003,4311.81,-0.309022,0.0,0.951055
211.977,75.0003,4304.53,-0.309022,0.0,0.951055
211.977,31.0001,4304.53,-0.425788,0.0,0.904823
211.977,75.0003,4304.53,-0.425788,0.0,0.904823
190.671,31.0001,4294.51,-0.425788,0.0,0.904823
190.671,31.0001,4294.51,-0.425788,0.0,0.904823
211.977,75.0003,4304.53,-0.425788,0.0,0.904823
190.671,75.0003,4294.51,-0.425788,0.0,0.904823
190.671,31.0001,4294.51,-0.535822,0.0,0.844331
190.671,75.0003,4294.51,-0.535822,0.0,0.844331
170.79,31.0001,4281.89,-0.535822,0.0,0.844331
170.79,31.0001,4281.89,-0.535822,0.0,0.844331
190.671,75.0003,4294.51,-0.535822,0.0,0.844331
170.79,75.0003,4281.89,-0.535822,0.0,0.844331
170.79,31.0001,4281.89,-0.637432,0.0,0.770506
170.79,75.0003,4281.89,-0.637432,0.0,0.770506
152.647,31.0001,4266.88,-0.637432,0.0,0.770506
152.647,31.0001,4266.88,-0.637432,0.0,0.770506
170.79,75.0003,4281.89,-0.637432,0.0,0.770506
152.647,75.0003,4266.88,-0.637432,0.0,0.770506
152.647,31.0001,4266.88,-0.728955,0.0,0.684561
152.647,75.0003,4266.88,-0.728955,0.0,0.684561
136.529,31.0001,4249.72,-0.728955,0.0,0.684561
136.529,31.0001,4249.72,-0.728955,0.0,0.684561
152.647,75.0003,4266.88,-0.728955,0.0,0.684561
136.529,75.0003,4249.72,-0.728955,0.0,0.684561
136.529,31.0001,4249.72,-0.809023,0.0,0.587777
136.529,75.0003,4249.72,-0.809023,0.0,0.587777
122.689,31.0001,4230.67,-0.809023,0.0,0.587777
122.689,31.0001,4230.67,-0.809023,0.0,0.587777
136.529,75.0003,4249.72,-0.809023,0.0,0.587777
122.689,75.0003,4230.67,-0.809023,0.0,0.587777
122.689,31.0001,4230.67,-0.876312,0.0,0.481743
122.689,75.0003,4230.67,-0.876312,0.0,0.481743
111.345,31.0001,4210.03,-0.876312,0.0,0.481743
111.345,31.0001,4210.03,-0.876312,0.0,0.481743
122.689,75.0003,4230.67,-0.876312,0.0,0.481743
111.345,75.0003,4210.03,-0.876312,0.0,0.481743
111.345,31.0001,4210.03,-0.929772,0.0,0.368136
111.345,75.0003,4210.03,-0.929772,0.0,0.368136
102.677,31.0001,4188.14,-0.929772,0.0,0.368136
102.677,31.0001,4188.14,-0.929772,0.0,0.368136
111.345,75.0003,4210.03,-0.929772,0.0,0.368136
102.677,75.0003,4188.14,-0.929772,0.0,0.368136
102.677,31.0001,4188.14,-0.968583,0.0,0.248692
102.677,75.0003,4188.14,-0.968583,0.0,0.248692
96.8211,31.0001,4165.33,-0.968583,0.0,0.248692
96.8211,31.0001,4165.33,-0.968583,0.0,0.248692
102.677,75.0003,4188.14,-0.968583,0.0,0.248692
96.8211,75.0003,4165.33,-0.968583,0.0,0.248692
96.8211,31.0001,4165.33,-0.992115,0.0,0.125332
96.8211,75.0003,4165.33,-0.992115,0.0,0.125332
93.8699,31.0001,4141.97,-0.992115,0.0,0.125332
93.8699,31.0001,4141.97,-0.992115,0.0,0.125332
96.8211,75.0003,4165.33,-0.992115,0.0,0.125332
93.8699,75.0003,4141.97,-0.992115,0.0,0.125332
93.8699,31.0001,4141.97,-1.0,0.0,0.0
93.8699,75.0003,4141.97,-1.0,0.0,0.0
93.8699,31.0001,4118.43,-1.0,0.0,0.0
93.8699,31.0001,4118.43,-1.0,0.0,0.0
93.8699,75.0003,4141.97,-1.0,0.0,0.0
93.8699,75.0003,4118.43,-1.0,0.0,0.0
93.8699,31.0001,4118.43,-0.992115,0.0,-0.125334
93.8699,75.0003,4118.43,-0.992115,0.0,-0.125334
96.8211,31.0001,4095.07,-0.992115,0.0,-0.125334
96.8211,31.0001,4095.07,-0.992115,0.0,-0.125334
93.8699,75.0003,4118.43,-0.992115,0.0,-0.125334
96.8211,75.0003,4095.07,-0.992115,0.0,-0.125334
96.8211,31.0001,4095.07,-0.968583,0.0,-0.248692
96.8211,75.0003,4095.07,-0.968583,0.0,-0.248692
102.677,31.0001,4072.26,-0.968583,0.0,-0.248692
102.677,31.0001,4072.26,-0.968583,0.0,-0.248692
96.8211,75.0003,4095.07,-0.968583,0.0,-0.248692
102.677,75.0003,4072.26,-0.968583,0.0,-0.248692
102.677,31.0001,4072.26,-0.929775,0.0,-0.368129
102.677,75.0003,4072.26,-0.929775,0.0,-0.368129
111.345,31.0001,4050.37,-0.929775,0.0,-0.368129
111.345,31.0001,4050.37,-0.929775,0.0,-0.368129
102.677,75.0003,4072.26,-0.929775,0.0,-0.368129
111.345,75.0003,4050.37,-0.929775,0.0,-0.368129
111.345,31.0001,4050.37,-0.876308,0.0,-0.481752
111.345,75.0003,4050.37,-0.876308,0.0,-0.481752
122.689,31.0001,4029.73,-0.876308,0.0,-0.481752
122.689,31.0001,4029.73,-0.876308,0.0,-0.481752
111.345,75.0003,4050.37,-0.876308,0.0,-0.481752
122.689,75.0003,4029.73,-0.876308,0.0,-0.481752
122.689,31.0001,4029.73,-0.809019,0.0,-0.587782
122.689,75.0003,4029.73,-0.809019,0.0,-0.587782
136.529,31.0001,4010.68,-0.809019,0.0,-0.587782
136.529,31.0001,4010.68,-0.809019,0.0,-0.587782
122.689,75.0003,4029.73,-0.809019,0.0,-0.587782
136.529,75.0003,4010.68,-0.809019,0.0,-0.587782
136.529,31.0001,4010.68,-0.72897,0.0,-0.684546
136.529,75.0003,4010.68,-0.72897,0.0,-0.684546
152.647,31.0001,3993.52,-0.72897,0.0,-0.684546
152.647,31.0001,3993.52,-0.72897,0.0,-0.684546
136.529,75.0003,4010.68,-0.72897,0.0,-0.684546
152.647,75.0003,3993.52,-0.72897,0.0,-0.684546
152.647,31.0001,3993.52,-0.63742,0.0,-0.770517
152.647,75.0003,3993.52,-0.63742,0.0,-0.770517
170.79,31.0001,3978.51,-0.63742,0.0,-0.770517
170.79,31.0001,3978.51,-0.63742,0.0,-0.770517
152.647,75.0003,3993.52,-0.63742,0.0,-0.770517
170.79,75.0003,3978.51,-0.63742,0.0,-0.770517
170.79,31.0001,3978.51,-0.535829,0.0,-0.844327
170.79,75.0003,3978.51,-0.535829,0.0,-0.844327
190.671,31.0001,3965.89,-0.535829,0.0,-0.844327
190.671,31.0001,3965.89,-0.535829,0.0,-0.844327
170.79,75.0003,3978.51,-0.535829,0.0,-0.844327
190.671,75.0003,3965.89,-0.535829,0.0,-0.844327
190.671,31.0001,3965.89,-0.425788,0.0,-0.904823
190.671,75.0003,3965.89,-0.425788,0.0,-0.904823
211.977,31.0001,3955.87,-0.425788,0.0,-0.904823
211.977,31.0001,3955.87,-0.425788,0.0,-0.904823
190.671,75.0003,3965.89,-0.425788,0.0,-0.904823
211.977,75.0003,3955.87,-0.425788,0.0,-0.904823
211.977,31.0001,3955.87,-0.309003,0.0,-0.951061
211.977,75.0003,3955.87,-0.309003,0.0,-0.951061
234.371,31.0001,3948.59,-0.309003,0.0,-0.951061
234.371,31.0001,3948.59,-0.309003,0.0,-0.951061
211.977,75.0003,3955.87,-0.309003,0.0,-0.951061
234.371,75.0003,3948.59,-0.309003,0.0,-0.951061
234.371,31.0001,3948.59,-0.187388,0.0,-0.982286
234.371,75.0003,3948.59,-0.187388,0.0,-0.982286
257.5,31.0001,3944.18,-0.187388,0.0,-0.982286
257.5,31.0001,3944.18,-0.187388,0.0,-0.982286
234.371,75.0003,3948.59,-0.187388,0.0,-0.982286
257.5,75.0003,3944.18,-0.187388,0.0,-0.982286
257.5,31.0001,3944.18,-0.0627916,0.0,-0.998027
257.5,75.0003,3944.18,-0.0627916,0.0,-0.998027
281.0,31.0001,3942.7,-0.0627916,0.0,-0.998027
281.0,31.0001,3942.7,-0.0627916,0.0,-0.998027
257.5,75.0003,3944.18,-0.0627916,0.0,-0.998027
281.0,75.0003,3942.7,-0.0627916,0.0,-0.998027
281.0,31.0001,3942.7,0.0627915,0.0,-0.998027
281.0,75.0003,3942.7,0.0627915,0.0,-0.998027
304.5,31.0001,3944.18,0.0627915,0.0,-0.998027
304.5,31.0001,3944.18,0.0627915,0.0,-0.998027
281.0,75.0003,3942.7,0.0627915,0.0,-0.998027
304.5,75.0003,3944.18,0.0627915,0.0,-0.998027
350.023,31.0001,3955.87,0.0,1.0,0.0
366.456,31.0001,3862.51,0.0,1.0,0.0
327.629,31.0001,3948.59,0.0,1.0,0.0
327.629,31.0001,3948.59,0.0,1.0,0.0
366.456,31.0001,3862.51,0.0,1.0,0.0
338.479,31.0001,3855.14,0.0,1.0,0.0
327.629,31.0001,3948.59,0.0,1.0,0.0
338.479,31.0001,3855.14,0.0,1.0,0.0
304.5,31.0001,3944.18,0.0,1.0,0.0
304.5,31.0001,3944.18,0.0,1.0,0.0
338.479,31.0001,3855.14,0.0,1.0,0.0
309.893,31.0001,3850.69,0.0,1.0,0.0
304.5,31.0001,3944.18,0.0,1.0,0.0
309.893,31.0001,3850.69,0.0,1.0,0.0
281.0,31.0001,3942.7,0.0,1.0,0.0
281.0,31.0001,3942.7,0.0,1.0,0.0
309.893,31.0001,3850.69,0.0,1.0,0.0
281.0,31.0001,3849.2,0.0,1.0,0.0
281.0,31.0001,3942.7,0.0,1.0,0.0
281.0,31.0001,3849.2,0.0,1.0,0.0
257.5,31.0001,3944.18,0.0,1.0,0.0
257.5,31.0001,3944.18,0.0,1.0,0.0
281.0,31.0001,3849.2,0.0,1.0,0.0
252.107,31.0001,3850.69,0.0,1.0,0.0
257.5,31.0001,3944.18,0.0,1.0,0.0
252.107,31.0001,3850.69,0.0,1.0,0.0
234.371,31.0001,3948.59,0.0,1.0,0.0
425.471,31.0001,4010.68,0.0,1.0,0.0
487.222,31.0001,3939.32,0.0,1.0,0.0
409.353,31.0001,3993.52,0.0,1.0,0.0
409.353,31.0001,3993.52,0.0,1.0,0.0
487.222,31.0001,3939.32,0.0,1.0,0.0
466.503,31.0001,3919.13,0.0,1.0,0.0
409.353,31.0001,3993.52,0.0,1.0,0.0
466.503,31.0001,3919.13,0.0,1.0,0.0
391.21,31.0001,3978.51,0.0,1.0,0.0
391.21,31.0001,3978.51,0.0,1.0,0.0
466.503,31.0001,3919.13,0.0,1.0,0.0
443.817,31.0001,3901.18,0.0,1.0,0.0
391.21,31.0001,3978.51,0.0,1.0,0.0
443.817,31.0001,3901.18,0.0,1.0,0.0
371.329,31.0001,3965.89,0.0,1.0,0.0
371.329,31.0001,3965.89,0.0,1.0,0.0
443.817,31.0001,3901.18,0.0,1.0,0.0
419.406,31.0001,3885.65,0.0,1.0,0.0
371.329,31.0001,3965.89,0.0,1.0,0.0
419.406,31.0001,3885.65,0.0,1.0,0.0
350.023,31.0001,3955.87,0.0,1.0,0.0
350.023,31.0001,3955.87,0.0,1.0,0.0
419.406,31.0001,3885.65,0.0,1.0,0.0
393.527,31.0001,3872.72,0.0,1.0,0.0
350.023,31.0001,3955.87,0.0,1.0,0.0
393.527,31.0001,3872.72,0.0,1.0,0.0
366.456,31.0001,3862.51,0.0,1.0,0.0
170.79,31.0001,4281.89,0.0,1.0,0.0
130.188,31.0001,4367.3,0.0,1.0,0.0
190.671,31.0001,4294.51,0.0,1.0,0.0
190.671,31.0001,4294.51,0.0,1.0,0.0
130.188,31.0001,4367.3,0.0,1.0,0.0
155.367,31.0001,4381.55,0.0,1.0,0.0
190.671,31.0001,4294.51,0.0,1.0,0.0
155.367,31.0001,4381.55,0.0,1.0,0.0
211.977,31.0001,4304.53,0.0,1.0,0.0
211.977,31.0001,4304.53,0.0,1.0,0.0
155.367,31.0001,4381.55,0.0,1.0,0.0
181.877,31.0001,4393.14,0.0,1.0,0.0
211.977,31.0001,4304.53,0.0,1.0,0.0
181.877,31.0001,4393.14,0.0,1.0,0.0
234.371,31.0001,4311.81,0.0,1.0,0.0
234.371,31.0001,4311.81,0.0,1.0,0.0
181.877,31.0001,4393.14,0.0,1.0,0.0
209.437,31.0001,4401.93,0.0,1.0,0.0
234.371,31.0001,4311.81,0.0,1.0,0.0
209.437,31.0001,4401.93,0.0,1.0,0.0
257.5,31.0001,4316.22,0.0,1.0,0.0
257.5,31.0001,4316.22,0.0,1.0,0.0
209.437,31.0001,4401.93,0.0,1.0,0.0
237.757,31.0001,4407.85,0.0,1.0,0.0
257.5,31.0001,4316.22,0.0,1.0,0.0
237.757,31.0001,4407.85,0.0,1.0,0.0
281.0,31.0001,4317.7,0.0,1.0,0.0
371.329,31.0001,4294.51,0.0,1.0,0.0
431.812,31.0001,4367.3,0.0,1.0,0.0
391.21,31.0001,4281.89,0.0,1.0,0.0
391.21,31.0001,4281.89,0.0,1.0,0.0
431.812,31.0001,4367.3,0.0,1.0,0.0
455.391,31.0001,4350.54,0.0,1.0,0.0
391.21,31.0001,4281.89,0.0,1.0,0.0
455.391,31.0001,4350.54,0.0,1.0,0.0
409.353,31.0001,4266.88,0.0,1.0,0.0
409.353,31.0001,4266.88,0.0,1.0,0.0
455.391,31.0001,4350.54,0.0,1.0,0.0
477.122,31.0001,4331.44,0.0,1.0,0.0
409.353,31.0001,4266.88,0.0,1.0,0.0
477.122,31.0001,4331.44,0.0,1.0,0.0
425.471,31.0001,4249.72,0.0,1.0,0.0
425.471,31.0001,4249.72,0.0,1.0,0.0
477.122,31.0001,4331.44,0.0,1.0,0.0
496.774,31.0001,4310.21,0.0,1.0,0.0
425.471,31.0001,4249.72,0.0,1.0,0.0
496.774,31.0001,4310.21,0.0,1.0,0.0
439.311,31.0001,4230.67,0.0,1.0,0.0
439.311,31.0001,4230.67,0.0,1.0,0.0
496.774,31.0001,4310.21,0.0,1.0,0.0
514.139,31.0001,4287.07,0.0,1.0,0.0
439.311,31.0001,4230.67,0.0,1.0,0.0
514.139,31.0001,4287.07,0.0,1.0,0.0
450.655,31.0001,4210.03,0.0,1.0,0.0
237.757,31.0001,4407.85,0.0,1.0,0.0
266.535,31.0001,4410.83,0.0,1.0,0.0
281.0,31.0001,4317.7,0.0,1.0,0.0
281.0,31.0001,4317.7,0.0,1.0,0.0
266.535,31.0001,4410.83,0.0,1.0,0.0
295.465,31.0001,4410.83,0.0,1.0,0.0
281.0,31.0001,4317.7,0.0,1.0,0.0
295.465,31.0001,4410.83,0.0,1.0,0.0
304.5,31.0001,4316.22,0.0,1.0,0.0
304.5,31.0001,4316.22,0.0,1.0,0.0
295.465,31.0001,4410.83,0.0,1.0,0.0
324.243,31.0001,4407.85,0.0,1.0,0.0
304.5,31.0001,4316.22,0.0,1.0,0.0
324.243,31.0001,4407.85,0.0,1.0,0.0
327.629,31.0001,4311.81,0.0,1.0,0.0
327.629,31.0001,4311.81,0.0,1.0,0.0
324.243,31.0001,4407.85,0.0,1.0,0.0
352.563,31.0001,4401.93,0.0,1.0,0.0
327.629,31.0001,4311.81,0.0,1.0,0.0
352.563,31.0001,4401.93,0.0,1.0,0.0
350.023,31.0001,4304.53,0.0,1.0,0.0
350.023,31.0001,4304.53,0.0,1.0,0.0
352.563,31.0001,4401.93,0.0,1.0,0.0
380.123,31.0001,4393.14,0.0,1.0,0.0
350.023,31.0001,4304.53,0.0,1.0,0.0
380.123,31.0001,4393.14,0.0,1.0,0.0
371.329,31.0001,4294.51,0.0,1.0,0.0
371.329,31.0001,4294.51,0.0,1.0,0.0
380.123,31.0001,4393.14,0.0,1.0,0.0
406.633,31.0001,4381.55,0.0,1.0,0.0
371.329,31.0001,4294.51,0.0,1.0,0.0
406.633,31.0001,4381.55,0.0,1.0,0.0
431.812,31.0001,4367.3,0.0,1.0,0.0
102.677,31.0001,4188.14,0.0,1.0,0.0
20.7031,31.0001,4236.06,0.0,1.0,0.0
111.345,31.0001,4210.03,0.0,1.0,0.0
111.345,31.0001,4210.03,0.0,1.0,0.0
20.7031,31.0001,4236.06,0.0,1.0,0.0
32.9673,31.0001,4262.26,0.0,1.0,0.0
111.345,31.0001,4210.03,0.0,1.0,0.0
32.9673,31.0001,4262.26,0.0,1.0,0.0
122.689,31.0001,4230.67,0.0,1.0,0.0
122.689,31.0001,4230.67,0.0,1.0,0.0
32.9673,31.0001,4262.26,0.0,1.0,0.0
47.8609,31.0001,4287.07,0.0,1.0,0.0
122.689,31.0001,4230.67,0.0,1.0,0.0
47.8609,31.0001,4287.07,0.0,1.0,0.0
136.529,31.0001,4249.72,0.0,1.0,0.0
136.529,31.0001,4249.72,0.0,1.0,0.0
47.8609,31.0001,4287.07,0.0,1.0,0.0
65.2256,31.0001,4310.21,0.0,1.0,0.0
136.529,31.0001,4249.72,0.0,1.0,0.0
65.2256,31.0001,4310.21,0.0,1.0,0.0
152.647,31.0001,4266.88,0.0,1.0,0.0
152.647,31.0001,4266.88,0.0,1.0,0.0
65.2256,31.0001,4310.21,0.0,1.0,0.0
84.8777,31.0001,4331.44,0.0,1.0,0.0
152.647,31.0001,4266.88,0.0,1.0,0.0
84.8777,31.0001,4331.44,0.0,1.0,0.0
170.79,31.0001,4281.89,0.0,1.0,0.0
170.79,31.0001,4281.89,0.0,1.0,0.0
84.8777,31.0001,4331.44,0.0,1.0,0.0
106.609,31.0001,4350.54,0.0,1.0,0.0
170.79,31.0001,4281.89,0.0,1.0,0.0
106.609,31.0001,4350.54,0.0,1.0,0.0
130.188,31.0001,4367.3,0.0,1.0,0.0
152.647,31.0001,3993.52,0.0,1.0,0.0
74.7783,31.0001,3939.32,0.0,1.0,0.0
136.529,31.0001,4010.68,0.0,1.0,0.0
136.529,31.0001,4010.68,0.0,1.0,0.0
74.7783,31.0001,3939.32,0.0,1.0,0.0
56.2453,31.0001,3961.54,0.0,1.0,0.0
136.529,31.0001,4010.68,0.0,1.0,0.0
56.2453,31.0001,3961.54,0.0,1.0,0.0
122.689,31.0001,4029.73,0.0,1.0,0.0
122.689,31.0001,4029.73,0.0,1.0,0.0
56.2453,31.0001,3961.54,0.0,1.0,0.0
40.0946,31.0001,3985.54,0.0,1.0,0.0
122.689,31.0001,4029.73,0.0,1.0,0.0
40.0946,31.0001,3985.54,0.0,1.0,0.0
111.345,31.0001,4050.37,0.0,1.0,0.0
111.345,31.0001,4050.37,0.0,1.0,0.0
40.0946,31.0001,3985.54,0.0,1.0,0.0
26.4976,31.0001,4011.08,0.0,1.0,0.0
111.345,31.0001,4050.37,0.0,1.0,0.0
26.4976,31.0001,4011.08,0.0,1.0,0.0
102.677,31.0001,4072.26,0.0,1.0,0.0
102.677,31.0001,4072.26,0.0,1.0,0.0
26.4976,31.0001,4011.08,0.0,1.0,0.0
15.5985,31.0001,4037.88,0.0,1.0,0.0
102.677,31.0001,4072.26,0.0,1.0,0.0
15.5985,31.0001,4037.88,0.0,1.0,0.0
96.8211,31.0001,4095.07,0.0,1.0,0.0
252.107,31.0001,3850.69,0.0,1.0,0.0
223.521,31.0001,3855.14,0.0,1.0,0.0
234.371,31.0001,3948.59,0.0,1.0,0.0
234.371,31.0001,3948.59,0.0,1.0,0.0
223.521,31.0001,3855.14,0.0,1.0,0.0
195.544,31.0001,3862.51,0.0,1.0,0.0
234.371,31.0001,3948.59,0.0,1.0,0.0
195.544,31.0001,3862.51,0.0,1.0,0.0
211.977,31.0001,3955.87,0.0,1.0,0.0
211.977,31.0001,3955.87,0.0,1.0,0.0
195.544,31.0001,3862.51,0.0,1.0,0.0
168.473,31.0001,3872.72,0.0,1.0,0.0
211.977,31.0001,3955.87,0.0,1.0,0.0
168.473,31.0001,3872.72,0.0,1.0,0.0
190.671,31.0001,3965.89,0.0,1.0,0.0
190.671,31.0001,3965.89,0.0,1.0,0.0
168.473,31.0001,3872.72,0.0,1.0,0.0
142.594,31.0001,3885.65,0.0,1.0,0.0
190.671,31.0001,3965.89,0.0,1.0,0.0
142.594,31.0001,3885.65,0.0,1.0,0.0
170.79,31.0001,3978.51,0.0,1.0,0.0
170.79,31.0001,3978.51,0.0,1.0,0.0
142.594,31.0001,3885.65,0.0,1.0,0.0
118.183,31.0001,3901.18,0.0,1.0,0.0
170.79,31.0001,3978.51,0.0,1.0,0.0
118.183,31.0001,3901.18,0.0,1.0,0.0
152.647,31.0001,3993.52,0.0,1.0,0.0
152.647,31.0001,3993.52,0.0,1.0,0.0
118.183,31.0001,3901.18,0.0,1.0,0.0
95.4974,31.0001,3919.13,0.0,1.0,0.0
152.647,31.0001,3993.52,0.0,1.0,0.0
95.4974,31.0001,3919.13,0.0,1.0,0.0
74.7783,31.0001,3939.32,0.0,1.0,0.0
468.13,31.0001,4118.43,0.0,1.0,0.0
559.674,31.0001,4094.12,0.0,1.0,0.0
465.179,31.0001,4095.07,0.0,1.0,0.0
465.179,31.0001,4095.07,0.0,1.0,0.0
559.674,31.0001,4094.12,0.0,1.0,0.0
554.487,31.0001,4065.66,0.0,1.0,0.0
465.179,31.0001,4095.07,0.0,1.0,0.0
554.487,31.0001,4065.66,0.0,1.0,0.0
459.323,31.0001,4072.26,0.0,1.0,0.0
459.323,31.0001,4072.26,0.0,1.0,0.0
554.487,31.0001,4065.66,0.0,1.0,0.0
546.401,31.0001,4037.88,0.0,1.0,0.0
459.323,31.0001,4072.26,0.0,1.0,0.0
546.401,31.0001,4037.88,0.0,1.0,0.0
450.655,31.0001,4050.37,0.0,1.0,0.0
450.655,31.0001,4050.37,0.0,1.0,0.0
546.401,31.0001,4037.88,0.0,1.0,0.0
535.502,31.0001,4011.08,0.0,1.0,0.0
450.655,31.0001,4050.37,0.0,1.0,0.0
535.502,31.0001,4011.08,0.0,1.0,0.0
439.311,31.0001,4029.73,0.0,1.0,0.0
439.311,31.0001,4029.73,0.0,1.0,0.0
535.502,31.0001,4011.08,0.0,1.0,0.0
521.905,31.0001,3985.54,0.0,1.0,0.0
439.311,31.0001,4029.73,0.0,1.0,0.0
521.905,31.0001,3985.54,0.0,1.0,0.0
425.471,31.0001,4010.68,0.0,1.0,0.0
425.471,31.0001,4010.68,0.0,1.0,0.0
521.905,31.0001,3985.54,0.0,1.0,0.0
505.755,31.0001,3961.54,0.0,1.0,0.0
425.471,31.0001,4010.68,0.0,1.0,0.0
505.755,31.0001,3961.54,0.0,1.0,0.0
487.222,31.0001,3939.32,0.0,1.0,0.0
15.5985,31.0001,4037.88,0.0,1.0,0.0
7.51281,31.0001,4065.66,0.0,1.0,0.0
96.8211,31.0001,4095.07,0.0,1.0,0.0
96.8211,31.0001,4095.07,0.0,1.0,0.0
7.51281,31.0001,4065.66,0.0,1.0,0.0
2.32601,31.0001,4094.12,0.0,1.0,0.0
96.8211,31.0001,4095.07,0.0,1.0,0.0
2.32601,31.0001,4094.12,0.0,1.0,0.0
93.8699,31.0001,4118.43,0.0,1.0,0.0
93.8699,31.0001,4118.43,0.0,1.0,0.0
2.32601,31.0001,4094.12,0.0,1.0,0.0
0.0932217,31.0001,4122.96,0.0,1.0,0.0
93.8699,31.0001,4118.43,0.0,1.0,0.0
0.0932217,31.0001,4122.96,0.0,1.0,0.0
93.8699,31.0001,4141.97,0.0,1.0,0.0
93.8699,31.0001,4141.97,0.0,1.0,0.0
0.0932217,31.0001,4122.96,0.0,1.0,0.0
0.838041,31.0001,4151.89,0.0,1.0,0.0
93.8699,31.0001,4141.97,0.0,1.0,0.0
0.838041,31.0001,4151.89,0.0,1.0,0.0
96.8211,31.0001,4165.33,0.0,1.0,0.0
96.8211,31.0001,4165.33,0.0,1.0,0.0
0.838041,31.0001,4151.89,0.0,1.0,0.0
4.55284,31.0001,4180.58,0.0,1.0,0.0
96.8211,31.0001,4165.33,0.0,1.0,0.0
4.55284,31.0001,4180.58,0.0,1.0,0.0
102.677,31.0001,4188.14,0.0,1.0,0.0
102.677,31.0001,4188.14,0.0,1.0,0.0
4.55284,31.0001,4180.58,0.0,1.0,0.0
11.198,31.0001,4208.74,0.0,1.0,0.0
102.677,31.0001,4188.14,0.0,1.0,0.0
11.198,31.0001,4208.74,0.0,1.0,0.0
20.7031,31.0001,4236.06,0.0,1.0,0.0
514.139,31.0001,4287.07,0.0,1.0,0.0
529.033,31.0001,4262.26,0.0,1.0,0.0
450.655,31.0001,4210.03,0.0,1.0,0.0
450.655,31.0001,4210.03,0.0,1.0,0.0
529.033,31.0001,4262.26,0.0,1.0,0.0
541.297,31.0001,4236.06,0.0,1.0,0.0
450.655,31.0001,4210.03,0.0,1.0,0.0
541.297,31.0001,4236.06,0.0,1.0,0.0
459.323,31.0001,4188.14,0.0,1.0,0.0
459.323,31.0001,4188.14,0.0,1.0,0.0
541.297,31.0001,4236.06,0.0,1.0,0.0
550.802,31.0001,4208.74,0.0,1.0,0.0
459.323,31.0001,4188.14,0.0,1.0,0.0
550.802,31.0001,4208.74,0.0,1.0,0.0
465.179,31.0001,4165.33,0.0,1.0,0.0
465.179,31.0001,4165.33,0.0,1.0,0.0
550.802,31.0001,4208.74,0.0,1.0,0.0
557.447,31.0001,4180.58,0.0,1.0,0.0
465.179,31.0001,4165.33,0.0,1.0,0.0
557.447,31.0001,4180.58,0.0,1.0,0.0
468.13,31.0001,4141.97,0.0,1.0,0.0
468.13,31.0001,4141.97,0.0,1.0,0.0
557.447,31.0001,4180.58,0.0,1.0,0.0
561.162,31.0001,4151.89,0.0,1.0,0.0
468.13,31.0001,4141.97,0.0,1.0,0.0
561.162,31.0001,4151.89,0.0,1.0,0.0
468.13,31.0001,4118.43,0.0,1.0,0.0
468.13,31.0001,4118.43,0.0,1.0,0.0
561.162,31.0001,4151.89,0.0,1.0,0.0
561.907,31.0001,4122.96,0.0,1.0,0.0
468.13,31.0001,4118.43,0.0,1.0,0.0
561.907,31.0001,4122.96,0.0,1.0,0.0
559.674,31.0001,4094.12,0.0,1.0,0.0
336.465,75.0003,4018.18,0.0,1.0,0.0
350.023,75.0003,3955.87,0.0,1.0,0.0
318.715,75.0003,4011.03,0.0,1.0,0.0
318.715,75.0003,4011.03,0.0,1.0,0.0
350.023,75.0003,3955.87,0.0,1.0,0.0
327.629,75.0003,3948.59,0.0,1.0,0.0
318.715,75.0003,4011.03,0.0,1.0,0.0
327.629,75.0003,3948.59,0.0,1.0,0.0
300.081,75.0003,4006.66,0.0,1.0,0.0
300.081,75.0003,4006.66,0.0,1.0,0.0
327.629,75.0003,3948.59,0.0,1.0,0.0
304.5,75.0003,3944.18,0.0,1.0,0.0
300.081,75.0003,4006.66,0.0,1.0,0.0
304.5,75.0003,3944.18,0.0,1.0,0.0
281.0,75.0003,4005.2,0.0,1.0,0.0
281.0,75.0003,4005.2,0.0,1.0,0.0
304.5,75.0003,3944.18,0.0,1.0,0.0
281.0,75.0003,3942.7,0.0,1.0,0.0
281.0,75.0003,4005.2,0.0,1.0,0.0
281.0,75.0003,3942.7,0.0,1.0,0.0
261.919,75.0003,4006.66,0.0,1.0,0.0
261.919,75.0003,4006.66,0.0,1.0,0.0
281.0,75.0003,3942.7,0.0,1.0,0.0
257.5,75.0003,3944.18,0.0,1.0,0.0
261.919,75.0003,4006.66,0.0,1.0,0.0
257.5,75.0003,3944.18,0.0,1.0,0.0
243.285,75.0003,4011.03,0.0,1.0,0.0
271.431,75.0003,4254.83,0.0,1.0,0.0
281.0,75.0003,4317.7,0.0,1.0,0.0
290.569,75.0003,4254.83,0.0,1.0,0.0
290.569,75.0003,4254.83,0.0,1.0,0.0
281.0,75.0003,4317.7,0.0,1.0,0.0
304.5,75.0003,4316.22,0.0,1.0,0.0
290.569,75.0003,4254.83,0.0,1.0,0.0
304.5,75.0003,4316.22,0.0,1.0,0.0
309.482,75.0003,4251.91,0.0,1.0,0.0
309.482,75.0003,4251.91,0.0,1.0,0.0
304.5,75.0003,4316.22,0.0,1.0,0.0
327.629,75.0003,4311.81,0.0,1.0,0.0
309.482,75.0003,4251.91,0.0,1.0,0.0
327.629,75.0003,4311.81,0.0,1.0,0.0
327.727,75.0003,4246.14,0.0,1.0,0.0
327.727,75.0003,4246.14,0.0,1.0,0.0
327.629,75.0003,4311.81,0.0,1.0,0.0
350.023,75.0003,4304.53,0.0,1.0,0.0
327.727,75.0003,4246.14,0.0,1.0,0.0
350.023,75.0003,4304.53,0.0,1.0,0.0
344.877,75.0003,4237.65,0.0,1.0,0.0
344.877,75.0003,4237.65,0.0,1.0,0.0
350.023,75.0003,4304.53,0.0,1.0,0.0
371.329,75.0003,4294.51,0.0,1.0,0.0
344.877,75.0003,4237.65,0.0,1.0,0.0
371.329,75.0003,4294.51,0.0,1.0,0.0
360.53,75.0003,4226.64,0.0,1.0,0.0
187.681,75.0003,4213.37,0.0,1.0,0.0
152.647,75.0003,4266.88,0.0,1.0,0.0
201.47,75.0003,4226.64,0.0,1.0,0.0
201.47,75.0003,4226.64,0.0,1.0,0.0
152.647,75.0003,4266.88,0.0,1.0,0.0
170.79,75.0003,4281.89,0.0,1.0,0.0
201.47,75.0003,4226.64,0.0,1.0,0.0
170.79,75.0003,4281.89,0.0,1.0,0.0
217.123,75.0003,4237.65,0.0,1.0,0.0
217.123,75.0003,4237.65,0.0,1.0,0.0
170.79,75.0003,4281.89,0.0,1.0,0.0
190.671,75.0003,4294.51,0.0,1.0,0.0
217.123,75.0003,4237.65,0.0,1.0,0.0
190.671,75.0003,4294.51,0.0,1.0,0.0
234.273,75.0003,4246.14,0.0,1.0,0.0
234.273,75.0003,4246.14,0.0,1.0,0.0
190.671,75.0003,4294.51,0.0,1.0,0.0
211.977,75.0003,4304.53,0.0,1.0,0.0
234.273,75.0003,4246.14,0.0,1.0,0.0
211.977,75.0003,4304.53,0.0,1.0,0.0
252.518,75.0003,4251.91,0.0,1.0,0.0
252.518,75.0003,4251.91,0.0,1.0,0.0
211.977,75.0003,4304.53,0.0,1.0,0.0
234.371,75.0003,4311.81,0.0,1.0,0.0
252.518,75.0003,4251.91,0.0,1.0,0.0
234.371,75.0003,4311.81,0.0,1.0,0.0
271.431,75.0003,4254.83,0.0,1.0,0.0
271.431,75.0003,4254.83,0.0,1.0,0.0
234.371,75.0003,4311.81,0.0,1.0,0.0
257.5,75.0003,4316.22,0.0,1.0,0.0
271.431,75.0003,4254.83,0.0,1.0,0.0
257.5,75.0003,4316.22,0.0,1.0,0.0
281.0,75.0003,4317.7,0.0,1.0,0.0
401.532,75.0003,4163.32,0.0,1.0,0.0
465.179,75.0003,4165.33,0.0,1.0,0.0
405.175,75.0003,4144.54,0.0,1.0,0.0
405.175,75.0003,4144.54,0.0,1.0,0.0
465.179,75.0003,4165.33,0.0,1.0,0.0
468.13,75.0003,4141.97,0.0,1.0,0.0
405.175,75.0003,4144.54,0.0,1.0,0.0
468.13,75.0003,4141.97,0.0,1.0,0.0
405.908,75.0003,4125.41,0.0,1.0,0.0
405.908,75.0003,4125.41,0.0,1.0,0.0
468.13,75.0003,4141.97,0.0,1.0,0.0
468.13,75.0003,4118.43,0.0,1.0,0.0
405.908,75.0003,4125.41,0.0,1.0,0.0
468.13,75.0003,4118.43,0.0,1.0,0.0
403.714,75.0003,4106.4,0.0,1.0,0.0
403.714,75.0003,4106.4,0.0,1.0,0.0
468.13,75.0003,4118.43,0.0,1.0,0.0
465.179,75.0003,4095.07,0.0,1.0,0.0
403.714,75.0003,4106.4,0.0,1.0,0.0
465.179,75.0003,4095.07,0.0,1.0,0.0
398.643,75.0003,4087.95,0.0,1.0,0.0
398.643,75.0003,4087.95,0.0,1.0,0.0
465.179,75.0003,4095.07,0.0,1.0,0.0
459.323,75.0003,4072.26,0.0,1.0,0.0
398.643,75.0003,4087.95,0.0,1.0,0.0
459.323,75.0003,4072.26,0.0,1.0,0.0
390.814,75.0003,4070.49,0.0,1.0,0.0
371.329,75.0003,4294.51,0.0,1.0,0.0
391.21,75.0003,4281.89,0.0,1.0,0.0
360.53,75.0003,4226.64,0.0,1.0,0.0
360.53,75.0003,4226.64,0.0,1.0,0.0
391.21,75.0003,4281.89,0.0,1.0,0.0
409.353,75.0003,4266.88,0.0,1.0,0.0
360.53,75.0003,4226.64,0.0,1.0,0.0
409.353,75.0003,4266.88,0.0,1.0,0.0
374.319,75.0003,4213.37,0.0,1.0,0.0
374.319,75.0003,4213.37,0.0,1.0,0.0
409.353,75.0003,4266.88,0.0,1.0,0.0
425.471,75.0003,4249.72,0.0,1.0,0.0
374.319,75.0003,4213.37,0.0,1.0,0.0
425.471,75.0003,4249.72,0.0,1.0,0.0
385.921,75.0003,4198.15,0.0,1.0,0.0
385.921,75.0003,4198.15,0.0,1.0,0.0
425.471,75.0003,4249.72,0.0,1.0,0.0
439.311,75.0003,4230.67,0.0,1.0,0.0
385.921,75.0003,4198.15,0.0,1.0,0.0
439.311,75.0003,4230.67,0.0,1.0,0.0
395.063,75.0003,4181.33,0.0,1.0,0.0
395.063,75.0003,4181.33,0.0,1.0,0.0
439.311,75.0003,4230.67,0.0,1.0,0.0
450.655,75.0003,4210.03,0.0,1.0,0.0
395.063,75.0003,4181.33,0.0,1.0,0.0
450.655,75.0003,4210.03,0.0,1.0,0.0
401.532,75.0003,4163.32,0.0,1.0,0.0
401.532,75.0003,4163.32,0.0,1.0,0.0
450.655,75.0003,4210.03,0.0,1.0,0.0
459.323,75.0003,4188.14,0.0,1.0,0.0
401.532,75.0003,4163.32,0.0,1.0,0.0
459.323,75.0003,4188.14,0.0,1.0,0.0
465.179,75.0003,4165.33,0.0,1.0,0.0
181.588,75.0003,4054.42,0.0,1.0,0.0
122.689,75.0003,4029.73,0.0,1.0,0.0
171.186,75.0003,4070.49,0.0,1.0,0.0
171.186,75.0003,4070.49,0.0,1.0,0.0
122.689,75.0003,4029.73,0.0,1.0,0.0
111.345,75.0003,4050.37,0.0,1.0,0.0
171.186,75.0003,4070.49,0.0,1.0,0.0
111.345,75.0003,4050.37,0.0,1.0,0.0
163.357,75.0003,4087.95,0.0,1.0,0.0
163.357,75.0003,4087.95,0.0,1.0,0.0
111.345,75.0003,4050.37,0.0,1.0,0.0
102.677,75.0003,4072.26,0.0,1.0,0.0
163.357,75.0003,4087.95,0.0,1.0,0.0
102.677,75.0003,4072.26,0.0,1.0,0.0
158.287,75.0003,4106.4,0.0,1.0,0.0
158.287,75.0003,4106.4,0.0,1.0,0.0
102.677,75.0003,4072.26,0.0,1.0,0.0
96.8211,75.0003,4095.07,0.0,1.0,0.0
158.287,75.0003,4106.4,0.0,1.0,0.0
96.8211,75.0003,4095.07,0.0,1.0,0.0
156.092,75.0003,4125.41,0.0,1.0,0.0
156.092,75.0003,4125.41,0.0,1.0,0.0
96.8211,75.0003,4095.07,0.0,1.0,0.0
93.8699,75.0003,4118.43,0.0,1.0,0.0
156.092,75.0003,4125.41,0.0,1.0,0.0
93.8699,75.0003,4118.43,0.0,1.0,0.0
156.825,75.0003,4144.54,0.0,1.0,0.0
257.5,75.0003,3944.18,0.0,1.0,0.0
234.371,75.0003,3948.59,0.0,1.0,0.0
243.285,75.0003,4011.03,0.0,1.0,0.0
243.285,75.0003,4011.03,0.0,1.0,0.0
234.371,75.0003,3948.59,0.0,1.0,0.0
211.977,75.0003,3955.87,0.0,1.0,0.0
243.285,75.0003,4011.03,0.0,1.0,0.0
211.977,75.0003,3955.87,0.0,1.0,0.0
225.535,75.0003,4018.18,0.0,1.0,0.0
225.535,75.0003,4018.18,0.0,1.0,0.0
211.977,75.0003,3955.87,0.0,1.0,0.0
190.671,75.0003,3965.89,0.0,1.0,0.0
225.535,75.0003,4018.18,0.0,1.0,0.0
190.671,75.0003,3965.89,0.0,1.0,0.0
209.085,75.0003,4027.96,0.0,1.0,0.0
209.085,75.0003,4027.96,0.0,1.0,0.0
190.671,75.0003,3965.89,0.0,1.0,0.0
170.79,75.0003,3978.51,0.0,1.0,0.0
209.085,75.0003,4027.96,0.0,1.0,0.0
170.79,75.0003,3978.51,0.0,1.0,0.0
194.321,75.0003,4040.14,0.0,1.0,0.0
194.321,75.0003,4040.14,0.0,1.0,0.0
170.79,75.0003,3978.51,0.0,1.0,0.0
152.647,75.0003,3993.52,0.0,1.0,0.0
194.321,75.0003,4040.14,0.0,1.0,0.0
152.647,75.0003,3993.52,0.0,1.0,0.0
181.588,75.0003,4054.42,0.0,1.0,0.0
181.588,75.0003,4054.42,0.0,1.0,0.0
152.647,75.0003,3993.52,0.0,1.0,0.0
136.529,75.0003,4010.68,0.0,1.0,0.0
181.588,75.0003,4054.42,0.0,1.0,0.0
136.529,75.0003,4010.68,0.0,1.0,0.0
122.689,75.0003,4029.73,0.0,1.0,0.0
459.323,75.0003,4072.26,0.0,1.0,0.0
450.655,75.0003,4050.37,0.0,1.0,0.0
390.814,75.0003,4070.49,0.0,1.0,0.0
390.814,75.0003,4070.49,0.0,1.0,0.0
450.655,75.0003,4050.37,0.0,1.0,0.0
439.311,75.0003,4029.73,0.0,1.0,0.0
390.814,75.0003,4070.49,0.0,1.0,0.0
439.311,75.0003,4029.73,0.0,1.0,0.0
380.412,75.0003,4054.42,0.0,1.0,0.0
380.412,75.0003,4054.42,0.0,1.0,0.0
439.311,75.0003,4029.73,0.0,1.0,0.0
425.471,75.0003,4010.68,0.0,1.0,0.0
380.412,75.0003,4054.42,0.0,1.0,0.0
425.471,75.0003,4010.68,0.0,1.0,0.0
367.679,75.0003,4040.14,0.0,1.0,0.0
367.679,75.0003,4040.14,0.0,1.0,0.0
425.471,75.0003,4010.68,0.0,1.0,0.0
409.353,75.0003,3993.52,0.0,1.0,0.0
367.679,75.0003,4040.14,0.0,1.0,0.0
409.353,75.0003,3993.52,0.0,1.0,0.0
352.915,75.0003,4027.96,0.0,1.0,0.0
352.915,75.0003,4027.96,0.0,1.0,0.0
409.353,75.0003,3993.52,0.0,1.0,0.0
391.21,75.0003,3978.51,0.0,1.0,0.0
352.915,75.0003,4027.96,0.0,1.0,0.0
391.21,75.0003,3978.51,0.0,1.0,0.0
336.465,75.0003,4018.18,0.0,1.0,0.0
336.465,75.0003,4018.18,0.0,1.0,0.0
391.21,75.0003,3978.51,0.0,1.0,0.0
371.329,75.0003,3965.89,0.0,1.0,0.0
336.465,75.0003,4018.18,0.0,1.0,0.0
371.329,75.0003,3965.89,0.0,1.0,0.0
350.023,75.0003,3955.87,0.0,1.0,0.0
93.8699,75.0003,4118.43,0.0,1.0,0.0
93.8699,75.0003,4141.97,0.0,1.0,0.0
156.825,75.0003,4144.54,0.0,1.0,0.0
156.825,75.0003,4144.54,0.0,1.0,0.0
93.8699,75.0003,4141.97,0.0,1.0,0.0
96.8211,75.0003,4165.33,0.0,1.0,0.0
156.825,75.0003,4144.54,0.0,1.0,0.0
96.8211,75.0003,4165.33,0.0,1.0,0.0
160.468,75.0003,4163.32,0.0,1.0,0.0
160.468,75.0003,4163.32,0.0,1.0,0.0
96.8211,75.0003,4165.33,0.0,1.0,0.0
102.677,75.0003,4188.14,0.0,1.0,0.0
160.468,75.0003,4163.32,0.0,1.0,0.0
102.677,75.0003,4188.14,0.0,1.0,0.0
166.937,75.0003,4181.33,0.0,1.0,0.0
166.937,75.0003,4181.33,0.0,1.0,0.0
102.677,75.0003,4188.14,0.0,1.0,0.0
111.345,75.0003,4210.03,0.0,1.0,0.0
166.937,75.0003,4181.33,0.0,1.0,0.0
111.345,75.0003,4210.03,0.0,1.0,0.0
176.079,75.0003,4198.15,0.0,1.0,0.0
176.079,75.0003,4198.15,0.0,1.0,0.0
111.345,75.0003,4210.03,0.0,1.0,0.0
122.689,75.0003,4230.67,0.0,1.0,0.0
176.079,75.0003,4198.15,0.0,1.0,0.0
122.689,75.0003,4230.67,0.0,1.0,0.0
187.681,75.0003,4213.37,0.0,1.0,0.0
187.681,75.0003,4213.37,0.0,1.0,0.0
122.689,75.0003,4230.67,0.0,1.0,0.0
136.529,75.0003,4249.72,0.0,1.0,0.0
187.681,75.0003,4213.37,0.0,1.0,0.0
136.529,75.0003,4249.72,0.0,1.0,0.0
152.647,75.0003,4266.88,0.0,1.0,0.0
309.893,0.0,3850.69,0.153887,0.0,-0.988088
309.893,31.0001,3850.69,0.153887,0.0,-0.988088
338.479,0.0,3855.14,0.153887,0.0,-0.988088
338.479,0.0,3855.14,0.153887,0.0,-0.988088
309.893,31.0001,3850.69,0.153887,0.0,-0.988088
338.479,31.0001,3855.14,0.153887,0.0,-0.988088
338.479,0.0,3855.14,0.254673,0.0,-0.967027
338.479,31.0001,3855.14,0.254673,0.0,-0.967027
366.456,0.0,3862.51,0.254673,0.0,-0.967027
366.456,0.0,3862.51,0.254673,0.0,-0.967027
338.479,31.0001,3855.14,0.254673,0.0,-0.967027
366.456,31.0001,3862.51,0.254673,0.0,-0.967027
366.456,0.0,3862.51,0.352755,0.0,-0.935716
366.456,31.0001,3862.51,0.352755,0.0,-0.935716
393.527,0.0,3872.72,0.352755,0.0,-0.935716
393.527,0.0,3872.72,0.352755,0.0,-0.935716
366.456,31.0001,3862.51,0.352755,0.0,-0.935716
393.527,31.0001,3872.72,0.352755,0.0,-0.935716
393.527,0.0,3872.72,0.447092,0.0,-0.894488
393.527,31.0001,3872.72,0.447092,0.0,-0.894488
419.406,0.0,3885.65,0.447092,0.0,-0.894488
419.406,0.0,3885.65,0.447092,0.0,-0.894488
393.527,31.0001,3872.72,0.447092,0.0,-0.894488
419.406,31.0001,3885.65,0.447092,0.0,-0.894488
419.406,0.0,3885.65,0.536692,0.0,-0.843778
419.406,31.0001,3885.65,0.536692,0.0,-0.843778
443.817,0.0,3901.18,0.536692,0.0,-0.843778
443.817,0.0,3901.18,0.536692,0.0,-0.843778
419.406,31.0001,3885.65,0.536692,0.0,-0.843778
443.817,31.0001,3901.18,0.536692,0.0,-0.843778
443.817,0.0,3901.18,0.620612,0.0,-0.784118
443.817,31.0001,3901.18,0.620612,0.0,-0.784118
466.503,0.0,3919.13,0.620612,0.0,-0.784118
466.503,0.0,3919.13,0.620612,0.0,-0.784118
443.817,31.0001,3901.18,0.620612,0.0,-0.784118
466.503,31.0001,3919.13,0.620612,0.0,-0.784118
466.503,0.0,3919.13,0.697946,0.0,-0.71615
466.503,31.0001,3919.13,0.697946,0.0,-0.71615
487.222,0.0,3939.32,0.697946,0.0,-0.71615
487.222,0.0,3939.32,0.697946,0.0,-0.71615
466.503,31.0001,3919.13,0.697946,0.0,-0.71615
487.222,31.0001,3939.32,0.697946,0.0,-0.71615
487.222,0.0,3939.32,0.767877,0.0,-0.640597
487.222,31.0001,3939.32,0.767877,0.0,-0.640597
505.755,0.0,3961.54,0.767877,0.0,-0.640597
505.755,0.0,3961.54,0.767877,0.0,-0.640597
487.222,31.0001,3939.32,0.767877,0.0,-0.640597
505.755,31.0001,3961.54,0.767877,0.0,-0.640597
505.755,0.0,3961.54,0.829679,0.0,-0.558241
505.755,31.0001,3961.54,0.829679,0.0,-0.558241
521.905,0.0,3985.54,0.829679,0.0,-0.558241
521.905,0.0,3985.54,0.829679,0.0,-0.558241
505.755,31.0001,3961.54,0.829679,0.0,-0.558241
521.905,31.0001,3985.54,0.829679,0.0,-0.558241
521.905,0.0,3985.54,0.882679,0.0,-0.469976
521.905,31.0001,3985.54,0.882679,0.0,-0.469976
535.502,0.0,4011.08,0.882679,0.0,-0.469976
535.502,0.0,4011.08,0.882679,0.0,-0.469976
521.905,31.0001,3985.54,0.882679,0.0,-0.469976
535.502,31.0001,4011.08,0.882679,0.0,-0.469976
535.502,0.0,4011.08,0.926323,0.0,-0.376731
535.502,31.0001,4011.08,0.926323,0.0,-0.376731
546.401,0.0,4037.88,0.926323,0.0,-0.376731
546.401,0.0,4037.88,0.926323,0.0,-0.376731
535.502,31.0001,4011.08,0.926323,0.0,-0.376731
546.401,31.0001,4037.88,0.926323,0.0,-0.376731
546.401,0.0,4037.88,0.960151,0.0,-0.279482
546.401,31.0001,4037.88,0.960151,0.0,-0.279482
554.487,0.0,4065.66,0.960151,0.0,-0.279482
554.487,0.0,4065.66,0.960151,0.0,-0.279482
546.401,31.0001,4037.88,0.960151,0.0,-0.279482
554.487,31.0001,4065.66,0.960151,0.0,-0.279482
554.487,0.0,4065.66,0.983798,0.0,-0.17928
554.487,31.0001,4065.66,0.983798,0.0,-0.17928
559.674,0.0,4094.12,0.983798,0.0,-0.17928
559.674,0.0,4094.12,0.983798,0.0,-0.17928
554.487,31.0001,4065.66,0.983798,0.0,-0.17928
559.674,31.0001,4094.12,0.983798,0.0,-0.17928
559.674,0.0,4094.12,0.997017,0.0,-0.0771763
559.674,31.0001,4094.12,0.997017,0.0,-0.0771763
561.907,0.0,4122.96,0.997017,0.0,-0.0771763
561.907,0.0,4122.96,0.997017,0.0,-0.0771763
559.674,31.0001,4094.12,0.997017,0.0,-0.0771763
561.907,31.0001,4122.96,0.997017,0.0,-0.0771763
561.907,0.0,4122.96,0.999669,0.0,0.0257444
561.907,31.0001,4122.96,0.999669,0.0,0.0257444
561.162,0.0,4151.89,0.999669,0.0,0.0257444
561.162,0.0,4151.89,0.999669,0.0,0.0257444
561.907,31.0001,4122.96,0.999669,0.0,0.0257444
561.162,31.0001,4151.89,0.999669,0.0,0.0257444
561.162,0.0,4151.89,0.991722,0.0,0.128402
561.162,31.0001,4151.89,0.991722,0.0,0.128402
557.447,0.0,4180.58,0.991722,0.0,0.128402
557.447,0.0,4180.58,0.991722,0.0,0.128402
561.162,31.0001,4151.89,0.991722,0.0,0.128402
557.447,31.0001,4180.58,0.991722,0.0,0.128402
557.447,0.0,4180.58,0.973266,0.0,0.229682
557.447,31.0001,4180.58,0.973266,0.0,0.229682
550.802,0.0,4208.74,0.973266,0.0,0.229682
550.802,0.0,4208.74,0.973266,0.0,0.229682
557.447,31.0001,4180.58,0.973266,0.0,0.229682
550.802,31.0001,4208.74,0.973266,0.0,0.229682
550.802,0.0,4208.74,0.94449,0.0,0.328541
550.802,31.0001,4208.74,0.94449,0.0,0.328541
541.297,0.0,4236.06,0.94449,0.0,0.328541
541.297,0.0,4236.06,0.94449,0.0,0.328541
550.802,31.0001,4208.74,0.94449,0.0,0.328541
541.297,31.0001,4236.06,0.94449,0.0,0.328541
541.297,0.0,4236.06,0.905698,0.0,0.423923
541.297,31.0001,4236.06,0.905698,0.0,0.423923
529.033,0.0,4262.26,0.905698,0.0,0.423923
529.033,0.0,4262.26,0.905698,0.0,0.423923
541.297,31.0001,4236.06,0.905698,0.0,0.423923
529.033,31.0001,4262.26,0.905698,0.0,0.423923
529.033,0.0,4262.26,0.857316,0.0,0.514791
529.033,31.0001,4262.26,0.857316,0.0,0.514791
514.139,0.0,4287.07,0.857316,0.0,0.514791
514.139,0.0,4287.07,0.857316,0.0,0.514791
529.033,31.0001,4262.26,0.857316,0.0,0.514791
514.139,31.0001,4287.07,0.857316,0.0,0.514791
514.139,0.0,4287.07,0.799847,0.0,0.600205
514.139,31.0001,4287.07,0.799847,0.0,0.600205
496.774,0.0,4310.21,0.799847,0.0,0.600205
496.774,0.0,4310.21,0.799847,0.0,0.600205
514.139,31.0001,4287.07,0.799847,0.0,0.600205
496.774,31.0001,4310.21,0.799847,0.0,0.600205
496.774,0.0,4310.21,0.733875,0.0,0.679285
496.774,31.0001,4310.21,0.733875,0.0,0.679285
477.122,0.0,4331.44,0.733875,0.0,0.679285
477.122,0.0,4331.44,0.733875,0.0,0.679285
496.774,31.0001,4310.21,0.733875,0.0,0.679285
477.122,31.0001,4331.44,0.733875,0.0,0.679285
477.122,0.0,4331.44,0.660159,0.0,0.751126
477.122,31.0001,4331.44,0.660159,0.0,0.751126
455.391,0.0,4350.54,0.660159,0.0,0.751126
455.391,0.0,4350.54,0.660159,0.0,0.751126
477.122,31.0001,4331.44,0.660159,0.0,0.751126
455.391,31.0001,4350.54,0.660159,0.0,0.751126
455.391,0.0,4350.54,0.579416,0.0,0.815032
455.391,31.0001,4350.54,0.579416,0.0,0.815032
431.812,0.0,4367.3,0.579416,0.0,0.815032
431.812,0.0,4367.3,0.579416,0.0,0.815032
455.391,31.0001,4350.54,0.579416,0.0,0.815032
431.812,31.0001,4367.3,0.579416,0.0,0.815032
431.812,0.0,4367.3,0.49255,0.0,0.870284
431.812,31.0001,4367.3,0.49255,0.0,0.870284
406.633,0.0,4381.55,0.49255,0.0,0.870284
406.633,0.0,4381.55,0.49255,0.0,0.870284
431.812,31.0001,4367.3,0.49255,0.0,0.870284
406.633,31.0001,4381.55,0.49255,0.0,0.870284
406.633,0.0,4381.55,0.400465,0.0,0.916312
406.633,31.0001,4381.55,0.400465,0.0,0.916312
380.123,0.0,4393.14,0.400465,0.0,0.916312
380.123,0.0,4393.14,0.400465,0.0,0.916312
406.633,31.0001,4381.55,0.400465,0.0,0.916312
380.123,31.0001,4393.14,0.400465,0.0,0.916312
380.123,0.0,4393.14,0.304099,0.0,0.95264
380.123,31.0001,4393.14,0.304099,0.0,0.95264
352.563,0.0,4401.93,0.304099,0.0,0.95264
352.563,0.0,4401.93,0.304099,0.0,0.95264
380.123,31.0001,4393.14,0.304099,0.0,0.95264
352.563,31.0001,4401.93,0.304099,0.0,0.95264
352.563,0.0,4401.93,0.204554,0.0,0.978855
352.563,31.0001,4401.93,0.204554,0.0,0.978855
324.243,0.0,4407.85,0.204554,0.0,0.978855
324.243,0.0,4407.85,0.204554,0.0,0.978855
352.563,31.0001,4401.93,0.204554,0.0,0.978855
324.243,31.0001,4407.85,0.204554,0.0,0.978855
324.243,0.0,4407.85,0.102833,0.0,0.994699
324.243,31.0001,4407.85,0.102833,0.0,0.994699
295.465,0.0,4410.83,0.102833,0.0,0.994699
295.465,0.0,4410.83,0.102833,0.0,0.994699
324.243,31.0001,4407.85,0.102833,0.0,0.994699
295.465,31.0001,4410.83,0.102833,0.0,0.994699
295.465,0.0,4410.83,0.0,0.0,1.0
295.465,31.0001,4410.83,0.0,0.0,1.0
266.535,0.0,4410.83,0.0,0.0,1.0
266.535,0.0,4410.83,0.0,0.0,1.0
295.465,31.0001,4410.83,0.0,0.0,1.0
266.535,31.0001,4410.83,0.0,0.0,1.0
266.535,0.0,4410.83,-0.102833,0.0,0.994699
266.535,31.0001,4410.83,-0.102833,0.0,0.994699
237.757,0.0,4407.85,-0.102833,0.0,0.994699
237.757,0.0,4407.85,-0.102833,0.0,0.994699
266.535,31.0001,4410.83,-0.102833,0.0,0.994699
237.757,31.0001,4407.85,-0.102833,0.0,0.994699
237.757,0.0,4407.85,-0.204554,0.0,0.978855
237.757,31.0001,4407.85,-0.204554,0.0,0.978855
209.437,0.0,4401.93,-0.204554,0.0,0.978855
209.437,0.0,4401.93,-0.204554,0.0,0.978855
237.757,31.0001,4407.85,-0.204554,0.0,0.978855
209.437,31.0001,4401.93,-0.204554,0.0,0.978855
209.437,0.0,4401.93,-0.304099,0.0,0.95264
209.437,31.0001,4401.93,-0.304099,0.0,0.95264
181.877,0.0,4393.14,-0.304099,0.0,0.95264
181.877,0.0,4393.14,-0.304099,0.0,0.95264
209.437,31.0001,4401.93,-0.304099,0.0,0.95264
181.877,31.0001,4393.14,-0.304099,0.0,0.95264
181.877,0.0,4393.14,-0.400465,0.0,0.916312
181.877,31.0001,4393.14,-0.400465,0.0,0.916312
155.367,0.0,4381.55,-0.400465,0.0,0.916312
155.367,0.0,4381.55,-0.400465,0.0,0.916312
181.877,31.0001,4393.14,-0.400465,0.0,0.916312
155.367,31.0001,4381.55,-0.400465,0.0,0.916312
155.367,0.0,4381.55,-0.492551,0.0,0.870284
155.367,31.0001,4381.55,-0.492551,0.0,0.870284
130.188,0.0,4367.3,-0.492551,0.0,0.870284
130.188,0.0,4367.3,-0.492551,0.0,0.870284
155.367,31.0001,4381.55,-0.492551,0.0,0.870284
130.188,31.0001,4367.3,-0.492551,0.0,0.870284
130.188,0.0,4367.3,-0.57942,0.0,0.815029
130.188,31.0001,4367.3,-0.57942,0.0,0.815029
106.609,0.0,4350.54,-0.57942,0.0,0.815029
106.609,0.0,4350.54,-0.57942,0.0,0.815029
130.188,31.0001,4367.3,-0.57942,0.0,0.815029
106.609,31.0001,4350.54,-0.57942,0.0,0.815029
106.609,0.0,4350.54,-0.660155,0.0,0.75113
106.609,31.0001,4350.54,-0.660155,0.0,0.75113
84.8777,0.0,4331.44,-0.660155,0.0,0.75113
84.8777,0.0,4331.44,-0.660155,0.0,0.75113
106.609,31.0001,4350.54,-0.660155,0.0,0.75113
84.8777,31.0001,4331.44,-0.660155,0.0,0.75113
84.8777,0.0,4331.44,-0.733875,0.0,0.679285
84.8777,31.0001,4331.44,-0.733875,0.0,0.679285
65.2256,0.0,4310.21,-0.733875,0.0,0.679285
65.2256,0.0,4310.21,-0.733875,0.0,0.679285
84.8777,31.0001,4331.44,-0.733875,0.0,0.679285
65.2256,31.0001,4310.21,-0.733875,0.0,0.679285
65.2256,0.0,4310.21,-0.799846,0.0,0.600205
65.2256,31.0001,4310.21,-0.799846,0.0,0.600205
47.8609,0.0,4287.07,-0.799846,0.0,0.600205
47.8609,0.0,4287.07,-0.799846,0.0,0.600205
65.2256,31.0001,4310.21,-0.799846,0.0,0.600205
47.8609,31.0001,4287.07,-0.799846,0.0,0.600205
47.8609,0.0,4287.07,-0.857316,0.0,0.51479
47.8609,31.0001,4287.07,-0.857316,0.0,0.51479
32.9673,0.0,4262.26,-0.857316,0.0,0.51479
32.9673,0.0,4262.26,-0.857316,0.0,0.51479
47.8609,31.0001,4287.07,-0.857316,0.0,0.51479
32.9673,31.0001,4262.26,-0.857316,0.0,0.51479
32.9673,0.0,4262.26,-0.905701,0.0,0.423917
32.9673,31.0001,4262.26,-0.905701,0.0,0.423917
20.7031,0.0,4236.06,-0.905701,0.0,0.423917
20.7031,0.0,4236.06,-0.905701,0.0,0.423917
32.9673,31.0001,4262.26,-0.905701,0.0,0.423917
20.7031,31.0001,4236.06,-0.905701,0.0,0.423917
20.7031,0.0,4236.06,-0.94449,0.0,0.32854
20.7031,31.0001,4236.06,-0.94449,0.0,0.32854
11.198,0.0,4208.74,-0.94449,0.0,0.32854
11.198,0.0,4208.74,-0.94449,0.0,0.32854
20.7031,31.0001,4236.06,-0.94449,0.0,0.32854
11.198,31.0001,4208.74,-0.94449,0.0,0.32854
11.198,0.0,4208.74,-0.973264,0.0,0.22969
11.198,31.0001,4208.74,-0.973264,0.0,0.22969
4.55284,0.0,4180.58,-0.973264,0.0,0.22969
4.55284,0.0,4180.58,-0.973264,0.0,0.22969
11.198,31.0001,4208.74,-0.973264,0.0,0.22969
4.55284,31.0001,4180.58,-0.973264,0.0,0.22969
4.55284,0.0,4180.58,-0.991722,0.0,0.128403
4.55284,31.0001,4180.58,-0.991722,0.0,0.128403
0.838041,0.0,4151.89,-0.991722,0.0,0.128403
0.838041,0.0,4151.89,-0.991722,0.0,0.128403
4.55284,31.0001,4180.58,-0.991722,0.0,0.128403
0.838041,31.0001,4151.89,-0.991722,0.0,0.128403
0.838041,0.0,4151.89,-0.999669,0.0,0.0257447
0.838041,31.0001,4151.89,-0.999669,0.0,0.0257447
0.0932217,0.0,4122.96,-0.999669,0.0,0.0257447
0.0932217,0.0,4122.96,-0.999669,0.0,0.0257447
0.838041,31.0001,4151.89,-0.999669,0.0,0.0257447
0.0932217,31.0001,4122.96,-0.999669,0.0,0.0257447
0.0932217,0.0,4122.96,-0.997017,0.0,-0.0771763
0.0932217,31.0001,4122.96,-0.997017,0.0,-0.0771763
2.32601,0.0,4094.12,-0.997017,0.0,-0.0771763
2.32601,0.0,4094.12,-0.997017,0.0,-0.0771763
0.0932217,31.0001,4122.96,-0.997017,0.0,-0.0771763
2.32601,31.0001,4094.12,-0.997017,0.0,-0.0771763
2.32601,0.0,4094.12,-0.983798,0.0,-0.179281
2.32601,31.0001,4094.12,-0.983798,0.0,-0.179281
7.51281,0.0,4065.66,-0.983798,0.0,-0.179281
7.51281,0.0,4065.66,-0.983798,0.0,-0.179281
2.32601,31.0001,4094.12,-0.983798,0.0,-0.179281
7.51281,31.0001,4065.66,-0.983798,0.0,-0.179281
7.51281,0.0,4065.66,-0.960151,0.0,-0.279481
7.51281,31.0001,4065.66,-0.960151,0.0,-0.279481
15.5985,0.0,4037.88,-0.960151,0.0,-0.279481
15.5985,0.0,4037.88,-0.960151,0.0,-0.279481
7.51281,31.0001,4065.66,-0.960151,0.0,-0.279481
15.5985,31.0001,4037.88,-0.960151,0.0,-0.279481
15.5985,0.0,4037.88,-0.926323,0.0,-0.376731
15.5985,31.0001,4037.88,-0.926323,0.0,-0.376731
26.4976,0.0,4011.08,-0.926323,0.0,-0.376731
26.4976,0.0,4011.08,-0.926323,0.0,-0.376731
15.5985,31.0001,4037.88,-0.926323,0.0,-0.376731
26.4976,31.0001,4011.08,-0.926323,0.0,-0.376731
26.4976,0.0,4011.08,-0.88268,0.0,-0.469975
26.4976,31.0001,4011.08,-0.88268,0.0,-0.469975
40.0946,0.0,3985.54,-0.88268,0.0,-0.469975
40.0946,0.0,3985.54,-0.88268,0.0,-0.469975
26.4976,31.0001,4011.08,-0.88268,0.0,-0.469975
40.0946,31.0001,3985.54,-0.88268,0.0,-0.469975
40.0946,0.0,3985.54,-0.829675,0.0,-0.558247
40.0946,31.0001,3985.54,-0.829675,0.0,-0.558247
56.2453,0.0,3961.54,-0.829675,0.0,-0.558247
56.2453,0.0,3961.54,-0.829675,0.0,-0.558247
40.0946,31.0001,3985.54,-0.829675,0.0,-0.558247
56.2453,31.0001,3961.54,-0.829675,0.0,-0.558247
56.2453,0.0,3961.54,-0.767881,0.0,-0.640593
56.2453,31.0001,3961.54,-0.767881,0.0,-0.640593
74.7783,0.0,3939.32,-0.767881,0.0,-0.640593
74.7783,0.0,3939.32,-0.767881,0.0,-0.640593
56.2453,31.0001,3961.54,-0.767881,0.0,-0.640593
74.7783,31.0001,3939.32,-0.767881,0.0,-0.640593
74.7783,0.0,3939.32,-0.697942,0.0,-0.716154
74.7783,31.0001,3939.32,-0.697942,0.0,-0.716154
95.4974,0.0,3919.13,-0.697942,0.0,-0.716154
95.4974,0.0,3919.13,-0.697942,0.0,-0.716154
74.7783,31.0001,3939.32,-0.697942,0.0,-0.716154
95.4974,31.0001,3919.13,-0.697942,0.0,-0.716154
95.4974,0.0,3919.13,-0.620616,0.0,-0.784115
95.4974,31.0001,3919.13,-0.620616,0.0,-0.784115
118.183,0.0,3901.18,-0.620616,0.0,-0.784115
118.183,0.0,3901.18,-0.620616,0.0,-0.784115
95.4974,31.0001,3919.13,-0.620616,0.0,-0.784115
118.183,31.0001,3901.18,-0.620616,0.0,-0.784115
118.183,0.0,3901.18,-0.536692,0.0,-0.843778
118.183,31.0001,3901.18,-0.536692,0.0,-0.843778
142.594,0.0,3885.65,-0.536692,0.0,-0.843778
142.594,0.0,3885.65,-0.536692,0.0,-0.843778
118.183,31.0001,3901.18,-0.536692,0.0,-0.843778
142.594,31.0001,3885.65,-0.536692,0.0,-0.843778
142.594,0.0,3885.65,-0.447092,0.0,-0.894488
142.594,31.0001,3885.65,-0.447092,0.0,-0.894488
168.473,0.0,3872.72,-0.447092,0.0,-0.894488
168.473,0.0,3872.72,-0.447092,0.0,-0.894488
142.594,31.0001,3885.65,-0.447092,0.0,-0.894488
168.473,31.0001,3872.72,-0.447092,0.0,-0.894488
168.473,0.0,3872.72,-0.352755,0.0,-0.935716
168.473,31.0001,3872.72,-0.352755,0.0,-0.935716
195.544,0.0,3862.51,-0.352755,0.0,-0.935716
195.544,0.0,3862.51,-0.352755,0.0,-0.935716
168.473,31.0001,3872.72,-0.352755,0.0,-0.935716
195.544,31.0001,3862.51,-0.352755,0.0,-0.935716
195.544,0.0,3862.51,-0.254671,0.0,-0.967028
195.544,31.0001,3862.51,-0.254671,0.0,-0.967028
223.521,0.0,3855.14,-0.254671,0.0,-0.967028
223.521,0.0,3855.14,-0.254671,0.0,-0.967028
195.544,31.0001,3862.51,-0.254671,0.0,-0.967028
223.521,31.0001,3855.14,-0.254671,0.0,-0.967028
223.521,0.0,3855.14,-0.153889,0.0,-0.988088
223.521,31.0001,3855.14,-0.153889,0.0,-0.988088
252.107,0.0,3850.69,-0.153889,0.0,-0.988088
252.107,0.0,3850.69,-0.153889,0.0,-0.988088
223.521,31.0001,3855.14,-0.153889,0.0,-0.988088
252.107,31.0001,3850.69,-0.153889,0.0,-0.988088
252.107,0.0,3850.69,-0.0514844,0.0,-0.998674
252.107,31.0001,3850.69,-0.0514844,0.0,-0.998674
281.0,0.0,3849.2,-0.0514844,0.0,-0.998674
281.0,0.0,3849.2,-0.0514844,0.0,-0.998674
252.107,31.0001,3850.69,-0.0514844,0.0,-0.998674
281.0,31.0001,3849.2,-0.0514844,0.0,-0.998674
281.0,0.0,3849.2,0.0514848,0.0,-0.998674
281.0,31.0001,3849.2,0.0514848,0.0,-0.998674
309.893,0.0,3850.69,0.0514848,0.0,-0.998674
309.893,0.0,3850.69,0.0514848,0.0,-0.998674
281.0,31.0001,3849.2,0.0514848,0.0,-0.998674
309.893,31.0001,3850.69,0.0514848,0.0,-0.998674
300.081,75.0003,4006.66,-0.227859,0.0,0.973694
300.081,0.0,4006.66,-0.227859,0.0,0.973694
318.715,75.0003,4011.03,-0.227859,0.0,0.973694
318.715,75.0003,4011.03,-0.227859,0.0,0.973694
300.081,0.0,4006.66,-0.227859,0.0,0.973694
318.715,0.0,4011.03,-0.227859,0.0,0.973694
318.715,75.0003,4011.03,-0.373824,0.0,0.9275
318.715,0.0,4011.03,-0.373824,0.0,0.9275
336.465,75.0003,4018.18,-0.373824,0.0,0.9275
336.465,75.0003,4018.18,-0.373824,0.0,0.9275
318.715,0.0,4011.03,-0.373824,0.0,0.9275
336.465,0.0,4018.18,-0.373824,0.0,0.9275
336.465,75.0003,4018.18,-0.511023,0.0,0.859567
336.465,0.0,4018.18,-0.511023,0.0,0.859567
352.915,75.0003,4027.96,-0.511023,0.0,0.859567
352.915,75.0003,4027.96,-0.511023,0.0,0.859567
336.465,0.0,4018.18,-0.511023,0.0,0.859567
352.915,0.0,4027.96,-0.511023,0.0,0.859567
352.915,75.0003,4027.96,-0.636242,0.0,0.77149
352.915,0.0,4027.96,-0.636242,0.0,0.77149
367.679,75.0003,4040.14,-0.636242,0.0,0.77149
367.679,75.0003,4040.14,-0.636242,0.0,0.77149
352.915,0.0,4027.96,-0.636242,0.0,0.77149
367.679,0.0,4040.14,-0.636242,0.0,0.77149
367.679,75.0003,4040.14,-0.74655,0.0,0.665329
367.679,0.0,4040.14,-0.74655,0.0,0.665329
380.412,75.0003,4054.42,-0.74655,0.0,0.665329
380.412,75.0003,4054.42,-0.74655,0.0,0.665329
367.679,0.0,4040.14,-0.74655,0.0,0.665329
380.412,0.0,4054.42,-0.74655,0.0,0.665329
380.412,75.0003,4054.42,-0.839366,0.0,0.543567
380.412,0.0,4054.42,-0.839366,0.0,0.543567
390.814,75.0003,4070.49,-0.839366,0.0,0.543567
390.814,75.0003,4070.49,-0.839366,0.0,0.543567
380.412,0.0,4054.42,-0.839366,0.0,0.543567
390.814,0.0,4070.49,-0.839366,0.0,0.543567
390.814,75.0003,4070.49,-0.912501,0.0,0.409074
390.814,0.0,4070.49,-0.912501,0.0,0.409074
398.643,75.0003,4087.95,-0.912501,0.0,0.409074
398.643,75.0003,4087.95,-0.912501,0.0,0.409074
390.814,0.0,4070.49,-0.912501,0.0,0.409074
398.643,0.0,4087.95,-0.912501,0.0,0.409074
398.643,75.0003,4087.95,-0.964251,0.0,0.264989
398.643,0.0,4087.95,-0.964251,0.0,0.264989
403.714,75.0003,4106.4,-0.964251,0.0,0.264989
403.714,75.0003,4106.4,-0.964251,0.0,0.264989
398.643,0.0,4087.95,-0.964251,0.0,0.264989
403.714,0.0,4106.4,-0.964251,0.0,0.264989
403.714,75.0003,4106.4,-0.993403,0.0,0.114678
403.714,0.0,4106.4,-0.993403,0.0,0.114678
405.908,75.0003,4125.41,-0.993403,0.0,0.114678
405.908,75.0003,4125.41,-0.993403,0.0,0.114678
403.714,0.0,4106.4,-0.993403,0.0,0.114678
405.908,0.0,4125.41,-0.993403,0.0,0.114678
405.908,75.0003,4125.41,-0.999266,0.0,-0.0383097
405.908,0.0,4125.41,-0.999266,0.0,-0.0383097
405.175,75.0003,4144.54,-0.999266,0.0,-0.0383097
405.175,75.0003,4144.54,-0.999266,0.0,-0.0383097
405.908,0.0,4125.41,-0.999266,0.0,-0.0383097
405.175,0.0,4144.54,-0.999266,0.0,-0.0383097
405.175,75.0003,4144.54,-0.981709,0.0,-0.190389
405.175,0.0,4144.54,-0.981709,0.0,-0.190389
401.532,75.0003,4163.32,-0.981709,0.0,-0.190389
401.532,75.0003,4163.32,-0.981709,0.0,-0.190389
405.175,0.0,4144.54,-0.981709,0.0,-0.190389
401.532,0.0,4163.32,-0.981709,0.0,-0.190389
401.532,75.0003,4163.32,-0.941138,0.0,-0.338021
401.532,0.0,4163.32,-0.941138,0.0,-0.338021
395.063,75.0003,4181.33,-0.941138,0.0,-0.338021
395.063,75.0003,4181.33,-0.941138,0.0,-0.338021
401.532,0.0,4163.32,-0.941138,0.0,-0.338021
395.063,0.0,4181.33,-0.941138,0.0,-0.338021
395.063,75.0003,4181.33,-0.878517,0.0,-0.477712
395.063,0.0,4181.33,-0.878517,0.0,-0.477712
385.921,75.0003,4198.15,-0.878517,0.0,-0.477712
385.921,75.0003,4198.15,-0.878517,0.0,-0.477712
395.063,0.0,4181.33,-0.878517,0.0,-0.477712
385.921,0.0,4198.15,-0.878517,0.0,-0.477712
385.921,75.0003,4198.15,-0.795293,0.0,-0.606225
385.921,0.0,4198.15,-0.795293,0.0,-0.606225
374.319,75.0003,4213.37,-0.795293,0.0,-0.606225
374.319,75.0003,4213.37,-0.795293,0.0,-0.606225
385.921,0.0,4198.15,-0.795293,0.0,-0.606225
374.319,0.0,4213.37,-0.795293,0.0,-0.606225
374.319,75.0003,4213.37,-0.693419,0.0,-0.720535
374.319,0.0,4213.37,-0.693419,0.0,-0.720535
360.53,75.0003,4226.64,-0.693419,0.0,-0.720535
360.53,75.0003,4226.64,-0.693419,0.0,-0.720535
374.319,0.0,4213.37,-0.693419,0.0,-0.720535
360.53,0.0,4226.64,-0.693419,0.0,-0.720535
360.53,75.0003,4226.64,-0.575328,0.0,-0.817923
360.53,0.0,4226.64,-0.575328,0.0,-0.817923
344.877,75.0003,4237.65,-0.575328,0.0,-0.817923
344.877,75.0003,4237.65,-0.575328,0.0,-0.817923
360.53,0.0,4226.64,-0.575328,0.0,-0.817923
344.877,0.0,4237.65,-0.575328,0.0,-0.817923
344.877,75.0003,4237.65,-0.44372,0.0,-0.896166
344.877,0.0,4237.65,-0.44372,0.0,-0.896166
327.727,75.0003,4246.14,-0.44372,0.0,-0.896166
327.727,75.0003,4246.14,-0.44372,0.0,-0.896166
344.877,0.0,4237.65,-0.44372,0.0,-0.896166
327.727,0.0,4246.14,-0.44372,0.0,-0.896166
327.727,75.0003,4246.14,-0.301734,0.0,-0.953392
327.727,0.0,4246.14,-0.301734,0.0,-0.953392
309.482,75.0003,4251.91,-0.301734,0.0,-0.953392
309.482,75.0003,4251.91,-0.301734,0.0,-0.953392
327.727,0.0,4246.14,-0.301734,0.0,-0.953392
309.482,0.0,4251.91,-0.301734,0.0,-0.953392
309.482,75.0003,4251.91,-0.152629,0.0,-0.988284
309.482,0.0,4251.91,-0.152629,0.0,-0.988284
290.569,75.0003,4254.83,-0.152629,0.0,-0.988284
290.569,75.0003,4254.83,-0.152629,0.0,-0.988284
309.482,0.0,4251.91,-0.152629,0.0,-0.988284
290.569,0.0,4254.83,-0.152629,0.0,-0.988284
290.569,75.0003,4254.83,0.0,0.0,-1.0
290.569,0.0,4254.83,0.0,0.0,-1.0
271.431,75.0003,4254.83,0.0,0.0,-1.0
271.431,75.0003,4254.83,0.0,0.0,-1.0
290.569,0.0,4254.83,0.0,0.0,-1.0
271.431,0.0,4254.83,0.0,0.0,-1.0
271.431,75.0003,4254.83,0.152629,0.0,-0.988284
271.431,0.0,4254.83,0.152629,0.0,-0.988284
252.518,75.0003,4251.91,0.152629,0.0,-0.988284
252.518,75.0003,4251.91,0.152629,0.0,-0.988284
271.431,0.0,4254.83,0.152629,0.0,-0.988284
252.518,0.0,4251.91,0.152629,0.0,-0.988284
252.518,75.0003,4251.91,0.301734,0.0,-0.953392
252.518,0.0,4251.91,0.301734,0.0,-0.953392
234.273,75.0003,4246.14,0.301734,0.0,-0.953392
234.273,75.0003,4246.14,0.301734,0.0,-0.953392
252.518,0.0,4251.91,0.301734,0.0,-0.953392
234.273,0.0,4246.14,0.301734,0.0,-0.953392
234.273,75.0003,4246.14,0.443725,0.0,-0.896163
234.273,0.0,4246.14,0.443725,0.0,-0.896163
217.123,75.0003,4237.65,0.443725,0.0,-0.896163
217.123,75.0003,4237.65,0.443725,0.0,-0.896163
234.273,0.0,4246.14,0.443725,0.0,-0.896163
217.123,0.0,4237.65,0.443725,0.0,-0.896163
217.123,75.0003,4237.65,0.575322,0.0,-0.817927
217.123,0.0,4237.65,0.575322,0.0,-0.817927
201.47,75.0003,4226.64,0.575322,0.0,-0.817927
201.47,75.0003,4226.64,0.575322,0.0,-0.817927
217.123,0.0,4237.65,0.575322,0.0,-0.817927
201.47,0.0,4226.64,0.575322,0.0,-0.817927
201.47,75.0003,4226.64,0.693425,0.0,-0.720529
201.47,0.0,4226.64,0.693425,0.0,-0.720529
187.681,75.0003,4213.37,0.693425,0.0,-0.720529
187.681,75.0003,4213.37,0.693425,0.0,-0.720529
201.47,0.0,4226.64,0.693425,0.0,-0.720529
187.681,0.0,4213.37,0.693425,0.0,-0.720529
187.681,75.0003,4213.37,0.795288,0.0,-0.606232
187.681,0.0,4213.37,0.795288,0.0,-0.606232
176.079,75.0003,4198.15,0.795288,0.0,-0.606232
176.079,75.0003,4198.15,0.795288,0.0,-0.606232
187.681,0.0,4213.37,0.795288,0.0,-0.606232
176.079,0.0,4198.15,0.795288,0.0,-0.606232
176.079,75.0003,4198.15,0.878517,0.0,-0.477712
176.079,0.0,4198.15,0.878517,0.0,-0.477712
166.937,75.0003,4181.33,0.878517,0.0,-0.477712
166.937,75.0003,4181.33,0.878517,0.0,-0.477712
176.079,0.0,4198.15,0.878517,0.0,-0.477712
166.937,0.0,4181.33,0.878517,0.0,-0.477712
166.937,75.0003,4181.33,0.941138,0.0,-0.338021
166.937,0.0,4181.33,0.941138,0.0,-0.338021
160.468,75.0003,4163.32,0.941138,0.0,-0.338021
160.468,75.0003,4163.32,0.941138,0.0,-0.338021
166.937,0.0,4181.33,0.941138,0.0,-0.338021
160.468,0.0,4163.32,0.941138,0.0,-0.338021
160.468,75.0003,4163.32,0.981709,0.0,-0.190389
160.468,0.0,4163.32,0.981709,0.0,-0.190389
156.825,75.0003,4144.54,0.981709,0.0,-0.190389
156.825,75.0003,4144.54,0.981709,0.0,-0.190389
160.468,0.0,4163.32,0.981709,0.0,-0.190389
156.825,0.0,4144.54,0.981709,0.0,-0.190389
156.825,75.0003,4144.54,0.999266,0.0,-0.0383089
156.825,0.0,4144.54,0.999266,0.0,-0.0383089
156.092,75.0003,4125.41,0.999266,0.0,-0.0383089
156.092,75.0003,4125.41,0.999266,0.0,-0.0383089
156.825,0.0,4144.54,0.999266,0.0,-0.0383089
156.092,0.0,4125.41,0.999266,0.0,-0.0383089
156.092,75.0003,4125.41,0.993401,0.0,0.11469
156.092,0.0,4125.41,0.993401,0.0,0.11469
158.287,75.0003,4106.4,0.993401,0.0,0.11469
158.287,75.0003,4106.4,0.993401,0.0,0.11469
156.092,0.0,4125.41,0.993401,0.0,0.11469
158.287,0.0,4106.4,0.993401,0.0,0.11469
158.287,75.0003,4106.4,0.964255,0.0,0.264977
158.287,0.0,4106.4,0.964255,0.0,0.264977
163.357,75.0003,4087.95,0.964255,0.0,0.264977
163.357,75.0003,4087.95,0.964255,0.0,0.264977
158.287,0.0,4106.4,0.964255,0.0,0.264977
163.357,0.0,4087.95,0.964255,0.0,0.264977
163.357,75.0003,4087.95,0.912502,0.0,0.409073
163.357,0.0,4087.95,0.912502,0.0,0.409073
171.186,75.0003,4070.49,0.912502,0.0,0.409073
171.186,75.0003,4070.49,0.912502,0.0,0.409073
163.357,0.0,4087.95,0.912502,0.0,0.409073
171.186,0.0,4070.49,0.912502,0.0,0.409073
171.186,75.0003,4070.49,0.839366,0.0,0.543567
171.186,0.0,4070.49,0.839366,0.0,0.543567
181.588,75.0003,4054.42,0.839366,0.0,0.543567
181.588,75.0003,4054.42,0.839366,0.0,0.543567
171.186,0.0,4070.49,0.839366,0.0,0.543567
181.588,0.0,4054.42,0.839366,0.0,0.543567
181.588,75.0003,4054.42,0.74655,0.0,0.665329
181.588,0.0,4054.42,0.74655,0.0,0.665329
194.321,75.0003,4040.14,0.74655,0.0,0.665329
194.321,75.0003,4040.14,0.74655,0.0,0.665329
181.588,0.0,4054.42,0.74655,0.0,0.665329
194.321,0.0,4040.14,0.74655,0.0,0.665329
194.321,75.0003,4040.14,0.636242,0.0,0.771489
194.321,0.0,4040.14,0.636242,0.0,0.771489
209.085,75.0003,4027.96,0.636242,0.0,0.771489
209.085,75.0003,4027.96,0.636242,0.0,0.771489
194.321,0.0,4040.14,0.636242,0.0,0.771489
209.085,0.0,4027.96,0.636242,0.0,0.771489
209.085,75.0003,4027.96,0.511017,0.0,0.85957
209.085,0.0,4027.96,0.511017,0.0,0.85957
225.535,75.0003,4018.18,0.511017,0.0,0.85957
225.535,75.0003,4018.18,0.511017,0.0,0.85957
209.085,0.0,4027.96,0.511017,0.0,0.85957
225.535,0.0,4018.18,0.511017,0.0,0.85957
225.535,75.0003,4018.18,0.373828,0.0,0.927498
225.535,0.0,4018.18,0.373828,0.0,0.927498
243.285,75.0003,4011.03,0.373828,0.0,0.927498
243.285,75.0003,4011.03,0.373828,0.0,0.927498
225.535,0.0,4018.18,0.373828,0.0,0.927498
243.285,0.0,4011.03,0.373828,0.0,0.927498
243.285,75.0003,4011.03,0.227859,0.0,0.973694
243.285,0.0,4011.03,0.227859,0.0,0.973694
261.919,75.0003,4006.66,0.227859,0.0,0.973694
261.919,75.0003,4006.66,0.227859,0.0,0.973694
243.285,0.0,4011.03,0.227859,0.0,0.973694
261.919,0.0,4006.66,0.227859,0.0,0.973694
261.919,75.0003,4006.66,0.0765432,0.0,0.997066
261.919,0.0,4006.66,0.0765432,0.0,0.997066
281.0,75.0003,4005.2,0.0765432,0.0,0.997066
281.0,75.0003,4005.2,0.0765432,0.0,0.997066
261.919,0.0,4006.66,0.0765432,0.0,0.997066
281.0,0.0,4005.2,0.0765432,0.0,0.997066
281.0,75.0003,4005.2,-0.0765441,0.0,0.997066
281.0,0.0,4005.2,-0.0765441,0.0,0.997066
300.081,75.0003,4006.66,-0.0765441,0.0,0.997066
300.081,75.0003,4006.66,-0.0765441,0.0,0.997066
281.0,0.0,4005.2,-0.0765441,0.0,0.997066
300.081,0.0,4006.66,-0.0765441,0.0,0.997066
243.285,0.0,4011.03,0.0,-1.0,0.0
223.521,0.0,3855.14,0.0,-1.0,0.0
261.919,0.0,4006.66,0.0,-1.0,0.0
261.919,0.0,4006.66,0.0,-1.0,0.0
223.521,0.0,3855.14,0.0,-1.0,0.0
252.107,0.0,3850.69,0.0,-1.0,0.0
261.919,0.0,4006.66,0.0,-1.0,0.0
252.107,0.0,3850.69,0.0,-1.0,0.0
281.0,0.0,4005.2,0.0,-1.0,0.0
281.0,0.0,4005.2,0.0,-1.0,0.0
252.107,0.0,3850.69,0.0,-1.0,0.0
281.0,0.0,3849.2,0.0,-1.0,0.0
281.0,0.0,4005.2,0.0,-1.0,0.0
281.0,0.0,3849.2,0.0,-1.0,0.0
300.081,0.0,4006.66,0.0,-1.0,0.0
281.0,0.0,3849.2,0.0,-1.0,0.0
309.893,0.0,3850.69,0.0,-1.0,0.0
300.081,0.0,4006.66,0.0,-1.0,0.0
300.081,0.0,4006.66,0.0,-1.0,0.0
309.893,0.0,3850.69,0.0,-1.0,0.0
338.479,0.0,3855.14,0.0,-1.0,0.0
300.081,0.0,4006.66,0.0,-1.0,0.0
338.479,0.0,3855.14,0.0,-1.0,0.0
318.715,0.0,4011.03,0.0,-1.0,0.0
318.715,0.0,4011.03,0.0,-1.0,0.0
338.479,0.0,3855.14,0.0,-1.0,0.0
366.456,0.0,3862.51,0.0,-1.0,0.0
318.715,0.0,4011.03,0.0,-1.0,0.0
366.456,0.0,3862.51,0.0,-1.0,0.0
336.465,0.0,4018.18,0.0,-1.0,0.0
209.085,0.0,4027.96,0.0,-1.0,0.0
142.594,0.0,3885.65,0.0,-1.0,0.0
225.535,0.0,4018.18,0.0,-1.0,0.0
225.535,0.0,4018.18,0.0,-1.0,0.0
142.594,0.0,3885.65,0.0,-1.0,0.0
168.473,0.0,3872.72,0.0,-1.0,0.0
225.535,0.0,4018.18,0.0,-1.0,0.0
168.473,0.0,3872.72,0.0,-1.0,0.0
243.285,0.0,4011.03,0.0,-1.0,0.0
243.285,0.0,4011.03,0.0,-1.0,0.0
168.473,0.0,3872.72,0.0,-1.0,0.0
195.544,0.0,3862.51,0.0,-1.0,0.0
243.285,0.0,4011.03,0.0,-1.0,0.0
195.544,0.0,3862.51,0.0,-1.0,0.0
223.521,0.0,3855.14,0.0,-1.0,0.0
181.588,0.0,4054.42,0.0,-1.0,0.0
74.7783,0.0,3939.32,0.0,-1.0,0.0
194.321,0.0,4040.14,0.0,-1.0,0.0
194.321,0.0,4040.14,0.0,-1.0,0.0
74.7783,0.0,3939.32,0.0,-1.0,0.0
95.4974,0.0,3919.13,0.0,-1.0,0.0
194.321,0.0,4040.14,0.0,-1.0,0.0
95.4974,0.0,3919.13,0.0,-1.0,0.0
209.085,0.0,4027.96,0.0,-1.0,0.0
209.085,0.0,4027.96,0.0,-1.0,0.0
95.4974,0.0,3919.13,0.0,-1.0,0.0
118.183,0.0,3901.18,0.0,-1.0,0.0
209.085,0.0,4027.96,0.0,-1.0,0.0
118.183,0.0,3901.18,0.0,-1.0,0.0
142.594,0.0,3885.65,0.0,-1.0,0.0
163.357,0.0,4087.95,0.0,-1.0,0.0
26.4976,0.0,4011.08,0.0,-1.0,0.0
171.186,0.0,4070.49,0.0,-1.0,0.0
171.186,0.0,4070.49,0.0,-1.0,0.0
26.4976,0.0,4011.08,0.0,-1.0,0.0
40.0946,0.0,3985.54,0.0,-1.0,0.0
171.186,0.0,4070.49,0.0,-1.0,0.0
40.0946,0.0,3985.54,0.0,-1.0,0.0
181.588,0.0,4054.42,0.0,-1.0,0.0
181.588,0.0,4054.42,0.0,-1.0,0.0
40.0946,0.0,3985.54,0.0,-1.0,0.0
56.2453,0.0,3961.54,0.0,-1.0,0.0
181.588,0.0,4054.42,0.0,-1.0,0.0
56.2453,0.0,3961.54,0.0,-1.0,0.0
74.7783,0.0,3939.32,0.0,-1.0,0.0
156.092,0.0,4125.41,0.0,-1.0,0.0
2.32601,0.0,4094.12,0.0,-1.0,0.0
158.287,0.0,4106.4,0.0,-1.0,0.0
158.287,0.0,4106.4,0.0,-1.0,0.0
2.32601,0.0,4094.12,0.0,-1.0,0.0
7.51281,0.0,4065.66,0.0,-1.0,0.0
158.287,0.0,4106.4,0.0,-1.0,0.0
7.51281,0.0,4065.66,0.0,-1.0,0.0
163.357,0.0,4087.95,0.0,-1.0,0.0
163.357,0.0,4087.95,0.0,-1.0,0.0
7.51281,0.0,4065.66,0.0,-1.0,0.0
15.5985,0.0,4037.88,0.0,-1.0,0.0
163.357,0.0,4087.95,0.0,-1.0,0.0
15.5985,0.0,4037.88,0.0,-1.0,0.0
26.4976,0.0,4011.08,0.0,-1.0,0.0
160.468,0.0,4163.32,0.0,-1.0,0.0
4.55284,0.0,4180.58,0.0,-1.0,0.0
156.825,0.0,4144.54,0.0,-1.0,0.0
156.825,0.0,4144.54,0.0,-1.0,0.0
4.55284,0.0,4180.58,0.0,-1.0,0.0
0.838041,0.0,4151.89,0.0,-1.0,0.0
156.825,0.0,4144.54,0.0,-1.0,0.0
0.838041,0.0,4151.89,0.0,-1.0,0.0
156.092,0.0,4125.41,0.0,-1.0,0.0
156.092,0.0,4125.41,0.0,-1.0,0.0
0.838041,0.0,4151.89,0.0,-1.0,0.0
0.0932217,0.0,4122.96,0.0,-1.0,0.0
156.092,0.0,4125.41,0.0,-1.0,0.0
0.0932217,0.0,4122.96,0.0,-1.0,0.0
2.32601,0.0,4094.12,0.0,-1.0,0.0
176.079,0.0,4198.15,0.0,-1.0,0.0
32.9673,0.0,4262.26,0.0,-1.0,0.0
166.937,0.0,4181.33,0.0,-1.0,0.0
166.937,0.0,4181.33,0.0,-1.0,0.0
32.9673,0.0,4262.26,0.0,-1.0,0.0
20.7031,0.0,4236.06,0.0,-1.0,0.0
166.937,0.0,4181.33,0.0,-1.0,0.0
20.7031,0.0,4236.06,0.0,-1.0,0.0
160.468,0.0,4163.32,0.0,-1.0,0.0
160.468,0.0,4163.32,0.0,-1.0,0.0
20.7031,0.0,4236.06,0.0,-1.0,0.0
11.198,0.0,4208.74,0.0,-1.0,0.0
160.468,0.0,4163.32,0.0,-1.0,0.0
11.198,0.0,4208.74,0.0,-1.0,0.0
4.55284,0.0,4180.58,0.0,-1.0,0.0
374.319,0.0,4213.37,0.0,-1.0,0.0
477.122,0.0,4331.44,0.0,-1.0,0.0
360.53,0.0,4226.64,0.0,-1.0,0.0
360.53,0.0,4226.64,0.0,-1.0,0.0
477.122,0.0,4331.44,0.0,-1.0,0.0
455.391,0.0,4350.54,0.0,-1.0,0.0
360.53,0.0,4226.64,0.0,-1.0,0.0
455.391,0.0,4350.54,0.0,-1.0,0.0
344.877,0.0,4237.65,0.0,-1.0,0.0
366.456,0.0,3862.51,0.0,-1.0,0.0
393.527,0.0,3872.72,0.0,-1.0,0.0
336.465,0.0,4018.18,0.0,-1.0,0.0
336.465,0.0,4018.18,0.0,-1.0,0.0
393.527,0.0,3872.72,0.0,-1.0,0.0
419.406,0.0,3885.65,0.0,-1.0,0.0
336.465,0.0,4018.18,0.0,-1.0,0.0
419.406,0.0,3885.65,0.0,-1.0,0.0
352.915,0.0,4027.96,0.0,-1.0,0.0
352.915,0.0,4027.96,0.0,-1.0,0.0
419.406,0.0,3885.65,0.0,-1.0,0.0
443.817,0.0,3901.18,0.0,-1.0,0.0
352.915,0.0,4027.96,0.0,-1.0,0.0
443.817,0.0,3901.18,0.0,-1.0,0.0
367.679,0.0,4040.14,0.0,-1.0,0.0
201.47,0.0,4226.64,0.0,-1.0,0.0
84.8777,0.0,4331.44,0.0,-1.0,0.0
187.681,0.0,4213.37,0.0,-1.0,0.0
187.681,0.0,4213.37,0.0,-1.0,0.0
84.8777,0.0,4331.44,0.0,-1.0,0.0
65.2256,0.0,4310.21,0.0,-1.0,0.0
187.681,0.0,4213.37,0.0,-1.0,0.0
65.2256,0.0,4310.21,0.0,-1.0,0.0
176.079,0.0,4198.15,0.0,-1.0,0.0
176.079,0.0,4198.15,0.0,-1.0,0.0
65.2256,0.0,4310.21,0.0,-1.0,0.0
47.8609,0.0,4287.07,0.0,-1.0,0.0
176.079,0.0,4198.15,0.0,-1.0,0.0
47.8609,0.0,4287.07,0.0,-1.0,0.0
32.9673,0.0,4262.26,0.0,-1.0,0.0
234.273,0.0,4246.14,0.0,-1.0,0.0
155.367,0.0,4381.55,0.0,-1.0,0.0
217.123,0.0,4237.65,0.0,-1.0,0.0
217.123,0.0,4237.65,0.0,-1.0,0.0
155.367,0.0,4381.55,0.0,-1.0,0.0
130.188,0.0,4367.3,0.0,-1.0,0.0
217.123,0.0,4237.65,0.0,-1.0,0.0
130.188,0.0,4367.3,0.0,-1.0,0.0
201.47,0.0,4226.64,0.0,-1.0,0.0
201.47,0.0,4226.64,0.0,-1.0,0.0
130.188,0.0,4367.3,0.0,-1.0,0.0
106.609,0.0,4350.54,0.0,-1.0,0.0
201.47,0.0,4226.64,0.0,-1.0,0.0
106.609,0.0,4350.54,0.0,-1.0,0.0
84.8777,0.0,4331.44,0.0,-1.0,0.0
271.431,0.0,4254.83,0.0,-1.0,0.0
237.757,0.0,4407.85,0.0,-1.0,0.0
252.518,0.0,4251.91,0.0,-1.0,0.0
252.518,0.0,4251.91,0.0,-1.0,0.0
237.757,0.0,4407.85,0.0,-1.0,0.0
209.437,0.0,4401.93,0.0,-1.0,0.0
252.518,0.0,4251.91,0.0,-1.0,0.0
209.437,0.0,4401.93,0.0,-1.0,0.0
234.273,0.0,4246.14,0.0,-1.0,0.0
234.273,0.0,4246.14,0.0,-1.0,0.0
209.437,0.0,4401.93,0.0,-1.0,0.0
181.877,0.0,4393.14,0.0,-1.0,0.0
234.273,0.0,4246.14,0.0,-1.0,0.0
181.877,0.0,4393.14,0.0,-1.0,0.0
155.367,0.0,4381.55,0.0,-1.0,0.0
455.391,0.0,4350.54,0.0,-1.0,0.0
431.812,0.0,4367.3,0.0,-1.0,0.0
344.877,0.0,4237.65,0.0,-1.0,0.0
344.877,0.0,4237.65,0.0,-1.0,0.0
431.812,0.0,4367.3,0.0,-1.0,0.0
406.633,0.0,4381.55,0.0,-1.0,0.0
344.877,0.0,4237.65,0.0,-1.0,0.0
406.633,0.0,4381.55,0.0,-1.0,0.0
327.727,0.0,4246.14,0.0,-1.0,0.0
327.727,0.0,4246.14,0.0,-1.0,0.0
406.633,0.0,4381.55,0.0,-1.0,0.0
380.123,0.0,4393.14,0.0,-1.0,0.0
327.727,0.0,4246.14,0.0,-1.0,0.0
380.123,0.0,4393.14,0.0,-1.0,0.0
309.482,0.0,4251.91,0.0,-1.0,0.0
395.063,0.0,4181.33,0.0,-1.0,0.0
529.033,0.0,4262.26,0.0,-1.0,0.0
385.921,0.0,4198.15,0.0,-1.0,0.0
385.921,0.0,4198.15,0.0,-1.0,0.0
529.033,0.0,4262.26,0.0,-1.0,0.0
514.139,0.0,4287.07,0.0,-1.0,0.0
385.921,0.0,4198.15,0.0,-1.0,0.0
514.139,0.0,4287.07,0.0,-1.0,0.0
374.319,0.0,4213.37,0.0,-1.0,0.0
374.319,0.0,4213.37,0.0,-1.0,0.0
514.139,0.0,4287.07,0.0,-1.0,0.0
496.774,0.0,4310.21,0.0,-1.0,0.0
374.319,0.0,4213.37,0.0,-1.0,0.0
496.774,0.0,4310.21,0.0,-1.0,0.0
477.122,0.0,4331.44,0.0,-1.0,0.0
405.175,0.0,4144.54,0.0,-1.0,0.0
557.447,0.0,4180.58,0.0,-1.0,0.0
401.532,0.0,4163.32,0.0,-1.0,0.0
401.532,0.0,4163.32,0.0,-1.0,0.0
557.447,0.0,4180.58,0.0,-1.0,0.0
550.802,0.0,4208.74,0.0,-1.0,0.0
401.532,0.0,4163.32,0.0,-1.0,0.0
550.802,0.0,4208.74,0.0,-1.0,0.0
395.063,0.0,4181.33,0.0,-1.0,0.0
395.063,0.0,4181.33,0.0,-1.0,0.0
550.802,0.0,4208.74,0.0,-1.0,0.0
541.297,0.0,4236.06,0.0,-1.0,0.0
395.063,0.0,4181.33,0.0,-1.0,0.0
541.297,0.0,4236.06,0.0,-1.0,0.0
529.033,0.0,4262.26,0.0,-1.0,0.0
403.714,0.0,4106.4,0.0,-1.0,0.0
559.674,0.0,4094.12,0.0,-1.0,0.0
405.908,0.0,4125.41,0.0,-1.0,0.0
405.908,0.0,4125.41,0.0,-1.0,0.0
559.674,0.0,4094.12,0.0,-1.0,0.0
561.907,0.0,4122.96,0.0,-1.0,0.0
405.908,0.0,4125.41,0.0,-1.0,0.0
561.907,0.0,4122.96,0.0,-1.0,0.0
405.175,0.0,4144.54,0.0,-1.0,0.0
405.175,0.0,4144.54,0.0,-1.0,0.0
561.907,0.0,4122.96,0.0,-1.0,0.0
561.162,0.0,4151.89,0.0,-1.0,0.0
405.175,0.0,4144.54,0.0,-1.0,0.0
561.162,0.0,4151.89,0.0,-1.0,0.0
557.447,0.0,4180.58,0.0,-1.0,0.0
390.814,0.0,4070.49,0.0,-1.0,0.0
535.502,0.0,4011.08,0.0,-1.0,0.0
398.643,0.0,4087.95,0.0,-1.0,0.0
398.643,0.0,4087.95,0.0,-1.0,0.0
535.502,0.0,4011.08,0.0,-1.0,0.0
546.401,0.0,4037.88,0.0,-1.0,0.0
398.643,0.0,4087.95,0.0,-1.0,0.0
546.401,0.0,4037.88,0.0,-1.0,0.0
403.714,0.0,4106.4,0.0,-1.0,0.0
403.714,0.0,4106.4,0.0,-1.0,0.0
546.401,0.0,4037.88,0.0,-1.0,0.0
554.487,0.0,4065.66,0.0,-1.0,0.0
403.714,0.0,4106.4,0.0,-1.0,0.0
554.487,0.0,4065.66,0.0,-1.0,0.0
559.674,0.0,4094.12,0.0,-1.0,0.0
443.817,0.0,3901.18,0.0,-1.0,0.0
466.503,0.0,3919.13,0.0,-1.0,0.0
367.679,0.0,4040.14,0.0,-1.0,0.0
367.679,0.0,4040.14,0.0,-1.0,0.0
466.503,0.0,3919.13,0.0,-1.0,0.0
487.222,0.0,3939.32,0.0,-1.0,0.0
367.679,0.0,4040.14,0.0,-1.0,0.0
487.222,0.0,3939.32,0.0,-1.0,0.0
380.412,0.0,4054.42,0.0,-1.0,0.0
380.412,0.0,4054.42,0.0,-1.0,0.0
487.222,0.0,3939.32,0.0,-1.0,0.0
505.755,0.0,3961.54,0.0,-1.0,0.0
380.412,0.0,4054.42,0.0,-1.0,0.0
505.755,0.0,3961.54,0.0,-1.0,0.0
390.814,0.0,4070.49,0.0,-1.0,0.0
390.814,0.0,4070.49,0.0,-1.0,0.0
505.755,0.0,3961.54,0.0,-1.0,0.0
521.905,0.0,3985.54,0.0,-1.0,0.0
390.814,0.0,4070.49,0.0,-1.0,0.0
521.905,0.0,3985.54,0.0,-1.0,0.0
535.502,0.0,4011.08,0.0,-1.0,0.0
380.123,0.0,4393.14,0.0,-1.0,0.0
352.563,0.0,4401.93,0.0,-1.0,0.0
309.482,0.0,4251.91,0.0,-1.0,0.0
309.482,0.0,4251.91,0.0,-1.0,0.0
352.563,0.0,4401.93,0.0,-1.0,0.0
324.243,0.0,4407.85,0.0,-1.0,0.0
309.482,0.0,4251.91,0.0,-1.0,0.0
324.243,0.0,4407.85,0.0,-1.0,0.0
290.569,0.0,4254.83,0.0,-1.0,0.0
290.569,0.0,4254.83,0.0,-1.0,0.0
324.243,0.0,4407.85,0.0,-1.0,0.0
295.465,0.0,4410.83,0.0,-1.0,0.0
290.569,0.0,4254.83,0.0,-1.0,0.0
295.465,0.0,4410.83,0.0,-1.0,0.0
271.431,0.0,4254.83,0.0,-1.0,0.0
271.431,0.0,4254.83,0.0,-1.0,0.0
295.465,0.0,4410.83,0.0,-1.0,0.0
266.535,0.0,4410.83,0.0,-1.0,0.0
271.431,0.0,4254.83,0.0,-1.0,0.0
266.535,0.0,4410.83,0.0,-1.0,0.0
237.757,0.0,4407.85,0.0,-1.0,0.0
