304.5,4999.0,7321.42,0.187379,0.0,0.982288
304.5,4955.0,7321.42,0.187379,0.0,0.982288
327.629,4999.0,7317.01,0.187379,0.0,0.982288
327.629,4999.0,7317.01,0.187379,0.0,0.982288
304.5,4955.0,7321.42,0.187379,0.0,0.982288
327.629,4955.0,7317.01,0.187379,0.0,0.982288
327.629,4999.0,7317.01,0.309022,0.0,0.951055
327.629,4955.0,7317.01,0.309022,0.0,0.951055
350.023,4999.0,7309.73,0.309022,0.0,0.951055
350.023,4999.0,7309.73,0.309022,0.0,0.951055
327.629,4955.0,7317.01,0.309022,0.0,0.951055
350.023,4955.0,7309.73,0.309022,0.0,0.951055
350.023,4999.0,7309.73,0.425772,0.0,0.90483
350.023,4955.0,7309.73,0.425772,0.0,0.90483
371.329,4999.0,7299.71,0.425772,0.0,0.90483
371.329,4999.0,7299.71,0.425772,0.0,0.90483
350.023,4955.0,7309.73,0.425772,0.0,0.90483
371.329,4955.0,7299.71,0.425772,0.0,0.90483
371.329,4999.0,7299.71,0.535823,0.0,0.84433
371.329,4955.0,7299.71,0.535823,0.0,0.84433
391.21,4999.0,7287.09,0.535823,0.0,0.84433
391.21,4999.0,7287.09,0.535823,0.0,0.84433
371.329,4955.0,7299.71,0.535823,0.0,0.84433
391.21,4955.0,7287.09,0.535823,0.0,0.84433
391.21,4999.0,7287.09,0.637417,0.0,0.770519
391.21,4955.0,7287.09,0.637417,0.0,0.770519
409.353,4999.0,7272.08,0.637417,0.0,0.770519
409.353,4999.0,7272.08,0.637417,0.0,0.770519
391.21,4955.0,7287.09,0.637417,0.0,0.770519
409.353,4955.0,7272.08,0.637417,0.0,0.770519
409.353,4999.0,7272.08,0.728977,0.0,0.684538
409.353,4955.0,7272.08,0.728977,0.0,0.684538
425.471,4999.0,7254.92,0.728977,0.0,0.684538
425.471,4999.0,7254.92,0.728977,0.0,0.684538
409.353,4955.0,7272.08,0.728977,0.0,0.684538
425.471,4955.0,7254.92,0.728977,0.0,0.684538
425.471,4999.0,7254.92,0.809015,0.0,0.587788
425.471,4955.0,7254.92,0.809015,0.0,0.587788
439.311,4999.0,7235.87,0.809015,0.0,0.587788
439.311,4999.0,7235.87,0.809015,0.0,0.587788
425.471,4955.0,7254.92,0.809015,0.0,0.587788
439.311,4955.0,7235.87,0.809015,0.0,0.587788
439.311,4999.0,7235.87,0.876306,0.0,0.481755
439.311,4955.0,7235.87,0.876306,0.0,0.481755
450.655,4999.0,7215.23,0.876306,0.0,0.481755
450.655,4999.0,7215.23,0.876306,0.0,0.481755
439.311,4955.0,7235.87,0.876306,0.0,0.481755
450.655,4955.0,7215.23,0.876306,0.0,0.481755
450.655,4999.0,7215.23,0.929777,0.0,0.368124
450.655,4955.0,7215.23,0.929777,0.0,0.368124
459.323,4999.0,7193.34,0.929777,0.0,0.368124
459.323,4999.0,7193.34,0.929777,0.0,0.368124
450.655,4955.0,7215.23,0.929777,0.0,0.368124
459.323,4955.0,7193.34,0.929777,0.0,0.368124
459.323,4999.0,7193.34,0.968583,0.0,0.24869
459.323,4955.0,7193.34,0.968583,0.0,0.24869
465.179,4999.0,7170.53,0.968583,0.0,0.24869
465.179,4999.0,7170.53,0.968583,0.0,0.24869
459.323,4955.0,7193.34,0.968583,0.0,0.24869
465.179,4955.0,7170.53,0.968583,0.0,0.24869
465.179,4999.0,7170.53,0.992115,0.0,0.125334
465.179,4955.0,7170.53,0.992115,0.0,0.125334
468.13,4999.0,7147.17,0.992115,0.0,0.125334
468.13,4999.0,7147.17,0.992115,0.0,0.125334
465.179,4955.0,7170.53,0.992115,0.0,0.125334
468.13,4955.0,7147.17,0.992115,0.0,0.125334
468.13,4999.0,7147.17,1.0,0.0,0.0
468.13,4955.0,7147.17,1.0,0.0,0.0
468.13,4999.0,7123.63,1.0,0.0,0.0
468.13,4999.0,7123.63,1.0,0.0,0.0
468.13,4955.0,7147.17,1.0,0.0,0.0
468.13,4955.0,7123.63,1.0,0.0,0.0
468.13,4999.0,7123.63,0.992115,0.0,-0.125334
468.13,4955.0,7123.63,0.992115,0.0,-0.125334
465.179,4999.0,7100.27,0.992115,0.0,-0.125334
465.179,4999.0,7100.27,0.992115,0.0,-0.125334
468.13,4955.0,7123.63,0.992115,0.0,-0.125334
465.179,4955.0,7100.27,0.992115,0.0,-0.125334
465.179,4999.0,7100.27,0.968583,0.0,-0.24869
465.179,4955.0,7100.27,0.968583,0.0,-0.24869
459.323,4999.0,7077.46,0.968583,0.0,-0.24869
459.323,4999.0,7077.46,0.968583,0.0,-0.24869
465.179,4955.0,7100.27,0.968583,0.0,-0.24869
459.323,4955.0,7077.46,0.968583,0.0,-0.24869
459.323,4999.0,7077.46,0.929777,0.0,-0.368124
459.323,4955.0,7077.46,0.929777,0.0,-0.368124
450.655,4999.0,7055.57,0.929777,0.0,-0.368124
450.655,4999.0,7055.57,0.929777,0.0,-0.368124
459.323,4955.0,7077.46,0.929777,0.0,-0.368124
450.655,4955.0,7055.57,0.929777,0.0,-0.368124
450.655,4999.0,7055.57,0.876306,0.0,-0.481755
450.655,4955.0,7055.57,0.876306,0.0,-0.481755
439.311,4999.0,7034.93,0.876306,0.0,-0.481755
439.311,4999.0,7034.93,0.876306,0.0,-0.481755
450.655,4955.0,7055.57,0.876306,0.0,-0.481755
439.311,4955.0,7034.93,0.876306,0.0,-0.481755
439.311,4999.0,7034.93,0.809022,0.0,-0.587778
439.311,4955.0,7034.93,0.809022,0.0,-0.587778
425.471,4999.0,7015.88,0.809022,0.0,-0.587778
425.471,4999.0,7015.88,0.809022,0.0,-0.587778
439.311,4955.0,7034.93,0.809022,0.0,-0.587778
425.471,4955.0,7015.88,0.809022,0.0,-0.587778
425.471,4999.0,7015.88,0.728967,0.0,-0.684549
425.471,4955.0,7015.88,0.728967,0.0,-0.684549
409.353,4999.0,6998.72,0.728967,0.0,-0.684549
409.353,4999.0,6998.72,0.728967,0.0,-0.684549
425.471,4955.0,7015.88,0.728967,0.0,-0.684549
409.353,4955.0,6998.72,0.728967,0.0,-0.684549
409.353,4999.0,6998.72,0.637417,0.0,-0.770519
409.353,4955.0,6998.72,0.637417,0.0,-0.770519
391.21,4999.0,6983.71,0.637417,0.0,-0.770519
391.21,4999.0,6983.71,0.637417,0.0,-0.770519
409.353,4955.0,6998.72,0.637417,0.0,-0.770519
391.21,4955.0,6983.71,0.637417,0.0,-0.770519
391.21,4999.0,6983.71,0.535823,0.0,-0.84433
391.21,4955.0,6983.71,0.535823,0.0,-0.84433
371.329,4999.0,6971.09,0.535823,0.0,-0.84433
371.329,4999.0,6971.09,0.535823,0.0,-0.84433
391.21,4955.0,6983.71,0.535823,0.0,-0.84433
371.329,4955.0,6971.09,0.535823,0.0,-0.84433
371.329,4999.0,6971.09,0.425789,0.0,-0.904822
371.329,4955.0,6971.09,0.425789,0.0,-0.904822
350.023,4999.0,6961.07,0.425789,0.0,-0.904822
350.023,4999.0,6961.07,0.425789,0.0,-0.904822
371.329,4955.0,6971.09,0.425789,0.0,-0.904822
350.023,4955.0,6961.07,0.425789,0.0,-0.904822
350.023,4999.0,6961.07,0.309022,0.0,-0.951055
350.023,4955.0,6961.07,0.309022,0.0,-0.951055
327.629,4999.0,6953.79,0.309022,0.0,-0.951055
327.629,4999.0,6953.79,0.309022,0.0,-0.951055
350.023,4955.0,6961.07,0.309022,0.0,-0.951055
327.629,4955.0,6953.79,0.309022,0.0,-0.951055
327.629,4999.0,6953.79,0.187379,0.0,-0.982288
327.629,4955.0,6953.79,0.187379,0.0,-0.982288
304.5,4999.0,6949.38,0.187379,0.0,-0.982288
304.5,4999.0,6949.38,0.187379,0.0,-0.982288
327.629,4955.0,6953.79,0.187379,0.0,-0.982288
304.5,4955.0,6949.38,0.187379,0.0,-0.982288
304.5,4999.0,6949.38,0.0627915,0.0,-0.998027
304.5,4955.0,6949.38,0.0627915,0.0,-0.998027
281.0,4999.0,6947.9,0.0627915,0.0,-0.998027
281.0,4999.0,6947.9,0.0627915,0.0,-0.998027
304.5,4955.0,6949.38,0.0627915,0.0,-0.998027
281.0,4955.0,6947.9,0.0627915,0.0,-0.998027
281.0,4999.0,6947.9,-0.0627914,0.0,-0.998027
281.0,4955.0,6947.9,-0.0627914,0.0,-0.998027
257.5,4999.0,6949.38,-0.0627914,0.0,-0.998027
257.5,4999.0,6949.38,-0.0627914,0.0,-0.998027
281.0,4955.0,6947.9,-0.0627914,0.0,-0.998027
257.5,4955.0,6949.38,-0.0627914,0.0,-0.998027
257.5,4999.0,6949.38,-0.187379,0.0,-0.982288
257.5,4955.0,6949.38,-0.187379,0.0,-0.982288
234.371,4999.0,6953.79,-0.187379,0.0,-0.982288
234.371,4999.0,6953.79,-0.187379,0.0,-0.982288
257.5,4955.0,6949.38,-0.187379,0.0,-0.982288
234.371,4955.0,6953.79,-0.187379,0.0,-0.982288
234.371,4999.0,6953.79,-0.309021,0.0,-0.951055
234.371,4955.0,6953.79,-0.309021,0.0,-0.951055
211.977,4999.0,6961.07,-0.309021,0.0,-0.951055
211.977,4999.0,6961.07,-0.309021,0.0,-0.951055
234.371,4955.0,6953.79,-0.309021,0.0,-0.951055
211.977,4955.0,6961.07,-0.309021,0.0,-0.951055
211.977,4999.0,6961.07,-0.425789,0.0,-0.904822
211.977,4955.0,6961.07,-0.425789,0.0,-0.904822
190.671,4999.0,6971.09,-0.425789,0.0,-0.904822
190.671,4999.0,6971.09,-0.425789,0.0,-0.904822
211.977,4955.0,6961.07,-0.425789,0.0,-0.904822
190.671,4955.0,6971.09,-0.425789,0.0,-0.904822
190.671,4999.0,6971.09,-0.535823,0.0,-0.84433
190.671,4955.0,6971.09,-0.535823,0.0,-0.84433
170.79,4999.0,6983.71,-0.535823,0.0,-0.84433
170.79,4999.0,6983.71,-0.535823,0.0,-0.84433
190.671,4955.0,6971.09,-0.535823,0.0,-0.84433
170.79,4955.0,6983.71,-0.535823,0.0,-0.84433
170.79,4999.0,6983.71,-0.637417,0.0,-0.770519
170.79,4955.0,6983.71,-0.637417,0.0,-0.770519
152.647,4999.0,6998.72,-0.637417,0.0,-0.770519
152.647,4999.0,6998.72,-0.637417,0.0,-0.770519
170.79,4955.0,6983.71,-0.637417,0.0,-0.770519
152.647,4955.0,6998.72,-0.637417,0.0,-0.770519
152.647,4999.0,6998.72,-0.728968,0.0,-0.684548
152.647,4955.0,6998.72,-0.728968,0.0,-0.684548
136.529,4999.0,7015.88,-0.728968,0.0,-0.684548
136.529,4999.0,7015.88,-0.728968,0.0,-0.684548
152.647,4955.0,6998.72,-0.728968,0.0,-0.684548
136.529,4955.0,7015.88,-0.728968,0.0,-0.684548
136.529,4999.0,7015.88,-0.809022,0.0,-0.587779
136.529,4955.0,7015.88,-0.809022,0.0,-0.587779
122.688,4999.0,7034.93,-0.809022,0.0,-0.587779
122.688,4999.0,7034.93,-0.809022,0.0,-0.587779
136.529,4955.0,7015.88,-0.809022,0.0,-0.587779
122.688,4955.0,7034.93,-0.809022,0.0,-0.587779
122.688,4999.0,7034.93,-0.876306,0.0,-0.481756
122.688,4955.0,7034.93,-0.876306,0.0,-0.481756
111.345,4999.0,7055.57,-0.876306,0.0,-0.481756
111.345,4999.0,7055.57,-0.876306,0.0,-0.481756
122.688,4955.0,7034.93,-0.876306,0.0,-0.481756
111.345,4955.0,7055.57,-0.876306,0.0,-0.481756
111.345,4999.0,7055.57,-0.929777,0.0,-0.368122
111.345,4955.0,7055.57,-0.929777,0.0,-0.368122
102.677,4999.0,7077.46,-0.929777,0.0,-0.368122
102.677,4999.0,7077.46,-0.929777,0.0,-0.368122
111.345,4955.0,7055.57,-0.929777,0.0,-0.368122
102.677,4955.0,7077.46,-0.929777,0.0,-0.368122
102.677,4999.0,7077.46,-0.968583,0.0,-0.248691
102.677,4955.0,7077.46,-0.968583,0.0,-0.248691
96.8211,4999.0,7100.27,-0.968583,0.0,-0.248691
96.8211,4999.0,7100.27,-0.968583,0.0,-0.248691
102.677,4955.0,7077.46,-0.968583,0.0,-0.248691
96.8211,4955.0,7100.27,-0.968583,0.0,-0.248691
96.8211,4999.0,7100.27,-0.992115,0.0,-0.125332
96.8211,4955.0,7100.27,-0.992115,0.0,-0.125332
93.87,4999.0,7123.63,-0.992115,0.0,-0.125332
93.87,4999.0,7123.63,-0.992115,0.0,-0.125332
96.8211,4955.0,7100.27,-0.992115,0.0,-0.125332
93.87,4955.0,7123.63,-0.992115,0.0,-0.125332
93.87,4999.0,7123.63,-1.0,0.0,0.0
93.87,4955.0,7123.63,-1.0,0.0,0.0
93.87,4999.0,7147.17,-1.0,0.0,0.0
93.87,4999.0,7147.17,-1.0,0.0,0.0
93.87,4955.0,7123.63,-1.0,0.0,0.0
93.87,4955.0,7147.17,-1.0,0.0,0.0
93.87,4999.0,7147.17,-0.992115,0.0,0.125332
93.87,4955.0,7147.17,-0.992115,0.0,0.125332
96.8211,4999.0,7170.53,-0.992115,0.0,0.125332
96.8211,4999.0,7170.53,-0.992115,0.0,0.125332
93.87,4955.0,7147.17,-0.992115,0.0,0.125332
96.8211,4955.0,7170.53,-0.992115,0.0,0.125332
96.8211,4999.0,7170.53,-0.968583,0.0,0.248691
96.8211,4955.0,7170.53,-0.968583,0.0,0.248691
102.677,4999.0,7193.34,-0.968583,0.0,0.248691
102.677,4999.0,7193.34,-0.968583,0.0,0.248691
96.8211,4955.0,7170.53,-0.968583,0.0,0.248691
102.677,4955.0,7193.34,-0.968583,0.0,0.248691
102.677,4999.0,7193.34,-0.929777,0.0,0.368122
102.677,4955.0,7193.34,-0.929777,0.0,0.368122
111.345,4999.0,7215.23,-0.929777,0.0,0.368122
111.345,4999.0,7215.23,-0.929777,0.0,0.368122
102.677,4955.0,7193.34,-0.929777,0.0,0.368122
111.345,4955.0,7215.23,-0.929777,0.0,0.368122
111.345,4999.0,7215.23,-0.876306,0.0,0.481756
111.345,4955.0,7215.23,-0.876306,0.0,0.481756
122.688,4999.0,7235.87,-0.876306,0.0,0.481756
122.688,4999.0,7235.87,-0.876306,0.0,0.481756
111.345,4955.0,7215.23,-0.876306,0.0,0.481756
122.688,4955.0,7235.87,-0.876306,0.0,0.481756
122.688,4999.0,7235.87,-0.809014,0.0,0.587789
122.688,4955.0,7235.87,-0.809014,0.0,0.587789
136.529,4999.0,7254.92,-0.809014,0.0,0.587789
136.529,4999.0,7254.92,-0.809014,0.0,0.587789
122.688,4955.0,7235.87,-0.809014,0.0,0.587789
136.529,4955.0,7254.92,-0.809014,0.0,0.587789
136.529,4999.0,7254.92,-0.728977,0.0,0.684538
136.529,4955.0,7254.92,-0.728977,0.0,0.684538
152.647,4999.0,7272.08,-0.728977,0.0,0.684538
152.647,4999.0,7272.08,-0.728977,0.0,0.684538
136.529,4955.0,7254.92,-0.728977,0.0,0.684538
152.647,4955.0,7272.08,-0.728977,0.0,0.684538
152.647,4999.0,7272.08,-0.637417,0.0,0.770519
152.647,4955.0,7272.08,-0.637417,0.0,0.770519
170.79,4999.0,7287.09,-0.637417,0.0,0.770519
170.79,4999.0,7287.09,-0.637417,0.0,0.770519
152.647,4955.0,7272.08,-0.637417,0.0,0.770519
170.79,4955.0,7287.09,-0.637417,0.0,0.770519
170.79,4999.0,7287.09,-0.535823,0.0,0.84433
170.79,4955.0,7287.09,-0.535823,0.0,0.84433
190.671,4999.0,7299.71,-0.535823,0.0,0.84433
190.671,4999.0,7299.71,-0.535823,0.0,0.84433
170.79,4955.0,7287.09,-0.535823,0.0,0.84433
190.671,4955.0,7299.71,-0.535823,0.0,0.84433
190.671,4999.0,7299.71,-0.425772,0.0,0.90483
190.671,4955.0,7299.71,-0.425772,0.0,0.90483
211.977,4999.0,7309.73,-0.425772,0.0,0.90483
211.977,4999.0,7309.73,-0.425772,0.0,0.90483
190.671,4955.0,7299.71,-0.425772,0.0,0.90483
211.977,4955.0,7309.73,-0.425772,0.0,0.90483
211.977,4999.0,7309.73,-0.309021,0.0,0.951055
211.977,4955.0,7309.73,-0.309021,0.0,0.951055
234.371,4999.0,7317.01,-0.309021,0.0,0.951055
234.371,4999.0,7317.01,-0.309021,0.0,0.951055
211.977,4955.0,7309.73,-0.309021,0.0,0.951055
234.371,4955.0,7317.01,-0.309021,0.0,0.951055
234.371,4999.0,7317.01,-0.187379,0.0,0.982288
234.371,4955.0,7317.01,-0.187379,0.0,0.982288
257.5,4999.0,7321.42,-0.187379,0.0,0.982288
257.5,4999.0,7321.42,-0.187379,0.0,0.982288
234.371,4955.0,7317.01,-0.187379,0.0,0.982288
257.5,4955.0,7321.42,-0.187379,0.0,0.982288
257.5,4999.0,7321.42,-0.0627914,0.0,0.998027
257.5,4955.0,7321.42,-0.0627914,0.0,0.998027
281.0,4999.0,7322.9,-0.0627914,0.0,0.998027
281.0,4999.0,7322.9,-0.0627914,0.0,0.998027
257.5,4955.0,7321.42,-0.0627914,0.0,0.998027
281.0,4955.0,7322.9,-0.0627914,0.0,0.998027
281.0,4999.0,7322.9,0.0627915,0.0,0.998027
281.0,4955.0,7322.9,0.0627915,0.0,0.998027
304.5,4999.0,7321.42,0.0627915,0.0,0.998027
304.5,4999.0,7321.42,0.0627915,0.0,0.998027
281.0,4955.0,7322.9,0.0627915,0.0,0.998027
304.5,4955.0,7321.42,0.0627915,0.0,0.998027
257.5,4999.0,6949.38,0.0,-1.0,0.0
266.534,4999.0,6854.77,0.0,-1.0,0.0
281.0,4999.0,6947.9,0.0,-1.0,0.0
281.0,4999.0,6947.9,0.0,-1.0,0.0
266.534,4999.0,6854.77,0.0,-1.0,0.0
295.466,4999.0,6854.77,0.0,-1.0,0.0
281.0,4999.0,6947.9,0.0,-1.0,0.0
295.466,4999.0,6854.77,0.0,-1.0,0.0
304.5,4999.0,6949.38,0.0,-1.0,0.0
304.5,4999.0,6949.38,0.0,-1.0,0.0
295.466,4999.0,6854.77,0.0,-1.0,0.0
324.243,4999.0,6857.75,0.0,-1.0,0.0
304.5,4999.0,6949.38,0.0,-1.0,0.0
324.243,4999.0,6857.75,0.0,-1.0,0.0
327.629,4999.0,6953.79,0.0,-1.0,0.0
327.629,4999.0,6953.79,0.0,-1.0,0.0
324.243,4999.0,6857.75,0.0,-1.0,0.0
352.563,4999.0,6863.67,0.0,-1.0,0.0
327.629,4999.0,6953.79,0.0,-1.0,0.0
352.563,4999.0,6863.67,0.0,-1.0,0.0
350.023,4999.0,6961.07,0.0,-1.0,0.0
350.023,4999.0,6961.07,0.0,-1.0,0.0
352.563,4999.0,6863.67,0.0,-1.0,0.0
380.123,4999.0,6872.46,0.0,-1.0,0.0
350.023,4999.0,6961.07,0.0,-1.0,0.0
380.123,4999.0,6872.46,0.0,-1.0,0.0
371.329,4999.0,6971.09,0.0,-1.0,0.0
380.123,4999.0,6872.46,0.0,-1.0,0.0
406.633,4999.0,6884.05,0.0,-1.0,0.0
371.329,4999.0,6971.09,0.0,-1.0,0.0
371.329,4999.0,6971.09,0.0,-1.0,0.0
406.633,4999.0,6884.05,0.0,-1.0,0.0
431.812,4999.0,6898.3,0.0,-1.0,0.0
371.329,4999.0,6971.09,0.0,-1.0,0.0
431.812,4999.0,6898.3,0.0,-1.0,0.0
391.21,4999.0,6983.71,0.0,-1.0,0.0
391.21,4999.0,6983.71,0.0,-1.0,0.0
431.812,4999.0,6898.3,0.0,-1.0,0.0
455.391,4999.0,6915.06,0.0,-1.0,0.0
391.21,4999.0,6983.71,0.0,-1.0,0.0
455.391,4999.0,6915.06,0.0,-1.0,0.0
409.353,4999.0,6998.72,0.0,-1.0,0.0
409.353,4999.0,6998.72,0.0,-1.0,0.0
455.391,4999.0,6915.06,0.0,-1.0,0.0
477.122,4999.0,6934.16,0.0,-1.0,0.0
409.353,4999.0,6998.72,0.0,-1.0,0.0
477.122,4999.0,6934.16,0.0,-1.0,0.0
425.471,4999.0,7015.88,0.0,-1.0,0.0
425.471,4999.0,7015.88,0.0,-1.0,0.0
477.122,4999.0,6934.16,0.0,-1.0,0.0
496.774,4999.0,6955.39,0.0,-1.0,0.0
425.471,4999.0,7015.88,0.0,-1.0,0.0
496.774,4999.0,6955.39,0.0,-1.0,0.0
439.311,4999.0,7034.93,0.0,-1.0,0.0
439.311,4999.0,7034.93,0.0,-1.0,0.0
496.774,4999.0,6955.39,0.0,-1.0,0.0
514.139,4999.0,6978.53,0.0,-1.0,0.0
439.311,4999.0,7034.93,0.0,-1.0,0.0
514.139,4999.0,6978.53,0.0,-1.0,0.0
450.655,4999.0,7055.57,0.0,-1.0,0.0
170.79,4999.0,6983.71,0.0,-1.0,0.0
130.188,4999.0,6898.3,0.0,-1.0,0.0
190.671,4999.0,6971.09,0.0,-1.0,0.0
190.671,4999.0,6971.09,0.0,-1.0,0.0
130.188,4999.0,6898.3,0.0,-1.0,0.0
155.367,4999.0,6884.05,0.0,-1.0,0.0
190.671,4999.0,6971.09,0.0,-1.0,0.0
155.367,4999.0,6884.05,0.0,-1.0,0.0
211.977,4999.0,6961.07,0.0,-1.0,0.0
211.977,4999.0,6961.07,0.0,-1.0,0.0
155.367,4999.0,6884.05,0.0,-1.0,0.0
181.877,4999.0,6872.46,0.0,-1.0,0.0
211.977,4999.0,6961.07,0.0,-1.0,0.0
181.877,4999.0,6872.46,0.0,-1.0,0.0
234.371,4999.0,6953.79,0.0,-1.0,0.0
234.371,4999.0,6953.79,0.0,-1.0,0.0
181.877,4999.0,6872.46,0.0,-1.0,0.0
209.437,4999.0,6863.67,0.0,-1.0,0.0
234.371,4999.0,6953.79,0.0,-1.0,0.0
209.437,4999.0,6863.67,0.0,-1.0,0.0
257.5,4999.0,6949.38,0.0,-1.0,0.0
257.5,4999.0,6949.38,0.0,-1.0,0.0
209.437,4999.0,6863.67,0.0,-1.0,0.0
237.757,4999.0,6857.75,0.0,-1.0,0.0
257.5,4999.0,6949.38,0.0,-1.0,0.0
237.757,4999.0,6857.75,0.0,-1.0,0.0
266.534,4999.0,6854.77,0.0,-1.0,0.0
350.023,4999.0,7309.73,0.0,-1.0,0.0
366.456,4999.0,7403.09,0.0,-1.0,0.0
327.629,4999.0,7317.01,0.0,-1.0,0.0
327.629,4999.0,7317.01,0.0,-1.0,0.0
366.456,4999.0,7403.09,0.0,-1.0,0.0
338.479,4999.0,7410.46,0.0,-1.0,0.0
327.629,4999.0,7317.01,0.0,-1.0,0.0
338.479,4999.0,7410.46,0.0,-1.0,0.0
304.5,4999.0,7321.42,0.0,-1.0,0.0
304.5,4999.0,7321.42,0.0,-1.0,0.0
338.479,4999.0,7410.46,0.0,-1.0,0.0
309.893,4999.0,7414.91,0.0,-1.0,0.0
304.5,4999.0,7321.42,0.0,-1.0,0.0
309.893,4999.0,7414.91,0.0,-1.0,0.0
281.0,4999.0,7322.9,0.0,-1.0,0.0
281.0,4999.0,7322.9,0.0,-1.0,0.0
309.893,4999.0,7414.91,0.0,-1.0,0.0
281.0,4999.0,7416.4,0.0,-1.0,0.0
281.0,4999.0,7322.9,0.0,-1.0,0.0
281.0,4999.0,7416.4,0.0,-1.0,0.0
257.5,4999.0,7321.42,0.0,-1.0,0.0
257.5,4999.0,7321.42,0.0,-1.0,0.0
281.0,4999.0,7416.4,0.0,-1.0,0.0
252.107,4999.0,7414.91,0.0,-1.0,0.0
257.5,4999.0,7321.42,0.0,-1.0,0.0
252.107,4999.0,7414.91,0.0,-1.0,0.0
234.371,4999.0,7317.01,0.0,-1.0,0.0
152.647,4999.0,7272.08,0.0,-1.0,0.0
74.7782,4999.0,7326.28,0.0,-1.0,0.0
136.529,4999.0,7254.92,0.0,-1.0,0.0
136.529,4999.0,7254.92,0.0,-1.0,0.0
74.7782,4999.0,7326.28,0.0,-1.0,0.0
56.2452,4999.0,7304.06,0.0,-1.0,0.0
136.529,4999.0,7254.92,0.0,-1.0,0.0
56.2452,4999.0,7304.06,0.0,-1.0,0.0
122.688,4999.0,7235.87,0.0,-1.0,0.0
122.688,4999.0,7235.87,0.0,-1.0,0.0
56.2452,4999.0,7304.06,0.0,-1.0,0.0
40.0946,4999.0,7280.06,0.0,-1.0,0.0
122.688,4999.0,7235.87,0.0,-1.0,0.0
40.0946,4999.0,7280.06,0.0,-1.0,0.0
111.345,4999.0,7215.23,0.0,-1.0,0.0
111.345,4999.0,7215.23,0.0,-1.0,0.0
40.0946,4999.0,7280.06,0.0,-1.0,0.0
26.4977,4999.0,7254.52,0.0,-1.0,0.0
111.345,4999.0,7215.23,0.0,-1.0,0.0
26.4977,4999.0,7254.52,0.0,-1.0,0.0
102.677,4999.0,7193.34,0.0,-1.0,0.0
102.677,4999.0,7193.34,0.0,-1.0,0.0
26.4977,4999.0,7254.52,0.0,-1.0,0.0
15.5985,4999.0,7227.72,0.0,-1.0,0.0
102.677,4999.0,7193.34,0.0,-1.0,0.0
15.5985,4999.0,7227.72,0.0,-1.0,0.0
96.8211,4999.0,7170.53,0.0,-1.0,0.0
425.471,4999.0,7254.92,0.0,-1.0,0.0
487.222,4999.0,7326.28,0.0,-1.0,0.0
409.353,4999.0,7272.08,0.0,-1.0,0.0
409.353,4999.0,7272.08,0.0,-1.0,0.0
487.222,4999.0,7326.28,0.0,-1.0,0.0
466.503,4999.0,7346.47,0.0,-1.0,0.0
409.353,4999.0,7272.08,0.0,-1.0,0.0
466.503,4999.0,7346.47,0.0,-1.0,0.0
391.21,4999.0,7287.09,0.0,-1.0,0.0
391.21,4999.0,7287.09,0.0,-1.0,0.0
466.503,4999.0,7346.47,0.0,-1.0,0.0
443.817,4999.0,7364.42,0.0,-1.0,0.0
391.21,4999.0,7287.09,0.0,-1.0,0.0
443.817,4999.0,7364.42,0.0,-1.0,0.0
371.329,4999.0,7299.71,0.0,-1.0,0.0
371.329,4999.0,7299.71,0.0,-1.0,0.0
443.817,4999.0,7364.42,0.0,-1.0,0.0
419.406,4999.0,7379.95,0.0,-1.0,0.0
371.329,4999.0,7299.71,0.0,-1.0,0.0
419.406,4999.0,7379.95,0.0,-1.0,0.0
350.023,4999.0,7309.73,0.0,-1.0,0.0
350.023,4999.0,7309.73,0.0,-1.0,0.0
419.406,4999.0,7379.95,0.0,-1.0,0.0
393.528,4999.0,7392.89,0.0,-1.0,0.0
350.023,4999.0,7309.73,0.0,-1.0,0.0
393.528,4999.0,7392.89,0.0,-1.0,0.0
366.456,4999.0,7403.09,0.0,-1.0,0.0
468.13,4999.0,7147.17,0.0,-1.0,0.0
559.674,4999.0,7171.48,0.0,-1.0,0.0
465.179,4999.0,7170.53,0.0,-1.0,0.0
465.179,4999.0,7170.53,0.0,-1.0,0.0
559.674,4999.0,7171.48,0.0,-1.0,0.0
554.487,4999.0,7199.94,0.0,-1.0,0.0
465.179,4999.0,7170.53,0.0,-1.0,0.0
554.487,4999.0,7199.94,0.0,-1.0,0.0
459.323,4999.0,7193.34,0.0,-1.0,0.0
459.323,4999.0,7193.34,0.0,-1.0,0.0
554.487,4999.0,7199.94,0.0,-1.0,0.0
546.401,4999.0,7227.72,0.0,-1.0,0.0
459.323,4999.0,7193.34,0.0,-1.0,0.0
546.401,4999.0,7227.72,0.0,-1.0,0.0
450.655,4999.0,7215.23,0.0,-1.0,0.0
450.655,4999.0,7215.23,0.0,-1.0,0.0
546.401,4999.0,7227.72,0.0,-1.0,0.0
535.502,4999.0,7254.52,0.0,-1.0,0.0
450.655,4999.0,7215.23,0.0,-1.0,0.0
535.502,4999.0,7254.52,0.0,-1.0,0.0
439.311,4999.0,7235.87,0.0,-1.0,0.0
439.311,4999.0,7235.87,0.0,-1.0,0.0
535.502,4999.0,7254.52,0.0,-1.0,0.0
521.905,4999.0,7280.06,0.0,-1.0,0.0
439.311,4999.0,7235.87,0.0,-1.0,0.0
521.905,4999.0,7280.06,0.0,-1.0,0.0
425.471,4999.0,7254.92,0.0,-1.0,0.0
425.471,4999.0,7254.92,0.0,-1.0,0.0
521.905,4999.0,7280.06,0.0,-1.0,0.0
505.755,4999.0,7304.06,0.0,-1.0,0.0
425.471,4999.0,7254.92,0.0,-1.0,0.0
505.755,4999.0,7304.06,0.0,-1.0,0.0
487.222,4999.0,7326.28,0.0,-1.0,0.0
102.677,4999.0,7077.46,0.0,-1.0,0.0
20.703,4999.0,7029.54,0.0,-1.0,0.0
111.345,4999.0,7055.57,0.0,-1.0,0.0
111.345,4999.0,7055.57,0.0,-1.0,0.0
20.703,4999.0,7029.54,0.0,-1.0,0.0
32.9672,4999.0,7003.34,0.0,-1.0,0.0
111.345,4999.0,7055.57,0.0,-1.0,0.0
32.9672,4999.0,7003.34,0.0,-1.0,0.0
122.688,4999.0,7034.93,0.0,-1.0,0.0
122.688,4999.0,7034.93,0.0,-1.0,0.0
32.9672,4999.0,7003.34,0.0,-1.0,0.0
47.8607,4999.0,6978.53,0.0,-1.0,0.0
122.688,4999.0,7034.93,0.0,-1.0,0.0
47.8607,4999.0,6978.53,0.0,-1.0,0.0
136.529,4999.0,7015.88,0.0,-1.0,0.0
136.529,4999.0,7015.88,0.0,-1.0,0.0
47.8607,4999.0,6978.53,0.0,-1.0,0.0
65.2256,4999.0,6955.39,0.0,-1.0,0.0
136.529,4999.0,7015.88,0.0,-1.0,0.0
65.2256,4999.0,6955.39,0.0,-1.0,0.0
152.647,4999.0,6998.72,0.0,-1.0,0.0
152.647,4999.0,6998.72,0.0,-1.0,0.0
65.2256,4999.0,6955.39,0.0,-1.0,0.0
84.8777,4999.0,6934.16,0.0,-1.0,0.0
152.647,4999.0,6998.72,0.0,-1.0,0.0
84.8777,4999.0,6934.16,0.0,-1.0,0.0
170.79,4999.0,6983.71,0.0,-1.0,0.0
170.79,4999.0,6983.71,0.0,-1.0,0.0
84.8777,4999.0,6934.16,0.0,-1.0,0.0
106.609,4999.0,6915.06,0.0,-1.0,0.0
170.79,4999.0,6983.71,0.0,-1.0,0.0
106.609,4999.0,6915.06,0.0,-1.0,0.0
130.188,4999.0,6898.3,0.0,-1.0,0.0
252.107,4999.0,7414.91,0.0,-1.0,0.0
223.521,4999.0,7410.46,0.0,-1.0,0.0
234.371,4999.0,7317.01,0.0,-1.0,0.0
234.371,4999.0,7317.01,0.0,-1.0,0.0
223.521,4999.0,7410.46,0.0,-1.0,0.0
195.544,4999.0,7403.09,0.0,-1.0,0.0
234.371,4999.0,7317.01,0.0,-1.0,0.0
195.544,4999.0,7403.09,0.0,-1.0,0.0
211.977,4999.0,7309.73,0.0,-1.0,0.0
211.977,4999.0,7309.73,0.0,-1.0,0.0
195.544,4999.0,7403.09,0.0,-1.0,0.0
168.472,4999.0,7392.89,0.0,-1.0,0.0
211.977,4999.0,7309.73,0.0,-1.0,0.0
168.472,4999.0,7392.89,0.0,-1.0,0.0
190.671,4999.0,7299.71,0.0,-1.0,0.0
190.671,4999.0,7299.71,0.0,-1.0,0.0
168.472,4999.0,7392.89,0.0,-1.0,0.0
142.594,4999.0,7379.95,0.0,-1.0,0.0
190.671,4999.0,7299.71,0.0,-1.0,0.0
142.594,4999.0,7379.95,0.0,-1.0,0.0
170.79,4999.0,7287.09,0.0,-1.0,0.0
170.79,4999.0,7287.09,0.0,-1.0,0.0
142.594,4999.0,7379.95,0.0,-1.0,0.0
118.183,4999.0,7364.42,0.0,-1.0,0.0
170.79,4999.0,7287.09,0.0,-1.0,0.0
118.183,4999.0,7364.42,0.0,-1.0,0.0
152.647,4999.0,7272.08,0.0,-1.0,0.0
152.647,4999.0,7272.08,0.0,-1.0,0.0
118.183,4999.0,7364.42,0.0,-1.0,0.0
95.4972,4999.0,7346.47,0.0,-1.0,0.0
152.647,4999.0,7272.08,0.0,-1.0,0.0
95.4972,4999.0,7346.47,0.0,-1.0,0.0
74.7782,4999.0,7326.28,0.0,-1.0,0.0
15.5985,4999.0,7227.72,0.0,-1.0,0.0
7.51269,4999.0,7199.94,0.0,-1.0,0.0
96.8211,4999.0,7170.53,0.0,-1.0,0.0
96.8211,4999.0,7170.53,0.0,-1.0,0.0
7.51269,4999.0,7199.94,0.0,-1.0,0.0
2.32592,4999.0,7171.48,0.0,-1.0,0.0
96.8211,4999.0,7170.53,0.0,-1.0,0.0
2.32592,4999.0,7171.48,0.0,-1.0,0.0
93.87,4999.0,7147.17,0.0,-1.0,0.0
93.87,4999.0,7147.17,0.0,-1.0,0.0
2.32592,4999.0,7171.48,0.0,-1.0,0.0
0.0931621,4999.0,7142.64,0.0,-1.0,0.0
93.87,4999.0,7147.17,0.0,-1.0,0.0
0.0931621,4999.0,7142.64,0.0,-1.0,0.0
93.87,4999.0,7123.63,0.0,-1.0,0.0
93.87,4999.0,7123.63,0.0,-1.0,0.0
0.0931621,4999.0,7142.64,0.0,-1.0,0.0
0.838071,4999.0,7113.71,0.0,-1.0,0.0
93.87,4999.0,7123.63,0.0,-1.0,0.0
0.838071,4999.0,7113.71,0.0,-1.0,0.0
96.8211,4999.0,7100.27,0.0,-1.0,0.0
96.8211,4999.0,7100.27,0.0,-1.0,0.0
0.838071,4999.0,7113.71,0.0,-1.0,0.0
4.55275,4999.0,7085.02,0.0,-1.0,0.0
96.8211,4999.0,7100.27,0.0,-1.0,0.0
4.55275,4999.0,7085.02,0.0,-1.0,0.0
102.677,4999.0,7077.46,0.0,-1.0,0.0
102.677,4999.0,7077.46,0.0,-1.0,0.0
4.55275,4999.0,7085.02,0.0,-1.0,0.0
11.1979,4999.0,7056.86,0.0,-1.0,0.0
102.677,4999.0,7077.46,0.0,-1.0,0.0
11.1979,4999.0,7056.86,0.0,-1.0,0.0
20.703,4999.0,7029.54,0.0,-1.0,0.0
514.139,4999.0,6978.53,0.0,-1.0,0.0
529.033,4999.0,7003.34,0.0,-1.0,0.0
450.655,4999.0,7055.57,0.0,-1.0,0.0
450.655,4999.0,7055.57,0.0,-1.0,0.0
529.033,4999.0,7003.34,0.0,-1.0,0.0
541.297,4999.0,7029.54,0.0,-1.0,0.0
450.655,4999.0,7055.57,0.0,-1.0,0.0
541.297,4999.0,7029.54,0.0,-1.0,0.0
459.323,4999.0,7077.46,0.0,-1.0,0.0
459.323,4999.0,7077.46,0.0,-1.0,0.0
541.297,4999.0,7029.54,0.0,-1.0,0.0
550.802,4999.0,7056.86,0.0,-1.0,0.0
459.323,4999.0,7077.46,0.0,-1.0,0.0
550.802,4999.0,7056.86,0.0,-1.0,0.0
465.179,4999.0,7100.27,0.0,-1.0,0.0
465.179,4999.0,7100.27,0.0,-1.0,0.0
550.802,4999.0,7056.86,0.0,-1.0,0.0
557.447,4999.0,7085.02,0.0,-1.0,0.0
465.179,4999.0,7100.27,0.0,-1.0,0.0
557.447,4999.0,7085.02,0.0,-1.0,0.0
468.13,4999.0,7123.63,0.0,-1.0,0.0
468.13,4999.0,7123.63,0.0,-1.0,0.0
557.447,4999.0,7085.02,0.0,-1.0,0.0
561.162,4999.0,7113.71,0.0,-1.0,0.0
468.13,4999.0,7123.63,0.0,-1.0,0.0
561.162,4999.0,7113.71,0.0,-1.0,0.0
468.13,4999.0,7147.17,0.0,-1.0,0.0
468.13,4999.0,7147.17,0.0,-1.0,0.0
561.162,4999.0,7113.71,0.0,-1.0,0.0
561.907,4999.0,7142.64,0.0,-1.0,0.0
468.13,4999.0,7147.17,0.0,-1.0,0.0
561.907,4999.0,7142.64,0.0,-1.0,0.0
559.674,4999.0,7171.48,0.0,-1.0,0.0
336.465,4955.0,7247.42,0.0,-1.0,0.0
350.023,4955.0,7309.73,0.0,-1.0,0.0
318.715,4955.0,7254.57,0.0,-1.0,0.0
318.715,4955.0,7254.57,0.0,-1.0,0.0
350.023,4955.0,7309.73,0.0,-1.0,0.0
327.629,4955.0,7317.01,0.0,-1.0,0.0
318.715,4955.0,7254.57,0.0,-1.0,0.0
327.629,4955.0,7317.01,0.0,-1.0,0.0
300.081,4955.0,7258.94,0.0,-1.0,0.0
300.081,4955.0,7258.94,0.0,-1.0,0.0
327.629,4955.0,7317.01,0.0,-1.0,0.0
304.5,4955.0,7321.42,0.0,-1.0,0.0
300.081,4955.0,7258.94,0.0,-1.0,0.0
304.5,4955.0,7321.42,0.0,-1.0,0.0
281.0,4955.0,7260.4,0.0,-1.0,0.0
281.0,4955.0,7260.4,0.0,-1.0,0.0
304.5,4955.0,7321.42,0.0,-1.0,0.0
281.0,4955.0,7322.9,0.0,-1.0,0.0
281.0,4955.0,7260.4,0.0,-1.0,0.0
281.0,4955.0,7322.9,0.0,-1.0,0.0
261.919,4955.0,7258.94,0.0,-1.0,0.0
261.919,4955.0,7258.94,0.0,-1.0,0.0
281.0,4955.0,7322.9,0.0,-1.0,0.0
257.5,4955.0,7321.42,0.0,-1.0,0.0
261.919,4955.0,7258.94,0.0,-1.0,0.0
257.5,4955.0,7321.42,0.0,-1.0,0.0
243.285,4955.0,7254.57,0.0,-1.0,0.0
271.431,4955.0,7010.77,0.0,-1.0,0.0
281.0,4955.0,6947.9,0.0,-1.0,0.0
290.569,4955.0,7010.77,0.0,-1.0,0.0
290.569,4955.0,7010.77,0.0,-1.0,0.0
281.0,4955.0,6947.9,0.0,-1.0,0.0
304.5,4955.0,6949.38,0.0,-1.0,0.0
290.569,4955.0,7010.77,0.0,-1.0,0.0
304.5,4955.0,6949.38,0.0,-1.0,0.0
309.482,4955.0,7013.69,0.0,-1.0,0.0
309.482,4955.0,7013.69,0.0,-1.0,0.0
304.5,4955.0,6949.38,0.0,-1.0,0.0
327.629,4955.0,6953.79,0.0,-1.0,0.0
309.482,4955.0,7013.69,0.0,-1.0,0.0
327.629,4955.0,6953.79,0.0,-1.0,0.0
327.727,4955.0,7019.46,0.0,-1.0,0.0
327.727,4955.0,7019.46,0.0,-1.0,0.0
327.629,4955.0,6953.79,0.0,-1.0,0.0
350.023,4955.0,6961.07,0.0,-1.0,0.0
327.727,4955.0,7019.46,0.0,-1.0,0.0
350.023,4955.0,6961.07,0.0,-1.0,0.0
344.877,4955.0,7027.95,0.0,-1.0,0.0
344.877,4955.0,7027.95,0.0,-1.0,0.0
350.023,4955.0,6961.07,0.0,-1.0,0.0
371.329,4955.0,6971.09,0.0,-1.0,0.0
344.877,4955.0,7027.95,0.0,-1.0,0.0
371.329,4955.0,6971.09,0.0,-1.0,0.0
360.53,4955.0,7038.96,0.0,-1.0,0.0
187.681,4955.0,7052.23,0.0,-1.0,0.0
152.647,4955.0,6998.72,0.0,-1.0,0.0
201.47,4955.0,7038.96,0.0,-1.0,0.0
201.47,4955.0,7038.96,0.0,-1.0,0.0
152.647,4955.0,6998.72,0.0,-1.0,0.0
170.79,4955.0,6983.71,0.0,-1.0,0.0
201.47,4955.0,7038.96,0.0,-1.0,0.0
170.79,4955.0,6983.71,0.0,-1.0,0.0
217.123,4955.0,7027.95,0.0,-1.0,0.0
217.123,4955.0,7027.95,0.0,-1.0,0.0
170.79,4955.0,6983.71,0.0,-1.0,0.0
190.671,4955.0,6971.09,0.0,-1.0,0.0
217.123,4955.0,7027.95,0.0,-1.0,0.0
190.671,4955.0,6971.09,0.0,-1.0,0.0
234.273,4955.0,7019.46,0.0,-1.0,0.0
234.273,4955.0,7019.46,0.0,-1.0,0.0
190.671,4955.0,6971.09,0.0,-1.0,0.0
211.977,4955.0,6961.07,0.0,-1.0,0.0
234.273,4955.0,7019.46,0.0,-1.0,0.0
211.977,4955.0,6961.07,0.0,-1.0,0.0
252.518,4955.0,7013.69,0.0,-1.0,0.0
252.518,4955.0,7013.69,0.0,-1.0,0.0
211.977,4955.0,6961.07,0.0,-1.0,0.0
234.371,4955.0,6953.79,0.0,-1.0,0.0
252.518,4955.0,7013.69,0.0,-1.0,0.0
234.371,4955.0,6953.79,0.0,-1.0,0.0
271.431,4955.0,7010.77,0.0,-1.0,0.0
271.431,4955.0,7010.77,0.0,-1.0,0.0
234.371,4955.0,6953.79,0.0,-1.0,0.0
257.5,4955.0,6949.38,0.0,-1.0,0.0
271.431,4955.0,7010.77,0.0,-1.0,0.0
257.5,4955.0,6949.38,0.0,-1.0,0.0
281.0,4955.0,6947.9,0.0,-1.0,0.0
401.532,4955.0,7102.28,0.0,-1.0,0.0
465.179,4955.0,7100.27,0.0,-1.0,0.0
405.175,4955.0,7121.06,0.0,-1.0,0.0
405.175,4955.0,7121.06,0.0,-1.0,0.0
465.179,4955.0,7100.27,0.0,-1.0,0.0
468.13,4955.0,7123.63,0.0,-1.0,0.0
405.175,4955.0,7121.06,0.0,-1.0,0.0
468.13,4955.0,7123.63,0.0,-1.0,0.0
405.908,4955.0,7140.19,0.0,-1.0,0.0
405.908,4955.0,7140.19,0.0,-1.0,0.0
468.13,4955.0,7123.63,0.0,-1.0,0.0
468.13,4955.0,7147.17,0.0,-1.0,0.0
405.908,4955.0,7140.19,0.0,-1.0,0.0
468.13,4955.0,7147.17,0.0,-1.0,0.0
403.714,4955.0,7159.2,0.0,-1.0,0.0
403.714,4955.0,7159.2,0.0,-1.0,0.0
468.13,4955.0,7147.17,0.0,-1.0,0.0
465.179,4955.0,7170.53,0.0,-1.0,0.0
403.714,4955.0,7159.2,0.0,-1.0,0.0
465.179,4955.0,7170.53,0.0,-1.0,0.0
398.642,4955.0,7177.65,0.0,-1.0,0.0
398.642,4955.0,7177.65,0.0,-1.0,0.0
465.179,4955.0,7170.53,0.0,-1.0,0.0
459.323,4955.0,7193.34,0.0,-1.0,0.0
398.642,4955.0,7177.65,0.0,-1.0,0.0
459.323,4955.0,7193.34,0.0,-1.0,0.0
390.814,4955.0,7195.12,0.0,-1.0,0.0
371.329,4955.0,6971.09,0.0,-1.0,0.0
391.21,4955.0,6983.71,0.0,-1.0,0.0
360.53,4955.0,7038.96,0.0,-1.0,0.0
360.53,4955.0,7038.96,0.0,-1.0,0.0
391.21,4955.0,6983.71,0.0,-1.0,0.0
409.353,4955.0,6998.72,0.0,-1.0,0.0
360.53,4955.0,7038.96,0.0,-1.0,0.0
409.353,4955.0,6998.72,0.0,-1.0,0.0
374.319,4955.0,7052.23,0.0,-1.0,0.0
374.319,4955.0,7052.23,0.0,-1.0,0.0
409.353,4955.0,6998.72,0.0,-1.0,0.0
425.471,4955.0,7015.88,0.0,-1.0,0.0
374.319,4955.0,7052.23,0.0,-1.0,0.0
425.471,4955.0,7015.88,0.0,-1.0,0.0
385.921,4955.0,7067.45,0.0,-1.0,0.0
385.921,4955.0,7067.45,0.0,-1.0,0.0
425.471,4955.0,7015.88,0.0,-1.0,0.0
439.311,4955.0,7034.93,0.0,-1.0,0.0
385.921,4955.0,7067.45,0.0,-1.0,0.0
439.311,4955.0,7034.93,0.0,-1.0,0.0
395.063,4955.0,7084.27,0.0,-1.0,0.0
395.063,4955.0,7084.27,0.0,-1.0,0.0
439.311,4955.0,7034.93,0.0,-1.0,0.0
450.655,4955.0,7055.57,0.0,-1.0,0.0
395.063,4955.0,7084.27,0.0,-1.0,0.0
450.655,4955.0,7055.57,0.0,-1.0,0.0
401.532,4955.0,7102.28,0.0,-1.0,0.0
401.532,4955.0,7102.28,0.0,-1.0,0.0
450.655,4955.0,7055.57,0.0,-1.0,0.0
459.323,4955.0,7077.46,0.0,-1.0,0.0
401.532,4955.0,7102.28,0.0,-1.0,0.0
459.323,4955.0,7077.46,0.0,-1.0,0.0
465.179,4955.0,7100.27,0.0,-1.0,0.0
156.825,4955.0,7121.06,0.0,-1.0,0.0
96.8211,4955.0,7100.27,0.0,-1.0,0.0
160.468,4955.0,7102.28,0.0,-1.0,0.0
160.468,4955.0,7102.28,0.0,-1.0,0.0
96.8211,4955.0,7100.27,0.0,-1.0,0.0
102.677,4955.0,7077.46,0.0,-1.0,0.0
160.468,4955.0,7102.28,0.0,-1.0,0.0
102.677,4955.0,7077.46,0.0,-1.0,0.0
166.937,4955.0,7084.27,0.0,-1.0,0.0
166.937,4955.0,7084.27,0.0,-1.0,0.0
102.677,4955.0,7077.46,0.0,-1.0,0.0
111.345,4955.0,7055.57,0.0,-1.0,0.0
166.937,4955.0,7084.27,0.0,-1.0,0.0
111.345,4955.0,7055.57,0.0,-1.0,0.0
176.079,4955.0,7067.45,0.0,-1.0,0.0
176.079,4955.0,7067.45,0.0,-1.0,0.0
111.345,4955.0,7055.57,0.0,-1.0,0.0
122.688,4955.0,7034.93,0.0,-1.0,0.0
176.079,4955.0,7067.45,0.0,-1.0,0.0
122.688,4955.0,7034.93,0.0,-1.0,0.0
187.681,4955.0,7052.23,0.0,-1.0,0.0
187.681,4955.0,7052.23,0.0,-1.0,0.0
122.688,4955.0,7034.93,0.0,-1.0,0.0
136.529,4955.0,7015.88,0.0,-1.0,0.0
187.681,4955.0,7052.23,0.0,-1.0,0.0
136.529,4955.0,7015.88,0.0,-1.0,0.0
152.647,4955.0,6998.72,0.0,-1.0,0.0
181.588,4955.0,7211.18,0.0,-1.0,0.0
122.688,4955.0,7235.87,0.0,-1.0,0.0
171.186,4955.0,7195.12,0.0,-1.0,0.0
171.186,4955.0,7195.12,0.0,-1.0,0.0
122.688,4955.0,7235.87,0.0,-1.0,0.0
111.345,4955.0,7215.23,0.0,-1.0,0.0
171.186,4955.0,7195.12,0.0,-1.0,0.0
111.345,4955.0,7215.23,0.0,-1.0,0.0
163.357,4955.0,7177.65,0.0,-1.0,0.0
163.357,4955.0,7177.65,0.0,-1.0,0.0
111.345,4955.0,7215.23,0.0,-1.0,0.0
102.677,4955.0,7193.34,0.0,-1.0,0.0
163.357,4955.0,7177.65,0.0,-1.0,0.0
102.677,4955.0,7193.34,0.0,-1.0,0.0
158.286,4955.0,7159.2,0.0,-1.0,0.0
158.286,4955.0,7159.2,0.0,-1.0,0.0
102.677,4955.0,7193.34,0.0,-1.0,0.0
96.8211,4955.0,7170.53,0.0,-1.0,0.0
158.286,4955.0,7159.2,0.0,-1.0,0.0
96.8211,4955.0,7170.53,0.0,-1.0,0.0
156.092,4955.0,7140.19,0.0,-1.0,0.0
156.092,4955.0,7140.19,0.0,-1.0,0.0
96.8211,4955.0,7170.53,0.0,-1.0,0.0
93.87,4955.0,7147.17,0.0,-1.0,0.0
156.092,4955.0,7140.19,0.0,-1.0,0.0
93.87,4955.0,7147.17,0.0,-1.0,0.0
156.825,4955.0,7121.06,0.0,-1.0,0.0
156.825,4955.0,7121.06,0.0,-1.0,0.0
93.87,4955.0,7147.17,0.0,-1.0,0.0
93.87,4955.0,7123.63,0.0,-1.0,0.0
156.825,4955.0,7121.06,0.0,-1.0,0.0
93.87,4955.0,7123.63,0.0,-1.0,0.0
96.8211,4955.0,7100.27,0.0,-1.0,0.0
459.323,4955.0,7193.34,0.0,-1.0,0.0
450.655,4955.0,7215.23,0.0,-1.0,0.0
390.814,4955.0,7195.12,0.0,-1.0,0.0
390.814,4955.0,7195.12,0.0,-1.0,0.0
450.655,4955.0,7215.23,0.0,-1.0,0.0
439.311,4955.0,7235.87,0.0,-1.0,0.0
390.814,4955.0,7195.12,0.0,-1.0,0.0
439.311,4955.0,7235.87,0.0,-1.0,0.0
380.412,4955.0,7211.18,0.0,-1.0,0.0
380.412,4955.0,7211.18,0.0,-1.0,0.0
439.311,4955.0,7235.87,0.0,-1.0,0.0
425.471,4955.0,7254.92,0.0,-1.0,0.0
380.412,4955.0,7211.18,0.0,-1.0,0.0
425.471,4955.0,7254.92,0.0,-1.0,0.0
367.679,4955.0,7225.47,0.0,-1.0,0.0
367.679,4955.0,7225.47,0.0,-1.0,0.0
425.471,4955.0,7254.92,0.0,-1.0,0.0
409.353,4955.0,7272.08,0.0,-1.0,0.0
367.679,4955.0,7225.47,0.0,-1.0,0.0
409.353,4955.0,7272.08,0.0,-1.0,0.0
352.915,4955.0,7237.64,0.0,-1.0,0.0
352.915,4955.0,7237.64,0.0,-1.0,0.0
409.353,4955.0,7272.08,0.0,-1.0,0.0
391.21,4955.0,7287.09,0.0,-1.0,0.0
352.915,4955.0,7237.64,0.0,-1.0,0.0
391.21,4955.0,7287.09,0.0,-1.0,0.0
336.465,4955.0,7247.42,0.0,-1.0,0.0
336.465,4955.0,7247.42,0.0,-1.0,0.0
391.21,4955.0,7287.09,0.0,-1.0,0.0
371.329,4955.0,7299.71,0.0,-1.0,0.0
336.465,4955.0,7247.42,0.0,-1.0,0.0
371.329,4955.0,7299.71,0.0,-1.0,0.0
350.023,4955.0,7309.73,0.0,-1.0,0.0
257.5,4955.0,7321.42,0.0,-1.0,0.0
234.371,4955.0,7317.01,0.0,-1.0,0.0
243.285,4955.0,7254.57,0.0,-1.0,0.0
243.285,4955.0,7254.57,0.0,-1.0,0.0
234.371,4955.0,7317.01,0.0,-1.0,0.0
211.977,4955.0,7309.73,0.0,-1.0,0.0
243.285,4955.0,7254.57,0.0,-1.0,0.0
211.977,4955.0,7309.73,0.0,-1.0,0.0
225.535,4955.0,7247.42,0.0,-1.0,0.0
225.535,4955.0,7247.42,0.0,-1.0,0.0
211.977,4955.0,7309.73,0.0,-1.0,0.0
190.671,4955.0,7299.71,0.0,-1.0,0.0
225.535,4955.0,7247.42,0.0,-1.0,0.0
190.671,4955.0,7299.71,0.0,-1.0,0.0
209.085,4955.0,7237.64,0.0,-1.0,0.0
209.085,4955.0,7237.64,0.0,-1.0,0.0
190.671,4955.0,7299.71,0.0,-1.0,0.0
170.79,4955.0,7287.09,0.0,-1.0,0.0
209.085,4955.0,7237.64,0.0,-1.0,0.0
170.79,4955.0,7287.09,0.0,-1.0,0.0
194.321,4955.0,7225.47,0.0,-1.0,0.0
194.321,4955.0,7225.47,0.0,-1.0,0.0
170.79,4955.0,7287.09,0.0,-1.0,0.0
152.647,4955.0,7272.08,0.0,-1.0,0.0
194.321,4955.0,7225.47,0.0,-1.0,0.0
152.647,4955.0,7272.08,0.0,-1.0,0.0
181.588,4955.0,7211.18,0.0,-1.0,0.0
181.588,4955.0,7211.18,0.0,-1.0,0.0
152.647,4955.0,7272.08,0.0,-1.0,0.0
136.529,4955.0,7254.92,0.0,-1.0,0.0
181.588,4955.0,7211.18,0.0,-1.0,0.0
136.529,4955.0,7254.92,0.0,-1.0,0.0
122.688,4955.0,7235.87,0.0,-1.0,0.0
309.893,5030.0,7414.91,0.153888,0.0,0.988088
309.893,4999.0,7414.91,0.153888,0.0,0.988088
338.479,5030.0,7410.46,0.153888,0.0,0.988088
338.479,5030.0,7410.46,0.153888,0.0,0.988088
309.893,4999.0,7414.91,0.153888,0.0,0.988088
338.479,4999.0,7410.46,0.153888,0.0,0.988088
338.479,5030.0,7410.46,0.254679,0.0,0.967026
338.479,4999.0,7410.46,0.254679,0.0,0.967026
366.456,5030.0,7403.09,0.254679,0.0,0.967026
366.456,5030.0,7403.09,0.254679,0.0,0.967026
338.479,4999.0,7410.46,0.254679,0.0,0.967026
366.456,4999.0,7403.09,0.254679,0.0,0.967026
366.456,5030.0,7403.09,0.35274,0.0,0.935721
366.456,4999.0,7403.09,0.35274,0.0,0.935721
393.528,5030.0,7392.89,0.35274,0.0,0.935721
393.528,5030.0,7392.89,0.35274,0.0,0.935721
366.456,4999.0,7403.09,0.35274,0.0,0.935721
393.528,4999.0,7392.89,0.35274,0.0,0.935721
393.528,5030.0,7392.89,0.447098,0.0,0.894485
393.528,4999.0,7392.89,0.447098,0.0,0.894485
419.406,5030.0,7379.95,0.447098,0.0,0.894485
419.406,5030.0,7379.95,0.447098,0.0,0.894485
393.528,4999.0,7392.89,0.447098,0.0,0.894485
419.406,4999.0,7379.95,0.447098,0.0,0.894485
419.406,5030.0,7379.95,0.5367,0.0,0.843773
419.406,4999.0,7379.95,0.5367,0.0,0.843773
443.817,5030.0,7364.42,0.5367,0.0,0.843773
443.817,5030.0,7364.42,0.5367,0.0,0.843773
419.406,4999.0,7379.95,0.5367,0.0,0.843773
443.817,4999.0,7364.42,0.5367,0.0,0.843773
443.817,5030.0,7364.42,0.620614,0.0,0.784116
443.817,4999.0,7364.42,0.620614,0.0,0.784116
466.503,5030.0,7346.47,0.620614,0.0,0.784116
466.503,5030.0,7346.47,0.620614,0.0,0.784116
443.817,4999.0,7364.42,0.620614,0.0,0.784116
466.503,4999.0,7346.47,0.620614,0.0,0.784116
466.503,5030.0,7346.47,0.697937,0.0,0.716159
466.503,4999.0,7346.47,0.697937,0.0,0.716159
487.222,5030.0,7326.28,0.697937,0.0,0.716159
487.222,5030.0,7326.28,0.697937,0.0,0.716159
466.503,4999.0,7346.47,0.697937,0.0,0.716159
487.222,4999.0,7326.28,0.697937,0.0,0.716159
487.222,5030.0,7326.28,0.767883,0.0,0.64059
487.222,4999.0,7326.28,0.767883,0.0,0.64059
505.755,5030.0,7304.06,0.767883,0.0,0.64059
505.755,5030.0,7304.06,0.767883,0.0,0.64059
487.222,4999.0,7326.28,0.767883,0.0,0.64059
505.755,4999.0,7304.06,0.767883,0.0,0.64059
505.755,5030.0,7304.06,0.829672,0.0,0.558252
505.755,4999.0,7304.06,0.829672,0.0,0.558252
521.905,5030.0,7280.06,0.829672,0.0,0.558252
521.905,5030.0,7280.06,0.829672,0.0,0.558252
505.755,4999.0,7304.06,0.829672,0.0,0.558252
521.905,4999.0,7280.06,0.829672,0.0,0.558252
521.905,5030.0,7280.06,0.882681,0.0,0.469973
521.905,4999.0,7280.06,0.882681,0.0,0.469973
535.502,5030.0,7254.52,0.882681,0.0,0.469973
535.502,5030.0,7254.52,0.882681,0.0,0.469973
521.905,4999.0,7280.06,0.882681,0.0,0.469973
535.502,4999.0,7254.52,0.882681,0.0,0.469973
535.502,5030.0,7254.52,0.926325,0.0,0.376726
535.502,4999.0,7254.52,0.926325,0.0,0.376726
546.401,5030.0,7227.72,0.926325,0.0,0.376726
546.401,5030.0,7227.72,0.926325,0.0,0.376726
535.502,4999.0,7254.52,0.926325,0.0,0.376726
546.401,4999.0,7227.72,0.926325,0.0,0.376726
546.401,5030.0,7227.72,0.96015,0.0,0.279484
546.401,4999.0,7227.72,0.96015,0.0,0.279484
554.487,5030.0,7199.94,0.96015,0.0,0.279484
554.487,5030.0,7199.94,0.96015,0.0,0.279484
546.401,4999.0,7227.72,0.96015,0.0,0.279484
554.487,4999.0,7199.94,0.96015,0.0,0.279484
554.487,5030.0,7199.94,0.983799,0.0,0.179278
554.487,4999.0,7199.94,0.983799,0.0,0.179278
559.674,5030.0,7171.48,0.983799,0.0,0.179278
559.674,5030.0,7171.48,0.983799,0.0,0.179278
554.487,4999.0,7199.94,0.983799,0.0,0.179278
559.674,4999.0,7171.48,0.983799,0.0,0.179278
559.674,5030.0,7171.48,0.997017,0.0,0.0771776
559.674,4999.0,7171.48,0.997017,0.0,0.0771776
561.907,5030.0,7142.64,0.997017,0.0,0.0771776
561.907,5030.0,7142.64,0.997017,0.0,0.0771776
559.674,4999.0,7171.48,0.997017,0.0,0.0771776
561.907,4999.0,7142.64,0.997017,0.0,0.0771776
561.907,5030.0,7142.64,0.999668,0.0,-0.0257487
561.907,4999.0,7142.64,0.999668,0.0,-0.0257487
561.162,5030.0,7113.71,0.999668,0.0,-0.0257487
561.162,5030.0,7113.71,0.999668,0.0,-0.0257487
561.907,4999.0,7142.64,0.999668,0.0,-0.0257487
561.162,4999.0,7113.71,0.999668,0.0,-0.0257487
561.162,5030.0,7113.71,0.991723,0.0,-0.128396
561.162,4999.0,7113.71,0.991723,0.0,-0.128396
557.447,5030.0,7085.02,0.991723,0.0,-0.128396
557.447,5030.0,7085.02,0.991723,0.0,-0.128396
561.162,4999.0,7113.71,0.991723,0.0,-0.128396
557.447,4999.0,7085.02,0.991723,0.0,-0.128396
557.447,5030.0,7085.02,0.973264,0.0,-0.229689
557.447,4999.0,7085.02,0.973264,0.0,-0.229689
550.802,5030.0,7056.86,0.973264,0.0,-0.229689
550.802,5030.0,7056.86,0.973264,0.0,-0.229689
557.447,4999.0,7085.02,0.973264,0.0,-0.229689
550.802,4999.0,7056.86,0.973264,0.0,-0.229689
550.802,5030.0,7056.86,0.944489,0.0,-0.328543
550.802,4999.0,7056.86,0.944489,0.0,-0.328543
541.297,5030.0,7029.54,0.944489,0.0,-0.328543
541.297,5030.0,7029.54,0.944489,0.0,-0.328543
550.802,4999.0,7056.86,0.944489,0.0,-0.328543
541.297,4999.0,7029.54,0.944489,0.0,-0.328543
541.297,5030.0,7029.54,0.905704,0.0,-0.423911
541.297,4999.0,7029.54,0.905704,0.0,-0.423911
529.033,5030.0,7003.34,0.905704,0.0,-0.423911
529.033,5030.0,7003.34,0.905704,0.0,-0.423911
541.297,4999.0,7029.54,0.905704,0.0,-0.423911
529.033,4999.0,7003.34,0.905704,0.0,-0.423911
529.033,5030.0,7003.34,0.857312,0.0,-0.514797
529.033,4999.0,7003.34,0.857312,0.0,-0.514797
514.139,5030.0,6978.53,0.857312,0.0,-0.514797
514.139,5030.0,6978.53,0.857312,0.0,-0.514797
529.033,4999.0,7003.34,0.857312,0.0,-0.514797
514.139,4999.0,6978.53,0.857312,0.0,-0.514797
514.139,5030.0,6978.53,0.799838,0.0,-0.600215
514.139,4999.0,6978.53,0.799838,0.0,-0.600215
496.774,5030.0,6955.39,0.799838,0.0,-0.600215
496.774,5030.0,6955.39,0.799838,0.0,-0.600215
514.139,4999.0,6978.53,0.799838,0.0,-0.600215
496.774,4999.0,6955.39,0.799838,0.0,-0.600215
496.774,5030.0,6955.39,0.733891,0.0,-0.679267
496.774,4999.0,6955.39,0.733891,0.0,-0.679267
477.122,5030.0,6934.16,0.733891,0.0,-0.679267
477.122,5030.0,6934.16,0.733891,0.0,-0.679267
496.774,4999.0,6955.39,0.733891,0.0,-0.679267
477.122,4999.0,6934.16,0.733891,0.0,-0.679267
477.122,5030.0,6934.16,0.660147,0.0,-0.751137
477.122,4999.0,6934.16,0.660147,0.0,-0.751137
455.391,5030.0,6915.06,0.660147,0.0,-0.751137
455.391,5030.0,6915.06,0.660147,0.0,-0.751137
477.122,4999.0,6934.16,0.660147,0.0,-0.751137
455.391,4999.0,6915.06,0.660147,0.0,-0.751137
455.391,5030.0,6915.06,0.579419,0.0,-0.81503
455.391,4999.0,6915.06,0.579419,0.0,-0.81503
431.812,5030.0,6898.3,0.579419,0.0,-0.81503
431.812,5030.0,6898.3,0.579419,0.0,-0.81503
455.391,4999.0,6915.06,0.579419,0.0,-0.81503
431.812,4999.0,6898.3,0.579419,0.0,-0.81503
431.812,5030.0,6898.3,0.492562,0.0,-0.870277
431.812,4999.0,6898.3,0.492562,0.0,-0.870277
406.633,5030.0,6884.05,0.492562,0.0,-0.870277
406.633,5030.0,6884.05,0.492562,0.0,-0.870277
431.812,4999.0,6898.3,0.492562,0.0,-0.870277
406.633,4999.0,6884.05,0.492562,0.0,-0.870277
406.633,5030.0,6884.05,0.400436,0.0,-0.916325
406.633,4999.0,6884.05,0.400436,0.0,-0.916325
380.123,5030.0,6872.46,0.400436,0.0,-0.916325
380.123,5030.0,6872.46,0.400436,0.0,-0.916325
406.633,4999.0,6884.05,0.400436,0.0,-0.916325
380.123,4999.0,6872.46,0.400436,0.0,-0.916325
380.123,5030.0,6872.46,0.30413,0.0,-0.952631
380.123,4999.0,6872.46,0.30413,0.0,-0.952631
352.563,5030.0,6863.67,0.30413,0.0,-0.952631
352.563,5030.0,6863.67,0.30413,0.0,-0.952631
380.123,4999.0,6872.46,0.30413,0.0,-0.952631
352.563,4999.0,6863.67,0.30413,0.0,-0.952631
352.563,5030.0,6863.67,0.204554,0.0,-0.978855
352.563,4999.0,6863.67,0.204554,0.0,-0.978855
324.243,5030.0,6857.75,0.204554,0.0,-0.978855
324.243,5030.0,6857.75,0.204554,0.0,-0.978855
352.563,4999.0,6863.67,0.204554,0.0,-0.978855
324.243,4999.0,6857.75,0.204554,0.0,-0.978855
324.243,5030.0,6857.75,0.102817,0.0,-0.9947
324.243,4999.0,6857.75,0.102817,0.0,-0.9947
295.466,5030.0,6854.77,0.102817,0.0,-0.9947
295.466,5030.0,6854.77,0.102817,0.0,-0.9947
324.243,4999.0,6857.75,0.102817,0.0,-0.9947
295.466,4999.0,6854.77,0.102817,0.0,-0.9947
295.466,5030.0,6854.77,0.0,0.0,-1.0
295.466,4999.0,6854.77,0.0,0.0,-1.0
266.534,5030.0,6854.77,0.0,0.0,-1.0
266.534,5030.0,6854.77,0.0,0.0,-1.0
295.466,4999.0,6854.77,0.0,0.0,-1.0
266.534,4999.0,6854.77,0.0,0.0,-1.0
266.534,5030.0,6854.77,-0.102817,0.0,-0.9947
266.534,4999.0,6854.77,-0.102817,0.0,-0.9947
237.757,5030.0,6857.75,-0.102817,0.0,-0.9947
237.757,5030.0,6857.75,-0.102817,0.0,-0.9947
266.534,4999.0,6854.77,-0.102817,0.0,-0.9947
237.757,4999.0,6857.75,-0.102817,0.0,-0.9947
237.757,5030.0,6857.75,-0.204554,0.0,-0.978855
237.757,4999.0,6857.75,-0.204554,0.0,-0.978855
209.437,5030.0,6863.67,-0.204554,0.0,-0.978855
209.437,5030.0,6863.67,-0.204554,0.0,-0.978855
237.757,4999.0,6857.75,-0.204554,0.0,-0.978855
209.437,4999.0,6863.67,-0.204554,0.0,-0.978855
209.437,5030.0,6863.67,-0.30413,0.0,-0.952631
209.437,4999.0,6863.67,-0.30413,0.0,-0.952631
181.877,5030.0,6872.46,-0.30413,0.0,-0.952631
181.877,5030.0,6872.46,-0.30413,0.0,-0.952631
209.437,4999.0,6863.67,-0.30413,0.0,-0.952631
181.877,4999.0,6872.46,-0.30413,0.0,-0.952631
181.877,5030.0,6872.46,-0.400436,0.0,-0.916325
181.877,4999.0,6872.46,-0.400436,0.0,-0.916325
155.367,5030.0,6884.05,-0.400436,0.0,-0.916325
155.367,5030.0,6884.05,-0.400436,0.0,-0.916325
181.877,4999.0,6872.46,-0.400436,0.0,-0.916325
155.367,4999.0,6884.05,-0.400436,0.0,-0.916325
155.367,5030.0,6884.05,-0.492563,0.0,-0.870277
155.367,4999.0,6884.05,-0.492563,0.0,-0.870277
130.188,5030.0,6898.3,-0.492563,0.0,-0.870277
130.188,5030.0,6898.3,-0.492563,0.0,-0.870277
155.367,4999.0,6884.05,-0.492563,0.0,-0.870277
130.188,4999.0,6898.3,-0.492563,0.0,-0.870277
130.188,5030.0,6898.3,-0.579419,0.0,-0.81503
130.188,4999.0,6898.3,-0.579419,0.0,-0.81503
106.609,5030.0,6915.06,-0.579419,0.0,-0.81503
106.609,5030.0,6915.06,-0.579419,0.0,-0.81503
130.188,4999.0,6898.3,-0.579419,0.0,-0.81503
106.609,4999.0,6915.06,-0.579419,0.0,-0.81503
106.609,5030.0,6915.06,-0.660147,0.0,-0.751136
106.609,4999.0,6915.06,-0.660147,0.0,-0.751136
84.8777,5030.0,6934.16,-0.660147,0.0,-0.751136
84.8777,5030.0,6934.16,-0.660147,0.0,-0.751136
106.609,4999.0,6915.06,-0.660147,0.0,-0.751136
84.8777,4999.0,6934.16,-0.660147,0.0,-0.751136
84.8777,5030.0,6934.16,-0.733891,0.0,-0.679268
84.8777,4999.0,6934.16,-0.733891,0.0,-0.679268
65.2256,5030.0,6955.39,-0.733891,0.0,-0.679268
65.2256,5030.0,6955.39,-0.733891,0.0,-0.679268
84.8777,4999.0,6934.16,-0.733891,0.0,-0.679268
65.2256,4999.0,6955.39,-0.733891,0.0,-0.679268
65.2256,5030.0,6955.39,-0.799838,0.0,-0.600216
65.2256,4999.0,6955.39,-0.799838,0.0,-0.600216
47.8607,5030.0,6978.53,-0.799838,0.0,-0.600216
47.8607,5030.0,6978.53,-0.799838,0.0,-0.600216
65.2256,4999.0,6955.39,-0.799838,0.0,-0.600216
47.8607,4999.0,6978.53,-0.799838,0.0,-0.600216
47.8607,5030.0,6978.53,-0.857312,0.0,-0.514797
47.8607,4999.0,6978.53,-0.857312,0.0,-0.514797
32.9672,5030.0,7003.34,-0.857312,0.0,-0.514797
32.9672,5030.0,7003.34,-0.857312,0.0,-0.514797
47.8607,4999.0,6978.53,-0.857312,0.0,-0.514797
32.9672,4999.0,7003.34,-0.857312,0.0,-0.514797
32.9672,5030.0,7003.34,-0.905704,0.0,-0.423911
32.9672,4999.0,7003.34,-0.905704,0.0,-0.423911
20.703,5030.0,7029.54,-0.905704,0.0,-0.423911
20.703,5030.0,7029.54,-0.905704,0.0,-0.423911
32.9672,4999.0,7003.34,-0.905704,0.0,-0.423911
20.703,4999.0,7029.54,-0.905704,0.0,-0.423911
20.703,5030.0,7029.54,-0.94449,0.0,-0.328541
20.703,4999.0,7029.54,-0.94449,0.0,-0.328541
11.1979,5030.0,7056.86,-0.94449,0.0,-0.328541
11.1979,5030.0,7056.86,-0.94449,0.0,-0.328541
20.703,4999.0,7029.54,-0.94449,0.0,-0.328541
11.1979,4999.0,7056.86,-0.94449,0.0,-0.328541
11.1979,5030.0,7056.86,-0.973264,0.0,-0.22969
11.1979,4999.0,7056.86,-0.973264,0.0,-0.22969
4.55275,5030.0,7085.02,-0.973264,0.0,-0.22969
4.55275,5030.0,7085.02,-0.973264,0.0,-0.22969
11.1979,4999.0,7056.86,-0.973264,0.0,-0.22969
4.55275,4999.0,7085.02,-0.973264,0.0,-0.22969
4.55275,5030.0,7085.02,-0.991723,0.0,-0.128396
4.55275,4999.0,7085.02,-0.991723,0.0,-0.128396
0.838071,5030.0,7113.71,-0.991723,0.0,-0.128396
0.838071,5030.0,7113.71,-0.991723,0.0,-0.128396
4.55275,4999.0,7085.02,-0.991723,0.0,-0.128396
0.838071,4999.0,7113.71,-0.991723,0.0,-0.128396
0.838071,5030.0,7113.71,-0.999668,0.0,-0.0257478
0.838071,4999.0,7113.71,-0.999668,0.0,-0.0257478
0.0931621,5030.0,7142.64,-0.999668,0.0,-0.0257478
0.0931621,5030.0,7142.64,-0.999668,0.0,-0.0257478
0.838071,4999.0,7113.71,-0.999668,0.0,-0.0257478
0.0931621,4999.0,7142.64,-0.999668,0.0,-0.0257478
0.0931621,5030.0,7142.64,-0.997017,0.0,0.0771766
0.0931621,4999.0,7142.64,-0.997017,0.0,0.0771766
2.32592,5030.0,7171.48,-0.997017,0.0,0.0771766
2.32592,5030.0,7171.48,-0.997017,0.0,0.0771766
0.0931621,4999.0,7142.64,-0.997017,0.0,0.0771766
2.32592,4999.0,7171.48,-0.997017,0.0,0.0771766
2.32592,5030.0,7171.48,-0.983798,0.0,0.17928
2.32592,4999.0,7171.48,-0.983798,0.0,0.17928
7.51269,5030.0,7199.94,-0.983798,0.0,0.17928
7.51269,5030.0,7199.94,-0.983798,0.0,0.17928
2.32592,4999.0,7171.48,-0.983798,0.0,0.17928
7.51269,4999.0,7199.94,-0.983798,0.0,0.17928
7.51269,5030.0,7199.94,-0.96015,0.0,0.279484
7.51269,4999.0,7199.94,-0.96015,0.0,0.279484
15.5985,5030.0,7227.72,-0.96015,0.0,0.279484
15.5985,5030.0,7227.72,-0.96015,0.0,0.279484
7.51269,4999.0,7199.94,-0.96015,0.0,0.279484
15.5985,4999.0,7227.72,-0.96015,0.0,0.279484
15.5985,5030.0,7227.72,-0.926325,0.0,0.376725
15.5985,4999.0,7227.72,-0.926325,0.0,0.376725
26.4977,5030.0,7254.52,-0.926325,0.0,0.376725
26.4977,5030.0,7254.52,-0.926325,0.0,0.376725
15.5985,4999.0,7227.72,-0.926325,0.0,0.376725
26.4977,4999.0,7254.52,-0.926325,0.0,0.376725
26.4977,5030.0,7254.52,-0.882681,0.0,0.469973
26.4977,4999.0,7254.52,-0.882681,0.0,0.469973
40.0946,5030.0,7280.06,-0.882681,0.0,0.469973
40.0946,5030.0,7280.06,-0.882681,0.0,0.469973
26.4977,4999.0,7254.52,-0.882681,0.0,0.469973
40.0946,4999.0,7280.06,-0.882681,0.0,0.469973
40.0946,5030.0,7280.06,-0.829672,0.0,0.558252
40.0946,4999.0,7280.06,-0.829672,0.0,0.558252
56.2452,5030.0,7304.06,-0.829672,0.0,0.558252
56.2452,5030.0,7304.06,-0.829672,0.0,0.558252
40.0946,4999.0,7280.06,-0.829672,0.0,0.558252
56.2452,4999.0,7304.06,-0.829672,0.0,0.558252
56.2452,5030.0,7304.06,-0.767884,0.0,0.640589
56.2452,4999.0,7304.06,-0.767884,0.0,0.640589
74.7782,5030.0,7326.28,-0.767884,0.0,0.640589
74.7782,5030.0,7326.28,-0.767884,0.0,0.640589
56.2452,4999.0,7304.06,-0.767884,0.0,0.640589
74.7782,4999.0,7326.28,-0.767884,0.0,0.640589
74.7782,5030.0,7326.28,-0.697938,0.0,0.716159
74.7782,4999.0,7326.28,-0.697938,0.0,0.716159
95.4972,5030.0,7346.47,-0.697938,0.0,0.716159
95.4972,5030.0,7346.47,-0.697938,0.0,0.716159
74.7782,4999.0,7326.28,-0.697938,0.0,0.716159
95.4972,4999.0,7346.47,-0.697938,0.0,0.716159
95.4972,5030.0,7346.47,-0.620613,0.0,0.784117
95.4972,4999.0,7346.47,-0.620613,0.0,0.784117
118.183,5030.0,7364.42,-0.620613,0.0,0.784117
118.183,5030.0,7364.42,-0.620613,0.0,0.784117
95.4972,4999.0,7346.47,-0.620613,0.0,0.784117
118.183,4999.0,7364.42,-0.620613,0.0,0.784117
118.183,5030.0,7364.42,-0.5367,0.0,0.843773
118.183,4999.0,7364.42,-0.5367,0.0,0.843773
142.594,5030.0,7379.95,-0.5367,0.0,0.843773
142.594,5030.0,7379.95,-0.5367,0.0,0.843773
118.183,4999.0,7364.42,-0.5367,0.0,0.843773
142.594,4999.0,7379.95,-0.5367,0.0,0.843773
142.594,5030.0,7379.95,-0.447098,0.0,0.894485
142.594,4999.0,7379.95,-0.447098,0.0,0.894485
168.472,5030.0,7392.89,-0.447098,0.0,0.894485
168.472,5030.0,7392.89,-0.447098,0.0,0.894485
142.594,4999.0,7379.95,-0.447098,0.0,0.894485
168.472,4999.0,7392.89,-0.447098,0.0,0.894485
168.472,5030.0,7392.89,-0.35274,0.0,0.935722
168.472,4999.0,7392.89,-0.35274,0.0,0.935722
195.544,5030.0,7403.09,-0.35274,0.0,0.935722
195.544,5030.0,7403.09,-0.35274,0.0,0.935722
168.472,4999.0,7392.89,-0.35274,0.0,0.935722
195.544,4999.0,7403.09,-0.35274,0.0,0.935722
195.544,5030.0,7403.09,-0.254679,0.0,0.967026
195.544,4999.0,7403.09,-0.254679,0.0,0.967026
223.521,5030.0,7410.46,-0.254679,0.0,0.967026
223.521,5030.0,7410.46,-0.254679,0.0,0.967026
195.544,4999.0,7403.09,-0.254679,0.0,0.967026
223.521,4999.0,7410.46,-0.254679,0.0,0.967026
223.521,5030.0,7410.46,-0.153888,0.0,0.988088
223.521,4999.0,7410.46,-0.153888,0.0,0.988088
252.107,5030.0,7414.91,-0.153888,0.0,0.988088
252.107,5030.0,7414.91,-0.153888,0.0,0.988088
223.521,4999.0,7410.46,-0.153888,0.0,0.988088
252.107,4999.0,7414.91,-0.153888,0.0,0.988088
252.107,5030.0,7414.91,-0.0514761,0.0,0.998674
252.107,4999.0,7414.91,-0.0514761,0.0,0.998674
281.0,5030.0,7416.4,-0.0514761,0.0,0.998674
281.0,5030.0,7416.4,-0.0514761,0.0,0.998674
252.107,4999.0,7414.91,-0.0514761,0.0,0.998674
281.0,4999.0,7416.4,-0.0514761,0.0,0.998674
281.0,5030.0,7416.4,0.0514761,0.0,0.998674
281.0,4999.0,7416.4,0.0514761,0.0,0.998674
309.893,5030.0,7414.91,0.0514761,0.0,0.998674
309.893,5030.0,7414.91,0.0514761,0.0,0.998674
281.0,4999.0,7416.4,0.0514761,0.0,0.998674
309.893,4999.0,7414.91,0.0514761,0.0,0.998674
300.081,4955.0,7258.94,-0.227846,0.0,-0.973697
300.081,5030.0,7258.94,-0.227846,0.0,-0.973697
318.715,4955.0,7254.57,-0.227846,0.0,-0.973697
318.715,4955.0,7254.57,-0.227846,0.0,-0.973697
300.081,5030.0,7258.94,-0.227846,0.0,-0.973697
318.715,5030.0,7254.57,-0.227846,0.0,-0.973697
318.715,4955.0,7254.57,-0.373815,0.0,-0.927503
318.715,5030.0,7254.57,-0.373815,0.0,-0.927503
336.465,4955.0,7247.42,-0.373815,0.0,-0.927503
336.465,4955.0,7247.42,-0.373815,0.0,-0.927503
318.715,5030.0,7254.57,-0.373815,0.0,-0.927503
336.465,5030.0,7247.42,-0.373815,0.0,-0.927503
336.465,4955.0,7247.42,-0.511029,0.0,-0.859563
336.465,5030.0,7247.42,-0.511029,0.0,-0.859563
352.915,4955.0,7237.64,-0.511029,0.0,-0.859563
352.915,4955.0,7237.64,-0.511029,0.0,-0.859563
336.465,5030.0,7247.42,-0.511029,0.0,-0.859563
352.915,5030.0,7237.64,-0.511029,0.0,-0.859563
352.915,4955.0,7237.64,-0.636236,0.0,-0.771495
352.915,5030.0,7237.64,-0.636236,0.0,-0.771495
367.679,4955.0,7225.47,-0.636236,0.0,-0.771495
367.679,4955.0,7225.47,-0.636236,0.0,-0.771495
352.915,5030.0,7237.64,-0.636236,0.0,-0.771495
367.679,5030.0,7225.47,-0.636236,0.0,-0.771495
367.679,4955.0,7225.47,-0.746555,0.0,-0.665323
367.679,5030.0,7225.47,-0.746555,0.0,-0.665323
380.412,4955.0,7211.18,-0.746555,0.0,-0.665323
380.412,4955.0,7211.18,-0.746555,0.0,-0.665323
367.679,5030.0,7225.47,-0.746555,0.0,-0.665323
380.412,5030.0,7211.18,-0.746555,0.0,-0.665323
380.412,4955.0,7211.18,-0.839363,0.0,-0.543572
380.412,5030.0,7211.18,-0.839363,0.0,-0.543572
390.814,4955.0,7195.12,-0.839363,0.0,-0.543572
390.814,4955.0,7195.12,-0.839363,0.0,-0.543572
380.412,5030.0,7211.18,-0.839363,0.0,-0.543572
390.814,5030.0,7195.12,-0.839363,0.0,-0.543572
390.814,4955.0,7195.12,-0.912508,0.0,-0.409059
390.814,5030.0,7195.12,-0.912508,0.0,-0.409059
398.642,4955.0,7177.65,-0.912508,0.0,-0.409059
398.642,4955.0,7177.65,-0.912508,0.0,-0.409059
390.814,5030.0,7195.12,-0.912508,0.0,-0.409059
398.642,5030.0,7177.65,-0.912508,0.0,-0.409059
398.642,4955.0,7177.65,-0.964253,0.0,-0.264983
398.642,5030.0,7177.65,-0.964253,0.0,-0.264983
403.714,4955.0,7159.2,-0.964253,0.0,-0.264983
403.714,4955.0,7159.2,-0.964253,0.0,-0.264983
398.642,5030.0,7177.65,-0.964253,0.0,-0.264983
403.714,5030.0,7159.2,-0.964253,0.0,-0.264983
403.714,4955.0,7159.2,-0.993402,0.0,-0.114682
403.714,5030.0,7159.2,-0.993402,0.0,-0.114682
405.908,4955.0,7140.19,-0.993402,0.0,-0.114682
405.908,4955.0,7140.19,-0.993402,0.0,-0.114682
403.714,5030.0,7159.2,-0.993402,0.0,-0.114682
405.908,5030.0,7140.19,-0.993402,0.0,-0.114682
405.908,4955.0,7140.19,-0.999266,0.0,0.0383043
405.908,5030.0,7140.19,-0.999266,0.0,0.0383043
405.175,4955.0,7121.06,-0.999266,0.0,0.0383043
405.175,4955.0,7121.06,-0.999266,0.0,0.0383043
405.908,5030.0,7140.19,-0.999266,0.0,0.0383043
405.175,5030.0,7121.06,-0.999266,0.0,0.0383043
405.175,4955.0,7121.06,-0.981708,0.0,0.190392
405.175,5030.0,7121.06,-0.981708,0.0,0.190392
401.532,4955.0,7102.28,-0.981708,0.0,0.190392
401.532,4955.0,7102.28,-0.981708,0.0,0.190392
405.175,5030.0,7121.06,-0.981708,0.0,0.190392
401.532,5030.0,7102.28,-0.981708,0.0,0.190392
401.532,4955.0,7102.28,-0.941142,0.0,0.338012
401.532,5030.0,7102.28,-0.941142,0.0,0.338012
395.063,4955.0,7084.27,-0.941142,0.0,0.338012
395.063,4955.0,7084.27,-0.941142,0.0,0.338012
401.532,5030.0,7102.28,-0.941142,0.0,0.338012
395.063,5030.0,7084.27,-0.941142,0.0,0.338012
395.063,4955.0,7084.27,-0.878509,0.0,0.477726
395.063,5030.0,7084.27,-0.878509,0.0,0.477726
385.921,4955.0,7067.45,-0.878509,0.0,0.477726
385.921,4955.0,7067.45,-0.878509,0.0,0.477726
395.063,5030.0,7084.27,-0.878509,0.0,0.477726
385.921,5030.0,7067.45,-0.878509,0.0,0.477726
385.921,4955.0,7067.45,-0.795291,0.0,0.606228
385.921,5030.0,7067.45,-0.795291,0.0,0.606228
374.319,4955.0,7052.23,-0.795291,0.0,0.606228
374.319,4955.0,7052.23,-0.795291,0.0,0.606228
385.921,5030.0,7067.45,-0.795291,0.0,0.606228
374.319,5030.0,7052.23,-0.795291,0.0,0.606228
374.319,4955.0,7052.23,-0.693434,0.0,0.72052
374.319,5030.0,7052.23,-0.693434,0.0,0.72052
360.53,4955.0,7038.96,-0.693434,0.0,0.72052
360.53,4955.0,7038.96,-0.693434,0.0,0.72052
374.319,5030.0,7052.23,-0.693434,0.0,0.72052
360.53,5030.0,7038.96,-0.693434,0.0,0.72052
360.53,4955.0,7038.96,-0.575326,0.0,0.817924
360.53,5030.0,7038.96,-0.575326,0.0,0.817924
344.877,4955.0,7027.95,-0.575326,0.0,0.817924
344.877,4955.0,7027.95,-0.575326,0.0,0.817924
360.53,5030.0,7038.96,-0.575326,0.0,0.817924
344.877,5030.0,7027.95,-0.575326,0.0,0.817924
344.877,4955.0,7027.95,-0.443724,0.0,0.896163
344.877,5030.0,7027.95,-0.443724,0.0,0.896163
327.727,4955.0,7019.46,-0.443724,0.0,0.896163
327.727,4955.0,7019.46,-0.443724,0.0,0.896163
344.877,5030.0,7027.95,-0.443724,0.0,0.896163
327.727,5030.0,7019.46,-0.443724,0.0,0.896163
327.727,4955.0,7019.46,-0.301711,0.0,0.953399
327.727,5030.0,7019.46,-0.301711,0.0,0.953399
309.482,4955.0,7013.69,-0.301711,0.0,0.953399
309.482,4955.0,7013.69,-0.301711,0.0,0.953399
327.727,5030.0,7019.46,-0.301711,0.0,0.953399
309.482,5030.0,7013.69,-0.301711,0.0,0.953399
309.482,4955.0,7013.69,-0.152629,0.0,0.988284
309.482,5030.0,7013.69,-0.152629,0.0,0.988284
290.569,4955.0,7010.77,-0.152629,0.0,0.988284
290.569,4955.0,7010.77,-0.152629,0.0,0.988284
309.482,5030.0,7013.69,-0.152629,0.0,0.988284
290.569,5030.0,7010.77,-0.152629,0.0,0.988284
290.569,4955.0,7010.77,0.0,0.0,1.0
290.569,5030.0,7010.77,0.0,0.0,1.0
271.431,4955.0,7010.77,0.0,0.0,1.0
271.431,4955.0,7010.77,0.0,0.0,1.0
290.569,5030.0,7010.77,0.0,0.0,1.0
271.431,5030.0,7010.77,0.0,0.0,1.0
271.431,4955.0,7010.77,0.152629,0.0,0.988284
271.431,5030.0,7010.77,0.152629,0.0,0.988284
252.518,4955.0,7013.69,0.152629,0.0,0.988284
252.518,4955.0,7013.69,0.152629,0.0,0.988284
271.431,5030.0,7010.77,0.152629,0.0,0.988284
252.518,5030.0,7013.69,0.152629,0.0,0.988284
252.518,4955.0,7013.69,0.301711,0.0,0.953399
252.518,5030.0,7013.69,0.301711,0.0,0.953399
234.273,4955.0,7019.46,0.301711,0.0,0.953399
234.273,4955.0,7019.46,0.301711,0.0,0.953399
252.518,5030.0,7013.69,0.301711,0.0,0.953399
234.273,5030.0,7019.46,0.301711,0.0,0.953399
234.273,4955.0,7019.46,0.443724,0.0,0.896164
234.273,5030.0,7019.46,0.443724,0.0,0.896164
217.123,4955.0,7027.95,0.443724,0.0,0.896164
217.123,4955.0,7027.95,0.443724,0.0,0.896164
234.273,5030.0,7019.46,0.443724,0.0,0.896164
217.123,5030.0,7027.95,0.443724,0.0,0.896164
217.123,4955.0,7027.95,0.575326,0.0,0.817924
217.123,5030.0,7027.95,0.575326,0.0,0.817924
201.47,4955.0,7038.96,0.575326,0.0,0.817924
201.47,4955.0,7038.96,0.575326,0.0,0.817924
217.123,5030.0,7027.95,0.575326,0.0,0.817924
201.47,5030.0,7038.96,0.575326,0.0,0.817924
201.47,4955.0,7038.96,0.693434,0.0,0.72052
201.47,5030.0,7038.96,0.693434,0.0,0.72052
187.681,4955.0,7052.23,0.693434,0.0,0.72052
187.681,4955.0,7052.23,0.693434,0.0,0.72052
201.47,5030.0,7038.96,0.693434,0.0,0.72052
187.681,5030.0,7052.23,0.693434,0.0,0.72052
187.681,4955.0,7052.23,0.795292,0.0,0.606227
187.681,5030.0,7052.23,0.795292,0.0,0.606227
176.079,4955.0,7067.45,0.795292,0.0,0.606227
176.079,4955.0,7067.45,0.795292,0.0,0.606227
187.681,5030.0,7052.23,0.795292,0.0,0.606227
176.079,5030.0,7067.45,0.795292,0.0,0.606227
176.079,4955.0,7067.45,0.878508,0.0,0.477727
176.079,5030.0,7067.45,0.878508,0.0,0.477727
166.937,4955.0,7084.27,0.878508,0.0,0.477727
166.937,4955.0,7084.27,0.878508,0.0,0.477727
176.079,5030.0,7067.45,0.878508,0.0,0.477727
166.937,5030.0,7084.27,0.878508,0.0,0.477727
166.937,4955.0,7084.27,0.941142,0.0,0.338011
166.937,5030.0,7084.27,0.941142,0.0,0.338011
160.468,4955.0,7102.28,0.941142,0.0,0.338011
160.468,4955.0,7102.28,0.941142,0.0,0.338011
166.937,5030.0,7084.27,0.941142,0.0,0.338011
160.468,5030.0,7102.28,0.941142,0.0,0.338011
160.468,4955.0,7102.28,0.981708,0.0,0.190392
160.468,5030.0,7102.28,0.981708,0.0,0.190392
156.825,4955.0,7121.06,0.981708,0.0,0.190392
156.825,4955.0,7121.06,0.981708,0.0,0.190392
160.468,5030.0,7102.28,0.981708,0.0,0.190392
156.825,5030.0,7121.06,0.981708,0.0,0.190392
156.825,4955.0,7121.06,0.999266,0.0,0.0383035
156.825,5030.0,7121.06,0.999266,0.0,0.0383035
156.092,4955.0,7140.19,0.999266,0.0,0.0383035
156.092,4955.0,7140.19,0.999266,0.0,0.0383035
156.825,5030.0,7121.06,0.999266,0.0,0.0383035
156.092,5030.0,7140.19,0.999266,0.0,0.0383035
156.092,4955.0,7140.19,0.993402,0.0,-0.114682
156.092,5030.0,7140.19,0.993402,0.0,-0.114682
158.286,4955.0,7159.2,0.993402,0.0,-0.114682
158.286,4955.0,7159.2,0.993402,0.0,-0.114682
156.092,5030.0,7140.19,0.993402,0.0,-0.114682
158.286,5030.0,7159.2,0.993402,0.0,-0.114682
158.286,4955.0,7159.2,0.964253,0.0,-0.264983
158.286,5030.0,7159.2,0.964253,0.0,-0.264983
163.357,4955.0,7177.65,0.964253,0.0,-0.264983
163.357,4955.0,7177.65,0.964253,0.0,-0.264983
158.286,5030.0,7159.2,0.964253,0.0,-0.264983
163.357,5030.0,7177.65,0.964253,0.0,-0.264983
163.357,4955.0,7177.65,0.912508,0.0,-0.409059
163.357,5030.0,7177.65,0.912508,0.0,-0.409059
171.186,4955.0,7195.12,0.912508,0.0,-0.409059
171.186,4955.0,7195.12,0.912508,0.0,-0.409059
163.357,5030.0,7177.65,0.912508,0.0,-0.409059
171.186,5030.0,7195.12,0.912508,0.0,-0.409059
171.186,4955.0,7195.12,0.839362,0.0,-0.543572
171.186,5030.0,7195.12,0.839362,0.0,-0.543572
181.588,4955.0,7211.18,0.839362,0.0,-0.543572
181.588,4955.0,7211.18,0.839362,0.0,-0.543572
171.186,5030.0,7195.12,0.839362,0.0,-0.543572
181.588,5030.0,7211.18,0.839362,0.0,-0.543572
181.588,4955.0,7211.18,0.746555,0.0,-0.665323
181.588,5030.0,7211.18,0.746555,0.0,-0.665323
194.321,4955.0,7225.47,0.746555,0.0,-0.665323
194.321,4955.0,7225.47,0.746555,0.0,-0.665323
181.588,5030.0,7211.18,0.746555,0.0,-0.665323
194.321,5030.0,7225.47,0.746555,0.0,-0.665323
194.321,4955.0,7225.47,0.636236,0.0,-0.771494
194.321,5030.0,7225.47,0.636236,0.0,-0.771494
209.085,4955.0,7237.64,0.636236,0.0,-0.771494
209.085,4955.0,7237.64,0.636236,0.0,-0.771494
194.321,5030.0,7225.47,0.636236,0.0,-0.771494
209.085,5030.0,7237.64,0.636236,0.0,-0.771494
209.085,4955.0,7237.64,0.511029,0.0,-0.859564
209.085,5030.0,7237.64,0.511029,0.0,-0.859564
225.535,4955.0,7247.42,0.511029,0.0,-0.859564
225.535,4955.0,7247.42,0.511029,0.0,-0.859564
209.085,5030.0,7237.64,0.511029,0.0,-0.859564
225.535,5030.0,7247.42,0.511029,0.0,-0.859564
225.535,4955.0,7247.42,0.373815,0.0,-0.927503
225.535,5030.0,7247.42,0.373815,0.0,-0.927503
243.285,4955.0,7254.57,0.373815,0.0,-0.927503
243.285,4955.0,7254.57,0.373815,0.0,-0.927503
225.535,5030.0,7247.42,0.373815,0.0,-0.927503
243.285,5030.0,7254.57,0.373815,0.0,-0.927503
243.285,4955.0,7254.57,0.227846,0.0,-0.973697
243.285,5030.0,7254.57,0.227846,0.0,-0.973697
261.919,4955.0,7258.94,0.227846,0.0,-0.973697
261.919,4955.0,7258.94,0.227846,0.0,-0.973697
243.285,5030.0,7254.57,0.227846,0.0,-0.973697
261.919,5030.0,7258.94,0.227846,0.0,-0.973697
261.919,4955.0,7258.94,0.0765439,0.0,-0.997066
261.919,5030.0,7258.94,0.0765439,0.0,-0.997066
281.0,4955.0,7260.4,0.0765439,0.0,-0.997066
281.0,4955.0,7260.4,0.0765439,0.0,-0.997066
261.919,5030.0,7258.94,0.0765439,0.0,-0.997066
281.0,5030.0,7260.4,0.0765439,0.0,-0.997066
281.0,4955.0,7260.4,-0.0765439,0.0,-0.997066
281.0,5030.0,7260.4,-0.0765439,0.0,-0.997066
300.081,4955.0,7258.94,-0.0765439,0.0,-0.997066
300.081,4955.0,7258.94,-0.0765439,0.0,-0.997066
281.0,5030.0,7260.4,-0.0765439,0.0,-0.997066
300.081,5030.0,7258.94,-0.0765439,0.0,-0.997066
243.285,5030.0,7254.57,0.0,1.0,0.0
223.521,5030.0,7410.46,0.0,1.0,0.0
261.919,5030.0,7258.94,0.0,1.0,0.0
261.919,5030.0,7258.94,0.0,1.0,0.0
223.521,5030.0,7410.46,0.0,1.0,0.0
252.107,5030.0,7414.91,0.0,1.0,0.0
261.919,5030.0,7258.94,0.0,1.0,0.0
252.107,5030.0,7414.91,0.0,1.0,0.0
281.0,5030.0,7260.4,0.0,1.0,0.0
281.0,5030.0,7260.4,0.0,1.0,0.0
252.107,5030.0,7414.91,0.0,1.0,0.0
281.0,5030.0,7416.4,0.0,1.0,0.0
281.0,5030.0,7260.4,0.0,1.0,0.0
281.0,5030.0,7416.4,0.0,1.0,0.0
300.081,5030.0,7258.94,0.0,1.0,0.0
281.0,5030.0,7416.4,0.0,1.0,0.0
309.893,5030.0,7414.91,0.0,1.0,0.0
300.081,5030.0,7258.94,0.0,1.0,0.0
300.081,5030.0,7258.94,0.0,1.0,0.0
309.893,5030.0,7414.91,0.0,1.0,0.0
338.479,5030.0,7410.46,0.0,1.0,0.0
300.081,5030.0,7258.94,0.0,1.0,0.0
338.479,5030.0,7410.46,0.0,1.0,0.0
318.715,5030.0,7254.57,0.0,1.0,0.0
318.715,5030.0,7254.57,0.0,1.0,0.0
338.479,5030.0,7410.46,0.0,1.0,0.0
366.456,5030.0,7403.09,0.0,1.0,0.0
318.715,5030.0,7254.57,0.0,1.0,0.0
366.456,5030.0,7403.09,0.0,1.0,0.0
336.465,5030.0,7247.42,0.0,1.0,0.0
160.468,5030.0,7102.28,0.0,1.0,0.0
4.55275,5030.0,7085.02,0.0,1.0,0.0
156.825,5030.0,7121.06,0.0,1.0,0.0
156.825,5030.0,7121.06,0.0,1.0,0.0
4.55275,5030.0,7085.02,0.0,1.0,0.0
0.838071,5030.0,7113.71,0.0,1.0,0.0
156.825,5030.0,7121.06,0.0,1.0,0.0
0.838071,5030.0,7113.71,0.0,1.0,0.0
156.092,5030.0,7140.19,0.0,1.0,0.0
163.357,5030.0,7177.65,0.0,1.0,0.0
26.4977,5030.0,7254.52,0.0,1.0,0.0
171.186,5030.0,7195.12,0.0,1.0,0.0
171.186,5030.0,7195.12,0.0,1.0,0.0
26.4977,5030.0,7254.52,0.0,1.0,0.0
40.0946,5030.0,7280.06,0.0,1.0,0.0
171.186,5030.0,7195.12,0.0,1.0,0.0
40.0946,5030.0,7280.06,0.0,1.0,0.0
181.588,5030.0,7211.18,0.0,1.0,0.0
209.085,5030.0,7237.64,0.0,1.0,0.0
142.594,5030.0,7379.95,0.0,1.0,0.0
225.535,5030.0,7247.42,0.0,1.0,0.0
225.535,5030.0,7247.42,0.0,1.0,0.0
142.594,5030.0,7379.95,0.0,1.0,0.0
168.472,5030.0,7392.89,0.0,1.0,0.0
225.535,5030.0,7247.42,0.0,1.0,0.0
168.472,5030.0,7392.89,0.0,1.0,0.0
243.285,5030.0,7254.57,0.0,1.0,0.0
243.285,5030.0,7254.57,0.0,1.0,0.0
168.472,5030.0,7392.89,0.0,1.0,0.0
195.544,5030.0,7403.09,0.0,1.0,0.0
243.285,5030.0,7254.57,0.0,1.0,0.0
195.544,5030.0,7403.09,0.0,1.0,0.0
223.521,5030.0,7410.46,0.0,1.0,0.0
176.079,5030.0,7067.45,0.0,1.0,0.0
32.9672,5030.0,7003.34,0.0,1.0,0.0
166.937,5030.0,7084.27,0.0,1.0,0.0
166.937,5030.0,7084.27,0.0,1.0,0.0
32.9672,5030.0,7003.34,0.0,1.0,0.0
20.703,5030.0,7029.54,0.0,1.0,0.0
166.937,5030.0,7084.27,0.0,1.0,0.0
20.703,5030.0,7029.54,0.0,1.0,0.0
160.468,5030.0,7102.28,0.0,1.0,0.0
160.468,5030.0,7102.28,0.0,1.0,0.0
20.703,5030.0,7029.54,0.0,1.0,0.0
11.1979,5030.0,7056.86,0.0,1.0,0.0
160.468,5030.0,7102.28,0.0,1.0,0.0
11.1979,5030.0,7056.86,0.0,1.0,0.0
4.55275,5030.0,7085.02,0.0,1.0,0.0
271.431,5030.0,7010.77,0.0,1.0,0.0
237.757,5030.0,6857.75,0.0,1.0,0.0
252.518,5030.0,7013.69,0.0,1.0,0.0
252.518,5030.0,7013.69,0.0,1.0,0.0
237.757,5030.0,6857.75,0.0,1.0,0.0
209.437,5030.0,6863.67,0.0,1.0,0.0
252.518,5030.0,7013.69,0.0,1.0,0.0
209.437,5030.0,6863.67,0.0,1.0,0.0
234.273,5030.0,7019.46,0.0,1.0,0.0
0.838071,5030.0,7113.71,0.0,1.0,0.0
0.0931621,5030.0,7142.64,0.0,1.0,0.0
156.092,5030.0,7140.19,0.0,1.0,0.0
156.092,5030.0,7140.19,0.0,1.0,0.0
0.0931621,5030.0,7142.64,0.0,1.0,0.0
2.32592,5030.0,7171.48,0.0,1.0,0.0
156.092,5030.0,7140.19,0.0,1.0,0.0
2.32592,5030.0,7171.48,0.0,1.0,0.0
158.286,5030.0,7159.2,0.0,1.0,0.0
158.286,5030.0,7159.2,0.0,1.0,0.0
2.32592,5030.0,7171.48,0.0,1.0,0.0
7.51269,5030.0,7199.94,0.0,1.0,0.0
158.286,5030.0,7159.2,0.0,1.0,0.0
7.51269,5030.0,7199.94,0.0,1.0,0.0
163.357,5030.0,7177.65,0.0,1.0,0.0
163.357,5030.0,7177.65,0.0,1.0,0.0
7.51269,5030.0,7199.94,0.0,1.0,0.0
15.5985,5030.0,7227.72,0.0,1.0,0.0
163.357,5030.0,7177.65,0.0,1.0,0.0
15.5985,5030.0,7227.72,0.0,1.0,0.0
26.4977,5030.0,7254.52,0.0,1.0,0.0
201.47,5030.0,7038.96,0.0,1.0,0.0
84.8777,5030.0,6934.16,0.0,1.0,0.0
187.681,5030.0,7052.23,0.0,1.0,0.0
187.681,5030.0,7052.23,0.0,1.0,0.0
84.8777,5030.0,6934.16,0.0,1.0,0.0
65.2256,5030.0,6955.39,0.0,1.0,0.0
187.681,5030.0,7052.23,0.0,1.0,0.0
65.2256,5030.0,6955.39,0.0,1.0,0.0
176.079,5030.0,7067.45,0.0,1.0,0.0
176.079,5030.0,7067.45,0.0,1.0,0.0
65.2256,5030.0,6955.39,0.0,1.0,0.0
47.8607,5030.0,6978.53,0.0,1.0,0.0
176.079,5030.0,7067.45,0.0,1.0,0.0
47.8607,5030.0,6978.53,0.0,1.0,0.0
32.9672,5030.0,7003.34,0.0,1.0,0.0
209.437,5030.0,6863.67,0.0,1.0,0.0
181.877,5030.0,6872.46,0.0,1.0,0.0
234.273,5030.0,7019.46,0.0,1.0,0.0
234.273,5030.0,7019.46,0.0,1.0,0.0
181.877,5030.0,6872.46,0.0,1.0,0.0
155.367,5030.0,6884.05,0.0,1.0,0.0
234.273,5030.0,7019.46,0.0,1.0,0.0
155.367,5030.0,6884.05,0.0,1.0,0.0
217.123,5030.0,7027.95,0.0,1.0,0.0
217.123,5030.0,7027.95,0.0,1.0,0.0
155.367,5030.0,6884.05,0.0,1.0,0.0
130.188,5030.0,6898.3,0.0,1.0,0.0
217.123,5030.0,7027.95,0.0,1.0,0.0
130.188,5030.0,6898.3,0.0,1.0,0.0
201.47,5030.0,7038.96,0.0,1.0,0.0
201.47,5030.0,7038.96,0.0,1.0,0.0
130.188,5030.0,6898.3,0.0,1.0,0.0
106.609,5030.0,6915.06,0.0,1.0,0.0
201.47,5030.0,7038.96,0.0,1.0,0.0
106.609,5030.0,6915.06,0.0,1.0,0.0
84.8777,5030.0,6934.16,0.0,1.0,0.0
344.877,5030.0,7027.95,0.0,1.0,0.0
406.633,5030.0,6884.05,0.0,1.0,0.0
327.727,5030.0,7019.46,0.0,1.0,0.0
327.727,5030.0,7019.46,0.0,1.0,0.0
406.633,5030.0,6884.05,0.0,1.0,0.0
380.123,5030.0,6872.46,0.0,1.0,0.0
327.727,5030.0,7019.46,0.0,1.0,0.0
380.123,5030.0,6872.46,0.0,1.0,0.0
309.482,5030.0,7013.69,0.0,1.0,0.0
374.319,5030.0,7052.23,0.0,1.0,0.0
477.122,5030.0,6934.16,0.0,1.0,0.0
360.53,5030.0,7038.96,0.0,1.0,0.0
360.53,5030.0,7038.96,0.0,1.0,0.0
477.122,5030.0,6934.16,0.0,1.0,0.0
455.391,5030.0,6915.06,0.0,1.0,0.0
360.53,5030.0,7038.96,0.0,1.0,0.0
455.391,5030.0,6915.06,0.0,1.0,0.0
344.877,5030.0,7027.95,0.0,1.0,0.0
344.877,5030.0,7027.95,0.0,1.0,0.0
455.391,5030.0,6915.06,0.0,1.0,0.0
431.812,5030.0,6898.3,0.0,1.0,0.0
344.877,5030.0,7027.95,0.0,1.0,0.0
431.812,5030.0,6898.3,0.0,1.0,0.0
406.633,5030.0,6884.05,0.0,1.0,0.0
395.063,5030.0,7084.27,0.0,1.0,0.0
529.033,5030.0,7003.34,0.0,1.0,0.0
385.921,5030.0,7067.45,0.0,1.0,0.0
385.921,5030.0,7067.45,0.0,1.0,0.0
529.033,5030.0,7003.34,0.0,1.0,0.0
514.139,5030.0,6978.53,0.0,1.0,0.0
385.921,5030.0,7067.45,0.0,1.0,0.0
514.139,5030.0,6978.53,0.0,1.0,0.0
374.319,5030.0,7052.23,0.0,1.0,0.0
374.319,5030.0,7052.23,0.0,1.0,0.0
514.139,5030.0,6978.53,0.0,1.0,0.0
496.774,5030.0,6955.39,0.0,1.0,0.0
374.319,5030.0,7052.23,0.0,1.0,0.0
496.774,5030.0,6955.39,0.0,1.0,0.0
477.122,5030.0,6934.16,0.0,1.0,0.0
366.456,5030.0,7403.09,0.0,1.0,0.0
393.528,5030.0,7392.89,0.0,1.0,0.0
336.465,5030.0,7247.42,0.0,1.0,0.0
336.465,5030.0,7247.42,0.0,1.0,0.0
393.528,5030.0,7392.89,0.0,1.0,0.0
419.406,5030.0,7379.95,0.0,1.0,0.0
336.465,5030.0,7247.42,0.0,1.0,0.0
419.406,5030.0,7379.95,0.0,1.0,0.0
352.915,5030.0,7237.64,0.0,1.0,0.0
352.915,5030.0,7237.64,0.0,1.0,0.0
419.406,5030.0,7379.95,0.0,1.0,0.0
443.817,5030.0,7364.42,0.0,1.0,0.0
352.915,5030.0,7237.64,0.0,1.0,0.0
443.817,5030.0,7364.42,0.0,1.0,0.0
367.679,5030.0,7225.47,0.0,1.0,0.0
40.0946,5030.0,7280.06,0.0,1.0,0.0
56.2452,5030.0,7304.06,0.0,1.0,0.0
181.588,5030.0,7211.18,0.0,1.0,0.0
181.588,5030.0,7211.18,0.0,1.0,0.0
56.2452,5030.0,7304.06,0.0,1.0,0.0
74.7782,5030.0,7326.28,0.0,1.0,0.0
181.588,5030.0,7211.18,0.0,1.0,0.0
74.7782,5030.0,7326.28,0.0,1.0,0.0
194.321,5030.0,7225.47,0.0,1.0,0.0
194.321,5030.0,7225.47,0.0,1.0,0.0
74.7782,5030.0,7326.28,0.0,1.0,0.0
95.4972,5030.0,7346.47,0.0,1.0,0.0
194.321,5030.0,7225.47,0.0,1.0,0.0
95.4972,5030.0,7346.47,0.0,1.0,0.0
209.085,5030.0,7237.64,0.0,1.0,0.0
209.085,5030.0,7237.64,0.0,1.0,0.0
95.4972,5030.0,7346.47,0.0,1.0,0.0
118.183,5030.0,7364.42,0.0,1.0,0.0
209.085,5030.0,7237.64,0.0,1.0,0.0
118.183,5030.0,7364.42,0.0,1.0,0.0
142.594,5030.0,7379.95,0.0,1.0,0.0
380.123,5030.0,6872.46,0.0,1.0,0.0
352.563,5030.0,6863.67,0.0,1.0,0.0
309.482,5030.0,7013.69,0.0,1.0,0.0
309.482,5030.0,7013.69,0.0,1.0,0.0
352.563,5030.0,6863.67,0.0,1.0,0.0
324.243,5030.0,6857.75,0.0,1.0,0.0
309.482,5030.0,7013.69,0.0,1.0,0.0
324.243,5030.0,6857.75,0.0,1.0,0.0
290.569,5030.0,7010.77,0.0,1.0,0.0
290.569,5030.0,7010.77,0.0,1.0,0.0
324.243,5030.0,6857.75,0.0,1.0,0.0
295.466,5030.0,6854.77,0.0,1.0,0.0
290.569,5030.0,7010.77,0.0,1.0,0.0
295.466,5030.0,6854.77,0.0,1.0,0.0
271.431,5030.0,7010.77,0.0,1.0,0.0
271.431,5030.0,7010.77,0.0,1.0,0.0
295.466,5030.0,6854.77,0.0,1.0,0.0
266.534,5030.0,6854.77,0.0,1.0,0.0
271.431,5030.0,7010.77,0.0,1.0,0.0
266.534,5030.0,6854.77,0.0,1.0,0.0
237.757,5030.0,6857.75,0.0,1.0,0.0
405.175,5030.0,7121.06,0.0,1.0,0.0
557.447,5030.0,7085.02,0.0,1.0,0.0
401.532,5030.0,7102.28,0.0,1.0,0.0
401.532,5030.0,7102.28,0.0,1.0,0.0
557.447,5030.0,7085.02,0.0,1.0,0.0
550.802,5030.0,7056.86,0.0,1.0,0.0
401.532,5030.0,7102.28,0.0,1.0,0.0
550.802,5030.0,7056.86,0.0,1.0,0.0
395.063,5030.0,7084.27,0.0,1.0,0.0
395.063,5030.0,7084.27,0.0,1.0,0.0
550.802,5030.0,7056.86,0.0,1.0,0.0
541.297,5030.0,7029.54,0.0,1.0,0.0
395.063,5030.0,7084.27,0.0,1.0,0.0
541.297,5030.0,7029.54,0.0,1.0,0.0
529.033,5030.0,7003.34,0.0,1.0,0.0
403.714,5030.0,7159.2,0.0,1.0,0.0
559.674,5030.0,7171.48,0.0,1.0,0.0
405.908,5030.0,7140.19,0.0,1.0,0.0
405.908,5030.0,7140.19,0.0,1.0,0.0
559.674,5030.0,7171.48,0.0,1.0,0.0
561.907,5030.0,7142.64,0.0,1.0,0.0
405.908,5030.0,7140.19,0.0,1.0,0.0
561.907,5030.0,7142.64,0.0,1.0,0.0
405.175,5030.0,7121.06,0.0,1.0,0.0
405.175,5030.0,7121.06,0.0,1.0,0.0
561.907,5030.0,7142.64,0.0,1.0,0.0
561.162,5030.0,7113.71,0.0,1.0,0.0
405.175,5030.0,7121.06,0.0,1.0,0.0
561.162,5030.0,7113.71,0.0,1.0,0.0
557.447,5030.0,7085.02,0.0,1.0,0.0
390.814,5030.0,7195.12,0.0,1.0,0.0
535.502,5030.0,7254.52,0.0,1.0,0.0
398.642,5030.0,7177.65,0.0,1.0,0.0
398.642,5030.0,7177.65,0.0,1.0,0.0
535.502,5030.0,7254.52,0.0,1.0,0.0
546.401,5030.0,7227.72,0.0,1.0,0.0
398.642,5030.0,7177.65,0.0,1.0,0.0
546.401,5030.0,7227.72,0.0,1.0,0.0
403.714,5030.0,7159.2,0.0,1.0,0.0
403.714,5030.0,7159.2,0.0,1.0,0.0
546.401,5030.0,7227.72,0.0,1.0,0.0
554.487,5030.0,7199.94,0.0,1.0,0.0
403.714,5030.0,7159.2,0.0,1.0,0.0
554.487,5030.0,7199.94,0.0,1.0,0.0
559.674,5030.0,7171.48,0.0,1.0,0.0
443.817,5030.0,7364.42,0.0,1.0,0.0
466.503,5030.0,7346.47,0.0,1.0,0.0
367.679,5030.0,7225.47,0.0,1.0,0.0
367.679,5030.0,7225.47,0.0,1.0,0.0
466.503,5030.0,7346.47,0.0,1.0,0.0
487.222,5030.0,7326.28,0.0,1.0,0.0
367.679,5030.0,7225.47,0.0,1.0,0.0
487.222,5030.0,7326.28,0.0,1.0,0.0
380.412,5030.0,7211.18,0.0,1.0,0.0
380.412,5030.0,7211.18,0.0,1.0,0.0
487.222,5030.0,7326.28,0.0,1.0,0.0
505.755,5030.0,7304.06,0.0,1.0,0.0
380.412,5030.0,7211.18,0.0,1.0,0.0
505.755,5030.0,7304.06,0.0,1.0,0.0
390.814,5030.0,7195.12,0.0,1.0,0.0
390.814,5030.0,7195.12,0.0,1.0,0.0
505.755,5030.0,7304.06,0.0,1.0,0.0
521.905,5030.0,7280.06,0.0,1.0,0.0
390.814,5030.0,7195.12,0.0,1.0,0.0
521.905,5030.0,7280.06,0.0,1.0,0.0
535.502,5030.0,7254.52,0.0,1.0,0.0
