3028.7,4342.0,4316.22,0.187379,0.0,0.982288
3028.7,4298.0,4316.22,0.187379,0.0,0.982288
3051.83,4342.0,4311.81,0.187379,0.0,0.982288
3051.83,4342.0,4311.81,0.187379,0.0,0.982288
3028.7,4298.0,4316.22,0.187379,0.0,0.982288
3051.83,4298.0,4311.81,0.187379,0.0,0.982288
3051.83,4342.0,4311.81,0.309021,0.0,0.951055
3051.83,4298.0,4311.81,0.309021,0.0,0.951055
3074.22,4342.0,4304.53,0.309021,0.0,0.951055
3074.22,4342.0,4304.53,0.309021,0.0,0.951055
3051.83,4298.0,4311.81,0.309021,0.0,0.951055
3074.22,4298.0,4304.53,0.309021,0.0,0.951055
3074.22,4342.0,4304.53,0.42579,0.0,0.904822
3074.22,4298.0,4304.53,0.42579,0.0,0.904822
3095.53,4342.0,4294.51,0.42579,0.0,0.904822
3095.53,4342.0,4294.51,0.42579,0.0,0.904822
3074.22,4298.0,4304.53,0.42579,0.0,0.904822
3095.53,4298.0,4294.51,0.42579,0.0,0.904822
3095.53,4342.0,4294.51,0.53582,0.0,0.844332
3095.53,4298.0,4294.51,0.53582,0.0,0.844332
3115.41,4342.0,4281.89,0.53582,0.0,0.844332
3115.41,4342.0,4281.89,0.53582,0.0,0.844332
3095.53,4298.0,4294.51,0.53582,0.0,0.844332
3115.41,4298.0,4281.89,0.53582,0.0,0.844332
3115.41,4342.0,4281.89,0.637435,0.0,0.770504
3115.41,4298.0,4281.89,0.637435,0.0,0.770504
3133.55,4342.0,4266.88,0.637435,0.0,0.770504
3133.55,4342.0,4266.88,0.637435,0.0,0.770504
3115.41,4298.0,4281.89,0.637435,0.0,0.770504
3133.55,4298.0,4266.88,0.637435,0.0,0.770504
3133.55,4342.0,4266.88,0.728952,0.0,0.684564
3133.55,4298.0,4266.88,0.728952,0.0,0.684564
3149.67,4342.0,4249.72,0.728952,0.0,0.684564
3149.67,4342.0,4249.72,0.728952,0.0,0.684564
3133.55,4298.0,4266.88,0.728952,0.0,0.684564
3149.67,4298.0,4249.72,0.728952,0.0,0.684564
3149.67,4342.0,4249.72,0.809025,0.0,0.587774
3149.67,4298.0,4249.72,0.809025,0.0,0.587774
3163.51,4342.0,4230.67,0.809025,0.0,0.587774
3163.51,4342.0,4230.67,0.809025,0.0,0.587774
3149.67,4298.0,4249.72,0.809025,0.0,0.587774
3163.51,4298.0,4230.67,0.809025,0.0,0.587774
3163.51,4342.0,4230.67,0.876312,0.0,0.481744
3163.51,4298.0,4230.67,0.876312,0.0,0.481744
3174.85,4342.0,4210.03,0.876312,0.0,0.481744
3174.85,4342.0,4210.03,0.876312,0.0,0.481744
3163.51,4298.0,4230.67,0.876312,0.0,0.481744
3174.85,4298.0,4210.03,0.876312,0.0,0.481744
3174.85,4342.0,4210.03,0.929772,0.0,0.368137
3174.85,4298.0,4210.03,0.929772,0.0,0.368137
3183.52,4342.0,4188.14,0.929772,0.0,0.368137
3183.52,4342.0,4188.14,0.929772,0.0,0.368137
3174.85,4298.0,4210.03,0.929772,0.0,0.368137
3183.52,4298.0,4188.14,0.929772,0.0,0.368137
3183.52,4342.0,4188.14,0.968584,0.0,0.248688
3183.52,4298.0,4188.14,0.968584,0.0,0.248688
3189.38,4342.0,4165.33,0.968584,0.0,0.248688
3189.38,4342.0,4165.33,0.968584,0.0,0.248688
3183.52,4298.0,4188.14,0.968584,0.0,0.248688
3189.38,4298.0,4165.33,0.968584,0.0,0.248688
3189.38,4342.0,4165.33,0.992115,0.0,0.125334
3189.38,4298.0,4165.33,0.992115,0.0,0.125334
3192.33,4342.0,4141.97,0.992115,0.0,0.125334
3192.33,4342.0,4141.97,0.992115,0.0,0.125334
3189.38,4298.0,4165.33,0.992115,0.0,0.125334
3192.33,4298.0,4141.97,0.992115,0.0,0.125334
3192.33,4342.0,4141.97,1.0,0.0,0.0
3192.33,4298.0,4141.97,1.0,0.0,0.0
3192.33,4342.0,4118.43,1.0,0.0,0.0
3192.33,4342.0,4118.43,1.0,0.0,0.0
3192.33,4298.0,4141.97,1.0,0.0,0.0
3192.33,4298.0,4118.43,1.0,0.0,0.0
3192.33,4342.0,4118.43,0.992114,0.0,-0.125335
3192.33,4298.0,4118.43,0.992114,0.0,-0.125335
3189.38,4342.0,4095.07,0.992114,0.0,-0.125335
3189.38,4342.0,4095.07,0.992114,0.0,-0.125335
3192.33,4298.0,4118.43,0.992114,0.0,-0.125335
3189.38,4298.0,4095.07,0.992114,0.0,-0.125335
3189.38,4342.0,4095.07,0.968584,0.0,-0.248688
3189.38,4298.0,4095.07,0.968584,0.0,-0.248688
3183.52,4342.0,4072.26,0.968584,0.0,-0.248688
3183.52,4342.0,4072.26,0.968584,0.0,-0.248688
3189.38,4298.0,4095.07,0.968584,0.0,-0.248688
3183.52,4298.0,4072.26,0.968584,0.0,-0.248688
3183.52,4342.0,4072.26,0.929775,0.0,-0.368129
3183.52,4298.0,4072.26,0.929775,0.0,-0.368129
3174.85,4342.0,4050.37,0.929775,0.0,-0.368129
3174.85,4342.0,4050.37,0.929775,0.0,-0.368129
3183.52,4298.0,4072.26,0.929775,0.0,-0.368129
3174.85,4298.0,4050.37,0.929775,0.0,-0.368129
3174.85,4342.0,4050.37,0.876307,0.0,-0.481753
3174.85,4298.0,4050.37,0.876307,0.0,-0.481753
3163.51,4342.0,4029.73,0.876307,0.0,-0.481753
3163.51,4342.0,4029.73,0.876307,0.0,-0.481753
3174.85,4298.0,4050.37,0.876307,0.0,-0.481753
3163.51,4298.0,4029.73,0.876307,0.0,-0.481753
3163.51,4342.0,4029.73,0.809022,0.0,-0.587779
3163.51,4298.0,4029.73,0.809022,0.0,-0.587779
3149.67,4342.0,4010.68,0.809022,0.0,-0.587779
3149.67,4342.0,4010.68,0.809022,0.0,-0.587779
3163.51,4298.0,4029.73,0.809022,0.0,-0.587779
3149.67,4298.0,4010.68,0.809022,0.0,-0.587779
3149.67,4342.0,4010.68,0.728967,0.0,-0.684549
3149.67,4298.0,4010.68,0.728967,0.0,-0.684549
3133.55,4342.0,3993.52,0.728967,0.0,-0.684549
3133.55,4342.0,3993.52,0.728967,0.0,-0.684549
3149.67,4298.0,4010.68,0.728967,0.0,-0.684549
3133.55,4298.0,3993.52,0.728967,0.0,-0.684549
3133.55,4342.0,3993.52,0.637423,0.0,-0.770514
3133.55,4298.0,3993.52,0.637423,0.0,-0.770514
3115.41,4342.0,3978.51,0.637423,0.0,-0.770514
3115.41,4342.0,3978.51,0.637423,0.0,-0.770514
3133.55,4298.0,3993.52,0.637423,0.0,-0.770514
3115.41,4298.0,3978.51,0.637423,0.0,-0.770514
3115.41,4342.0,3978.51,0.535827,0.0,-0.844328
3115.41,4298.0,3978.51,0.535827,0.0,-0.844328
3095.53,4342.0,3965.89,0.535827,0.0,-0.844328
3095.53,4342.0,3965.89,0.535827,0.0,-0.844328
3115.41,4298.0,3978.51,0.535827,0.0,-0.844328
3095.53,4298.0,3965.89,0.535827,0.0,-0.844328
3095.53,4342.0,3965.89,0.42579,0.0,-0.904822
3095.53,4298.0,3965.89,0.42579,0.0,-0.904822
3074.22,4342.0,3955.87,0.42579,0.0,-0.904822
3074.22,4342.0,3955.87,0.42579,0.0,-0.904822
3095.53,4298.0,3965.89,0.42579,0.0,-0.904822
3074.22,4298.0,3955.87,0.42579,0.0,-0.904822
3074.22,4342.0,3955.87,0.309002,0.0,-0.951061
3074.22,4298.0,3955.87,0.309002,0.0,-0.951061
3051.83,4342.0,3948.59,0.309002,0.0,-0.951061
3051.83,4342.0,3948.59,0.309002,0.0,-0.951061
3074.22,4298.0,3955.87,0.309002,0.0,-0.951061
3051.83,4298.0,3948.59,0.309002,0.0,-0.951061
3051.83,4342.0,3948.59,0.187389,0.0,-0.982286
3051.83,4298.0,3948.59,0.187389,0.0,-0.982286
3028.7,4342.0,3944.18,0.187389,0.0,-0.982286
3028.7,4342.0,3944.18,0.187389,0.0,-0.982286
3051.83,4298.0,3948.59,0.187389,0.0,-0.982286
3028.7,4298.0,3944.18,0.187389,0.0,-0.982286
3028.7,4342.0,3944.18,0.0627914,0.0,-0.998027
3028.7,4298.0,3944.18,0.0627914,0.0,-0.998027
3005.2,4342.0,3942.7,0.0627914,0.0,-0.998027
3005.2,4342.0,3942.7,0.0627914,0.0,-0.998027
3028.7,4298.0,3944.18,0.0627914,0.0,-0.998027
3005.2,4298.0,3942.7,0.0627914,0.0,-0.998027
3005.2,4342.0,3942.7,-0.0627914,0.0,-0.998027
3005.2,4298.0,3942.7,-0.0627914,0.0,-0.998027
2981.7,4342.0,3944.18,-0.0627914,0.0,-0.998027
2981.7,4342.0,3944.18,-0.0627914,0.0,-0.998027
3005.2,4298.0,3942.7,-0.0627914,0.0,-0.998027
2981.7,4298.0,3944.18,-0.0627914,0.0,-0.998027
2981.7,4342.0,3944.18,-0.187391,0.0,-0.982285
2981.7,4298.0,3944.18,-0.187391,0.0,-0.982285
2958.57,4342.0,3948.59,-0.187391,0.0,-0.982285
2958.57,4342.0,3948.59,-0.187391,0.0,-0.982285
2981.7,4298.0,3944.18,-0.187391,0.0,-0.982285
2958.57,4298.0,3948.59,-0.187391,0.0,-0.982285
2958.57,4342.0,3948.59,-0.308999,0.0,-0.951062
2958.57,4298.0,3948.59,-0.308999,0.0,-0.951062
2936.18,4342.0,3955.87,-0.308999,0.0,-0.951062
2936.18,4342.0,3955.87,-0.308999,0.0,-0.951062
2958.57,4298.0,3948.59,-0.308999,0.0,-0.951062
2936.18,4298.0,3955.87,-0.308999,0.0,-0.951062
2936.18,4342.0,3955.87,-0.42579,0.0,-0.904822
2936.18,4298.0,3955.87,-0.42579,0.0,-0.904822
2914.87,4342.0,3965.89,-0.42579,0.0,-0.904822
2914.87,4342.0,3965.89,-0.42579,0.0,-0.904822
2936.18,4298.0,3955.87,-0.42579,0.0,-0.904822
2914.87,4298.0,3965.89,-0.42579,0.0,-0.904822
2914.87,4342.0,3965.89,-0.535832,0.0,-0.844325
2914.87,4298.0,3965.89,-0.535832,0.0,-0.844325
2894.99,4342.0,3978.51,-0.535832,0.0,-0.844325
2894.99,4342.0,3978.51,-0.535832,0.0,-0.844325
2914.87,4298.0,3965.89,-0.535832,0.0,-0.844325
2894.99,4298.0,3978.51,-0.535832,0.0,-0.844325
2894.99,4342.0,3978.51,-0.637417,0.0,-0.770519
2894.99,4298.0,3978.51,-0.637417,0.0,-0.770519
2876.85,4342.0,3993.52,-0.637417,0.0,-0.770519
2876.85,4342.0,3993.52,-0.637417,0.0,-0.770519
2894.99,4298.0,3978.51,-0.637417,0.0,-0.770519
2876.85,4298.0,3993.52,-0.637417,0.0,-0.770519
2876.85,4342.0,3993.52,-0.728972,0.0,-0.684543
2876.85,4298.0,3993.52,-0.728972,0.0,-0.684543
2860.73,4342.0,4010.68,-0.728972,0.0,-0.684543
2860.73,4342.0,4010.68,-0.728972,0.0,-0.684543
2876.85,4298.0,3993.52,-0.728972,0.0,-0.684543
2860.73,4298.0,4010.68,-0.728972,0.0,-0.684543
2860.73,4342.0,4010.68,-0.809017,0.0,-0.587786
2860.73,4298.0,4010.68,-0.809017,0.0,-0.587786
2846.89,4342.0,4029.73,-0.809017,0.0,-0.587786
2846.89,4342.0,4029.73,-0.809017,0.0,-0.587786
2860.73,4298.0,4010.68,-0.809017,0.0,-0.587786
2846.89,4298.0,4029.73,-0.809017,0.0,-0.587786
2846.89,4342.0,4029.73,-0.876307,0.0,-0.481753
2846.89,4298.0,4029.73,-0.876307,0.0,-0.481753
2835.54,4342.0,4050.37,-0.876307,0.0,-0.481753
2835.54,4342.0,4050.37,-0.876307,0.0,-0.481753
2846.89,4298.0,4029.73,-0.876307,0.0,-0.481753
2835.54,4298.0,4050.37,-0.876307,0.0,-0.481753
2835.54,4342.0,4050.37,-0.929778,0.0,-0.368121
2835.54,4298.0,4050.37,-0.929778,0.0,-0.368121
2826.88,4342.0,4072.26,-0.929778,0.0,-0.368121
2826.88,4342.0,4072.26,-0.929778,0.0,-0.368121
2835.54,4298.0,4050.37,-0.929778,0.0,-0.368121
2826.88,4298.0,4072.26,-0.929778,0.0,-0.368121
2826.88,4342.0,4072.26,-0.968581,0.0,-0.248698
2826.88,4298.0,4072.26,-0.968581,0.0,-0.248698
2821.02,4342.0,4095.07,-0.968581,0.0,-0.248698
2821.02,4342.0,4095.07,-0.968581,0.0,-0.248698
2826.88,4298.0,4072.26,-0.968581,0.0,-0.248698
2821.02,4298.0,4095.07,-0.968581,0.0,-0.248698
2821.02,4342.0,4095.07,-0.992114,0.0,-0.125335
2821.02,4298.0,4095.07,-0.992114,0.0,-0.125335
2818.07,4342.0,4118.43,-0.992114,0.0,-0.125335
2818.07,4342.0,4118.43,-0.992114,0.0,-0.125335
2821.02,4298.0,4095.07,-0.992114,0.0,-0.125335
2818.07,4298.0,4118.43,-0.992114,0.0,-0.125335
2818.07,4342.0,4118.43,-1.0,0.0,0.0
2818.07,4298.0,4118.43,-1.0,0.0,0.0
2818.07,4342.0,4141.97,-1.0,0.0,0.0
2818.07,4342.0,4141.97,-1.0,0.0,0.0
2818.07,4298.0,4118.43,-1.0,0.0,0.0
2818.07,4298.0,4141.97,-1.0,0.0,0.0
2818.07,4342.0,4141.97,-0.992115,0.0,0.125334
2818.07,4298.0,4141.97,-0.992115,0.0,0.125334
2821.02,4342.0,4165.33,-0.992115,0.0,0.125334
2821.02,4342.0,4165.33,-0.992115,0.0,0.125334
2818.07,4298.0,4141.97,-0.992115,0.0,0.125334
2821.02,4298.0,4165.33,-0.992115,0.0,0.125334
2821.02,4342.0,4165.33,-0.968581,0.0,0.248698
2821.02,4298.0,4165.33,-0.968581,0.0,0.248698
2826.88,4342.0,4188.14,-0.968581,0.0,0.248698
2826.88,4342.0,4188.14,-0.968581,0.0,0.248698
2821.02,4298.0,4165.33,-0.968581,0.0,0.248698
2826.88,4298.0,4188.14,-0.968581,0.0,0.248698
2826.88,4342.0,4188.14,-0.929775,0.0,0.368128
2826.88,4298.0,4188.14,-0.929775,0.0,0.368128
2835.54,4342.0,4210.03,-0.929775,0.0,0.368128
2835.54,4342.0,4210.03,-0.929775,0.0,0.368128
2826.88,4298.0,4188.14,-0.929775,0.0,0.368128
2835.54,4298.0,4210.03,-0.929775,0.0,0.368128
2835.54,4342.0,4210.03,-0.876312,0.0,0.481744
2835.54,4298.0,4210.03,-0.876312,0.0,0.481744
2846.89,4342.0,4230.67,-0.876312,0.0,0.481744
2846.89,4342.0,4230.67,-0.876312,0.0,0.481744
2835.54,4298.0,4210.03,-0.876312,0.0,0.481744
2846.89,4298.0,4230.67,-0.876312,0.0,0.481744
2846.89,4342.0,4230.67,-0.80902,0.0,0.587781
2846.89,4298.0,4230.67,-0.80902,0.0,0.587781
2860.73,4342.0,4249.72,-0.80902,0.0,0.587781
2860.73,4342.0,4249.72,-0.80902,0.0,0.587781
2846.89,4298.0,4230.67,-0.80902,0.0,0.587781
2860.73,4298.0,4249.72,-0.80902,0.0,0.587781
2860.73,4342.0,4249.72,-0.728958,0.0,0.684559
2860.73,4298.0,4249.72,-0.728958,0.0,0.684559
2876.85,4342.0,4266.88,-0.728958,0.0,0.684559
2876.85,4342.0,4266.88,-0.728958,0.0,0.684559
2860.73,4298.0,4249.72,-0.728958,0.0,0.684559
2876.85,4298.0,4266.88,-0.728958,0.0,0.684559
2876.85,4342.0,4266.88,-0.63743,0.0,0.770508
2876.85,4298.0,4266.88,-0.63743,0.0,0.770508
2894.99,4342.0,4281.89,-0.63743,0.0,0.770508
2894.99,4342.0,4281.89,-0.63743,0.0,0.770508
2876.85,4298.0,4266.88,-0.63743,0.0,0.770508
2894.99,4298.0,4281.89,-0.63743,0.0,0.770508
2894.99,4342.0,4281.89,-0.535824,0.0,0.844329
2894.99,4298.0,4281.89,-0.535824,0.0,0.844329
2914.87,4342.0,4294.51,-0.535824,0.0,0.844329
2914.87,4342.0,4294.51,-0.535824,0.0,0.844329
2894.99,4298.0,4281.89,-0.535824,0.0,0.844329
2914.87,4298.0,4294.51,-0.535824,0.0,0.844329
2914.87,4342.0,4294.51,-0.42579,0.0,0.904822
2914.87,4298.0,4294.51,-0.42579,0.0,0.904822
2936.18,4342.0,4304.53,-0.42579,0.0,0.904822
2936.18,4342.0,4304.53,-0.42579,0.0,0.904822
2914.87,4298.0,4294.51,-0.42579,0.0,0.904822
2936.18,4298.0,4304.53,-0.42579,0.0,0.904822
2936.18,4342.0,4304.53,-0.309018,0.0,0.951056
2936.18,4298.0,4304.53,-0.309018,0.0,0.951056
2958.57,4342.0,4311.81,-0.309018,0.0,0.951056
2958.57,4342.0,4311.81,-0.309018,0.0,0.951056
2936.18,4298.0,4304.53,-0.309018,0.0,0.951056
2958.57,4298.0,4311.81,-0.309018,0.0,0.951056
2958.57,4342.0,4311.81,-0.187381,0.0,0.982287
2958.57,4298.0,4311.81,-0.187381,0.0,0.982287
2981.7,4342.0,4316.22,-0.187381,0.0,0.982287
2981.7,4342.0,4316.22,-0.187381,0.0,0.982287
2958.57,4298.0,4311.81,-0.187381,0.0,0.982287
2981.7,4298.0,4316.22,-0.187381,0.0,0.982287
2981.7,4342.0,4316.22,-0.0627708,0.0,0.998028
2981.7,4298.0,4316.22,-0.0627708,0.0,0.998028
3005.2,4342.0,4317.7,-0.0627708,0.0,0.998028
3005.2,4342.0,4317.7,-0.0627708,0.0,0.998028
2981.7,4298.0,4316.22,-0.0627708,0.0,0.998028
3005.2,4298.0,4317.7,-0.0627708,0.0,0.998028
3005.2,4342.0,4317.7,0.0627708,0.0,0.998028
3005.2,4298.0,4317.7,0.0627708,0.0,0.998028
3028.7,4342.0,4316.22,0.0627708,0.0,0.998028
3028.7,4342.0,4316.22,0.0627708,0.0,0.998028
3005.2,4298.0,4317.7,0.0627708,0.0,0.998028
3028.7,4298.0,4316.22,0.0627708,0.0,0.998028
3005.2,4342.0,3942.7,0.0,-1.0,0.0
3019.67,4342.0,3849.57,0.0,-1.0,0.0
3028.7,4342.0,3944.18,0.0,-1.0,0.0
3028.7,4342.0,3944.18,0.0,-1.0,0.0
3019.67,4342.0,3849.57,0.0,-1.0,0.0
3048.44,4342.0,3852.55,0.0,-1.0,0.0
3028.7,4342.0,3944.18,0.0,-1.0,0.0
3048.44,4342.0,3852.55,0.0,-1.0,0.0
3051.83,4342.0,3948.59,0.0,-1.0,0.0
3051.83,4342.0,3948.59,0.0,-1.0,0.0
3048.44,4342.0,3852.55,0.0,-1.0,0.0
3076.76,4342.0,3858.47,0.0,-1.0,0.0
3051.83,4342.0,3948.59,0.0,-1.0,0.0
3076.76,4342.0,3858.47,0.0,-1.0,0.0
3074.22,4342.0,3955.87,0.0,-1.0,0.0
3074.22,4342.0,3955.87,0.0,-1.0,0.0
3076.76,4342.0,3858.47,0.0,-1.0,0.0
3104.32,4342.0,3867.26,0.0,-1.0,0.0
3074.22,4342.0,3955.87,0.0,-1.0,0.0
3104.32,4342.0,3867.26,0.0,-1.0,0.0
3095.53,4342.0,3965.89,0.0,-1.0,0.0
2894.99,4342.0,3978.51,0.0,-1.0,0.0
2854.39,4342.0,3893.1,0.0,-1.0,0.0
2914.87,4342.0,3965.89,0.0,-1.0,0.0
2914.87,4342.0,3965.89,0.0,-1.0,0.0
2854.39,4342.0,3893.1,0.0,-1.0,0.0
2879.57,4342.0,3878.85,0.0,-1.0,0.0
2914.87,4342.0,3965.89,0.0,-1.0,0.0
2879.57,4342.0,3878.85,0.0,-1.0,0.0
2936.18,4342.0,3955.87,0.0,-1.0,0.0
2936.18,4342.0,3955.87,0.0,-1.0,0.0
2879.57,4342.0,3878.85,0.0,-1.0,0.0
2906.08,4342.0,3867.26,0.0,-1.0,0.0
2936.18,4342.0,3955.87,0.0,-1.0,0.0
2906.08,4342.0,3867.26,0.0,-1.0,0.0
2958.57,4342.0,3948.59,0.0,-1.0,0.0
2958.57,4342.0,3948.59,0.0,-1.0,0.0
2906.08,4342.0,3867.26,0.0,-1.0,0.0
2933.64,4342.0,3858.47,0.0,-1.0,0.0
2958.57,4342.0,3948.59,0.0,-1.0,0.0
2933.64,4342.0,3858.47,0.0,-1.0,0.0
2981.7,4342.0,3944.18,0.0,-1.0,0.0
2981.7,4342.0,3944.18,0.0,-1.0,0.0
2933.64,4342.0,3858.47,0.0,-1.0,0.0
2961.96,4342.0,3852.55,0.0,-1.0,0.0
2981.7,4342.0,3944.18,0.0,-1.0,0.0
2961.96,4342.0,3852.55,0.0,-1.0,0.0
3005.2,4342.0,3942.7,0.0,-1.0,0.0
3005.2,4342.0,3942.7,0.0,-1.0,0.0
2961.96,4342.0,3852.55,0.0,-1.0,0.0
2990.73,4342.0,3849.57,0.0,-1.0,0.0
3005.2,4342.0,3942.7,0.0,-1.0,0.0
2990.73,4342.0,3849.57,0.0,-1.0,0.0
3019.67,4342.0,3849.57,0.0,-1.0,0.0
3104.32,4342.0,3867.26,0.0,-1.0,0.0
3130.83,4342.0,3878.85,0.0,-1.0,0.0
3095.53,4342.0,3965.89,0.0,-1.0,0.0
3095.53,4342.0,3965.89,0.0,-1.0,0.0
3130.83,4342.0,3878.85,0.0,-1.0,0.0
3156.01,4342.0,3893.1,0.0,-1.0,0.0
3095.53,4342.0,3965.89,0.0,-1.0,0.0
3156.01,4342.0,3893.1,0.0,-1.0,0.0
3115.41,4342.0,3978.51,0.0,-1.0,0.0
3115.41,4342.0,3978.51,0.0,-1.0,0.0
3156.01,4342.0,3893.1,0.0,-1.0,0.0
3179.59,4342.0,3909.86,0.0,-1.0,0.0
3115.41,4342.0,3978.51,0.0,-1.0,0.0
3179.59,4342.0,3909.86,0.0,-1.0,0.0
3133.55,4342.0,3993.52,0.0,-1.0,0.0
3133.55,4342.0,3993.52,0.0,-1.0,0.0
3179.59,4342.0,3909.86,0.0,-1.0,0.0
3201.32,4342.0,3928.96,0.0,-1.0,0.0
3133.55,4342.0,3993.52,0.0,-1.0,0.0
3201.32,4342.0,3928.96,0.0,-1.0,0.0
3149.67,4342.0,4010.68,0.0,-1.0,0.0
3149.67,4342.0,4010.68,0.0,-1.0,0.0
3201.32,4342.0,3928.96,0.0,-1.0,0.0
3220.97,4342.0,3950.19,0.0,-1.0,0.0
3149.67,4342.0,4010.68,0.0,-1.0,0.0
3220.97,4342.0,3950.19,0.0,-1.0,0.0
3163.51,4342.0,4029.73,0.0,-1.0,0.0
3163.51,4342.0,4029.73,0.0,-1.0,0.0
3220.97,4342.0,3950.19,0.0,-1.0,0.0
3238.34,4342.0,3973.33,0.0,-1.0,0.0
3163.51,4342.0,4029.73,0.0,-1.0,0.0
3238.34,4342.0,3973.33,0.0,-1.0,0.0
3174.85,4342.0,4050.37,0.0,-1.0,0.0
3149.67,4342.0,4249.72,0.0,-1.0,0.0
3211.42,4342.0,4321.08,0.0,-1.0,0.0
3133.55,4342.0,4266.88,0.0,-1.0,0.0
3133.55,4342.0,4266.88,0.0,-1.0,0.0
3211.42,4342.0,4321.08,0.0,-1.0,0.0
3190.7,4342.0,4341.27,0.0,-1.0,0.0
3133.55,4342.0,4266.88,0.0,-1.0,0.0
3190.7,4342.0,4341.27,0.0,-1.0,0.0
3115.41,4342.0,4281.89,0.0,-1.0,0.0
3115.41,4342.0,4281.89,0.0,-1.0,0.0
3190.7,4342.0,4341.27,0.0,-1.0,0.0
3168.02,4342.0,4359.22,0.0,-1.0,0.0
3115.41,4342.0,4281.89,0.0,-1.0,0.0
3168.02,4342.0,4359.22,0.0,-1.0,0.0
3095.53,4342.0,4294.51,0.0,-1.0,0.0
3095.53,4342.0,4294.51,0.0,-1.0,0.0
3168.02,4342.0,4359.22,0.0,-1.0,0.0
3143.61,4342.0,4374.75,0.0,-1.0,0.0
3095.53,4342.0,4294.51,0.0,-1.0,0.0
3143.61,4342.0,4374.75,0.0,-1.0,0.0
3074.22,4342.0,4304.53,0.0,-1.0,0.0
2826.88,4342.0,4072.26,0.0,-1.0,0.0
2744.9,4342.0,4024.34,0.0,-1.0,0.0
2835.54,4342.0,4050.37,0.0,-1.0,0.0
2835.54,4342.0,4050.37,0.0,-1.0,0.0
2744.9,4342.0,4024.34,0.0,-1.0,0.0
2757.17,4342.0,3998.14,0.0,-1.0,0.0
2835.54,4342.0,4050.37,0.0,-1.0,0.0
2757.17,4342.0,3998.14,0.0,-1.0,0.0
2846.89,4342.0,4029.73,0.0,-1.0,0.0
2846.89,4342.0,4029.73,0.0,-1.0,0.0
2757.17,4342.0,3998.14,0.0,-1.0,0.0
2772.06,4342.0,3973.33,0.0,-1.0,0.0
2846.89,4342.0,4029.73,0.0,-1.0,0.0
2772.06,4342.0,3973.33,0.0,-1.0,0.0
2860.73,4342.0,4010.68,0.0,-1.0,0.0
2860.73,4342.0,4010.68,0.0,-1.0,0.0
2772.06,4342.0,3973.33,0.0,-1.0,0.0
2789.43,4342.0,3950.19,0.0,-1.0,0.0
2860.73,4342.0,4010.68,0.0,-1.0,0.0
2789.43,4342.0,3950.19,0.0,-1.0,0.0
2876.85,4342.0,3993.52,0.0,-1.0,0.0
2876.85,4342.0,3993.52,0.0,-1.0,0.0
2789.43,4342.0,3950.19,0.0,-1.0,0.0
2809.08,4342.0,3928.96,0.0,-1.0,0.0
2876.85,4342.0,3993.52,0.0,-1.0,0.0
2809.08,4342.0,3928.96,0.0,-1.0,0.0
2894.99,4342.0,3978.51,0.0,-1.0,0.0
2894.99,4342.0,3978.51,0.0,-1.0,0.0
2809.08,4342.0,3928.96,0.0,-1.0,0.0
2830.81,4342.0,3909.86,0.0,-1.0,0.0
2894.99,4342.0,3978.51,0.0,-1.0,0.0
2830.81,4342.0,3909.86,0.0,-1.0,0.0
2854.39,4342.0,3893.1,0.0,-1.0,0.0
2876.85,4342.0,4266.88,0.0,-1.0,0.0
2798.98,4342.0,4321.08,0.0,-1.0,0.0
2860.73,4342.0,4249.72,0.0,-1.0,0.0
2860.73,4342.0,4249.72,0.0,-1.0,0.0
2798.98,4342.0,4321.08,0.0,-1.0,0.0
2780.45,4342.0,4298.86,0.0,-1.0,0.0
2860.73,4342.0,4249.72,0.0,-1.0,0.0
2780.45,4342.0,4298.86,0.0,-1.0,0.0
2846.89,4342.0,4230.67,0.0,-1.0,0.0
2846.89,4342.0,4230.67,0.0,-1.0,0.0
2780.45,4342.0,4298.86,0.0,-1.0,0.0
2764.29,4342.0,4274.86,0.0,-1.0,0.0
2846.89,4342.0,4230.67,0.0,-1.0,0.0
2764.29,4342.0,4274.86,0.0,-1.0,0.0
2835.54,4342.0,4210.03,0.0,-1.0,0.0
2835.54,4342.0,4210.03,0.0,-1.0,0.0
2764.29,4342.0,4274.86,0.0,-1.0,0.0
2750.7,4342.0,4249.32,0.0,-1.0,0.0
2835.54,4342.0,4210.03,0.0,-1.0,0.0
2750.7,4342.0,4249.32,0.0,-1.0,0.0
2826.88,4342.0,4188.14,0.0,-1.0,0.0
2826.88,4342.0,4188.14,0.0,-1.0,0.0
2750.7,4342.0,4249.32,0.0,-1.0,0.0
2739.8,4342.0,4222.52,0.0,-1.0,0.0
2826.88,4342.0,4188.14,0.0,-1.0,0.0
2739.8,4342.0,4222.52,0.0,-1.0,0.0
2821.02,4342.0,4165.33,0.0,-1.0,0.0
3143.61,4342.0,4374.75,0.0,-1.0,0.0
3117.73,4342.0,4387.69,0.0,-1.0,0.0
3074.22,4342.0,4304.53,0.0,-1.0,0.0
3074.22,4342.0,4304.53,0.0,-1.0,0.0
3117.73,4342.0,4387.69,0.0,-1.0,0.0
3090.66,4342.0,4397.89,0.0,-1.0,0.0
3074.22,4342.0,4304.53,0.0,-1.0,0.0
3090.66,4342.0,4397.89,0.0,-1.0,0.0
3051.83,4342.0,4311.81,0.0,-1.0,0.0
3051.83,4342.0,4311.81,0.0,-1.0,0.0
3090.66,4342.0,4397.89,0.0,-1.0,0.0
3062.68,4342.0,4405.26,0.0,-1.0,0.0
3051.83,4342.0,4311.81,0.0,-1.0,0.0
3062.68,4342.0,4405.26,0.0,-1.0,0.0
3028.7,4342.0,4316.22,0.0,-1.0,0.0
3028.7,4342.0,4316.22,0.0,-1.0,0.0
3062.68,4342.0,4405.26,0.0,-1.0,0.0
3034.09,4342.0,4409.71,0.0,-1.0,0.0
3028.7,4342.0,4316.22,0.0,-1.0,0.0
3034.09,4342.0,4409.71,0.0,-1.0,0.0
3005.2,4342.0,4317.7,0.0,-1.0,0.0
3005.2,4342.0,4317.7,0.0,-1.0,0.0
3034.09,4342.0,4409.71,0.0,-1.0,0.0
3005.2,4342.0,4411.2,0.0,-1.0,0.0
3005.2,4342.0,4317.7,0.0,-1.0,0.0
3005.2,4342.0,4411.2,0.0,-1.0,0.0
2981.7,4342.0,4316.22,0.0,-1.0,0.0
2981.7,4342.0,4316.22,0.0,-1.0,0.0
3005.2,4342.0,4411.2,0.0,-1.0,0.0
2976.31,4342.0,4409.71,0.0,-1.0,0.0
2981.7,4342.0,4316.22,0.0,-1.0,0.0
2976.31,4342.0,4409.71,0.0,-1.0,0.0
2958.57,4342.0,4311.81,0.0,-1.0,0.0
2976.31,4342.0,4409.71,0.0,-1.0,0.0
2947.72,4342.0,4405.26,0.0,-1.0,0.0
2958.57,4342.0,4311.81,0.0,-1.0,0.0
2958.57,4342.0,4311.81,0.0,-1.0,0.0
2947.72,4342.0,4405.26,0.0,-1.0,0.0
2919.74,4342.0,4397.89,0.0,-1.0,0.0
2958.57,4342.0,4311.81,0.0,-1.0,0.0
2919.74,4342.0,4397.89,0.0,-1.0,0.0
2936.18,4342.0,4304.53,0.0,-1.0,0.0
2936.18,4342.0,4304.53,0.0,-1.0,0.0
2919.74,4342.0,4397.89,0.0,-1.0,0.0
2892.67,4342.0,4387.69,0.0,-1.0,0.0
2936.18,4342.0,4304.53,0.0,-1.0,0.0
2892.67,4342.0,4387.69,0.0,-1.0,0.0
2914.87,4342.0,4294.51,0.0,-1.0,0.0
2914.87,4342.0,4294.51,0.0,-1.0,0.0
2892.67,4342.0,4387.69,0.0,-1.0,0.0
2866.79,4342.0,4374.75,0.0,-1.0,0.0
2914.87,4342.0,4294.51,0.0,-1.0,0.0
2866.79,4342.0,4374.75,0.0,-1.0,0.0
2894.99,4342.0,4281.89,0.0,-1.0,0.0
2894.99,4342.0,4281.89,0.0,-1.0,0.0
2866.79,4342.0,4374.75,0.0,-1.0,0.0
2842.38,4342.0,4359.22,0.0,-1.0,0.0
2894.99,4342.0,4281.89,0.0,-1.0,0.0
2842.38,4342.0,4359.22,0.0,-1.0,0.0
2876.85,4342.0,4266.88,0.0,-1.0,0.0
2876.85,4342.0,4266.88,0.0,-1.0,0.0
2842.38,4342.0,4359.22,0.0,-1.0,0.0
2819.7,4342.0,4341.27,0.0,-1.0,0.0
2876.85,4342.0,4266.88,0.0,-1.0,0.0
2819.7,4342.0,4341.27,0.0,-1.0,0.0
2798.98,4342.0,4321.08,0.0,-1.0,0.0
3192.33,4342.0,4141.97,0.0,-1.0,0.0
3283.87,4342.0,4166.28,0.0,-1.0,0.0
3189.38,4342.0,4165.33,0.0,-1.0,0.0
3189.38,4342.0,4165.33,0.0,-1.0,0.0
3283.87,4342.0,4166.28,0.0,-1.0,0.0
3278.69,4342.0,4194.74,0.0,-1.0,0.0
3189.38,4342.0,4165.33,0.0,-1.0,0.0
3278.69,4342.0,4194.74,0.0,-1.0,0.0
3183.52,4342.0,4188.14,0.0,-1.0,0.0
3183.52,4342.0,4188.14,0.0,-1.0,0.0
3278.69,4342.0,4194.74,0.0,-1.0,0.0
3270.6,4342.0,4222.52,0.0,-1.0,0.0
3183.52,4342.0,4188.14,0.0,-1.0,0.0
3270.6,4342.0,4222.52,0.0,-1.0,0.0
3174.85,4342.0,4210.03,0.0,-1.0,0.0
3174.85,4342.0,4210.03,0.0,-1.0,0.0
3270.6,4342.0,4222.52,0.0,-1.0,0.0
3259.7,4342.0,4249.32,0.0,-1.0,0.0
3174.85,4342.0,4210.03,0.0,-1.0,0.0
3259.7,4342.0,4249.32,0.0,-1.0,0.0
3163.51,4342.0,4230.67,0.0,-1.0,0.0
3163.51,4342.0,4230.67,0.0,-1.0,0.0
3259.7,4342.0,4249.32,0.0,-1.0,0.0
3246.11,4342.0,4274.86,0.0,-1.0,0.0
3163.51,4342.0,4230.67,0.0,-1.0,0.0
3246.11,4342.0,4274.86,0.0,-1.0,0.0
3149.67,4342.0,4249.72,0.0,-1.0,0.0
3149.67,4342.0,4249.72,0.0,-1.0,0.0
3246.11,4342.0,4274.86,0.0,-1.0,0.0
3229.95,4342.0,4298.86,0.0,-1.0,0.0
3149.67,4342.0,4249.72,0.0,-1.0,0.0
3229.95,4342.0,4298.86,0.0,-1.0,0.0
3211.42,4342.0,4321.08,0.0,-1.0,0.0
2739.8,4342.0,4222.52,0.0,-1.0,0.0
2731.71,4342.0,4194.74,0.0,-1.0,0.0
2821.02,4342.0,4165.33,0.0,-1.0,0.0
2821.02,4342.0,4165.33,0.0,-1.0,0.0
2731.71,4342.0,4194.74,0.0,-1.0,0.0
2726.53,4342.0,4166.28,0.0,-1.0,0.0
2821.02,4342.0,4165.33,0.0,-1.0,0.0
2726.53,4342.0,4166.28,0.0,-1.0,0.0
2818.07,4342.0,4141.97,0.0,-1.0,0.0
2818.07,4342.0,4141.97,0.0,-1.0,0.0
2726.53,4342.0,4166.28,0.0,-1.0,0.0
2724.29,4342.0,4137.44,0.0,-1.0,0.0
2818.07,4342.0,4141.97,0.0,-1.0,0.0
2724.29,4342.0,4137.44,0.0,-1.0,0.0
2818.07,4342.0,4118.43,0.0,-1.0,0.0
2818.07,4342.0,4118.43,0.0,-1.0,0.0
2724.29,4342.0,4137.44,0.0,-1.0,0.0
2725.04,4342.0,4108.51,0.0,-1.0,0.0
2818.07,4342.0,4118.43,0.0,-1.0,0.0
2725.04,4342.0,4108.51,0.0,-1.0,0.0
2821.02,4342.0,4095.07,0.0,-1.0,0.0
2821.02,4342.0,4095.07,0.0,-1.0,0.0
2725.04,4342.0,4108.51,0.0,-1.0,0.0
2728.75,4342.0,4079.82,0.0,-1.0,0.0
2821.02,4342.0,4095.07,0.0,-1.0,0.0
2728.75,4342.0,4079.82,0.0,-1.0,0.0
2826.88,4342.0,4072.26,0.0,-1.0,0.0
2826.88,4342.0,4072.26,0.0,-1.0,0.0
2728.75,4342.0,4079.82,0.0,-1.0,0.0
2735.4,4342.0,4051.66,0.0,-1.0,0.0
2826.88,4342.0,4072.26,0.0,-1.0,0.0
2735.4,4342.0,4051.66,0.0,-1.0,0.0
2744.9,4342.0,4024.34,0.0,-1.0,0.0
3238.34,4342.0,3973.33,0.0,-1.0,0.0
3253.23,4342.0,3998.14,0.0,-1.0,0.0
3174.85,4342.0,4050.37,0.0,-1.0,0.0
3174.85,4342.0,4050.37,0.0,-1.0,0.0
3253.23,4342.0,3998.14,0.0,-1.0,0.0
3265.5,4342.0,4024.34,0.0,-1.0,0.0
3174.85,4342.0,4050.37,0.0,-1.0,0.0
3265.5,4342.0,4024.34,0.0,-1.0,0.0
3183.52,4342.0,4072.26,0.0,-1.0,0.0
3183.52,4342.0,4072.26,0.0,-1.0,0.0
3265.5,4342.0,4024.34,0.0,-1.0,0.0
3275.0,4342.0,4051.66,0.0,-1.0,0.0
3183.52,4342.0,4072.26,0.0,-1.0,0.0
3275.0,4342.0,4051.66,0.0,-1.0,0.0
3189.38,4342.0,4095.07,0.0,-1.0,0.0
3189.38,4342.0,4095.07,0.0,-1.0,0.0
3275.0,4342.0,4051.66,0.0,-1.0,0.0
3281.65,4342.0,4079.82,0.0,-1.0,0.0
3189.38,4342.0,4095.07,0.0,-1.0,0.0
3281.65,4342.0,4079.82,0.0,-1.0,0.0
3192.33,4342.0,4118.43,0.0,-1.0,0.0
3192.33,4342.0,4118.43,0.0,-1.0,0.0
3281.65,4342.0,4079.82,0.0,-1.0,0.0
3285.36,4342.0,4108.51,0.0,-1.0,0.0
3192.33,4342.0,4118.43,0.0,-1.0,0.0
3285.36,4342.0,4108.51,0.0,-1.0,0.0
3192.33,4342.0,4141.97,0.0,-1.0,0.0
3192.33,4342.0,4141.97,0.0,-1.0,0.0
3285.36,4342.0,4108.51,0.0,-1.0,0.0
3286.11,4342.0,4137.44,0.0,-1.0,0.0
3192.33,4342.0,4141.97,0.0,-1.0,0.0
3286.11,4342.0,4137.44,0.0,-1.0,0.0
3283.87,4342.0,4166.28,0.0,-1.0,0.0
3060.66,4298.0,4242.22,0.0,-1.0,0.0
3074.22,4298.0,4304.53,0.0,-1.0,0.0
3042.92,4298.0,4249.37,0.0,-1.0,0.0
3042.92,4298.0,4249.37,0.0,-1.0,0.0
3074.22,4298.0,4304.53,0.0,-1.0,0.0
3051.83,4298.0,4311.81,0.0,-1.0,0.0
3042.92,4298.0,4249.37,0.0,-1.0,0.0
3051.83,4298.0,4311.81,0.0,-1.0,0.0
3024.28,4298.0,4253.73,0.0,-1.0,0.0
3024.28,4298.0,4253.73,0.0,-1.0,0.0
3051.83,4298.0,4311.81,0.0,-1.0,0.0
3028.7,4298.0,4316.22,0.0,-1.0,0.0
3024.28,4298.0,4253.73,0.0,-1.0,0.0
3028.7,4298.0,4316.22,0.0,-1.0,0.0
3005.2,4298.0,4255.2,0.0,-1.0,0.0
3005.2,4298.0,4255.2,0.0,-1.0,0.0
3028.7,4298.0,4316.22,0.0,-1.0,0.0
3005.2,4298.0,4317.7,0.0,-1.0,0.0
3005.2,4298.0,4255.2,0.0,-1.0,0.0
3005.2,4298.0,4317.7,0.0,-1.0,0.0
2986.12,4298.0,4253.73,0.0,-1.0,0.0
2986.12,4298.0,4253.73,0.0,-1.0,0.0
3005.2,4298.0,4317.7,0.0,-1.0,0.0
2981.7,4298.0,4316.22,0.0,-1.0,0.0
2986.12,4298.0,4253.73,0.0,-1.0,0.0
2981.7,4298.0,4316.22,0.0,-1.0,0.0
2967.48,4298.0,4249.37,0.0,-1.0,0.0
2995.63,4298.0,4005.57,0.0,-1.0,0.0
3005.2,4298.0,3942.7,0.0,-1.0,0.0
3014.77,4298.0,4005.57,0.0,-1.0,0.0
3014.77,4298.0,4005.57,0.0,-1.0,0.0
3005.2,4298.0,3942.7,0.0,-1.0,0.0
3028.7,4298.0,3944.18,0.0,-1.0,0.0
3014.77,4298.0,4005.57,0.0,-1.0,0.0
3028.7,4298.0,3944.18,0.0,-1.0,0.0
3033.68,4298.0,4008.49,0.0,-1.0,0.0
3033.68,4298.0,4008.49,0.0,-1.0,0.0
3028.7,4298.0,3944.18,0.0,-1.0,0.0
3051.83,4298.0,3948.59,0.0,-1.0,0.0
3033.68,4298.0,4008.49,0.0,-1.0,0.0
3051.83,4298.0,3948.59,0.0,-1.0,0.0
3051.93,4298.0,4014.26,0.0,-1.0,0.0
3051.93,4298.0,4014.26,0.0,-1.0,0.0
3051.83,4298.0,3948.59,0.0,-1.0,0.0
3074.22,4298.0,3955.87,0.0,-1.0,0.0
3051.93,4298.0,4014.26,0.0,-1.0,0.0
3074.22,4298.0,3955.87,0.0,-1.0,0.0
3069.08,4298.0,4022.75,0.0,-1.0,0.0
3069.08,4298.0,4022.75,0.0,-1.0,0.0
3074.22,4298.0,3955.87,0.0,-1.0,0.0
3095.53,4298.0,3965.89,0.0,-1.0,0.0
3069.08,4298.0,4022.75,0.0,-1.0,0.0
3095.53,4298.0,3965.89,0.0,-1.0,0.0
3084.73,4298.0,4033.76,0.0,-1.0,0.0
2911.88,4298.0,4047.03,0.0,-1.0,0.0
2876.85,4298.0,3993.52,0.0,-1.0,0.0
2925.67,4298.0,4033.76,0.0,-1.0,0.0
2925.67,4298.0,4033.76,0.0,-1.0,0.0
2876.85,4298.0,3993.52,0.0,-1.0,0.0
2894.99,4298.0,3978.51,0.0,-1.0,0.0
2925.67,4298.0,4033.76,0.0,-1.0,0.0
2894.99,4298.0,3978.51,0.0,-1.0,0.0
2941.32,4298.0,4022.75,0.0,-1.0,0.0
2941.32,4298.0,4022.75,0.0,-1.0,0.0
2894.99,4298.0,3978.51,0.0,-1.0,0.0
2914.87,4298.0,3965.89,0.0,-1.0,0.0
2941.32,4298.0,4022.75,0.0,-1.0,0.0
2914.87,4298.0,3965.89,0.0,-1.0,0.0
2958.47,4298.0,4014.26,0.0,-1.0,0.0
2958.47,4298.0,4014.26,0.0,-1.0,0.0
2914.87,4298.0,3965.89,0.0,-1.0,0.0
2936.18,4298.0,3955.87,0.0,-1.0,0.0
2958.47,4298.0,4014.26,0.0,-1.0,0.0
2936.18,4298.0,3955.87,0.0,-1.0,0.0
2976.72,4298.0,4008.49,0.0,-1.0,0.0
2976.72,4298.0,4008.49,0.0,-1.0,0.0
2936.18,4298.0,3955.87,0.0,-1.0,0.0
2958.57,4298.0,3948.59,0.0,-1.0,0.0
2976.72,4298.0,4008.49,0.0,-1.0,0.0
2958.57,4298.0,3948.59,0.0,-1.0,0.0
2995.63,4298.0,4005.57,0.0,-1.0,0.0
2995.63,4298.0,4005.57,0.0,-1.0,0.0
2958.57,4298.0,3948.59,0.0,-1.0,0.0
2981.7,4298.0,3944.18,0.0,-1.0,0.0
2995.63,4298.0,4005.57,0.0,-1.0,0.0
2981.7,4298.0,3944.18,0.0,-1.0,0.0
3005.2,4298.0,3942.7,0.0,-1.0,0.0
3125.73,4298.0,4097.08,0.0,-1.0,0.0
3189.38,4298.0,4095.07,0.0,-1.0,0.0
3129.38,4298.0,4115.86,0.0,-1.0,0.0
3129.38,4298.0,4115.86,0.0,-1.0,0.0
3189.38,4298.0,4095.07,0.0,-1.0,0.0
3192.33,4298.0,4118.43,0.0,-1.0,0.0
3129.38,4298.0,4115.86,0.0,-1.0,0.0
3192.33,4298.0,4118.43,0.0,-1.0,0.0
3130.11,4298.0,4134.99,0.0,-1.0,0.0
3130.11,4298.0,4134.99,0.0,-1.0,0.0
3192.33,4298.0,4118.43,0.0,-1.0,0.0
3192.33,4298.0,4141.97,0.0,-1.0,0.0
3130.11,4298.0,4134.99,0.0,-1.0,0.0
3192.33,4298.0,4141.97,0.0,-1.0,0.0
3127.91,4298.0,4154.0,0.0,-1.0,0.0
3127.91,4298.0,4154.0,0.0,-1.0,0.0
3192.33,4298.0,4141.97,0.0,-1.0,0.0
3189.38,4298.0,4165.33,0.0,-1.0,0.0
3127.91,4298.0,4154.0,0.0,-1.0,0.0
3189.38,4298.0,4165.33,0.0,-1.0,0.0
3122.84,4298.0,4172.45,0.0,-1.0,0.0
3122.84,4298.0,4172.45,0.0,-1.0,0.0
3189.38,4298.0,4165.33,0.0,-1.0,0.0
3183.52,4298.0,4188.14,0.0,-1.0,0.0
3122.84,4298.0,4172.45,0.0,-1.0,0.0
3183.52,4298.0,4188.14,0.0,-1.0,0.0
3115.01,4298.0,4189.92,0.0,-1.0,0.0
3095.53,4298.0,3965.89,0.0,-1.0,0.0
3115.41,4298.0,3978.51,0.0,-1.0,0.0
3084.73,4298.0,4033.76,0.0,-1.0,0.0
3084.73,4298.0,4033.76,0.0,-1.0,0.0
3115.41,4298.0,3978.51,0.0,-1.0,0.0
3133.55,4298.0,3993.52,0.0,-1.0,0.0
3084.73,4298.0,4033.76,0.0,-1.0,0.0
3133.55,4298.0,3993.52,0.0,-1.0,0.0
3098.52,4298.0,4047.03,0.0,-1.0,0.0
3098.52,4298.0,4047.03,0.0,-1.0,0.0
3133.55,4298.0,3993.52,0.0,-1.0,0.0
3149.67,4298.0,4010.68,0.0,-1.0,0.0
3098.52,4298.0,4047.03,0.0,-1.0,0.0
3149.67,4298.0,4010.68,0.0,-1.0,0.0
3110.12,4298.0,4062.25,0.0,-1.0,0.0
3110.12,4298.0,4062.25,0.0,-1.0,0.0
3149.67,4298.0,4010.68,0.0,-1.0,0.0
3163.51,4298.0,4029.73,0.0,-1.0,0.0
3110.12,4298.0,4062.25,0.0,-1.0,0.0
3163.51,4298.0,4029.73,0.0,-1.0,0.0
3119.26,4298.0,4079.07,0.0,-1.0,0.0
3119.26,4298.0,4079.07,0.0,-1.0,0.0
3163.51,4298.0,4029.73,0.0,-1.0,0.0
3174.85,4298.0,4050.37,0.0,-1.0,0.0
3119.26,4298.0,4079.07,0.0,-1.0,0.0
3174.85,4298.0,4050.37,0.0,-1.0,0.0
3125.73,4298.0,4097.08,0.0,-1.0,0.0
3125.73,4298.0,4097.08,0.0,-1.0,0.0
3174.85,4298.0,4050.37,0.0,-1.0,0.0
3183.52,4298.0,4072.26,0.0,-1.0,0.0
3125.73,4298.0,4097.08,0.0,-1.0,0.0
3183.52,4298.0,4072.26,0.0,-1.0,0.0
3189.38,4298.0,4095.07,0.0,-1.0,0.0
2905.79,4298.0,4205.98,0.0,-1.0,0.0
2846.89,4298.0,4230.67,0.0,-1.0,0.0
2895.39,4298.0,4189.92,0.0,-1.0,0.0
2895.39,4298.0,4189.92,0.0,-1.0,0.0
2846.89,4298.0,4230.67,0.0,-1.0,0.0
2835.54,4298.0,4210.03,0.0,-1.0,0.0
2895.39,4298.0,4189.92,0.0,-1.0,0.0
2835.54,4298.0,4210.03,0.0,-1.0,0.0
2887.56,4298.0,4172.45,0.0,-1.0,0.0
2887.56,4298.0,4172.45,0.0,-1.0,0.0
2835.54,4298.0,4210.03,0.0,-1.0,0.0
2826.88,4298.0,4188.14,0.0,-1.0,0.0
2887.56,4298.0,4172.45,0.0,-1.0,0.0
2826.88,4298.0,4188.14,0.0,-1.0,0.0
2882.49,4298.0,4154.0,0.0,-1.0,0.0
2882.49,4298.0,4154.0,0.0,-1.0,0.0
2826.88,4298.0,4188.14,0.0,-1.0,0.0
2821.02,4298.0,4165.33,0.0,-1.0,0.0
2882.49,4298.0,4154.0,0.0,-1.0,0.0
2821.02,4298.0,4165.33,0.0,-1.0,0.0
2880.29,4298.0,4134.99,0.0,-1.0,0.0
2880.29,4298.0,4134.99,0.0,-1.0,0.0
2821.02,4298.0,4165.33,0.0,-1.0,0.0
2818.07,4298.0,4141.97,0.0,-1.0,0.0
2880.29,4298.0,4134.99,0.0,-1.0,0.0
2818.07,4298.0,4141.97,0.0,-1.0,0.0
2881.02,4298.0,4115.86,0.0,-1.0,0.0
2981.7,4298.0,4316.22,0.0,-1.0,0.0
2958.57,4298.0,4311.81,0.0,-1.0,0.0
2967.48,4298.0,4249.37,0.0,-1.0,0.0
2967.48,4298.0,4249.37,0.0,-1.0,0.0
2958.57,4298.0,4311.81,0.0,-1.0,0.0
2936.18,4298.0,4304.53,0.0,-1.0,0.0
2967.48,4298.0,4249.37,0.0,-1.0,0.0
2936.18,4298.0,4304.53,0.0,-1.0,0.0
2949.73,4298.0,4242.22,0.0,-1.0,0.0
2949.73,4298.0,4242.22,0.0,-1.0,0.0
2936.18,4298.0,4304.53,0.0,-1.0,0.0
2914.87,4298.0,4294.51,0.0,-1.0,0.0
2949.73,4298.0,4242.22,0.0,-1.0,0.0
2914.87,4298.0,4294.51,0.0,-1.0,0.0
2933.29,4298.0,4232.44,0.0,-1.0,0.0
2933.29,4298.0,4232.44,0.0,-1.0,0.0
2914.87,4298.0,4294.51,0.0,-1.0,0.0
2894.99,4298.0,4281.89,0.0,-1.0,0.0
2933.29,4298.0,4232.44,0.0,-1.0,0.0
2894.99,4298.0,4281.89,0.0,-1.0,0.0
2918.52,4298.0,4220.27,0.0,-1.0,0.0
2918.52,4298.0,4220.27,0.0,-1.0,0.0
2894.99,4298.0,4281.89,0.0,-1.0,0.0
2876.85,4298.0,4266.88,0.0,-1.0,0.0
2918.52,4298.0,4220.27,0.0,-1.0,0.0
2876.85,4298.0,4266.88,0.0,-1.0,0.0
2905.79,4298.0,4205.98,0.0,-1.0,0.0
2905.79,4298.0,4205.98,0.0,-1.0,0.0
2876.85,4298.0,4266.88,0.0,-1.0,0.0
2860.73,4298.0,4249.72,0.0,-1.0,0.0
2905.79,4298.0,4205.98,0.0,-1.0,0.0
2860.73,4298.0,4249.72,0.0,-1.0,0.0
2846.89,4298.0,4230.67,0.0,-1.0,0.0
3183.52,4298.0,4188.14,0.0,-1.0,0.0
3174.85,4298.0,4210.03,0.0,-1.0,0.0
3115.01,4298.0,4189.92,0.0,-1.0,0.0
3115.01,4298.0,4189.92,0.0,-1.0,0.0
3174.85,4298.0,4210.03,0.0,-1.0,0.0
3163.51,4298.0,4230.67,0.0,-1.0,0.0
3115.01,4298.0,4189.92,0.0,-1.0,0.0
3163.51,4298.0,4230.67,0.0,-1.0,0.0
3104.61,4298.0,4205.98,0.0,-1.0,0.0
3104.61,4298.0,4205.98,0.0,-1.0,0.0
3163.51,4298.0,4230.67,0.0,-1.0,0.0
3149.67,4298.0,4249.72,0.0,-1.0,0.0
3104.61,4298.0,4205.98,0.0,-1.0,0.0
3149.67,4298.0,4249.72,0.0,-1.0,0.0
3091.88,4298.0,4220.27,0.0,-1.0,0.0
3091.88,4298.0,4220.27,0.0,-1.0,0.0
3149.67,4298.0,4249.72,0.0,-1.0,0.0
3133.55,4298.0,4266.88,0.0,-1.0,0.0
3091.88,4298.0,4220.27,0.0,-1.0,0.0
3133.55,4298.0,4266.88,0.0,-1.0,0.0
3077.11,4298.0,4232.44,0.0,-1.0,0.0
3077.11,4298.0,4232.44,0.0,-1.0,0.0
3133.55,4298.0,4266.88,0.0,-1.0,0.0
3115.41,4298.0,4281.89,0.0,-1.0,0.0
3077.11,4298.0,4232.44,0.0,-1.0,0.0
3115.41,4298.0,4281.89,0.0,-1.0,0.0
3060.66,4298.0,4242.22,0.0,-1.0,0.0
3060.66,4298.0,4242.22,0.0,-1.0,0.0
3115.41,4298.0,4281.89,0.0,-1.0,0.0
3095.53,4298.0,4294.51,0.0,-1.0,0.0
3060.66,4298.0,4242.22,0.0,-1.0,0.0
3095.53,4298.0,4294.51,0.0,-1.0,0.0
3074.22,4298.0,4304.53,0.0,-1.0,0.0
2818.07,4298.0,4141.97,0.0,-1.0,0.0
2818.07,4298.0,4118.43,0.0,-1.0,0.0
2881.02,4298.0,4115.86,0.0,-1.0,0.0
2881.02,4298.0,4115.86,0.0,-1.0,0.0
2818.07,4298.0,4118.43,0.0,-1.0,0.0
2821.02,4298.0,4095.07,0.0,-1.0,0.0
2881.02,4298.0,4115.86,0.0,-1.0,0.0
2821.02,4298.0,4095.07,0.0,-1.0,0.0
2884.67,4298.0,4097.08,0.0,-1.0,0.0
2884.67,4298.0,4097.08,0.0,-1.0,0.0
2821.02,4298.0,4095.07,0.0,-1.0,0.0
2826.88,4298.0,4072.26,0.0,-1.0,0.0
2884.67,4298.0,4097.08,0.0,-1.0,0.0
2826.88,4298.0,4072.26,0.0,-1.0,0.0
2891.14,4298.0,4079.07,0.0,-1.0,0.0
2891.14,4298.0,4079.07,0.0,-1.0,0.0
2826.88,4298.0,4072.26,0.0,-1.0,0.0
2835.54,4298.0,4050.37,0.0,-1.0,0.0
2891.14,4298.0,4079.07,0.0,-1.0,0.0
2835.54,4298.0,4050.37,0.0,-1.0,0.0
2900.28,4298.0,4062.25,0.0,-1.0,0.0
2900.28,4298.0,4062.25,0.0,-1.0,0.0
2835.54,4298.0,4050.37,0.0,-1.0,0.0
2846.89,4298.0,4029.73,0.0,-1.0,0.0
2900.28,4298.0,4062.25,0.0,-1.0,0.0
2846.89,4298.0,4029.73,0.0,-1.0,0.0
2911.88,4298.0,4047.03,0.0,-1.0,0.0
2911.88,4298.0,4047.03,0.0,-1.0,0.0
2846.89,4298.0,4029.73,0.0,-1.0,0.0
2860.73,4298.0,4010.68,0.0,-1.0,0.0
2911.88,4298.0,4047.03,0.0,-1.0,0.0
2860.73,4298.0,4010.68,0.0,-1.0,0.0
2876.85,4298.0,3993.52,0.0,-1.0,0.0
3034.09,4373.0,4409.71,0.15389,0.0,0.988088
3034.09,4342.0,4409.71,0.15389,0.0,0.988088
3062.68,4373.0,4405.26,0.15389,0.0,0.988088
3062.68,4373.0,4405.26,0.15389,0.0,0.988088
3034.09,4342.0,4409.71,0.15389,0.0,0.988088
3062.68,4342.0,4405.26,0.15389,0.0,0.988088
3062.68,4373.0,4405.26,0.254678,0.0,0.967026
3062.68,4342.0,4405.26,0.254678,0.0,0.967026
3090.66,4373.0,4397.89,0.254678,0.0,0.967026
3090.66,4373.0,4397.89,0.254678,0.0,0.967026
3062.68,4342.0,4405.26,0.254678,0.0,0.967026
3090.66,4342.0,4397.89,0.254678,0.0,0.967026
3090.66,4373.0,4397.89,0.352754,0.0,0.935716
3090.66,4342.0,4397.89,0.352754,0.0,0.935716
3117.73,4373.0,4387.69,0.352754,0.0,0.935716
3117.73,4373.0,4387.69,0.352754,0.0,0.935716
3090.66,4342.0,4397.89,0.352754,0.0,0.935716
3117.73,4342.0,4387.69,0.352754,0.0,0.935716
3117.73,4373.0,4387.69,0.447099,0.0,0.894485
3117.73,4342.0,4387.69,0.447099,0.0,0.894485
3143.61,4373.0,4374.75,0.447099,0.0,0.894485
3143.61,4373.0,4374.75,0.447099,0.0,0.894485
3117.73,4342.0,4387.69,0.447099,0.0,0.894485
3143.61,4342.0,4374.75,0.447099,0.0,0.894485
3143.61,4373.0,4374.75,0.536699,0.0,0.843774
3143.61,4342.0,4374.75,0.536699,0.0,0.843774
3168.02,4373.0,4359.22,0.536699,0.0,0.843774
3168.02,4373.0,4359.22,0.536699,0.0,0.843774
3143.61,4342.0,4374.75,0.536699,0.0,0.843774
3168.02,4342.0,4359.22,0.536699,0.0,0.843774
3168.02,4373.0,4359.22,0.620605,0.0,0.784123
3168.02,4342.0,4359.22,0.620605,0.0,0.784123
3190.7,4373.0,4341.27,0.620605,0.0,0.784123
3190.7,4373.0,4341.27,0.620605,0.0,0.784123
3168.02,4342.0,4359.22,0.620605,0.0,0.784123
3190.7,4342.0,4341.27,0.620605,0.0,0.784123
3190.7,4373.0,4341.27,0.697947,0.0,0.716149
3190.7,4342.0,4341.27,0.697947,0.0,0.716149
3211.42,4373.0,4321.08,0.697947,0.0,0.716149
3211.42,4373.0,4321.08,0.697947,0.0,0.716149
3190.7,4342.0,4341.27,0.697947,0.0,0.716149
3211.42,4342.0,4321.08,0.697947,0.0,0.716149
3211.42,4373.0,4321.08,0.767881,0.0,0.640593
3211.42,4342.0,4321.08,0.767881,0.0,0.640593
3229.95,4373.0,4298.86,0.767881,0.0,0.640593
3229.95,4373.0,4298.86,0.767881,0.0,0.640593
3211.42,4342.0,4321.08,0.767881,0.0,0.640593
3229.95,4342.0,4298.86,0.767881,0.0,0.640593
3229.95,4373.0,4298.86,0.829676,0.0,0.558245
3229.95,4342.0,4298.86,0.829676,0.0,0.558245
3246.11,4373.0,4274.86,0.829676,0.0,0.558245
3246.11,4373.0,4274.86,0.829676,0.0,0.558245
3229.95,4342.0,4298.86,0.829676,0.0,0.558245
3246.11,4342.0,4274.86,0.829676,0.0,0.558245
3246.11,4373.0,4274.86,0.882677,0.0,0.46998
3246.11,4342.0,4274.86,0.882677,0.0,0.46998
3259.7,4373.0,4249.32,0.882677,0.0,0.46998
3259.7,4373.0,4249.32,0.882677,0.0,0.46998
3246.11,4342.0,4274.86,0.882677,0.0,0.46998
3259.7,4342.0,4249.32,0.882677,0.0,0.46998
3259.7,4373.0,4249.32,0.926323,0.0,0.376731
3259.7,4342.0,4249.32,0.926323,0.0,0.376731
3270.6,4373.0,4222.52,0.926323,0.0,0.376731
3270.6,4373.0,4222.52,0.926323,0.0,0.376731
3259.7,4342.0,4249.32,0.926323,0.0,0.376731
3270.6,4342.0,4222.52,0.926323,0.0,0.376731
3270.6,4373.0,4222.52,0.960151,0.0,0.27948
3270.6,4342.0,4222.52,0.960151,0.0,0.27948
3278.69,4373.0,4194.74,0.960151,0.0,0.27948
3278.69,4373.0,4194.74,0.960151,0.0,0.27948
3270.6,4342.0,4222.52,0.960151,0.0,0.27948
3278.69,4342.0,4194.74,0.960151,0.0,0.27948
3278.69,4373.0,4194.74,0.983798,0.0,0.17928
3278.69,4342.0,4194.74,0.983798,0.0,0.17928
3283.87,4373.0,4166.28,0.983798,0.0,0.17928
3283.87,4373.0,4166.28,0.983798,0.0,0.17928
3278.69,4342.0,4194.74,0.983798,0.0,0.17928
3283.87,4342.0,4166.28,0.983798,0.0,0.17928
3283.87,4373.0,4166.28,0.997017,0.0,0.0771805
3283.87,4342.0,4166.28,0.997017,0.0,0.0771805
3286.11,4373.0,4137.44,0.997017,0.0,0.0771805
3286.11,4373.0,4137.44,0.997017,0.0,0.0771805
3283.87,4342.0,4166.28,0.997017,0.0,0.0771805
3286.11,4342.0,4137.44,0.997017,0.0,0.0771805
3286.11,4373.0,4137.44,0.999669,0.0,-0.0257466
3286.11,4342.0,4137.44,0.999669,0.0,-0.0257466
3285.36,4373.0,4108.51,0.999669,0.0,-0.0257466
3285.36,4373.0,4108.51,0.999669,0.0,-0.0257466
3286.11,4342.0,4137.44,0.999669,0.0,-0.0257466
3285.36,4342.0,4108.51,0.999669,0.0,-0.0257466
3285.36,4373.0,4108.51,0.991722,0.0,-0.128403
3285.36,4342.0,4108.51,0.991722,0.0,-0.128403
3281.65,4373.0,4079.82,0.991722,0.0,-0.128403
3281.65,4373.0,4079.82,0.991722,0.0,-0.128403
3285.36,4342.0,4108.51,0.991722,0.0,-0.128403
3281.65,4342.0,4079.82,0.991722,0.0,-0.128403
3281.65,4373.0,4079.82,0.973263,0.0,-0.229692
3281.65,4342.0,4079.82,0.973263,0.0,-0.229692
3275.0,4373.0,4051.66,0.973263,0.0,-0.229692
3275.0,4373.0,4051.66,0.973263,0.0,-0.229692
3281.65,4342.0,4079.82,0.973263,0.0,-0.229692
3275.0,4342.0,4051.66,0.973263,0.0,-0.229692
3275.0,4373.0,4051.66,0.94449,0.0,-0.32854
3275.0,4342.0,4051.66,0.94449,0.0,-0.32854
3265.5,4373.0,4024.34,0.94449,0.0,-0.32854
3265.5,4373.0,4024.34,0.94449,0.0,-0.32854
3275.0,4342.0,4051.66,0.94449,0.0,-0.32854
3265.5,4342.0,4024.34,0.94449,0.0,-0.32854
3265.5,4373.0,4024.34,0.905702,0.0,-0.423915
3265.5,4342.0,4024.34,0.905702,0.0,-0.423915
3253.23,4373.0,3998.14,0.905702,0.0,-0.423915
3253.23,4373.0,3998.14,0.905702,0.0,-0.423915
3265.5,4342.0,4024.34,0.905702,0.0,-0.423915
3253.23,4342.0,3998.14,0.905702,0.0,-0.423915
3253.23,4373.0,3998.14,0.857313,0.0,-0.514795
3253.23,4342.0,3998.14,0.857313,0.0,-0.514795
3238.34,4373.0,3973.33,0.857313,0.0,-0.514795
3238.34,4373.0,3973.33,0.857313,0.0,-0.514795
3253.23,4342.0,3998.14,0.857313,0.0,-0.514795
3238.34,4342.0,3973.33,0.857313,0.0,-0.514795
3238.34,4373.0,3973.33,0.79984,0.0,-0.600213
3238.34,4342.0,3973.33,0.79984,0.0,-0.600213
3220.97,4373.0,3950.19,0.79984,0.0,-0.600213
3220.97,4373.0,3950.19,0.79984,0.0,-0.600213
3238.34,4342.0,3973.33,0.79984,0.0,-0.600213
3220.97,4342.0,3950.19,0.79984,0.0,-0.600213
3220.97,4373.0,3950.19,0.733887,0.0,-0.679272
3220.97,4342.0,3950.19,0.733887,0.0,-0.679272
3201.32,4373.0,3928.96,0.733887,0.0,-0.679272
3201.32,4373.0,3928.96,0.733887,0.0,-0.679272
3220.97,4342.0,3950.19,0.733887,0.0,-0.679272
3201.32,4342.0,3928.96,0.733887,0.0,-0.679272
3201.32,4373.0,3928.96,0.660149,0.0,-0.751135
3201.32,4342.0,3928.96,0.660149,0.0,-0.751135
3179.59,4373.0,3909.86,0.660149,0.0,-0.751135
3179.59,4373.0,3909.86,0.660149,0.0,-0.751135
3201.32,4342.0,3928.96,0.660149,0.0,-0.751135
3179.59,4342.0,3909.86,0.660149,0.0,-0.751135
3179.59,4373.0,3909.86,0.57942,0.0,-0.815029
3179.59,4342.0,3909.86,0.57942,0.0,-0.815029
3156.01,4373.0,3893.1,0.57942,0.0,-0.815029
3156.01,4373.0,3893.1,0.57942,0.0,-0.815029
3179.59,4342.0,3909.86,0.57942,0.0,-0.815029
3156.01,4342.0,3893.1,0.57942,0.0,-0.815029
3156.01,4373.0,3893.1,0.492554,0.0,-0.870282
3156.01,4342.0,3893.1,0.492554,0.0,-0.870282
3130.83,4373.0,3878.85,0.492554,0.0,-0.870282
3130.83,4373.0,3878.85,0.492554,0.0,-0.870282
3156.01,4342.0,3893.1,0.492554,0.0,-0.870282
3130.83,4342.0,3878.85,0.492554,0.0,-0.870282
3130.83,4373.0,3878.85,0.400451,0.0,-0.916318
3130.83,4342.0,3878.85,0.400451,0.0,-0.916318
3104.32,4373.0,3867.26,0.400451,0.0,-0.916318
3104.32,4373.0,3867.26,0.400451,0.0,-0.916318
3130.83,4342.0,3878.85,0.400451,0.0,-0.916318
3104.32,4342.0,3867.26,0.400451,0.0,-0.916318
3104.32,4373.0,3867.26,0.304121,0.0,-0.952633
3104.32,4342.0,3867.26,0.304121,0.0,-0.952633
3076.76,4373.0,3858.47,0.304121,0.0,-0.952633
3076.76,4373.0,3858.47,0.304121,0.0,-0.952633
3104.32,4342.0,3867.26,0.304121,0.0,-0.952633
3076.76,4342.0,3858.47,0.304121,0.0,-0.952633
3076.76,4373.0,3858.47,0.204546,0.0,-0.978857
3076.76,4342.0,3858.47,0.204546,0.0,-0.978857
3048.44,4373.0,3852.55,0.204546,0.0,-0.978857
3048.44,4373.0,3852.55,0.204546,0.0,-0.978857
3076.76,4342.0,3858.47,0.204546,0.0,-0.978857
3048.44,4342.0,3852.55,0.204546,0.0,-0.978857
3048.44,4373.0,3852.55,0.102817,0.0,-0.9947
3048.44,4342.0,3852.55,0.102817,0.0,-0.9947
3019.67,4373.0,3849.57,0.102817,0.0,-0.9947
3019.67,4373.0,3849.57,0.102817,0.0,-0.9947
3048.44,4342.0,3852.55,0.102817,0.0,-0.9947
3019.67,4342.0,3849.57,0.102817,0.0,-0.9947
3019.67,4373.0,3849.57,0.0,0.0,-1.0
3019.67,4342.0,3849.57,0.0,0.0,-1.0
2990.73,4373.0,3849.57,0.0,0.0,-1.0
2990.73,4373.0,3849.57,0.0,0.0,-1.0
3019.67,4342.0,3849.57,0.0,0.0,-1.0
2990.73,4342.0,3849.57,0.0,0.0,-1.0
2990.73,4373.0,3849.57,-0.102817,0.0,-0.9947
2990.73,4342.0,3849.57,-0.102817,0.0,-0.9947
2961.96,4373.0,3852.55,-0.102817,0.0,-0.9947
2961.96,4373.0,3852.55,-0.102817,0.0,-0.9947
2990.73,4342.0,3849.57,-0.102817,0.0,-0.9947
2961.96,4342.0,3852.55,-0.102817,0.0,-0.9947
2961.96,4373.0,3852.55,-0.204546,0.0,-0.978857
2961.96,4342.0,3852.55,-0.204546,0.0,-0.978857
2933.64,4373.0,3858.47,-0.204546,0.0,-0.978857
2933.64,4373.0,3858.47,-0.204546,0.0,-0.978857
2961.96,4342.0,3852.55,-0.204546,0.0,-0.978857
2933.64,4342.0,3858.47,-0.204546,0.0,-0.978857
2933.64,4373.0,3858.47,-0.304121,0.0,-0.952633
2933.64,4342.0,3858.47,-0.304121,0.0,-0.952633
2906.08,4373.0,3867.26,-0.304121,0.0,-0.952633
2906.08,4373.0,3867.26,-0.304121,0.0,-0.952633
2933.64,4342.0,3858.47,-0.304121,0.0,-0.952633
2906.08,4342.0,3867.26,-0.304121,0.0,-0.952633
2906.08,4373.0,3867.26,-0.400451,0.0,-0.916318
2906.08,4342.0,3867.26,-0.400451,0.0,-0.916318
2879.57,4373.0,3878.85,-0.400451,0.0,-0.916318
2879.57,4373.0,3878.85,-0.400451,0.0,-0.916318
2906.08,4342.0,3867.26,-0.400451,0.0,-0.916318
2879.57,4342.0,3878.85,-0.400451,0.0,-0.916318
2879.57,4373.0,3878.85,-0.49255,0.0,-0.870284
2879.57,4342.0,3878.85,-0.49255,0.0,-0.870284
2854.39,4373.0,3893.1,-0.49255,0.0,-0.870284
2854.39,4373.0,3893.1,-0.49255,0.0,-0.870284
2879.57,4342.0,3878.85,-0.49255,0.0,-0.870284
2854.39,4342.0,3893.1,-0.49255,0.0,-0.870284
2854.39,4373.0,3893.1,-0.579416,0.0,-0.815032
2854.39,4342.0,3893.1,-0.579416,0.0,-0.815032
2830.81,4373.0,3909.86,-0.579416,0.0,-0.815032
2830.81,4373.0,3909.86,-0.579416,0.0,-0.815032
2854.39,4342.0,3893.1,-0.579416,0.0,-0.815032
2830.81,4342.0,3909.86,-0.579416,0.0,-0.815032
2830.81,4373.0,3909.86,-0.660153,0.0,-0.751131
2830.81,4342.0,3909.86,-0.660153,0.0,-0.751131
2809.08,4373.0,3928.96,-0.660153,0.0,-0.751131
2809.08,4373.0,3928.96,-0.660153,0.0,-0.751131
2830.81,4342.0,3909.86,-0.660153,0.0,-0.751131
2809.08,4342.0,3928.96,-0.660153,0.0,-0.751131
2809.08,4373.0,3928.96,-0.733887,0.0,-0.679272
2809.08,4342.0,3928.96,-0.733887,0.0,-0.679272
2789.43,4373.0,3950.19,-0.733887,0.0,-0.679272
2789.43,4373.0,3950.19,-0.733887,0.0,-0.679272
2809.08,4342.0,3928.96,-0.733887,0.0,-0.679272
2789.43,4342.0,3950.19,-0.733887,0.0,-0.679272
2789.43,4373.0,3950.19,-0.79984,0.0,-0.600213
2789.43,4342.0,3950.19,-0.79984,0.0,-0.600213
2772.06,4373.0,3973.33,-0.79984,0.0,-0.600213
2772.06,4373.0,3973.33,-0.79984,0.0,-0.600213
2789.43,4342.0,3950.19,-0.79984,0.0,-0.600213
2772.06,4342.0,3973.33,-0.79984,0.0,-0.600213
2772.06,4373.0,3973.33,-0.857313,0.0,-0.514795
2772.06,4342.0,3973.33,-0.857313,0.0,-0.514795
2757.17,4373.0,3998.14,-0.857313,0.0,-0.514795
2757.17,4373.0,3998.14,-0.857313,0.0,-0.514795
2772.06,4342.0,3973.33,-0.857313,0.0,-0.514795
2757.17,4342.0,3998.14,-0.857313,0.0,-0.514795
2757.17,4373.0,3998.14,-0.905702,0.0,-0.423915
2757.17,4342.0,3998.14,-0.905702,0.0,-0.423915
2744.9,4373.0,4024.34,-0.905702,0.0,-0.423915
2744.9,4373.0,4024.34,-0.905702,0.0,-0.423915
2757.17,4342.0,3998.14,-0.905702,0.0,-0.423915
2744.9,4342.0,4024.34,-0.905702,0.0,-0.423915
2744.9,4373.0,4024.34,-0.944487,0.0,-0.328548
2744.9,4342.0,4024.34,-0.944487,0.0,-0.328548
2735.4,4373.0,4051.66,-0.944487,0.0,-0.328548
2735.4,4373.0,4051.66,-0.944487,0.0,-0.328548
2744.9,4342.0,4024.34,-0.944487,0.0,-0.328548
2735.4,4342.0,4051.66,-0.944487,0.0,-0.328548
2735.4,4373.0,4051.66,-0.973267,0.0,-0.229676
2735.4,4342.0,4051.66,-0.973267,0.0,-0.229676
2728.75,4373.0,4079.82,-0.973267,0.0,-0.229676
2728.75,4373.0,4079.82,-0.973267,0.0,-0.229676
2735.4,4342.0,4051.66,-0.973267,0.0,-0.229676
2728.75,4342.0,4079.82,-0.973267,0.0,-0.229676
2728.75,4373.0,4079.82,-0.991722,0.0,-0.128403
2728.75,4342.0,4079.82,-0.991722,0.0,-0.128403
2725.04,4373.0,4108.51,-0.991722,0.0,-0.128403
2725.04,4373.0,4108.51,-0.991722,0.0,-0.128403
2728.75,4342.0,4079.82,-0.991722,0.0,-0.128403
2725.04,4342.0,4108.51,-0.991722,0.0,-0.128403
2725.04,4373.0,4108.51,-0.999669,0.0,-0.0257466
2725.04,4342.0,4108.51,-0.999669,0.0,-0.0257466
2724.29,4373.0,4137.44,-0.999669,0.0,-0.0257466
2724.29,4373.0,4137.44,-0.999669,0.0,-0.0257466
2725.04,4342.0,4108.51,-0.999669,0.0,-0.0257466
2724.29,4342.0,4137.44,-0.999669,0.0,-0.0257466
2724.29,4373.0,4137.44,-0.997017,0.0,0.0771805
2724.29,4342.0,4137.44,-0.997017,0.0,0.0771805
2726.53,4373.0,4166.28,-0.997017,0.0,0.0771805
2726.53,4373.0,4166.28,-0.997017,0.0,0.0771805
2724.29,4342.0,4137.44,-0.997017,0.0,0.0771805
2726.53,4342.0,4166.28,-0.997017,0.0,0.0771805
2726.53,4373.0,4166.28,-0.983798,0.0,0.17928
2726.53,4342.0,4166.28,-0.983798,0.0,0.17928
2731.71,4373.0,4194.74,-0.983798,0.0,0.17928
2731.71,4373.0,4194.74,-0.983798,0.0,0.17928
2726.53,4342.0,4166.28,-0.983798,0.0,0.17928
2731.71,4342.0,4194.74,-0.983798,0.0,0.17928
2731.71,4373.0,4194.74,-0.960151,0.0,0.27948
2731.71,4342.0,4194.74,-0.960151,0.0,0.27948
2739.8,4373.0,4222.52,-0.960151,0.0,0.27948
2739.8,4373.0,4222.52,-0.960151,0.0,0.27948
2731.71,4342.0,4194.74,-0.960151,0.0,0.27948
2739.8,4342.0,4222.52,-0.960151,0.0,0.27948
2739.8,4373.0,4222.52,-0.926325,0.0,0.376724
2739.8,4342.0,4222.52,-0.926325,0.0,0.376724
2750.7,4373.0,4249.32,-0.926325,0.0,0.376724
2750.7,4373.0,4249.32,-0.926325,0.0,0.376724
2739.8,4342.0,4222.52,-0.926325,0.0,0.376724
2750.7,4342.0,4249.32,-0.926325,0.0,0.376724
2750.7,4373.0,4249.32,-0.882674,0.0,0.469986
2750.7,4342.0,4249.32,-0.882674,0.0,0.469986
2764.29,4373.0,4274.86,-0.882674,0.0,0.469986
2764.29,4373.0,4274.86,-0.882674,0.0,0.469986
2750.7,4342.0,4249.32,-0.882674,0.0,0.469986
2764.29,4342.0,4274.86,-0.882674,0.0,0.469986
2764.29,4373.0,4274.86,-0.82968,0.0,0.558239
2764.29,4342.0,4274.86,-0.82968,0.0,0.558239
2780.45,4373.0,4298.86,-0.82968,0.0,0.558239
2780.45,4373.0,4298.86,-0.82968,0.0,0.558239
2764.29,4342.0,4274.86,-0.82968,0.0,0.558239
2780.45,4342.0,4298.86,-0.82968,0.0,0.558239
2780.45,4373.0,4298.86,-0.767881,0.0,0.640593
2780.45,4342.0,4298.86,-0.767881,0.0,0.640593
2798.98,4373.0,4321.08,-0.767881,0.0,0.640593
2798.98,4373.0,4321.08,-0.767881,0.0,0.640593
2780.45,4342.0,4298.86,-0.767881,0.0,0.640593
2798.98,4342.0,4321.08,-0.767881,0.0,0.640593
2798.98,4373.0,4321.08,-0.697951,0.0,0.716145
2798.98,4342.0,4321.08,-0.697951,0.0,0.716145
2819.7,4373.0,4341.27,-0.697951,0.0,0.716145
2819.7,4373.0,4341.27,-0.697951,0.0,0.716145
2798.98,4342.0,4321.08,-0.697951,0.0,0.716145
2819.7,4342.0,4341.27,-0.697951,0.0,0.716145
2819.7,4373.0,4341.27,-0.620601,0.0,0.784127
2819.7,4342.0,4341.27,-0.620601,0.0,0.784127
2842.38,4373.0,4359.22,-0.620601,0.0,0.784127
2842.38,4373.0,4359.22,-0.620601,0.0,0.784127
2819.7,4342.0,4341.27,-0.620601,0.0,0.784127
2842.38,4342.0,4359.22,-0.620601,0.0,0.784127
2842.38,4373.0,4359.22,-0.536695,0.0,0.843776
2842.38,4342.0,4359.22,-0.536695,0.0,0.843776
2866.79,4373.0,4374.75,-0.536695,0.0,0.843776
2866.79,4373.0,4374.75,-0.536695,0.0,0.843776
2842.38,4342.0,4359.22,-0.536695,0.0,0.843776
2866.79,4342.0,4374.75,-0.536695,0.0,0.843776
2866.79,4373.0,4374.75,-0.447099,0.0,0.894485
2866.79,4342.0,4374.75,-0.447099,0.0,0.894485
2892.67,4373.0,4387.69,-0.447099,0.0,0.894485
2892.67,4373.0,4387.69,-0.447099,0.0,0.894485
2866.79,4342.0,4374.75,-0.447099,0.0,0.894485
2892.67,4342.0,4387.69,-0.447099,0.0,0.894485
2892.67,4373.0,4387.69,-0.352754,0.0,0.935716
2892.67,4342.0,4387.69,-0.352754,0.0,0.935716
2919.74,4373.0,4397.89,-0.352754,0.0,0.935716
2919.74,4373.0,4397.89,-0.352754,0.0,0.935716
2892.67,4342.0,4387.69,-0.352754,0.0,0.935716
2919.74,4342.0,4397.89,-0.352754,0.0,0.935716
2919.74,4373.0,4397.89,-0.254682,0.0,0.967025
2919.74,4342.0,4397.89,-0.254682,0.0,0.967025
2947.72,4373.0,4405.26,-0.254682,0.0,0.967025
2947.72,4373.0,4405.26,-0.254682,0.0,0.967025
2919.74,4342.0,4397.89,-0.254682,0.0,0.967025
2947.72,4342.0,4405.26,-0.254682,0.0,0.967025
2947.72,4373.0,4405.26,-0.153887,0.0,0.988088
2947.72,4342.0,4405.26,-0.153887,0.0,0.988088
2976.31,4373.0,4409.71,-0.153887,0.0,0.988088
2976.31,4373.0,4409.71,-0.153887,0.0,0.988088
2947.72,4342.0,4405.26,-0.153887,0.0,0.988088
2976.31,4342.0,4409.71,-0.153887,0.0,0.988088
2976.31,4373.0,4409.71,-0.0514763,0.0,0.998674
2976.31,4342.0,4409.71,-0.0514763,0.0,0.998674
3005.2,4373.0,4411.2,-0.0514763,0.0,0.998674
3005.2,4373.0,4411.2,-0.0514763,0.0,0.998674
2976.31,4342.0,4409.71,-0.0514763,0.0,0.998674
3005.2,4342.0,4411.2,-0.0514763,0.0,0.998674
3005.2,4373.0,4411.2,0.0514759,0.0,0.998674
3005.2,4342.0,4411.2,0.0514759,0.0,0.998674
3034.09,4373.0,4409.71,0.0514759,0.0,0.998674
3034.09,4373.0,4409.71,0.0514759,0.0,0.998674
3005.2,4342.0,4411.2,0.0514759,0.0,0.998674
3034.09,4342.0,4409.71,0.0514759,0.0,0.998674
3024.28,4298.0,4253.73,-0.227847,0.0,-0.973697
3024.28,4373.0,4253.73,-0.227847,0.0,-0.973697
3042.92,4298.0,4249.37,-0.227847,0.0,-0.973697
3042.92,4298.0,4249.37,-0.227847,0.0,-0.973697
3024.28,4373.0,4253.73,-0.227847,0.0,-0.973697
3042.92,4373.0,4249.37,-0.227847,0.0,-0.973697
3042.92,4298.0,4249.37,-0.373818,0.0,-0.927502
3042.92,4373.0,4249.37,-0.373818,0.0,-0.927502
3060.66,4298.0,4242.22,-0.373818,0.0,-0.927502
3060.66,4298.0,4242.22,-0.373818,0.0,-0.927502
3042.92,4373.0,4249.37,-0.373818,0.0,-0.927502
3060.66,4373.0,4242.22,-0.373818,0.0,-0.927502
3060.66,4298.0,4242.22,-0.511026,0.0,-0.859565
3060.66,4373.0,4242.22,-0.511026,0.0,-0.859565
3077.11,4298.0,4232.44,-0.511026,0.0,-0.859565
3077.11,4298.0,4232.44,-0.511026,0.0,-0.859565
3060.66,4373.0,4242.22,-0.511026,0.0,-0.859565
3077.11,4373.0,4232.44,-0.511026,0.0,-0.859565
3077.11,4298.0,4232.44,-0.636217,0.0,-0.77151
3077.11,4373.0,4232.44,-0.636217,0.0,-0.77151
3091.88,4298.0,4220.27,-0.636217,0.0,-0.77151
3091.88,4298.0,4220.27,-0.636217,0.0,-0.77151
3077.11,4373.0,4232.44,-0.636217,0.0,-0.77151
3091.88,4373.0,4220.27,-0.636217,0.0,-0.77151
3091.88,4298.0,4220.27,-0.746558,0.0,-0.66532
3091.88,4373.0,4220.27,-0.746558,0.0,-0.66532
3104.61,4298.0,4205.98,-0.746558,0.0,-0.66532
3104.61,4298.0,4205.98,-0.746558,0.0,-0.66532
3091.88,4373.0,4220.27,-0.746558,0.0,-0.66532
3104.61,4373.0,4205.98,-0.746558,0.0,-0.66532
3104.61,4298.0,4205.98,-0.839366,0.0,-0.543567
3104.61,4373.0,4205.98,-0.839366,0.0,-0.543567
3115.01,4298.0,4189.92,-0.839366,0.0,-0.543567
3115.01,4298.0,4189.92,-0.839366,0.0,-0.543567
3104.61,4373.0,4205.98,-0.839366,0.0,-0.543567
3115.01,4373.0,4189.92,-0.839366,0.0,-0.543567
3115.01,4298.0,4189.92,-0.912506,0.0,-0.409064
3115.01,4373.0,4189.92,-0.912506,0.0,-0.409064
3122.84,4298.0,4172.45,-0.912506,0.0,-0.409064
3122.84,4298.0,4172.45,-0.912506,0.0,-0.409064
3115.01,4373.0,4189.92,-0.912506,0.0,-0.409064
3122.84,4373.0,4172.45,-0.912506,0.0,-0.409064
3122.84,4298.0,4172.45,-0.964253,0.0,-0.264983
3122.84,4373.0,4172.45,-0.964253,0.0,-0.264983
3127.91,4298.0,4154.0,-0.964253,0.0,-0.264983
3127.91,4298.0,4154.0,-0.964253,0.0,-0.264983
3122.84,4373.0,4172.45,-0.964253,0.0,-0.264983
3127.91,4373.0,4154.0,-0.964253,0.0,-0.264983
3127.91,4298.0,4154.0,-0.993402,0.0,-0.114687
3127.91,4373.0,4154.0,-0.993402,0.0,-0.114687
3130.11,4298.0,4134.99,-0.993402,0.0,-0.114687
3130.11,4298.0,4134.99,-0.993402,0.0,-0.114687
3127.91,4373.0,4154.0,-0.993402,0.0,-0.114687
3130.11,4373.0,4134.99,-0.993402,0.0,-0.114687
3130.11,4298.0,4134.99,-0.999266,0.0,0.0383106
3130.11,4373.0,4134.99,-0.999266,0.0,0.0383106
3129.38,4298.0,4115.86,-0.999266,0.0,0.0383106
3129.38,4298.0,4115.86,-0.999266,0.0,0.0383106
3130.11,4373.0,4134.99,-0.999266,0.0,0.0383106
3129.38,4373.0,4115.86,-0.999266,0.0,0.0383106
3129.38,4298.0,4115.86,-0.981709,0.0,0.190387
3129.38,4373.0,4115.86,-0.981709,0.0,0.190387
3125.73,4298.0,4097.08,-0.981709,0.0,0.190387
3125.73,4298.0,4097.08,-0.981709,0.0,0.190387
3129.38,4373.0,4115.86,-0.981709,0.0,0.190387
3125.73,4373.0,4097.08,-0.981709,0.0,0.190387
3125.73,4298.0,4097.08,-0.94114,0.0,0.338016
3125.73,4373.0,4097.08,-0.94114,0.0,0.338016
3119.26,4298.0,4079.07,-0.94114,0.0,0.338016
3119.26,4298.0,4079.07,-0.94114,0.0,0.338016
3125.73,4373.0,4097.08,-0.94114,0.0,0.338016
3119.26,4373.0,4079.07,-0.94114,0.0,0.338016
3119.26,4298.0,4079.07,-0.878515,0.0,0.477715
3119.26,4373.0,4079.07,-0.878515,0.0,0.477715
3110.12,4298.0,4062.25,-0.878515,0.0,0.477715
3110.12,4298.0,4062.25,-0.878515,0.0,0.477715
3119.26,4373.0,4079.07,-0.878515,0.0,0.477715
3110.12,4373.0,4062.25,-0.878515,0.0,0.477715
3110.12,4298.0,4062.25,-0.795285,0.0,0.606236
3110.12,4373.0,4062.25,-0.795285,0.0,0.606236
3098.52,4298.0,4047.03,-0.795285,0.0,0.606236
3098.52,4298.0,4047.03,-0.795285,0.0,0.606236
3110.12,4373.0,4062.25,-0.795285,0.0,0.606236
3098.52,4373.0,4047.03,-0.795285,0.0,0.606236
3098.52,4298.0,4047.03,-0.693435,0.0,0.720519
3098.52,4373.0,4047.03,-0.693435,0.0,0.720519
3084.73,4298.0,4033.76,-0.693435,0.0,0.720519
3084.73,4298.0,4033.76,-0.693435,0.0,0.720519
3098.52,4373.0,4047.03,-0.693435,0.0,0.720519
3084.73,4373.0,4033.76,-0.693435,0.0,0.720519
3084.73,4298.0,4033.76,-0.575317,0.0,0.81793
3084.73,4373.0,4033.76,-0.575317,0.0,0.81793
3069.08,4298.0,4022.75,-0.575317,0.0,0.81793
3069.08,4298.0,4022.75,-0.575317,0.0,0.81793
3084.73,4373.0,4033.76,-0.575317,0.0,0.81793
3069.08,4373.0,4022.75,-0.575317,0.0,0.81793
3069.08,4298.0,4022.75,-0.443715,0.0,0.896168
3069.08,4373.0,4022.75,-0.443715,0.0,0.896168
3051.93,4298.0,4014.26,-0.443715,0.0,0.896168
3051.93,4298.0,4014.26,-0.443715,0.0,0.896168
3069.08,4373.0,4022.75,-0.443715,0.0,0.896168
3051.93,4373.0,4014.26,-0.443715,0.0,0.896168
3051.93,4298.0,4014.26,-0.301713,0.0,0.953399
3051.93,4373.0,4014.26,-0.301713,0.0,0.953399
3033.68,4298.0,4008.49,-0.301713,0.0,0.953399
3033.68,4298.0,4008.49,-0.301713,0.0,0.953399
3051.93,4373.0,4014.26,-0.301713,0.0,0.953399
3033.68,4373.0,4008.49,-0.301713,0.0,0.953399
3033.68,4298.0,4008.49,-0.152666,0.0,0.988278
3033.68,4373.0,4008.49,-0.152666,0.0,0.988278
3014.77,4298.0,4005.57,-0.152666,0.0,0.988278
3014.77,4298.0,4005.57,-0.152666,0.0,0.988278
3033.68,4373.0,4008.49,-0.152666,0.0,0.988278
3014.77,4373.0,4005.57,-0.152666,0.0,0.988278
3014.77,4298.0,4005.57,0.0,0.0,1.0
3014.77,4373.0,4005.57,0.0,0.0,1.0
2995.63,4298.0,4005.57,0.0,0.0,1.0
2995.63,4298.0,4005.57,0.0,0.0,1.0
3014.77,4373.0,4005.57,0.0,0.0,1.0
2995.63,4373.0,4005.57,0.0,0.0,1.0
2995.63,4298.0,4005.57,0.152668,0.0,0.988278
2995.63,4373.0,4005.57,0.152668,0.0,0.988278
2976.72,4298.0,4008.49,0.152668,0.0,0.988278
2976.72,4298.0,4008.49,0.152668,0.0,0.988278
2995.63,4373.0,4005.57,0.152668,0.0,0.988278
2976.72,4373.0,4008.49,0.152668,0.0,0.988278
2976.72,4298.0,4008.49,0.301709,0.0,0.9534
2976.72,4373.0,4008.49,0.301709,0.0,0.9534
2958.47,4298.0,4014.26,0.301709,0.0,0.9534
2958.47,4298.0,4014.26,0.301709,0.0,0.9534
2976.72,4373.0,4008.49,0.301709,0.0,0.9534
2958.47,4373.0,4014.26,0.301709,0.0,0.9534
2958.47,4298.0,4014.26,0.44371,0.0,0.896171
2958.47,4373.0,4014.26,0.44371,0.0,0.896171
2941.32,4298.0,4022.75,0.44371,0.0,0.896171
2941.32,4298.0,4022.75,0.44371,0.0,0.896171
2958.47,4373.0,4014.26,0.44371,0.0,0.896171
2941.32,4373.0,4022.75,0.44371,0.0,0.896171
2941.32,4298.0,4022.75,0.575329,0.0,0.817922
2941.32,4373.0,4022.75,0.575329,0.0,0.817922
2925.67,4298.0,4033.76,0.575329,0.0,0.817922
2925.67,4298.0,4033.76,0.575329,0.0,0.817922
2941.32,4373.0,4022.75,0.575329,0.0,0.817922
2925.67,4373.0,4033.76,0.575329,0.0,0.817922
2925.67,4298.0,4033.76,0.693422,0.0,0.720531
2925.67,4373.0,4033.76,0.693422,0.0,0.720531
2911.88,4298.0,4047.03,0.693422,0.0,0.720531
2911.88,4298.0,4047.03,0.693422,0.0,0.720531
2925.67,4373.0,4033.76,0.693422,0.0,0.720531
2911.88,4373.0,4047.03,0.693422,0.0,0.720531
2911.88,4298.0,4047.03,0.795297,0.0,0.60622
2911.88,4373.0,4047.03,0.795297,0.0,0.60622
2900.28,4298.0,4062.25,0.795297,0.0,0.60622
2900.28,4298.0,4062.25,0.795297,0.0,0.60622
2911.88,4373.0,4047.03,0.795297,0.0,0.60622
2900.28,4373.0,4062.25,0.795297,0.0,0.60622
2900.28,4298.0,4062.25,0.878515,0.0,0.477715
2900.28,4373.0,4062.25,0.878515,0.0,0.477715
2891.14,4298.0,4079.07,0.878515,0.0,0.477715
2891.14,4298.0,4079.07,0.878515,0.0,0.477715
2900.28,4373.0,4062.25,0.878515,0.0,0.477715
2891.14,4373.0,4079.07,0.878515,0.0,0.477715
2891.14,4298.0,4079.07,0.94114,0.0,0.338016
2891.14,4373.0,4079.07,0.94114,0.0,0.338016
2884.67,4298.0,4097.08,0.94114,0.0,0.338016
2884.67,4298.0,4097.08,0.94114,0.0,0.338016
2891.14,4373.0,4079.07,0.94114,0.0,0.338016
2884.67,4373.0,4097.08,0.94114,0.0,0.338016
2884.67,4298.0,4097.08,0.981709,0.0,0.190387
2884.67,4373.0,4097.08,0.981709,0.0,0.190387
2881.02,4298.0,4115.86,0.981709,0.0,0.190387
2881.02,4298.0,4115.86,0.981709,0.0,0.190387
2884.67,4373.0,4097.08,0.981709,0.0,0.190387
2881.02,4373.0,4115.86,0.981709,0.0,0.190387
2881.02,4298.0,4115.86,0.999266,0.0,0.0383106
2881.02,4373.0,4115.86,0.999266,0.0,0.0383106
2880.29,4298.0,4134.99,0.999266,0.0,0.0383106
2880.29,4298.0,4134.99,0.999266,0.0,0.0383106
2881.02,4373.0,4115.86,0.999266,0.0,0.0383106
2880.29,4373.0,4134.99,0.999266,0.0,0.0383106
2880.29,4298.0,4134.99,0.993403,0.0,-0.114674
2880.29,4373.0,4134.99,0.993403,0.0,-0.114674
2882.49,4298.0,4154.0,0.993403,0.0,-0.114674
2882.49,4298.0,4154.0,0.993403,0.0,-0.114674
2880.29,4373.0,4134.99,0.993403,0.0,-0.114674
2882.49,4373.0,4154.0,0.993403,0.0,-0.114674
2882.49,4298.0,4154.0,0.96425,0.0,-0.264995
2882.49,4373.0,4154.0,0.96425,0.0,-0.264995
2887.56,4298.0,4172.45,0.96425,0.0,-0.264995
2887.56,4298.0,4172.45,0.96425,0.0,-0.264995
2882.49,4373.0,4154.0,0.96425,0.0,-0.264995
2887.56,4373.0,4172.45,0.96425,0.0,-0.264995
2887.56,4298.0,4172.45,0.912506,0.0,-0.409064
2887.56,4373.0,4172.45,0.912506,0.0,-0.409064
2895.39,4298.0,4189.92,0.912506,0.0,-0.409064
2895.39,4298.0,4189.92,0.912506,0.0,-0.409064
2887.56,4373.0,4172.45,0.912506,0.0,-0.409064
2895.39,4373.0,4189.92,0.912506,0.0,-0.409064
2895.39,4298.0,4189.92,0.839372,0.0,-0.543558
2895.39,4373.0,4189.92,0.839372,0.0,-0.543558
2905.79,4298.0,4205.98,0.839372,0.0,-0.543558
2905.79,4298.0,4205.98,0.839372,0.0,-0.543558
2895.39,4373.0,4189.92,0.839372,0.0,-0.543558
2905.79,4373.0,4205.98,0.839372,0.0,-0.543558
2905.79,4298.0,4205.98,0.746552,0.0,-0.665327
2905.79,4373.0,4205.98,0.746552,0.0,-0.665327
2918.52,4298.0,4220.27,0.746552,0.0,-0.665327
2918.52,4298.0,4220.27,0.746552,0.0,-0.665327
2905.79,4373.0,4205.98,0.746552,0.0,-0.665327
2918.52,4373.0,4220.27,0.746552,0.0,-0.665327
2918.52,4298.0,4220.27,0.636223,0.0,-0.771505
2918.52,4373.0,4220.27,0.636223,0.0,-0.771505
2933.29,4298.0,4232.44,0.636223,0.0,-0.771505
2933.29,4298.0,4232.44,0.636223,0.0,-0.771505
2918.52,4373.0,4220.27,0.636223,0.0,-0.771505
2933.29,4373.0,4232.44,0.636223,0.0,-0.771505
2933.29,4298.0,4232.44,0.511032,0.0,-0.859562
2933.29,4373.0,4232.44,0.511032,0.0,-0.859562
2949.73,4298.0,4242.22,0.511032,0.0,-0.859562
2949.73,4298.0,4242.22,0.511032,0.0,-0.859562
2933.29,4373.0,4232.44,0.511032,0.0,-0.859562
2949.73,4373.0,4242.22,0.511032,0.0,-0.859562
2949.73,4298.0,4242.22,0.373813,0.0,-0.927504
2949.73,4373.0,4242.22,0.373813,0.0,-0.927504
2967.48,4298.0,4249.37,0.373813,0.0,-0.927504
2967.48,4298.0,4249.37,0.373813,0.0,-0.927504
2949.73,4373.0,4242.22,0.373813,0.0,-0.927504
2967.48,4373.0,4249.37,0.373813,0.0,-0.927504
2967.48,4298.0,4249.37,0.227845,0.0,-0.973698
2967.48,4373.0,4249.37,0.227845,0.0,-0.973698
2986.12,4298.0,4253.73,0.227845,0.0,-0.973698
2986.12,4298.0,4253.73,0.227845,0.0,-0.973698
2967.48,4373.0,4249.37,0.227845,0.0,-0.973698
2986.12,4373.0,4253.73,0.227845,0.0,-0.973698
2986.12,4298.0,4253.73,0.0765443,0.0,-0.997066
2986.12,4373.0,4253.73,0.0765443,0.0,-0.997066
3005.2,4298.0,4255.2,0.0765443,0.0,-0.997066
3005.2,4298.0,4255.2,0.0765443,0.0,-0.997066
2986.12,4373.0,4253.73,0.0765443,0.0,-0.997066
3005.2,4373.0,4255.2,0.0765443,0.0,-0.997066
3005.2,4298.0,4255.2,-0.0765433,0.0,-0.997066
3005.2,4373.0,4255.2,-0.0765433,0.0,-0.997066
3024.28,4298.0,4253.73,-0.0765433,0.0,-0.997066
3024.28,4298.0,4253.73,-0.0765433,0.0,-0.997066
3005.2,4373.0,4255.2,-0.0765433,0.0,-0.997066
3024.28,4373.0,4253.73,-0.0765433,0.0,-0.997066
2967.48,4373.0,4249.37,0.0,1.0,0.0
2947.72,4373.0,4405.26,0.0,1.0,0.0
2986.12,4373.0,4253.73,0.0,1.0,0.0
2986.12,4373.0,4253.73,0.0,1.0,0.0
2947.72,4373.0,4405.26,0.0,1.0,0.0
2976.31,4373.0,4409.71,0.0,1.0,0.0
2986.12,4373.0,4253.73,0.0,1.0,0.0
2976.31,4373.0,4409.71,0.0,1.0,0.0
3005.2,4373.0,4255.2,0.0,1.0,0.0
3005.2,4373.0,4255.2,0.0,1.0,0.0
2976.31,4373.0,4409.71,0.0,1.0,0.0
3005.2,4373.0,4411.2,0.0,1.0,0.0
3005.2,4373.0,4255.2,0.0,1.0,0.0
3005.2,4373.0,4411.2,0.0,1.0,0.0
3024.28,4373.0,4253.73,0.0,1.0,0.0
3005.2,4373.0,4411.2,0.0,1.0,0.0
3034.09,4373.0,4409.71,0.0,1.0,0.0
3024.28,4373.0,4253.73,0.0,1.0,0.0
3024.28,4373.0,4253.73,0.0,1.0,0.0
3034.09,4373.0,4409.71,0.0,1.0,0.0
3062.68,4373.0,4405.26,0.0,1.0,0.0
3024.28,4373.0,4253.73,0.0,1.0,0.0
3062.68,4373.0,4405.26,0.0,1.0,0.0
3042.92,4373.0,4249.37,0.0,1.0,0.0
3042.92,4373.0,4249.37,0.0,1.0,0.0
3062.68,4373.0,4405.26,0.0,1.0,0.0
3090.66,4373.0,4397.89,0.0,1.0,0.0
3042.92,4373.0,4249.37,0.0,1.0,0.0
3090.66,4373.0,4397.89,0.0,1.0,0.0
3060.66,4373.0,4242.22,0.0,1.0,0.0
2933.29,4373.0,4232.44,0.0,1.0,0.0
2866.79,4373.0,4374.75,0.0,1.0,0.0
2949.73,4373.0,4242.22,0.0,1.0,0.0
2949.73,4373.0,4242.22,0.0,1.0,0.0
2866.79,4373.0,4374.75,0.0,1.0,0.0
2892.67,4373.0,4387.69,0.0,1.0,0.0
2949.73,4373.0,4242.22,0.0,1.0,0.0
2892.67,4373.0,4387.69,0.0,1.0,0.0
2967.48,4373.0,4249.37,0.0,1.0,0.0
2967.48,4373.0,4249.37,0.0,1.0,0.0
2892.67,4373.0,4387.69,0.0,1.0,0.0
2919.74,4373.0,4397.89,0.0,1.0,0.0
2967.48,4373.0,4249.37,0.0,1.0,0.0
2919.74,4373.0,4397.89,0.0,1.0,0.0
2947.72,4373.0,4405.26,0.0,1.0,0.0
2905.79,4373.0,4205.98,0.0,1.0,0.0
2798.98,4373.0,4321.08,0.0,1.0,0.0
2918.52,4373.0,4220.27,0.0,1.0,0.0
2918.52,4373.0,4220.27,0.0,1.0,0.0
2798.98,4373.0,4321.08,0.0,1.0,0.0
2819.7,4373.0,4341.27,0.0,1.0,0.0
2918.52,4373.0,4220.27,0.0,1.0,0.0
2819.7,4373.0,4341.27,0.0,1.0,0.0
2933.29,4373.0,4232.44,0.0,1.0,0.0
2933.29,4373.0,4232.44,0.0,1.0,0.0
2819.7,4373.0,4341.27,0.0,1.0,0.0
2842.38,4373.0,4359.22,0.0,1.0,0.0
2933.29,4373.0,4232.44,0.0,1.0,0.0
2842.38,4373.0,4359.22,0.0,1.0,0.0
2866.79,4373.0,4374.75,0.0,1.0,0.0
2887.56,4373.0,4172.45,0.0,1.0,0.0
2750.7,4373.0,4249.32,0.0,1.0,0.0
2895.39,4373.0,4189.92,0.0,1.0,0.0
2895.39,4373.0,4189.92,0.0,1.0,0.0
2750.7,4373.0,4249.32,0.0,1.0,0.0
2764.29,4373.0,4274.86,0.0,1.0,0.0
2895.39,4373.0,4189.92,0.0,1.0,0.0
2764.29,4373.0,4274.86,0.0,1.0,0.0
2905.79,4373.0,4205.98,0.0,1.0,0.0
2905.79,4373.0,4205.98,0.0,1.0,0.0
2764.29,4373.0,4274.86,0.0,1.0,0.0
2780.45,4373.0,4298.86,0.0,1.0,0.0
2905.79,4373.0,4205.98,0.0,1.0,0.0
2780.45,4373.0,4298.86,0.0,1.0,0.0
2798.98,4373.0,4321.08,0.0,1.0,0.0
2880.29,4373.0,4134.99,0.0,1.0,0.0
2726.53,4373.0,4166.28,0.0,1.0,0.0
2882.49,4373.0,4154.0,0.0,1.0,0.0
2882.49,4373.0,4154.0,0.0,1.0,0.0
2726.53,4373.0,4166.28,0.0,1.0,0.0
2731.71,4373.0,4194.74,0.0,1.0,0.0
2882.49,4373.0,4154.0,0.0,1.0,0.0
2731.71,4373.0,4194.74,0.0,1.0,0.0
2887.56,4373.0,4172.45,0.0,1.0,0.0
2887.56,4373.0,4172.45,0.0,1.0,0.0
2731.71,4373.0,4194.74,0.0,1.0,0.0
2739.8,4373.0,4222.52,0.0,1.0,0.0
2887.56,4373.0,4172.45,0.0,1.0,0.0
2739.8,4373.0,4222.52,0.0,1.0,0.0
2750.7,4373.0,4249.32,0.0,1.0,0.0
2884.67,4373.0,4097.08,0.0,1.0,0.0
2728.75,4373.0,4079.82,0.0,1.0,0.0
2881.02,4373.0,4115.86,0.0,1.0,0.0
2881.02,4373.0,4115.86,0.0,1.0,0.0
2728.75,4373.0,4079.82,0.0,1.0,0.0
2725.04,4373.0,4108.51,0.0,1.0,0.0
2881.02,4373.0,4115.86,0.0,1.0,0.0
2725.04,4373.0,4108.51,0.0,1.0,0.0
2880.29,4373.0,4134.99,0.0,1.0,0.0
2880.29,4373.0,4134.99,0.0,1.0,0.0
2725.04,4373.0,4108.51,0.0,1.0,0.0
2724.29,4373.0,4137.44,0.0,1.0,0.0
2880.29,4373.0,4134.99,0.0,1.0,0.0
2724.29,4373.0,4137.44,0.0,1.0,0.0
2726.53,4373.0,4166.28,0.0,1.0,0.0
2900.28,4373.0,4062.25,0.0,1.0,0.0
2757.17,4373.0,3998.14,0.0,1.0,0.0
2891.14,4373.0,4079.07,0.0,1.0,0.0
2891.14,4373.0,4079.07,0.0,1.0,0.0
2757.17,4373.0,3998.14,0.0,1.0,0.0
2744.9,4373.0,4024.34,0.0,1.0,0.0
2891.14,4373.0,4079.07,0.0,1.0,0.0
2744.9,4373.0,4024.34,0.0,1.0,0.0
2884.67,4373.0,4097.08,0.0,1.0,0.0
2884.67,4373.0,4097.08,0.0,1.0,0.0
2744.9,4373.0,4024.34,0.0,1.0,0.0
2735.4,4373.0,4051.66,0.0,1.0,0.0
2884.67,4373.0,4097.08,0.0,1.0,0.0
2735.4,4373.0,4051.66,0.0,1.0,0.0
2728.75,4373.0,4079.82,0.0,1.0,0.0
3098.52,4373.0,4047.03,0.0,1.0,0.0
3201.32,4373.0,3928.96,0.0,1.0,0.0
3084.73,4373.0,4033.76,0.0,1.0,0.0
3084.73,4373.0,4033.76,0.0,1.0,0.0
3201.32,4373.0,3928.96,0.0,1.0,0.0
3179.59,4373.0,3909.86,0.0,1.0,0.0
3084.73,4373.0,4033.76,0.0,1.0,0.0
3179.59,4373.0,3909.86,0.0,1.0,0.0
3069.08,4373.0,4022.75,0.0,1.0,0.0
3090.66,4373.0,4397.89,0.0,1.0,0.0
3117.73,4373.0,4387.69,0.0,1.0,0.0
3060.66,4373.0,4242.22,0.0,1.0,0.0
3060.66,4373.0,4242.22,0.0,1.0,0.0
3117.73,4373.0,4387.69,0.0,1.0,0.0
3143.61,4373.0,4374.75,0.0,1.0,0.0
3060.66,4373.0,4242.22,0.0,1.0,0.0
3143.61,4373.0,4374.75,0.0,1.0,0.0
3077.11,4373.0,4232.44,0.0,1.0,0.0
3077.11,4373.0,4232.44,0.0,1.0,0.0
3143.61,4373.0,4374.75,0.0,1.0,0.0
3168.02,4373.0,4359.22,0.0,1.0,0.0
3077.11,4373.0,4232.44,0.0,1.0,0.0
3168.02,4373.0,4359.22,0.0,1.0,0.0
3091.88,4373.0,4220.27,0.0,1.0,0.0
2925.67,4373.0,4033.76,0.0,1.0,0.0
2809.08,4373.0,3928.96,0.0,1.0,0.0
2911.88,4373.0,4047.03,0.0,1.0,0.0
2911.88,4373.0,4047.03,0.0,1.0,0.0
2809.08,4373.0,3928.96,0.0,1.0,0.0
2789.43,4373.0,3950.19,0.0,1.0,0.0
2911.88,4373.0,4047.03,0.0,1.0,0.0
2789.43,4373.0,3950.19,0.0,1.0,0.0
2900.28,4373.0,4062.25,0.0,1.0,0.0
2900.28,4373.0,4062.25,0.0,1.0,0.0
2789.43,4373.0,3950.19,0.0,1.0,0.0
2772.06,4373.0,3973.33,0.0,1.0,0.0
2900.28,4373.0,4062.25,0.0,1.0,0.0
2772.06,4373.0,3973.33,0.0,1.0,0.0
2757.17,4373.0,3998.14,0.0,1.0,0.0
2958.47,4373.0,4014.26,0.0,1.0,0.0
2879.57,4373.0,3878.85,0.0,1.0,0.0
2941.32,4373.0,4022.75,0.0,1.0,0.0
2941.32,4373.0,4022.75,0.0,1.0,0.0
2879.57,4373.0,3878.85,0.0,1.0,0.0
2854.39,4373.0,3893.1,0.0,1.0,0.0
2941.32,4373.0,4022.75,0.0,1.0,0.0
2854.39,4373.0,3893.1,0.0,1.0,0.0
2925.67,4373.0,4033.76,0.0,1.0,0.0
2925.67,4373.0,4033.76,0.0,1.0,0.0
2854.39,4373.0,3893.1,0.0,1.0,0.0
2830.81,4373.0,3909.86,0.0,1.0,0.0
2925.67,4373.0,4033.76,0.0,1.0,0.0
2830.81,4373.0,3909.86,0.0,1.0,0.0
2809.08,4373.0,3928.96,0.0,1.0,0.0
2995.63,4373.0,4005.57,0.0,1.0,0.0
2961.96,4373.0,3852.55,0.0,1.0,0.0
2976.72,4373.0,4008.49,0.0,1.0,0.0
2976.72,4373.0,4008.49,0.0,1.0,0.0
2961.96,4373.0,3852.55,0.0,1.0,0.0
2933.64,4373.0,3858.47,0.0,1.0,0.0
2976.72,4373.0,4008.49,0.0,1.0,0.0
2933.64,4373.0,3858.47,0.0,1.0,0.0
2958.47,4373.0,4014.26,0.0,1.0,0.0
2958.47,4373.0,4014.26,0.0,1.0,0.0
2933.64,4373.0,3858.47,0.0,1.0,0.0
2906.08,4373.0,3867.26,0.0,1.0,0.0
2958.47,4373.0,4014.26,0.0,1.0,0.0
2906.08,4373.0,3867.26,0.0,1.0,0.0
2879.57,4373.0,3878.85,0.0,1.0,0.0
3179.59,4373.0,3909.86,0.0,1.0,0.0
3156.01,4373.0,3893.1,0.0,1.0,0.0
3069.08,4373.0,4022.75,0.0,1.0,0.0
3069.08,4373.0,4022.75,0.0,1.0,0.0
3156.01,4373.0,3893.1,0.0,1.0,0.0
3130.83,4373.0,3878.85,0.0,1.0,0.0
3069.08,4373.0,4022.75,0.0,1.0,0.0
3130.83,4373.0,3878.85,0.0,1.0,0.0
3051.93,4373.0,4014.26,0.0,1.0,0.0
3051.93,4373.0,4014.26,0.0,1.0,0.0
3130.83,4373.0,3878.85,0.0,1.0,0.0
3104.32,4373.0,3867.26,0.0,1.0,0.0
3051.93,4373.0,4014.26,0.0,1.0,0.0
3104.32,4373.0,3867.26,0.0,1.0,0.0
3033.68,4373.0,4008.49,0.0,1.0,0.0
3119.26,4373.0,4079.07,0.0,1.0,0.0
3253.23,4373.0,3998.14,0.0,1.0,0.0
3110.12,4373.0,4062.25,0.0,1.0,0.0
3110.12,4373.0,4062.25,0.0,1.0,0.0
3253.23,4373.0,3998.14,0.0,1.0,0.0
3238.34,4373.0,3973.33,0.0,1.0,0.0
3110.12,4373.0,4062.25,0.0,1.0,0.0
3238.34,4373.0,3973.33,0.0,1.0,0.0
3098.52,4373.0,4047.03,0.0,1.0,0.0
3098.52,4373.0,4047.03,0.0,1.0,0.0
3238.34,4373.0,3973.33,0.0,1.0,0.0
3220.97,4373.0,3950.19,0.0,1.0,0.0
3098.52,4373.0,4047.03,0.0,1.0,0.0
3220.97,4373.0,3950.19,0.0,1.0,0.0
3201.32,4373.0,3928.96,0.0,1.0,0.0
3129.38,4373.0,4115.86,0.0,1.0,0.0
3281.65,4373.0,4079.82,0.0,1.0,0.0
3125.73,4373.0,4097.08,0.0,1.0,0.0
3125.73,4373.0,4097.08,0.0,1.0,0.0
3281.65,4373.0,4079.82,0.0,1.0,0.0
3275.0,4373.0,4051.66,0.0,1.0,0.0
3125.73,4373.0,4097.08,0.0,1.0,0.0
3275.0,4373.0,4051.66,0.0,1.0,0.0
3119.26,4373.0,4079.07,0.0,1.0,0.0
3119.26,4373.0,4079.07,0.0,1.0,0.0
3275.0,4373.0,4051.66,0.0,1.0,0.0
3265.5,4373.0,4024.34,0.0,1.0,0.0
3119.26,4373.0,4079.07,0.0,1.0,0.0
3265.5,4373.0,4024.34,0.0,1.0,0.0
3253.23,4373.0,3998.14,0.0,1.0,0.0
3127.91,4373.0,4154.0,0.0,1.0,0.0
3283.87,4373.0,4166.28,0.0,1.0,0.0
3130.11,4373.0,4134.99,0.0,1.0,0.0
3130.11,4373.0,4134.99,0.0,1.0,0.0
3283.87,4373.0,4166.28,0.0,1.0,0.0
3286.11,4373.0,4137.44,0.0,1.0,0.0
3130.11,4373.0,4134.99,0.0,1.0,0.0
3286.11,4373.0,4137.44,0.0,1.0,0.0
3129.38,4373.0,4115.86,0.0,1.0,0.0
3129.38,4373.0,4115.86,0.0,1.0,0.0
3286.11,4373.0,4137.44,0.0,1.0,0.0
3285.36,4373.0,4108.51,0.0,1.0,0.0
3129.38,4373.0,4115.86,0.0,1.0,0.0
3285.36,4373.0,4108.51,0.0,1.0,0.0
3281.65,4373.0,4079.82,0.0,1.0,0.0
3115.01,4373.0,4189.92,0.0,1.0,0.0
3259.7,4373.0,4249.32,0.0,1.0,0.0
3122.84,4373.0,4172.45,0.0,1.0,0.0
3122.84,4373.0,4172.45,0.0,1.0,0.0
3259.7,4373.0,4249.32,0.0,1.0,0.0
3270.6,4373.0,4222.52,0.0,1.0,0.0
3122.84,4373.0,4172.45,0.0,1.0,0.0
3270.6,4373.0,4222.52,0.0,1.0,0.0
3127.91,4373.0,4154.0,0.0,1.0,0.0
3127.91,4373.0,4154.0,0.0,1.0,0.0
3270.6,4373.0,4222.52,0.0,1.0,0.0
3278.69,4373.0,4194.74,0.0,1.0,0.0
3127.91,4373.0,4154.0,0.0,1.0,0.0
3278.69,4373.0,4194.74,0.0,1.0,0.0
3283.87,4373.0,4166.28,0.0,1.0,0.0
3168.02,4373.0,4359.22,0.0,1.0,0.0
3190.7,4373.0,4341.27,0.0,1.0,0.0
3091.88,4373.0,4220.27,0.0,1.0,0.0
3091.88,4373.0,4220.27,0.0,1.0,0.0
3190.7,4373.0,4341.27,0.0,1.0,0.0
3211.42,4373.0,4321.08,0.0,1.0,0.0
3091.88,4373.0,4220.27,0.0,1.0,0.0
3211.42,4373.0,4321.08,0.0,1.0,0.0
3104.61,4373.0,4205.98,0.0,1.0,0.0
3104.61,4373.0,4205.98,0.0,1.0,0.0
3211.42,4373.0,4321.08,0.0,1.0,0.0
3229.95,4373.0,4298.86,0.0,1.0,0.0
3104.61,4373.0,4205.98,0.0,1.0,0.0
3229.95,4373.0,4298.86,0.0,1.0,0.0
3115.01,4373.0,4189.92,0.0,1.0,0.0
3115.01,4373.0,4189.92,0.0,1.0,0.0
3229.95,4373.0,4298.86,0.0,1.0,0.0
3246.11,4373.0,4274.86,0.0,1.0,0.0
3115.01,4373.0,4189.92,0.0,1.0,0.0
3246.11,4373.0,4274.86,0.0,1.0,0.0
3259.7,4373.0,4249.32,0.0,1.0,0.0
3104.32,4373.0,3867.26,0.0,1.0,0.0
3076.76,4373.0,3858.47,0.0,1.0,0.0
3033.68,4373.0,4008.49,0.0,1.0,0.0
3033.68,4373.0,4008.49,0.0,1.0,0.0
3076.76,4373.0,3858.47,0.0,1.0,0.0
3048.44,4373.0,3852.55,0.0,1.0,0.0
3033.68,4373.0,4008.49,0.0,1.0,0.0
3048.44,4373.0,3852.55,0.0,1.0,0.0
3014.77,4373.0,4005.57,0.0,1.0,0.0
3014.77,4373.0,4005.57,0.0,1.0,0.0
3048.44,4373.0,3852.55,0.0,1.0,0.0
3019.67,4373.0,3849.57,0.0,1.0,0.0
3014.77,4373.0,4005.57,0.0,1.0,0.0
3019.67,4373.0,3849.57,0.0,1.0,0.0
2995.63,4373.0,4005.57,0.0,1.0,0.0
2995.63,4373.0,4005.57,0.0,1.0,0.0
3019.67,4373.0,3849.57,0.0,1.0,0.0
2990.73,4373.0,3849.57,0.0,1.0,0.0
2995.63,4373.0,4005.57,0.0,1.0,0.0
2990.73,4373.0,3849.57,0.0,1.0,0.0
2961.96,4373.0,3852.55,0.0,1.0,0.0
