31.0263,0.0,12.5328,0.0,-1.0,0.0
35.637,0.0,11.5305,0.0,-1.0,0.0
31.6442,0.0,14.0563,0.0,-1.0,0.0
31.6442,0.0,14.0563,0.0,-1.0,0.0
35.637,0.0,11.5305,0.0,-1.0,0.0
36.2628,0.0,13.3295,0.0,-1.0,0.0
31.6442,0.0,14.0563,0.0,-1.0,0.0
36.2628,0.0,13.3295,0.0,-1.0,0.0
32.0775,0.0,15.642,0.0,-1.0,0.0
32.0775,0.0,15.642,0.0,-1.0,0.0
36.2628,0.0,13.3295,0.0,-1.0,0.0
36.7003,0.0,15.1833,0.0,-1.0,0.0
32.0775,0.0,15.642,0.0,-1.0,0.0
36.7003,0.0,15.1833,0.0,-1.0,0.0
32.3202,0.0,17.268,0.0,-1.0,0.0
32.3202,0.0,17.268,0.0,-1.0,0.0
36.7003,0.0,15.1833,0.0,-1.0,0.0
36.9448,0.0,17.0723,0.0,-1.0,0.0
32.3202,0.0,17.268,0.0,-1.0,0.0
36.9448,0.0,17.0723,0.0,-1.0,0.0
32.3689,0.0,18.9112,0.0,-1.0,0.0
32.3689,0.0,18.9112,0.0,-1.0,0.0
36.9448,0.0,17.0723,0.0,-1.0,0.0
36.9939,0.0,18.9763,0.0,-1.0,0.0
32.3689,0.0,18.9112,0.0,-1.0,0.0
36.9939,0.0,18.9763,0.0,-1.0,0.0
32.2229,0.0,20.5486,0.0,-1.0,0.0
32.2229,0.0,20.5486,0.0,-1.0,0.0
36.9939,0.0,18.9763,0.0,-1.0,0.0
36.8469,0.0,20.8754,0.0,-1.0,0.0
32.2229,0.0,20.5486,0.0,-1.0,0.0
36.8469,0.0,20.8754,0.0,-1.0,0.0
31.8843,0.0,22.1573,0.0,-1.0,0.0
31.8843,0.0,22.1573,0.0,-1.0,0.0
36.8469,0.0,20.8754,0.0,-1.0,0.0
36.5054,0.0,22.7492,0.0,-1.0,0.0
31.8843,0.0,22.1573,0.0,-1.0,0.0
36.5054,0.0,22.7492,0.0,-1.0,0.0
31.3578,0.0,23.7146,0.0,-1.0,0.0
22.5523,0.0,5.22994,0.0,-1.0,0.0
25.0259,0.0,1.18924,0.0,-1.0,0.0
24.0933,0.0,5.80235,0.0,-1.0,0.0
24.0933,0.0,5.80235,0.0,-1.0,0.0
25.0259,0.0,1.18924,0.0,-1.0,0.0
26.7712,0.0,1.95199,0.0,-1.0,0.0
24.0933,0.0,5.80235,0.0,-1.0,0.0
26.7712,0.0,1.95199,0.0,-1.0,0.0
25.5559,0.0,6.55302,0.0,-1.0,0.0
25.5559,0.0,6.55302,0.0,-1.0,0.0
26.7712,0.0,1.95199,0.0,-1.0,0.0
28.4289,0.0,2.89015,0.0,-1.0,0.0
25.5559,0.0,6.55302,0.0,-1.0,0.0
28.4289,0.0,2.89015,0.0,-1.0,0.0
26.9194,0.0,7.47139,0.0,-1.0,0.0
26.9194,0.0,7.47139,0.0,-1.0,0.0
28.4289,0.0,2.89015,0.0,-1.0,0.0
29.9813,0.0,3.99378,0.0,-1.0,0.0
26.9194,0.0,7.47139,0.0,-1.0,0.0
29.9813,0.0,3.99378,0.0,-1.0,0.0
28.1646,0.0,8.54459,0.0,-1.0,0.0
28.1646,0.0,8.54459,0.0,-1.0,0.0
29.9813,0.0,3.99378,0.0,-1.0,0.0
31.412,0.0,5.25118,0.0,-1.0,0.0
28.1646,0.0,8.54459,0.0,-1.0,0.0
31.412,0.0,5.25118,0.0,-1.0,0.0
29.2743,0.0,9.75753,0.0,-1.0,0.0
29.2743,0.0,9.75753,0.0,-1.0,0.0
31.412,0.0,5.25118,0.0,-1.0,0.0
32.7058,0.0,6.64903,0.0,-1.0,0.0
29.2743,0.0,9.75753,0.0,-1.0,0.0
32.7058,0.0,6.64903,0.0,-1.0,0.0
30.2326,0.0,11.0932,0.0,-1.0,0.0
30.2326,0.0,11.0932,0.0,-1.0,0.0
32.7058,0.0,6.64903,0.0,-1.0,0.0
33.849,0.0,8.17249,0.0,-1.0,0.0
30.2326,0.0,11.0932,0.0,-1.0,0.0
33.849,0.0,8.17249,0.0,-1.0,0.0
31.0263,0.0,12.5328,0.0,-1.0,0.0
31.0263,0.0,12.5328,0.0,-1.0,0.0
33.849,0.0,8.17249,0.0,-1.0,0.0
34.8296,0.0,9.80543,0.0,-1.0,0.0
31.0263,0.0,12.5328,0.0,-1.0,0.0
34.8296,0.0,9.80543,0.0,-1.0,0.0
35.637,0.0,11.5305,0.0,-1.0,0.0
13.6687,0.0,31.5067,0.0,-1.0,0.0
11.0916,0.0,35.4519,0.0,-1.0,0.0
12.1643,0.0,30.844,0.0,-1.0,0.0
12.1643,0.0,30.844,0.0,-1.0,0.0
11.0916,0.0,35.4519,0.0,-1.0,0.0
9.38786,0.0,34.6003,0.0,-1.0,0.0
12.1643,0.0,30.844,0.0,-1.0,0.0
9.38786,0.0,34.6003,0.0,-1.0,0.0
10.7488,0.0,30.008,0.0,-1.0,0.0
10.7488,0.0,30.008,0.0,-1.0,0.0
9.38786,0.0,34.6003,0.0,-1.0,0.0
7.78071,0.0,33.578,0.0,-1.0,0.0
10.7488,0.0,30.008,0.0,-1.0,0.0
7.78071,0.0,33.578,0.0,-1.0,0.0
9.44209,0.0,29.0105,0.0,-1.0,0.0
9.44209,0.0,29.0105,0.0,-1.0,0.0
7.78071,0.0,33.578,0.0,-1.0,0.0
6.28719,0.0,32.3959,0.0,-1.0,0.0
9.44209,0.0,29.0105,0.0,-1.0,0.0
6.28719,0.0,32.3959,0.0,-1.0,0.0
8.26256,0.0,27.8654,0.0,-1.0,0.0
8.26256,0.0,27.8654,0.0,-1.0,0.0
6.28719,0.0,32.3959,0.0,-1.0,0.0
4.92312,0.0,31.0666,0.0,-1.0,0.0
8.26256,0.0,27.8654,0.0,-1.0,0.0
4.92312,0.0,31.0666,0.0,-1.0,0.0
7.22674,0.0,26.5888,0.0,-1.0,0.0
7.22674,0.0,26.5888,0.0,-1.0,0.0
4.92312,0.0,31.0666,0.0,-1.0,0.0
3.70297,0.0,29.604,0.0,-1.0,0.0
7.22674,0.0,26.5888,0.0,-1.0,0.0
3.70297,0.0,29.604,0.0,-1.0,0.0
6.34918,0.0,25.1987,0.0,-1.0,0.0
12.9067,0.0,5.80235,0.0,-1.0,0.0
11.9741,0.0,1.18924,0.0,-1.0,0.0
14.4477,0.0,5.22994,0.0,-1.0,0.0
14.4477,0.0,5.22994,0.0,-1.0,0.0
11.9741,0.0,1.18924,0.0,-1.0,0.0
13.7886,0.0,0.609986,0.0,-1.0,0.0
14.4477,0.0,5.22994,0.0,-1.0,0.0
13.7886,0.0,0.609986,0.0,-1.0,0.0
16.0456,0.0,4.8438,0.0,-1.0,0.0
16.0456,0.0,4.8438,0.0,-1.0,0.0
13.7886,0.0,0.609986,0.0,-1.0,0.0
15.653,0.0,0.220373,0.0,-1.0,0.0
16.0456,0.0,4.8438,0.0,-1.0,0.0
15.653,0.0,0.220373,0.0,-1.0,0.0
17.678,0.0,4.64937,0.0,-1.0,0.0
17.678,0.0,4.64937,0.0,-1.0,0.0
15.653,0.0,0.220373,0.0,-1.0,0.0
17.5476,0.0,0.0245292,0.0,-1.0,0.0
17.678,0.0,4.64937,0.0,-1.0,0.0
17.5476,0.0,0.0245292,0.0,-1.0,0.0
19.322,0.0,4.64937,0.0,-1.0,0.0
19.322,0.0,4.64937,0.0,-1.0,0.0
17.5476,0.0,0.0245292,0.0,-1.0,0.0
19.4524,0.0,0.0245292,0.0,-1.0,0.0
19.322,0.0,4.64937,0.0,-1.0,0.0
19.4524,0.0,0.0245292,0.0,-1.0,0.0
20.9544,0.0,4.8438,0.0,-1.0,0.0
20.9544,0.0,4.8438,0.0,-1.0,0.0
19.4524,0.0,0.0245292,0.0,-1.0,0.0
21.347,0.0,0.220373,0.0,-1.0,0.0
20.9544,0.0,4.8438,0.0,-1.0,0.0
21.347,0.0,0.220373,0.0,-1.0,0.0
22.5523,0.0,5.22994,0.0,-1.0,0.0
22.5523,0.0,5.22994,0.0,-1.0,0.0
21.347,0.0,0.220373,0.0,-1.0,0.0
23.2114,0.0,0.609986,0.0,-1.0,0.0
22.5523,0.0,5.22994,0.0,-1.0,0.0
23.2114,0.0,0.609986,0.0,-1.0,0.0
25.0259,0.0,1.18924,0.0,-1.0,0.0
5.35585,0.0,14.0563,0.0,-1.0,0.0
1.36301,0.0,11.5305,0.0,-1.0,0.0
5.97368,0.0,12.5328,0.0,-1.0,0.0
5.97368,0.0,12.5328,0.0,-1.0,0.0
1.36301,0.0,11.5305,0.0,-1.0,0.0
2.17044,0.0,9.80543,0.0,-1.0,0.0
5.97368,0.0,12.5328,0.0,-1.0,0.0
2.17044,0.0,9.80543,0.0,-1.0,0.0
6.76736,0.0,11.0932,0.0,-1.0,0.0
6.76736,0.0,11.0932,0.0,-1.0,0.0
2.17044,0.0,9.80543,0.0,-1.0,0.0
3.15098,0.0,8.17249,0.0,-1.0,0.0
6.76736,0.0,11.0932,0.0,-1.0,0.0
3.15098,0.0,8.17249,0.0,-1.0,0.0
7.72573,0.0,9.75753,0.0,-1.0,0.0
7.72573,0.0,9.75753,0.0,-1.0,0.0
3.15098,0.0,8.17249,0.0,-1.0,0.0
4.29421,0.0,6.64903,0.0,-1.0,0.0
7.72573,0.0,9.75753,0.0,-1.0,0.0
4.29421,0.0,6.64903,0.0,-1.0,0.0
8.83535,0.0,8.54459,0.0,-1.0,0.0
8.83535,0.0,8.54459,0.0,-1.0,0.0
4.29421,0.0,6.64903,0.0,-1.0,0.0
5.58803,0.0,5.25118,0.0,-1.0,0.0
8.83535,0.0,8.54459,0.0,-1.0,0.0
5.58803,0.0,5.25118,0.0,-1.0,0.0
10.0806,0.0,7.47139,0.0,-1.0,0.0
10.0806,0.0,7.47139,0.0,-1.0,0.0
5.58803,0.0,5.25118,0.0,-1.0,0.0
7.01872,0.0,3.99378,0.0,-1.0,0.0
10.0806,0.0,7.47139,0.0,-1.0,0.0
7.01872,0.0,3.99378,0.0,-1.0,0.0
11.4441,0.0,6.55302,0.0,-1.0,0.0
11.4441,0.0,6.55302,0.0,-1.0,0.0
7.01872,0.0,3.99378,0.0,-1.0,0.0
8.57112,0.0,2.89015,0.0,-1.0,0.0
11.4441,0.0,6.55302,0.0,-1.0,0.0
8.57112,0.0,2.89015,0.0,-1.0,0.0
12.9067,0.0,5.80235,0.0,-1.0,0.0
12.9067,0.0,5.80235,0.0,-1.0,0.0
8.57112,0.0,2.89015,0.0,-1.0,0.0
10.2288,0.0,1.95199,0.0,-1.0,0.0
12.9067,0.0,5.80235,0.0,-1.0,0.0
10.2288,0.0,1.95199,0.0,-1.0,0.0
11.9741,0.0,1.18924,0.0,-1.0,0.0
3.70297,0.0,29.604,0.0,-1.0,0.0
2.63968,0.0,28.0237,0.0,-1.0,0.0
6.34918,0.0,25.1987,0.0,-1.0,0.0
6.34918,0.0,25.1987,0.0,-1.0,0.0
2.63968,0.0,28.0237,0.0,-1.0,0.0
1.74451,0.0,26.3424,0.0,-1.0,0.0
6.34918,0.0,25.1987,0.0,-1.0,0.0
1.74451,0.0,26.3424,0.0,-1.0,0.0
5.64218,0.0,23.7146,0.0,-1.0,0.0
5.64218,0.0,23.7146,0.0,-1.0,0.0
1.74451,0.0,26.3424,0.0,-1.0,0.0
1.02695,0.0,24.578,0.0,-1.0,0.0
5.64218,0.0,23.7146,0.0,-1.0,0.0
1.02695,0.0,24.578,0.0,-1.0,0.0
5.11568,0.0,22.1573,0.0,-1.0,0.0
5.11568,0.0,22.1573,0.0,-1.0,0.0
1.02695,0.0,24.578,0.0,-1.0,0.0
0.494609,0.0,22.7492,0.0,-1.0,0.0
5.11568,0.0,22.1573,0.0,-1.0,0.0
0.494609,0.0,22.7492,0.0,-1.0,0.0
4.77707,0.0,20.5486,0.0,-1.0,0.0
4.77707,0.0,20.5486,0.0,-1.0,0.0
0.494609,0.0,22.7492,0.0,-1.0,0.0
0.15313,0.0,20.8754,0.0,-1.0,0.0
4.77707,0.0,20.5486,0.0,-1.0,0.0
0.15313,0.0,20.8754,0.0,-1.0,0.0
4.63109,0.0,18.9112,0.0,-1.0,0.0
4.63109,0.0,18.9112,0.0,-1.0,0.0
0.15313,0.0,20.8754,0.0,-1.0,0.0
0.00613369,0.0,18.9763,0.0,-1.0,0.0
4.63109,0.0,18.9112,0.0,-1.0,0.0
0.00613369,0.0,18.9763,0.0,-1.0,0.0
4.67981,0.0,17.268,0.0,-1.0,0.0
4.67981,0.0,17.268,0.0,-1.0,0.0
0.00613369,0.0,18.9763,0.0,-1.0,0.0
0.0551753,0.0,17.0723,0.0,-1.0,0.0
4.67981,0.0,17.268,0.0,-1.0,0.0
0.0551753,0.0,17.0723,0.0,-1.0,0.0
4.92253,0.0,15.642,0.0,-1.0,0.0
4.92253,0.0,15.642,0.0,-1.0,0.0
0.0551753,0.0,17.0723,0.0,-1.0,0.0
0.299739,0.0,15.1833,0.0,-1.0,0.0
4.92253,0.0,15.642,0.0,-1.0,0.0
0.299739,0.0,15.1833,0.0,-1.0,0.0
5.35585,0.0,14.0563,0.0,-1.0,0.0
5.35585,0.0,14.0563,0.0,-1.0,0.0
0.299739,0.0,15.1833,0.0,-1.0,0.0
0.737227,0.0,13.3295,0.0,-1.0,0.0
5.35585,0.0,14.0563,0.0,-1.0,0.0
0.737227,0.0,13.3295,0.0,-1.0,0.0
1.36301,0.0,11.5305,0.0,-1.0,0.0
24.8357,0.0,30.844,0.0,-1.0,0.0
25.9084,0.0,35.4519,0.0,-1.0,0.0
23.3313,0.0,31.5067,0.0,-1.0,0.0
23.3313,0.0,31.5067,0.0,-1.0,0.0
25.9084,0.0,35.4519,0.0,-1.0,0.0
24.1261,0.0,36.1238,0.0,-1.0,0.0
23.3313,0.0,31.5067,0.0,-1.0,0.0
24.1261,0.0,36.1238,0.0,-1.0,0.0
21.759,0.0,31.9868,0.0,-1.0,0.0
21.759,0.0,31.9868,0.0,-1.0,0.0
24.1261,0.0,36.1238,0.0,-1.0,0.0
22.2842,0.0,36.6088,0.0,-1.0,0.0
21.759,0.0,31.9868,0.0,-1.0,0.0
22.2842,0.0,36.6088,0.0,-1.0,0.0
20.141,0.0,32.2776,0.0,-1.0,0.0
20.141,0.0,32.2776,0.0,-1.0,0.0
22.2842,0.0,36.6088,0.0,-1.0,0.0
20.4022,0.0,36.9019,0.0,-1.0,0.0
20.141,0.0,32.2776,0.0,-1.0,0.0
20.4022,0.0,36.9019,0.0,-1.0,0.0
18.5,0.0,32.375,0.0,-1.0,0.0
18.5,0.0,32.375,0.0,-1.0,0.0
20.4022,0.0,36.9019,0.0,-1.0,0.0
18.5,0.0,37.0,0.0,-1.0,0.0
18.5,0.0,32.375,0.0,-1.0,0.0
18.5,0.0,37.0,0.0,-1.0,0.0
16.859,0.0,32.2776,0.0,-1.0,0.0
16.859,0.0,32.2776,0.0,-1.0,0.0
18.5,0.0,37.0,0.0,-1.0,0.0
16.5978,0.0,36.9019,0.0,-1.0,0.0
16.859,0.0,32.2776,0.0,-1.0,0.0
16.5978,0.0,36.9019,0.0,-1.0,0.0
15.241,0.0,31.9868,0.0,-1.0,0.0
15.241,0.0,31.9868,0.0,-1.0,0.0
16.5978,0.0,36.9019,0.0,-1.0,0.0
14.7158,0.0,36.6088,0.0,-1.0,0.0
15.241,0.0,31.9868,0.0,-1.0,0.0
14.7158,0.0,36.6088,0.0,-1.0,0.0
13.6687,0.0,31.5067,0.0,-1.0,0.0
13.6687,0.0,31.5067,0.0,-1.0,0.0
14.7158,0.0,36.6088,0.0,-1.0,0.0
12.8739,0.0,36.1238,0.0,-1.0,0.0
13.6687,0.0,31.5067,0.0,-1.0,0.0
12.8739,0.0,36.1238,0.0,-1.0,0.0
11.0916,0.0,35.4519,0.0,-1.0,0.0
36.5054,0.0,22.7492,0.0,-1.0,0.0
35.973,0.0,24.578,0.0,-1.0,0.0
31.3578,0.0,23.7146,0.0,-1.0,0.0
31.3578,0.0,23.7146,0.0,-1.0,0.0
35.973,0.0,24.578,0.0,-1.0,0.0
35.2555,0.0,26.3424,0.0,-1.0,0.0
31.3578,0.0,23.7146,0.0,-1.0,0.0
35.2555,0.0,26.3424,0.0,-1.0,0.0
30.6508,0.0,25.1987,0.0,-1.0,0.0
30.6508,0.0,25.1987,0.0,-1.0,0.0
35.2555,0.0,26.3424,0.0,-1.0,0.0
34.3603,0.0,28.0237,0.0,-1.0,0.0
30.6508,0.0,25.1987,0.0,-1.0,0.0
34.3603,0.0,28.0237,0.0,-1.0,0.0
29.7733,0.0,26.5888,0.0,-1.0,0.0
29.7733,0.0,26.5888,0.0,-1.0,0.0
34.3603,0.0,28.0237,0.0,-1.0,0.0
33.297,0.0,29.604,0.0,-1.0,0.0
29.7733,0.0,26.5888,0.0,-1.0,0.0
33.297,0.0,29.604,0.0,-1.0,0.0
28.7374,0.0,27.8654,0.0,-1.0,0.0
28.7374,0.0,27.8654,0.0,-1.0,0.0
33.297,0.0,29.604,0.0,-1.0,0.0
32.0769,0.0,31.0666,0.0,-1.0,0.0
28.7374,0.0,27.8654,0.0,-1.0,0.0
32.0769,0.0,31.0666,0.0,-1.0,0.0
27.5579,0.0,29.0105,0.0,-1.0,0.0
27.5579,0.0,29.0105,0.0,-1.0,0.0
32.0769,0.0,31.0666,0.0,-1.0,0.0
30.7128,0.0,32.3959,0.0,-1.0,0.0
27.5579,0.0,29.0105,0.0,-1.0,0.0
30.7128,0.0,32.3959,0.0,-1.0,0.0
26.2512,0.0,30.008,0.0,-1.0,0.0
26.2512,0.0,30.008,0.0,-1.0,0.0
30.7128,0.0,32.3959,0.0,-1.0,0.0
29.2193,0.0,33.578,0.0,-1.0,0.0
26.2512,0.0,30.008,0.0,-1.0,0.0
29.2193,0.0,33.578,0.0,-1.0,0.0
24.8357,0.0,30.844,0.0,-1.0,0.0
24.8357,0.0,30.844,0.0,-1.0,0.0
29.2193,0.0,33.578,0.0,-1.0,0.0
27.6121,0.0,34.6003,0.0,-1.0,0.0
24.8357,0.0,30.844,0.0,-1.0,0.0
27.6121,0.0,34.6003,0.0,-1.0,0.0
25.9084,0.0,35.4519,0.0,-1.0,0.0
20.4022,1.5,36.9019,0.153891,0.0,0.988088
20.4022,0.0,36.9019,0.153891,0.0,0.988088
22.2842,1.5,36.6088,0.153891,0.0,0.988088
22.2842,1.5,36.6088,0.153891,0.0,0.988088
20.4022,0.0,36.9019,0.153891,0.0,0.988088
22.2842,0.0,36.6088,0.153891,0.0,0.988088
22.2842,1.5,36.6088,0.254672,0.0,0.967027
22.2842,0.0,36.6088,0.254672,0.0,0.967027
24.1261,1.5,36.1238,0.254672,0.0,0.967027
24.1261,1.5,36.1238,0.254672,0.0,0.967027
22.2842,0.0,36.6088,0.254672,0.0,0.967027
24.1261,0.0,36.1238,0.254672,0.0,0.967027
24.1261,1.5,36.1238,0.352751,0.0,0.935717
24.1261,0.0,36.1238,0.352751,0.0,0.935717
25.9084,1.5,35.4519,0.352751,0.0,0.935717
25.9084,1.5,35.4519,0.352751,0.0,0.935717
24.1261,0.0,36.1238,0.352751,0.0,0.935717
25.9084,0.0,35.4519,0.352751,0.0,0.935717
25.9084,1.5,35.4519,0.447094,0.0,0.894487
25.9084,0.0,35.4519,0.447094,0.0,0.894487
27.6121,1.5,34.6003,0.447094,0.0,0.894487
27.6121,1.5,34.6003,0.447094,0.0,0.894487
25.9084,0.0,35.4519,0.447094,0.0,0.894487
27.6121,0.0,34.6003,0.447094,0.0,0.894487
27.6121,1.5,34.6003,0.536697,0.0,0.843775
27.6121,0.0,34.6003,0.536697,0.0,0.843775
29.2193,1.5,33.578,0.536697,0.0,0.843775
29.2193,1.5,33.578,0.536697,0.0,0.843775
27.6121,0.0,34.6003,0.536697,0.0,0.843775
29.2193,0.0,33.578,0.536697,0.0,0.843775
29.2193,1.5,33.578,0.62061,0.0,0.78412
29.2193,0.0,33.578,0.62061,0.0,0.78412
30.7128,1.5,32.3959,0.62061,0.0,0.78412
30.7128,1.5,32.3959,0.62061,0.0,0.78412
29.2193,0.0,33.578,0.62061,0.0,0.78412
30.7128,0.0,32.3959,0.62061,0.0,0.78412
30.7128,1.5,32.3959,0.697943,0.0,0.716154
30.7128,0.0,32.3959,0.697943,0.0,0.716154
32.0769,1.5,31.0666,0.697943,0.0,0.716154
32.0769,1.5,31.0666,0.697943,0.0,0.716154
30.7128,0.0,32.3959,0.697943,0.0,0.716154
32.0769,0.0,31.0666,0.697943,0.0,0.716154
32.0769,1.5,31.0666,0.767881,0.0,0.640592
32.0769,0.0,31.0666,0.767881,0.0,0.640592
33.297,1.5,29.604,0.767881,0.0,0.640592
33.297,1.5,29.604,0.767881,0.0,0.640592
32.0769,0.0,31.0666,0.767881,0.0,0.640592
33.297,0.0,29.604,0.767881,0.0,0.640592
33.297,1.5,29.604,0.829676,0.0,0.558245
33.297,0.0,29.604,0.829676,0.0,0.558245
34.3603,1.5,28.0237,0.829676,0.0,0.558245
34.3603,1.5,28.0237,0.829676,0.0,0.558245
33.297,0.0,29.604,0.829676,0.0,0.558245
34.3603,0.0,28.0237,0.829676,0.0,0.558245
34.3603,1.5,28.0237,0.882679,0.0,0.469977
34.3603,0.0,28.0237,0.882679,0.0,0.469977
35.2555,1.5,26.3424,0.882679,0.0,0.469977
35.2555,1.5,26.3424,0.882679,0.0,0.469977
34.3603,0.0,28.0237,0.882679,0.0,0.469977
35.2555,0.0,26.3424,0.882679,0.0,0.469977
35.2555,1.5,26.3424,0.926324,0.0,0.376727
35.2555,0.0,26.3424,0.926324,0.0,0.376727
35.973,1.5,24.578,0.926324,0.0,0.376727
35.973,1.5,24.578,0.926324,0.0,0.376727
35.2555,0.0,26.3424,0.926324,0.0,0.376727
35.973,0.0,24.578,0.926324,0.0,0.376727
35.973,1.5,24.578,0.960149,0.0,0.279488
35.973,0.0,24.578,0.960149,0.0,0.279488
36.5054,1.5,22.7492,0.960149,0.0,0.279488
36.5054,1.5,22.7492,0.960149,0.0,0.279488
35.973,0.0,24.578,0.960149,0.0,0.279488
36.5054,0.0,22.7492,0.960149,0.0,0.279488
36.5054,1.5,22.7492,0.983798,0.0,0.17928
36.5054,0.0,22.7492,0.983798,0.0,0.17928
36.8469,1.5,20.8754,0.983798,0.0,0.17928
36.8469,1.5,20.8754,0.983798,0.0,0.17928
36.5054,0.0,22.7492,0.983798,0.0,0.17928
36.8469,0.0,20.8754,0.983798,0.0,0.17928
36.8469,1.5,20.8754,0.997017,0.0,0.0771765
36.8469,0.0,20.8754,0.997017,0.0,0.0771765
36.9939,1.5,18.9763,0.997017,0.0,0.0771765
36.9939,1.5,18.9763,0.997017,0.0,0.0771765
36.8469,0.0,20.8754,0.997017,0.0,0.0771765
36.9939,0.0,18.9763,0.997017,0.0,0.0771765
36.9939,1.5,18.9763,0.999668,0.0,-0.0257496
36.9939,0.0,18.9763,0.999668,0.0,-0.0257496
36.9448,1.5,17.0723,0.999668,0.0,-0.0257496
36.9448,1.5,17.0723,0.999668,0.0,-0.0257496
36.9939,0.0,18.9763,0.999668,0.0,-0.0257496
36.9448,0.0,17.0723,0.999668,0.0,-0.0257496
36.9448,1.5,17.0723,0.991723,0.0,-0.128397
36.9448,0.0,17.0723,0.991723,0.0,-0.128397
36.7003,1.5,15.1833,0.991723,0.0,-0.128397
36.7003,1.5,15.1833,0.991723,0.0,-0.128397
36.9448,0.0,17.0723,0.991723,0.0,-0.128397
36.7003,0.0,15.1833,0.991723,0.0,-0.128397
36.7003,1.5,15.1833,0.973264,0.0,-0.229689
36.7003,0.0,15.1833,0.973264,0.0,-0.229689
36.2628,1.5,13.3295,0.973264,0.0,-0.229689
36.2628,1.5,13.3295,0.973264,0.0,-0.229689
36.7003,0.0,15.1833,0.973264,0.0,-0.229689
36.2628,0.0,13.3295,0.973264,0.0,-0.229689
36.2628,1.5,13.3295,0.944489,0.0,-0.328544
36.2628,0.0,13.3295,0.944489,0.0,-0.328544
35.637,1.5,11.5305,0.944489,0.0,-0.328544
35.637,1.5,11.5305,0.944489,0.0,-0.328544
36.2628,0.0,13.3295,0.944489,0.0,-0.328544
35.637,0.0,11.5305,0.944489,0.0,-0.328544
35.637,1.5,11.5305,0.905703,0.0,-0.423914
35.637,0.0,11.5305,0.905703,0.0,-0.423914
34.8296,1.5,9.80543,0.905703,0.0,-0.423914
34.8296,1.5,9.80543,0.905703,0.0,-0.423914
35.637,0.0,11.5305,0.905703,0.0,-0.423914
34.8296,0.0,9.80543,0.905703,0.0,-0.423914
34.8296,1.5,9.80543,0.857314,0.0,-0.514793
34.8296,0.0,9.80543,0.857314,0.0,-0.514793
33.849,1.5,8.17249,0.857314,0.0,-0.514793
33.849,1.5,8.17249,0.857314,0.0,-0.514793
34.8296,0.0,9.80543,0.857314,0.0,-0.514793
33.849,0.0,8.17249,0.857314,0.0,-0.514793
33.849,1.5,8.17249,0.79984,0.0,-0.600213
33.849,0.0,8.17249,0.79984,0.0,-0.600213
32.7058,1.5,6.64903,0.79984,0.0,-0.600213
32.7058,1.5,6.64903,0.79984,0.0,-0.600213
33.849,0.0,8.17249,0.79984,0.0,-0.600213
32.7058,0.0,6.64903,0.79984,0.0,-0.600213
32.7058,1.5,6.64903,0.733886,0.0,-0.679273
32.7058,0.0,6.64903,0.733886,0.0,-0.679273
31.412,1.5,5.25118,0.733886,0.0,-0.679273
31.412,1.5,5.25118,0.733886,0.0,-0.679273
32.7058,0.0,6.64903,0.733886,0.0,-0.679273
31.412,0.0,5.25118,0.733886,0.0,-0.679273
31.412,1.5,5.25118,0.660152,0.0,-0.751132
31.412,0.0,5.25118,0.660152,0.0,-0.751132
29.9813,1.5,3.99378,0.660152,0.0,-0.751132
29.9813,1.5,3.99378,0.660152,0.0,-0.751132
31.412,0.0,5.25118,0.660152,0.0,-0.751132
29.9813,0.0,3.99378,0.660152,0.0,-0.751132
29.9813,1.5,3.99378,0.579421,0.0,-0.815028
29.9813,0.0,3.99378,0.579421,0.0,-0.815028
28.4289,1.5,2.89015,0.579421,0.0,-0.815028
28.4289,1.5,2.89015,0.579421,0.0,-0.815028
29.9813,0.0,3.99378,0.579421,0.0,-0.815028
28.4289,0.0,2.89015,0.579421,0.0,-0.815028
28.4289,1.5,2.89015,0.492549,0.0,-0.870285
28.4289,0.0,2.89015,0.492549,0.0,-0.870285
26.7712,1.5,1.95199,0.492549,0.0,-0.870285
26.7712,1.5,1.95199,0.492549,0.0,-0.870285
28.4289,0.0,2.89015,0.492549,0.0,-0.870285
26.7712,0.0,1.95199,0.492549,0.0,-0.870285
26.7712,1.5,1.95199,0.400453,0.0,-0.916317
26.7712,0.0,1.95199,0.400453,0.0,-0.916317
25.0259,1.5,1.18924,0.400453,0.0,-0.916317
25.0259,1.5,1.18924,0.400453,0.0,-0.916317
26.7712,0.0,1.95199,0.400453,0.0,-0.916317
25.0259,0.0,1.18924,0.400453,0.0,-0.916317
25.0259,1.5,1.18924,0.304115,0.0,-0.952635
25.0259,0.0,1.18924,0.304115,0.0,-0.952635
23.2114,1.5,0.609986,0.304115,0.0,-0.952635
23.2114,1.5,0.609986,0.304115,0.0,-0.952635
25.0259,0.0,1.18924,0.304115,0.0,-0.952635
23.2114,0.0,0.609986,0.304115,0.0,-0.952635
23.2114,1.5,0.609986,0.204552,0.0,-0.978856
23.2114,0.0,0.609986,0.204552,0.0,-0.978856
21.347,1.5,0.220373,0.204552,0.0,-0.978856
21.347,1.5,0.220373,0.204552,0.0,-0.978856
23.2114,0.0,0.609986,0.204552,0.0,-0.978856
21.347,0.0,0.220373,0.204552,0.0,-0.978856
21.347,1.5,0.220373,0.102821,0.0,-0.9947
21.347,0.0,0.220373,0.102821,0.0,-0.9947
19.4524,1.5,0.0245292,0.102821,0.0,-0.9947
19.4524,1.5,0.0245292,0.102821,0.0,-0.9947
21.347,0.0,0.220373,0.102821,0.0,-0.9947
19.4524,0.0,0.0245292,0.102821,0.0,-0.9947
19.4524,1.5,0.0245292,0.0,0.0,-1.0
19.4524,0.0,0.0245292,0.0,0.0,-1.0
17.5476,1.5,0.0245292,0.0,0.0,-1.0
17.5476,1.5,0.0245292,0.0,0.0,-1.0
19.4524,0.0,0.0245292,0.0,0.0,-1.0
17.5476,0.0,0.0245292,0.0,0.0,-1.0
17.5476,1.5,0.0245292,-0.102821,0.0,-0.9947
17.5476,0.0,0.0245292,-0.102821,0.0,-0.9947
15.653,1.5,0.220373,-0.102821,0.0,-0.9947
15.653,1.5,0.220373,-0.102821,0.0,-0.9947
17.5476,0.0,0.0245292,-0.102821,0.0,-0.9947
15.653,0.0,0.220373,-0.102821,0.0,-0.9947
15.653,1.5,0.220373,-0.204552,0.0,-0.978856
15.653,0.0,0.220373,-0.204552,0.0,-0.978856
13.7886,1.5,0.609986,-0.204552,0.0,-0.978856
13.7886,1.5,0.609986,-0.204552,0.0,-0.978856
15.653,0.0,0.220373,-0.204552,0.0,-0.978856
13.7886,0.0,0.609986,-0.204552,0.0,-0.978856
13.7886,1.5,0.609986,-0.304115,0.0,-0.952635
13.7886,0.0,0.609986,-0.304115,0.0,-0.952635
11.9741,1.5,1.18924,-0.304115,0.0,-0.952635
11.9741,1.5,1.18924,-0.304115,0.0,-0.952635
13.7886,0.0,0.609986,-0.304115,0.0,-0.952635
11.9741,0.0,1.18924,-0.304115,0.0,-0.952635
11.9741,1.5,1.18924,-0.400454,0.0,-0.916317
11.9741,0.0,1.18924,-0.400454,0.0,-0.916317
10.2288,1.5,1.95199,-0.400454,0.0,-0.916317
10.2288,1.5,1.95199,-0.400454,0.0,-0.916317
11.9741,0.0,1.18924,-0.400454,0.0,-0.916317
10.2288,0.0,1.95199,-0.400454,0.0,-0.916317
10.2288,1.5,1.95199,-0.492548,0.0,-0.870285
10.2288,0.0,1.95199,-0.492548,0.0,-0.870285
8.57112,1.5,2.89015,-0.492548,0.0,-0.870285
8.57112,1.5,2.89015,-0.492548,0.0,-0.870285
10.2288,0.0,1.95199,-0.492548,0.0,-0.870285
8.57112,0.0,2.89015,-0.492548,0.0,-0.870285
8.57112,1.5,2.89015,-0.579421,0.0,-0.815028
8.57112,0.0,2.89015,-0.579421,0.0,-0.815028
7.01872,1.5,3.99378,-0.579421,0.0,-0.815028
7.01872,1.5,3.99378,-0.579421,0.0,-0.815028
8.57112,0.0,2.89015,-0.579421,0.0,-0.815028
7.01872,0.0,3.99378,-0.579421,0.0,-0.815028
7.01872,1.5,3.99378,-0.660152,0.0,-0.751132
7.01872,0.0,3.99378,-0.660152,0.0,-0.751132
5.58803,1.5,5.25118,-0.660152,0.0,-0.751132
5.58803,1.5,5.25118,-0.660152,0.0,-0.751132
7.01872,0.0,3.99378,-0.660152,0.0,-0.751132
5.58803,0.0,5.25118,-0.660152,0.0,-0.751132
5.58803,1.5,5.25118,-0.733885,0.0,-0.679273
5.58803,0.0,5.25118,-0.733885,0.0,-0.679273
4.29421,1.5,6.64903,-0.733885,0.0,-0.679273
4.29421,1.5,6.64903,-0.733885,0.0,-0.679273
5.58803,0.0,5.25118,-0.733885,0.0,-0.679273
4.29421,0.0,6.64903,-0.733885,0.0,-0.679273
4.29421,1.5,6.64903,-0.799839,0.0,-0.600214
4.29421,0.0,6.64903,-0.799839,0.0,-0.600214
3.15098,1.5,8.17249,-0.799839,0.0,-0.600214
3.15098,1.5,8.17249,-0.799839,0.0,-0.600214
4.29421,0.0,6.64903,-0.799839,0.0,-0.600214
3.15098,0.0,8.17249,-0.799839,0.0,-0.600214
3.15098,1.5,8.17249,-0.857314,0.0,-0.514793
3.15098,0.0,8.17249,-0.857314,0.0,-0.514793
2.17044,1.5,9.80543,-0.857314,0.0,-0.514793
2.17044,1.5,9.80543,-0.857314,0.0,-0.514793
3.15098,0.0,8.17249,-0.857314,0.0,-0.514793
2.17044,0.0,9.80543,-0.857314,0.0,-0.514793
2.17044,1.5,9.80543,-0.905703,0.0,-0.423914
2.17044,0.0,9.80543,-0.905703,0.0,-0.423914
1.36301,1.5,11.5305,-0.905703,0.0,-0.423914
1.36301,1.5,11.5305,-0.905703,0.0,-0.423914
2.17044,0.0,9.80543,-0.905703,0.0,-0.423914
1.36301,0.0,11.5305,-0.905703,0.0,-0.423914
1.36301,1.5,11.5305,-0.944489,0.0,-0.328543
1.36301,0.0,11.5305,-0.944489,0.0,-0.328543
0.737227,1.5,13.3295,-0.944489,0.0,-0.328543
0.737227,1.5,13.3295,-0.944489,0.0,-0.328543
1.36301,0.0,11.5305,-0.944489,0.0,-0.328543
0.737227,0.0,13.3295,-0.944489,0.0,-0.328543
0.737227,1.5,13.3295,-0.973264,0.0,-0.229687
0.737227,0.0,13.3295,-0.973264,0.0,-0.229687
0.299739,1.5,15.1833,-0.973264,0.0,-0.229687
0.299739,1.5,15.1833,-0.973264,0.0,-0.229687
0.737227,0.0,13.3295,-0.973264,0.0,-0.229687
0.299739,0.0,15.1833,-0.973264,0.0,-0.229687
0.299739,1.5,15.1833,-0.991723,0.0,-0.128399
0.299739,0.0,15.1833,-0.991723,0.0,-0.128399
0.0551753,1.5,17.0723,-0.991723,0.0,-0.128399
0.0551753,1.5,17.0723,-0.991723,0.0,-0.128399
0.299739,0.0,15.1833,-0.991723,0.0,-0.128399
0.0551753,0.0,17.0723,-0.991723,0.0,-0.128399
0.0551753,1.5,17.0723,-0.999668,0.0,-0.0257475
0.0551753,0.0,17.0723,-0.999668,0.0,-0.0257475
0.00613369,1.5,18.9763,-0.999668,0.0,-0.0257475
0.00613369,1.5,18.9763,-0.999668,0.0,-0.0257475
0.0551753,0.0,17.0723,-0.999668,0.0,-0.0257475
0.00613369,0.0,18.9763,-0.999668,0.0,-0.0257475
0.00613369,1.5,18.9763,-0.997018,0.0,0.0771749
0.00613369,0.0,18.9763,-0.997018,0.0,0.0771749
0.15313,1.5,20.8754,-0.997018,0.0,0.0771749
0.15313,1.5,20.8754,-0.997018,0.0,0.0771749
0.00613369,0.0,18.9763,-0.997018,0.0,0.0771749
0.15313,0.0,20.8754,-0.997018,0.0,0.0771749
0.15313,1.5,20.8754,-0.983798,0.0,0.179281
0.15313,0.0,20.8754,-0.983798,0.0,0.179281
0.494609,1.5,22.7492,-0.983798,0.0,0.179281
0.494609,1.5,22.7492,-0.983798,0.0,0.179281
0.15313,0.0,20.8754,-0.983798,0.0,0.179281
0.494609,0.0,22.7492,-0.983798,0.0,0.179281
0.494609,1.5,22.7492,-0.96015,0.0,0.279486
0.494609,0.0,22.7492,-0.96015,0.0,0.279486
1.02695,1.5,24.578,-0.96015,0.0,0.279486
1.02695,1.5,24.578,-0.96015,0.0,0.279486
0.494609,0.0,22.7492,-0.96015,0.0,0.279486
1.02695,0.0,24.578,-0.96015,0.0,0.279486
1.02695,1.5,24.578,-0.926324,0.0,0.376728
1.02695,0.0,24.578,-0.926324,0.0,0.376728
1.74451,1.5,26.3424,-0.926324,0.0,0.376728
1.74451,1.5,26.3424,-0.926324,0.0,0.376728
1.02695,0.0,24.578,-0.926324,0.0,0.376728
1.74451,0.0,26.3424,-0.926324,0.0,0.376728
1.74451,1.5,26.3424,-0.882679,0.0,0.469976
1.74451,0.0,26.3424,-0.882679,0.0,0.469976
2.63968,1.5,28.0237,-0.882679,0.0,0.469976
2.63968,1.5,28.0237,-0.882679,0.0,0.469976
1.74451,0.0,26.3424,-0.882679,0.0,0.469976
2.63968,0.0,28.0237,-0.882679,0.0,0.469976
2.63968,1.5,28.0237,-0.829677,0.0,0.558244
2.63968,0.0,28.0237,-0.829677,0.0,0.558244
3.70297,1.5,29.604,-0.829677,0.0,0.558244
3.70297,1.5,29.604,-0.829677,0.0,0.558244
2.63968,0.0,28.0237,-0.829677,0.0,0.558244
3.70297,0.0,29.604,-0.829677,0.0,0.558244
3.70297,1.5,29.604,-0.76788,0.0,0.640594
3.70297,0.0,29.604,-0.76788,0.0,0.640594
4.92312,1.5,31.0666,-0.76788,0.0,0.640594
4.92312,1.5,31.0666,-0.76788,0.0,0.640594
3.70297,0.0,29.604,-0.76788,0.0,0.640594
4.92312,0.0,31.0666,-0.76788,0.0,0.640594
4.92312,1.5,31.0666,-0.697943,0.0,0.716153
4.92312,0.0,31.0666,-0.697943,0.0,0.716153
6.28719,1.5,32.3959,-0.697943,0.0,0.716153
6.28719,1.5,32.3959,-0.697943,0.0,0.716153
4.92312,0.0,31.0666,-0.697943,0.0,0.716153
6.28719,0.0,32.3959,-0.697943,0.0,0.716153
6.28719,1.5,32.3959,-0.620609,0.0,0.78412
6.28719,0.0,32.3959,-0.620609,0.0,0.78412
7.78071,1.5,33.578,-0.620609,0.0,0.78412
7.78071,1.5,33.578,-0.620609,0.0,0.78412
6.28719,0.0,32.3959,-0.620609,0.0,0.78412
7.78071,0.0,33.578,-0.620609,0.0,0.78412
7.78071,1.5,33.578,-0.536697,0.0,0.843775
7.78071,0.0,33.578,-0.536697,0.0,0.843775
9.38786,1.5,34.6003,-0.536697,0.0,0.843775
9.38786,1.5,34.6003,-0.536697,0.0,0.843775
7.78071,0.0,33.578,-0.536697,0.0,0.843775
9.38786,0.0,34.6003,-0.536697,0.0,0.843775
9.38786,1.5,34.6003,-0.447094,0.0,0.894487
9.38786,0.0,34.6003,-0.447094,0.0,0.894487
11.0916,1.5,35.4519,-0.447094,0.0,0.894487
11.0916,1.5,35.4519,-0.447094,0.0,0.894487
9.38786,0.0,34.6003,-0.447094,0.0,0.894487
11.0916,0.0,35.4519,-0.447094,0.0,0.894487
11.0916,1.5,35.4519,-0.352751,0.0,0.935717
11.0916,0.0,35.4519,-0.352751,0.0,0.935717
12.8739,1.5,36.1238,-0.352751,0.0,0.935717
12.8739,1.5,36.1238,-0.352751,0.0,0.935717
11.0916,0.0,35.4519,-0.352751,0.0,0.935717
12.8739,0.0,36.1238,-0.352751,0.0,0.935717
12.8739,1.5,36.1238,-0.254672,0.0,0.967028
12.8739,0.0,36.1238,-0.254672,0.0,0.967028
14.7158,1.5,36.6088,-0.254672,0.0,0.967028
14.7158,1.5,36.6088,-0.254672,0.0,0.967028
12.8739,0.0,36.1238,-0.254672,0.0,0.967028
14.7158,0.0,36.6088,-0.254672,0.0,0.967028
14.7158,1.5,36.6088,-0.153891,0.0,0.988088
14.7158,0.0,36.6088,-0.153891,0.0,0.988088
16.5978,1.5,36.9019,-0.153891,0.0,0.988088
16.5978,1.5,36.9019,-0.153891,0.0,0.988088
14.7158,0.0,36.6088,-0.153891,0.0,0.988088
16.5978,0.0,36.9019,-0.153891,0.0,0.988088
16.5978,1.5,36.9019,-0.0514791,0.0,0.998674
16.5978,0.0,36.9019,-0.0514791,0.0,0.998674
18.5,1.5,37.0,-0.0514791,0.0,0.998674
18.5,1.5,37.0,-0.0514791,0.0,0.998674
16.5978,0.0,36.9019,-0.0514791,0.0,0.998674
18.5,0.0,37.0,-0.0514791,0.0,0.998674
18.5,1.5,37.0,0.0514791,0.0,0.998674
18.5,0.0,37.0,0.0514791,0.0,0.998674
20.4022,1.5,36.9019,0.0514791,0.0,0.998674
20.4022,1.5,36.9019,0.0514791,0.0,0.998674
18.5,0.0,37.0,0.0514791,0.0,0.998674
20.4022,0.0,36.9019,0.0514791,0.0,0.998674
20.141,0.0,32.2776,-0.176891,0.0,-0.98423
20.141,1.5,32.2776,-0.176891,0.0,-0.98423
21.759,0.0,31.9868,-0.176891,0.0,-0.98423
21.759,0.0,31.9868,-0.176891,0.0,-0.98423
20.141,1.5,32.2776,-0.176891,0.0,-0.98423
21.759,1.5,31.9868,-0.176891,0.0,-0.98423
21.759,0.0,31.9868,-0.292057,0.0,-0.956401
21.759,1.5,31.9868,-0.292057,0.0,-0.956401
23.3313,0.0,31.5067,-0.292057,0.0,-0.956401
23.3313,0.0,31.5067,-0.292057,0.0,-0.956401
21.759,1.5,31.9868,-0.292057,0.0,-0.956401
23.3313,1.5,31.5067,-0.292057,0.0,-0.956401
23.3313,0.0,31.5067,-0.403123,0.0,-0.915146
23.3313,1.5,31.5067,-0.403123,0.0,-0.915146
24.8357,0.0,30.844,-0.403123,0.0,-0.915146
24.8357,0.0,30.844,-0.403123,0.0,-0.915146
23.3313,1.5,31.5067,-0.403123,0.0,-0.915146
24.8357,1.5,30.844,-0.403123,0.0,-0.915146
24.8357,0.0,30.844,-0.508532,0.0,-0.861043
24.8357,1.5,30.844,-0.508532,0.0,-0.861043
26.2512,0.0,30.008,-0.508532,0.0,-0.861043
26.2512,0.0,30.008,-0.508532,0.0,-0.861043
24.8357,1.5,30.844,-0.508532,0.0,-0.861043
26.2512,1.5,30.008,-0.508532,0.0,-0.861043
26.2512,0.0,30.008,-0.6068,0.0,-0.794854
26.2512,1.5,30.008,-0.6068,0.0,-0.794854
27.5579,0.0,29.0105,-0.6068,0.0,-0.794854
27.5579,0.0,29.0105,-0.6068,0.0,-0.794854
26.2512,1.5,30.008,-0.6068,0.0,-0.794854
27.5579,1.5,29.0105,-0.6068,0.0,-0.794854
27.5579,0.0,29.0105,-0.696551,0.0,-0.717507
27.5579,1.5,29.0105,-0.696551,0.0,-0.717507
28.7374,0.0,27.8654,-0.696551,0.0,-0.717507
28.7374,0.0,27.8654,-0.696551,0.0,-0.717507
27.5579,1.5,29.0105,-0.696551,0.0,-0.717507
28.7374,1.5,27.8654,-0.696551,0.0,-0.717507
28.7374,0.0,27.8654,-0.776523,0.0,-0.630088
28.7374,1.5,27.8654,-0.776523,0.0,-0.630088
29.7733,0.0,26.5888,-0.776523,0.0,-0.630088
29.7733,0.0,26.5888,-0.776523,0.0,-0.630088
28.7374,1.5,27.8654,-0.776523,0.0,-0.630088
29.7733,1.5,26.5888,-0.776523,0.0,-0.630088
29.7733,0.0,26.5888,-0.845596,0.0,-0.533823
29.7733,1.5,26.5888,-0.845596,0.0,-0.533823
30.6508,0.0,25.1987,-0.845596,0.0,-0.533823
30.6508,0.0,25.1987,-0.845596,0.0,-0.533823
29.7733,1.5,26.5888,-0.845596,0.0,-0.533823
30.6508,1.5,25.1987,-0.845596,0.0,-0.533823
30.6508,0.0,25.1987,-0.902798,0.0,-0.430065
30.6508,1.5,25.1987,-0.902798,0.0,-0.430065
31.3578,0.0,23.7146,-0.902798,0.0,-0.430065
31.3578,0.0,23.7146,-0.902798,0.0,-0.430065
30.6508,1.5,25.1987,-0.902798,0.0,-0.430065
31.3578,1.5,23.7146,-0.902798,0.0,-0.430065
31.3578,0.0,23.7146,-0.947326,0.0,-0.320271
31.3578,1.5,23.7146,-0.947326,0.0,-0.320271
31.8843,0.0,22.1573,-0.947326,0.0,-0.320271
31.8843,0.0,22.1573,-0.947326,0.0,-0.320271
31.3578,1.5,23.7146,-0.947326,0.0,-0.320271
31.8843,1.5,22.1573,-0.947326,0.0,-0.320271
31.8843,0.0,22.1573,-0.978556,0.0,-0.20598
31.8843,1.5,22.1573,-0.978556,0.0,-0.20598
32.2229,0.0,20.5486,-0.978556,0.0,-0.20598
32.2229,0.0,20.5486,-0.978556,0.0,-0.20598
31.8843,1.5,22.1573,-0.978556,0.0,-0.20598
32.2229,1.5,20.5486,-0.978556,0.0,-0.20598
32.2229,0.0,20.5486,-0.99605,0.0,-0.0887931
32.2229,1.5,20.5486,-0.99605,0.0,-0.0887931
32.3689,0.0,18.9112,-0.99605,0.0,-0.0887931
32.3689,0.0,18.9112,-0.99605,0.0,-0.0887931
32.2229,1.5,20.5486,-0.99605,0.0,-0.0887931
32.3689,1.5,18.9112,-0.99605,0.0,-0.0887931
32.3689,0.0,18.9112,-0.999561,0.0,0.0296302
32.3689,1.5,18.9112,-0.999561,0.0,0.0296302
32.3202,0.0,17.268,-0.999561,0.0,0.0296302
32.3202,0.0,17.268,-0.999561,0.0,0.0296302
32.3689,1.5,18.9112,-0.999561,0.0,0.0296302
32.3202,1.5,17.268,-0.999561,0.0,0.0296302
32.3202,0.0,17.268,-0.98904,0.0,0.147647
32.3202,1.5,17.268,-0.98904,0.0,0.147647
32.0775,0.0,15.642,-0.98904,0.0,0.147647
32.0775,0.0,15.642,-0.98904,0.0,0.147647
32.3202,1.5,17.268,-0.98904,0.0,0.147647
32.0775,1.5,15.642,-0.98904,0.0,0.147647
32.0775,0.0,15.642,-0.964635,0.0,0.263588
32.0775,1.5,15.642,-0.964635,0.0,0.263588
31.6442,0.0,14.0563,-0.964635,0.0,0.263588
31.6442,0.0,14.0563,-0.964635,0.0,0.263588
32.0775,1.5,15.642,-0.964635,0.0,0.263588
31.6442,1.5,14.0563,-0.964635,0.0,0.263588
31.6442,0.0,14.0563,-0.92669,0.0,0.375827
31.6442,1.5,14.0563,-0.92669,0.0,0.375827
31.0263,0.0,12.5328,-0.92669,0.0,0.375827
31.0263,0.0,12.5328,-0.92669,0.0,0.375827
31.6442,1.5,14.0563,-0.92669,0.0,0.375827
31.0263,1.5,12.5328,-0.92669,0.0,0.375827
31.0263,0.0,12.5328,-0.875735,0.0,0.482793
31.0263,1.5,12.5328,-0.875735,0.0,0.482793
30.2326,0.0,11.0932,-0.875735,0.0,0.482793
30.2326,0.0,11.0932,-0.875735,0.0,0.482793
31.0263,1.5,12.5328,-0.875735,0.0,0.482793
30.2326,1.5,11.0932,-0.875735,0.0,0.482793
30.2326,0.0,11.0932,-0.812487,0.0,0.58298
30.2326,1.5,11.0932,-0.812487,0.0,0.58298
29.2743,0.0,9.75753,-0.812487,0.0,0.58298
29.2743,0.0,9.75753,-0.812487,0.0,0.58298
30.2326,1.5,11.0932,-0.812487,0.0,0.58298
29.2743,1.5,9.75753,-0.812487,0.0,0.58298
29.2743,0.0,9.75753,-0.737834,0.0,0.674982
29.2743,1.5,9.75753,-0.737834,0.0,0.674982
28.1646,0.0,8.54459,-0.737834,0.0,0.674982
28.1646,0.0,8.54459,-0.737834,0.0,0.674982
29.2743,1.5,9.75753,-0.737834,0.0,0.674982
28.1646,1.5,8.54459,-0.737834,0.0,0.674982
28.1646,0.0,8.54459,-0.652822,0.0,0.757512
28.1646,1.5,8.54459,-0.652822,0.0,0.757512
26.9194,0.0,7.47139,-0.652822,0.0,0.757512
26.9194,0.0,7.47139,-0.652822,0.0,0.757512
28.1646,1.5,8.54459,-0.652822,0.0,0.757512
26.9194,1.5,7.47139,-0.652822,0.0,0.757512
26.9194,0.0,7.47139,-0.558647,0.0,0.829406
26.9194,1.5,7.47139,-0.558647,0.0,0.829406
25.5559,0.0,6.55302,-0.558647,0.0,0.829406
25.5559,0.0,6.55302,-0.558647,0.0,0.829406
26.9194,1.5,7.47139,-0.558647,0.0,0.829406
25.5559,1.5,6.55302,-0.558647,0.0,0.829406
25.5559,0.0,6.55302,-0.456629,0.0,0.889657
25.5559,1.5,6.55302,-0.456629,0.0,0.889657
24.0933,0.0,5.80235,-0.456629,0.0,0.889657
24.0933,0.0,5.80235,-0.456629,0.0,0.889657
25.5559,1.5,6.55302,-0.456629,0.0,0.889657
24.0933,1.5,5.80235,-0.456629,0.0,0.889657
24.0933,0.0,5.80235,-0.348202,0.0,0.93742
24.0933,1.5,5.80235,-0.348202,0.0,0.93742
22.5523,0.0,5.22994,-0.348202,0.0,0.93742
22.5523,0.0,5.22994,-0.348202,0.0,0.93742
24.0933,1.5,5.80235,-0.348202,0.0,0.93742
22.5523,1.5,5.22994,-0.348202,0.0,0.93742
22.5523,0.0,5.22994,-0.234886,0.0,0.972023
22.5523,1.5,5.22994,-0.234886,0.0,0.972023
20.9544,0.0,4.8438,-0.234886,0.0,0.972023
20.9544,0.0,4.8438,-0.234886,0.0,0.972023
22.5523,1.5,5.22994,-0.234886,0.0,0.972023
20.9544,1.5,4.8438,-0.234886,0.0,0.972023
20.9544,0.0,4.8438,-0.118274,0.0,0.992981
20.9544,1.5,4.8438,-0.118274,0.0,0.992981
19.322,0.0,4.64937,-0.118274,0.0,0.992981
19.322,0.0,4.64937,-0.118274,0.0,0.992981
20.9544,1.5,4.8438,-0.118274,0.0,0.992981
19.322,1.5,4.64937,-0.118274,0.0,0.992981
19.322,0.0,4.64937,0.0,0.0,1.0
19.322,1.5,4.64937,0.0,0.0,1.0
17.678,0.0,4.64937,0.0,0.0,1.0
17.678,0.0,4.64937,0.0,0.0,1.0
19.322,1.5,4.64937,0.0,0.0,1.0
17.678,1.5,4.64937,0.0,0.0,1.0
17.678,0.0,4.64937,0.118274,0.0,0.992981
17.678,1.5,4.64937,0.118274,0.0,0.992981
16.0456,0.0,4.8438,0.118274,0.0,0.992981
16.0456,0.0,4.8438,0.118274,0.0,0.992981
17.678,1.5,4.64937,0.118274,0.0,0.992981
16.0456,1.5,4.8438,0.118274,0.0,0.992981
16.0456,0.0,4.8438,0.234886,0.0,0.972023
16.0456,1.5,4.8438,0.234886,0.0,0.972023
14.4477,0.0,5.22994,0.234886,0.0,0.972023
14.4477,0.0,5.22994,0.234886,0.0,0.972023
16.0456,1.5,4.8438,0.234886,0.0,0.972023
14.4477,1.5,5.22994,0.234886,0.0,0.972023
14.4477,0.0,5.22994,0.348202,0.0,0.93742
14.4477,1.5,5.22994,0.348202,0.0,0.93742
12.9067,0.0,5.80235,0.348202,0.0,0.93742
12.9067,0.0,5.80235,0.348202,0.0,0.93742
14.4477,1.5,5.22994,0.348202,0.0,0.93742
12.9067,1.5,5.80235,0.348202,0.0,0.93742
12.9067,0.0,5.80235,0.456629,0.0,0.889657
12.9067,1.5,5.80235,0.456629,0.0,0.889657
11.4441,0.0,6.55302,0.456629,0.0,0.889657
11.4441,0.0,6.55302,0.456629,0.0,0.889657
12.9067,1.5,5.80235,0.456629,0.0,0.889657
11.4441,1.5,6.55302,0.456629,0.0,0.889657
11.4441,0.0,6.55302,0.558647,0.0,0.829406
11.4441,1.5,6.55302,0.558647,0.0,0.829406
10.0806,0.0,7.47139,0.558647,0.0,0.829406
10.0806,0.0,7.47139,0.558647,0.0,0.829406
11.4441,1.5,6.55302,0.558647,0.0,0.829406
10.0806,1.5,7.47139,0.558647,0.0,0.829406
10.0806,0.0,7.47139,0.652822,0.0,0.757511
10.0806,1.5,7.47139,0.652822,0.0,0.757511
8.83535,0.0,8.54459,0.652822,0.0,0.757511
8.83535,0.0,8.54459,0.652822,0.0,0.757511
10.0806,1.5,7.47139,0.652822,0.0,0.757511
8.83535,1.5,8.54459,0.652822,0.0,0.757511
8.83535,0.0,8.54459,0.737834,0.0,0.674983
8.83535,1.5,8.54459,0.737834,0.0,0.674983
7.72573,0.0,9.75753,0.737834,0.0,0.674983
7.72573,0.0,9.75753,0.737834,0.0,0.674983
8.83535,1.5,8.54459,0.737834,0.0,0.674983
7.72573,1.5,9.75753,0.737834,0.0,0.674983
7.72573,0.0,9.75753,0.812487,0.0,0.58298
7.72573,1.5,9.75753,0.812487,0.0,0.58298
6.76736,0.0,11.0932,0.812487,0.0,0.58298
6.76736,0.0,11.0932,0.812487,0.0,0.58298
7.72573,1.5,9.75753,0.812487,0.0,0.58298
6.76736,1.5,11.0932,0.812487,0.0,0.58298
6.76736,0.0,11.0932,0.875735,0.0,0.482792
6.76736,1.5,11.0932,0.875735,0.0,0.482792
5.97368,0.0,12.5328,0.875735,0.0,0.482792
5.97368,0.0,12.5328,0.875735,0.0,0.482792
6.76736,1.5,11.0932,0.875735,0.0,0.482792
5.97368,1.5,12.5328,0.875735,0.0,0.482792
5.97368,0.0,12.5328,0.92669,0.0,0.375827
5.97368,1.5,12.5328,0.92669,0.0,0.375827
5.35585,0.0,14.0563,0.92669,0.0,0.375827
5.35585,0.0,14.0563,0.92669,0.0,0.375827
5.97368,1.5,12.5328,0.92669,0.0,0.375827
5.35585,1.5,14.0563,0.92669,0.0,0.375827
5.35585,0.0,14.0563,0.964636,0.0,0.263587
5.35585,1.5,14.0563,0.964636,0.0,0.263587
4.92253,0.0,15.642,0.964636,0.0,0.263587
4.92253,0.0,15.642,0.964636,0.0,0.263587
5.35585,1.5,14.0563,0.964636,0.0,0.263587
4.92253,1.5,15.642,0.964636,0.0,0.263587
4.92253,0.0,15.642,0.98904,0.0,0.147646
4.92253,1.5,15.642,0.98904,0.0,0.147646
4.67981,0.0,17.268,0.98904,0.0,0.147646
4.67981,0.0,17.268,0.98904,0.0,0.147646
4.92253,1.5,15.642,0.98904,0.0,0.147646
4.67981,1.5,17.268,0.98904,0.0,0.147646
4.67981,0.0,17.268,0.999561,0.0,0.0296334
4.67981,1.5,17.268,0.999561,0.0,0.0296334
4.63109,0.0,18.9112,0.999561,0.0,0.0296334
4.63109,0.0,18.9112,0.999561,0.0,0.0296334
4.67981,1.5,17.268,0.999561,0.0,0.0296334
4.63109,1.5,18.9112,0.999561,0.0,0.0296334
4.63109,0.0,18.9112,0.99605,0.0,-0.0887957
4.63109,1.5,18.9112,0.99605,0.0,-0.0887957
4.77707,0.0,20.5486,0.99605,0.0,-0.0887957
4.77707,0.0,20.5486,0.99605,0.0,-0.0887957
4.63109,1.5,18.9112,0.99605,0.0,-0.0887957
4.77707,1.5,20.5486,0.99605,0.0,-0.0887957
4.77707,0.0,20.5486,0.978556,0.0,-0.205979
4.77707,1.5,20.5486,0.978556,0.0,-0.205979
5.11568,0.0,22.1573,0.978556,0.0,-0.205979
5.11568,0.0,22.1573,0.978556,0.0,-0.205979
4.77707,1.5,20.5486,0.978556,0.0,-0.205979
5.11568,1.5,22.1573,0.978556,0.0,-0.205979
5.11568,0.0,22.1573,0.947326,0.0,-0.32027
5.11568,1.5,22.1573,0.947326,0.0,-0.32027
5.64218,0.0,23.7146,0.947326,0.0,-0.32027
5.64218,0.0,23.7146,0.947326,0.0,-0.32027
5.11568,1.5,22.1573,0.947326,0.0,-0.32027
5.64218,1.5,23.7146,0.947326,0.0,-0.32027
5.64218,0.0,23.7146,0.902798,0.0,-0.430065
5.64218,1.5,23.7146,0.902798,0.0,-0.430065
6.34918,0.0,25.1987,0.902798,0.0,-0.430065
6.34918,0.0,25.1987,0.902798,0.0,-0.430065
5.64218,1.5,23.7146,0.902798,0.0,-0.430065
6.34918,1.5,25.1987,0.902798,0.0,-0.430065
6.34918,0.0,25.1987,0.845596,0.0,-0.533823
6.34918,1.5,25.1987,0.845596,0.0,-0.533823
7.22674,0.0,26.5888,0.845596,0.0,-0.533823
7.22674,0.0,26.5888,0.845596,0.0,-0.533823
6.34918,1.5,25.1987,0.845596,0.0,-0.533823
7.22674,1.5,26.5888,0.845596,0.0,-0.533823
7.22674,0.0,26.5888,0.776524,0.0,-0.630088
7.22674,1.5,26.5888,0.776524,0.0,-0.630088
8.26256,0.0,27.8654,0.776524,0.0,-0.630088
8.26256,0.0,27.8654,0.776524,0.0,-0.630088
7.22674,1.5,26.5888,0.776524,0.0,-0.630088
8.26256,1.5,27.8654,0.776524,0.0,-0.630088
8.26256,0.0,27.8654,0.696551,0.0,-0.717507
8.26256,1.5,27.8654,0.696551,0.0,-0.717507
9.44209,0.0,29.0105,0.696551,0.0,-0.717507
9.44209,0.0,29.0105,0.696551,0.0,-0.717507
8.26256,1.5,27.8654,0.696551,0.0,-0.717507
9.44209,1.5,29.0105,0.696551,0.0,-0.717507
9.44209,0.0,29.0105,0.6068,0.0,-0.794855
9.44209,1.5,29.0105,0.6068,0.0,-0.794855
10.7488,0.0,30.008,0.6068,0.0,-0.794855
10.7488,0.0,30.008,0.6068,0.0,-0.794855
9.44209,1.5,29.0105,0.6068,0.0,-0.794855
10.7488,1.5,30.008,0.6068,0.0,-0.794855
10.7488,0.0,30.008,0.508531,0.0,-0.861044
10.7488,1.5,30.008,0.508531,0.0,-0.861044
12.1643,0.0,30.844,0.508531,0.0,-0.861044
12.1643,0.0,30.844,0.508531,0.0,-0.861044
10.7488,1.5,30.008,0.508531,0.0,-0.861044
12.1643,1.5,30.844,0.508531,0.0,-0.861044
12.1643,0.0,30.844,0.403124,0.0,-0.915146
12.1643,1.5,30.844,0.403124,0.0,-0.915146
13.6687,0.0,31.5067,0.403124,0.0,-0.915146
13.6687,0.0,31.5067,0.403124,0.0,-0.915146
12.1643,1.5,30.844,0.403124,0.0,-0.915146
13.6687,1.5,31.5067,0.403124,0.0,-0.915146
13.6687,0.0,31.5067,0.292057,0.0,-0.956401
13.6687,1.5,31.5067,0.292057,0.0,-0.956401
15.241,0.0,31.9868,0.292057,0.0,-0.956401
15.241,0.0,31.9868,0.292057,0.0,-0.956401
13.6687,1.5,31.5067,0.292057,0.0,-0.956401
15.241,1.5,31.9868,0.292057,0.0,-0.956401
15.241,0.0,31.9868,0.176891,0.0,-0.98423
15.241,1.5,31.9868,0.176891,0.0,-0.98423
16.859,0.0,32.2776,0.176891,0.0,-0.98423
16.859,0.0,32.2776,0.176891,0.0,-0.98423
15.241,1.5,31.9868,0.176891,0.0,-0.98423
16.859,1.5,32.2776,0.176891,0.0,-0.98423
16.859,0.0,32.2776,0.0592395,0.0,-0.998244
16.859,1.5,32.2776,0.0592395,0.0,-0.998244
18.5,0.0,32.375,0.0592395,0.0,-0.998244
18.5,0.0,32.375,0.0592395,0.0,-0.998244
16.859,1.5,32.2776,0.0592395,0.0,-0.998244
18.5,1.5,32.375,0.0592395,0.0,-0.998244
18.5,0.0,32.375,-0.0592395,0.0,-0.998244
18.5,1.5,32.375,-0.0592395,0.0,-0.998244
20.141,0.0,32.2776,-0.0592395,0.0,-0.998244
20.141,0.0,32.2776,-0.0592395,0.0,-0.998244
18.5,1.5,32.375,-0.0592395,0.0,-0.998244
20.141,1.5,32.2776,-0.0592395,0.0,-0.998244
5.64218,1.5,23.7146,0.0,1.0,0.0
1.74451,1.5,26.3424,0.0,1.0,0.0
6.34918,1.5,25.1987,0.0,1.0,0.0
6.34918,1.5,25.1987,0.0,1.0,0.0
1.74451,1.5,26.3424,0.0,1.0,0.0
2.63968,1.5,28.0237,0.0,1.0,0.0
6.34918,1.5,25.1987,0.0,1.0,0.0
2.63968,1.5,28.0237,0.0,1.0,0.0
7.22674,1.5,26.5888,0.0,1.0,0.0
7.22674,1.5,26.5888,0.0,1.0,0.0
2.63968,1.5,28.0237,0.0,1.0,0.0
3.70297,1.5,29.604,0.0,1.0,0.0
7.22674,1.5,26.5888,0.0,1.0,0.0
3.70297,1.5,29.604,0.0,1.0,0.0
8.26256,1.5,27.8654,0.0,1.0,0.0
8.26256,1.5,27.8654,0.0,1.0,0.0
3.70297,1.5,29.604,0.0,1.0,0.0
4.92312,1.5,31.0666,0.0,1.0,0.0
8.26256,1.5,27.8654,0.0,1.0,0.0
4.92312,1.5,31.0666,0.0,1.0,0.0
9.44209,1.5,29.0105,0.0,1.0,0.0
9.44209,1.5,29.0105,0.0,1.0,0.0
4.92312,1.5,31.0666,0.0,1.0,0.0
6.28719,1.5,32.3959,0.0,1.0,0.0
9.44209,1.5,29.0105,0.0,1.0,0.0
6.28719,1.5,32.3959,0.0,1.0,0.0
10.7488,1.5,30.008,0.0,1.0,0.0
10.7488,1.5,30.008,0.0,1.0,0.0
6.28719,1.5,32.3959,0.0,1.0,0.0
7.78071,1.5,33.578,0.0,1.0,0.0
10.7488,1.5,30.008,0.0,1.0,0.0
7.78071,1.5,33.578,0.0,1.0,0.0
12.1643,1.5,30.844,0.0,1.0,0.0
5.97368,1.5,12.5328,0.0,1.0,0.0
1.36301,1.5,11.5305,0.0,1.0,0.0
5.35585,1.5,14.0563,0.0,1.0,0.0
5.35585,1.5,14.0563,0.0,1.0,0.0
1.36301,1.5,11.5305,0.0,1.0,0.0
0.737227,1.5,13.3295,0.0,1.0,0.0
5.35585,1.5,14.0563,0.0,1.0,0.0
0.737227,1.5,13.3295,0.0,1.0,0.0
4.92253,1.5,15.642,0.0,1.0,0.0
4.92253,1.5,15.642,0.0,1.0,0.0
0.737227,1.5,13.3295,0.0,1.0,0.0
0.299739,1.5,15.1833,0.0,1.0,0.0
4.92253,1.5,15.642,0.0,1.0,0.0
0.299739,1.5,15.1833,0.0,1.0,0.0
4.67981,1.5,17.268,0.0,1.0,0.0
4.67981,1.5,17.268,0.0,1.0,0.0
0.299739,1.5,15.1833,0.0,1.0,0.0
0.0551753,1.5,17.0723,0.0,1.0,0.0
4.67981,1.5,17.268,0.0,1.0,0.0
0.0551753,1.5,17.0723,0.0,1.0,0.0
4.63109,1.5,18.9112,0.0,1.0,0.0
4.63109,1.5,18.9112,0.0,1.0,0.0
0.0551753,1.5,17.0723,0.0,1.0,0.0
0.00613369,1.5,18.9763,0.0,1.0,0.0
4.63109,1.5,18.9112,0.0,1.0,0.0
0.00613369,1.5,18.9763,0.0,1.0,0.0
4.77707,1.5,20.5486,0.0,1.0,0.0
4.77707,1.5,20.5486,0.0,1.0,0.0
0.00613369,1.5,18.9763,0.0,1.0,0.0
0.15313,1.5,20.8754,0.0,1.0,0.0
4.77707,1.5,20.5486,0.0,1.0,0.0
0.15313,1.5,20.8754,0.0,1.0,0.0
5.11568,1.5,22.1573,0.0,1.0,0.0
5.11568,1.5,22.1573,0.0,1.0,0.0
0.15313,1.5,20.8754,0.0,1.0,0.0
0.494609,1.5,22.7492,0.0,1.0,0.0
5.11568,1.5,22.1573,0.0,1.0,0.0
0.494609,1.5,22.7492,0.0,1.0,0.0
5.64218,1.5,23.7146,0.0,1.0,0.0
5.64218,1.5,23.7146,0.0,1.0,0.0
0.494609,1.5,22.7492,0.0,1.0,0.0
1.02695,1.5,24.578,0.0,1.0,0.0
5.64218,1.5,23.7146,0.0,1.0,0.0
1.02695,1.5,24.578,0.0,1.0,0.0
1.74451,1.5,26.3424,0.0,1.0,0.0
23.3313,1.5,31.5067,0.0,1.0,0.0
25.9084,1.5,35.4519,0.0,1.0,0.0
24.8357,1.5,30.844,0.0,1.0,0.0
24.8357,1.5,30.844,0.0,1.0,0.0
25.9084,1.5,35.4519,0.0,1.0,0.0
27.6121,1.5,34.6003,0.0,1.0,0.0
24.8357,1.5,30.844,0.0,1.0,0.0
27.6121,1.5,34.6003,0.0,1.0,0.0
26.2512,1.5,30.008,0.0,1.0,0.0
26.2512,1.5,30.008,0.0,1.0,0.0
27.6121,1.5,34.6003,0.0,1.0,0.0
29.2193,1.5,33.578,0.0,1.0,0.0
26.2512,1.5,30.008,0.0,1.0,0.0
29.2193,1.5,33.578,0.0,1.0,0.0
27.5579,1.5,29.0105,0.0,1.0,0.0
27.5579,1.5,29.0105,0.0,1.0,0.0
29.2193,1.5,33.578,0.0,1.0,0.0
30.7128,1.5,32.3959,0.0,1.0,0.0
27.5579,1.5,29.0105,0.0,1.0,0.0
30.7128,1.5,32.3959,0.0,1.0,0.0
28.7374,1.5,27.8654,0.0,1.0,0.0
28.7374,1.5,27.8654,0.0,1.0,0.0
30.7128,1.5,32.3959,0.0,1.0,0.0
32.0769,1.5,31.0666,0.0,1.0,0.0
28.7374,1.5,27.8654,0.0,1.0,0.0
32.0769,1.5,31.0666,0.0,1.0,0.0
29.7733,1.5,26.5888,0.0,1.0,0.0
29.7733,1.5,26.5888,0.0,1.0,0.0
32.0769,1.5,31.0666,0.0,1.0,0.0
33.297,1.5,29.604,0.0,1.0,0.0
29.7733,1.5,26.5888,0.0,1.0,0.0
33.297,1.5,29.604,0.0,1.0,0.0
30.6508,1.5,25.1987,0.0,1.0,0.0
14.4477,1.5,5.22994,0.0,1.0,0.0
11.9741,1.5,1.18924,0.0,1.0,0.0
12.9067,1.5,5.80235,0.0,1.0,0.0
12.9067,1.5,5.80235,0.0,1.0,0.0
11.9741,1.5,1.18924,0.0,1.0,0.0
10.2288,1.5,1.95199,0.0,1.0,0.0
12.9067,1.5,5.80235,0.0,1.0,0.0
10.2288,1.5,1.95199,0.0,1.0,0.0
11.4441,1.5,6.55302,0.0,1.0,0.0
11.4441,1.5,6.55302,0.0,1.0,0.0
10.2288,1.5,1.95199,0.0,1.0,0.0
8.57112,1.5,2.89015,0.0,1.0,0.0
11.4441,1.5,6.55302,0.0,1.0,0.0
8.57112,1.5,2.89015,0.0,1.0,0.0
10.0806,1.5,7.47139,0.0,1.0,0.0
10.0806,1.5,7.47139,0.0,1.0,0.0
8.57112,1.5,2.89015,0.0,1.0,0.0
7.01872,1.5,3.99378,0.0,1.0,0.0
10.0806,1.5,7.47139,0.0,1.0,0.0
7.01872,1.5,3.99378,0.0,1.0,0.0
8.83535,1.5,8.54459,0.0,1.0,0.0
8.83535,1.5,8.54459,0.0,1.0,0.0
7.01872,1.5,3.99378,0.0,1.0,0.0
5.58803,1.5,5.25118,0.0,1.0,0.0
8.83535,1.5,8.54459,0.0,1.0,0.0
5.58803,1.5,5.25118,0.0,1.0,0.0
7.72573,1.5,9.75753,0.0,1.0,0.0
7.72573,1.5,9.75753,0.0,1.0,0.0
5.58803,1.5,5.25118,0.0,1.0,0.0
4.29421,1.5,6.64903,0.0,1.0,0.0
7.72573,1.5,9.75753,0.0,1.0,0.0
4.29421,1.5,6.64903,0.0,1.0,0.0
6.76736,1.5,11.0932,0.0,1.0,0.0
6.76736,1.5,11.0932,0.0,1.0,0.0
4.29421,1.5,6.64903,0.0,1.0,0.0
3.15098,1.5,8.17249,0.0,1.0,0.0
6.76736,1.5,11.0932,0.0,1.0,0.0
3.15098,1.5,8.17249,0.0,1.0,0.0
5.97368,1.5,12.5328,0.0,1.0,0.0
5.97368,1.5,12.5328,0.0,1.0,0.0
3.15098,1.5,8.17249,0.0,1.0,0.0
2.17044,1.5,9.80543,0.0,1.0,0.0
5.97368,1.5,12.5328,0.0,1.0,0.0
2.17044,1.5,9.80543,0.0,1.0,0.0
1.36301,1.5,11.5305,0.0,1.0,0.0
31.6442,1.5,14.0563,0.0,1.0,0.0
35.637,1.5,11.5305,0.0,1.0,0.0
31.0263,1.5,12.5328,0.0,1.0,0.0
31.0263,1.5,12.5328,0.0,1.0,0.0
35.637,1.5,11.5305,0.0,1.0,0.0
34.8296,1.5,9.80543,0.0,1.0,0.0
31.0263,1.5,12.5328,0.0,1.0,0.0
34.8296,1.5,9.80543,0.0,1.0,0.0
30.2326,1.5,11.0932,0.0,1.0,0.0
30.2326,1.5,11.0932,0.0,1.0,0.0
34.8296,1.5,9.80543,0.0,1.0,0.0
33.849,1.5,8.17249,0.0,1.0,0.0
30.2326,1.5,11.0932,0.0,1.0,0.0
33.849,1.5,8.17249,0.0,1.0,0.0
29.2743,1.5,9.75753,0.0,1.0,0.0
29.2743,1.5,9.75753,0.0,1.0,0.0
33.849,1.5,8.17249,0.0,1.0,0.0
32.7058,1.5,6.64903,0.0,1.0,0.0
29.2743,1.5,9.75753,0.0,1.0,0.0
32.7058,1.5,6.64903,0.0,1.0,0.0
28.1646,1.5,8.54459,0.0,1.0,0.0
28.1646,1.5,8.54459,0.0,1.0,0.0
32.7058,1.5,6.64903,0.0,1.0,0.0
31.412,1.5,5.25118,0.0,1.0,0.0
28.1646,1.5,8.54459,0.0,1.0,0.0
31.412,1.5,5.25118,0.0,1.0,0.0
26.9194,1.5,7.47139,0.0,1.0,0.0
26.9194,1.5,7.47139,0.0,1.0,0.0
31.412,1.5,5.25118,0.0,1.0,0.0
29.9813,1.5,3.99378,0.0,1.0,0.0
26.9194,1.5,7.47139,0.0,1.0,0.0
29.9813,1.5,3.99378,0.0,1.0,0.0
25.5559,1.5,6.55302,0.0,1.0,0.0
25.5559,1.5,6.55302,0.0,1.0,0.0
29.9813,1.5,3.99378,0.0,1.0,0.0
28.4289,1.5,2.89015,0.0,1.0,0.0
25.5559,1.5,6.55302,0.0,1.0,0.0
28.4289,1.5,2.89015,0.0,1.0,0.0
24.0933,1.5,5.80235,0.0,1.0,0.0
7.78071,1.5,33.578,0.0,1.0,0.0
9.38786,1.5,34.6003,0.0,1.0,0.0
12.1643,1.5,30.844,0.0,1.0,0.0
12.1643,1.5,30.844,0.0,1.0,0.0
9.38786,1.5,34.6003,0.0,1.0,0.0
11.0916,1.5,35.4519,0.0,1.0,0.0
12.1643,1.5,30.844,0.0,1.0,0.0
11.0916,1.5,35.4519,0.0,1.0,0.0
13.6687,1.5,31.5067,0.0,1.0,0.0
13.6687,1.5,31.5067,0.0,1.0,0.0
11.0916,1.5,35.4519,0.0,1.0,0.0
12.8739,1.5,36.1238,0.0,1.0,0.0
13.6687,1.5,31.5067,0.0,1.0,0.0
12.8739,1.5,36.1238,0.0,1.0,0.0
15.241,1.5,31.9868,0.0,1.0,0.0
15.241,1.5,31.9868,0.0,1.0,0.0
12.8739,1.5,36.1238,0.0,1.0,0.0
14.7158,1.5,36.6088,0.0,1.0,0.0
15.241,1.5,31.9868,0.0,1.0,0.0
14.7158,1.5,36.6088,0.0,1.0,0.0
16.859,1.5,32.2776,0.0,1.0,0.0
16.859,1.5,32.2776,0.0,1.0,0.0
14.7158,1.5,36.6088,0.0,1.0,0.0
16.5978,1.5,36.9019,0.0,1.0,0.0
16.859,1.5,32.2776,0.0,1.0,0.0
16.5978,1.5,36.9019,0.0,1.0,0.0
18.5,1.5,32.375,0.0,1.0,0.0
18.5,1.5,32.375,0.0,1.0,0.0
16.5978,1.5,36.9019,0.0,1.0,0.0
18.5,1.5,37.0,0.0,1.0,0.0
18.5,1.5,32.375,0.0,1.0,0.0
18.5,1.5,37.0,0.0,1.0,0.0
20.141,1.5,32.2776,0.0,1.0,0.0
20.141,1.5,32.2776,0.0,1.0,0.0
18.5,1.5,37.0,0.0,1.0,0.0
20.4022,1.5,36.9019,0.0,1.0,0.0
20.141,1.5,32.2776,0.0,1.0,0.0
20.4022,1.5,36.9019,0.0,1.0,0.0
21.759,1.5,31.9868,0.0,1.0,0.0
21.759,1.5,31.9868,0.0,1.0,0.0
20.4022,1.5,36.9019,0.0,1.0,0.0
22.2842,1.5,36.6088,0.0,1.0,0.0
21.759,1.5,31.9868,0.0,1.0,0.0
22.2842,1.5,36.6088,0.0,1.0,0.0
23.3313,1.5,31.5067,0.0,1.0,0.0
23.3313,1.5,31.5067,0.0,1.0,0.0
22.2842,1.5,36.6088,0.0,1.0,0.0
24.1261,1.5,36.1238,0.0,1.0,0.0
23.3313,1.5,31.5067,0.0,1.0,0.0
24.1261,1.5,36.1238,0.0,1.0,0.0
25.9084,1.5,35.4519,0.0,1.0,0.0
33.297,1.5,29.604,0.0,1.0,0.0
34.3603,1.5,28.0237,0.0,1.0,0.0
30.6508,1.5,25.1987,0.0,1.0,0.0
30.6508,1.5,25.1987,0.0,1.0,0.0
34.3603,1.5,28.0237,0.0,1.0,0.0
35.2555,1.5,26.3424,0.0,1.0,0.0
30.6508,1.5,25.1987,0.0,1.0,0.0
35.2555,1.5,26.3424,0.0,1.0,0.0
31.3578,1.5,23.7146,0.0,1.0,0.0
31.3578,1.5,23.7146,0.0,1.0,0.0
35.2555,1.5,26.3424,0.0,1.0,0.0
35.973,1.5,24.578,0.0,1.0,0.0
31.3578,1.5,23.7146,0.0,1.0,0.0
35.973,1.5,24.578,0.0,1.0,0.0
31.8843,1.5,22.1573,0.0,1.0,0.0
31.8843,1.5,22.1573,0.0,1.0,0.0
35.973,1.5,24.578,0.0,1.0,0.0
36.5054,1.5,22.7492,0.0,1.0,0.0
31.8843,1.5,22.1573,0.0,1.0,0.0
36.5054,1.5,22.7492,0.0,1.0,0.0
32.2229,1.5,20.5486,0.0,1.0,0.0
32.2229,1.5,20.5486,0.0,1.0,0.0
36.5054,1.5,22.7492,0.0,1.0,0.0
36.8469,1.5,20.8754,0.0,1.0,0.0
32.2229,1.5,20.5486,0.0,1.0,0.0
36.8469,1.5,20.8754,0.0,1.0,0.0
32.3689,1.5,18.9112,0.0,1.0,0.0
32.3689,1.5,18.9112,0.0,1.0,0.0
36.8469,1.5,20.8754,0.0,1.0,0.0
36.9939,1.5,18.9763,0.0,1.0,0.0
32.3689,1.5,18.9112,0.0,1.0,0.0
36.9939,1.5,18.9763,0.0,1.0,0.0
32.3202,1.5,17.268,0.0,1.0,0.0
32.3202,1.5,17.268,0.0,1.0,0.0
36.9939,1.5,18.9763,0.0,1.0,0.0
36.9448,1.5,17.0723,0.0,1.0,0.0
32.3202,1.5,17.268,0.0,1.0,0.0
36.9448,1.5,17.0723,0.0,1.0,0.0
32.0775,1.5,15.642,0.0,1.0,0.0
32.0775,1.5,15.642,0.0,1.0,0.0
36.9448,1.5,17.0723,0.0,1.0,0.0
36.7003,1.5,15.1833,0.0,1.0,0.0
32.0775,1.5,15.642,0.0,1.0,0.0
36.7003,1.5,15.1833,0.0,1.0,0.0
31.6442,1.5,14.0563,0.0,1.0,0.0
31.6442,1.5,14.0563,0.0,1.0,0.0
36.7003,1.5,15.1833,0.0,1.0,0.0
36.2628,1.5,13.3295,0.0,1.0,0.0
31.6442,1.5,14.0563,0.0,1.0,0.0
36.2628,1.5,13.3295,0.0,1.0,0.0
35.637,1.5,11.5305,0.0,1.0,0.0
28.4289,1.5,2.89015,0.0,1.0,0.0
26.7712,1.5,1.95199,0.0,1.0,0.0
24.0933,1.5,5.80235,0.0,1.0,0.0
24.0933,1.5,5.80235,0.0,1.0,0.0
26.7712,1.5,1.95199,0.0,1.0,0.0
25.0259,1.5,1.18924,0.0,1.0,0.0
24.0933,1.5,5.80235,0.0,1.0,0.0
25.0259,1.5,1.18924,0.0,1.0,0.0
22.5523,1.5,5.22994,0.0,1.0,0.0
22.5523,1.5,5.22994,0.0,1.0,0.0
25.0259,1.5,1.18924,0.0,1.0,0.0
23.2114,1.5,0.609986,0.0,1.0,0.0
22.5523,1.5,5.22994,0.0,1.0,0.0
23.2114,1.5,0.609986,0.0,1.0,0.0
20.9544,1.5,4.8438,0.0,1.0,0.0
20.9544,1.5,4.8438,0.0,1.0,0.0
23.2114,1.5,0.609986,0.0,1.0,0.0
21.347,1.5,0.220373,0.0,1.0,0.0
20.9544,1.5,4.8438,0.0,1.0,0.0
21.347,1.5,0.220373,0.0,1.0,0.0
19.322,1.5,4.64937,0.0,1.0,0.0
19.322,1.5,4.64937,0.0,1.0,0.0
21.347,1.5,0.220373,0.0,1.0,0.0
19.4524,1.5,0.0245292,0.0,1.0,0.0
19.322,1.5,4.64937,0.0,1.0,0.0
19.4524,1.5,0.0245292,0.0,1.0,0.0
17.678,1.5,4.64937,0.0,1.0,0.0
17.678,1.5,4.64937,0.0,1.0,0.0
19.4524,1.5,0.0245292,0.0,1.0,0.0
17.5476,1.5,0.0245292,0.0,1.0,0.0
17.678,1.5,4.64937,0.0,1.0,0.0
17.5476,1.5,0.0245292,0.0,1.0,0.0
16.0456,1.5,4.8438,0.0,1.0,0.0
16.0456,1.5,4.8438,0.0,1.0,0.0
17.5476,1.5,0.0245292,0.0,1.0,0.0
15.653,1.5,0.220373,0.0,1.0,0.0
16.0456,1.5,4.8438,0.0,1.0,0.0
15.653,1.5,0.220373,0.0,1.0,0.0
14.4477,1.5,5.22994,0.0,1.0,0.0
14.4477,1.5,5.22994,0.0,1.0,0.0
15.653,1.5,0.220373,0.0,1.0,0.0
13.7886,1.5,0.609986,0.0,1.0,0.0
14.4477,1.5,5.22994,0.0,1.0,0.0
13.7886,1.5,0.609986,0.0,1.0,0.0
11.9741,1.5,1.18924,0.0,1.0,0.0
