17.119,0.0,10.424,0.0,-1.0,0.0
15.909,0.0,0.422886,0.0,-1.0,0.0
18.544,0.0,10.1066,0.0,-1.0,0.0
18.544,0.0,10.1066,0.0,-1.0,0.0
15.909,0.0,0.422886,0.0,-1.0,0.0
17.9436,0.0,0.106001,0.0,-1.0,0.0
18.544,0.0,10.1066,0.0,-1.0,0.0
17.9436,0.0,0.106001,0.0,-1.0,0.0
20.0,0.0,10.0,0.0,-1.0,0.0
20.0,0.0,10.0,0.0,-1.0,0.0
17.9436,0.0,0.106001,0.0,-1.0,0.0
20.0,0.0,0.0,0.0,-1.0,0.0
20.0,0.0,10.0,0.0,-1.0,0.0
20.0,0.0,0.0,0.0,-1.0,0.0
21.456,0.0,10.1066,0.0,-1.0,0.0
29.2035,0.0,16.089,0.0,-1.0,0.0
38.8898,0.0,13.4292,0.0,-1.0,0.0
29.6748,0.0,17.4707,0.0,-1.0,0.0
29.6748,0.0,17.4707,0.0,-1.0,0.0
38.8898,0.0,13.4292,0.0,-1.0,0.0
39.4653,0.0,15.4062,0.0,-1.0,0.0
29.6748,0.0,17.4707,0.0,-1.0,0.0
39.4653,0.0,15.4062,0.0,-1.0,0.0
29.94,0.0,18.9063,0.0,-1.0,0.0
12.801,0.0,26.9407,0.0,-1.0,0.0
4.64239,0.0,32.8119,0.0,-1.0,0.0
11.8671,0.0,25.8186,0.0,-1.0,0.0
11.8671,0.0,25.8186,0.0,-1.0,0.0
4.64239,0.0,32.8119,0.0,-1.0,0.0
3.40646,0.0,31.1649,0.0,-1.0,0.0
11.8671,0.0,25.8186,0.0,-1.0,0.0
3.40646,0.0,31.1649,0.0,-1.0,0.0
11.1066,0.0,24.5724,0.0,-1.0,0.0
19.27,0.0,29.9733,0.0,-1.0,0.0
16.9222,0.0,39.7618,0.0,-1.0,0.0
17.8257,0.0,29.7608,0.0,-1.0,0.0
17.8257,0.0,29.7608,0.0,-1.0,0.0
16.9222,0.0,39.7618,0.0,-1.0,0.0
14.9066,0.0,39.3406,0.0,-1.0,0.0
17.8257,0.0,29.7608,0.0,-1.0,0.0
14.9066,0.0,39.3406,0.0,-1.0,0.0
16.4277,0.0,29.3402,0.0,-1.0,0.0
16.4277,0.0,29.3402,0.0,-1.0,0.0
14.9066,0.0,39.3406,0.0,-1.0,0.0
12.945,0.0,38.7143,0.0,-1.0,0.0
16.4277,0.0,29.3402,0.0,-1.0,0.0
12.945,0.0,38.7143,0.0,-1.0,0.0
15.1058,0.0,28.7205,0.0,-1.0,0.0
26.6732,0.0,12.5523,0.0,-1.0,0.0
34.6777,0.0,6.41453,0.0,-1.0,0.0
27.6865,0.0,13.6033,0.0,-1.0,0.0
27.6865,0.0,13.6033,0.0,-1.0,0.0
34.6777,0.0,6.41453,0.0,-1.0,0.0
35.9968,0.0,7.99571,0.0,-1.0,0.0
27.6865,0.0,13.6033,0.0,-1.0,0.0
35.9968,0.0,7.99571,0.0,-1.0,0.0
28.5359,0.0,14.7906,0.0,-1.0,0.0
28.5359,0.0,14.7906,0.0,-1.0,0.0
35.9968,0.0,7.99571,0.0,-1.0,0.0
37.1463,0.0,9.70414,0.0,-1.0,0.0
28.5359,0.0,14.7906,0.0,-1.0,0.0
37.1463,0.0,9.70414,0.0,-1.0,0.0
29.2035,0.0,16.089,0.0,-1.0,0.0
29.2035,0.0,16.089,0.0,-1.0,0.0
37.1463,0.0,9.70414,0.0,-1.0,0.0
38.114,0.0,11.5217,0.0,-1.0,0.0
29.2035,0.0,16.089,0.0,-1.0,0.0
38.114,0.0,11.5217,0.0,-1.0,0.0
38.8898,0.0,13.4292,0.0,-1.0,0.0
20.0,0.0,0.0,0.0,-1.0,0.0
22.0564,0.0,0.106001,0.0,-1.0,0.0
21.456,0.0,10.1066,0.0,-1.0,0.0
21.456,0.0,10.1066,0.0,-1.0,0.0
22.0564,0.0,0.106001,0.0,-1.0,0.0
24.091,0.0,0.422886,0.0,-1.0,0.0
21.456,0.0,10.1066,0.0,-1.0,0.0
24.091,0.0,0.422886,0.0,-1.0,0.0
22.881,0.0,10.424,0.0,-1.0,0.0
22.881,0.0,10.424,0.0,-1.0,0.0
24.091,0.0,0.422886,0.0,-1.0,0.0
26.0823,0.0,0.947291,0.0,-1.0,0.0
22.881,0.0,10.424,0.0,-1.0,0.0
26.0823,0.0,0.947291,0.0,-1.0,0.0
24.2446,0.0,10.9455,0.0,-1.0,0.0
10.0067,0.0,20.3652,0.0,-1.0,0.0
0.00663102,0.0,19.485,0.0,-1.0,0.0
10.06,0.0,18.9063,0.0,-1.0,0.0
10.06,0.0,18.9063,0.0,-1.0,0.0
0.00663102,0.0,19.485,0.0,-1.0,0.0
0.165546,0.0,17.432,0.0,-1.0,0.0
10.06,0.0,18.9063,0.0,-1.0,0.0
0.165546,0.0,17.432,0.0,-1.0,0.0
10.3252,0.0,17.4707,0.0,-1.0,0.0
3.40646,0.0,31.1649,0.0,-1.0,0.0
2.34642,0.0,29.3995,0.0,-1.0,0.0
11.1066,0.0,24.5724,0.0,-1.0,0.0
11.1066,0.0,24.5724,0.0,-1.0,0.0
2.34642,0.0,29.3995,0.0,-1.0,0.0
1.47352,0.0,27.5346,0.0,-1.0,0.0
11.1066,0.0,24.5724,0.0,-1.0,0.0
1.47352,0.0,27.5346,0.0,-1.0,0.0
10.5356,0.0,23.2288,0.0,-1.0,0.0
10.5356,0.0,23.2288,0.0,-1.0,0.0
1.47352,0.0,27.5346,0.0,-1.0,0.0
0.797002,0.0,25.5897,0.0,-1.0,0.0
10.5356,0.0,23.2288,0.0,-1.0,0.0
0.797002,0.0,25.5897,0.0,-1.0,0.0
10.1663,0.0,21.8164,0.0,-1.0,0.0
10.1663,0.0,21.8164,0.0,-1.0,0.0
0.797002,0.0,25.5897,0.0,-1.0,0.0
0.324041,0.0,23.5856,0.0,-1.0,0.0
10.1663,0.0,21.8164,0.0,-1.0,0.0
0.324041,0.0,23.5856,0.0,-1.0,0.0
10.0067,0.0,20.3652,0.0,-1.0,0.0
10.0067,0.0,20.3652,0.0,-1.0,0.0
0.324041,0.0,23.5856,0.0,-1.0,0.0
0.0596493,0.0,21.5435,0.0,-1.0,0.0
10.0067,0.0,20.3652,0.0,-1.0,0.0
0.0596493,0.0,21.5435,0.0,-1.0,0.0
0.00663102,0.0,19.485,0.0,-1.0,0.0
12.945,0.0,38.7143,0.0,-1.0,0.0
11.0581,0.0,37.8897,0.0,-1.0,0.0
15.1058,0.0,28.7205,0.0,-1.0,0.0
15.1058,0.0,28.7205,0.0,-1.0,0.0
11.0581,0.0,37.8897,0.0,-1.0,0.0
9.26608,0.0,36.8755,0.0,-1.0,0.0
15.1058,0.0,28.7205,0.0,-1.0,0.0
9.26608,0.0,36.8755,0.0,-1.0,0.0
13.8883,0.0,27.915,0.0,-1.0,0.0
13.8883,0.0,27.915,0.0,-1.0,0.0
9.26608,0.0,36.8755,0.0,-1.0,0.0
7.58781,0.0,35.6824,0.0,-1.0,0.0
13.8883,0.0,27.915,0.0,-1.0,0.0
7.58781,0.0,35.6824,0.0,-1.0,0.0
12.801,0.0,26.9407,0.0,-1.0,0.0
12.801,0.0,26.9407,0.0,-1.0,0.0
7.58781,0.0,35.6824,0.0,-1.0,0.0
6.04112,0.0,34.323,0.0,-1.0,0.0
12.801,0.0,26.9407,0.0,-1.0,0.0
6.04112,0.0,34.323,0.0,-1.0,0.0
4.64239,0.0,32.8119,0.0,-1.0,0.0
22.1743,0.0,29.7608,0.0,-1.0,0.0
23.0778,0.0,39.7618,0.0,-1.0,0.0
20.73,0.0,29.9733,0.0,-1.0,0.0
20.73,0.0,29.9733,0.0,-1.0,0.0
23.0778,0.0,39.7618,0.0,-1.0,0.0
21.0296,0.0,39.9735,0.0,-1.0,0.0
20.73,0.0,29.9733,0.0,-1.0,0.0
21.0296,0.0,39.9735,0.0,-1.0,0.0
19.27,0.0,29.9733,0.0,-1.0,0.0
19.27,0.0,29.9733,0.0,-1.0,0.0
21.0296,0.0,39.9735,0.0,-1.0,0.0
18.9704,0.0,39.9735,0.0,-1.0,0.0
19.27,0.0,29.9733,0.0,-1.0,0.0
18.9704,0.0,39.9735,0.0,-1.0,0.0
16.9222,0.0,39.7618,0.0,-1.0,0.0
26.1117,0.0,27.915,0.0,-1.0,0.0
30.7339,0.0,36.8755,0.0,-1.0,0.0
24.8942,0.0,28.7205,0.0,-1.0,0.0
24.8942,0.0,28.7205,0.0,-1.0,0.0
30.7339,0.0,36.8755,0.0,-1.0,0.0
28.9419,0.0,37.8897,0.0,-1.0,0.0
24.8942,0.0,28.7205,0.0,-1.0,0.0
28.9419,0.0,37.8897,0.0,-1.0,0.0
23.5723,0.0,29.3402,0.0,-1.0,0.0
23.5723,0.0,29.3402,0.0,-1.0,0.0
28.9419,0.0,37.8897,0.0,-1.0,0.0
27.055,0.0,38.7143,0.0,-1.0,0.0
23.5723,0.0,29.3402,0.0,-1.0,0.0
27.055,0.0,38.7143,0.0,-1.0,0.0
22.1743,0.0,29.7608,0.0,-1.0,0.0
22.1743,0.0,29.7608,0.0,-1.0,0.0
27.055,0.0,38.7143,0.0,-1.0,0.0
25.0934,0.0,39.3406,0.0,-1.0,0.0
22.1743,0.0,29.7608,0.0,-1.0,0.0
25.0934,0.0,39.3406,0.0,-1.0,0.0
23.0778,0.0,39.7618,0.0,-1.0,0.0
26.0823,0.0,0.947291,0.0,-1.0,0.0
28.0091,0.0,1.67366,0.0,-1.0,0.0
24.2446,0.0,10.9455,0.0,-1.0,0.0
24.2446,0.0,10.9455,0.0,-1.0,0.0
28.0091,0.0,1.67366,0.0,-1.0,0.0
29.851,0.0,2.59429,0.0,-1.0,0.0
24.2446,0.0,10.9455,0.0,-1.0,0.0
29.851,0.0,2.59429,0.0,-1.0,0.0
25.5177,0.0,11.66,0.0,-1.0,0.0
25.5177,0.0,11.66,0.0,-1.0,0.0
29.851,0.0,2.59429,0.0,-1.0,0.0
31.5884,0.0,3.69943,0.0,-1.0,0.0
25.5177,0.0,11.66,0.0,-1.0,0.0
31.5884,0.0,3.69943,0.0,-1.0,0.0
26.6732,0.0,12.5523,0.0,-1.0,0.0
26.6732,0.0,12.5523,0.0,-1.0,0.0
31.5884,0.0,3.69943,0.0,-1.0,0.0
33.203,0.0,4.97736,0.0,-1.0,0.0
26.6732,0.0,12.5523,0.0,-1.0,0.0
33.203,0.0,4.97736,0.0,-1.0,0.0
34.6777,0.0,6.41453,0.0,-1.0,0.0
14.4823,0.0,11.66,0.0,-1.0,0.0
10.149,0.0,2.59429,0.0,-1.0,0.0
15.7554,0.0,10.9455,0.0,-1.0,0.0
15.7554,0.0,10.9455,0.0,-1.0,0.0
10.149,0.0,2.59429,0.0,-1.0,0.0
11.9909,0.0,1.67366,0.0,-1.0,0.0
15.7554,0.0,10.9455,0.0,-1.0,0.0
11.9909,0.0,1.67366,0.0,-1.0,0.0
17.119,0.0,10.424,0.0,-1.0,0.0
17.119,0.0,10.424,0.0,-1.0,0.0
11.9909,0.0,1.67366,0.0,-1.0,0.0
13.9177,0.0,0.947291,0.0,-1.0,0.0
17.119,0.0,10.424,0.0,-1.0,0.0
13.9177,0.0,0.947291,0.0,-1.0,0.0
15.909,0.0,0.422886,0.0,-1.0,0.0
12.3135,0.0,13.6033,0.0,-1.0,0.0
5.32229,0.0,6.41453,0.0,-1.0,0.0
13.3268,0.0,12.5523,0.0,-1.0,0.0
13.3268,0.0,12.5523,0.0,-1.0,0.0
5.32229,0.0,6.41453,0.0,-1.0,0.0
6.79696,0.0,4.97736,0.0,-1.0,0.0
13.3268,0.0,12.5523,0.0,-1.0,0.0
6.79696,0.0,4.97736,0.0,-1.0,0.0
14.4823,0.0,11.66,0.0,-1.0,0.0
14.4823,0.0,11.66,0.0,-1.0,0.0
6.79696,0.0,4.97736,0.0,-1.0,0.0
8.41158,0.0,3.69943,0.0,-1.0,0.0
14.4823,0.0,11.66,0.0,-1.0,0.0
8.41158,0.0,3.69943,0.0,-1.0,0.0
10.149,0.0,2.59429,0.0,-1.0,0.0
0.165546,0.0,17.432,0.0,-1.0,0.0
0.534711,0.0,15.4062,0.0,-1.0,0.0
10.3252,0.0,17.4707,0.0,-1.0,0.0
10.3252,0.0,17.4707,0.0,-1.0,0.0
0.534711,0.0,15.4062,0.0,-1.0,0.0
1.11021,0.0,13.4292,0.0,-1.0,0.0
10.3252,0.0,17.4707,0.0,-1.0,0.0
1.11021,0.0,13.4292,0.0,-1.0,0.0
10.7965,0.0,16.089,0.0,-1.0,0.0
10.7965,0.0,16.089,0.0,-1.0,0.0
1.11021,0.0,13.4292,0.0,-1.0,0.0
1.88595,0.0,11.5217,0.0,-1.0,0.0
10.7965,0.0,16.089,0.0,-1.0,0.0
1.88595,0.0,11.5217,0.0,-1.0,0.0
11.4641,0.0,14.7906,0.0,-1.0,0.0
11.4641,0.0,14.7906,0.0,-1.0,0.0
1.88595,0.0,11.5217,0.0,-1.0,0.0
2.85371,0.0,9.70414,0.0,-1.0,0.0
11.4641,0.0,14.7906,0.0,-1.0,0.0
2.85371,0.0,9.70414,0.0,-1.0,0.0
12.3135,0.0,13.6033,0.0,-1.0,0.0
12.3135,0.0,13.6033,0.0,-1.0,0.0
2.85371,0.0,9.70414,0.0,-1.0,0.0
4.00322,0.0,7.99571,0.0,-1.0,0.0
12.3135,0.0,13.6033,0.0,-1.0,0.0
4.00322,0.0,7.99571,0.0,-1.0,0.0
5.32229,0.0,6.41453,0.0,-1.0,0.0
28.1329,0.0,25.8186,0.0,-1.0,0.0
35.3576,0.0,32.8119,0.0,-1.0,0.0
27.199,0.0,26.9407,0.0,-1.0,0.0
27.199,0.0,26.9407,0.0,-1.0,0.0
35.3576,0.0,32.8119,0.0,-1.0,0.0
33.9589,0.0,34.323,0.0,-1.0,0.0
27.199,0.0,26.9407,0.0,-1.0,0.0
33.9589,0.0,34.323,0.0,-1.0,0.0
26.1117,0.0,27.915,0.0,-1.0,0.0
26.1117,0.0,27.915,0.0,-1.0,0.0
33.9589,0.0,34.323,0.0,-1.0,0.0
32.4122,0.0,35.6824,0.0,-1.0,0.0
26.1117,0.0,27.915,0.0,-1.0,0.0
32.4122,0.0,35.6824,0.0,-1.0,0.0
30.7339,0.0,36.8755,0.0,-1.0,0.0
29.4644,0.0,23.2288,0.0,-1.0,0.0
38.5265,0.0,27.5346,0.0,-1.0,0.0
28.8934,0.0,24.5724,0.0,-1.0,0.0
28.8934,0.0,24.5724,0.0,-1.0,0.0
38.5265,0.0,27.5346,0.0,-1.0,0.0
37.6536,0.0,29.3995,0.0,-1.0,0.0
28.8934,0.0,24.5724,0.0,-1.0,0.0
37.6536,0.0,29.3995,0.0,-1.0,0.0
28.1329,0.0,25.8186,0.0,-1.0,0.0
28.1329,0.0,25.8186,0.0,-1.0,0.0
37.6536,0.0,29.3995,0.0,-1.0,0.0
36.5935,0.0,31.1649,0.0,-1.0,0.0
28.1329,0.0,25.8186,0.0,-1.0,0.0
36.5935,0.0,31.1649,0.0,-1.0,0.0
35.3576,0.0,32.8119,0.0,-1.0,0.0
39.4653,0.0,15.4062,0.0,-1.0,0.0
39.8345,0.0,17.432,0.0,-1.0,0.0
29.94,0.0,18.9063,0.0,-1.0,0.0
29.94,0.0,18.9063,0.0,-1.0,0.0
39.8345,0.0,17.432,0.0,-1.0,0.0
39.9934,0.0,19.485,0.0,-1.0,0.0
29.94,0.0,18.9063,0.0,-1.0,0.0
39.9934,0.0,19.485,0.0,-1.0,0.0
29.9933,0.0,20.3652,0.0,-1.0,0.0
29.9933,0.0,20.3652,0.0,-1.0,0.0
39.9934,0.0,19.485,0.0,-1.0,0.0
39.9403,0.0,21.5435,0.0,-1.0,0.0
29.9933,0.0,20.3652,0.0,-1.0,0.0
39.9403,0.0,21.5435,0.0,-1.0,0.0
29.8337,0.0,21.8164,0.0,-1.0,0.0
29.8337,0.0,21.8164,0.0,-1.0,0.0
39.9403,0.0,21.5435,0.0,-1.0,0.0
39.676,0.0,23.5856,0.0,-1.0,0.0
29.8337,0.0,21.8164,0.0,-1.0,0.0
39.676,0.0,23.5856,0.0,-1.0,0.0
29.4644,0.0,23.2288,0.0,-1.0,0.0
29.4644,0.0,23.2288,0.0,-1.0,0.0
39.676,0.0,23.5856,0.0,-1.0,0.0
39.203,0.0,25.5897,0.0,-1.0,0.0
29.4644,0.0,23.2288,0.0,-1.0,0.0
39.203,0.0,25.5897,0.0,-1.0,0.0
38.5265,0.0,27.5346,0.0,-1.0,0.0
22.0564,0.0,0.106001,0.153891,0.0,-0.988088
22.0564,5.0,0.106001,0.153891,0.0,-0.988088
24.091,0.0,0.422886,0.153891,0.0,-0.988088
24.091,0.0,0.422886,0.153891,0.0,-0.988088
22.0564,5.0,0.106001,0.153891,0.0,-0.988088
24.091,5.0,0.422886,0.153891,0.0,-0.988088
24.091,0.0,0.422886,0.254671,0.0,-0.967028
24.091,5.0,0.422886,0.254671,0.0,-0.967028
26.0823,0.0,0.947291,0.254671,0.0,-0.967028
26.0823,0.0,0.947291,0.254671,0.0,-0.967028
24.091,5.0,0.422886,0.254671,0.0,-0.967028
26.0823,5.0,0.947291,0.254671,0.0,-0.967028
26.0823,0.0,0.947291,0.352753,0.0,-0.935717
26.0823,5.0,0.947291,0.352753,0.0,-0.935717
28.0091,0.0,1.67366,0.352753,0.0,-0.935717
28.0091,0.0,1.67366,0.352753,0.0,-0.935717
26.0823,5.0,0.947291,0.352753,0.0,-0.935717
28.0091,5.0,1.67366,0.352753,0.0,-0.935717
28.0091,0.0,1.67366,0.447094,0.0,-0.894487
28.0091,5.0,1.67366,0.447094,0.0,-0.894487
29.851,0.0,2.59429,0.447094,0.0,-0.894487
29.851,0.0,2.59429,0.447094,0.0,-0.894487
28.0091,5.0,1.67366,0.447094,0.0,-0.894487
29.851,5.0,2.59429,0.447094,0.0,-0.894487
29.851,0.0,2.59429,0.536696,0.0,-0.843775
29.851,5.0,2.59429,0.536696,0.0,-0.843775
31.5884,0.0,3.69943,0.536696,0.0,-0.843775
31.5884,0.0,3.69943,0.536696,0.0,-0.843775
29.851,5.0,2.59429,0.536696,0.0,-0.843775
31.5884,5.0,3.69943,0.536696,0.0,-0.843775
31.5884,0.0,3.69943,0.620609,0.0,-0.78412
31.5884,5.0,3.69943,0.620609,0.0,-0.78412
33.203,0.0,4.97736,0.620609,0.0,-0.78412
33.203,0.0,4.97736,0.620609,0.0,-0.78412
31.5884,5.0,3.69943,0.620609,0.0,-0.78412
33.203,5.0,4.97736,0.620609,0.0,-0.78412
33.203,0.0,4.97736,0.697945,0.0,-0.716152
33.203,5.0,4.97736,0.697945,0.0,-0.716152
34.6777,0.0,6.41453,0.697945,0.0,-0.716152
34.6777,0.0,6.41453,0.697945,0.0,-0.716152
33.203,5.0,4.97736,0.697945,0.0,-0.716152
34.6777,5.0,6.41453,0.697945,0.0,-0.716152
34.6777,0.0,6.41453,0.767881,0.0,-0.640593
34.6777,5.0,6.41453,0.767881,0.0,-0.640593
35.9968,0.0,7.99571,0.767881,0.0,-0.640593
35.9968,0.0,7.99571,0.767881,0.0,-0.640593
34.6777,5.0,6.41453,0.767881,0.0,-0.640593
35.9968,5.0,7.99571,0.767881,0.0,-0.640593
35.9968,0.0,7.99571,0.829677,0.0,-0.558244
35.9968,5.0,7.99571,0.829677,0.0,-0.558244
37.1463,0.0,9.70414,0.829677,0.0,-0.558244
37.1463,0.0,9.70414,0.829677,0.0,-0.558244
35.9968,5.0,7.99571,0.829677,0.0,-0.558244
37.1463,5.0,9.70414,0.829677,0.0,-0.558244
37.1463,0.0,9.70414,0.882679,0.0,-0.469976
37.1463,5.0,9.70414,0.882679,0.0,-0.469976
38.114,0.0,11.5217,0.882679,0.0,-0.469976
38.114,0.0,11.5217,0.882679,0.0,-0.469976
37.1463,5.0,9.70414,0.882679,0.0,-0.469976
38.114,5.0,11.5217,0.882679,0.0,-0.469976
38.114,0.0,11.5217,0.926324,0.0,-0.376729
38.114,5.0,11.5217,0.926324,0.0,-0.376729
38.8898,0.0,13.4292,0.926324,0.0,-0.376729
38.8898,0.0,13.4292,0.926324,0.0,-0.376729
38.114,5.0,11.5217,0.926324,0.0,-0.376729
38.8898,5.0,13.4292,0.926324,0.0,-0.376729
38.8898,0.0,13.4292,0.96015,0.0,-0.279484
38.8898,5.0,13.4292,0.96015,0.0,-0.279484
39.4653,0.0,15.4062,0.96015,0.0,-0.279484
39.4653,0.0,15.4062,0.96015,0.0,-0.279484
38.8898,5.0,13.4292,0.96015,0.0,-0.279484
39.4653,5.0,15.4062,0.96015,0.0,-0.279484
39.4653,0.0,15.4062,0.983798,0.0,-0.179281
39.4653,5.0,15.4062,0.983798,0.0,-0.179281
39.8345,0.0,17.432,0.983798,0.0,-0.179281
39.8345,0.0,17.432,0.983798,0.0,-0.179281
39.4653,5.0,15.4062,0.983798,0.0,-0.179281
39.8345,5.0,17.432,0.983798,0.0,-0.179281
39.8345,0.0,17.432,0.997018,0.0,-0.0771739
39.8345,5.0,17.432,0.997018,0.0,-0.0771739
39.9934,0.0,19.485,0.997018,0.0,-0.0771739
39.9934,0.0,19.485,0.997018,0.0,-0.0771739
39.8345,5.0,17.432,0.997018,0.0,-0.0771739
39.9934,5.0,19.485,0.997018,0.0,-0.0771739
39.9934,0.0,19.485,0.999668,0.0,0.0257469
39.9934,5.0,19.485,0.999668,0.0,0.0257469
39.9403,0.0,21.5435,0.999668,0.0,0.0257469
39.9403,0.0,21.5435,0.999668,0.0,0.0257469
39.9934,5.0,19.485,0.999668,0.0,0.0257469
39.9403,5.0,21.5435,0.999668,0.0,0.0257469
39.9403,0.0,21.5435,0.991723,0.0,0.128399
39.9403,5.0,21.5435,0.991723,0.0,0.128399
39.676,0.0,23.5856,0.991723,0.0,0.128399
39.676,0.0,23.5856,0.991723,0.0,0.128399
39.9403,5.0,21.5435,0.991723,0.0,0.128399
39.676,5.0,23.5856,0.991723,0.0,0.128399
39.676,0.0,23.5856,0.973264,0.0,0.229688
39.676,5.0,23.5856,0.973264,0.0,0.229688
39.203,0.0,25.5897,0.973264,0.0,0.229688
39.203,0.0,25.5897,0.973264,0.0,0.229688
39.676,5.0,23.5856,0.973264,0.0,0.229688
39.203,5.0,25.5897,0.973264,0.0,0.229688
39.203,0.0,25.5897,0.944489,0.0,0.328542
39.203,5.0,25.5897,0.944489,0.0,0.328542
38.5265,0.0,27.5346,0.944489,0.0,0.328542
38.5265,0.0,27.5346,0.944489,0.0,0.328542
39.203,5.0,25.5897,0.944489,0.0,0.328542
38.5265,5.0,27.5346,0.944489,0.0,0.328542
38.5265,0.0,27.5346,0.905702,0.0,0.423915
38.5265,5.0,27.5346,0.905702,0.0,0.423915
37.6536,0.0,29.3995,0.905702,0.0,0.423915
37.6536,0.0,29.3995,0.905702,0.0,0.423915
38.5265,5.0,27.5346,0.905702,0.0,0.423915
37.6536,5.0,29.3995,0.905702,0.0,0.423915
37.6536,0.0,29.3995,0.857315,0.0,0.514792
37.6536,5.0,29.3995,0.857315,0.0,0.514792
36.5935,0.0,31.1649,0.857315,0.0,0.514792
36.5935,0.0,31.1649,0.857315,0.0,0.514792
37.6536,5.0,29.3995,0.857315,0.0,0.514792
36.5935,5.0,31.1649,0.857315,0.0,0.514792
36.5935,0.0,31.1649,0.79984,0.0,0.600213
36.5935,5.0,31.1649,0.79984,0.0,0.600213
35.3576,0.0,32.8119,0.79984,0.0,0.600213
35.3576,0.0,32.8119,0.79984,0.0,0.600213
36.5935,5.0,31.1649,0.79984,0.0,0.600213
35.3576,5.0,32.8119,0.79984,0.0,0.600213
35.3576,0.0,32.8119,0.733884,0.0,0.679275
35.3576,5.0,32.8119,0.733884,0.0,0.679275
33.9589,0.0,34.323,0.733884,0.0,0.679275
33.9589,0.0,34.323,0.733884,0.0,0.679275
35.3576,5.0,32.8119,0.733884,0.0,0.679275
33.9589,5.0,34.323,0.733884,0.0,0.679275
33.9589,0.0,34.323,0.660152,0.0,0.751132
33.9589,5.0,34.323,0.660152,0.0,0.751132
32.4122,0.0,35.6824,0.660152,0.0,0.751132
32.4122,0.0,35.6824,0.660152,0.0,0.751132
33.9589,5.0,34.323,0.660152,0.0,0.751132
32.4122,5.0,35.6824,0.660152,0.0,0.751132
32.4122,0.0,35.6824,0.57942,0.0,0.815029
32.4122,5.0,35.6824,0.57942,0.0,0.815029
30.7339,0.0,36.8755,0.57942,0.0,0.815029
30.7339,0.0,36.8755,0.57942,0.0,0.815029
32.4122,5.0,35.6824,0.57942,0.0,0.815029
30.7339,5.0,36.8755,0.57942,0.0,0.815029
30.7339,0.0,36.8755,0.492549,0.0,0.870285
30.7339,5.0,36.8755,0.492549,0.0,0.870285
28.9419,0.0,37.8897,0.492549,0.0,0.870285
28.9419,0.0,37.8897,0.492549,0.0,0.870285
30.7339,5.0,36.8755,0.492549,0.0,0.870285
28.9419,5.0,37.8897,0.492549,0.0,0.870285
28.9419,0.0,37.8897,0.400453,0.0,0.916317
28.9419,5.0,37.8897,0.400453,0.0,0.916317
27.055,0.0,38.7143,0.400453,0.0,0.916317
27.055,0.0,38.7143,0.400453,0.0,0.916317
28.9419,5.0,37.8897,0.400453,0.0,0.916317
27.055,5.0,38.7143,0.400453,0.0,0.916317
27.055,0.0,38.7143,0.304118,0.0,0.952635
27.055,5.0,38.7143,0.304118,0.0,0.952635
25.0934,0.0,39.3406,0.304118,0.0,0.952635
25.0934,0.0,39.3406,0.304118,0.0,0.952635
27.055,5.0,38.7143,0.304118,0.0,0.952635
25.0934,5.0,39.3406,0.304118,0.0,0.952635
25.0934,0.0,39.3406,0.204552,0.0,0.978856
25.0934,5.0,39.3406,0.204552,0.0,0.978856
23.0778,0.0,39.7618,0.204552,0.0,0.978856
23.0778,0.0,39.7618,0.204552,0.0,0.978856
25.0934,5.0,39.3406,0.204552,0.0,0.978856
23.0778,5.0,39.7618,0.204552,0.0,0.978856
23.0778,0.0,39.7618,0.102821,0.0,0.9947
23.0778,5.0,39.7618,0.102821,0.0,0.9947
21.0296,0.0,39.9735,0.102821,0.0,0.9947
21.0296,0.0,39.9735,0.102821,0.0,0.9947
23.0778,5.0,39.7618,0.102821,0.0,0.9947
21.0296,5.0,39.9735,0.102821,0.0,0.9947
21.0296,0.0,39.9735,0.0,0.0,1.0
21.0296,5.0,39.9735,0.0,0.0,1.0
18.9704,0.0,39.9735,0.0,0.0,1.0
18.9704,0.0,39.9735,0.0,0.0,1.0
21.0296,5.0,39.9735,0.0,0.0,1.0
18.9704,5.0,39.9735,0.0,0.0,1.0
18.9704,0.0,39.9735,-0.102821,0.0,0.9947
18.9704,5.0,39.9735,-0.102821,0.0,0.9947
16.9222,0.0,39.7618,-0.102821,0.0,0.9947
16.9222,0.0,39.7618,-0.102821,0.0,0.9947
18.9704,5.0,39.9735,-0.102821,0.0,0.9947
16.9222,5.0,39.7618,-0.102821,0.0,0.9947
16.9222,0.0,39.7618,-0.204552,0.0,0.978856
16.9222,5.0,39.7618,-0.204552,0.0,0.978856
14.9066,0.0,39.3406,-0.204552,0.0,0.978856
14.9066,0.0,39.3406,-0.204552,0.0,0.978856
16.9222,5.0,39.7618,-0.204552,0.0,0.978856
14.9066,5.0,39.3406,-0.204552,0.0,0.978856
14.9066,0.0,39.3406,-0.304117,0.0,0.952635
14.9066,5.0,39.3406,-0.304117,0.0,0.952635
12.945,0.0,38.7143,-0.304117,0.0,0.952635
12.945,0.0,38.7143,-0.304117,0.0,0.952635
14.9066,5.0,39.3406,-0.304117,0.0,0.952635
12.945,5.0,38.7143,-0.304117,0.0,0.952635
12.945,0.0,38.7143,-0.400453,0.0,0.916317
12.945,5.0,38.7143,-0.400453,0.0,0.916317
11.0581,0.0,37.8897,-0.400453,0.0,0.916317
11.0581,0.0,37.8897,-0.400453,0.0,0.916317
12.945,5.0,38.7143,-0.400453,0.0,0.916317
11.0581,5.0,37.8897,-0.400453,0.0,0.916317
11.0581,0.0,37.8897,-0.492549,0.0,0.870285
11.0581,5.0,37.8897,-0.492549,0.0,0.870285
9.26608,0.0,36.8755,-0.492549,0.0,0.870285
9.26608,0.0,36.8755,-0.492549,0.0,0.870285
11.0581,5.0,37.8897,-0.492549,0.0,0.870285
9.26608,5.0,36.8755,-0.492549,0.0,0.870285
9.26608,0.0,36.8755,-0.57942,0.0,0.815029
9.26608,5.0,36.8755,-0.57942,0.0,0.815029
7.58781,0.0,35.6824,-0.57942,0.0,0.815029
7.58781,0.0,35.6824,-0.57942,0.0,0.815029
9.26608,5.0,36.8755,-0.57942,0.0,0.815029
7.58781,5.0,35.6824,-0.57942,0.0,0.815029
7.58781,0.0,35.6824,-0.660152,0.0,0.751132
7.58781,5.0,35.6824,-0.660152,0.0,0.751132
6.04112,0.0,34.323,-0.660152,0.0,0.751132
6.04112,0.0,34.323,-0.660152,0.0,0.751132
7.58781,5.0,35.6824,-0.660152,0.0,0.751132
6.04112,5.0,34.323,-0.660152,0.0,0.751132
6.04112,0.0,34.323,-0.733885,0.0,0.679274
6.04112,5.0,34.323,-0.733885,0.0,0.679274
4.64239,0.0,32.8119,-0.733885,0.0,0.679274
4.64239,0.0,32.8119,-0.733885,0.0,0.679274
6.04112,5.0,34.323,-0.733885,0.0,0.679274
4.64239,5.0,32.8119,-0.733885,0.0,0.679274
4.64239,0.0,32.8119,-0.79984,0.0,0.600213
4.64239,5.0,32.8119,-0.79984,0.0,0.600213
3.40646,0.0,31.1649,-0.79984,0.0,0.600213
3.40646,0.0,31.1649,-0.79984,0.0,0.600213
4.64239,5.0,32.8119,-0.79984,0.0,0.600213
3.40646,5.0,31.1649,-0.79984,0.0,0.600213
3.40646,0.0,31.1649,-0.857315,0.0,0.514793
3.40646,5.0,31.1649,-0.857315,0.0,0.514793
2.34642,0.0,29.3995,-0.857315,0.0,0.514793
2.34642,0.0,29.3995,-0.857315,0.0,0.514793
3.40646,5.0,31.1649,-0.857315,0.0,0.514793
2.34642,5.0,29.3995,-0.857315,0.0,0.514793
2.34642,0.0,29.3995,-0.905702,0.0,0.423915
2.34642,5.0,29.3995,-0.905702,0.0,0.423915
1.47352,0.0,27.5346,-0.905702,0.0,0.423915
1.47352,0.0,27.5346,-0.905702,0.0,0.423915
2.34642,5.0,29.3995,-0.905702,0.0,0.423915
1.47352,5.0,27.5346,-0.905702,0.0,0.423915
1.47352,0.0,27.5346,-0.944489,0.0,0.328542
1.47352,5.0,27.5346,-0.944489,0.0,0.328542
0.797002,0.0,25.5897,-0.944489,0.0,0.328542
0.797002,0.0,25.5897,-0.944489,0.0,0.328542
1.47352,5.0,27.5346,-0.944489,0.0,0.328542
0.797002,5.0,25.5897,-0.944489,0.0,0.328542
0.797002,0.0,25.5897,-0.973264,0.0,0.229687
0.797002,5.0,25.5897,-0.973264,0.0,0.229687
0.324041,0.0,23.5856,-0.973264,0.0,0.229687
0.324041,0.0,23.5856,-0.973264,0.0,0.229687
0.797002,5.0,25.5897,-0.973264,0.0,0.229687
0.324041,5.0,23.5856,-0.973264,0.0,0.229687
0.324041,0.0,23.5856,-0.991723,0.0,0.128398
0.324041,5.0,23.5856,-0.991723,0.0,0.128398
0.0596493,0.0,21.5435,-0.991723,0.0,0.128398
0.0596493,0.0,21.5435,-0.991723,0.0,0.128398
0.324041,5.0,23.5856,-0.991723,0.0,0.128398
0.0596493,5.0,21.5435,-0.991723,0.0,0.128398
0.0596493,0.0,21.5435,-0.999668,0.0,0.0257477
0.0596493,5.0,21.5435,-0.999668,0.0,0.0257477
0.00663102,0.0,19.485,-0.999668,0.0,0.0257477
0.00663102,0.0,19.485,-0.999668,0.0,0.0257477
0.0596493,5.0,21.5435,-0.999668,0.0,0.0257477
0.00663102,5.0,19.485,-0.999668,0.0,0.0257477
0.00663102,0.0,19.485,-0.997018,0.0,-0.0771752
0.00663102,5.0,19.485,-0.997018,0.0,-0.0771752
0.165546,0.0,17.432,-0.997018,0.0,-0.0771752
0.165546,0.0,17.432,-0.997018,0.0,-0.0771752
0.00663102,5.0,19.485,-0.997018,0.0,-0.0771752
0.165546,5.0,17.432,-0.997018,0.0,-0.0771752
0.165546,0.0,17.432,-0.983798,0.0,-0.17928
0.165546,5.0,17.432,-0.983798,0.0,-0.17928
0.534711,0.0,15.4062,-0.983798,0.0,-0.17928
0.534711,0.0,15.4062,-0.983798,0.0,-0.17928
0.165546,5.0,17.432,-0.983798,0.0,-0.17928
0.534711,5.0,15.4062,-0.983798,0.0,-0.17928
0.534711,0.0,15.4062,-0.96015,0.0,-0.279486
0.534711,5.0,15.4062,-0.96015,0.0,-0.279486
1.11021,0.0,13.4292,-0.96015,0.0,-0.279486
1.11021,0.0,13.4292,-0.96015,0.0,-0.279486
0.534711,5.0,15.4062,-0.96015,0.0,-0.279486
1.11021,5.0,13.4292,-0.96015,0.0,-0.279486
1.11021,0.0,13.4292,-0.926324,0.0,-0.376728
1.11021,5.0,13.4292,-0.926324,0.0,-0.376728
1.88595,0.0,11.5217,-0.926324,0.0,-0.376728
1.88595,0.0,11.5217,-0.926324,0.0,-0.376728
1.11021,5.0,13.4292,-0.926324,0.0,-0.376728
1.88595,5.0,11.5217,-0.926324,0.0,-0.376728
1.88595,0.0,11.5217,-0.882679,0.0,-0.469976
1.88595,5.0,11.5217,-0.882679,0.0,-0.469976
2.85371,0.0,9.70414,-0.882679,0.0,-0.469976
2.85371,0.0,9.70414,-0.882679,0.0,-0.469976
1.88595,5.0,11.5217,-0.882679,0.0,-0.469976
2.85371,5.0,9.70414,-0.882679,0.0,-0.469976
2.85371,0.0,9.70414,-0.829677,0.0,-0.558244
2.85371,5.0,9.70414,-0.829677,0.0,-0.558244
4.00322,0.0,7.99571,-0.829677,0.0,-0.558244
4.00322,0.0,7.99571,-0.829677,0.0,-0.558244
2.85371,5.0,9.70414,-0.829677,0.0,-0.558244
4.00322,5.0,7.99571,-0.829677,0.0,-0.558244
4.00322,0.0,7.99571,-0.767881,0.0,-0.640593
4.00322,5.0,7.99571,-0.767881,0.0,-0.640593
5.32229,0.0,6.41453,-0.767881,0.0,-0.640593
5.32229,0.0,6.41453,-0.767881,0.0,-0.640593
4.00322,5.0,7.99571,-0.767881,0.0,-0.640593
5.32229,5.0,6.41453,-0.767881,0.0,-0.640593
5.32229,0.0,6.41453,-0.697944,0.0,-0.716152
5.32229,5.0,6.41453,-0.697944,0.0,-0.716152
6.79696,0.0,4.97736,-0.697944,0.0,-0.716152
6.79696,0.0,4.97736,-0.697944,0.0,-0.716152
5.32229,5.0,6.41453,-0.697944,0.0,-0.716152
6.79696,5.0,4.97736,-0.697944,0.0,-0.716152
6.79696,0.0,4.97736,-0.620609,0.0,-0.78412
6.79696,5.0,4.97736,-0.620609,0.0,-0.78412
8.41158,0.0,3.69943,-0.620609,0.0,-0.78412
8.41158,0.0,3.69943,-0.620609,0.0,-0.78412
6.79696,5.0,4.97736,-0.620609,0.0,-0.78412
8.41158,5.0,3.69943,-0.620609,0.0,-0.78412
8.41158,0.0,3.69943,-0.536697,0.0,-0.843775
8.41158,5.0,3.69943,-0.536697,0.0,-0.843775
10.149,0.0,2.59429,-0.536697,0.0,-0.843775
10.149,0.0,2.59429,-0.536697,0.0,-0.843775
8.41158,5.0,3.69943,-0.536697,0.0,-0.843775
10.149,5.0,2.59429,-0.536697,0.0,-0.843775
10.149,0.0,2.59429,-0.447094,0.0,-0.894487
10.149,5.0,2.59429,-0.447094,0.0,-0.894487
11.9909,0.0,1.67366,-0.447094,0.0,-0.894487
11.9909,0.0,1.67366,-0.447094,0.0,-0.894487
10.149,5.0,2.59429,-0.447094,0.0,-0.894487
11.9909,5.0,1.67366,-0.447094,0.0,-0.894487
11.9909,0.0,1.67366,-0.352752,0.0,-0.935717
11.9909,5.0,1.67366,-0.352752,0.0,-0.935717
13.9177,0.0,0.947291,-0.352752,0.0,-0.935717
13.9177,0.0,0.947291,-0.352752,0.0,-0.935717
11.9909,5.0,1.67366,-0.352752,0.0,-0.935717
13.9177,5.0,0.947291,-0.352752,0.0,-0.935717
13.9177,0.0,0.947291,-0.254671,0.0,-0.967028
13.9177,5.0,0.947291,-0.254671,0.0,-0.967028
15.909,0.0,0.422886,-0.254671,0.0,-0.967028
15.909,0.0,0.422886,-0.254671,0.0,-0.967028
13.9177,5.0,0.947291,-0.254671,0.0,-0.967028
15.909,5.0,0.422886,-0.254671,0.0,-0.967028
15.909,0.0,0.422886,-0.153891,0.0,-0.988088
15.909,5.0,0.422886,-0.153891,0.0,-0.988088
17.9436,0.0,0.106001,-0.153891,0.0,-0.988088
17.9436,0.0,0.106001,-0.153891,0.0,-0.988088
15.909,5.0,0.422886,-0.153891,0.0,-0.988088
17.9436,5.0,0.106001,-0.153891,0.0,-0.988088
17.9436,0.0,0.106001,-0.0514782,0.0,-0.998674
17.9436,5.0,0.106001,-0.0514782,0.0,-0.998674
20.0,0.0,0.0,-0.0514782,0.0,-0.998674
20.0,0.0,0.0,-0.0514782,0.0,-0.998674
17.9436,5.0,0.106001,-0.0514782,0.0,-0.998674
20.0,5.0,0.0,-0.0514782,0.0,-0.998674
20.0,0.0,0.0,0.0514782,0.0,-0.998674
20.0,5.0,0.0,0.0514782,0.0,-0.998674
22.0564,0.0,0.106001,0.0514782,0.0,-0.998674
22.0564,0.0,0.106001,0.0514782,0.0,-0.998674
20.0,5.0,0.0,0.0514782,0.0,-0.998674
22.0564,5.0,0.106001,0.0514782,0.0,-0.998674
21.456,5.0,10.1066,-0.217431,0.0,0.976076
21.456,0.0,10.1066,-0.217431,0.0,0.976076
22.881,5.0,10.424,-0.217431,0.0,0.976076
22.881,5.0,10.424,-0.217431,0.0,0.976076
21.456,0.0,10.1066,-0.217431,0.0,0.976076
22.881,0.0,10.424,-0.217431,0.0,0.976076
22.881,5.0,10.424,-0.357231,0.0,0.934016
22.881,0.0,10.424,-0.357231,0.0,0.934016
24.2446,5.0,10.9455,-0.357231,0.0,0.934016
24.2446,5.0,10.9455,-0.357231,0.0,0.934016
22.881,0.0,10.424,-0.357231,0.0,0.934016
24.2446,0.0,10.9455,-0.357231,0.0,0.934016
24.2446,5.0,10.9455,-0.489418,0.0,0.872049
24.2446,0.0,10.9455,-0.489418,0.0,0.872049
25.5177,5.0,11.66,-0.489418,0.0,0.872049
25.5177,5.0,11.66,-0.489418,0.0,0.872049
24.2446,0.0,10.9455,-0.489418,0.0,0.872049
25.5177,0.0,11.66,-0.489418,0.0,0.872049
25.5177,5.0,11.66,-0.611173,0.0,0.791497
25.5177,0.0,11.66,-0.611173,0.0,0.791497
26.6732,5.0,12.5523,-0.611173,0.0,0.791497
26.6732,5.0,12.5523,-0.611173,0.0,0.791497
25.5177,0.0,11.66,-0.611173,0.0,0.791497
26.6732,0.0,12.5523,-0.611173,0.0,0.791497
26.6732,5.0,12.5523,-0.719903,0.0,0.694075
26.6732,0.0,12.5523,-0.719903,0.0,0.694075
27.6865,5.0,13.6033,-0.719903,0.0,0.694075
27.6865,5.0,13.6033,-0.719903,0.0,0.694075
26.6732,0.0,12.5523,-0.719903,0.0,0.694075
27.6865,0.0,13.6033,-0.719903,0.0,0.694075
27.6865,5.0,13.6033,-0.81329,0.0,0.581859
27.6865,0.0,13.6033,-0.81329,0.0,0.581859
28.5359,5.0,14.7906,-0.81329,0.0,0.581859
28.5359,5.0,14.7906,-0.81329,0.0,0.581859
27.6865,0.0,13.6033,-0.81329,0.0,0.581859
28.5359,0.0,14.7906,-0.81329,0.0,0.581859
28.5359,5.0,14.7906,-0.889342,0.0,0.457242
28.5359,0.0,14.7906,-0.889342,0.0,0.457242
29.2035,5.0,16.089,-0.889342,0.0,0.457242
29.2035,5.0,16.089,-0.889342,0.0,0.457242
28.5359,0.0,14.7906,-0.889342,0.0,0.457242
29.2035,0.0,16.089,-0.889342,0.0,0.457242
29.2035,5.0,16.089,-0.94644,0.0,0.32288
29.2035,0.0,16.089,-0.94644,0.0,0.32288
29.6748,5.0,17.4707,-0.94644,0.0,0.32288
29.6748,5.0,17.4707,-0.94644,0.0,0.32288
29.2035,0.0,16.089,-0.94644,0.0,0.32288
29.6748,0.0,17.4707,-0.94644,0.0,0.32288
29.6748,5.0,17.4707,-0.983365,0.0,0.181638
29.6748,0.0,17.4707,-0.983365,0.0,0.181638
29.94,5.0,18.9063,-0.983365,0.0,0.181638
29.94,5.0,18.9063,-0.983365,0.0,0.181638
29.6748,0.0,17.4707,-0.983365,0.0,0.181638
29.94,0.0,18.9063,-0.983365,0.0,0.181638
29.94,5.0,18.9063,-0.999333,0.0,0.0365229
29.94,0.0,18.9063,-0.999333,0.0,0.0365229
29.9933,5.0,20.3652,-0.999333,0.0,0.0365229
29.9933,5.0,20.3652,-0.999333,0.0,0.0365229
29.94,0.0,18.9063,-0.999333,0.0,0.0365229
29.9933,0.0,20.3652,-0.999333,0.0,0.0365229
29.9933,5.0,20.3652,-0.994001,0.0,-0.109372
29.9933,0.0,20.3652,-0.994001,0.0,-0.109372
29.8337,5.0,21.8164,-0.994001,0.0,-0.109372
29.8337,5.0,21.8164,-0.994001,0.0,-0.109372
29.9933,0.0,20.3652,-0.994001,0.0,-0.109372
29.8337,0.0,21.8164,-0.994001,0.0,-0.109372
29.8337,5.0,21.8164,-0.967484,0.0,-0.252933
29.8337,0.0,21.8164,-0.967484,0.0,-0.252933
29.4644,5.0,23.2288,-0.967484,0.0,-0.252933
29.4644,5.0,23.2288,-0.967484,0.0,-0.252933
29.8337,0.0,21.8164,-0.967484,0.0,-0.252933
29.4644,0.0,23.2288,-0.967484,0.0,-0.252933
29.4644,5.0,23.2288,-0.920347,0.0,-0.391104
29.4644,0.0,23.2288,-0.920347,0.0,-0.391104
28.8934,5.0,24.5724,-0.920347,0.0,-0.391104
28.8934,5.0,24.5724,-0.920347,0.0,-0.391104
29.4644,0.0,23.2288,-0.920347,0.0,-0.391104
28.8934,0.0,24.5724,-0.920347,0.0,-0.391104
28.8934,5.0,24.5724,-0.853592,0.0,-0.520942
28.8934,0.0,24.5724,-0.853592,0.0,-0.520942
28.1329,5.0,25.8186,-0.853592,0.0,-0.520942
28.1329,5.0,25.8186,-0.853592,0.0,-0.520942
28.8934,0.0,24.5724,-0.853592,0.0,-0.520942
28.1329,0.0,25.8186,-0.853592,0.0,-0.520942
28.1329,5.0,25.8186,-0.768647,0.0,-0.639673
28.1329,0.0,25.8186,-0.768647,0.0,-0.639673
27.199,5.0,26.9407,-0.768647,0.0,-0.639673
27.199,5.0,26.9407,-0.768647,0.0,-0.639673
28.1329,0.0,25.8186,-0.768647,0.0,-0.639673
27.199,0.0,26.9407,-0.768647,0.0,-0.639673
27.199,5.0,26.9407,-0.667319,0.0,-0.744772
27.199,0.0,26.9407,-0.667319,0.0,-0.744772
26.1117,5.0,27.915,-0.667319,0.0,-0.744772
26.1117,5.0,27.915,-0.667319,0.0,-0.744772
27.199,0.0,26.9407,-0.667319,0.0,-0.744772
26.1117,0.0,27.915,-0.667319,0.0,-0.744772
26.1117,5.0,27.915,-0.55177,0.0,-0.833997
26.1117,0.0,27.915,-0.55177,0.0,-0.833997
24.8942,5.0,28.7205,-0.55177,0.0,-0.833997
24.8942,5.0,28.7205,-0.55177,0.0,-0.833997
26.1117,0.0,27.915,-0.55177,0.0,-0.833997
24.8942,0.0,28.7205,-0.55177,0.0,-0.833997
24.8942,5.0,28.7205,-0.424456,0.0,-0.905449
24.8942,0.0,28.7205,-0.424456,0.0,-0.905449
23.5723,5.0,29.3402,-0.424456,0.0,-0.905449
23.5723,5.0,29.3402,-0.424456,0.0,-0.905449
24.8942,0.0,28.7205,-0.424456,0.0,-0.905449
23.5723,0.0,29.3402,-0.424456,0.0,-0.905449
23.5723,5.0,29.3402,-0.2881,0.0,-0.9576
23.5723,0.0,29.3402,-0.2881,0.0,-0.9576
22.1743,5.0,29.7608,-0.2881,0.0,-0.9576
22.1743,5.0,29.7608,-0.2881,0.0,-0.9576
23.5723,0.0,29.3402,-0.2881,0.0,-0.9576
22.1743,0.0,29.7608,-0.2881,0.0,-0.9576
22.1743,5.0,29.7608,-0.1456,0.0,-0.989343
22.1743,0.0,29.7608,-0.1456,0.0,-0.989343
20.73,5.0,29.9733,-0.1456,0.0,-0.989343
20.73,5.0,29.9733,-0.1456,0.0,-0.989343
22.1743,0.0,29.7608,-0.1456,0.0,-0.989343
20.73,0.0,29.9733,-0.1456,0.0,-0.989343
20.73,5.0,29.9733,0.0,0.0,-1.0
20.73,0.0,29.9733,0.0,0.0,-1.0
19.27,5.0,29.9733,0.0,0.0,-1.0
19.27,5.0,29.9733,0.0,0.0,-1.0
20.73,0.0,29.9733,0.0,0.0,-1.0
19.27,0.0,29.9733,0.0,0.0,-1.0
19.27,5.0,29.9733,0.1456,0.0,-0.989343
19.27,0.0,29.9733,0.1456,0.0,-0.989343
17.8257,5.0,29.7608,0.1456,0.0,-0.989343
17.8257,5.0,29.7608,0.1456,0.0,-0.989343
19.27,0.0,29.9733,0.1456,0.0,-0.989343
17.8257,0.0,29.7608,0.1456,0.0,-0.989343
17.8257,5.0,29.7608,0.2881,0.0,-0.9576
17.8257,0.0,29.7608,0.2881,0.0,-0.9576
16.4277,5.0,29.3402,0.2881,0.0,-0.9576
16.4277,5.0,29.3402,0.2881,0.0,-0.9576
17.8257,0.0,29.7608,0.2881,0.0,-0.9576
16.4277,0.0,29.3402,0.2881,0.0,-0.9576
16.4277,5.0,29.3402,0.424456,0.0,-0.905449
16.4277,0.0,29.3402,0.424456,0.0,-0.905449
15.1058,5.0,28.7205,0.424456,0.0,-0.905449
15.1058,5.0,28.7205,0.424456,0.0,-0.905449
16.4277,0.0,29.3402,0.424456,0.0,-0.905449
15.1058,0.0,28.7205,0.424456,0.0,-0.905449
15.1058,5.0,28.7205,0.551769,0.0,-0.833997
15.1058,0.0,28.7205,0.551769,0.0,-0.833997
13.8883,5.0,27.915,0.551769,0.0,-0.833997
13.8883,5.0,27.915,0.551769,0.0,-0.833997
15.1058,0.0,28.7205,0.551769,0.0,-0.833997
13.8883,0.0,27.915,0.551769,0.0,-0.833997
13.8883,5.0,27.915,0.667319,0.0,-0.744772
13.8883,0.0,27.915,0.667319,0.0,-0.744772
12.801,5.0,26.9407,0.667319,0.0,-0.744772
12.801,5.0,26.9407,0.667319,0.0,-0.744772
13.8883,0.0,27.915,0.667319,0.0,-0.744772
12.801,0.0,26.9407,0.667319,0.0,-0.744772
12.801,5.0,26.9407,0.768647,0.0,-0.639673
12.801,0.0,26.9407,0.768647,0.0,-0.639673
11.8671,5.0,25.8186,0.768647,0.0,-0.639673
11.8671,5.0,25.8186,0.768647,0.0,-0.639673
12.801,0.0,26.9407,0.768647,0.0,-0.639673
11.8671,0.0,25.8186,0.768647,0.0,-0.639673
11.8671,5.0,25.8186,0.853593,0.0,-0.520941
11.8671,0.0,25.8186,0.853593,0.0,-0.520941
11.1066,5.0,24.5724,0.853593,0.0,-0.520941
11.1066,5.0,24.5724,0.853593,0.0,-0.520941
11.8671,0.0,25.8186,0.853593,0.0,-0.520941
11.1066,0.0,24.5724,0.853593,0.0,-0.520941
11.1066,5.0,24.5724,0.920346,0.0,-0.391105
11.1066,0.0,24.5724,0.920346,0.0,-0.391105
10.5356,5.0,23.2288,0.920346,0.0,-0.391105
10.5356,5.0,23.2288,0.920346,0.0,-0.391105
11.1066,0.0,24.5724,0.920346,0.0,-0.391105
10.5356,0.0,23.2288,0.920346,0.0,-0.391105
10.5356,5.0,23.2288,0.967484,0.0,-0.252933
10.5356,0.0,23.2288,0.967484,0.0,-0.252933
10.1663,5.0,21.8164,0.967484,0.0,-0.252933
10.1663,5.0,21.8164,0.967484,0.0,-0.252933
10.5356,0.0,23.2288,0.967484,0.0,-0.252933
10.1663,0.0,21.8164,0.967484,0.0,-0.252933
10.1663,5.0,21.8164,0.994001,0.0,-0.109371
10.1663,0.0,21.8164,0.994001,0.0,-0.109371
10.0067,5.0,20.3652,0.994001,0.0,-0.109371
10.0067,5.0,20.3652,0.994001,0.0,-0.109371
10.1663,0.0,21.8164,0.994001,0.0,-0.109371
10.0067,0.0,20.3652,0.994001,0.0,-0.109371
10.0067,5.0,20.3652,0.999333,0.0,0.0365222
10.0067,0.0,20.3652,0.999333,0.0,0.0365222
10.06,5.0,18.9063,0.999333,0.0,0.0365222
10.06,5.0,18.9063,0.999333,0.0,0.0365222
10.0067,0.0,20.3652,0.999333,0.0,0.0365222
10.06,0.0,18.9063,0.999333,0.0,0.0365222
10.06,5.0,18.9063,0.983366,0.0,0.181637
10.06,0.0,18.9063,0.983366,0.0,0.181637
10.3252,5.0,17.4707,0.983366,0.0,0.181637
10.3252,5.0,17.4707,0.983366,0.0,0.181637
10.06,0.0,18.9063,0.983366,0.0,0.181637
10.3252,0.0,17.4707,0.983366,0.0,0.181637
10.3252,5.0,17.4707,0.94644,0.0,0.32288
10.3252,0.0,17.4707,0.94644,0.0,0.32288
10.7965,5.0,16.089,0.94644,0.0,0.32288
10.7965,5.0,16.089,0.94644,0.0,0.32288
10.3252,0.0,17.4707,0.94644,0.0,0.32288
10.7965,0.0,16.089,0.94644,0.0,0.32288
10.7965,5.0,16.089,0.889342,0.0,0.457243
10.7965,0.0,16.089,0.889342,0.0,0.457243
11.4641,5.0,14.7906,0.889342,0.0,0.457243
11.4641,5.0,14.7906,0.889342,0.0,0.457243
10.7965,0.0,16.089,0.889342,0.0,0.457243
11.4641,0.0,14.7906,0.889342,0.0,0.457243
11.4641,5.0,14.7906,0.81329,0.0,0.581859
11.4641,0.0,14.7906,0.81329,0.0,0.581859
12.3135,5.0,13.6033,0.81329,0.0,0.581859
12.3135,5.0,13.6033,0.81329,0.0,0.581859
11.4641,0.0,14.7906,0.81329,0.0,0.581859
12.3135,0.0,13.6033,0.81329,0.0,0.581859
12.3135,5.0,13.6033,0.719903,0.0,0.694075
12.3135,0.0,13.6033,0.719903,0.0,0.694075
13.3268,5.0,12.5523,0.719903,0.0,0.694075
13.3268,5.0,12.5523,0.719903,0.0,0.694075
12.3135,0.0,13.6033,0.719903,0.0,0.694075
13.3268,0.0,12.5523,0.719903,0.0,0.694075
13.3268,5.0,12.5523,0.611174,0.0,0.791496
13.3268,0.0,12.5523,0.611174,0.0,0.791496
14.4823,5.0,11.66,0.611174,0.0,0.791496
14.4823,5.0,11.66,0.611174,0.0,0.791496
13.3268,0.0,12.5523,0.611174,0.0,0.791496
14.4823,0.0,11.66,0.611174,0.0,0.791496
14.4823,5.0,11.66,0.489417,0.0,0.87205
14.4823,0.0,11.66,0.489417,0.0,0.87205
15.7554,5.0,10.9455,0.489417,0.0,0.87205
15.7554,5.0,10.9455,0.489417,0.0,0.87205
14.4823,0.0,11.66,0.489417,0.0,0.87205
15.7554,0.0,10.9455,0.489417,0.0,0.87205
15.7554,5.0,10.9455,0.357231,0.0,0.934016
15.7554,0.0,10.9455,0.357231,0.0,0.934016
17.119,5.0,10.424,0.357231,0.0,0.934016
17.119,5.0,10.424,0.357231,0.0,0.934016
15.7554,0.0,10.9455,0.357231,0.0,0.934016
17.119,0.0,10.424,0.357231,0.0,0.934016
17.119,5.0,10.424,0.217431,0.0,0.976076
17.119,0.0,10.424,0.217431,0.0,0.976076
18.544,5.0,10.1066,0.217431,0.0,0.976076
18.544,5.0,10.1066,0.217431,0.0,0.976076
17.119,0.0,10.424,0.217431,0.0,0.976076
18.544,0.0,10.1066,0.217431,0.0,0.976076
18.544,5.0,10.1066,0.0729948,0.0,0.997332
18.544,0.0,10.1066,0.0729948,0.0,0.997332
20.0,5.0,10.0,0.0729948,0.0,0.997332
20.0,5.0,10.0,0.0729948,0.0,0.997332
18.544,0.0,10.1066,0.0729948,0.0,0.997332
20.0,0.0,10.0,0.0729948,0.0,0.997332
20.0,5.0,10.0,-0.0729948,0.0,0.997332
20.0,0.0,10.0,-0.0729948,0.0,0.997332
21.456,5.0,10.1066,-0.0729948,0.0,0.997332
21.456,5.0,10.1066,-0.0729948,0.0,0.997332
20.0,0.0,10.0,-0.0729948,0.0,0.997332
21.456,0.0,10.1066,-0.0729948,0.0,0.997332
17.8257,5.0,29.7608,0.0,1.0,0.0
16.9222,5.0,39.7618,0.0,1.0,0.0
19.27,5.0,29.9733,0.0,1.0,0.0
19.27,5.0,29.9733,0.0,1.0,0.0
16.9222,5.0,39.7618,0.0,1.0,0.0
18.9704,5.0,39.9735,0.0,1.0,0.0
19.27,5.0,29.9733,0.0,1.0,0.0
18.9704,5.0,39.9735,0.0,1.0,0.0
20.73,5.0,29.9733,0.0,1.0,0.0
28.8934,5.0,24.5724,0.0,1.0,0.0
38.5265,5.0,27.5346,0.0,1.0,0.0
29.4644,5.0,23.2288,0.0,1.0,0.0
29.4644,5.0,23.2288,0.0,1.0,0.0
38.5265,5.0,27.5346,0.0,1.0,0.0
39.203,5.0,25.5897,0.0,1.0,0.0
29.4644,5.0,23.2288,0.0,1.0,0.0
39.203,5.0,25.5897,0.0,1.0,0.0
29.8337,5.0,21.8164,0.0,1.0,0.0
29.8337,5.0,21.8164,0.0,1.0,0.0
39.203,5.0,25.5897,0.0,1.0,0.0
39.676,5.0,23.5856,0.0,1.0,0.0
29.8337,5.0,21.8164,0.0,1.0,0.0
39.676,5.0,23.5856,0.0,1.0,0.0
29.9933,5.0,20.3652,0.0,1.0,0.0
13.8883,5.0,27.915,0.0,1.0,0.0
9.26608,5.0,36.8755,0.0,1.0,0.0
15.1058,5.0,28.7205,0.0,1.0,0.0
15.1058,5.0,28.7205,0.0,1.0,0.0
9.26608,5.0,36.8755,0.0,1.0,0.0
11.0581,5.0,37.8897,0.0,1.0,0.0
15.1058,5.0,28.7205,0.0,1.0,0.0
11.0581,5.0,37.8897,0.0,1.0,0.0
16.4277,5.0,29.3402,0.0,1.0,0.0
16.4277,5.0,29.3402,0.0,1.0,0.0
11.0581,5.0,37.8897,0.0,1.0,0.0
12.945,5.0,38.7143,0.0,1.0,0.0
16.4277,5.0,29.3402,0.0,1.0,0.0
12.945,5.0,38.7143,0.0,1.0,0.0
17.8257,5.0,29.7608,0.0,1.0,0.0
17.8257,5.0,29.7608,0.0,1.0,0.0
12.945,5.0,38.7143,0.0,1.0,0.0
14.9066,5.0,39.3406,0.0,1.0,0.0
17.8257,5.0,29.7608,0.0,1.0,0.0
14.9066,5.0,39.3406,0.0,1.0,0.0
16.9222,5.0,39.7618,0.0,1.0,0.0
24.8942,5.0,28.7205,0.0,1.0,0.0
30.7339,5.0,36.8755,0.0,1.0,0.0
26.1117,5.0,27.915,0.0,1.0,0.0
26.1117,5.0,27.915,0.0,1.0,0.0
30.7339,5.0,36.8755,0.0,1.0,0.0
32.4122,5.0,35.6824,0.0,1.0,0.0
26.1117,5.0,27.915,0.0,1.0,0.0
32.4122,5.0,35.6824,0.0,1.0,0.0
27.199,5.0,26.9407,0.0,1.0,0.0
18.9704,5.0,39.9735,0.0,1.0,0.0
21.0296,5.0,39.9735,0.0,1.0,0.0
20.73,5.0,29.9733,0.0,1.0,0.0
20.73,5.0,29.9733,0.0,1.0,0.0
21.0296,5.0,39.9735,0.0,1.0,0.0
23.0778,5.0,39.7618,0.0,1.0,0.0
20.73,5.0,29.9733,0.0,1.0,0.0
23.0778,5.0,39.7618,0.0,1.0,0.0
22.1743,5.0,29.7608,0.0,1.0,0.0
22.1743,5.0,29.7608,0.0,1.0,0.0
23.0778,5.0,39.7618,0.0,1.0,0.0
25.0934,5.0,39.3406,0.0,1.0,0.0
22.1743,5.0,29.7608,0.0,1.0,0.0
25.0934,5.0,39.3406,0.0,1.0,0.0
23.5723,5.0,29.3402,0.0,1.0,0.0
23.5723,5.0,29.3402,0.0,1.0,0.0
25.0934,5.0,39.3406,0.0,1.0,0.0
27.055,5.0,38.7143,0.0,1.0,0.0
23.5723,5.0,29.3402,0.0,1.0,0.0
27.055,5.0,38.7143,0.0,1.0,0.0
24.8942,5.0,28.7205,0.0,1.0,0.0
24.8942,5.0,28.7205,0.0,1.0,0.0
27.055,5.0,38.7143,0.0,1.0,0.0
28.9419,5.0,37.8897,0.0,1.0,0.0
24.8942,5.0,28.7205,0.0,1.0,0.0
28.9419,5.0,37.8897,0.0,1.0,0.0
30.7339,5.0,36.8755,0.0,1.0,0.0
11.8671,5.0,25.8186,0.0,1.0,0.0
4.64239,5.0,32.8119,0.0,1.0,0.0
12.801,5.0,26.9407,0.0,1.0,0.0
12.801,5.0,26.9407,0.0,1.0,0.0
4.64239,5.0,32.8119,0.0,1.0,0.0
6.04112,5.0,34.323,0.0,1.0,0.0
12.801,5.0,26.9407,0.0,1.0,0.0
6.04112,5.0,34.323,0.0,1.0,0.0
13.8883,5.0,27.915,0.0,1.0,0.0
13.8883,5.0,27.915,0.0,1.0,0.0
6.04112,5.0,34.323,0.0,1.0,0.0
7.58781,5.0,35.6824,0.0,1.0,0.0
13.8883,5.0,27.915,0.0,1.0,0.0
7.58781,5.0,35.6824,0.0,1.0,0.0
9.26608,5.0,36.8755,0.0,1.0,0.0
39.676,5.0,23.5856,0.0,1.0,0.0
39.9403,5.0,21.5435,0.0,1.0,0.0
29.9933,5.0,20.3652,0.0,1.0,0.0
29.9933,5.0,20.3652,0.0,1.0,0.0
39.9403,5.0,21.5435,0.0,1.0,0.0
39.9934,5.0,19.485,0.0,1.0,0.0
29.9933,5.0,20.3652,0.0,1.0,0.0
39.9934,5.0,19.485,0.0,1.0,0.0
29.94,5.0,18.9063,0.0,1.0,0.0
29.94,5.0,18.9063,0.0,1.0,0.0
39.9934,5.0,19.485,0.0,1.0,0.0
39.8345,5.0,17.432,0.0,1.0,0.0
29.94,5.0,18.9063,0.0,1.0,0.0
39.8345,5.0,17.432,0.0,1.0,0.0
29.6748,5.0,17.4707,0.0,1.0,0.0
32.4122,5.0,35.6824,0.0,1.0,0.0
33.9589,5.0,34.323,0.0,1.0,0.0
27.199,5.0,26.9407,0.0,1.0,0.0
27.199,5.0,26.9407,0.0,1.0,0.0
33.9589,5.0,34.323,0.0,1.0,0.0
35.3576,5.0,32.8119,0.0,1.0,0.0
27.199,5.0,26.9407,0.0,1.0,0.0
35.3576,5.0,32.8119,0.0,1.0,0.0
28.1329,5.0,25.8186,0.0,1.0,0.0
28.1329,5.0,25.8186,0.0,1.0,0.0
35.3576,5.0,32.8119,0.0,1.0,0.0
36.5935,5.0,31.1649,0.0,1.0,0.0
28.1329,5.0,25.8186,0.0,1.0,0.0
36.5935,5.0,31.1649,0.0,1.0,0.0
28.8934,5.0,24.5724,0.0,1.0,0.0
28.8934,5.0,24.5724,0.0,1.0,0.0
36.5935,5.0,31.1649,0.0,1.0,0.0
37.6536,5.0,29.3995,0.0,1.0,0.0
28.8934,5.0,24.5724,0.0,1.0,0.0
37.6536,5.0,29.3995,0.0,1.0,0.0
38.5265,5.0,27.5346,0.0,1.0,0.0
10.5356,5.0,23.2288,0.0,1.0,0.0
1.47352,5.0,27.5346,0.0,1.0,0.0
11.1066,5.0,24.5724,0.0,1.0,0.0
11.1066,5.0,24.5724,0.0,1.0,0.0
1.47352,5.0,27.5346,0.0,1.0,0.0
2.34642,5.0,29.3995,0.0,1.0,0.0
11.1066,5.0,24.5724,0.0,1.0,0.0
2.34642,5.0,29.3995,0.0,1.0,0.0
11.8671,5.0,25.8186,0.0,1.0,0.0
11.8671,5.0,25.8186,0.0,1.0,0.0
2.34642,5.0,29.3995,0.0,1.0,0.0
3.40646,5.0,31.1649,0.0,1.0,0.0
11.8671,5.0,25.8186,0.0,1.0,0.0
3.40646,5.0,31.1649,0.0,1.0,0.0
4.64239,5.0,32.8119,0.0,1.0,0.0
10.06,5.0,18.9063,0.0,1.0,0.0
0.00663102,5.0,19.485,0.0,1.0,0.0
10.0067,5.0,20.3652,0.0,1.0,0.0
10.0067,5.0,20.3652,0.0,1.0,0.0
0.00663102,5.0,19.485,0.0,1.0,0.0
0.0596493,5.0,21.5435,0.0,1.0,0.0
10.0067,5.0,20.3652,0.0,1.0,0.0
0.0596493,5.0,21.5435,0.0,1.0,0.0
10.1663,5.0,21.8164,0.0,1.0,0.0
10.1663,5.0,21.8164,0.0,1.0,0.0
0.0596493,5.0,21.5435,0.0,1.0,0.0
0.324041,5.0,23.5856,0.0,1.0,0.0
10.1663,5.0,21.8164,0.0,1.0,0.0
0.324041,5.0,23.5856,0.0,1.0,0.0
10.5356,5.0,23.2288,0.0,1.0,0.0
10.5356,5.0,23.2288,0.0,1.0,0.0
0.324041,5.0,23.5856,0.0,1.0,0.0
0.797002,5.0,25.5897,0.0,1.0,0.0
10.5356,5.0,23.2288,0.0,1.0,0.0
0.797002,5.0,25.5897,0.0,1.0,0.0
1.47352,5.0,27.5346,0.0,1.0,0.0
10.7965,5.0,16.089,0.0,1.0,0.0
1.11021,5.0,13.4292,0.0,1.0,0.0
10.3252,5.0,17.4707,0.0,1.0,0.0
10.3252,5.0,17.4707,0.0,1.0,0.0
1.11021,5.0,13.4292,0.0,1.0,0.0
0.534711,5.0,15.4062,0.0,1.0,0.0
10.3252,5.0,17.4707,0.0,1.0,0.0
0.534711,5.0,15.4062,0.0,1.0,0.0
10.06,5.0,18.9063,0.0,1.0,0.0
10.06,5.0,18.9063,0.0,1.0,0.0
0.534711,5.0,15.4062,0.0,1.0,0.0
0.165546,5.0,17.432,0.0,1.0,0.0
10.06,5.0,18.9063,0.0,1.0,0.0
0.165546,5.0,17.432,0.0,1.0,0.0
0.00663102,5.0,19.485,0.0,1.0,0.0
39.8345,5.0,17.432,0.0,1.0,0.0
39.4653,5.0,15.4062,0.0,1.0,0.0
29.6748,5.0,17.4707,0.0,1.0,0.0
29.6748,5.0,17.4707,0.0,1.0,0.0
39.4653,5.0,15.4062,0.0,1.0,0.0
38.8898,5.0,13.4292,0.0,1.0,0.0
29.6748,5.0,17.4707,0.0,1.0,0.0
38.8898,5.0,13.4292,0.0,1.0,0.0
29.2035,5.0,16.089,0.0,1.0,0.0
29.2035,5.0,16.089,0.0,1.0,0.0
38.8898,5.0,13.4292,0.0,1.0,0.0
38.114,5.0,11.5217,0.0,1.0,0.0
29.2035,5.0,16.089,0.0,1.0,0.0
38.114,5.0,11.5217,0.0,1.0,0.0
28.5359,5.0,14.7906,0.0,1.0,0.0
28.5359,5.0,14.7906,0.0,1.0,0.0
38.114,5.0,11.5217,0.0,1.0,0.0
37.1463,5.0,9.70414,0.0,1.0,0.0
28.5359,5.0,14.7906,0.0,1.0,0.0
37.1463,5.0,9.70414,0.0,1.0,0.0
27.6865,5.0,13.6033,0.0,1.0,0.0
13.3268,5.0,12.5523,0.0,1.0,0.0
5.32229,5.0,6.41453,0.0,1.0,0.0
12.3135,5.0,13.6033,0.0,1.0,0.0
12.3135,5.0,13.6033,0.0,1.0,0.0
5.32229,5.0,6.41453,0.0,1.0,0.0
4.00322,5.0,7.99571,0.0,1.0,0.0
12.3135,5.0,13.6033,0.0,1.0,0.0
4.00322,5.0,7.99571,0.0,1.0,0.0
11.4641,5.0,14.7906,0.0,1.0,0.0
11.4641,5.0,14.7906,0.0,1.0,0.0
4.00322,5.0,7.99571,0.0,1.0,0.0
2.85371,5.0,9.70414,0.0,1.0,0.0
11.4641,5.0,14.7906,0.0,1.0,0.0
2.85371,5.0,9.70414,0.0,1.0,0.0
10.7965,5.0,16.089,0.0,1.0,0.0
10.7965,5.0,16.089,0.0,1.0,0.0
2.85371,5.0,9.70414,0.0,1.0,0.0
1.88595,5.0,11.5217,0.0,1.0,0.0
10.7965,5.0,16.089,0.0,1.0,0.0
1.88595,5.0,11.5217,0.0,1.0,0.0
1.11021,5.0,13.4292,0.0,1.0,0.0
22.881,5.0,10.424,0.0,1.0,0.0
24.091,5.0,0.422886,0.0,1.0,0.0
21.456,5.0,10.1066,0.0,1.0,0.0
21.456,5.0,10.1066,0.0,1.0,0.0
24.091,5.0,0.422886,0.0,1.0,0.0
22.0564,5.0,0.106001,0.0,1.0,0.0
21.456,5.0,10.1066,0.0,1.0,0.0
22.0564,5.0,0.106001,0.0,1.0,0.0
20.0,5.0,10.0,0.0,1.0,0.0
20.0,5.0,10.0,0.0,1.0,0.0
22.0564,5.0,0.106001,0.0,1.0,0.0
20.0,5.0,0.0,0.0,1.0,0.0
20.0,5.0,10.0,0.0,1.0,0.0
20.0,5.0,0.0,0.0,1.0,0.0
18.544,5.0,10.1066,0.0,1.0,0.0
15.7554,5.0,10.9455,0.0,1.0,0.0
10.149,5.0,2.59429,0.0,1.0,0.0
14.4823,5.0,11.66,0.0,1.0,0.0
14.4823,5.0,11.66,0.0,1.0,0.0
10.149,5.0,2.59429,0.0,1.0,0.0
8.41158,5.0,3.69943,0.0,1.0,0.0
14.4823,5.0,11.66,0.0,1.0,0.0
8.41158,5.0,3.69943,0.0,1.0,0.0
13.3268,5.0,12.5523,0.0,1.0,0.0
13.3268,5.0,12.5523,0.0,1.0,0.0
8.41158,5.0,3.69943,0.0,1.0,0.0
6.79696,5.0,4.97736,0.0,1.0,0.0
13.3268,5.0,12.5523,0.0,1.0,0.0
6.79696,5.0,4.97736,0.0,1.0,0.0
5.32229,5.0,6.41453,0.0,1.0,0.0
20.0,5.0,0.0,0.0,1.0,0.0
17.9436,5.0,0.106001,0.0,1.0,0.0
18.544,5.0,10.1066,0.0,1.0,0.0
18.544,5.0,10.1066,0.0,1.0,0.0
17.9436,5.0,0.106001,0.0,1.0,0.0
15.909,5.0,0.422886,0.0,1.0,0.0
18.544,5.0,10.1066,0.0,1.0,0.0
15.909,5.0,0.422886,0.0,1.0,0.0
17.119,5.0,10.424,0.0,1.0,0.0
17.119,5.0,10.424,0.0,1.0,0.0
15.909,5.0,0.422886,0.0,1.0,0.0
13.9177,5.0,0.947291,0.0,1.0,0.0
17.119,5.0,10.424,0.0,1.0,0.0
13.9177,5.0,0.947291,0.0,1.0,0.0
15.7554,5.0,10.9455,0.0,1.0,0.0
15.7554,5.0,10.9455,0.0,1.0,0.0
13.9177,5.0,0.947291,0.0,1.0,0.0
11.9909,5.0,1.67366,0.0,1.0,0.0
15.7554,5.0,10.9455,0.0,1.0,0.0
11.9909,5.0,1.67366,0.0,1.0,0.0
10.149,5.0,2.59429,0.0,1.0,0.0
25.5177,5.0,11.66,0.0,1.0,0.0
29.851,5.0,2.59429,0.0,1.0,0.0
24.2446,5.0,10.9455,0.0,1.0,0.0
24.2446,5.0,10.9455,0.0,1.0,0.0
29.851,5.0,2.59429,0.0,1.0,0.0
28.0091,5.0,1.67366,0.0,1.0,0.0
24.2446,5.0,10.9455,0.0,1.0,0.0
28.0091,5.0,1.67366,0.0,1.0,0.0
22.881,5.0,10.424,0.0,1.0,0.0
22.881,5.0,10.424,0.0,1.0,0.0
28.0091,5.0,1.67366,0.0,1.0,0.0
26.0823,5.0,0.947291,0.0,1.0,0.0
22.881,5.0,10.424,0.0,1.0,0.0
26.0823,5.0,0.947291,0.0,1.0,0.0
24.091,5.0,0.422886,0.0,1.0,0.0
37.1463,5.0,9.70414,0.0,1.0,0.0
35.9968,5.0,7.99571,0.0,1.0,0.0
27.6865,5.0,13.6033,0.0,1.0,0.0
27.6865,5.0,13.6033,0.0,1.0,0.0
35.9968,5.0,7.99571,0.0,1.0,0.0
34.6777,5.0,6.41453,0.0,1.0,0.0
27.6865,5.0,13.6033,0.0,1.0,0.0
34.6777,5.0,6.41453,0.0,1.0,0.0
26.6732,5.0,12.5523,0.0,1.0,0.0
26.6732,5.0,12.5523,0.0,1.0,0.0
34.6777,5.0,6.41453,0.0,1.0,0.0
33.203,5.0,4.97736,0.0,1.0,0.0
26.6732,5.0,12.5523,0.0,1.0,0.0
33.203,5.0,4.97736,0.0,1.0,0.0
25.5177,5.0,11.66,0.0,1.0,0.0
25.5177,5.0,11.66,0.0,1.0,0.0
33.203,5.0,4.97736,0.0,1.0,0.0
31.5884,5.0,3.69943,0.0,1.0,0.0
25.5177,5.0,11.66,0.0,1.0,0.0
31.5884,5.0,3.69943,0.0,1.0,0.0
29.851,5.0,2.59429,0.0,1.0,0.0
