400.0,1270.0,70.0,-1.0,0.0,0.0
400.0,970.0,70.0,-1.0,0.0,0.0
400.0,1270.0,90.0,-1.0,0.0,0.0
400.0,1270.0,90.0,-1.0,0.0,0.0
400.0,970.0,70.0,-1.0,0.0,0.0
400.0,970.0,90.0,-1.0,0.0,0.0
300.0,130.0,150.0,0.996584,-0.0825807,0.0
300.0,130.0,90.0,0.996584,-0.0825807,0.0
300.682,138.23,150.0,0.996584,-0.0825807,0.0
300.682,138.23,150.0,0.996584,-0.0825807,0.0
300.0,130.0,90.0,0.996584,-0.0825807,0.0
300.682,138.23,90.0,0.996584,-0.0825807,0.0
300.682,138.23,150.0,0.9694,-0.245487,0.0
300.682,138.23,90.0,0.9694,-0.245487,0.0
302.709,146.235,150.0,0.9694,-0.245487,0.0
302.709,146.235,150.0,0.9694,-0.245487,0.0
300.682,138.23,90.0,0.9694,-0.245487,0.0
302.709,146.235,90.0,0.9694,-0.245487,0.0
302.709,146.235,150.0,0.915774,-0.401695,0.0
302.709,146.235,90.0,0.915774,-0.401695,0.0
306.026,153.798,150.0,0.915774,-0.401695,0.0
306.026,153.798,150.0,0.915774,-0.401695,0.0
302.709,146.235,90.0,0.915774,-0.401695,0.0
306.026,153.798,90.0,0.915774,-0.401695,0.0
306.026,153.798,150.0,0.837166,-0.546949,0.0
306.026,153.798,90.0,0.837166,-0.546949,0.0
310.543,160.711,150.0,0.837166,-0.546949,0.0
310.543,160.711,150.0,0.837166,-0.546949,0.0
306.026,153.798,90.0,0.837166,-0.546949,0.0
310.543,160.711,90.0,0.837166,-0.546949,0.0
310.543,160.711,150.0,0.735723,-0.677282,0.0
310.543,160.711,90.0,0.735723,-0.677282,0.0
316.136,166.786,150.0,0.735723,-0.677282,0.0
316.136,166.786,150.0,0.735723,-0.677282,0.0
310.543,160.711,90.0,0.735723,-0.677282,0.0
316.136,166.786,90.0,0.735723,-0.677282,0.0
316.136,166.786,150.0,0.614212,-0.789141,0.0
316.136,166.786,90.0,0.614212,-0.789141,0.0
322.653,171.858,150.0,0.614212,-0.789141,0.0
322.653,171.858,150.0,0.614212,-0.789141,0.0
316.136,166.786,90.0,0.614212,-0.789141,0.0
322.653,171.858,90.0,0.614212,-0.789141,0.0
322.653,171.858,150.0,0.475952,-0.879471,0.0
322.653,171.858,90.0,0.475952,-0.879471,0.0
329.915,175.789,150.0,0.475952,-0.879471,0.0
329.915,175.789,150.0,0.475952,-0.879471,0.0
322.653,171.858,90.0,0.475952,-0.879471,0.0
329.915,175.789,90.0,0.475952,-0.879471,0.0
329.915,175.789,150.0,0.324696,-0.945818,0.0
329.915,175.789,90.0,0.324696,-0.945818,0.0
337.726,178.47,150.0,0.324696,-0.945818,0.0
337.726,178.47,150.0,0.324696,-0.945818,0.0
329.915,175.789,90.0,0.324696,-0.945818,0.0
337.726,178.47,90.0,0.324696,-0.945818,0.0
337.726,178.47,150.0,0.164596,-0.986361,0.0
337.726,178.47,90.0,0.164596,-0.986361,0.0
345.871,179.829,150.0,0.164596,-0.986361,0.0
345.871,179.829,150.0,0.164596,-0.986361,0.0
337.726,178.47,90.0,0.164596,-0.986361,0.0
345.871,179.829,90.0,0.164596,-0.986361,0.0
345.871,179.829,150.0,0.0,-1.0,0.0
345.871,179.829,90.0,0.0,-1.0,0.0
354.129,179.829,150.0,0.0,-1.0,0.0
354.129,179.829,150.0,0.0,-1.0,0.0
345.871,179.829,90.0,0.0,-1.0,0.0
354.129,179.829,90.0,0.0,-1.0,0.0
354.129,179.829,150.0,-0.164596,-0.986361,0.0
354.129,179.829,90.0,-0.164596,-0.986361,0.0
362.274,178.47,150.0,-0.164596,-0.986361,0.0
362.274,178.47,150.0,-0.164596,-0.986361,0.0
354.129,179.829,90.0,-0.164596,-0.986361,0.0
362.274,178.47,90.0,-0.164596,-0.986361,0.0
362.274,178.47,150.0,-0.324697,-0.945818,0.0
362.274,178.47,90.0,-0.324697,-0.945818,0.0
370.085,175.789,150.0,-0.324697,-0.945818,0.0
370.085,175.789,150.0,-0.324697,-0.945818,0.0
362.274,178.47,90.0,-0.324697,-0.945818,0.0
370.085,175.789,90.0,-0.324697,-0.945818,0.0
370.085,175.789,150.0,-0.475952,-0.879471,0.0
370.085,175.789,90.0,-0.475952,-0.879471,0.0
377.347,171.858,150.0,-0.475952,-0.879471,0.0
377.347,171.858,150.0,-0.475952,-0.879471,0.0
370.085,175.789,90.0,-0.475952,-0.879471,0.0
377.347,171.858,90.0,-0.475952,-0.879471,0.0
377.347,171.858,150.0,-0.61421,-0.789142,0.0
377.347,171.858,90.0,-0.61421,-0.789142,0.0
383.864,166.786,150.0,-0.61421,-0.789142,0.0
383.864,166.786,150.0,-0.61421,-0.789142,0.0
377.347,171.858,90.0,-0.61421,-0.789142,0.0
383.864,166.786,90.0,-0.61421,-0.789142,0.0
383.864,166.786,150.0,-0.735723,-0.677282,0.0
383.864,166.786,90.0,-0.735723,-0.677282,0.0
389.457,160.711,150.0,-0.735723,-0.677282,0.0
389.457,160.711,150.0,-0.735723,-0.677282,0.0
383.864,166.786,90.0,-0.735723,-0.677282,0.0
389.457,160.711,90.0,-0.735723,-0.677282,0.0
389.457,160.711,150.0,-0.837168,-0.546946,0.0
389.457,160.711,90.0,-0.837168,-0.546946,0.0
393.974,153.798,150.0,-0.837168,-0.546946,0.0
393.974,153.798,150.0,-0.837168,-0.546946,0.0
389.457,160.711,90.0,-0.837168,-0.546946,0.0
393.974,153.798,90.0,-0.837168,-0.546946,0.0
393.974,153.798,150.0,-0.915772,-0.401698,0.0
393.974,153.798,90.0,-0.915772,-0.401698,0.0
397.291,146.235,150.0,-0.915772,-0.401698,0.0
397.291,146.235,150.0,-0.915772,-0.401698,0.0
393.974,153.798,90.0,-0.915772,-0.401698,0.0
397.291,146.235,90.0,-0.915772,-0.401698,0.0
397.291,146.235,150.0,-0.969401,-0.245484,0.0
397.291,146.235,90.0,-0.969401,-0.245484,0.0
399.318,138.23,150.0,-0.969401,-0.245484,0.0
399.318,138.23,150.0,-0.969401,-0.245484,0.0
397.291,146.235,90.0,-0.969401,-0.245484,0.0
399.318,138.23,90.0,-0.969401,-0.245484,0.0
399.318,138.23,150.0,-0.996584,-0.0825807,0.0
399.318,138.23,90.0,-0.996584,-0.0825807,0.0
400.0,130.0,150.0,-0.996584,-0.0825807,0.0
400.0,130.0,150.0,-0.996584,-0.0825807,0.0
399.318,138.23,90.0,-0.996584,-0.0825807,0.0
400.0,130.0,90.0,-0.996584,-0.0825807,0.0
400.0,0.000119209,90.0,-1.0,0.0,0.0
400.0,0.000119209,150.0,-1.0,0.0,0.0
400.0,90.0002,90.0,-1.0,0.0,0.0
400.0,90.0002,90.0,-1.0,0.0,0.0
400.0,0.000119209,150.0,-1.0,0.0,0.0
400.0,130.0,150.0,-1.0,0.0,0.0
400.0,90.0002,90.0,-1.0,0.0,0.0
400.0,130.0,150.0,-1.0,0.0,0.0
400.0,90.0002,70.0,-1.0,0.0,0.0
400.0,90.0002,70.0,-1.0,0.0,0.0
400.0,130.0,150.0,-1.0,0.0,0.0
400.0,130.0,90.0,-1.0,0.0,0.0
400.0,90.0002,70.0,-1.0,0.0,0.0
400.0,130.0,90.0,-1.0,0.0,0.0
400.0,390.0,70.0,-1.0,0.0,0.0
400.0,390.0,70.0,-1.0,0.0,0.0
400.0,130.0,90.0,-1.0,0.0,0.0
400.0,390.0,90.0,-1.0,0.0,0.0
400.0,0.000119209,150.0,0.0,0.0,-1.0
300.0,0.000119209,150.0,0.0,0.0,-1.0
400.0,130.0,150.0,0.0,0.0,-1.0
400.0,130.0,150.0,0.0,0.0,-1.0
300.0,0.000119209,150.0,0.0,0.0,-1.0
300.0,130.0,150.0,0.0,0.0,-1.0
383.864,166.786,150.0,0.0,0.0,-1.0
389.457,160.711,150.0,0.0,0.0,-1.0
377.347,171.858,150.0,0.0,0.0,-1.0
377.347,171.858,150.0,0.0,0.0,-1.0
389.457,160.711,150.0,0.0,0.0,-1.0
300.0,130.0,150.0,0.0,0.0,-1.0
377.347,171.858,150.0,0.0,0.0,-1.0
300.0,130.0,150.0,0.0,0.0,-1.0
300.682,138.23,150.0,0.0,0.0,-1.0
329.915,175.789,150.0,0.0,0.0,-1.0
337.726,178.47,150.0,0.0,0.0,-1.0
322.653,171.858,150.0,0.0,0.0,-1.0
322.653,171.858,150.0,0.0,0.0,-1.0
337.726,178.47,150.0,0.0,0.0,-1.0
377.347,171.858,150.0,0.0,0.0,-1.0
399.318,138.23,150.0,0.0,0.0,-1.0
400.0,130.0,150.0,0.0,0.0,-1.0
397.291,146.235,150.0,0.0,0.0,-1.0
397.291,146.235,150.0,0.0,0.0,-1.0
400.0,130.0,150.0,0.0,0.0,-1.0
300.0,130.0,150.0,0.0,0.0,-1.0
397.291,146.235,150.0,0.0,0.0,-1.0
300.0,130.0,150.0,0.0,0.0,-1.0
393.974,153.798,150.0,0.0,0.0,-1.0
393.974,153.798,150.0,0.0,0.0,-1.0
300.0,130.0,150.0,0.0,0.0,-1.0
389.457,160.711,150.0,0.0,0.0,-1.0
316.136,166.786,150.0,0.0,0.0,-1.0
322.653,171.858,150.0,0.0,0.0,-1.0
310.543,160.711,150.0,0.0,0.0,-1.0
310.543,160.711,150.0,0.0,0.0,-1.0
322.653,171.858,150.0,0.0,0.0,-1.0
377.347,171.858,150.0,0.0,0.0,-1.0
310.543,160.711,150.0,0.0,0.0,-1.0
377.347,171.858,150.0,0.0,0.0,-1.0
306.026,153.798,150.0,0.0,0.0,-1.0
306.026,153.798,150.0,0.0,0.0,-1.0
377.347,171.858,150.0,0.0,0.0,-1.0
300.682,138.23,150.0,0.0,0.0,-1.0
306.026,153.798,150.0,0.0,0.0,-1.0
300.682,138.23,150.0,0.0,0.0,-1.0
302.709,146.235,150.0,0.0,0.0,-1.0
362.274,178.47,150.0,0.0,0.0,-1.0
370.085,175.789,150.0,0.0,0.0,-1.0
354.129,179.829,150.0,0.0,0.0,-1.0
354.129,179.829,150.0,0.0,0.0,-1.0
370.085,175.789,150.0,0.0,0.0,-1.0
377.347,171.858,150.0,0.0,0.0,-1.0
354.129,179.829,150.0,0.0,0.0,-1.0
377.347,171.858,150.0,0.0,0.0,-1.0
345.871,179.829,150.0,0.0,0.0,-1.0
345.871,179.829,150.0,0.0,0.0,-1.0
377.347,171.858,150.0,0.0,0.0,-1.0
337.726,178.47,150.0,0.0,0.0,-1.0
300.0,0.000119209,150.0,1.0,0.0,0.0
300.0,0.000119209,90.0,1.0,0.0,0.0
300.0,130.0,150.0,1.0,0.0,0.0
300.0,130.0,150.0,1.0,0.0,0.0
300.0,0.000119209,90.0,1.0,0.0,0.0
300.0,130.0,90.0,1.0,0.0,0.0
400.0,0.000119209,90.0,0.0,0.0,-1.0
400.0,90.0002,90.0,0.0,0.0,-1.0
450.0,0.000119209,90.0,0.0,0.0,-1.0
450.0,0.000119209,90.0,0.0,0.0,-1.0
400.0,90.0002,90.0,0.0,0.0,-1.0
450.0,90.0002,90.0,0.0,0.0,-1.0
450.0,90.0002,90.0,0.0,-1.0,0.0
400.0,90.0002,90.0,0.0,-1.0,0.0
450.0,90.0002,70.0,0.0,-1.0,0.0
450.0,90.0002,70.0,0.0,-1.0,0.0
400.0,90.0002,90.0,0.0,-1.0,0.0
400.0,90.0002,70.0,0.0,-1.0,0.0
400.0,90.0002,70.0,0.0,0.0,-1.0
400.0,390.0,70.0,0.0,0.0,-1.0
450.0,90.0002,70.0,0.0,0.0,-1.0
450.0,90.0002,70.0,0.0,0.0,-1.0
400.0,390.0,70.0,0.0,0.0,-1.0
450.0,390.0,70.0,0.0,0.0,-1.0
450.0,390.0,90.0,0.0,1.0,0.0
450.0,390.0,70.0,0.0,1.0,0.0
400.0,390.0,90.0,0.0,1.0,0.0
400.0,390.0,90.0,0.0,1.0,0.0
450.0,390.0,70.0,0.0,1.0,0.0
400.0,390.0,70.0,0.0,1.0,0.0
450.0,970.0,70.0,0.0,-1.0,0.0
450.0,970.0,90.0,0.0,-1.0,0.0
400.0,970.0,70.0,0.0,-1.0,0.0
400.0,970.0,70.0,0.0,-1.0,0.0
450.0,970.0,90.0,0.0,-1.0,0.0
400.0,970.0,90.0,0.0,-1.0,0.0
450.0,1270.0,70.0,0.0,0.0,-1.0
450.0,970.0,70.0,0.0,0.0,-1.0
400.0,1270.0,70.0,0.0,0.0,-1.0
400.0,1270.0,70.0,0.0,0.0,-1.0
450.0,970.0,70.0,0.0,0.0,-1.0
400.0,970.0,70.0,0.0,0.0,-1.0
450.0,1270.0,90.0,0.0,1.0,0.0
450.0,1270.0,70.0,0.0,1.0,0.0
400.0,1270.0,90.0,0.0,1.0,0.0
400.0,1270.0,90.0,0.0,1.0,0.0
450.0,1270.0,70.0,0.0,1.0,0.0
400.0,1270.0,70.0,0.0,1.0,0.0
400.0,970.0,90.0,0.0,0.0,-1.0
450.0,970.0,90.0,0.0,0.0,-1.0
450.0,390.0,90.0,0.0,0.0,-1.0
450.0,1360.0,90.0,0.0,0.0,-1.0
450.0,1270.0,90.0,0.0,0.0,-1.0
2.98023e-05,1360.0,90.0,0.0,0.0,-1.0
2.98023e-05,1360.0,90.0,0.0,0.0,-1.0
450.0,1270.0,90.0,0.0,0.0,-1.0
400.0,1270.0,90.0,0.0,0.0,-1.0
129.775,949.848,90.0,0.0,0.0,-1.0
116.428,946.972,90.0,0.0,0.0,-1.0
2.98023e-05,1360.0,90.0,0.0,0.0,-1.0
116.428,946.972,90.0,0.0,0.0,-1.0
103.759,941.881,90.0,0.0,0.0,-1.0
2.98023e-05,1360.0,90.0,0.0,0.0,-1.0
2.98023e-05,1360.0,90.0,0.0,0.0,-1.0
103.759,941.881,90.0,0.0,0.0,-1.0
92.132,934.722,90.0,0.0,0.0,-1.0
2.98023e-05,1360.0,90.0,0.0,0.0,-1.0
92.132,934.722,90.0,0.0,0.0,-1.0
81.8826,925.701,90.0,0.0,0.0,-1.0
81.8826,925.701,90.0,0.0,0.0,-1.0
73.305,915.078,90.0,0.0,0.0,-1.0
2.98023e-05,1360.0,90.0,0.0,0.0,-1.0
2.98023e-05,1360.0,90.0,0.0,0.0,-1.0
73.305,915.078,90.0,0.0,0.0,-1.0
66.6461,903.158,90.0,0.0,0.0,-1.0
2.98023e-05,1360.0,90.0,0.0,0.0,-1.0
66.6461,903.158,90.0,0.0,0.0,-1.0
62.0975,890.284,90.0,0.0,0.0,-1.0
81.8826,814.299,90.0,0.0,0.0,-1.0
92.132,805.278,90.0,0.0,0.0,-1.0
66.6461,523.158,90.0,0.0,0.0,-1.0
66.6461,523.158,90.0,0.0,0.0,-1.0
92.132,805.278,90.0,0.0,0.0,-1.0
103.759,798.12,90.0,0.0,0.0,-1.0
66.6461,523.158,90.0,0.0,0.0,-1.0
103.759,798.12,90.0,0.0,0.0,-1.0
73.305,535.078,90.0,0.0,0.0,-1.0
81.8826,434.299,90.0,0.0,0.0,-1.0
92.132,425.278,90.0,0.0,0.0,-1.0
2.98023e-05,0.000119209,90.0,0.0,0.0,-1.0
2.98023e-05,0.000119209,90.0,0.0,0.0,-1.0
92.132,425.278,90.0,0.0,0.0,-1.0
103.759,418.12,90.0,0.0,0.0,-1.0
103.759,418.12,90.0,0.0,0.0,-1.0
116.428,413.029,90.0,0.0,0.0,-1.0
2.98023e-05,0.000119209,90.0,0.0,0.0,-1.0
2.98023e-05,0.000119209,90.0,0.0,0.0,-1.0
116.428,413.029,90.0,0.0,0.0,-1.0
129.775,410.152,90.0,0.0,0.0,-1.0
2.98023e-05,0.000119209,90.0,0.0,0.0,-1.0
129.775,410.152,90.0,0.0,0.0,-1.0
300.0,0.000119209,90.0,0.0,0.0,-1.0
182.207,938.548,90.0,0.0,0.0,-1.0
170.015,944.695,90.0,0.0,0.0,-1.0
400.0,1270.0,90.0,0.0,0.0,-1.0
400.0,1270.0,90.0,0.0,0.0,-1.0
170.015,944.695,90.0,0.0,0.0,-1.0
156.96,948.693,90.0,0.0,0.0,-1.0
400.0,1270.0,90.0,0.0,0.0,-1.0
156.96,948.693,90.0,0.0,0.0,-1.0
2.98023e-05,1360.0,90.0,0.0,0.0,-1.0
2.98023e-05,1360.0,90.0,0.0,0.0,-1.0
156.96,948.693,90.0,0.0,0.0,-1.0
143.417,950.428,90.0,0.0,0.0,-1.0
2.98023e-05,1360.0,90.0,0.0,0.0,-1.0
143.417,950.428,90.0,0.0,0.0,-1.0
129.775,949.848,90.0,0.0,0.0,-1.0
62.0975,890.284,90.0,0.0,0.0,-1.0
59.79,876.827,90.0,0.0,0.0,-1.0
2.98023e-05,1360.0,90.0,0.0,0.0,-1.0
2.98023e-05,1360.0,90.0,0.0,0.0,-1.0
59.79,876.827,90.0,0.0,0.0,-1.0
59.79,863.173,90.0,0.0,0.0,-1.0
2.98023e-05,1360.0,90.0,0.0,0.0,-1.0
59.79,863.173,90.0,0.0,0.0,-1.0
66.6461,523.158,90.0,0.0,0.0,-1.0
66.6461,523.158,90.0,0.0,0.0,-1.0
59.79,863.173,90.0,0.0,0.0,-1.0
62.0975,849.716,90.0,0.0,0.0,-1.0
62.0975,849.716,90.0,0.0,0.0,-1.0
66.6461,836.842,90.0,0.0,0.0,-1.0
66.6461,523.158,90.0,0.0,0.0,-1.0
66.6461,523.158,90.0,0.0,0.0,-1.0
66.6461,836.842,90.0,0.0,0.0,-1.0
73.305,824.922,90.0,0.0,0.0,-1.0
66.6461,523.158,90.0,0.0,0.0,-1.0
73.305,824.922,90.0,0.0,0.0,-1.0
81.8826,814.299,90.0,0.0,0.0,-1.0
170.015,795.305,90.0,0.0,0.0,-1.0
182.207,801.452,90.0,0.0,0.0,-1.0
298.0,818.5,90.0,0.0,0.0,-1.0
298.0,818.5,90.0,0.0,0.0,-1.0
182.207,801.452,90.0,0.0,0.0,-1.0
193.184,809.571,90.0,0.0,0.0,-1.0
193.184,809.571,90.0,0.0,0.0,-1.0
202.632,819.428,90.0,0.0,0.0,-1.0
298.0,818.5,90.0,0.0,0.0,-1.0
298.0,818.5,90.0,0.0,0.0,-1.0
202.632,819.428,90.0,0.0,0.0,-1.0
210.278,830.741,90.0,0.0,0.0,-1.0
298.0,818.5,90.0,0.0,0.0,-1.0
210.278,830.741,90.0,0.0,0.0,-1.0
215.902,843.182,90.0,0.0,0.0,-1.0
210.278,909.26,90.0,0.0,0.0,-1.0
202.632,920.572,90.0,0.0,0.0,-1.0
400.0,1270.0,90.0,0.0,0.0,-1.0
400.0,1270.0,90.0,0.0,0.0,-1.0
202.632,920.572,90.0,0.0,0.0,-1.0
193.184,930.429,90.0,0.0,0.0,-1.0
400.0,1270.0,90.0,0.0,0.0,-1.0
193.184,930.429,90.0,0.0,0.0,-1.0
182.207,938.548,90.0,0.0,0.0,-1.0
156.96,568.693,90.0,0.0,0.0,-1.0
143.417,570.428,90.0,0.0,0.0,-1.0
156.96,791.307,90.0,0.0,0.0,-1.0
66.6461,523.158,90.0,0.0,0.0,-1.0
62.0975,510.284,90.0,0.0,0.0,-1.0
2.98023e-05,1360.0,90.0,0.0,0.0,-1.0
2.98023e-05,1360.0,90.0,0.0,0.0,-1.0
62.0975,510.284,90.0,0.0,0.0,-1.0
59.79,496.827,90.0,0.0,0.0,-1.0
2.98023e-05,1360.0,90.0,0.0,0.0,-1.0
59.79,496.827,90.0,0.0,0.0,-1.0
2.98023e-05,0.000119209,90.0,0.0,0.0,-1.0
2.98023e-05,0.000119209,90.0,0.0,0.0,-1.0
59.79,496.827,90.0,0.0,0.0,-1.0
59.79,483.173,90.0,0.0,0.0,-1.0
2.98023e-05,0.000119209,90.0,0.0,0.0,-1.0
59.79,483.173,90.0,0.0,0.0,-1.0
62.0975,469.716,90.0,0.0,0.0,-1.0
193.184,550.429,90.0,0.0,0.0,-1.0
400.0,390.0,90.0,0.0,0.0,-1.0
202.632,540.572,90.0,0.0,0.0,-1.0
202.632,540.572,90.0,0.0,0.0,-1.0
400.0,390.0,90.0,0.0,0.0,-1.0
210.278,529.26,90.0,0.0,0.0,-1.0
62.0975,469.716,90.0,0.0,0.0,-1.0
66.6461,456.842,90.0,0.0,0.0,-1.0
2.98023e-05,0.000119209,90.0,0.0,0.0,-1.0
2.98023e-05,0.000119209,90.0,0.0,0.0,-1.0
66.6461,456.842,90.0,0.0,0.0,-1.0
73.305,444.922,90.0,0.0,0.0,-1.0
2.98023e-05,0.000119209,90.0,0.0,0.0,-1.0
73.305,444.922,90.0,0.0,0.0,-1.0
81.8826,434.299,90.0,0.0,0.0,-1.0
400.0,390.0,90.0,0.0,0.0,-1.0
400.0,130.0,90.0,0.0,0.0,-1.0
399.318,138.23,90.0,0.0,0.0,-1.0
219.342,476.396,90.0,0.0,0.0,-1.0
220.5,490.0,90.0,0.0,0.0,-1.0
400.0,390.0,90.0,0.0,0.0,-1.0
220.5,490.0,90.0,0.0,0.0,-1.0
219.342,503.605,90.0,0.0,0.0,-1.0
400.0,390.0,90.0,0.0,0.0,-1.0
400.0,390.0,90.0,0.0,0.0,-1.0
219.342,503.605,90.0,0.0,0.0,-1.0
215.902,516.818,90.0,0.0,0.0,-1.0
400.0,390.0,90.0,0.0,0.0,-1.0
215.902,516.818,90.0,0.0,0.0,-1.0
210.278,529.26,90.0,0.0,0.0,-1.0
315.731,841.281,90.0,0.0,0.0,-1.0
312.06,840.021,90.0,0.0,0.0,-1.0
219.342,856.396,90.0,0.0,0.0,-1.0
170.015,795.305,90.0,0.0,0.0,-1.0
298.0,818.5,90.0,0.0,0.0,-1.0
156.96,791.307,90.0,0.0,0.0,-1.0
156.96,791.307,90.0,0.0,0.0,-1.0
298.0,818.5,90.0,0.0,0.0,-1.0
298.0,541.5,90.0,0.0,0.0,-1.0
156.96,791.307,90.0,0.0,0.0,-1.0
298.0,541.5,90.0,0.0,0.0,-1.0
156.96,568.693,90.0,0.0,0.0,-1.0
129.775,569.848,90.0,0.0,0.0,-1.0
116.428,566.972,90.0,0.0,0.0,-1.0
129.775,790.152,90.0,0.0,0.0,-1.0
129.775,790.152,90.0,0.0,0.0,-1.0
116.428,566.972,90.0,0.0,0.0,-1.0
103.759,561.881,90.0,0.0,0.0,-1.0
129.775,790.152,90.0,0.0,0.0,-1.0
103.759,561.881,90.0,0.0,0.0,-1.0
116.428,793.029,90.0,0.0,0.0,-1.0
116.428,793.029,90.0,0.0,0.0,-1.0
103.759,561.881,90.0,0.0,0.0,-1.0
92.132,554.722,90.0,0.0,0.0,-1.0
116.428,793.029,90.0,0.0,0.0,-1.0
92.132,554.722,90.0,0.0,0.0,-1.0
103.759,798.12,90.0,0.0,0.0,-1.0
103.759,798.12,90.0,0.0,0.0,-1.0
92.132,554.722,90.0,0.0,0.0,-1.0
81.8826,545.701,90.0,0.0,0.0,-1.0
103.759,798.12,90.0,0.0,0.0,-1.0
81.8826,545.701,90.0,0.0,0.0,-1.0
73.305,535.078,90.0,0.0,0.0,-1.0
377.347,171.858,90.0,0.0,0.0,-1.0
193.184,429.571,90.0,0.0,0.0,-1.0
383.864,166.786,90.0,0.0,0.0,-1.0
383.864,166.786,90.0,0.0,0.0,-1.0
193.184,429.571,90.0,0.0,0.0,-1.0
389.457,160.711,90.0,0.0,0.0,-1.0
399.318,138.23,90.0,0.0,0.0,-1.0
397.291,146.235,90.0,0.0,0.0,-1.0
400.0,390.0,90.0,0.0,0.0,-1.0
400.0,390.0,90.0,0.0,0.0,-1.0
397.291,146.235,90.0,0.0,0.0,-1.0
393.974,153.798,90.0,0.0,0.0,-1.0
400.0,390.0,90.0,0.0,0.0,-1.0
393.974,153.798,90.0,0.0,0.0,-1.0
389.457,160.711,90.0,0.0,0.0,-1.0
312.06,519.979,90.0,0.0,0.0,-1.0
315.731,518.719,90.0,0.0,0.0,-1.0
400.0,390.0,90.0,0.0,0.0,-1.0
340.045,527.066,90.0,0.0,0.0,-1.0
342.168,530.315,90.0,0.0,0.0,-1.0
450.0,390.0,90.0,0.0,0.0,-1.0
129.775,569.848,90.0,0.0,0.0,-1.0
129.775,790.152,90.0,0.0,0.0,-1.0
143.417,570.428,90.0,0.0,0.0,-1.0
143.417,570.428,90.0,0.0,0.0,-1.0
129.775,790.152,90.0,0.0,0.0,-1.0
143.417,789.573,90.0,0.0,0.0,-1.0
143.417,570.428,90.0,0.0,0.0,-1.0
143.417,789.573,90.0,0.0,0.0,-1.0
156.96,791.307,90.0,0.0,0.0,-1.0
316.136,166.786,90.0,0.0,0.0,-1.0
310.543,160.711,90.0,0.0,0.0,-1.0
170.015,415.305,90.0,0.0,0.0,-1.0
170.015,415.305,90.0,0.0,0.0,-1.0
310.543,160.711,90.0,0.0,0.0,-1.0
306.026,153.798,90.0,0.0,0.0,-1.0
170.015,415.305,90.0,0.0,0.0,-1.0
306.026,153.798,90.0,0.0,0.0,-1.0
302.709,146.235,90.0,0.0,0.0,-1.0
129.775,410.152,90.0,0.0,0.0,-1.0
143.417,409.573,90.0,0.0,0.0,-1.0
300.0,0.000119209,90.0,0.0,0.0,-1.0
300.0,0.000119209,90.0,0.0,0.0,-1.0
143.417,409.573,90.0,0.0,0.0,-1.0
156.96,411.307,90.0,0.0,0.0,-1.0
300.0,0.000119209,90.0,0.0,0.0,-1.0
156.96,411.307,90.0,0.0,0.0,-1.0
300.0,130.0,90.0,0.0,0.0,-1.0
300.0,130.0,90.0,0.0,0.0,-1.0
156.96,411.307,90.0,0.0,0.0,-1.0
170.015,415.305,90.0,0.0,0.0,-1.0
300.0,130.0,90.0,0.0,0.0,-1.0
170.015,415.305,90.0,0.0,0.0,-1.0
300.682,138.23,90.0,0.0,0.0,-1.0
300.682,138.23,90.0,0.0,0.0,-1.0
170.015,415.305,90.0,0.0,0.0,-1.0
302.709,146.235,90.0,0.0,0.0,-1.0
377.347,171.858,90.0,0.0,0.0,-1.0
370.085,175.789,90.0,0.0,0.0,-1.0
193.184,429.571,90.0,0.0,0.0,-1.0
193.184,429.571,90.0,0.0,0.0,-1.0
370.085,175.789,90.0,0.0,0.0,-1.0
362.274,178.47,90.0,0.0,0.0,-1.0
193.184,429.571,90.0,0.0,0.0,-1.0
362.274,178.47,90.0,0.0,0.0,-1.0
354.129,179.829,90.0,0.0,0.0,-1.0
193.184,429.571,90.0,0.0,0.0,-1.0
202.632,439.428,90.0,0.0,0.0,-1.0
389.457,160.711,90.0,0.0,0.0,-1.0
389.457,160.711,90.0,0.0,0.0,-1.0
202.632,439.428,90.0,0.0,0.0,-1.0
210.278,450.741,90.0,0.0,0.0,-1.0
389.457,160.711,90.0,0.0,0.0,-1.0
210.278,450.741,90.0,0.0,0.0,-1.0
400.0,390.0,90.0,0.0,0.0,-1.0
400.0,390.0,90.0,0.0,0.0,-1.0
210.278,450.741,90.0,0.0,0.0,-1.0
215.902,463.182,90.0,0.0,0.0,-1.0
400.0,390.0,90.0,0.0,0.0,-1.0
215.902,463.182,90.0,0.0,0.0,-1.0
219.342,476.396,90.0,0.0,0.0,-1.0
354.129,179.829,90.0,0.0,0.0,-1.0
345.871,179.829,90.0,0.0,0.0,-1.0
193.184,429.571,90.0,0.0,0.0,-1.0
193.184,429.571,90.0,0.0,0.0,-1.0
345.871,179.829,90.0,0.0,0.0,-1.0
337.726,178.47,90.0,0.0,0.0,-1.0
193.184,429.571,90.0,0.0,0.0,-1.0
337.726,178.47,90.0,0.0,0.0,-1.0
182.207,421.452,90.0,0.0,0.0,-1.0
182.207,421.452,90.0,0.0,0.0,-1.0
337.726,178.47,90.0,0.0,0.0,-1.0
329.915,175.789,90.0,0.0,0.0,-1.0
182.207,421.452,90.0,0.0,0.0,-1.0
329.915,175.789,90.0,0.0,0.0,-1.0
170.015,415.305,90.0,0.0,0.0,-1.0
170.015,415.305,90.0,0.0,0.0,-1.0
329.915,175.789,90.0,0.0,0.0,-1.0
322.653,171.858,90.0,0.0,0.0,-1.0
170.015,415.305,90.0,0.0,0.0,-1.0
322.653,171.858,90.0,0.0,0.0,-1.0
316.136,166.786,90.0,0.0,0.0,-1.0
312.06,840.021,90.0,0.0,0.0,-1.0
308.647,838.174,90.0,0.0,0.0,-1.0
219.342,856.396,90.0,0.0,0.0,-1.0
219.342,856.396,90.0,0.0,0.0,-1.0
308.647,838.174,90.0,0.0,0.0,-1.0
305.584,835.79,90.0,0.0,0.0,-1.0
219.342,856.396,90.0,0.0,0.0,-1.0
305.584,835.79,90.0,0.0,0.0,-1.0
302.955,832.934,90.0,0.0,0.0,-1.0
302.955,832.934,90.0,0.0,0.0,-1.0
300.832,829.685,90.0,0.0,0.0,-1.0
219.342,856.396,90.0,0.0,0.0,-1.0
219.342,856.396,90.0,0.0,0.0,-1.0
300.832,829.685,90.0,0.0,0.0,-1.0
299.273,826.131,90.0,0.0,0.0,-1.0
219.342,856.396,90.0,0.0,0.0,-1.0
299.273,826.131,90.0,0.0,0.0,-1.0
215.902,843.182,90.0,0.0,0.0,-1.0
215.902,843.182,90.0,0.0,0.0,-1.0
299.273,826.131,90.0,0.0,0.0,-1.0
298.321,822.368,90.0,0.0,0.0,-1.0
215.902,843.182,90.0,0.0,0.0,-1.0
298.321,822.368,90.0,0.0,0.0,-1.0
298.0,818.5,90.0,0.0,0.0,-1.0
344.68,822.368,90.0,0.0,0.0,-1.0
343.727,826.131,90.0,0.0,0.0,-1.0
400.0,1270.0,90.0,0.0,0.0,-1.0
400.0,1270.0,90.0,0.0,0.0,-1.0
343.727,826.131,90.0,0.0,0.0,-1.0
342.168,829.685,90.0,0.0,0.0,-1.0
400.0,1270.0,90.0,0.0,0.0,-1.0
342.168,829.685,90.0,0.0,0.0,-1.0
340.045,832.934,90.0,0.0,0.0,-1.0
340.045,832.934,90.0,0.0,0.0,-1.0
337.416,835.79,90.0,0.0,0.0,-1.0
400.0,1270.0,90.0,0.0,0.0,-1.0
400.0,1270.0,90.0,0.0,0.0,-1.0
337.416,835.79,90.0,0.0,0.0,-1.0
334.353,838.174,90.0,0.0,0.0,-1.0
400.0,1270.0,90.0,0.0,0.0,-1.0
334.353,838.174,90.0,0.0,0.0,-1.0
330.94,840.021,90.0,0.0,0.0,-1.0
193.184,550.429,90.0,0.0,0.0,-1.0
182.207,558.548,90.0,0.0,0.0,-1.0
298.0,541.5,90.0,0.0,0.0,-1.0
298.0,541.5,90.0,0.0,0.0,-1.0
182.207,558.548,90.0,0.0,0.0,-1.0
170.015,564.695,90.0,0.0,0.0,-1.0
298.0,541.5,90.0,0.0,0.0,-1.0
170.015,564.695,90.0,0.0,0.0,-1.0
156.96,568.693,90.0,0.0,0.0,-1.0
315.731,518.719,90.0,0.0,0.0,-1.0
319.559,518.08,90.0,0.0,0.0,-1.0
400.0,390.0,90.0,0.0,0.0,-1.0
400.0,390.0,90.0,0.0,0.0,-1.0
319.559,518.08,90.0,0.0,0.0,-1.0
323.441,518.08,90.0,0.0,0.0,-1.0
400.0,390.0,90.0,0.0,0.0,-1.0
323.441,518.08,90.0,0.0,0.0,-1.0
327.269,518.719,90.0,0.0,0.0,-1.0
210.278,909.26,90.0,0.0,0.0,-1.0
400.0,1270.0,90.0,0.0,0.0,-1.0
215.902,896.818,90.0,0.0,0.0,-1.0
215.902,896.818,90.0,0.0,0.0,-1.0
400.0,1270.0,90.0,0.0,0.0,-1.0
330.94,840.021,90.0,0.0,0.0,-1.0
215.902,896.818,90.0,0.0,0.0,-1.0
330.94,840.021,90.0,0.0,0.0,-1.0
219.342,883.605,90.0,0.0,0.0,-1.0
219.342,883.605,90.0,0.0,0.0,-1.0
330.94,840.021,90.0,0.0,0.0,-1.0
327.269,841.281,90.0,0.0,0.0,-1.0
219.342,883.605,90.0,0.0,0.0,-1.0
327.269,841.281,90.0,0.0,0.0,-1.0
220.5,870.0,90.0,0.0,0.0,-1.0
220.5,870.0,90.0,0.0,0.0,-1.0
327.269,841.281,90.0,0.0,0.0,-1.0
323.441,841.92,90.0,0.0,0.0,-1.0
220.5,870.0,90.0,0.0,0.0,-1.0
323.441,841.92,90.0,0.0,0.0,-1.0
219.342,856.396,90.0,0.0,0.0,-1.0
219.342,856.396,90.0,0.0,0.0,-1.0
323.441,841.92,90.0,0.0,0.0,-1.0
319.559,841.92,90.0,0.0,0.0,-1.0
219.342,856.396,90.0,0.0,0.0,-1.0
319.559,841.92,90.0,0.0,0.0,-1.0
315.731,841.281,90.0,0.0,0.0,-1.0
298.0,541.5,90.0,0.0,0.0,-1.0
298.321,537.632,90.0,0.0,0.0,-1.0
193.184,550.429,90.0,0.0,0.0,-1.0
193.184,550.429,90.0,0.0,0.0,-1.0
298.321,537.632,90.0,0.0,0.0,-1.0
299.273,533.87,90.0,0.0,0.0,-1.0
193.184,550.429,90.0,0.0,0.0,-1.0
299.273,533.87,90.0,0.0,0.0,-1.0
300.832,530.315,90.0,0.0,0.0,-1.0
327.269,518.719,90.0,0.0,0.0,-1.0
330.94,519.979,90.0,0.0,0.0,-1.0
400.0,390.0,90.0,0.0,0.0,-1.0
400.0,390.0,90.0,0.0,0.0,-1.0
330.94,519.979,90.0,0.0,0.0,-1.0
334.353,521.827,90.0,0.0,0.0,-1.0
400.0,390.0,90.0,0.0,0.0,-1.0
334.353,521.827,90.0,0.0,0.0,-1.0
450.0,390.0,90.0,0.0,0.0,-1.0
450.0,390.0,90.0,0.0,0.0,-1.0
334.353,521.827,90.0,0.0,0.0,-1.0
337.416,524.211,90.0,0.0,0.0,-1.0
450.0,390.0,90.0,0.0,0.0,-1.0
337.416,524.211,90.0,0.0,0.0,-1.0
340.045,527.066,90.0,0.0,0.0,-1.0
342.168,530.315,90.0,0.0,0.0,-1.0
343.727,533.87,90.0,0.0,0.0,-1.0
450.0,390.0,90.0,0.0,0.0,-1.0
450.0,390.0,90.0,0.0,0.0,-1.0
343.727,533.87,90.0,0.0,0.0,-1.0
344.68,537.632,90.0,0.0,0.0,-1.0
450.0,390.0,90.0,0.0,0.0,-1.0
344.68,537.632,90.0,0.0,0.0,-1.0
400.0,970.0,90.0,0.0,0.0,-1.0
400.0,970.0,90.0,0.0,0.0,-1.0
344.68,537.632,90.0,0.0,0.0,-1.0
345.0,541.5,90.0,0.0,0.0,-1.0
400.0,970.0,90.0,0.0,0.0,-1.0
345.0,541.5,90.0,0.0,0.0,-1.0
400.0,1270.0,90.0,0.0,0.0,-1.0
400.0,1270.0,90.0,0.0,0.0,-1.0
345.0,541.5,90.0,0.0,0.0,-1.0
345.0,818.5,90.0,0.0,0.0,-1.0
400.0,1270.0,90.0,0.0,0.0,-1.0
345.0,818.5,90.0,0.0,0.0,-1.0
344.68,822.368,90.0,0.0,0.0,-1.0
300.832,530.315,90.0,0.0,0.0,-1.0
302.955,527.066,90.0,0.0,0.0,-1.0
193.184,550.429,90.0,0.0,0.0,-1.0
193.184,550.429,90.0,0.0,0.0,-1.0
302.955,527.066,90.0,0.0,0.0,-1.0
305.584,524.211,90.0,0.0,0.0,-1.0
193.184,550.429,90.0,0.0,0.0,-1.0
305.584,524.211,90.0,0.0,0.0,-1.0
400.0,390.0,90.0,0.0,0.0,-1.0
400.0,390.0,90.0,0.0,0.0,-1.0
305.584,524.211,90.0,0.0,0.0,-1.0
308.647,521.827,90.0,0.0,0.0,-1.0
400.0,390.0,90.0,0.0,0.0,-1.0
308.647,521.827,90.0,0.0,0.0,-1.0
312.06,519.979,90.0,0.0,0.0,-1.0
345.0,818.5,90.0,-0.996584,-0.0825848,0.0
345.0,818.5,180.0,-0.996584,-0.0825848,0.0
344.68,822.368,90.0,-0.996584,-0.0825848,0.0
344.68,822.368,90.0,-0.996584,-0.0825848,0.0
345.0,818.5,180.0,-0.996584,-0.0825848,0.0
344.68,822.368,180.0,-0.996584,-0.0825848,0.0
344.68,822.368,90.0,-0.9694,-0.245487,0.0
344.68,822.368,180.0,-0.9694,-0.245487,0.0
343.727,826.131,90.0,-0.9694,-0.245487,0.0
343.727,826.131,90.0,-0.9694,-0.245487,0.0
344.68,822.368,180.0,-0.9694,-0.245487,0.0
343.727,826.131,180.0,-0.9694,-0.245487,0.0
343.727,826.131,90.0,-0.915775,-0.401691,0.0
343.727,826.131,180.0,-0.915775,-0.401691,0.0
342.168,829.685,90.0,-0.915775,-0.401691,0.0
342.168,829.685,90.0,-0.915775,-0.401691,0.0
343.727,826.131,180.0,-0.915775,-0.401691,0.0
342.168,829.685,180.0,-0.915775,-0.401691,0.0
342.168,829.685,90.0,-0.837169,-0.546945,0.0
342.168,829.685,180.0,-0.837169,-0.546945,0.0
340.045,832.934,90.0,-0.837169,-0.546945,0.0
340.045,832.934,90.0,-0.837169,-0.546945,0.0
342.168,829.685,180.0,-0.837169,-0.546945,0.0
340.045,832.934,180.0,-0.837169,-0.546945,0.0
340.045,832.934,90.0,-0.735718,-0.677288,0.0
340.045,832.934,180.0,-0.735718,-0.677288,0.0
337.416,835.79,90.0,-0.735718,-0.677288,0.0
337.416,835.79,90.0,-0.735718,-0.677288,0.0
340.045,832.934,180.0,-0.735718,-0.677288,0.0
337.416,835.79,180.0,-0.735718,-0.677288,0.0
337.416,835.79,90.0,-0.614214,-0.789139,0.0
337.416,835.79,180.0,-0.614214,-0.789139,0.0
334.353,838.174,90.0,-0.614214,-0.789139,0.0
334.353,838.174,90.0,-0.614214,-0.789139,0.0
337.416,835.79,180.0,-0.614214,-0.789139,0.0
334.353,838.174,180.0,-0.614214,-0.789139,0.0
334.353,838.174,90.0,-0.47594,-0.879478,0.0
334.353,838.174,180.0,-0.47594,-0.879478,0.0
330.94,840.021,90.0,-0.47594,-0.879478,0.0
330.94,840.021,90.0,-0.47594,-0.879478,0.0
334.353,838.174,180.0,-0.47594,-0.879478,0.0
330.94,840.021,180.0,-0.47594,-0.879478,0.0
330.94,840.021,90.0,-0.324719,-0.945811,0.0
330.94,840.021,180.0,-0.324719,-0.945811,0.0
327.269,841.281,90.0,-0.324719,-0.945811,0.0
327.269,841.281,90.0,-0.324719,-0.945811,0.0
330.94,840.021,180.0,-0.324719,-0.945811,0.0
327.269,841.281,180.0,-0.324719,-0.945811,0.0
327.269,841.281,90.0,-0.164602,-0.98636,0.0
327.269,841.281,180.0,-0.164602,-0.98636,0.0
323.441,841.92,90.0,-0.164602,-0.98636,0.0
323.441,841.92,90.0,-0.164602,-0.98636,0.0
327.269,841.281,180.0,-0.164602,-0.98636,0.0
323.441,841.92,180.0,-0.164602,-0.98636,0.0
323.441,841.92,90.0,0.0,-1.0,0.0
323.441,841.92,180.0,0.0,-1.0,0.0
319.559,841.92,90.0,0.0,-1.0,0.0
319.559,841.92,90.0,0.0,-1.0,0.0
323.441,841.92,180.0,0.0,-1.0,0.0
319.559,841.92,180.0,0.0,-1.0,0.0
319.559,841.92,90.0,0.164602,-0.98636,0.0
319.559,841.92,180.0,0.164602,-0.98636,0.0
315.731,841.281,90.0,0.164602,-0.98636,0.0
315.731,841.281,90.0,0.164602,-0.98636,0.0
319.559,841.92,180.0,0.164602,-0.98636,0.0
315.731,841.281,180.0,0.164602,-0.98636,0.0
315.731,841.281,90.0,0.324719,-0.945811,0.0
315.731,841.281,180.0,0.324719,-0.945811,0.0
312.06,840.021,90.0,0.324719,-0.945811,0.0
312.06,840.021,90.0,0.324719,-0.945811,0.0
315.731,841.281,180.0,0.324719,-0.945811,0.0
312.06,840.021,180.0,0.324719,-0.945811,0.0
312.06,840.021,90.0,0.47594,-0.879478,0.0
312.06,840.021,180.0,0.47594,-0.879478,0.0
308.647,838.174,90.0,0.47594,-0.879478,0.0
308.647,838.174,90.0,0.47594,-0.879478,0.0
312.06,840.021,180.0,0.47594,-0.879478,0.0
308.647,838.174,180.0,0.47594,-0.879478,0.0
308.647,838.174,90.0,0.614214,-0.789139,0.0
308.647,838.174,180.0,0.614214,-0.789139,0.0
305.584,835.79,90.0,0.614214,-0.789139,0.0
305.584,835.79,90.0,0.614214,-0.789139,0.0
308.647,838.174,180.0,0.614214,-0.789139,0.0
305.584,835.79,180.0,0.614214,-0.789139,0.0
305.584,835.79,90.0,0.735718,-0.677288,0.0
305.584,835.79,180.0,0.735718,-0.677288,0.0
302.955,832.934,90.0,0.735718,-0.677288,0.0
302.955,832.934,90.0,0.735718,-0.677288,0.0
305.584,835.79,180.0,0.735718,-0.677288,0.0
302.955,832.934,180.0,0.735718,-0.677288,0.0
302.955,832.934,90.0,0.837172,-0.546939,0.0
302.955,832.934,180.0,0.837172,-0.546939,0.0
300.832,829.685,90.0,0.837172,-0.546939,0.0
300.832,829.685,90.0,0.837172,-0.546939,0.0
302.955,832.934,180.0,0.837172,-0.546939,0.0
300.832,829.685,180.0,0.837172,-0.546939,0.0
300.832,829.685,90.0,0.915772,-0.401698,0.0
300.832,829.685,180.0,0.915772,-0.401698,0.0
299.273,826.131,90.0,0.915772,-0.401698,0.0
299.273,826.131,90.0,0.915772,-0.401698,0.0
300.832,829.685,180.0,0.915772,-0.401698,0.0
299.273,826.131,180.0,0.915772,-0.401698,0.0
299.273,826.131,90.0,0.9694,-0.245487,0.0
299.273,826.131,180.0,0.9694,-0.245487,0.0
298.321,822.368,90.0,0.9694,-0.245487,0.0
298.321,822.368,90.0,0.9694,-0.245487,0.0
299.273,826.131,180.0,0.9694,-0.245487,0.0
298.321,822.368,180.0,0.9694,-0.245487,0.0
298.321,822.368,90.0,0.996585,-0.0825769,0.0
298.321,822.368,180.0,0.996585,-0.0825769,0.0
298.0,818.5,90.0,0.996585,-0.0825769,0.0
298.0,818.5,90.0,0.996585,-0.0825769,0.0
298.321,822.368,180.0,0.996585,-0.0825769,0.0
298.0,818.5,180.0,0.996585,-0.0825769,0.0
345.0,818.5,90.0,-1.0,0.0,0.0
345.0,541.5,90.0,-1.0,0.0,0.0
345.0,818.5,180.0,-1.0,0.0,0.0
345.0,818.5,180.0,-1.0,0.0,0.0
345.0,541.5,90.0,-1.0,0.0,0.0
345.0,541.5,180.0,-1.0,0.0,0.0
298.0,541.5,90.0,0.996585,0.0825757,0.0
298.0,541.5,180.0,0.996585,0.0825757,0.0
298.321,537.632,90.0,0.996585,0.0825757,0.0
298.321,537.632,90.0,0.996585,0.0825757,0.0
298.0,541.5,180.0,0.996585,0.0825757,0.0
298.321,537.632,180.0,0.996585,0.0825757,0.0
298.321,537.632,90.0,0.9694,0.245487,0.0
298.321,537.632,180.0,0.9694,0.245487,0.0
299.273,533.87,90.0,0.9694,0.245487,0.0
299.273,533.87,90.0,0.9694,0.245487,0.0
298.321,537.632,180.0,0.9694,0.245487,0.0
299.273,533.87,180.0,0.9694,0.245487,0.0
299.273,533.87,90.0,0.91577,0.401704,0.0
299.273,533.87,180.0,0.91577,0.401704,0.0
300.832,530.315,90.0,0.91577,0.401704,0.0
300.832,530.315,90.0,0.91577,0.401704,0.0
299.273,533.87,180.0,0.91577,0.401704,0.0
300.832,530.315,180.0,0.91577,0.401704,0.0
300.832,530.315,90.0,0.837177,0.546932,0.0
300.832,530.315,180.0,0.837177,0.546932,0.0
302.955,527.066,90.0,0.837177,0.546932,0.0
302.955,527.066,90.0,0.837177,0.546932,0.0
300.832,530.315,180.0,0.837177,0.546932,0.0
302.955,527.066,180.0,0.837177,0.546932,0.0
302.955,527.066,90.0,0.735718,0.677288,0.0
302.955,527.066,180.0,0.735718,0.677288,0.0
305.584,524.211,90.0,0.735718,0.677288,0.0
305.584,524.211,90.0,0.735718,0.677288,0.0
302.955,527.066,180.0,0.735718,0.677288,0.0
305.584,524.211,180.0,0.735718,0.677288,0.0
305.584,524.211,90.0,0.614214,0.789139,0.0
305.584,524.211,180.0,0.614214,0.789139,0.0
308.647,521.827,90.0,0.614214,0.789139,0.0
308.647,521.827,90.0,0.614214,0.789139,0.0
305.584,524.211,180.0,0.614214,0.789139,0.0
308.647,521.827,180.0,0.614214,0.789139,0.0
308.647,521.827,90.0,0.47594,0.879478,0.0
308.647,521.827,180.0,0.47594,0.879478,0.0
312.06,519.979,90.0,0.47594,0.879478,0.0
312.06,519.979,90.0,0.47594,0.879478,0.0
308.647,521.827,180.0,0.47594,0.879478,0.0
312.06,519.979,180.0,0.47594,0.879478,0.0
312.06,519.979,90.0,0.324719,0.945811,0.0
312.06,519.979,180.0,0.324719,0.945811,0.0
315.731,518.719,90.0,0.324719,0.945811,0.0
315.731,518.719,90.0,0.324719,0.945811,0.0
312.06,519.979,180.0,0.324719,0.945811,0.0
315.731,518.719,180.0,0.324719,0.945811,0.0
315.731,518.719,90.0,0.164586,0.986363,0.0
315.731,518.719,180.0,0.164586,0.986363,0.0
319.559,518.08,90.0,0.164586,0.986363,0.0
319.559,518.08,90.0,0.164586,0.986363,0.0
315.731,518.719,180.0,0.164586,0.986363,0.0
319.559,518.08,180.0,0.164586,0.986363,0.0
319.559,518.08,90.0,0.0,1.0,0.0
319.559,518.08,180.0,0.0,1.0,0.0
323.441,518.08,90.0,0.0,1.0,0.0
323.441,518.08,90.0,0.0,1.0,0.0
319.559,518.08,180.0,0.0,1.0,0.0
323.441,518.08,180.0,0.0,1.0,0.0
323.441,518.08,90.0,-0.164586,0.986363,0.0
323.441,518.08,180.0,-0.164586,0.986363,0.0
327.269,518.719,90.0,-0.164586,0.986363,0.0
327.269,518.719,90.0,-0.164586,0.986363,0.0
323.441,518.08,180.0,-0.164586,0.986363,0.0
327.269,518.719,180.0,-0.164586,0.986363,0.0
327.269,518.719,90.0,-0.324719,0.945811,0.0
327.269,518.719,180.0,-0.324719,0.945811,0.0
330.94,519.979,90.0,-0.324719,0.945811,0.0
330.94,519.979,90.0,-0.324719,0.945811,0.0
327.269,518.719,180.0,-0.324719,0.945811,0.0
330.94,519.979,180.0,-0.324719,0.945811,0.0
330.94,519.979,90.0,-0.47594,0.879478,0.0
330.94,519.979,180.0,-0.47594,0.879478,0.0
334.353,521.827,90.0,-0.47594,0.879478,0.0
334.353,521.827,90.0,-0.47594,0.879478,0.0
330.94,519.979,180.0,-0.47594,0.879478,0.0
334.353,521.827,180.0,-0.47594,0.879478,0.0
334.353,521.827,90.0,-0.614214,0.789139,0.0
334.353,521.827,180.0,-0.614214,0.789139,0.0
337.416,524.211,90.0,-0.614214,0.789139,0.0
337.416,524.211,90.0,-0.614214,0.789139,0.0
334.353,521.827,180.0,-0.614214,0.789139,0.0
337.416,524.211,180.0,-0.614214,0.789139,0.0
337.416,524.211,90.0,-0.735718,0.677288,0.0
337.416,524.211,180.0,-0.735718,0.677288,0.0
340.045,527.066,90.0,-0.735718,0.677288,0.0
340.045,527.066,90.0,-0.735718,0.677288,0.0
337.416,524.211,180.0,-0.735718,0.677288,0.0
340.045,527.066,180.0,-0.735718,0.677288,0.0
340.045,527.066,90.0,-0.837173,0.546937,0.0
340.045,527.066,180.0,-0.837173,0.546937,0.0
342.168,530.315,90.0,-0.837173,0.546937,0.0
342.168,530.315,90.0,-0.837173,0.546937,0.0
340.045,527.066,180.0,-0.837173,0.546937,0.0
342.168,530.315,180.0,-0.837173,0.546937,0.0
342.168,530.315,90.0,-0.915773,0.401697,0.0
342.168,530.315,180.0,-0.915773,0.401697,0.0
343.727,533.87,90.0,-0.915773,0.401697,0.0
343.727,533.87,90.0,-0.915773,0.401697,0.0
342.168,530.315,180.0,-0.915773,0.401697,0.0
343.727,533.87,180.0,-0.915773,0.401697,0.0
343.727,533.87,90.0,-0.9694,0.245487,0.0
343.727,533.87,180.0,-0.9694,0.245487,0.0
344.68,537.632,90.0,-0.9694,0.245487,0.0
344.68,537.632,90.0,-0.9694,0.245487,0.0
343.727,533.87,180.0,-0.9694,0.245487,0.0
344.68,537.632,180.0,-0.9694,0.245487,0.0
344.68,537.632,90.0,-0.996584,0.0825835,0.0
344.68,537.632,180.0,-0.996584,0.0825835,0.0
345.0,541.5,90.0,-0.996584,0.0825835,0.0
345.0,541.5,90.0,-0.996584,0.0825835,0.0
344.68,537.632,180.0,-0.996584,0.0825835,0.0
345.0,541.5,180.0,-0.996584,0.0825835,0.0
298.0,541.5,90.0,1.0,0.0,0.0
298.0,818.5,90.0,1.0,0.0,0.0
298.0,541.5,180.0,1.0,0.0,0.0
298.0,541.5,180.0,1.0,0.0,0.0
298.0,818.5,90.0,1.0,0.0,0.0
298.0,818.5,180.0,1.0,0.0,0.0
2.98023e-05,1360.0,180.0,-1.0,0.0,0.0
2.98023e-05,1360.0,90.0,-1.0,0.0,0.0
2.98023e-05,0.000119209,180.0,-1.0,0.0,0.0
2.98023e-05,0.000119209,180.0,-1.0,0.0,0.0
2.98023e-05,1360.0,90.0,-1.0,0.0,0.0
2.98023e-05,0.000119209,90.0,-1.0,0.0,0.0
400.0,0.000119209,90.0,0.0,-1.0,0.0
450.0,0.000119209,90.0,0.0,-1.0,0.0
400.0,0.000119209,150.0,0.0,-1.0,0.0
400.0,0.000119209,150.0,0.0,-1.0,0.0
450.0,0.000119209,90.0,0.0,-1.0,0.0
450.0,0.000119209,180.0,0.0,-1.0,0.0
400.0,0.000119209,150.0,0.0,-1.0,0.0
450.0,0.000119209,180.0,0.0,-1.0,0.0
300.0,0.000119209,150.0,0.0,-1.0,0.0
300.0,0.000119209,150.0,0.0,-1.0,0.0
450.0,0.000119209,180.0,0.0,-1.0,0.0
2.98023e-05,0.000119209,180.0,0.0,-1.0,0.0
300.0,0.000119209,150.0,0.0,-1.0,0.0
2.98023e-05,0.000119209,180.0,0.0,-1.0,0.0
300.0,0.000119209,90.0,0.0,-1.0,0.0
300.0,0.000119209,90.0,0.0,-1.0,0.0
2.98023e-05,0.000119209,180.0,0.0,-1.0,0.0
2.98023e-05,0.000119209,90.0,0.0,-1.0,0.0
450.0,1270.0,90.0,1.0,0.0,0.0
450.0,1360.0,90.0,1.0,0.0,0.0
450.0,1360.0,180.0,1.0,0.0,0.0
450.0,0.000119209,180.0,1.0,0.0,0.0
450.0,0.000119209,90.0,1.0,0.0,0.0
450.0,1360.0,180.0,1.0,0.0,0.0
450.0,1360.0,180.0,1.0,0.0,0.0
450.0,0.000119209,90.0,1.0,0.0,0.0
450.0,90.0002,90.0,1.0,0.0,0.0
450.0,970.0,90.0,1.0,0.0,0.0
450.0,970.0,70.0,1.0,0.0,0.0
450.0,1270.0,70.0,1.0,0.0,0.0
450.0,1270.0,70.0,1.0,0.0,0.0
450.0,1270.0,90.0,1.0,0.0,0.0
450.0,970.0,90.0,1.0,0.0,0.0
450.0,970.0,90.0,1.0,0.0,0.0
450.0,1270.0,90.0,1.0,0.0,0.0
450.0,1360.0,180.0,1.0,0.0,0.0
450.0,970.0,90.0,1.0,0.0,0.0
450.0,1360.0,180.0,1.0,0.0,0.0
450.0,390.0,90.0,1.0,0.0,0.0
450.0,390.0,90.0,1.0,0.0,0.0
450.0,1360.0,180.0,1.0,0.0,0.0
450.0,90.0002,90.0,1.0,0.0,0.0
450.0,390.0,90.0,1.0,0.0,0.0
450.0,90.0002,90.0,1.0,0.0,0.0
450.0,390.0,70.0,1.0,0.0,0.0
450.0,390.0,70.0,1.0,0.0,0.0
450.0,90.0002,90.0,1.0,0.0,0.0
450.0,90.0002,70.0,1.0,0.0,0.0
2.98023e-05,1360.0,90.0,0.0,1.0,0.0
2.98023e-05,1360.0,180.0,0.0,1.0,0.0
450.0,1360.0,90.0,0.0,1.0,0.0
450.0,1360.0,90.0,0.0,1.0,0.0
2.98023e-05,1360.0,180.0,0.0,1.0,0.0
450.0,1360.0,180.0,0.0,1.0,0.0
219.342,883.605,90.0,-0.967733,-0.251978,0.0
219.342,883.605,180.0,-0.967733,-0.251978,0.0
215.902,896.818,90.0,-0.967733,-0.251978,0.0
215.902,896.818,90.0,-0.967733,-0.251978,0.0
219.342,883.605,180.0,-0.967733,-0.251978,0.0
215.902,896.818,180.0,-0.967733,-0.251978,0.0
215.902,896.818,90.0,-0.911229,-0.4119,0.0
215.902,896.818,180.0,-0.911229,-0.4119,0.0
210.278,909.26,90.0,-0.911229,-0.4119,0.0
210.278,909.26,90.0,-0.911229,-0.4119,0.0
215.902,896.818,180.0,-0.911229,-0.4119,0.0
210.278,909.26,180.0,-0.911229,-0.4119,0.0
210.278,909.26,90.0,-0.828508,-0.559977,0.0
210.278,909.26,180.0,-0.828508,-0.559977,0.0
202.632,920.572,90.0,-0.828508,-0.559977,0.0
202.632,920.572,90.0,-0.828508,-0.559977,0.0
210.278,909.26,180.0,-0.828508,-0.559977,0.0
202.632,920.572,180.0,-0.828508,-0.559977,0.0
202.632,920.572,90.0,-0.721956,-0.691939,0.0
202.632,920.572,180.0,-0.721956,-0.691939,0.0
193.184,930.429,90.0,-0.721956,-0.691939,0.0
193.184,930.429,90.0,-0.721956,-0.691939,0.0
202.632,920.572,180.0,-0.721956,-0.691939,0.0
193.184,930.429,180.0,-0.721956,-0.691939,0.0
193.184,930.429,90.0,-0.594636,-0.803995,0.0
193.184,930.429,180.0,-0.594636,-0.803995,0.0
182.207,938.548,90.0,-0.594636,-0.803995,0.0
182.207,938.548,90.0,-0.594636,-0.803995,0.0
193.184,930.429,180.0,-0.594636,-0.803995,0.0
182.207,938.548,180.0,-0.594636,-0.803995,0.0
182.207,938.548,90.0,-0.450207,-0.892924,0.0
182.207,938.548,180.0,-0.450207,-0.892924,0.0
170.015,944.695,90.0,-0.450207,-0.892924,0.0
170.015,944.695,90.0,-0.450207,-0.892924,0.0
182.207,938.548,180.0,-0.450207,-0.892924,0.0
170.015,944.695,180.0,-0.450207,-0.892924,0.0
170.015,944.695,90.0,-0.292821,-0.956167,0.0
170.015,944.695,180.0,-0.292821,-0.956167,0.0
156.96,948.693,90.0,-0.292821,-0.956167,0.0
156.96,948.693,90.0,-0.292821,-0.956167,0.0
170.015,944.695,180.0,-0.292821,-0.956167,0.0
156.96,948.693,180.0,-0.292821,-0.956167,0.0
156.96,948.693,90.0,-0.127016,-0.991901,0.0
156.96,948.693,180.0,-0.127016,-0.991901,0.0
143.417,950.428,90.0,-0.127016,-0.991901,0.0
143.417,950.428,90.0,-0.127016,-0.991901,0.0
156.96,948.693,180.0,-0.127016,-0.991901,0.0
143.417,950.428,180.0,-0.127016,-0.991901,0.0
143.417,950.428,90.0,0.0424402,-0.999099,0.0
143.417,950.428,180.0,0.0424402,-0.999099,0.0
129.775,949.848,90.0,0.0424402,-0.999099,0.0
129.775,949.848,90.0,0.0424402,-0.999099,0.0
143.417,950.428,180.0,0.0424402,-0.999099,0.0
129.775,949.848,180.0,0.0424402,-0.999099,0.0
129.775,949.848,90.0,0.210681,-0.977555,0.0
129.775,949.848,180.0,0.210681,-0.977555,0.0
116.428,946.972,90.0,0.210681,-0.977555,0.0
116.428,946.972,90.0,0.210681,-0.977555,0.0
129.775,949.848,180.0,0.210681,-0.977555,0.0
116.428,946.972,180.0,0.210681,-0.977555,0.0
116.428,946.972,90.0,0.37286,-0.927888,0.0
116.428,946.972,180.0,0.37286,-0.927888,0.0
103.759,941.881,90.0,0.37286,-0.927888,0.0
103.759,941.881,90.0,0.37286,-0.927888,0.0
116.428,946.972,180.0,0.37286,-0.927888,0.0
103.759,941.881,180.0,0.37286,-0.927888,0.0
103.759,941.881,90.0,0.524306,-0.85153,0.0
103.759,941.881,180.0,0.524306,-0.85153,0.0
92.132,934.722,90.0,0.524306,-0.85153,0.0
92.132,934.722,90.0,0.524306,-0.85153,0.0
103.759,941.881,180.0,0.524306,-0.85153,0.0
92.132,934.722,180.0,0.524306,-0.85153,0.0
92.132,934.722,90.0,0.660675,-0.750672,0.0
92.132,934.722,180.0,0.660675,-0.750672,0.0
81.8826,925.701,90.0,0.660675,-0.750672,0.0
81.8826,925.701,90.0,0.660675,-0.750672,0.0
92.132,934.722,180.0,0.660675,-0.750672,0.0
81.8826,925.701,180.0,0.660675,-0.750672,0.0
81.8826,925.701,90.0,0.778034,-0.628222,0.0
81.8826,925.701,180.0,0.778034,-0.628222,0.0
73.305,915.078,90.0,0.778034,-0.628222,0.0
73.305,915.078,90.0,0.778034,-0.628222,0.0
81.8826,925.701,180.0,0.778034,-0.628222,0.0
73.305,915.078,180.0,0.778034,-0.628222,0.0
73.305,915.078,90.0,0.873014,-0.487695,0.0
73.305,915.078,180.0,0.873014,-0.487695,0.0
66.6461,903.158,90.0,0.873014,-0.487695,0.0
66.6461,903.158,90.0,0.873014,-0.487695,0.0
73.305,915.078,180.0,0.873014,-0.487695,0.0
66.6461,903.158,180.0,0.873014,-0.487695,0.0
66.6461,903.158,90.0,0.942878,-0.333139,0.0
66.6461,903.158,180.0,0.942878,-0.333139,0.0
62.0975,890.284,90.0,0.942878,-0.333139,0.0
62.0975,890.284,90.0,0.942878,-0.333139,0.0
66.6461,903.158,180.0,0.942878,-0.333139,0.0
62.0975,890.284,180.0,0.942878,-0.333139,0.0
62.0975,890.284,90.0,0.985616,-0.169,0.0
62.0975,890.284,180.0,0.985616,-0.169,0.0
59.79,876.827,90.0,0.985616,-0.169,0.0
59.79,876.827,90.0,0.985616,-0.169,0.0
62.0975,890.284,180.0,0.985616,-0.169,0.0
59.79,876.827,180.0,0.985616,-0.169,0.0
59.79,876.827,90.0,1.0,0.0,0.0
59.79,876.827,180.0,1.0,0.0,0.0
59.79,863.173,90.0,1.0,0.0,0.0
59.79,863.173,90.0,1.0,0.0,0.0
59.79,876.827,180.0,1.0,0.0,0.0
59.79,863.173,180.0,1.0,0.0,0.0
59.79,863.173,90.0,0.985616,0.169,0.0
59.79,863.173,180.0,0.985616,0.169,0.0
62.0975,849.716,90.0,0.985616,0.169,0.0
62.0975,849.716,90.0,0.985616,0.169,0.0
59.79,863.173,180.0,0.985616,0.169,0.0
62.0975,849.716,180.0,0.985616,0.169,0.0
62.0975,849.716,90.0,0.942878,0.333139,0.0
62.0975,849.716,180.0,0.942878,0.333139,0.0
66.6461,836.842,90.0,0.942878,0.333139,0.0
66.6461,836.842,90.0,0.942878,0.333139,0.0
62.0975,849.716,180.0,0.942878,0.333139,0.0
66.6461,836.842,180.0,0.942878,0.333139,0.0
66.6461,836.842,90.0,0.873014,0.487695,0.0
66.6461,836.842,180.0,0.873014,0.487695,0.0
73.305,824.922,90.0,0.873014,0.487695,0.0
73.305,824.922,90.0,0.873014,0.487695,0.0
66.6461,836.842,180.0,0.873014,0.487695,0.0
73.305,824.922,180.0,0.873014,0.487695,0.0
73.305,824.922,90.0,0.778034,0.628222,0.0
73.305,824.922,180.0,0.778034,0.628222,0.0
81.8826,814.299,90.0,0.778034,0.628222,0.0
81.8826,814.299,90.0,0.778034,0.628222,0.0
73.305,824.922,180.0,0.778034,0.628222,0.0
81.8826,814.299,180.0,0.778034,0.628222,0.0
81.8826,814.299,90.0,0.660675,0.750672,0.0
81.8826,814.299,180.0,0.660675,0.750672,0.0
92.132,805.278,90.0,0.660675,0.750672,0.0
92.132,805.278,90.0,0.660675,0.750672,0.0
81.8826,814.299,180.0,0.660675,0.750672,0.0
92.132,805.278,180.0,0.660675,0.750672,0.0
92.132,805.278,90.0,0.524306,0.85153,0.0
92.132,805.278,180.0,0.524306,0.85153,0.0
103.759,798.12,90.0,0.524306,0.85153,0.0
103.759,798.12,90.0,0.524306,0.85153,0.0
92.132,805.278,180.0,0.524306,0.85153,0.0
103.759,798.12,180.0,0.524306,0.85153,0.0
103.759,798.12,90.0,0.37286,0.927888,0.0
103.759,798.12,180.0,0.37286,0.927888,0.0
116.428,793.029,90.0,0.37286,0.927888,0.0
116.428,793.029,90.0,0.37286,0.927888,0.0
103.759,798.12,180.0,0.37286,0.927888,0.0
116.428,793.029,180.0,0.37286,0.927888,0.0
116.428,793.029,90.0,0.210677,0.977556,0.0
116.428,793.029,180.0,0.210677,0.977556,0.0
129.775,790.152,90.0,0.210677,0.977556,0.0
129.775,790.152,90.0,0.210677,0.977556,0.0
116.428,793.029,180.0,0.210677,0.977556,0.0
129.775,790.152,180.0,0.210677,0.977556,0.0
129.775,790.152,90.0,0.0424447,0.999099,0.0
129.775,790.152,180.0,0.0424447,0.999099,0.0
143.417,789.573,90.0,0.0424447,0.999099,0.0
143.417,789.573,90.0,0.0424447,0.999099,0.0
129.775,790.152,180.0,0.0424447,0.999099,0.0
143.417,789.573,180.0,0.0424447,0.999099,0.0
143.417,789.573,90.0,-0.127016,0.991901,0.0
143.417,789.573,180.0,-0.127016,0.991901,0.0
156.96,791.307,90.0,-0.127016,0.991901,0.0
156.96,791.307,90.0,-0.127016,0.991901,0.0
143.417,789.573,180.0,-0.127016,0.991901,0.0
156.96,791.307,180.0,-0.127016,0.991901,0.0
156.96,791.307,90.0,-0.292825,0.956166,0.0
156.96,791.307,180.0,-0.292825,0.956166,0.0
170.015,795.305,90.0,-0.292825,0.956166,0.0
170.015,795.305,90.0,-0.292825,0.956166,0.0
156.96,791.307,180.0,-0.292825,0.956166,0.0
170.015,795.305,180.0,-0.292825,0.956166,0.0
170.015,795.305,90.0,-0.450204,0.892926,0.0
170.015,795.305,180.0,-0.450204,0.892926,0.0
182.207,801.452,90.0,-0.450204,0.892926,0.0
182.207,801.452,90.0,-0.450204,0.892926,0.0
170.015,795.305,180.0,-0.450204,0.892926,0.0
182.207,801.452,180.0,-0.450204,0.892926,0.0
182.207,801.452,90.0,-0.594636,0.803995,0.0
182.207,801.452,180.0,-0.594636,0.803995,0.0
193.184,809.571,90.0,-0.594636,0.803995,0.0
193.184,809.571,90.0,-0.594636,0.803995,0.0
182.207,801.452,180.0,-0.594636,0.803995,0.0
193.184,809.571,180.0,-0.594636,0.803995,0.0
193.184,809.571,90.0,-0.721956,0.691939,0.0
193.184,809.571,180.0,-0.721956,0.691939,0.0
202.632,819.428,90.0,-0.721956,0.691939,0.0
202.632,819.428,90.0,-0.721956,0.691939,0.0
193.184,809.571,180.0,-0.721956,0.691939,0.0
202.632,819.428,180.0,-0.721956,0.691939,0.0
202.632,819.428,90.0,-0.828508,0.559977,0.0
202.632,819.428,180.0,-0.828508,0.559977,0.0
210.278,830.741,90.0,-0.828508,0.559977,0.0
210.278,830.741,90.0,-0.828508,0.559977,0.0
202.632,819.428,180.0,-0.828508,0.559977,0.0
210.278,830.741,180.0,-0.828508,0.559977,0.0
210.278,830.741,90.0,-0.911229,0.4119,0.0
210.278,830.741,180.0,-0.911229,0.4119,0.0
215.902,843.182,90.0,-0.911229,0.4119,0.0
215.902,843.182,90.0,-0.911229,0.4119,0.0
210.278,830.741,180.0,-0.911229,0.4119,0.0
215.902,843.182,180.0,-0.911229,0.4119,0.0
215.902,843.182,90.0,-0.967733,0.251978,0.0
215.902,843.182,180.0,-0.967733,0.251978,0.0
219.342,856.396,90.0,-0.967733,0.251978,0.0
219.342,856.396,90.0,-0.967733,0.251978,0.0
215.902,843.182,180.0,-0.967733,0.251978,0.0
219.342,856.396,180.0,-0.967733,0.251978,0.0
219.342,856.396,90.0,-0.996398,0.0848056,0.0
219.342,856.396,180.0,-0.996398,0.0848056,0.0
220.5,870.0,90.0,-0.996398,0.0848056,0.0
220.5,870.0,90.0,-0.996398,0.0848056,0.0
219.342,856.396,180.0,-0.996398,0.0848056,0.0
220.5,870.0,180.0,-0.996398,0.0848056,0.0
220.5,870.0,90.0,-0.996398,-0.0848056,0.0
220.5,870.0,180.0,-0.996398,-0.0848056,0.0
219.342,883.605,90.0,-0.996398,-0.0848056,0.0
219.342,883.605,90.0,-0.996398,-0.0848056,0.0
220.5,870.0,180.0,-0.996398,-0.0848056,0.0
219.342,883.605,180.0,-0.996398,-0.0848056,0.0
219.342,503.605,90.0,-0.967733,-0.251978,0.0
219.342,503.605,180.0,-0.967733,-0.251978,0.0
215.902,516.818,90.0,-0.967733,-0.251978,0.0
215.902,516.818,90.0,-0.967733,-0.251978,0.0
219.342,503.605,180.0,-0.967733,-0.251978,0.0
215.902,516.818,180.0,-0.967733,-0.251978,0.0
215.902,516.818,90.0,-0.911229,-0.4119,0.0
215.902,516.818,180.0,-0.911229,-0.4119,0.0
210.278,529.26,90.0,-0.911229,-0.4119,0.0
210.278,529.26,90.0,-0.911229,-0.4119,0.0
215.902,516.818,180.0,-0.911229,-0.4119,0.0
210.278,529.26,180.0,-0.911229,-0.4119,0.0
210.278,529.26,90.0,-0.82851,-0.559975,0.0
210.278,529.26,180.0,-0.82851,-0.559975,0.0
202.632,540.572,90.0,-0.82851,-0.559975,0.0
202.632,540.572,90.0,-0.82851,-0.559975,0.0
210.278,529.26,180.0,-0.82851,-0.559975,0.0
202.632,540.572,180.0,-0.82851,-0.559975,0.0
202.632,540.572,90.0,-0.721954,-0.691941,0.0
202.632,540.572,180.0,-0.721954,-0.691941,0.0
193.184,550.429,90.0,-0.721954,-0.691941,0.0
193.184,550.429,90.0,-0.721954,-0.691941,0.0
202.632,540.572,180.0,-0.721954,-0.691941,0.0
193.184,550.429,180.0,-0.721954,-0.691941,0.0
193.184,550.429,90.0,-0.594636,-0.803995,0.0
193.184,550.429,180.0,-0.594636,-0.803995,0.0
182.207,558.548,90.0,-0.594636,-0.803995,0.0
182.207,558.548,90.0,-0.594636,-0.803995,0.0
193.184,550.429,180.0,-0.594636,-0.803995,0.0
182.207,558.548,180.0,-0.594636,-0.803995,0.0
182.207,558.548,90.0,-0.450204,-0.892926,0.0
182.207,558.548,180.0,-0.450204,-0.892926,0.0
170.015,564.695,90.0,-0.450204,-0.892926,0.0
170.015,564.695,90.0,-0.450204,-0.892926,0.0
182.207,558.548,180.0,-0.450204,-0.892926,0.0
170.015,564.695,180.0,-0.450204,-0.892926,0.0
170.015,564.695,90.0,-0.292825,-0.956166,0.0
170.015,564.695,180.0,-0.292825,-0.956166,0.0
156.96,568.693,90.0,-0.292825,-0.956166,0.0
156.96,568.693,90.0,-0.292825,-0.956166,0.0
170.015,564.695,180.0,-0.292825,-0.956166,0.0
156.96,568.693,180.0,-0.292825,-0.956166,0.0
156.96,568.693,90.0,-0.127016,-0.991901,0.0
156.96,568.693,180.0,-0.127016,-0.991901,0.0
143.417,570.428,90.0,-0.127016,-0.991901,0.0
143.417,570.428,90.0,-0.127016,-0.991901,0.0
156.96,568.693,180.0,-0.127016,-0.991901,0.0
143.417,570.428,180.0,-0.127016,-0.991901,0.0
143.417,570.428,90.0,0.0424402,-0.999099,0.0
143.417,570.428,180.0,0.0424402,-0.999099,0.0
129.775,569.848,90.0,0.0424402,-0.999099,0.0
129.775,569.848,90.0,0.0424402,-0.999099,0.0
143.417,570.428,180.0,0.0424402,-0.999099,0.0
129.775,569.848,180.0,0.0424402,-0.999099,0.0
129.775,569.848,90.0,0.210681,-0.977555,0.0
129.775,569.848,180.0,0.210681,-0.977555,0.0
116.428,566.972,90.0,0.210681,-0.977555,0.0
116.428,566.972,90.0,0.210681,-0.977555,0.0
129.775,569.848,180.0,0.210681,-0.977555,0.0
116.428,566.972,180.0,0.210681,-0.977555,0.0
116.428,566.972,90.0,0.372856,-0.927889,0.0
116.428,566.972,180.0,0.372856,-0.927889,0.0
103.759,561.881,90.0,0.372856,-0.927889,0.0
103.759,561.881,90.0,0.372856,-0.927889,0.0
116.428,566.972,180.0,0.372856,-0.927889,0.0
103.759,561.881,180.0,0.372856,-0.927889,0.0
103.759,561.881,90.0,0.52431,-0.851528,0.0
103.759,561.881,180.0,0.52431,-0.851528,0.0
92.132,554.722,90.0,0.52431,-0.851528,0.0
92.132,554.722,90.0,0.52431,-0.851528,0.0
103.759,561.881,180.0,0.52431,-0.851528,0.0
92.132,554.722,180.0,0.52431,-0.851528,0.0
92.132,554.722,90.0,0.660672,-0.750675,0.0
92.132,554.722,180.0,0.660672,-0.750675,0.0
81.8826,545.701,90.0,0.660672,-0.750675,0.0
81.8826,545.701,90.0,0.660672,-0.750675,0.0
92.132,554.722,180.0,0.660672,-0.750675,0.0
81.8826,545.701,180.0,0.660672,-0.750675,0.0
81.8826,545.701,90.0,0.778036,-0.62822,0.0
81.8826,545.701,180.0,0.778036,-0.62822,0.0
73.305,535.078,90.0,0.778036,-0.62822,0.0
73.305,535.078,90.0,0.778036,-0.62822,0.0
81.8826,545.701,180.0,0.778036,-0.62822,0.0
73.305,535.078,180.0,0.778036,-0.62822,0.0
73.305,535.078,90.0,0.873014,-0.487695,0.0
73.305,535.078,180.0,0.873014,-0.487695,0.0
66.6461,523.158,90.0,0.873014,-0.487695,0.0
66.6461,523.158,90.0,0.873014,-0.487695,0.0
73.305,535.078,180.0,0.873014,-0.487695,0.0
66.6461,523.158,180.0,0.873014,-0.487695,0.0
66.6461,523.158,90.0,0.942878,-0.333139,0.0
66.6461,523.158,180.0,0.942878,-0.333139,0.0
62.0975,510.284,90.0,0.942878,-0.333139,0.0
62.0975,510.284,90.0,0.942878,-0.333139,0.0
66.6461,523.158,180.0,0.942878,-0.333139,0.0
62.0975,510.284,180.0,0.942878,-0.333139,0.0
62.0975,510.284,90.0,0.985616,-0.169,0.0
62.0975,510.284,180.0,0.985616,-0.169,0.0
59.79,496.827,90.0,0.985616,-0.169,0.0
59.79,496.827,90.0,0.985616,-0.169,0.0
62.0975,510.284,180.0,0.985616,-0.169,0.0
59.79,496.827,180.0,0.985616,-0.169,0.0
59.79,496.827,90.0,1.0,0.0,0.0
59.79,496.827,180.0,1.0,0.0,0.0
59.79,483.173,90.0,1.0,0.0,0.0
59.79,483.173,90.0,1.0,0.0,0.0
59.79,496.827,180.0,1.0,0.0,0.0
59.79,483.173,180.0,1.0,0.0,0.0
59.79,483.173,90.0,0.985616,0.169,0.0
59.79,483.173,180.0,0.985616,0.169,0.0
62.0975,469.716,90.0,0.985616,0.169,0.0
62.0975,469.716,90.0,0.985616,0.169,0.0
59.79,483.173,180.0,0.985616,0.169,0.0
62.0975,469.716,180.0,0.985616,0.169,0.0
62.0975,469.716,90.0,0.942877,0.33314,0.0
62.0975,469.716,180.0,0.942877,0.33314,0.0
66.6461,456.842,90.0,0.942877,0.33314,0.0
66.6461,456.842,90.0,0.942877,0.33314,0.0
62.0975,469.716,180.0,0.942877,0.33314,0.0
66.6461,456.842,180.0,0.942877,0.33314,0.0
66.6461,456.842,90.0,0.873014,0.487695,0.0
66.6461,456.842,180.0,0.873014,0.487695,0.0
73.305,444.922,90.0,0.873014,0.487695,0.0
73.305,444.922,90.0,0.873014,0.487695,0.0
66.6461,456.842,180.0,0.873014,0.487695,0.0
73.305,444.922,180.0,0.873014,0.487695,0.0
73.305,444.922,90.0,0.778036,0.62822,0.0
73.305,444.922,180.0,0.778036,0.62822,0.0
81.8826,434.299,90.0,0.778036,0.62822,0.0
81.8826,434.299,90.0,0.778036,0.62822,0.0
73.305,444.922,180.0,0.778036,0.62822,0.0
81.8826,434.299,180.0,0.778036,0.62822,0.0
81.8826,434.299,90.0,0.660675,0.750672,0.0
81.8826,434.299,180.0,0.660675,0.750672,0.0
92.132,425.278,90.0,0.660675,0.750672,0.0
92.132,425.278,90.0,0.660675,0.750672,0.0
81.8826,434.299,180.0,0.660675,0.750672,0.0
92.132,425.278,180.0,0.660675,0.750672,0.0
92.132,425.278,90.0,0.524306,0.85153,0.0
92.132,425.278,180.0,0.524306,0.85153,0.0
103.759,418.12,90.0,0.524306,0.85153,0.0
103.759,418.12,90.0,0.524306,0.85153,0.0
92.132,425.278,180.0,0.524306,0.85153,0.0
103.759,418.12,180.0,0.524306,0.85153,0.0
103.759,418.12,90.0,0.372856,0.927889,0.0
103.759,418.12,180.0,0.372856,0.927889,0.0
116.428,413.029,90.0,0.372856,0.927889,0.0
116.428,413.029,90.0,0.372856,0.927889,0.0
103.759,418.12,180.0,0.372856,0.927889,0.0
116.428,413.029,180.0,0.372856,0.927889,0.0
116.428,413.029,90.0,0.210681,0.977555,0.0
116.428,413.029,180.0,0.210681,0.977555,0.0
129.775,410.152,90.0,0.210681,0.977555,0.0
129.775,410.152,90.0,0.210681,0.977555,0.0
116.428,413.029,180.0,0.210681,0.977555,0.0
129.775,410.152,180.0,0.210681,0.977555,0.0
129.775,410.152,90.0,0.0424402,0.999099,0.0
129.775,410.152,180.0,0.0424402,0.999099,0.0
143.417,409.573,90.0,0.0424402,0.999099,0.0
143.417,409.573,90.0,0.0424402,0.999099,0.0
129.775,410.152,180.0,0.0424402,0.999099,0.0
143.417,409.573,180.0,0.0424402,0.999099,0.0
143.417,409.573,90.0,-0.127016,0.991901,0.0
143.417,409.573,180.0,-0.127016,0.991901,0.0
156.96,411.307,90.0,-0.127016,0.991901,0.0
156.96,411.307,90.0,-0.127016,0.991901,0.0
143.417,409.573,180.0,-0.127016,0.991901,0.0
156.96,411.307,180.0,-0.127016,0.991901,0.0
156.96,411.307,90.0,-0.292823,0.956167,0.0
156.96,411.307,180.0,-0.292823,0.956167,0.0
170.015,415.305,90.0,-0.292823,0.956167,0.0
170.015,415.305,90.0,-0.292823,0.956167,0.0
156.96,411.307,180.0,-0.292823,0.956167,0.0
170.015,415.305,180.0,-0.292823,0.956167,0.0
170.015,415.305,90.0,-0.450206,0.892925,0.0
170.015,415.305,180.0,-0.450206,0.892925,0.0
182.207,421.452,90.0,-0.450206,0.892925,0.0
182.207,421.452,90.0,-0.450206,0.892925,0.0
170.015,415.305,180.0,-0.450206,0.892925,0.0
182.207,421.452,180.0,-0.450206,0.892925,0.0
182.207,421.452,90.0,-0.594633,0.803998,0.0
182.207,421.452,180.0,-0.594633,0.803998,0.0
193.184,429.571,90.0,-0.594633,0.803998,0.0
193.184,429.571,90.0,-0.594633,0.803998,0.0
182.207,421.452,180.0,-0.594633,0.803998,0.0
193.184,429.571,180.0,-0.594633,0.803998,0.0
193.184,429.571,90.0,-0.721955,0.69194,0.0
193.184,429.571,180.0,-0.721955,0.69194,0.0
202.632,439.428,90.0,-0.721955,0.69194,0.0
202.632,439.428,90.0,-0.721955,0.69194,0.0
193.184,429.571,180.0,-0.721955,0.69194,0.0
202.632,439.428,180.0,-0.721955,0.69194,0.0
202.632,439.428,90.0,-0.82851,0.559974,0.0
202.632,439.428,180.0,-0.82851,0.559974,0.0
210.278,450.741,90.0,-0.82851,0.559974,0.0
210.278,450.741,90.0,-0.82851,0.559974,0.0
202.632,439.428,180.0,-0.82851,0.559974,0.0
210.278,450.741,180.0,-0.82851,0.559974,0.0
210.278,450.741,90.0,-0.911229,0.4119,0.0
210.278,450.741,180.0,-0.911229,0.4119,0.0
215.902,463.182,90.0,-0.911229,0.4119,0.0
215.902,463.182,90.0,-0.911229,0.4119,0.0
210.278,450.741,180.0,-0.911229,0.4119,0.0
215.902,463.182,180.0,-0.911229,0.4119,0.0
215.902,463.182,90.0,-0.967733,0.251979,0.0
215.902,463.182,180.0,-0.967733,0.251979,0.0
219.342,476.396,90.0,-0.967733,0.251979,0.0
219.342,476.396,90.0,-0.967733,0.251979,0.0
215.902,463.182,180.0,-0.967733,0.251979,0.0
219.342,476.396,180.0,-0.967733,0.251979,0.0
219.342,476.396,90.0,-0.996398,0.0848054,0.0
219.342,476.396,180.0,-0.996398,0.0848054,0.0
220.5,490.0,90.0,-0.996398,0.0848054,0.0
220.5,490.0,90.0,-0.996398,0.0848054,0.0
219.342,476.396,180.0,-0.996398,0.0848054,0.0
220.5,490.0,180.0,-0.996398,0.0848054,0.0
220.5,490.0,90.0,-0.996398,-0.0848054,0.0
220.5,490.0,180.0,-0.996398,-0.0848054,0.0
219.342,503.605,90.0,-0.996398,-0.0848054,0.0
219.342,503.605,90.0,-0.996398,-0.0848054,0.0
220.5,490.0,180.0,-0.996398,-0.0848054,0.0
219.342,503.605,180.0,-0.996398,-0.0848054,0.0
92.132,934.722,180.0,0.0,0.0,1.0
103.759,941.881,180.0,0.0,0.0,1.0
2.98023e-05,1360.0,180.0,0.0,0.0,1.0
2.98023e-05,1360.0,180.0,0.0,0.0,1.0
103.759,941.881,180.0,0.0,0.0,1.0
116.428,946.972,180.0,0.0,0.0,1.0
143.417,409.573,180.0,0.0,0.0,1.0
2.98023e-05,0.000119209,180.0,0.0,0.0,1.0
156.96,411.307,180.0,0.0,0.0,1.0
156.96,411.307,180.0,0.0,0.0,1.0
2.98023e-05,0.000119209,180.0,0.0,0.0,1.0
450.0,0.000119209,180.0,0.0,0.0,1.0
143.417,409.573,180.0,0.0,0.0,1.0
129.775,410.152,180.0,0.0,0.0,1.0
2.98023e-05,0.000119209,180.0,0.0,0.0,1.0
2.98023e-05,0.000119209,180.0,0.0,0.0,1.0
129.775,410.152,180.0,0.0,0.0,1.0
116.428,413.029,180.0,0.0,0.0,1.0
2.98023e-05,0.000119209,180.0,0.0,0.0,1.0
116.428,413.029,180.0,0.0,0.0,1.0
103.759,418.12,180.0,0.0,0.0,1.0
116.428,946.972,180.0,0.0,0.0,1.0
129.775,949.848,180.0,0.0,0.0,1.0
2.98023e-05,1360.0,180.0,0.0,0.0,1.0
2.98023e-05,1360.0,180.0,0.0,0.0,1.0
129.775,949.848,180.0,0.0,0.0,1.0
143.417,950.428,180.0,0.0,0.0,1.0
2.98023e-05,1360.0,180.0,0.0,0.0,1.0
143.417,950.428,180.0,0.0,0.0,1.0
450.0,1360.0,180.0,0.0,0.0,1.0
450.0,1360.0,180.0,0.0,0.0,1.0
143.417,950.428,180.0,0.0,0.0,1.0
156.96,948.693,180.0,0.0,0.0,1.0
450.0,1360.0,180.0,0.0,0.0,1.0
156.96,948.693,180.0,0.0,0.0,1.0
170.015,944.695,180.0,0.0,0.0,1.0
210.278,450.741,180.0,0.0,0.0,1.0
202.632,439.428,180.0,0.0,0.0,1.0
450.0,0.000119209,180.0,0.0,0.0,1.0
450.0,0.000119209,180.0,0.0,0.0,1.0
202.632,439.428,180.0,0.0,0.0,1.0
193.184,429.571,180.0,0.0,0.0,1.0
193.184,429.571,180.0,0.0,0.0,1.0
182.207,421.452,180.0,0.0,0.0,1.0
450.0,0.000119209,180.0,0.0,0.0,1.0
450.0,0.000119209,180.0,0.0,0.0,1.0
182.207,421.452,180.0,0.0,0.0,1.0
170.015,415.305,180.0,0.0,0.0,1.0
450.0,0.000119209,180.0,0.0,0.0,1.0
170.015,415.305,180.0,0.0,0.0,1.0
156.96,411.307,180.0,0.0,0.0,1.0
170.015,944.695,180.0,0.0,0.0,1.0
182.207,938.548,180.0,0.0,0.0,1.0
450.0,1360.0,180.0,0.0,0.0,1.0
450.0,1360.0,180.0,0.0,0.0,1.0
182.207,938.548,180.0,0.0,0.0,1.0
193.184,930.429,180.0,0.0,0.0,1.0
450.0,1360.0,180.0,0.0,0.0,1.0
193.184,930.429,180.0,0.0,0.0,1.0
202.632,920.572,180.0,0.0,0.0,1.0
344.68,822.368,180.0,0.0,0.0,1.0
345.0,818.5,180.0,0.0,0.0,1.0
450.0,1360.0,180.0,0.0,0.0,1.0
62.0975,510.284,180.0,0.0,0.0,1.0
66.6461,523.158,180.0,0.0,0.0,1.0
2.98023e-05,1360.0,180.0,0.0,0.0,1.0
62.0975,890.284,180.0,0.0,0.0,1.0
66.6461,903.158,180.0,0.0,0.0,1.0
2.98023e-05,1360.0,180.0,0.0,0.0,1.0
103.759,418.12,180.0,0.0,0.0,1.0
92.132,425.278,180.0,0.0,0.0,1.0
2.98023e-05,0.000119209,180.0,0.0,0.0,1.0
2.98023e-05,0.000119209,180.0,0.0,0.0,1.0
92.132,425.278,180.0,0.0,0.0,1.0
81.8826,434.299,180.0,0.0,0.0,1.0
2.98023e-05,0.000119209,180.0,0.0,0.0,1.0
81.8826,434.299,180.0,0.0,0.0,1.0
73.305,444.922,180.0,0.0,0.0,1.0
2.98023e-05,0.000119209,180.0,0.0,0.0,1.0
59.79,483.173,180.0,0.0,0.0,1.0
2.98023e-05,1360.0,180.0,0.0,0.0,1.0
2.98023e-05,1360.0,180.0,0.0,0.0,1.0
59.79,483.173,180.0,0.0,0.0,1.0
59.79,496.827,180.0,0.0,0.0,1.0
2.98023e-05,1360.0,180.0,0.0,0.0,1.0
59.79,496.827,180.0,0.0,0.0,1.0
62.0975,510.284,180.0,0.0,0.0,1.0
66.6461,903.158,180.0,0.0,0.0,1.0
73.305,915.078,180.0,0.0,0.0,1.0
2.98023e-05,1360.0,180.0,0.0,0.0,1.0
2.98023e-05,1360.0,180.0,0.0,0.0,1.0
73.305,915.078,180.0,0.0,0.0,1.0
81.8826,925.701,180.0,0.0,0.0,1.0
2.98023e-05,1360.0,180.0,0.0,0.0,1.0
81.8826,925.701,180.0,0.0,0.0,1.0
92.132,934.722,180.0,0.0,0.0,1.0
344.68,537.632,180.0,0.0,0.0,1.0
343.727,533.87,180.0,0.0,0.0,1.0
450.0,0.000119209,180.0,0.0,0.0,1.0
450.0,0.000119209,180.0,0.0,0.0,1.0
343.727,533.87,180.0,0.0,0.0,1.0
342.168,530.315,180.0,0.0,0.0,1.0
450.0,0.000119209,180.0,0.0,0.0,1.0
342.168,530.315,180.0,0.0,0.0,1.0
340.045,527.066,180.0,0.0,0.0,1.0
73.305,444.922,180.0,0.0,0.0,1.0
66.6461,456.842,180.0,0.0,0.0,1.0
2.98023e-05,0.000119209,180.0,0.0,0.0,1.0
2.98023e-05,0.000119209,180.0,0.0,0.0,1.0
66.6461,456.842,180.0,0.0,0.0,1.0
62.0975,469.716,180.0,0.0,0.0,1.0
2.98023e-05,0.000119209,180.0,0.0,0.0,1.0
62.0975,469.716,180.0,0.0,0.0,1.0
59.79,483.173,180.0,0.0,0.0,1.0
450.0,1360.0,180.0,0.0,0.0,1.0
337.416,835.79,180.0,0.0,0.0,1.0
340.045,832.934,180.0,0.0,0.0,1.0
450.0,1360.0,180.0,0.0,0.0,1.0
345.0,818.5,180.0,0.0,0.0,1.0
450.0,0.000119209,180.0,0.0,0.0,1.0
450.0,0.000119209,180.0,0.0,0.0,1.0
345.0,818.5,180.0,0.0,0.0,1.0
345.0,541.5,180.0,0.0,0.0,1.0
450.0,0.000119209,180.0,0.0,0.0,1.0
345.0,541.5,180.0,0.0,0.0,1.0
344.68,537.632,180.0,0.0,0.0,1.0
340.045,527.066,180.0,0.0,0.0,1.0
337.416,524.211,180.0,0.0,0.0,1.0
450.0,0.000119209,180.0,0.0,0.0,1.0
450.0,0.000119209,180.0,0.0,0.0,1.0
337.416,524.211,180.0,0.0,0.0,1.0
334.353,521.827,180.0,0.0,0.0,1.0
450.0,0.000119209,180.0,0.0,0.0,1.0
334.353,521.827,180.0,0.0,0.0,1.0
330.94,519.979,180.0,0.0,0.0,1.0
81.8826,814.299,180.0,0.0,0.0,1.0
73.305,824.922,180.0,0.0,0.0,1.0
66.6461,523.158,180.0,0.0,0.0,1.0
66.6461,523.158,180.0,0.0,0.0,1.0
73.305,824.922,180.0,0.0,0.0,1.0
66.6461,836.842,180.0,0.0,0.0,1.0
66.6461,836.842,180.0,0.0,0.0,1.0
62.0975,849.716,180.0,0.0,0.0,1.0
66.6461,523.158,180.0,0.0,0.0,1.0
66.6461,523.158,180.0,0.0,0.0,1.0
62.0975,849.716,180.0,0.0,0.0,1.0
59.79,863.173,180.0,0.0,0.0,1.0
66.6461,523.158,180.0,0.0,0.0,1.0
59.79,863.173,180.0,0.0,0.0,1.0
2.98023e-05,1360.0,180.0,0.0,0.0,1.0
2.98023e-05,1360.0,180.0,0.0,0.0,1.0
59.79,863.173,180.0,0.0,0.0,1.0
59.79,876.827,180.0,0.0,0.0,1.0
2.98023e-05,1360.0,180.0,0.0,0.0,1.0
59.79,876.827,180.0,0.0,0.0,1.0
62.0975,890.284,180.0,0.0,0.0,1.0
202.632,920.572,180.0,0.0,0.0,1.0
210.278,909.26,180.0,0.0,0.0,1.0
450.0,1360.0,180.0,0.0,0.0,1.0
450.0,1360.0,180.0,0.0,0.0,1.0
210.278,909.26,180.0,0.0,0.0,1.0
215.902,896.818,180.0,0.0,0.0,1.0
450.0,1360.0,180.0,0.0,0.0,1.0
215.902,896.818,180.0,0.0,0.0,1.0
219.342,883.605,180.0,0.0,0.0,1.0
340.045,832.934,180.0,0.0,0.0,1.0
342.168,829.685,180.0,0.0,0.0,1.0
450.0,1360.0,180.0,0.0,0.0,1.0
450.0,1360.0,180.0,0.0,0.0,1.0
342.168,829.685,180.0,0.0,0.0,1.0
343.727,826.131,180.0,0.0,0.0,1.0
450.0,1360.0,180.0,0.0,0.0,1.0
343.727,826.131,180.0,0.0,0.0,1.0
344.68,822.368,180.0,0.0,0.0,1.0
210.278,529.26,180.0,0.0,0.0,1.0
215.902,516.818,180.0,0.0,0.0,1.0
298.0,541.5,180.0,0.0,0.0,1.0
319.559,841.92,180.0,0.0,0.0,1.0
323.441,841.92,180.0,0.0,0.0,1.0
220.5,870.0,180.0,0.0,0.0,1.0
220.5,870.0,180.0,0.0,0.0,1.0
323.441,841.92,180.0,0.0,0.0,1.0
327.269,841.281,180.0,0.0,0.0,1.0
220.5,870.0,180.0,0.0,0.0,1.0
327.269,841.281,180.0,0.0,0.0,1.0
219.342,883.605,180.0,0.0,0.0,1.0
219.342,883.605,180.0,0.0,0.0,1.0
327.269,841.281,180.0,0.0,0.0,1.0
330.94,840.021,180.0,0.0,0.0,1.0
219.342,883.605,180.0,0.0,0.0,1.0
330.94,840.021,180.0,0.0,0.0,1.0
450.0,1360.0,180.0,0.0,0.0,1.0
450.0,1360.0,180.0,0.0,0.0,1.0
330.94,840.021,180.0,0.0,0.0,1.0
334.353,838.174,180.0,0.0,0.0,1.0
450.0,1360.0,180.0,0.0,0.0,1.0
334.353,838.174,180.0,0.0,0.0,1.0
337.416,835.79,180.0,0.0,0.0,1.0
298.0,818.5,180.0,0.0,0.0,1.0
210.278,830.741,180.0,0.0,0.0,1.0
202.632,819.428,180.0,0.0,0.0,1.0
219.342,856.396,180.0,0.0,0.0,1.0
312.06,840.021,180.0,0.0,0.0,1.0
220.5,870.0,180.0,0.0,0.0,1.0
220.5,870.0,180.0,0.0,0.0,1.0
312.06,840.021,180.0,0.0,0.0,1.0
315.731,841.281,180.0,0.0,0.0,1.0
220.5,870.0,180.0,0.0,0.0,1.0
315.731,841.281,180.0,0.0,0.0,1.0
319.559,841.92,180.0,0.0,0.0,1.0
193.184,809.571,180.0,0.0,0.0,1.0
182.207,801.452,180.0,0.0,0.0,1.0
193.184,550.429,180.0,0.0,0.0,1.0
193.184,550.429,180.0,0.0,0.0,1.0
182.207,801.452,180.0,0.0,0.0,1.0
170.015,795.305,180.0,0.0,0.0,1.0
193.184,550.429,180.0,0.0,0.0,1.0
170.015,795.305,180.0,0.0,0.0,1.0
182.207,558.548,180.0,0.0,0.0,1.0
210.278,830.741,180.0,0.0,0.0,1.0
298.0,818.5,180.0,0.0,0.0,1.0
215.902,843.182,180.0,0.0,0.0,1.0
215.902,843.182,180.0,0.0,0.0,1.0
298.0,818.5,180.0,0.0,0.0,1.0
298.321,822.368,180.0,0.0,0.0,1.0
215.902,843.182,180.0,0.0,0.0,1.0
298.321,822.368,180.0,0.0,0.0,1.0
219.342,856.396,180.0,0.0,0.0,1.0
298.321,822.368,180.0,0.0,0.0,1.0
299.273,826.131,180.0,0.0,0.0,1.0
219.342,856.396,180.0,0.0,0.0,1.0
219.342,856.396,180.0,0.0,0.0,1.0
299.273,826.131,180.0,0.0,0.0,1.0
300.832,829.685,180.0,0.0,0.0,1.0
219.342,856.396,180.0,0.0,0.0,1.0
300.832,829.685,180.0,0.0,0.0,1.0
302.955,832.934,180.0,0.0,0.0,1.0
302.955,832.934,180.0,0.0,0.0,1.0
305.584,835.79,180.0,0.0,0.0,1.0
219.342,856.396,180.0,0.0,0.0,1.0
219.342,856.396,180.0,0.0,0.0,1.0
305.584,835.79,180.0,0.0,0.0,1.0
308.647,838.174,180.0,0.0,0.0,1.0
219.342,856.396,180.0,0.0,0.0,1.0
308.647,838.174,180.0,0.0,0.0,1.0
312.06,840.021,180.0,0.0,0.0,1.0
73.305,535.078,180.0,0.0,0.0,1.0
103.759,798.12,180.0,0.0,0.0,1.0
66.6461,523.158,180.0,0.0,0.0,1.0
66.6461,523.158,180.0,0.0,0.0,1.0
103.759,798.12,180.0,0.0,0.0,1.0
92.132,805.278,180.0,0.0,0.0,1.0
66.6461,523.158,180.0,0.0,0.0,1.0
92.132,805.278,180.0,0.0,0.0,1.0
81.8826,814.299,180.0,0.0,0.0,1.0
210.278,529.26,180.0,0.0,0.0,1.0
298.0,541.5,180.0,0.0,0.0,1.0
202.632,540.572,180.0,0.0,0.0,1.0
202.632,540.572,180.0,0.0,0.0,1.0
298.0,541.5,180.0,0.0,0.0,1.0
298.0,818.5,180.0,0.0,0.0,1.0
202.632,540.572,180.0,0.0,0.0,1.0
298.0,818.5,180.0,0.0,0.0,1.0
193.184,550.429,180.0,0.0,0.0,1.0
193.184,550.429,180.0,0.0,0.0,1.0
298.0,818.5,180.0,0.0,0.0,1.0
202.632,819.428,180.0,0.0,0.0,1.0
193.184,550.429,180.0,0.0,0.0,1.0
202.632,819.428,180.0,0.0,0.0,1.0
193.184,809.571,180.0,0.0,0.0,1.0
312.06,519.979,180.0,0.0,0.0,1.0
219.342,503.605,180.0,0.0,0.0,1.0
315.731,518.719,180.0,0.0,0.0,1.0
315.731,518.719,180.0,0.0,0.0,1.0
219.342,503.605,180.0,0.0,0.0,1.0
220.5,490.0,180.0,0.0,0.0,1.0
315.731,518.719,180.0,0.0,0.0,1.0
220.5,490.0,180.0,0.0,0.0,1.0
319.559,518.08,180.0,0.0,0.0,1.0
312.06,519.979,180.0,0.0,0.0,1.0
308.647,521.827,180.0,0.0,0.0,1.0
219.342,503.605,180.0,0.0,0.0,1.0
219.342,503.605,180.0,0.0,0.0,1.0
308.647,521.827,180.0,0.0,0.0,1.0
305.584,524.211,180.0,0.0,0.0,1.0
219.342,503.605,180.0,0.0,0.0,1.0
305.584,524.211,180.0,0.0,0.0,1.0
302.955,527.066,180.0,0.0,0.0,1.0
210.278,450.741,180.0,0.0,0.0,1.0
450.0,0.000119209,180.0,0.0,0.0,1.0
215.902,463.182,180.0,0.0,0.0,1.0
215.902,463.182,180.0,0.0,0.0,1.0
450.0,0.000119209,180.0,0.0,0.0,1.0
330.94,519.979,180.0,0.0,0.0,1.0
215.902,463.182,180.0,0.0,0.0,1.0
330.94,519.979,180.0,0.0,0.0,1.0
219.342,476.396,180.0,0.0,0.0,1.0
219.342,476.396,180.0,0.0,0.0,1.0
330.94,519.979,180.0,0.0,0.0,1.0
327.269,518.719,180.0,0.0,0.0,1.0
219.342,476.396,180.0,0.0,0.0,1.0
327.269,518.719,180.0,0.0,0.0,1.0
220.5,490.0,180.0,0.0,0.0,1.0
220.5,490.0,180.0,0.0,0.0,1.0
327.269,518.719,180.0,0.0,0.0,1.0
323.441,518.08,180.0,0.0,0.0,1.0
220.5,490.0,180.0,0.0,0.0,1.0
323.441,518.08,180.0,0.0,0.0,1.0
319.559,518.08,180.0,0.0,0.0,1.0
92.132,554.722,180.0,0.0,0.0,1.0
103.759,561.881,180.0,0.0,0.0,1.0
129.775,790.152,180.0,0.0,0.0,1.0
302.955,527.066,180.0,0.0,0.0,1.0
300.832,530.315,180.0,0.0,0.0,1.0
219.342,503.605,180.0,0.0,0.0,1.0
219.342,503.605,180.0,0.0,0.0,1.0
300.832,530.315,180.0,0.0,0.0,1.0
299.273,533.87,180.0,0.0,0.0,1.0
219.342,503.605,180.0,0.0,0.0,1.0
299.273,533.87,180.0,0.0,0.0,1.0
215.902,516.818,180.0,0.0,0.0,1.0
215.902,516.818,180.0,0.0,0.0,1.0
299.273,533.87,180.0,0.0,0.0,1.0
298.321,537.632,180.0,0.0,0.0,1.0
215.902,516.818,180.0,0.0,0.0,1.0
298.321,537.632,180.0,0.0,0.0,1.0
298.0,541.5,180.0,0.0,0.0,1.0
73.305,535.078,180.0,0.0,0.0,1.0
81.8826,545.701,180.0,0.0,0.0,1.0
103.759,798.12,180.0,0.0,0.0,1.0
103.759,798.12,180.0,0.0,0.0,1.0
81.8826,545.701,180.0,0.0,0.0,1.0
92.132,554.722,180.0,0.0,0.0,1.0
103.759,798.12,180.0,0.0,0.0,1.0
92.132,554.722,180.0,0.0,0.0,1.0
116.428,793.029,180.0,0.0,0.0,1.0
116.428,793.029,180.0,0.0,0.0,1.0
92.132,554.722,180.0,0.0,0.0,1.0
129.775,790.152,180.0,0.0,0.0,1.0
103.759,561.881,180.0,0.0,0.0,1.0
116.428,566.972,180.0,0.0,0.0,1.0
129.775,790.152,180.0,0.0,0.0,1.0
129.775,790.152,180.0,0.0,0.0,1.0
116.428,566.972,180.0,0.0,0.0,1.0
129.775,569.848,180.0,0.0,0.0,1.0
129.775,790.152,180.0,0.0,0.0,1.0
129.775,569.848,180.0,0.0,0.0,1.0
143.417,789.573,180.0,0.0,0.0,1.0
143.417,789.573,180.0,0.0,0.0,1.0
129.775,569.848,180.0,0.0,0.0,1.0
143.417,570.428,180.0,0.0,0.0,1.0
143.417,789.573,180.0,0.0,0.0,1.0
143.417,570.428,180.0,0.0,0.0,1.0
156.96,791.307,180.0,0.0,0.0,1.0
156.96,791.307,180.0,0.0,0.0,1.0
143.417,570.428,180.0,0.0,0.0,1.0
156.96,568.693,180.0,0.0,0.0,1.0
156.96,791.307,180.0,0.0,0.0,1.0
156.96,568.693,180.0,0.0,0.0,1.0
170.015,795.305,180.0,0.0,0.0,1.0
170.015,795.305,180.0,0.0,0.0,1.0
156.96,568.693,180.0,0.0,0.0,1.0
170.015,564.695,180.0,0.0,0.0,1.0
170.015,795.305,180.0,0.0,0.0,1.0
170.015,564.695,180.0,0.0,0.0,1.0
182.207,558.548,180.0,0.0,0.0,1.0
