9.7442,10.8269,8.46467,0.0,0.0,-1.0
17.6182,10.8269,8.46467,0.0,0.0,-1.0
9.79789,10.1789,8.46467,0.0,0.0,-1.0
9.79789,10.1789,8.46467,0.0,0.0,-1.0
17.6182,10.8269,8.46467,0.0,0.0,-1.0
17.5645,10.1789,8.46467,0.0,0.0,-1.0
9.79789,10.1789,8.46467,0.0,0.0,-1.0
17.5645,10.1789,8.46467,0.0,0.0,-1.0
9.95751,9.54853,8.46467,0.0,0.0,-1.0
9.95751,9.54853,8.46467,0.0,0.0,-1.0
17.5645,10.1789,8.46467,0.0,0.0,-1.0
17.4049,9.54853,8.46467,0.0,0.0,-1.0
9.95751,9.54853,8.46467,0.0,0.0,-1.0
17.4049,9.54853,8.46467,0.0,0.0,-1.0
10.2187,8.95307,8.46467,0.0,0.0,-1.0
10.2187,8.95307,8.46467,0.0,0.0,-1.0
17.4049,9.54853,8.46467,0.0,0.0,-1.0
17.1437,8.95307,8.46467,0.0,0.0,-1.0
10.2187,8.95307,8.46467,0.0,0.0,-1.0
17.1437,8.95307,8.46467,0.0,0.0,-1.0
10.5744,8.40872,8.46467,0.0,0.0,-1.0
10.5744,8.40872,8.46467,0.0,0.0,-1.0
17.1437,8.95307,8.46467,0.0,0.0,-1.0
16.7881,8.40872,8.46467,0.0,0.0,-1.0
10.5744,8.40872,8.46467,0.0,0.0,-1.0
16.7881,8.40872,8.46467,0.0,0.0,-1.0
11.0147,7.93032,8.46467,0.0,0.0,-1.0
11.0147,7.93032,8.46467,0.0,0.0,-1.0
16.7881,8.40872,8.46467,0.0,0.0,-1.0
16.3477,7.93032,8.46467,0.0,0.0,-1.0
11.0147,7.93032,8.46467,0.0,0.0,-1.0
16.3477,7.93032,8.46467,0.0,0.0,-1.0
11.5279,7.53094,8.46467,0.0,0.0,-1.0
11.5279,7.53094,8.46467,0.0,0.0,-1.0
16.3477,7.93032,8.46467,0.0,0.0,-1.0
15.8345,7.53094,8.46467,0.0,0.0,-1.0
11.5279,7.53094,8.46467,0.0,0.0,-1.0
15.8345,7.53094,8.46467,0.0,0.0,-1.0
12.0997,7.22147,8.46467,0.0,0.0,-1.0
12.0997,7.22147,8.46467,0.0,0.0,-1.0
15.8345,7.53094,8.46467,0.0,0.0,-1.0
15.2627,7.22147,8.46467,0.0,0.0,-1.0
12.0997,7.22147,8.46467,0.0,0.0,-1.0
15.2627,7.22147,8.46467,0.0,0.0,-1.0
12.7147,7.01034,8.46467,0.0,0.0,-1.0
12.7147,7.01034,8.46467,0.0,0.0,-1.0
15.2627,7.22147,8.46467,0.0,0.0,-1.0
14.6477,7.01034,8.46467,0.0,0.0,-1.0
12.7147,7.01034,8.46467,0.0,0.0,-1.0
14.6477,7.01034,8.46467,0.0,0.0,-1.0
13.3561,6.90331,8.46467,0.0,0.0,-1.0
13.3561,6.90331,8.46467,0.0,0.0,-1.0
14.6477,7.01034,8.46467,0.0,0.0,-1.0
14.0063,6.90331,8.46467,0.0,0.0,-1.0
5.44964,3.70401,6.29932,0.0,0.0,1.0
5.26211,2.23959,6.29932,0.0,0.0,1.0
5.92666,3.68374,6.29932,0.0,0.0,1.0
5.92666,3.68374,6.29932,0.0,0.0,1.0
5.26211,2.23959,6.29932,0.0,0.0,1.0
5.98932,2.20869,6.29932,0.0,0.0,1.0
5.92666,3.68374,6.29932,0.0,0.0,1.0
5.98932,2.20869,6.29932,0.0,0.0,1.0
6.40024,3.74439,6.29932,0.0,0.0,1.0
6.40024,3.74439,6.29932,0.0,0.0,1.0
5.98932,2.20869,6.29932,0.0,0.0,1.0
6.71129,2.30115,6.29932,0.0,0.0,1.0
6.40024,3.74439,6.29932,0.0,0.0,1.0
6.71129,2.30115,6.29932,0.0,0.0,1.0
6.85677,3.8842,6.29932,0.0,0.0,1.0
6.85677,3.8842,6.29932,0.0,0.0,1.0
6.71129,2.30115,6.29932,0.0,0.0,1.0
7.40724,2.51428,6.29932,0.0,0.0,1.0
6.85677,3.8842,6.29932,0.0,0.0,1.0
7.40724,2.51428,6.29932,0.0,0.0,1.0
7.28309,4.09914,6.29932,0.0,0.0,1.0
7.28309,4.09914,6.29932,0.0,0.0,1.0
7.40724,2.51428,6.29932,0.0,0.0,1.0
8.05717,2.84197,6.29932,0.0,0.0,1.0
7.28309,4.09914,6.29932,0.0,0.0,1.0
8.05717,2.84197,6.29932,0.0,0.0,1.0
7.66696,4.38305,6.29932,0.0,0.0,1.0
7.66696,4.38305,6.29932,0.0,0.0,1.0
8.05717,2.84197,6.29932,0.0,0.0,1.0
8.64237,3.27478,6.29932,0.0,0.0,1.0
7.66696,4.38305,6.29932,0.0,0.0,1.0
8.64237,3.27478,6.29932,0.0,0.0,1.0
7.99733,4.72775,6.29932,0.0,0.0,1.0
7.99733,4.72775,6.29932,0.0,0.0,1.0
8.64237,3.27478,6.29932,0.0,0.0,1.0
9.146,3.80026,6.29932,0.0,0.0,1.0
7.99733,4.72775,6.29932,0.0,0.0,1.0
9.146,3.80026,6.29932,0.0,0.0,1.0
8.26469,5.12332,6.29932,0.0,0.0,1.0
8.26469,5.12332,6.29932,0.0,0.0,1.0
9.146,3.80026,6.29932,0.0,0.0,1.0
9.55359,4.4033,6.29932,0.0,0.0,1.0
8.26469,5.12332,6.29932,0.0,0.0,1.0
9.55359,4.4033,6.29932,0.0,0.0,1.0
8.46135,5.55839,6.29932,0.0,0.0,1.0
8.46135,5.55839,6.29932,0.0,0.0,1.0
9.55359,4.4033,6.29932,0.0,0.0,1.0
9.8534,5.06655,6.29932,0.0,0.0,1.0
8.46135,5.55839,6.29932,0.0,0.0,1.0
9.8534,5.06655,6.29932,0.0,0.0,1.0
8.58166,6.02044,6.29932,0.0,0.0,1.0
8.58166,6.02044,6.29932,0.0,0.0,1.0
9.8534,5.06655,6.29932,0.0,0.0,1.0
10.0368,5.77093,6.29932,0.0,0.0,1.0
8.58166,6.02044,6.29932,0.0,0.0,1.0
10.0368,5.77093,6.29932,0.0,0.0,1.0
8.62215,6.49617,6.29932,0.0,0.0,1.0
8.62215,6.49617,6.29932,0.0,0.0,1.0
10.0368,5.77093,6.29932,0.0,0.0,1.0
10.0985,6.49617,6.29932,0.0,0.0,1.0
8.62215,6.49617,6.29932,0.0,0.0,1.0
10.0985,6.49617,6.29932,0.0,0.0,1.0
8.58166,6.9719,6.29932,0.0,0.0,1.0
8.58166,6.9719,6.29932,0.0,0.0,1.0
10.0985,6.49617,6.29932,0.0,0.0,1.0
10.0368,7.22141,6.29932,0.0,0.0,1.0
8.58166,6.9719,6.29932,0.0,0.0,1.0
10.0368,7.22141,6.29932,0.0,0.0,1.0
8.46135,7.43394,6.29932,0.0,0.0,1.0
8.46135,7.43394,6.29932,0.0,0.0,1.0
10.0368,7.22141,6.29932,0.0,0.0,1.0
9.8534,7.92578,6.29932,0.0,0.0,1.0
8.46135,7.43394,6.29932,0.0,0.0,1.0
9.8534,7.92578,6.29932,0.0,0.0,1.0
8.26469,7.86901,6.29932,0.0,0.0,1.0
8.26469,7.86901,6.29932,0.0,0.0,1.0
9.8534,7.92578,6.29932,0.0,0.0,1.0
9.55359,8.58903,6.29932,0.0,0.0,1.0
8.26469,7.86901,6.29932,0.0,0.0,1.0
9.55359,8.58903,6.29932,0.0,0.0,1.0
7.99733,8.26458,6.29932,0.0,0.0,1.0
7.99733,8.26458,6.29932,0.0,0.0,1.0
9.55359,8.58903,6.29932,0.0,0.0,1.0
9.146,9.19207,6.29932,0.0,0.0,1.0
7.99733,8.26458,6.29932,0.0,0.0,1.0
9.146,9.19207,6.29932,0.0,0.0,1.0
7.66696,8.60928,6.29932,0.0,0.0,1.0
7.66696,8.60928,6.29932,0.0,0.0,1.0
9.146,9.19207,6.29932,0.0,0.0,1.0
8.64237,9.71756,6.29932,0.0,0.0,1.0
7.66696,8.60928,6.29932,0.0,0.0,1.0
8.64237,9.71756,6.29932,0.0,0.0,1.0
7.28309,8.89319,6.29932,0.0,0.0,1.0
7.28309,8.89319,6.29932,0.0,0.0,1.0
8.64237,9.71756,6.29932,0.0,0.0,1.0
8.05717,10.1504,6.29932,0.0,0.0,1.0
7.28309,8.89319,6.29932,0.0,0.0,1.0
8.05717,10.1504,6.29932,0.0,0.0,1.0
6.85677,9.10814,6.29932,0.0,0.0,1.0
6.85677,9.10814,6.29932,0.0,0.0,1.0
8.05717,10.1504,6.29932,0.0,0.0,1.0
7.40724,10.4781,6.29932,0.0,0.0,1.0
6.85677,9.10814,6.29932,0.0,0.0,1.0
7.40724,10.4781,6.29932,0.0,0.0,1.0
6.40024,9.24795,6.29932,0.0,0.0,1.0
6.40024,9.24795,6.29932,0.0,0.0,1.0
7.40724,10.4781,6.29932,0.0,0.0,1.0
6.71129,10.6912,6.29932,0.0,0.0,1.0
6.40024,9.24795,6.29932,0.0,0.0,1.0
6.71129,10.6912,6.29932,0.0,0.0,1.0
5.92666,9.30859,6.29932,0.0,0.0,1.0
5.92666,9.30859,6.29932,0.0,0.0,1.0
6.71129,10.6912,6.29932,0.0,0.0,1.0
5.98932,10.7836,6.29932,0.0,0.0,1.0
5.92666,9.30859,6.29932,0.0,0.0,1.0
5.98932,10.7836,6.29932,0.0,0.0,1.0
5.44964,9.28833,6.29932,0.0,0.0,1.0
5.44964,9.28833,6.29932,0.0,0.0,1.0
5.98932,10.7836,6.29932,0.0,0.0,1.0
5.26211,10.7527,6.29932,0.0,0.0,1.0
5.44964,9.28833,6.29932,0.0,0.0,1.0
5.26211,10.7527,6.29932,0.0,0.0,1.0
4.98291,9.18774,6.29932,0.0,0.0,1.0
4.98291,9.18774,6.29932,0.0,0.0,1.0
5.26211,10.7527,6.29932,0.0,0.0,1.0
4.55059,10.5994,6.29932,0.0,0.0,1.0
4.98291,9.18774,6.29932,0.0,0.0,1.0
4.55059,10.5994,6.29932,0.0,0.0,1.0
4.53988,9.00972,6.29932,0.0,0.0,1.0
4.53988,9.00972,6.29932,0.0,0.0,1.0
4.55059,10.5994,6.29932,0.0,0.0,1.0
3.87521,10.328,6.29932,0.0,0.0,1.0
4.53988,9.00972,6.29932,0.0,0.0,1.0
3.87521,10.328,6.29932,0.0,0.0,1.0
4.13332,8.75939,6.29932,0.0,0.0,1.0
4.13332,8.75939,6.29932,0.0,0.0,1.0
3.87521,10.328,6.29932,0.0,0.0,1.0
3.25542,9.94639,6.29932,0.0,0.0,1.0
4.13332,8.75939,6.29932,0.0,0.0,1.0
3.25542,9.94639,6.29932,0.0,0.0,1.0
3.77491,8.44395,6.29932,0.0,0.0,1.0
3.77491,8.44395,6.29932,0.0,0.0,1.0
3.25542,9.94639,6.29932,0.0,0.0,1.0
2.70903,9.46551,6.29932,0.0,0.0,1.0
3.77491,8.44395,6.29932,0.0,0.0,1.0
2.70903,9.46551,6.29932,0.0,0.0,1.0
3.47497,8.07247,6.29932,0.0,0.0,1.0
3.47497,8.07247,6.29932,0.0,0.0,1.0
2.70903,9.46551,6.29932,0.0,0.0,1.0
2.25177,8.89921,6.29932,0.0,0.0,1.0
3.47497,8.07247,6.29932,0.0,0.0,1.0
2.25177,8.89921,6.29932,0.0,0.0,1.0
3.24212,7.65565,6.29932,0.0,0.0,1.0
3.24212,7.65565,6.29932,0.0,0.0,1.0
2.25177,8.89921,6.29932,0.0,0.0,1.0
1.8968,8.26377,6.29932,0.0,0.0,1.0
3.24212,7.65565,6.29932,0.0,0.0,1.0
1.8968,8.26377,6.29932,0.0,0.0,1.0
3.08306,7.20547,6.29932,0.0,0.0,1.0
3.08306,7.20547,6.29932,0.0,0.0,1.0
1.8968,8.26377,6.29932,0.0,0.0,1.0
1.65432,7.57749,6.29932,0.0,0.0,1.0
3.08306,7.20547,6.29932,0.0,0.0,1.0
1.65432,7.57749,6.29932,0.0,0.0,1.0
3.00237,6.73489,6.29932,0.0,0.0,1.0
3.00237,6.73489,6.29932,0.0,0.0,1.0
1.65432,7.57749,6.29932,0.0,0.0,1.0
1.53131,6.8601,6.29932,0.0,0.0,1.0
3.00237,6.73489,6.29932,0.0,0.0,1.0
1.53131,6.8601,6.29932,0.0,0.0,1.0
3.00237,6.25744,6.29932,0.0,0.0,1.0
3.00237,6.25744,6.29932,0.0,0.0,1.0
1.53131,6.8601,6.29932,0.0,0.0,1.0
1.53131,6.13224,6.29932,0.0,0.0,1.0
3.00237,6.25744,6.29932,0.0,0.0,1.0
1.53131,6.13224,6.29932,0.0,0.0,1.0
3.08306,5.78686,6.29932,0.0,0.0,1.0
3.08306,5.78686,6.29932,0.0,0.0,1.0
1.53131,6.13224,6.29932,0.0,0.0,1.0
1.65432,5.41484,6.29932,0.0,0.0,1.0
3.08306,5.78686,6.29932,0.0,0.0,1.0
1.65432,5.41484,6.29932,0.0,0.0,1.0
3.24212,5.33668,6.29932,0.0,0.0,1.0
3.24212,5.33668,6.29932,0.0,0.0,1.0
1.65432,5.41484,6.29932,0.0,0.0,1.0
1.8968,4.72856,6.29932,0.0,0.0,1.0
3.24212,5.33668,6.29932,0.0,0.0,1.0
1.8968,4.72856,6.29932,0.0,0.0,1.0
3.47497,4.91986,6.29932,0.0,0.0,1.0
3.47497,4.91986,6.29932,0.0,0.0,1.0
1.8968,4.72856,6.29932,0.0,0.0,1.0
2.25177,4.09312,6.29932,0.0,0.0,1.0
3.47497,4.91986,6.29932,0.0,0.0,1.0
2.25177,4.09312,6.29932,0.0,0.0,1.0
3.77491,4.54839,6.29932,0.0,0.0,1.0
3.77491,4.54839,6.29932,0.0,0.0,1.0
2.25177,4.09312,6.29932,0.0,0.0,1.0
2.70903,3.52682,6.29932,0.0,0.0,1.0
3.77491,4.54839,6.29932,0.0,0.0,1.0
2.70903,3.52682,6.29932,0.0,0.0,1.0
4.13332,4.23295,6.29932,0.0,0.0,1.0
4.13332,4.23295,6.29932,0.0,0.0,1.0
2.70903,3.52682,6.29932,0.0,0.0,1.0
3.25542,3.04594,6.29932,0.0,0.0,1.0
4.13332,4.23295,6.29932,0.0,0.0,1.0
3.25542,3.04594,6.29932,0.0,0.0,1.0
4.53988,3.98261,6.29932,0.0,0.0,1.0
4.53988,3.98261,6.29932,0.0,0.0,1.0
3.25542,3.04594,6.29932,0.0,0.0,1.0
3.87521,2.66432,6.29932,0.0,0.0,1.0
4.53988,3.98261,6.29932,0.0,0.0,1.0
3.87521,2.66432,6.29932,0.0,0.0,1.0
4.98291,3.80459,6.29932,0.0,0.0,1.0
4.98291,3.80459,6.29932,0.0,0.0,1.0
3.87521,2.66432,6.29932,0.0,0.0,1.0
4.55059,2.39293,6.29932,0.0,0.0,1.0
4.98291,3.80459,6.29932,0.0,0.0,1.0
4.55059,2.39293,6.29932,0.0,0.0,1.0
5.44964,3.70401,6.29932,0.0,0.0,1.0
5.44964,3.70401,6.29932,0.0,0.0,1.0
4.55059,2.39293,6.29932,0.0,0.0,1.0
5.26211,2.23959,6.29932,0.0,0.0,1.0
23.7454,8.26458,6.29932,0.0,0.0,1.0
24.894,9.19207,6.29932,0.0,0.0,1.0
23.415,8.60928,6.29932,0.0,0.0,1.0
23.415,8.60928,6.29932,0.0,0.0,1.0
24.894,9.19207,6.29932,0.0,0.0,1.0
24.3904,9.71756,6.29932,0.0,0.0,1.0
23.415,8.60928,6.29932,0.0,0.0,1.0
24.3904,9.71756,6.29932,0.0,0.0,1.0
23.0311,8.89319,6.29932,0.0,0.0,1.0
23.0311,8.89319,6.29932,0.0,0.0,1.0
24.3904,9.71756,6.29932,0.0,0.0,1.0
23.8052,10.1504,6.29932,0.0,0.0,1.0
23.0311,8.89319,6.29932,0.0,0.0,1.0
23.8052,10.1504,6.29932,0.0,0.0,1.0
22.6048,9.10814,6.29932,0.0,0.0,1.0
22.6048,9.10814,6.29932,0.0,0.0,1.0
23.8052,10.1504,6.29932,0.0,0.0,1.0
23.1553,10.4781,6.29932,0.0,0.0,1.0
22.6048,9.10814,6.29932,0.0,0.0,1.0
23.1553,10.4781,6.29932,0.0,0.0,1.0
22.1483,9.24795,6.29932,0.0,0.0,1.0
22.1483,9.24795,6.29932,0.0,0.0,1.0
23.1553,10.4781,6.29932,0.0,0.0,1.0
22.4593,10.6912,6.29932,0.0,0.0,1.0
22.1483,9.24795,6.29932,0.0,0.0,1.0
22.4593,10.6912,6.29932,0.0,0.0,1.0
21.6747,9.30859,6.29932,0.0,0.0,1.0
21.6747,9.30859,6.29932,0.0,0.0,1.0
22.4593,10.6912,6.29932,0.0,0.0,1.0
21.7374,10.7836,6.29932,0.0,0.0,1.0
21.6747,9.30859,6.29932,0.0,0.0,1.0
21.7374,10.7836,6.29932,0.0,0.0,1.0
21.1977,9.28833,6.29932,0.0,0.0,1.0
21.1977,9.28833,6.29932,0.0,0.0,1.0
21.7374,10.7836,6.29932,0.0,0.0,1.0
21.0101,10.7527,6.29932,0.0,0.0,1.0
21.1977,9.28833,6.29932,0.0,0.0,1.0
21.0101,10.7527,6.29932,0.0,0.0,1.0
20.7309,9.18774,6.29932,0.0,0.0,1.0
20.7309,9.18774,6.29932,0.0,0.0,1.0
21.0101,10.7527,6.29932,0.0,0.0,1.0
20.2986,10.5994,6.29932,0.0,0.0,1.0
20.7309,9.18774,6.29932,0.0,0.0,1.0
20.2986,10.5994,6.29932,0.0,0.0,1.0
20.2879,9.00972,6.29932,0.0,0.0,1.0
20.2879,9.00972,6.29932,0.0,0.0,1.0
20.2986,10.5994,6.29932,0.0,0.0,1.0
19.6232,10.328,6.29932,0.0,0.0,1.0
20.2879,9.00972,6.29932,0.0,0.0,1.0
19.6232,10.328,6.29932,0.0,0.0,1.0
19.8814,8.75939,6.29932,0.0,0.0,1.0
19.8814,8.75939,6.29932,0.0,0.0,1.0
19.6232,10.328,6.29932,0.0,0.0,1.0
19.0034,9.94639,6.29932,0.0,0.0,1.0
19.8814,8.75939,6.29932,0.0,0.0,1.0
19.0034,9.94639,6.29932,0.0,0.0,1.0
19.5229,8.44395,6.29932,0.0,0.0,1.0
19.5229,8.44395,6.29932,0.0,0.0,1.0
19.0034,9.94639,6.29932,0.0,0.0,1.0
18.4571,9.46551,6.29932,0.0,0.0,1.0
19.5229,8.44395,6.29932,0.0,0.0,1.0
18.4571,9.46551,6.29932,0.0,0.0,1.0
19.223,8.07247,6.29932,0.0,0.0,1.0
19.223,8.07247,6.29932,0.0,0.0,1.0
18.4571,9.46551,6.29932,0.0,0.0,1.0
17.9998,8.89921,6.29932,0.0,0.0,1.0
19.223,8.07247,6.29932,0.0,0.0,1.0
17.9998,8.89921,6.29932,0.0,0.0,1.0
18.9901,7.65565,6.29932,0.0,0.0,1.0
18.9901,7.65565,6.29932,0.0,0.0,1.0
17.9998,8.89921,6.29932,0.0,0.0,1.0
17.6448,8.26377,6.29932,0.0,0.0,1.0
18.9901,7.65565,6.29932,0.0,0.0,1.0
17.6448,8.26377,6.29932,0.0,0.0,1.0
18.8311,7.20547,6.29932,0.0,0.0,1.0
18.8311,7.20547,6.29932,0.0,0.0,1.0
17.6448,8.26377,6.29932,0.0,0.0,1.0
17.4024,7.57749,6.29932,0.0,0.0,1.0
18.8311,7.20547,6.29932,0.0,0.0,1.0
17.4024,7.57749,6.29932,0.0,0.0,1.0
18.7504,6.73489,6.29932,0.0,0.0,1.0
18.7504,6.73489,6.29932,0.0,0.0,1.0
17.4024,7.57749,6.29932,0.0,0.0,1.0
17.2793,6.8601,6.29932,0.0,0.0,1.0
18.7504,6.73489,6.29932,0.0,0.0,1.0
17.2793,6.8601,6.29932,0.0,0.0,1.0
18.7504,6.25744,6.29932,0.0,0.0,1.0
18.7504,6.25744,6.29932,0.0,0.0,1.0
17.2793,6.8601,6.29932,0.0,0.0,1.0
17.2793,6.13224,6.29932,0.0,0.0,1.0
18.7504,6.25744,6.29932,0.0,0.0,1.0
17.2793,6.13224,6.29932,0.0,0.0,1.0
18.8311,5.78686,6.29932,0.0,0.0,1.0
18.8311,5.78686,6.29932,0.0,0.0,1.0
17.2793,6.13224,6.29932,0.0,0.0,1.0
17.4024,5.41484,6.29932,0.0,0.0,1.0
18.8311,5.78686,6.29932,0.0,0.0,1.0
17.4024,5.41484,6.29932,0.0,0.0,1.0
18.9901,5.33668,6.29932,0.0,0.0,1.0
18.9901,5.33668,6.29932,0.0,0.0,1.0
17.4024,5.41484,6.29932,0.0,0.0,1.0
17.6448,4.72856,6.29932,0.0,0.0,1.0
18.9901,5.33668,6.29932,0.0,0.0,1.0
17.6448,4.72856,6.29932,0.0,0.0,1.0
19.223,4.91986,6.29932,0.0,0.0,1.0
19.223,4.91986,6.29932,0.0,0.0,1.0
17.6448,4.72856,6.29932,0.0,0.0,1.0
17.9998,4.09312,6.29932,0.0,0.0,1.0
19.223,4.91986,6.29932,0.0,0.0,1.0
17.9998,4.09312,6.29932,0.0,0.0,1.0
19.5229,4.54839,6.29932,0.0,0.0,1.0
19.5229,4.54839,6.29932,0.0,0.0,1.0
17.9998,4.09312,6.29932,0.0,0.0,1.0
18.4571,3.52682,6.29932,0.0,0.0,1.0
19.5229,4.54839,6.29932,0.0,0.0,1.0
18.4571,3.52682,6.29932,0.0,0.0,1.0
19.8814,4.23295,6.29932,0.0,0.0,1.0
19.8814,4.23295,6.29932,0.0,0.0,1.0
18.4571,3.52682,6.29932,0.0,0.0,1.0
19.0034,3.04594,6.29932,0.0,0.0,1.0
19.8814,4.23295,6.29932,0.0,0.0,1.0
19.0034,3.04594,6.29932,0.0,0.0,1.0
20.2879,3.98261,6.29932,0.0,0.0,1.0
20.2879,3.98261,6.29932,0.0,0.0,1.0
19.0034,3.04594,6.29932,0.0,0.0,1.0
19.6232,2.66432,6.29932,0.0,0.0,1.0
20.2879,3.98261,6.29932,0.0,0.0,1.0
19.6232,2.66432,6.29932,0.0,0.0,1.0
20.7309,3.80459,6.29932,0.0,0.0,1.0
20.7309,3.80459,6.29932,0.0,0.0,1.0
19.6232,2.66432,6.29932,0.0,0.0,1.0
20.2986,2.39293,6.29932,0.0,0.0,1.0
20.7309,3.80459,6.29932,0.0,0.0,1.0
20.2986,2.39293,6.29932,0.0,0.0,1.0
21.1977,3.70401,6.29932,0.0,0.0,1.0
21.1977,3.70401,6.29932,0.0,0.0,1.0
20.2986,2.39293,6.29932,0.0,0.0,1.0
21.0101,2.23959,6.29932,0.0,0.0,1.0
21.1977,3.70401,6.29932,0.0,0.0,1.0
21.0101,2.23959,6.29932,0.0,0.0,1.0
21.6747,3.68374,6.29932,0.0,0.0,1.0
21.6747,3.68374,6.29932,0.0,0.0,1.0
21.0101,2.23959,6.29932,0.0,0.0,1.0
21.7374,2.20869,6.29932,0.0,0.0,1.0
21.6747,3.68374,6.29932,0.0,0.0,1.0
21.7374,2.20869,6.29932,0.0,0.0,1.0
22.1483,3.74439,6.29932,0.0,0.0,1.0
22.1483,3.74439,6.29932,0.0,0.0,1.0
21.7374,2.20869,6.29932,0.0,0.0,1.0
22.4593,2.30115,6.29932,0.0,0.0,1.0
22.1483,3.74439,6.29932,0.0,0.0,1.0
22.4593,2.30115,6.29932,0.0,0.0,1.0
22.6048,3.8842,6.29932,0.0,0.0,1.0
22.6048,3.8842,6.29932,0.0,0.0,1.0
22.4593,2.30115,6.29932,0.0,0.0,1.0
23.1553,2.51428,6.29932,0.0,0.0,1.0
22.6048,3.8842,6.29932,0.0,0.0,1.0
23.1553,2.51428,6.29932,0.0,0.0,1.0
23.0311,4.09914,6.29932,0.0,0.0,1.0
23.0311,4.09914,6.29932,0.0,0.0,1.0
23.1553,2.51428,6.29932,0.0,0.0,1.0
23.8052,2.84197,6.29932,0.0,0.0,1.0
23.0311,4.09914,6.29932,0.0,0.0,1.0
23.8052,2.84197,6.29932,0.0,0.0,1.0
23.415,4.38305,6.29932,0.0,0.0,1.0
23.415,4.38305,6.29932,0.0,0.0,1.0
23.8052,2.84197,6.29932,0.0,0.0,1.0
24.3904,3.27478,6.29932,0.0,0.0,1.0
23.415,4.38305,6.29932,0.0,0.0,1.0
24.3904,3.27478,6.29932,0.0,0.0,1.0
23.7454,4.72775,6.29932,0.0,0.0,1.0
23.7454,4.72775,6.29932,0.0,0.0,1.0
24.3904,3.27478,6.29932,0.0,0.0,1.0
24.894,3.80026,6.29932,0.0,0.0,1.0
23.7454,4.72775,6.29932,0.0,0.0,1.0
24.894,3.80026,6.29932,0.0,0.0,1.0
24.0127,5.12332,6.29932,0.0,0.0,1.0
24.0127,5.12332,6.29932,0.0,0.0,1.0
24.894,3.80026,6.29932,0.0,0.0,1.0
25.3016,4.4033,6.29932,0.0,0.0,1.0
24.0127,5.12332,6.29932,0.0,0.0,1.0
25.3016,4.4033,6.29932,0.0,0.0,1.0
24.2094,5.55839,6.29932,0.0,0.0,1.0
24.2094,5.55839,6.29932,0.0,0.0,1.0
25.3016,4.4033,6.29932,0.0,0.0,1.0
25.6014,5.06655,6.29932,0.0,0.0,1.0
24.2094,5.55839,6.29932,0.0,0.0,1.0
25.6014,5.06655,6.29932,0.0,0.0,1.0
24.3297,6.02044,6.29932,0.0,0.0,1.0
24.3297,6.02044,6.29932,0.0,0.0,1.0
25.6014,5.06655,6.29932,0.0,0.0,1.0
25.7848,5.77093,6.29932,0.0,0.0,1.0
24.3297,6.02044,6.29932,0.0,0.0,1.0
25.7848,5.77093,6.29932,0.0,0.0,1.0
24.3702,6.49617,6.29932,0.0,0.0,1.0
24.3702,6.49617,6.29932,0.0,0.0,1.0
25.7848,5.77093,6.29932,0.0,0.0,1.0
25.8466,6.49617,6.29932,0.0,0.0,1.0
24.3702,6.49617,6.29932,0.0,0.0,1.0
25.8466,6.49617,6.29932,0.0,0.0,1.0
24.3297,6.9719,6.29932,0.0,0.0,1.0
24.3297,6.9719,6.29932,0.0,0.0,1.0
25.8466,6.49617,6.29932,0.0,0.0,1.0
25.7848,7.22141,6.29932,0.0,0.0,1.0
24.3297,6.9719,6.29932,0.0,0.0,1.0
25.7848,7.22141,6.29932,0.0,0.0,1.0
24.2094,7.43394,6.29932,0.0,0.0,1.0
24.2094,7.43394,6.29932,0.0,0.0,1.0
25.7848,7.22141,6.29932,0.0,0.0,1.0
25.6014,7.92578,6.29932,0.0,0.0,1.0
24.2094,7.43394,6.29932,0.0,0.0,1.0
25.6014,7.92578,6.29932,0.0,0.0,1.0
24.0127,7.86901,6.29932,0.0,0.0,1.0
24.0127,7.86901,6.29932,0.0,0.0,1.0
25.6014,7.92578,6.29932,0.0,0.0,1.0
25.3016,8.58903,6.29932,0.0,0.0,1.0
24.0127,7.86901,6.29932,0.0,0.0,1.0
25.3016,8.58903,6.29932,0.0,0.0,1.0
23.7454,8.26458,6.29932,0.0,0.0,1.0
23.7454,8.26458,6.29932,0.0,0.0,1.0
25.3016,8.58903,6.29932,0.0,0.0,1.0
24.894,9.19207,6.29932,0.0,0.0,1.0
9.7442,13.5828,9.41349,0.0,0.325533,-0.945531
17.6182,13.5828,9.41349,0.0,0.325533,-0.945531
9.7442,10.8269,8.46467,0.0,0.325533,-0.945531
9.7442,10.8269,8.46467,0.0,0.325533,-0.945531
17.6182,13.5828,9.41349,0.0,0.325533,-0.945531
17.6182,10.8269,8.46467,0.0,0.325533,-0.945531
9.7442,10.8269,0.000103078,0.996584,0.0825807,0.0
9.7442,10.8269,8.46467,0.996584,0.0825807,0.0
9.79789,10.1789,0.000103078,0.996584,0.0825807,0.0
9.79789,10.1789,0.000103078,0.996584,0.0825807,0.0
9.7442,10.8269,8.46467,0.996584,0.0825807,0.0
9.79789,10.1789,8.46467,0.996584,0.0825807,0.0
9.79789,10.1789,0.000103078,0.969401,0.245484,0.0
9.79789,10.1789,8.46467,0.969401,0.245484,0.0
9.95751,9.54853,0.000103078,0.969401,0.245484,0.0
9.95751,9.54853,0.000103078,0.969401,0.245484,0.0
9.79789,10.1789,8.46467,0.969401,0.245484,0.0
9.95751,9.54853,8.46467,0.969401,0.245484,0.0
9.95751,9.54853,0.000103078,0.915773,0.401696,0.0
9.95751,9.54853,8.46467,0.915773,0.401696,0.0
10.2187,8.95307,0.000103078,0.915773,0.401696,0.0
10.2187,8.95307,0.000103078,0.915773,0.401696,0.0
9.95751,9.54853,8.46467,0.915773,0.401696,0.0
10.2187,8.95307,8.46467,0.915773,0.401696,0.0
10.2187,8.95307,0.000103078,0.837167,0.546948,0.0
10.2187,8.95307,8.46467,0.837167,0.546948,0.0
10.5744,8.40872,0.000103078,0.837167,0.546948,0.0
10.5744,8.40872,0.000103078,0.837167,0.546948,0.0
10.2187,8.95307,8.46467,0.837167,0.546948,0.0
10.5744,8.40872,8.46467,0.837167,0.546948,0.0
10.5744,8.40872,0.000103078,0.735723,0.677282,0.0
10.5744,8.40872,8.46467,0.735723,0.677282,0.0
11.0147,7.93032,0.000103078,0.735723,0.677282,0.0
11.0147,7.93032,0.000103078,0.735723,0.677282,0.0
10.5744,8.40872,8.46467,0.735723,0.677282,0.0
11.0147,7.93032,8.46467,0.735723,0.677282,0.0
11.0147,7.93032,0.000103078,0.614214,0.78914,0.0
11.0147,7.93032,8.46467,0.614214,0.78914,0.0
11.5279,7.53094,0.000103078,0.614214,0.78914,0.0
11.5279,7.53094,0.000103078,0.614214,0.78914,0.0
11.0147,7.93032,8.46467,0.614214,0.78914,0.0
11.5279,7.53094,8.46467,0.614214,0.78914,0.0
11.5279,7.53094,0.000103078,0.475948,0.879474,0.0
11.5279,7.53094,8.46467,0.475948,0.879474,0.0
12.0997,7.22147,0.000103078,0.475948,0.879474,0.0
12.0997,7.22147,0.000103078,0.475948,0.879474,0.0
11.5279,7.53094,8.46467,0.475948,0.879474,0.0
12.0997,7.22147,8.46467,0.475948,0.879474,0.0
12.0997,7.22147,0.000103078,0.3247,0.945817,0.0
12.0997,7.22147,8.46467,0.3247,0.945817,0.0
12.7147,7.01034,0.000103078,0.3247,0.945817,0.0
12.7147,7.01034,0.000103078,0.3247,0.945817,0.0
12.0997,7.22147,8.46467,0.3247,0.945817,0.0
12.7147,7.01034,8.46467,0.3247,0.945817,0.0
12.7147,7.01034,0.000103078,0.164594,0.986361,0.0
12.7147,7.01034,8.46467,0.164594,0.986361,0.0
13.3561,6.90331,0.000103078,0.164594,0.986361,0.0
13.3561,6.90331,0.000103078,0.164594,0.986361,0.0
12.7147,7.01034,8.46467,0.164594,0.986361,0.0
13.3561,6.90331,8.46467,0.164594,0.986361,0.0
13.3561,6.90331,0.000103078,0.0,1.0,0.0
13.3561,6.90331,8.46467,0.0,1.0,0.0
14.0063,6.90331,0.000103078,0.0,1.0,0.0
14.0063,6.90331,0.000103078,0.0,1.0,0.0
13.3561,6.90331,8.46467,0.0,1.0,0.0
14.0063,6.90331,8.46467,0.0,1.0,0.0
14.0063,6.90331,0.000103078,-0.164594,0.986361,0.0
14.0063,6.90331,8.46467,-0.164594,0.986361,0.0
14.6477,7.01034,0.000103078,-0.164594,0.986361,0.0
14.6477,7.01034,0.000103078,-0.164594,0.986361,0.0
14.0063,6.90331,8.46467,-0.164594,0.986361,0.0
14.6477,7.01034,8.46467,-0.164594,0.986361,0.0
14.6477,7.01034,0.000103078,-0.3247,0.945817,0.0
14.6477,7.01034,8.46467,-0.3247,0.945817,0.0
15.2627,7.22147,0.000103078,-0.3247,0.945817,0.0
15.2627,7.22147,0.000103078,-0.3247,0.945817,0.0
14.6477,7.01034,8.46467,-0.3247,0.945817,0.0
15.2627,7.22147,8.46467,-0.3247,0.945817,0.0
15.2627,7.22147,0.000103078,-0.475947,0.879474,0.0
15.2627,7.22147,8.46467,-0.475947,0.879474,0.0
15.8345,7.53094,0.000103078,-0.475947,0.879474,0.0
15.8345,7.53094,0.000103078,-0.475947,0.879474,0.0
15.2627,7.22147,8.46467,-0.475947,0.879474,0.0
15.8345,7.53094,8.46467,-0.475947,0.879474,0.0
15.8345,7.53094,0.000103078,-0.614212,0.789141,0.0
15.8345,7.53094,8.46467,-0.614212,0.789141,0.0
16.3477,7.93032,0.000103078,-0.614212,0.789141,0.0
16.3477,7.93032,0.000103078,-0.614212,0.789141,0.0
15.8345,7.53094,8.46467,-0.614212,0.789141,0.0
16.3477,7.93032,8.46467,-0.614212,0.789141,0.0
16.3477,7.93032,0.000103078,-0.735725,0.67728,0.0
16.3477,7.93032,8.46467,-0.735725,0.67728,0.0
16.7881,8.40872,0.000103078,-0.735725,0.67728,0.0
16.7881,8.40872,0.000103078,-0.735725,0.67728,0.0
16.3477,7.93032,8.46467,-0.735725,0.67728,0.0
16.7881,8.40872,8.46467,-0.735725,0.67728,0.0
16.7881,8.40872,0.000103078,-0.837167,0.546948,0.0
16.7881,8.40872,8.46467,-0.837167,0.546948,0.0
17.1437,8.95307,0.000103078,-0.837167,0.546948,0.0
17.1437,8.95307,0.000103078,-0.837167,0.546948,0.0
16.7881,8.40872,8.46467,-0.837167,0.546948,0.0
17.1437,8.95307,8.46467,-0.837167,0.546948,0.0
17.1437,8.95307,0.000103078,-0.915772,0.401697,0.0
17.1437,8.95307,8.46467,-0.915772,0.401697,0.0
17.4049,9.54853,0.000103078,-0.915772,0.401697,0.0
17.4049,9.54853,0.000103078,-0.915772,0.401697,0.0
17.1437,8.95307,8.46467,-0.915772,0.401697,0.0
17.4049,9.54853,8.46467,-0.915772,0.401697,0.0
17.4049,9.54853,0.000103078,-0.969401,0.245483,0.0
17.4049,9.54853,8.46467,-0.969401,0.245483,0.0
17.5645,10.1789,0.000103078,-0.969401,0.245483,0.0
17.5645,10.1789,0.000103078,-0.969401,0.245483,0.0
17.4049,9.54853,8.46467,-0.969401,0.245483,0.0
17.5645,10.1789,8.46467,-0.969401,0.245483,0.0
17.5645,10.1789,0.000103078,-0.996584,0.0825822,0.0
17.5645,10.1789,8.46467,-0.996584,0.0825822,0.0
17.6182,10.8269,0.000103078,-0.996584,0.0825822,0.0
17.6182,10.8269,0.000103078,-0.996584,0.0825822,0.0
17.5645,10.1789,8.46467,-0.996584,0.0825822,0.0
17.6182,10.8269,8.46467,-0.996584,0.0825822,0.0
17.6182,10.8269,0.000103078,-1.0,0.0,0.0
17.6182,10.8269,8.46467,-1.0,0.0,0.0
17.6182,13.5828,0.000103078,-1.0,0.0,0.0
17.6182,13.5828,0.000103078,-1.0,0.0,0.0
17.6182,10.8269,8.46467,-1.0,0.0,0.0
17.6182,13.5828,9.41349,-1.0,0.0,0.0
9.7442,10.8269,8.46467,1.0,0.0,0.0
9.7442,10.8269,0.000103078,1.0,0.0,0.0
9.7442,13.5828,9.41349,1.0,0.0,0.0
9.7442,13.5828,9.41349,1.0,0.0,0.0
9.7442,10.8269,0.000103078,1.0,0.0,0.0
9.7442,13.5828,0.000103078,1.0,0.0,0.0
24.3297,6.9719,0.000103078,-0.967732,-0.25198,0.0
24.3297,6.9719,6.29932,-0.967732,-0.25198,0.0
24.2094,7.43394,0.000103078,-0.967732,-0.25198,0.0
24.2094,7.43394,0.000103078,-0.967732,-0.25198,0.0
24.3297,6.9719,6.29932,-0.967732,-0.25198,0.0
24.2094,7.43394,6.29932,-0.967732,-0.25198,0.0
24.2094,7.43394,0.000103078,-0.91123,-0.411898,0.0
24.2094,7.43394,6.29932,-0.91123,-0.411898,0.0
24.0127,7.86901,0.000103078,-0.91123,-0.411898,0.0
24.0127,7.86901,0.000103078,-0.91123,-0.411898,0.0
24.2094,7.43394,6.29932,-0.91123,-0.411898,0.0
24.0127,7.86901,6.29932,-0.91123,-0.411898,0.0
24.0127,7.86901,0.000103078,-0.828509,-0.559975,0.0
24.0127,7.86901,6.29932,-0.828509,-0.559975,0.0
23.7454,8.26458,0.000103078,-0.828509,-0.559975,0.0
23.7454,8.26458,0.000103078,-0.828509,-0.559975,0.0
24.0127,7.86901,6.29932,-0.828509,-0.559975,0.0
23.7454,8.26458,6.29932,-0.828509,-0.559975,0.0
23.7454,8.26458,0.000103078,-0.721954,-0.691941,0.0
23.7454,8.26458,6.29932,-0.721954,-0.691941,0.0
23.415,8.60928,0.000103078,-0.721954,-0.691941,0.0
23.415,8.60928,0.000103078,-0.721954,-0.691941,0.0
23.7454,8.26458,6.29932,-0.721954,-0.691941,0.0
23.415,8.60928,6.29932,-0.721954,-0.691941,0.0
23.415,8.60928,0.000103078,-0.594634,-0.803996,0.0
23.415,8.60928,6.29932,-0.594634,-0.803996,0.0
23.0311,8.89319,0.000103078,-0.594634,-0.803996,0.0
23.0311,8.89319,0.000103078,-0.594634,-0.803996,0.0
23.415,8.60928,6.29932,-0.594634,-0.803996,0.0
23.0311,8.89319,6.29932,-0.594634,-0.803996,0.0
23.0311,8.89319,0.000103078,-0.450204,-0.892926,0.0
23.0311,8.89319,6.29932,-0.450204,-0.892926,0.0
22.6048,9.10814,0.000103078,-0.450204,-0.892926,0.0
22.6048,9.10814,0.000103078,-0.450204,-0.892926,0.0
23.0311,8.89319,6.29932,-0.450204,-0.892926,0.0
22.6048,9.10814,6.29932,-0.450204,-0.892926,0.0
22.6048,9.10814,0.000103078,-0.292822,-0.956167,0.0
22.6048,9.10814,6.29932,-0.292822,-0.956167,0.0
22.1483,9.24795,0.000103078,-0.292822,-0.956167,0.0
22.1483,9.24795,0.000103078,-0.292822,-0.956167,0.0
22.6048,9.10814,6.29932,-0.292822,-0.956167,0.0
22.1483,9.24795,6.29932,-0.292822,-0.956167,0.0
22.1483,9.24795,0.000103078,-0.127019,-0.9919,0.0
22.1483,9.24795,6.29932,-0.127019,-0.9919,0.0
21.6747,9.30859,0.000103078,-0.127019,-0.9919,0.0
21.6747,9.30859,0.000103078,-0.127019,-0.9919,0.0
22.1483,9.24795,6.29932,-0.127019,-0.9919,0.0
21.6747,9.30859,6.29932,-0.127019,-0.9919,0.0
21.6747,9.30859,0.000103078,0.0424416,-0.999099,0.0
21.6747,9.30859,6.29932,0.0424416,-0.999099,0.0
21.1977,9.28833,0.000103078,0.0424416,-0.999099,0.0
21.1977,9.28833,0.000103078,0.0424416,-0.999099,0.0
21.6747,9.30859,6.29932,0.0424416,-0.999099,0.0
21.1977,9.28833,6.29932,0.0424416,-0.999099,0.0
21.1977,9.28833,0.000103078,0.210678,-0.977555,0.0
21.1977,9.28833,6.29932,0.210678,-0.977555,0.0
20.7309,9.18774,0.000103078,0.210678,-0.977555,0.0
20.7309,9.18774,0.000103078,0.210678,-0.977555,0.0
21.1977,9.28833,6.29932,0.210678,-0.977555,0.0
20.7309,9.18774,6.29932,0.210678,-0.977555,0.0
20.7309,9.18774,0.000103078,0.372857,-0.927889,0.0
20.7309,9.18774,6.29932,0.372857,-0.927889,0.0
20.2879,9.00972,0.000103078,0.372857,-0.927889,0.0
20.2879,9.00972,0.000103078,0.372857,-0.927889,0.0
20.7309,9.18774,6.29932,0.372857,-0.927889,0.0
20.2879,9.00972,6.29932,0.372857,-0.927889,0.0
20.2879,9.00972,0.000103078,0.524308,-0.851529,0.0
20.2879,9.00972,6.29932,0.524308,-0.851529,0.0
19.8814,8.75939,0.000103078,0.524308,-0.851529,0.0
19.8814,8.75939,0.000103078,0.524308,-0.851529,0.0
20.2879,9.00972,6.29932,0.524308,-0.851529,0.0
19.8814,8.75939,6.29932,0.524308,-0.851529,0.0
19.8814,8.75939,0.000103078,0.660674,-0.750673,0.0
19.8814,8.75939,6.29932,0.660674,-0.750673,0.0
19.5229,8.44395,0.000103078,0.660674,-0.750673,0.0
19.5229,8.44395,0.000103078,0.660674,-0.750673,0.0
19.8814,8.75939,6.29932,0.660674,-0.750673,0.0
19.5229,8.44395,6.29932,0.660674,-0.750673,0.0
19.5229,8.44395,0.000103078,0.778036,-0.62822,0.0
19.5229,8.44395,6.29932,0.778036,-0.62822,0.0
19.223,8.07247,0.000103078,0.778036,-0.62822,0.0
19.223,8.07247,0.000103078,0.778036,-0.62822,0.0
19.5229,8.44395,6.29932,0.778036,-0.62822,0.0
19.223,8.07247,6.29932,0.778036,-0.62822,0.0
19.223,8.07247,0.000103078,0.873014,-0.487695,0.0
19.223,8.07247,6.29932,0.873014,-0.487695,0.0
18.9901,7.65565,0.000103078,0.873014,-0.487695,0.0
18.9901,7.65565,0.000103078,0.873014,-0.487695,0.0
19.223,8.07247,6.29932,0.873014,-0.487695,0.0
18.9901,7.65565,6.29932,0.873014,-0.487695,0.0
18.9901,7.65565,0.000103078,0.942878,-0.33314,0.0
18.9901,7.65565,6.29932,0.942878,-0.33314,0.0
18.8311,7.20547,0.000103078,0.942878,-0.33314,0.0
18.8311,7.20547,0.000103078,0.942878,-0.33314,0.0
18.9901,7.65565,6.29932,0.942878,-0.33314,0.0
18.8311,7.20547,6.29932,0.942878,-0.33314,0.0
18.8311,7.20547,0.000103078,0.985616,-0.169003,0.0
18.8311,7.20547,6.29932,0.985616,-0.169003,0.0
18.7504,6.73489,0.000103078,0.985616,-0.169003,0.0
18.7504,6.73489,0.000103078,0.985616,-0.169003,0.0
18.8311,7.20547,6.29932,0.985616,-0.169003,0.0
18.7504,6.73489,6.29932,0.985616,-0.169003,0.0
18.7504,6.73489,0.000103078,1.0,0.0,0.0
18.7504,6.73489,6.29932,1.0,0.0,0.0
18.7504,6.25744,0.000103078,1.0,0.0,0.0
18.7504,6.25744,0.000103078,1.0,0.0,0.0
18.7504,6.73489,6.29932,1.0,0.0,0.0
18.7504,6.25744,6.29932,1.0,0.0,0.0
18.7504,6.25744,0.000103078,0.985616,0.169003,0.0
18.7504,6.25744,6.29932,0.985616,0.169003,0.0
18.8311,5.78686,0.000103078,0.985616,0.169003,0.0
18.8311,5.78686,0.000103078,0.985616,0.169003,0.0
18.7504,6.25744,6.29932,0.985616,0.169003,0.0
18.8311,5.78686,6.29932,0.985616,0.169003,0.0
18.8311,5.78686,0.000103078,0.942878,0.333139,0.0
18.8311,5.78686,6.29932,0.942878,0.333139,0.0
18.9901,5.33668,0.000103078,0.942878,0.333139,0.0
18.9901,5.33668,0.000103078,0.942878,0.333139,0.0
18.8311,5.78686,6.29932,0.942878,0.333139,0.0
18.9901,5.33668,6.29932,0.942878,0.333139,0.0
18.9901,5.33668,0.000103078,0.873013,0.487696,0.0
18.9901,5.33668,6.29932,0.873013,0.487696,0.0
19.223,4.91986,0.000103078,0.873013,0.487696,0.0
19.223,4.91986,0.000103078,0.873013,0.487696,0.0
18.9901,5.33668,6.29932,0.873013,0.487696,0.0
19.223,4.91986,6.29932,0.873013,0.487696,0.0
19.223,4.91986,0.000103078,0.778036,0.62822,0.0
19.223,4.91986,6.29932,0.778036,0.62822,0.0
19.5229,4.54839,0.000103078,0.778036,0.62822,0.0
19.5229,4.54839,0.000103078,0.778036,0.62822,0.0
19.223,4.91986,6.29932,0.778036,0.62822,0.0
19.5229,4.54839,6.29932,0.778036,0.62822,0.0
19.5229,4.54839,0.000103078,0.660673,0.750673,0.0
19.5229,4.54839,6.29932,0.660673,0.750673,0.0
19.8814,4.23295,0.000103078,0.660673,0.750673,0.0
19.8814,4.23295,0.000103078,0.660673,0.750673,0.0
19.5229,4.54839,6.29932,0.660673,0.750673,0.0
19.8814,4.23295,6.29932,0.660673,0.750673,0.0
19.8814,4.23295,0.000103078,0.524308,0.851529,0.0
19.8814,4.23295,6.29932,0.524308,0.851529,0.0
20.2879,3.98261,0.000103078,0.524308,0.851529,0.0
20.2879,3.98261,0.000103078,0.524308,0.851529,0.0
19.8814,4.23295,6.29932,0.524308,0.851529,0.0
20.2879,3.98261,6.29932,0.524308,0.851529,0.0
20.2879,3.98261,0.000103078,0.372857,0.927889,0.0
20.2879,3.98261,6.29932,0.372857,0.927889,0.0
20.7309,3.80459,0.000103078,0.372857,0.927889,0.0
20.7309,3.80459,0.000103078,0.372857,0.927889,0.0
20.2879,3.98261,6.29932,0.372857,0.927889,0.0
20.7309,3.80459,6.29932,0.372857,0.927889,0.0
20.7309,3.80459,0.000103078,0.210679,0.977555,0.0
20.7309,3.80459,6.29932,0.210679,0.977555,0.0
21.1977,3.70401,0.000103078,0.210679,0.977555,0.0
21.1977,3.70401,0.000103078,0.210679,0.977555,0.0
20.7309,3.80459,6.29932,0.210679,0.977555,0.0
21.1977,3.70401,6.29932,0.210679,0.977555,0.0
21.1977,3.70401,0.000103078,0.0424416,0.999099,0.0
21.1977,3.70401,6.29932,0.0424416,0.999099,0.0
21.6747,3.68374,0.000103078,0.0424416,0.999099,0.0
21.6747,3.68374,0.000103078,0.0424416,0.999099,0.0
21.1977,3.70401,6.29932,0.0424416,0.999099,0.0
21.6747,3.68374,6.29932,0.0424416,0.999099,0.0
21.6747,3.68374,0.000103078,-0.127018,0.9919,0.0
21.6747,3.68374,6.29932,-0.127018,0.9919,0.0
22.1483,3.74439,0.000103078,-0.127018,0.9919,0.0
22.1483,3.74439,0.000103078,-0.127018,0.9919,0.0
21.6747,3.68374,6.29932,-0.127018,0.9919,0.0
22.1483,3.74439,6.29932,-0.127018,0.9919,0.0
22.1483,3.74439,0.000103078,-0.292822,0.956167,0.0
22.1483,3.74439,6.29932,-0.292822,0.956167,0.0
22.6048,3.8842,0.000103078,-0.292822,0.956167,0.0
22.6048,3.8842,0.000103078,-0.292822,0.956167,0.0
22.1483,3.74439,6.29932,-0.292822,0.956167,0.0
22.6048,3.8842,6.29932,-0.292822,0.956167,0.0
22.6048,3.8842,0.000103078,-0.450204,0.892926,0.0
22.6048,3.8842,6.29932,-0.450204,0.892926,0.0
23.0311,4.09914,0.000103078,-0.450204,0.892926,0.0
23.0311,4.09914,0.000103078,-0.450204,0.892926,0.0
22.6048,3.8842,6.29932,-0.450204,0.892926,0.0
23.0311,4.09914,6.29932,-0.450204,0.892926,0.0
23.0311,4.09914,0.000103078,-0.594633,0.803997,0.0
23.0311,4.09914,6.29932,-0.594633,0.803997,0.0
23.415,4.38305,0.000103078,-0.594633,0.803997,0.0
23.415,4.38305,0.000103078,-0.594633,0.803997,0.0
23.0311,4.09914,6.29932,-0.594633,0.803997,0.0
23.415,4.38305,6.29932,-0.594633,0.803997,0.0
23.415,4.38305,0.000103078,-0.721955,0.69194,0.0
23.415,4.38305,6.29932,-0.721955,0.69194,0.0
23.7454,4.72775,0.000103078,-0.721955,0.69194,0.0
23.7454,4.72775,0.000103078,-0.721955,0.69194,0.0
23.415,4.38305,6.29932,-0.721955,0.69194,0.0
23.7454,4.72775,6.29932,-0.721955,0.69194,0.0
23.7454,4.72775,0.000103078,-0.828509,0.559975,0.0
23.7454,4.72775,6.29932,-0.828509,0.559975,0.0
24.0127,5.12332,0.000103078,-0.828509,0.559975,0.0
24.0127,5.12332,0.000103078,-0.828509,0.559975,0.0
23.7454,4.72775,6.29932,-0.828509,0.559975,0.0
24.0127,5.12332,6.29932,-0.828509,0.559975,0.0
24.0127,5.12332,0.000103078,-0.91123,0.411899,0.0
24.0127,5.12332,6.29932,-0.91123,0.411899,0.0
24.2094,5.55839,0.000103078,-0.91123,0.411899,0.0
24.2094,5.55839,0.000103078,-0.91123,0.411899,0.0
24.0127,5.12332,6.29932,-0.91123,0.411899,0.0
24.2094,5.55839,6.29932,-0.91123,0.411899,0.0
24.2094,5.55839,0.000103078,-0.967733,0.25198,0.0
24.2094,5.55839,6.29932,-0.967733,0.25198,0.0
24.3297,6.02044,0.000103078,-0.967733,0.25198,0.0
24.3297,6.02044,0.000103078,-0.967733,0.25198,0.0
24.2094,5.55839,6.29932,-0.967733,0.25198,0.0
24.3297,6.02044,6.29932,-0.967733,0.25198,0.0
24.3297,6.02044,0.000103078,-0.996397,0.0848069,0.0
24.3297,6.02044,6.29932,-0.996397,0.0848069,0.0
24.3702,6.49617,0.000103078,-0.996397,0.0848069,0.0
24.3702,6.49617,0.000103078,-0.996397,0.0848069,0.0
24.3297,6.02044,6.29932,-0.996397,0.0848069,0.0
24.3702,6.49617,6.29932,-0.996397,0.0848069,0.0
24.3702,6.49617,0.000103078,-0.996397,-0.0848068,0.0
24.3702,6.49617,6.29932,-0.996397,-0.0848068,0.0
24.3297,6.9719,0.000103078,-0.996397,-0.0848068,0.0
24.3297,6.9719,0.000103078,-0.996397,-0.0848068,0.0
24.3702,6.49617,6.29932,-0.996397,-0.0848068,0.0
24.3297,6.9719,6.29932,-0.996397,-0.0848068,0.0
8.58166,6.9719,0.000103078,-0.967733,-0.251976,0.0
8.58166,6.9719,6.29932,-0.967733,-0.251976,0.0
8.46135,7.43394,0.000103078,-0.967733,-0.251976,0.0
8.46135,7.43394,0.000103078,-0.967733,-0.251976,0.0
8.58166,6.9719,6.29932,-0.967733,-0.251976,0.0
8.46135,7.43394,6.29932,-0.967733,-0.251976,0.0
8.46135,7.43394,0.000103078,-0.911229,-0.4119,0.0
8.46135,7.43394,6.29932,-0.911229,-0.4119,0.0
8.26469,7.86901,0.000103078,-0.911229,-0.4119,0.0
8.26469,7.86901,0.000103078,-0.911229,-0.4119,0.0
8.46135,7.43394,6.29932,-0.911229,-0.4119,0.0
8.26469,7.86901,6.29932,-0.911229,-0.4119,0.0
8.26469,7.86901,0.000103078,-0.82851,-0.559974,0.0
8.26469,7.86901,6.29932,-0.82851,-0.559974,0.0
7.99733,8.26458,0.000103078,-0.82851,-0.559974,0.0
7.99733,8.26458,0.000103078,-0.82851,-0.559974,0.0
8.26469,7.86901,6.29932,-0.82851,-0.559974,0.0
7.99733,8.26458,6.29932,-0.82851,-0.559974,0.0
7.99733,8.26458,0.000103078,-0.721954,-0.691941,0.0
7.99733,8.26458,6.29932,-0.721954,-0.691941,0.0
7.66696,8.60928,0.000103078,-0.721954,-0.691941,0.0
7.66696,8.60928,0.000103078,-0.721954,-0.691941,0.0
7.99733,8.26458,6.29932,-0.721954,-0.691941,0.0
7.66696,8.60928,6.29932,-0.721954,-0.691941,0.0
7.66696,8.60928,0.000103078,-0.594635,-0.803996,0.0
7.66696,8.60928,6.29932,-0.594635,-0.803996,0.0
7.28309,8.89319,0.000103078,-0.594635,-0.803996,0.0
7.28309,8.89319,0.000103078,-0.594635,-0.803996,0.0
7.66696,8.60928,6.29932,-0.594635,-0.803996,0.0
7.28309,8.89319,6.29932,-0.594635,-0.803996,0.0
7.28309,8.89319,0.000103078,-0.450203,-0.892926,0.0
7.28309,8.89319,6.29932,-0.450203,-0.892926,0.0
6.85677,9.10814,0.000103078,-0.450203,-0.892926,0.0
6.85677,9.10814,0.000103078,-0.450203,-0.892926,0.0
7.28309,8.89319,6.29932,-0.450203,-0.892926,0.0
6.85677,9.10814,6.29932,-0.450203,-0.892926,0.0
6.85677,9.10814,0.000103078,-0.292823,-0.956167,0.0
6.85677,9.10814,6.29932,-0.292823,-0.956167,0.0
6.40024,9.24795,0.000103078,-0.292823,-0.956167,0.0
6.40024,9.24795,0.000103078,-0.292823,-0.956167,0.0
6.85677,9.10814,6.29932,-0.292823,-0.956167,0.0
6.40024,9.24795,6.29932,-0.292823,-0.956167,0.0
6.40024,9.24795,0.000103078,-0.127019,-0.9919,0.0
6.40024,9.24795,6.29932,-0.127019,-0.9919,0.0
5.92666,9.30859,0.000103078,-0.127019,-0.9919,0.0
5.92666,9.30859,0.000103078,-0.127019,-0.9919,0.0
6.40024,9.24795,6.29932,-0.127019,-0.9919,0.0
5.92666,9.30859,6.29932,-0.127019,-0.9919,0.0
5.92666,9.30859,0.000103078,0.0424415,-0.999099,0.0
5.92666,9.30859,6.29932,0.0424415,-0.999099,0.0
5.44964,9.28833,0.000103078,0.0424415,-0.999099,0.0
5.44964,9.28833,0.000103078,0.0424415,-0.999099,0.0
5.92666,9.30859,6.29932,0.0424415,-0.999099,0.0
5.44964,9.28833,6.29932,0.0424415,-0.999099,0.0
5.44964,9.28833,0.000103078,0.210679,-0.977555,0.0
5.44964,9.28833,6.29932,0.210679,-0.977555,0.0
4.98291,9.18774,0.000103078,0.210679,-0.977555,0.0
4.98291,9.18774,0.000103078,0.210679,-0.977555,0.0
5.44964,9.28833,6.29932,0.210679,-0.977555,0.0
4.98291,9.18774,6.29932,0.210679,-0.977555,0.0
4.98291,9.18774,0.000103078,0.372855,-0.92789,0.0
4.98291,9.18774,6.29932,0.372855,-0.92789,0.0
4.53988,9.00972,0.000103078,0.372855,-0.92789,0.0
4.53988,9.00972,0.000103078,0.372855,-0.92789,0.0
4.98291,9.18774,6.29932,0.372855,-0.92789,0.0
4.53988,9.00972,6.29932,0.372855,-0.92789,0.0
4.53988,9.00972,0.000103078,0.524309,-0.851528,0.0
4.53988,9.00972,6.29932,0.524309,-0.851528,0.0
4.13332,8.75939,0.000103078,0.524309,-0.851528,0.0
4.13332,8.75939,0.000103078,0.524309,-0.851528,0.0
4.53988,9.00972,6.29932,0.524309,-0.851528,0.0
4.13332,8.75939,6.29932,0.524309,-0.851528,0.0
4.13332,8.75939,0.000103078,0.660674,-0.750673,0.0
4.13332,8.75939,6.29932,0.660674,-0.750673,0.0
3.77491,8.44395,0.000103078,0.660674,-0.750673,0.0
3.77491,8.44395,0.000103078,0.660674,-0.750673,0.0
4.13332,8.75939,6.29932,0.660674,-0.750673,0.0
3.77491,8.44395,6.29932,0.660674,-0.750673,0.0
3.77491,8.44395,0.000103078,0.778036,-0.62822,0.0
3.77491,8.44395,6.29932,0.778036,-0.62822,0.0
3.47497,8.07247,0.000103078,0.778036,-0.62822,0.0
3.47497,8.07247,0.000103078,0.778036,-0.62822,0.0
3.77491,8.44395,6.29932,0.778036,-0.62822,0.0
3.47497,8.07247,6.29932,0.778036,-0.62822,0.0
3.47497,8.07247,0.000103078,0.873014,-0.487695,0.0
3.47497,8.07247,6.29932,0.873014,-0.487695,0.0
3.24212,7.65565,0.000103078,0.873014,-0.487695,0.0
3.24212,7.65565,0.000103078,0.873014,-0.487695,0.0
3.47497,8.07247,6.29932,0.873014,-0.487695,0.0
3.24212,7.65565,6.29932,0.873014,-0.487695,0.0
3.24212,7.65565,0.000103078,0.942878,-0.333138,0.0
3.24212,7.65565,6.29932,0.942878,-0.333138,0.0
3.08306,7.20547,0.000103078,0.942878,-0.333138,0.0
3.08306,7.20547,0.000103078,0.942878,-0.333138,0.0
3.24212,7.65565,6.29932,0.942878,-0.333138,0.0
3.08306,7.20547,6.29932,0.942878,-0.333138,0.0
3.08306,7.20547,0.000103078,0.985616,-0.169001,0.0
3.08306,7.20547,6.29932,0.985616,-0.169001,0.0
3.00237,6.73489,0.000103078,0.985616,-0.169001,0.0
3.00237,6.73489,0.000103078,0.985616,-0.169001,0.0
3.08306,7.20547,6.29932,0.985616,-0.169001,0.0
3.00237,6.73489,6.29932,0.985616,-0.169001,0.0
3.00237,6.73489,0.000103078,1.0,0.0,0.0
3.00237,6.73489,6.29932,1.0,0.0,0.0
3.00237,6.25744,0.000103078,1.0,0.0,0.0
3.00237,6.25744,0.000103078,1.0,0.0,0.0
3.00237,6.73489,6.29932,1.0,0.0,0.0
3.00237,6.25744,6.29932,1.0,0.0,0.0
3.00237,6.25744,0.000103078,0.985616,0.169001,0.0
3.00237,6.25744,6.29932,0.985616,0.169001,0.0
3.08306,5.78686,0.000103078,0.985616,0.169001,0.0
3.08306,5.78686,0.000103078,0.985616,0.169001,0.0
3.00237,6.25744,6.29932,0.985616,0.169001,0.0
3.08306,5.78686,6.29932,0.985616,0.169001,0.0
3.08306,5.78686,0.000103078,0.942878,0.333138,0.0
3.08306,5.78686,6.29932,0.942878,0.333138,0.0
3.24212,5.33668,0.000103078,0.942878,0.333138,0.0
3.24212,5.33668,0.000103078,0.942878,0.333138,0.0
3.08306,5.78686,6.29932,0.942878,0.333138,0.0
3.24212,5.33668,6.29932,0.942878,0.333138,0.0
3.24212,5.33668,0.000103078,0.873013,0.487696,0.0
3.24212,5.33668,6.29932,0.873013,0.487696,0.0
3.47497,4.91986,0.000103078,0.873013,0.487696,0.0
3.47497,4.91986,0.000103078,0.873013,0.487696,0.0
3.24212,5.33668,6.29932,0.873013,0.487696,0.0
3.47497,4.91986,6.29932,0.873013,0.487696,0.0
3.47497,4.91986,0.000103078,0.778036,0.628219,0.0
3.47497,4.91986,6.29932,0.778036,0.628219,0.0
3.77491,4.54839,0.000103078,0.778036,0.628219,0.0
3.77491,4.54839,0.000103078,0.778036,0.628219,0.0
3.47497,4.91986,6.29932,0.778036,0.628219,0.0
3.77491,4.54839,6.29932,0.778036,0.628219,0.0
3.77491,4.54839,0.000103078,0.660673,0.750674,0.0
3.77491,4.54839,6.29932,0.660673,0.750674,0.0
4.13332,4.23295,0.000103078,0.660673,0.750674,0.0
4.13332,4.23295,0.000103078,0.660673,0.750674,0.0
3.77491,4.54839,6.29932,0.660673,0.750674,0.0
4.13332,4.23295,6.29932,0.660673,0.750674,0.0
4.13332,4.23295,0.000103078,0.524309,0.851528,0.0
4.13332,4.23295,6.29932,0.524309,0.851528,0.0
4.53988,3.98261,0.000103078,0.524309,0.851528,0.0
4.53988,3.98261,0.000103078,0.524309,0.851528,0.0
4.13332,4.23295,6.29932,0.524309,0.851528,0.0
4.53988,3.98261,6.29932,0.524309,0.851528,0.0
4.53988,3.98261,0.000103078,0.372855,0.92789,0.0
4.53988,3.98261,6.29932,0.372855,0.92789,0.0
4.98291,3.80459,0.000103078,0.372855,0.92789,0.0
4.98291,3.80459,0.000103078,0.372855,0.92789,0.0
4.53988,3.98261,6.29932,0.372855,0.92789,0.0
4.98291,3.80459,6.29932,0.372855,0.92789,0.0
4.98291,3.80459,0.000103078,0.210679,0.977555,0.0
4.98291,3.80459,6.29932,0.210679,0.977555,0.0
5.44964,3.70401,0.000103078,0.210679,0.977555,0.0
5.44964,3.70401,0.000103078,0.210679,0.977555,0.0
4.98291,3.80459,6.29932,0.210679,0.977555,0.0
5.44964,3.70401,6.29932,0.210679,0.977555,0.0
5.44964,3.70401,0.000103078,0.0424415,0.999099,0.0
5.44964,3.70401,6.29932,0.0424415,0.999099,0.0
5.92666,3.68374,0.000103078,0.0424415,0.999099,0.0
5.92666,3.68374,0.000103078,0.0424415,0.999099,0.0
5.44964,3.70401,6.29932,0.0424415,0.999099,0.0
5.92666,3.68374,6.29932,0.0424415,0.999099,0.0
5.92666,3.68374,0.000103078,-0.127018,0.9919,0.0
5.92666,3.68374,6.29932,-0.127018,0.9919,0.0
6.40024,3.74439,0.000103078,-0.127018,0.9919,0.0
6.40024,3.74439,0.000103078,-0.127018,0.9919,0.0
5.92666,3.68374,6.29932,-0.127018,0.9919,0.0
6.40024,3.74439,6.29932,-0.127018,0.9919,0.0
6.40024,3.74439,0.000103078,-0.292822,0.956167,0.0
6.40024,3.74439,6.29932,-0.292822,0.956167,0.0
6.85677,3.8842,0.000103078,-0.292822,0.956167,0.0
6.85677,3.8842,0.000103078,-0.292822,0.956167,0.0
6.40024,3.74439,6.29932,-0.292822,0.956167,0.0
6.85677,3.8842,6.29932,-0.292822,0.956167,0.0
6.85677,3.8842,0.000103078,-0.450204,0.892926,0.0
6.85677,3.8842,6.29932,-0.450204,0.892926,0.0
7.28309,4.09914,0.000103078,-0.450204,0.892926,0.0
7.28309,4.09914,0.000103078,-0.450204,0.892926,0.0
6.85677,3.8842,6.29932,-0.450204,0.892926,0.0
7.28309,4.09914,6.29932,-0.450204,0.892926,0.0
7.28309,4.09914,0.000103078,-0.594633,0.803997,0.0
7.28309,4.09914,6.29932,-0.594633,0.803997,0.0
7.66696,4.38305,0.000103078,-0.594633,0.803997,0.0
7.66696,4.38305,0.000103078,-0.594633,0.803997,0.0
7.28309,4.09914,6.29932,-0.594633,0.803997,0.0
7.66696,4.38305,6.29932,-0.594633,0.803997,0.0
7.66696,4.38305,0.000103078,-0.721955,0.69194,0.0
7.66696,4.38305,6.29932,-0.721955,0.69194,0.0
7.99733,4.72775,0.000103078,-0.721955,0.69194,0.0
7.99733,4.72775,0.000103078,-0.721955,0.69194,0.0
7.66696,4.38305,6.29932,-0.721955,0.69194,0.0
7.99733,4.72775,6.29932,-0.721955,0.69194,0.0
7.99733,4.72775,0.000103078,-0.82851,0.559974,0.0
7.99733,4.72775,6.29932,-0.82851,0.559974,0.0
8.26469,5.12332,0.000103078,-0.82851,0.559974,0.0
8.26469,5.12332,0.000103078,-0.82851,0.559974,0.0
7.99733,4.72775,6.29932,-0.82851,0.559974,0.0
8.26469,5.12332,6.29932,-0.82851,0.559974,0.0
8.26469,5.12332,0.000103078,-0.911229,0.4119,0.0
8.26469,5.12332,6.29932,-0.911229,0.4119,0.0
8.46135,5.55839,0.000103078,-0.911229,0.4119,0.0
8.46135,5.55839,0.000103078,-0.911229,0.4119,0.0
8.26469,5.12332,6.29932,-0.911229,0.4119,0.0
8.46135,5.55839,6.29932,-0.911229,0.4119,0.0
8.46135,5.55839,0.000103078,-0.967733,0.251976,0.0
8.46135,5.55839,6.29932,-0.967733,0.251976,0.0
8.58166,6.02044,0.000103078,-0.967733,0.251976,0.0
8.58166,6.02044,0.000103078,-0.967733,0.251976,0.0
8.46135,5.55839,6.29932,-0.967733,0.251976,0.0
8.58166,6.02044,6.29932,-0.967733,0.251976,0.0
8.58166,6.02044,0.000103078,-0.996397,0.0848089,0.0
8.58166,6.02044,6.29932,-0.996397,0.0848089,0.0
8.62215,6.49617,0.000103078,-0.996397,0.0848089,0.0
8.62215,6.49617,0.000103078,-0.996397,0.0848089,0.0
8.58166,6.02044,6.29932,-0.996397,0.0848089,0.0
8.62215,6.49617,6.29932,-0.996397,0.0848089,0.0
8.62215,6.49617,0.000103078,-0.996397,-0.0848088,0.0
8.62215,6.49617,6.29932,-0.996397,-0.0848088,0.0
8.58166,6.9719,0.000103078,-0.996397,-0.0848088,0.0
8.58166,6.9719,0.000103078,-0.996397,-0.0848088,0.0
8.62215,6.49617,6.29932,-0.996397,-0.0848088,0.0
8.58166,6.9719,6.29932,-0.996397,-0.0848088,0.0
10.0368,7.22141,6.29932,-0.967733,-0.251979,0.0
10.0368,7.22141,11.6143,-0.967733,-0.251979,0.0
9.8534,7.92578,6.29932,-0.967733,-0.251979,0.0
9.8534,7.92578,6.29932,-0.967733,-0.251979,0.0
10.0368,7.22141,11.6143,-0.967733,-0.251979,0.0
9.8534,7.92578,11.6143,-0.967733,-0.251979,0.0
9.8534,7.92578,6.29932,-0.911228,-0.411902,0.0
9.8534,7.92578,11.6143,-0.911228,-0.411902,0.0
9.55359,8.58903,6.29932,-0.911228,-0.411902,0.0
9.55359,8.58903,6.29932,-0.911228,-0.411902,0.0
9.8534,7.92578,11.6143,-0.911228,-0.411902,0.0
9.55359,8.58903,11.6143,-0.911228,-0.411902,0.0
9.55359,8.58903,6.29932,-0.82851,-0.559975,0.0
9.55359,8.58903,11.6143,-0.82851,-0.559975,0.0
9.146,9.19207,6.29932,-0.82851,-0.559975,0.0
9.146,9.19207,6.29932,-0.82851,-0.559975,0.0
9.55359,8.58903,11.6143,-0.82851,-0.559975,0.0
9.146,9.19207,11.6143,-0.82851,-0.559975,0.0
9.146,9.19207,6.29932,-0.721956,-0.691939,0.0
9.146,9.19207,11.6143,-0.721956,-0.691939,0.0
8.64237,9.71756,6.29932,-0.721956,-0.691939,0.0
8.64237,9.71756,6.29932,-0.721956,-0.691939,0.0
9.146,9.19207,11.6143,-0.721956,-0.691939,0.0
8.64237,9.71756,11.6143,-0.721956,-0.691939,0.0
8.64237,9.71756,6.29932,-0.594633,-0.803997,0.0
8.64237,9.71756,11.6143,-0.594633,-0.803997,0.0
8.05717,10.1504,6.29932,-0.594633,-0.803997,0.0
8.05717,10.1504,6.29932,-0.594633,-0.803997,0.0
8.64237,9.71756,11.6143,-0.594633,-0.803997,0.0
8.05717,10.1504,11.6143,-0.594633,-0.803997,0.0
8.05717,10.1504,6.29932,-0.450202,-0.892927,0.0
8.05717,10.1504,11.6143,-0.450202,-0.892927,0.0
7.40724,10.4781,6.29932,-0.450202,-0.892927,0.0
7.40724,10.4781,6.29932,-0.450202,-0.892927,0.0
8.05717,10.1504,11.6143,-0.450202,-0.892927,0.0
7.40724,10.4781,11.6143,-0.450202,-0.892927,0.0
7.40724,10.4781,6.29932,-0.292823,-0.956167,0.0
7.40724,10.4781,11.6143,-0.292823,-0.956167,0.0
6.71129,10.6912,6.29932,-0.292823,-0.956167,0.0
6.71129,10.6912,6.29932,-0.292823,-0.956167,0.0
7.40724,10.4781,11.6143,-0.292823,-0.956167,0.0
6.71129,10.6912,11.6143,-0.292823,-0.956167,0.0
6.71129,10.6912,6.29932,-0.127017,-0.9919,0.0
6.71129,10.6912,11.6143,-0.127017,-0.9919,0.0
5.98932,10.7836,6.29932,-0.127017,-0.9919,0.0
5.98932,10.7836,6.29932,-0.127017,-0.9919,0.0
6.71129,10.6912,11.6143,-0.127017,-0.9919,0.0
5.98932,10.7836,11.6143,-0.127017,-0.9919,0.0
5.98932,10.7836,6.29932,0.0424413,-0.999099,0.0
5.98932,10.7836,11.6143,0.0424413,-0.999099,0.0
5.26211,10.7527,6.29932,0.0424413,-0.999099,0.0
5.26211,10.7527,6.29932,0.0424413,-0.999099,0.0
5.98932,10.7836,11.6143,0.0424413,-0.999099,0.0
5.26211,10.7527,11.6143,0.0424413,-0.999099,0.0
5.26211,10.7527,6.29932,0.210679,-0.977555,0.0
5.26211,10.7527,11.6143,0.210679,-0.977555,0.0
4.55059,10.5994,6.29932,0.210679,-0.977555,0.0
4.55059,10.5994,6.29932,0.210679,-0.977555,0.0
5.26211,10.7527,11.6143,0.210679,-0.977555,0.0
4.55059,10.5994,11.6143,0.210679,-0.977555,0.0
4.55059,10.5994,6.29932,0.372857,-0.927889,0.0
4.55059,10.5994,11.6143,0.372857,-0.927889,0.0
3.87521,10.328,6.29932,0.372857,-0.927889,0.0
3.87521,10.328,6.29932,0.372857,-0.927889,0.0
4.55059,10.5994,11.6143,0.372857,-0.927889,0.0
3.87521,10.328,11.6143,0.372857,-0.927889,0.0
3.87521,10.328,6.29932,0.524308,-0.851529,0.0
3.87521,10.328,11.6143,0.524308,-0.851529,0.0
3.25542,9.94639,6.29932,0.524308,-0.851529,0.0
3.25542,9.94639,6.29932,0.524308,-0.851529,0.0
3.87521,10.328,11.6143,0.524308,-0.851529,0.0
3.25542,9.94639,11.6143,0.524308,-0.851529,0.0
3.25542,9.94639,6.29932,0.660674,-0.750673,0.0
3.25542,9.94639,11.6143,0.660674,-0.750673,0.0
2.70903,9.46551,6.29932,0.660674,-0.750673,0.0
2.70903,9.46551,6.29932,0.660674,-0.750673,0.0
3.25542,9.94639,11.6143,0.660674,-0.750673,0.0
2.70903,9.46551,11.6143,0.660674,-0.750673,0.0
2.70903,9.46551,6.29932,0.778036,-0.62822,0.0
2.70903,9.46551,11.6143,0.778036,-0.62822,0.0
2.25177,8.89921,6.29932,0.778036,-0.62822,0.0
2.25177,8.89921,6.29932,0.778036,-0.62822,0.0
2.70903,9.46551,11.6143,0.778036,-0.62822,0.0
2.25177,8.89921,11.6143,0.778036,-0.62822,0.0
2.25177,8.89921,6.29932,0.873014,-0.487696,0.0
2.25177,8.89921,11.6143,0.873014,-0.487696,0.0
1.8968,8.26377,6.29932,0.873014,-0.487696,0.0
1.8968,8.26377,6.29932,0.873014,-0.487696,0.0
2.25177,8.89921,11.6143,0.873014,-0.487696,0.0
1.8968,8.26377,11.6143,0.873014,-0.487696,0.0
1.8968,8.26377,6.29932,0.942878,-0.333139,0.0
1.8968,8.26377,11.6143,0.942878,-0.333139,0.0
1.65432,7.57749,6.29932,0.942878,-0.333139,0.0
1.65432,7.57749,6.29932,0.942878,-0.333139,0.0
1.8968,8.26377,11.6143,0.942878,-0.333139,0.0
1.65432,7.57749,11.6143,0.942878,-0.333139,0.0
1.65432,7.57749,6.29932,0.985616,-0.169001,0.0
1.65432,7.57749,11.6143,0.985616,-0.169001,0.0
1.53131,6.8601,6.29932,0.985616,-0.169001,0.0
1.53131,6.8601,6.29932,0.985616,-0.169001,0.0
1.65432,7.57749,11.6143,0.985616,-0.169001,0.0
1.53131,6.8601,11.6143,0.985616,-0.169001,0.0
1.53131,6.8601,6.29932,1.0,0.0,0.0
1.53131,6.8601,11.6143,1.0,0.0,0.0
1.53131,6.13224,6.29932,1.0,0.0,0.0
1.53131,6.13224,6.29932,1.0,0.0,0.0
1.53131,6.8601,11.6143,1.0,0.0,0.0
1.53131,6.13224,11.6143,1.0,0.0,0.0
1.53131,6.13224,6.29932,0.985616,0.169001,0.0
1.53131,6.13224,11.6143,0.985616,0.169001,0.0
1.65432,5.41484,6.29932,0.985616,0.169001,0.0
1.65432,5.41484,6.29932,0.985616,0.169001,0.0
1.53131,6.13224,11.6143,0.985616,0.169001,0.0
1.65432,5.41484,11.6143,0.985616,0.169001,0.0
1.65432,5.41484,6.29932,0.942878,0.333139,0.0
1.65432,5.41484,11.6143,0.942878,0.333139,0.0
1.8968,4.72856,6.29932,0.942878,0.333139,0.0
1.8968,4.72856,6.29932,0.942878,0.333139,0.0
1.65432,5.41484,11.6143,0.942878,0.333139,0.0
1.8968,4.72856,11.6143,0.942878,0.333139,0.0
1.8968,4.72856,6.29932,0.873014,0.487696,0.0
1.8968,4.72856,11.6143,0.873014,0.487696,0.0
2.25177,4.09312,6.29932,0.873014,0.487696,0.0
2.25177,4.09312,6.29932,0.873014,0.487696,0.0
1.8968,4.72856,11.6143,0.873014,0.487696,0.0
2.25177,4.09312,11.6143,0.873014,0.487696,0.0
2.25177,4.09312,6.29932,0.778036,0.62822,0.0
2.25177,4.09312,11.6143,0.778036,0.62822,0.0
2.70903,3.52682,6.29932,0.778036,0.62822,0.0
2.70903,3.52682,6.29932,0.778036,0.62822,0.0
2.25177,4.09312,11.6143,0.778036,0.62822,0.0
2.70903,3.52682,11.6143,0.778036,0.62822,0.0
2.70903,3.52682,6.29932,0.660674,0.750673,0.0
2.70903,3.52682,11.6143,0.660674,0.750673,0.0
3.25542,3.04594,6.29932,0.660674,0.750673,0.0
3.25542,3.04594,6.29932,0.660674,0.750673,0.0
2.70903,3.52682,11.6143,0.660674,0.750673,0.0
3.25542,3.04594,11.6143,0.660674,0.750673,0.0
3.25542,3.04594,6.29932,0.524307,0.851529,0.0
3.25542,3.04594,11.6143,0.524307,0.851529,0.0
3.87521,2.66432,6.29932,0.524307,0.851529,0.0
3.87521,2.66432,6.29932,0.524307,0.851529,0.0
3.25542,3.04594,11.6143,0.524307,0.851529,0.0
3.87521,2.66432,11.6143,0.524307,0.851529,0.0
3.87521,2.66432,6.29932,0.372857,0.927889,0.0
3.87521,2.66432,11.6143,0.372857,0.927889,0.0
4.55059,2.39293,6.29932,0.372857,0.927889,0.0
4.55059,2.39293,6.29932,0.372857,0.927889,0.0
3.87521,2.66432,11.6143,0.372857,0.927889,0.0
4.55059,2.39293,11.6143,0.372857,0.927889,0.0
4.55059,2.39293,6.29932,0.210679,0.977555,0.0
4.55059,2.39293,11.6143,0.210679,0.977555,0.0
5.26211,2.23959,6.29932,0.210679,0.977555,0.0
5.26211,2.23959,6.29932,0.210679,0.977555,0.0
4.55059,2.39293,11.6143,0.210679,0.977555,0.0
5.26211,2.23959,11.6143,0.210679,0.977555,0.0
5.26211,2.23959,6.29932,0.0424413,0.999099,0.0
5.26211,2.23959,11.6143,0.0424413,0.999099,0.0
5.98932,2.20869,6.29932,0.0424413,0.999099,0.0
5.98932,2.20869,6.29932,0.0424413,0.999099,0.0
5.26211,2.23959,11.6143,0.0424413,0.999099,0.0
5.98932,2.20869,11.6143,0.0424413,0.999099,0.0
5.98932,2.20869,6.29932,-0.127018,0.9919,0.0
5.98932,2.20869,11.6143,-0.127018,0.9919,0.0
6.71129,2.30115,6.29932,-0.127018,0.9919,0.0
6.71129,2.30115,6.29932,-0.127018,0.9919,0.0
5.98932,2.20869,11.6143,-0.127018,0.9919,0.0
6.71129,2.30115,11.6143,-0.127018,0.9919,0.0
6.71129,2.30115,6.29932,-0.292823,0.956167,0.0
6.71129,2.30115,11.6143,-0.292823,0.956167,0.0
7.40724,2.51428,6.29932,-0.292823,0.956167,0.0
7.40724,2.51428,6.29932,-0.292823,0.956167,0.0
6.71129,2.30115,11.6143,-0.292823,0.956167,0.0
7.40724,2.51428,11.6143,-0.292823,0.956167,0.0
7.40724,2.51428,6.29932,-0.450203,0.892926,0.0
7.40724,2.51428,11.6143,-0.450203,0.892926,0.0
8.05717,2.84197,6.29932,-0.450203,0.892926,0.0
8.05717,2.84197,6.29932,-0.450203,0.892926,0.0
7.40724,2.51428,11.6143,-0.450203,0.892926,0.0
8.05717,2.84197,11.6143,-0.450203,0.892926,0.0
8.05717,2.84197,6.29932,-0.594634,0.803997,0.0
8.05717,2.84197,11.6143,-0.594634,0.803997,0.0
8.64237,3.27478,6.29932,-0.594634,0.803997,0.0
8.64237,3.27478,6.29932,-0.594634,0.803997,0.0
8.05717,2.84197,11.6143,-0.594634,0.803997,0.0
8.64237,3.27478,11.6143,-0.594634,0.803997,0.0
8.64237,3.27478,6.29932,-0.721956,0.691939,0.0
8.64237,3.27478,11.6143,-0.721956,0.691939,0.0
9.146,3.80026,6.29932,-0.721956,0.691939,0.0
9.146,3.80026,6.29932,-0.721956,0.691939,0.0
8.64237,3.27478,11.6143,-0.721956,0.691939,0.0
9.146,3.80026,11.6143,-0.721956,0.691939,0.0
9.146,3.80026,6.29932,-0.82851,0.559975,0.0
9.146,3.80026,11.6143,-0.82851,0.559975,0.0
9.55359,4.4033,6.29932,-0.82851,0.559975,0.0
9.55359,4.4033,6.29932,-0.82851,0.559975,0.0
9.146,3.80026,11.6143,-0.82851,0.559975,0.0
9.55359,4.4033,11.6143,-0.82851,0.559975,0.0
9.55359,4.4033,6.29932,-0.911228,0.411902,0.0
9.55359,4.4033,11.6143,-0.911228,0.411902,0.0
9.8534,5.06655,6.29932,-0.911228,0.411902,0.0
9.8534,5.06655,6.29932,-0.911228,0.411902,0.0
9.55359,4.4033,11.6143,-0.911228,0.411902,0.0
9.8534,5.06655,11.6143,-0.911228,0.411902,0.0
9.8534,5.06655,6.29932,-0.967733,0.251979,0.0
9.8534,5.06655,11.6143,-0.967733,0.251979,0.0
10.0368,5.77093,6.29932,-0.967733,0.251979,0.0
10.0368,5.77093,6.29932,-0.967733,0.251979,0.0
9.8534,5.06655,11.6143,-0.967733,0.251979,0.0
10.0368,5.77093,11.6143,-0.967733,0.251979,0.0
10.0368,5.77093,6.29932,-0.996398,0.0848041,0.0
10.0368,5.77093,11.6143,-0.996398,0.0848041,0.0
10.0985,6.49617,6.29932,-0.996398,0.0848041,0.0
10.0985,6.49617,6.29932,-0.996398,0.0848041,0.0
10.0368,5.77093,11.6143,-0.996398,0.0848041,0.0
10.0985,6.49617,11.6143,-0.996398,0.0848041,0.0
10.0985,6.49617,6.29932,-0.996398,-0.084804,0.0
10.0985,6.49617,11.6143,-0.996398,-0.084804,0.0
10.0368,7.22141,6.29932,-0.996398,-0.084804,0.0
10.0368,7.22141,6.29932,-0.996398,-0.084804,0.0
10.0985,6.49617,11.6143,-0.996398,-0.084804,0.0
10.0368,7.22141,11.6143,-0.996398,-0.084804,0.0
25.7848,7.22141,6.29932,-0.967732,-0.25198,0.0
25.7848,7.22141,11.6143,-0.967732,-0.25198,0.0
25.6014,7.92578,6.29932,-0.967732,-0.25198,0.0
25.6014,7.92578,6.29932,-0.967732,-0.25198,0.0
25.7848,7.22141,11.6143,-0.967732,-0.25198,0.0
25.6014,7.92578,11.6143,-0.967732,-0.25198,0.0
25.6014,7.92578,6.29932,-0.911229,-0.411901,0.0
25.6014,7.92578,11.6143,-0.911229,-0.411901,0.0
25.3016,8.58903,6.29932,-0.911229,-0.411901,0.0
25.3016,8.58903,6.29932,-0.911229,-0.411901,0.0
25.6014,7.92578,11.6143,-0.911229,-0.411901,0.0
25.3016,8.58903,11.6143,-0.911229,-0.411901,0.0
25.3016,8.58903,6.29932,-0.82851,-0.559974,0.0
25.3016,8.58903,11.6143,-0.82851,-0.559974,0.0
24.894,9.19207,6.29932,-0.82851,-0.559974,0.0
24.894,9.19207,6.29932,-0.82851,-0.559974,0.0
25.3016,8.58903,11.6143,-0.82851,-0.559974,0.0
24.894,9.19207,11.6143,-0.82851,-0.559974,0.0
24.894,9.19207,6.29932,-0.721956,-0.691939,0.0
24.894,9.19207,11.6143,-0.721956,-0.691939,0.0
24.3904,9.71756,6.29932,-0.721956,-0.691939,0.0
24.3904,9.71756,6.29932,-0.721956,-0.691939,0.0
24.894,9.19207,11.6143,-0.721956,-0.691939,0.0
24.3904,9.71756,11.6143,-0.721956,-0.691939,0.0
24.3904,9.71756,6.29932,-0.594633,-0.803997,0.0
24.3904,9.71756,11.6143,-0.594633,-0.803997,0.0
23.8052,10.1504,6.29932,-0.594633,-0.803997,0.0
23.8052,10.1504,6.29932,-0.594633,-0.803997,0.0
24.3904,9.71756,11.6143,-0.594633,-0.803997,0.0
23.8052,10.1504,11.6143,-0.594633,-0.803997,0.0
23.8052,10.1504,6.29932,-0.450203,-0.892926,0.0
23.8052,10.1504,11.6143,-0.450203,-0.892926,0.0
23.1553,10.4781,6.29932,-0.450203,-0.892926,0.0
23.1553,10.4781,6.29932,-0.450203,-0.892926,0.0
23.8052,10.1504,11.6143,-0.450203,-0.892926,0.0
23.1553,10.4781,11.6143,-0.450203,-0.892926,0.0
23.1553,10.4781,6.29932,-0.292823,-0.956167,0.0
23.1553,10.4781,11.6143,-0.292823,-0.956167,0.0
22.4593,10.6912,6.29932,-0.292823,-0.956167,0.0
22.4593,10.6912,6.29932,-0.292823,-0.956167,0.0
23.1553,10.4781,11.6143,-0.292823,-0.956167,0.0
22.4593,10.6912,11.6143,-0.292823,-0.956167,0.0
22.4593,10.6912,6.29932,-0.127017,-0.9919,0.0
22.4593,10.6912,11.6143,-0.127017,-0.9919,0.0
21.7374,10.7836,6.29932,-0.127017,-0.9919,0.0
21.7374,10.7836,6.29932,-0.127017,-0.9919,0.0
22.4593,10.6912,11.6143,-0.127017,-0.9919,0.0
21.7374,10.7836,11.6143,-0.127017,-0.9919,0.0
21.7374,10.7836,6.29932,0.0424414,-0.999099,0.0
21.7374,10.7836,11.6143,0.0424414,-0.999099,0.0
21.0101,10.7527,6.29932,0.0424414,-0.999099,0.0
21.0101,10.7527,6.29932,0.0424414,-0.999099,0.0
21.7374,10.7836,11.6143,0.0424414,-0.999099,0.0
21.0101,10.7527,11.6143,0.0424414,-0.999099,0.0
21.0101,10.7527,6.29932,0.210678,-0.977555,0.0
21.0101,10.7527,11.6143,0.210678,-0.977555,0.0
20.2986,10.5994,6.29932,0.210678,-0.977555,0.0
20.2986,10.5994,6.29932,0.210678,-0.977555,0.0
21.0101,10.7527,11.6143,0.210678,-0.977555,0.0
20.2986,10.5994,11.6143,0.210678,-0.977555,0.0
20.2986,10.5994,6.29932,0.372857,-0.927889,0.0
20.2986,10.5994,11.6143,0.372857,-0.927889,0.0
19.6232,10.328,6.29932,0.372857,-0.927889,0.0
19.6232,10.328,6.29932,0.372857,-0.927889,0.0
20.2986,10.5994,11.6143,0.372857,-0.927889,0.0
19.6232,10.328,11.6143,0.372857,-0.927889,0.0
19.6232,10.328,6.29932,0.524308,-0.851529,0.0
19.6232,10.328,11.6143,0.524308,-0.851529,0.0
19.0034,9.94639,6.29932,0.524308,-0.851529,0.0
19.0034,9.94639,6.29932,0.524308,-0.851529,0.0
19.6232,10.328,11.6143,0.524308,-0.851529,0.0
19.0034,9.94639,11.6143,0.524308,-0.851529,0.0
19.0034,9.94639,6.29932,0.660674,-0.750673,0.0
19.0034,9.94639,11.6143,0.660674,-0.750673,0.0
18.4571,9.46551,6.29932,0.660674,-0.750673,0.0
18.4571,9.46551,6.29932,0.660674,-0.750673,0.0
19.0034,9.94639,11.6143,0.660674,-0.750673,0.0
18.4571,9.46551,11.6143,0.660674,-0.750673,0.0
18.4571,9.46551,6.29932,0.778036,-0.628219,0.0
18.4571,9.46551,11.6143,0.778036,-0.628219,0.0
17.9998,8.89921,6.29932,0.778036,-0.628219,0.0
17.9998,8.89921,6.29932,0.778036,-0.628219,0.0
18.4571,9.46551,11.6143,0.778036,-0.628219,0.0
17.9998,8.89921,11.6143,0.778036,-0.628219,0.0
17.9998,8.89921,6.29932,0.873014,-0.487695,0.0
17.9998,8.89921,11.6143,0.873014,-0.487695,0.0
17.6448,8.26377,6.29932,0.873014,-0.487695,0.0
17.6448,8.26377,6.29932,0.873014,-0.487695,0.0
17.9998,8.89921,11.6143,0.873014,-0.487695,0.0
17.6448,8.26377,11.6143,0.873014,-0.487695,0.0
17.6448,8.26377,6.29932,0.942878,-0.333139,0.0
17.6448,8.26377,11.6143,0.942878,-0.333139,0.0
17.4024,7.57749,6.29932,0.942878,-0.333139,0.0
17.4024,7.57749,6.29932,0.942878,-0.333139,0.0
17.6448,8.26377,11.6143,0.942878,-0.333139,0.0
17.4024,7.57749,11.6143,0.942878,-0.333139,0.0
17.4024,7.57749,6.29932,0.985616,-0.169,0.0
17.4024,7.57749,11.6143,0.985616,-0.169,0.0
17.2793,6.8601,6.29932,0.985616,-0.169,0.0
17.2793,6.8601,6.29932,0.985616,-0.169,0.0
17.4024,7.57749,11.6143,0.985616,-0.169,0.0
17.2793,6.8601,11.6143,0.985616,-0.169,0.0
17.2793,6.8601,6.29932,1.0,0.0,0.0
17.2793,6.8601,11.6143,1.0,0.0,0.0
17.2793,6.13224,6.29932,1.0,0.0,0.0
17.2793,6.13224,6.29932,1.0,0.0,0.0
17.2793,6.8601,11.6143,1.0,0.0,0.0
17.2793,6.13224,11.6143,1.0,0.0,0.0
17.2793,6.13224,6.29932,0.985616,0.169,0.0
17.2793,6.13224,11.6143,0.985616,0.169,0.0
17.4024,5.41484,6.29932,0.985616,0.169,0.0
17.4024,5.41484,6.29932,0.985616,0.169,0.0
17.2793,6.13224,11.6143,0.985616,0.169,0.0
17.4024,5.41484,11.6143,0.985616,0.169,0.0
17.4024,5.41484,6.29932,0.942878,0.333139,0.0
17.4024,5.41484,11.6143,0.942878,0.333139,0.0
17.6448,4.72856,6.29932,0.942878,0.333139,0.0
17.6448,4.72856,6.29932,0.942878,0.333139,0.0
17.4024,5.41484,11.6143,0.942878,0.333139,0.0
17.6448,4.72856,11.6143,0.942878,0.333139,0.0
17.6448,4.72856,6.29932,0.873014,0.487695,0.0
17.6448,4.72856,11.6143,0.873014,0.487695,0.0
17.9998,4.09312,6.29932,0.873014,0.487695,0.0
17.9998,4.09312,6.29932,0.873014,0.487695,0.0
17.6448,4.72856,11.6143,0.873014,0.487695,0.0
17.9998,4.09312,11.6143,0.873014,0.487695,0.0
17.9998,4.09312,6.29932,0.778036,0.628219,0.0
17.9998,4.09312,11.6143,0.778036,0.628219,0.0
18.4571,3.52682,6.29932,0.778036,0.628219,0.0
18.4571,3.52682,6.29932,0.778036,0.628219,0.0
17.9998,4.09312,11.6143,0.778036,0.628219,0.0
18.4571,3.52682,11.6143,0.778036,0.628219,0.0
18.4571,3.52682,6.29932,0.660674,0.750673,0.0
18.4571,3.52682,11.6143,0.660674,0.750673,0.0
19.0034,3.04594,6.29932,0.660674,0.750673,0.0
19.0034,3.04594,6.29932,0.660674,0.750673,0.0
18.4571,3.52682,11.6143,0.660674,0.750673,0.0
19.0034,3.04594,11.6143,0.660674,0.750673,0.0
19.0034,3.04594,6.29932,0.524307,0.851529,0.0
19.0034,3.04594,11.6143,0.524307,0.851529,0.0
19.6232,2.66432,6.29932,0.524307,0.851529,0.0
19.6232,2.66432,6.29932,0.524307,0.851529,0.0
19.0034,3.04594,11.6143,0.524307,0.851529,0.0
19.6232,2.66432,11.6143,0.524307,0.851529,0.0
19.6232,2.66432,6.29932,0.372857,0.927889,0.0
19.6232,2.66432,11.6143,0.372857,0.927889,0.0
20.2986,2.39293,6.29932,0.372857,0.927889,0.0
20.2986,2.39293,6.29932,0.372857,0.927889,0.0
19.6232,2.66432,11.6143,0.372857,0.927889,0.0
20.2986,2.39293,11.6143,0.372857,0.927889,0.0
20.2986,2.39293,6.29932,0.210679,0.977555,0.0
20.2986,2.39293,11.6143,0.210679,0.977555,0.0
21.0101,2.23959,6.29932,0.210679,0.977555,0.0
21.0101,2.23959,6.29932,0.210679,0.977555,0.0
20.2986,2.39293,11.6143,0.210679,0.977555,0.0
21.0101,2.23959,11.6143,0.210679,0.977555,0.0
21.0101,2.23959,6.29932,0.0424414,0.999099,0.0
21.0101,2.23959,11.6143,0.0424414,0.999099,0.0
21.7374,2.20869,6.29932,0.0424414,0.999099,0.0
21.7374,2.20869,6.29932,0.0424414,0.999099,0.0
21.0101,2.23959,11.6143,0.0424414,0.999099,0.0
21.7374,2.20869,11.6143,0.0424414,0.999099,0.0
21.7374,2.20869,6.29932,-0.127018,0.9919,0.0
21.7374,2.20869,11.6143,-0.127018,0.9919,0.0
22.4593,2.30115,6.29932,-0.127018,0.9919,0.0
22.4593,2.30115,6.29932,-0.127018,0.9919,0.0
21.7374,2.20869,11.6143,-0.127018,0.9919,0.0
22.4593,2.30115,11.6143,-0.127018,0.9919,0.0
22.4593,2.30115,6.29932,-0.292823,0.956167,0.0
22.4593,2.30115,11.6143,-0.292823,0.956167,0.0
23.1553,2.51428,6.29932,-0.292823,0.956167,0.0
23.1553,2.51428,6.29932,-0.292823,0.956167,0.0
22.4593,2.30115,11.6143,-0.292823,0.956167,0.0
23.1553,2.51428,11.6143,-0.292823,0.956167,0.0
23.1553,2.51428,6.29932,-0.450203,0.892926,0.0
23.1553,2.51428,11.6143,-0.450203,0.892926,0.0
23.8052,2.84197,6.29932,-0.450203,0.892926,0.0
23.8052,2.84197,6.29932,-0.450203,0.892926,0.0
23.1553,2.51428,11.6143,-0.450203,0.892926,0.0
23.8052,2.84197,11.6143,-0.450203,0.892926,0.0
23.8052,2.84197,6.29932,-0.594633,0.803997,0.0
23.8052,2.84197,11.6143,-0.594633,0.803997,0.0
24.3904,3.27478,6.29932,-0.594633,0.803997,0.0
24.3904,3.27478,6.29932,-0.594633,0.803997,0.0
23.8052,2.84197,11.6143,-0.594633,0.803997,0.0
24.3904,3.27478,11.6143,-0.594633,0.803997,0.0
24.3904,3.27478,6.29932,-0.721955,0.69194,0.0
24.3904,3.27478,11.6143,-0.721955,0.69194,0.0
24.894,3.80026,6.29932,-0.721955,0.69194,0.0
24.894,3.80026,6.29932,-0.721955,0.69194,0.0
24.3904,3.27478,11.6143,-0.721955,0.69194,0.0
24.894,3.80026,11.6143,-0.721955,0.69194,0.0
24.894,3.80026,6.29932,-0.82851,0.559974,0.0
24.894,3.80026,11.6143,-0.82851,0.559974,0.0
25.3016,4.4033,6.29932,-0.82851,0.559974,0.0
25.3016,4.4033,6.29932,-0.82851,0.559974,0.0
24.894,3.80026,11.6143,-0.82851,0.559974,0.0
25.3016,4.4033,11.6143,-0.82851,0.559974,0.0
25.3016,4.4033,6.29932,-0.911229,0.411901,0.0
25.3016,4.4033,11.6143,-0.911229,0.411901,0.0
25.6014,5.06655,6.29932,-0.911229,0.411901,0.0
25.6014,5.06655,6.29932,-0.911229,0.411901,0.0
25.3016,4.4033,11.6143,-0.911229,0.411901,0.0
25.6014,5.06655,11.6143,-0.911229,0.411901,0.0
25.6014,5.06655,6.29932,-0.967732,0.25198,0.0
25.6014,5.06655,11.6143,-0.967732,0.25198,0.0
25.7848,5.77093,6.29932,-0.967732,0.25198,0.0
25.7848,5.77093,6.29932,-0.967732,0.25198,0.0
25.6014,5.06655,11.6143,-0.967732,0.25198,0.0
25.7848,5.77093,11.6143,-0.967732,0.25198,0.0
25.7848,5.77093,6.29932,-0.996398,0.0848041,0.0
25.7848,5.77093,11.6143,-0.996398,0.0848041,0.0
25.8466,6.49617,6.29932,-0.996398,0.0848041,0.0
25.8466,6.49617,6.29932,-0.996398,0.0848041,0.0
25.7848,5.77093,11.6143,-0.996398,0.0848041,0.0
25.8466,6.49617,11.6143,-0.996398,0.0848041,0.0
25.8466,6.49617,6.29932,-0.996398,-0.084804,0.0
25.8466,6.49617,11.6143,-0.996398,-0.084804,0.0
25.7848,7.22141,6.29932,-0.996398,-0.084804,0.0
25.7848,7.22141,6.29932,-0.996398,-0.084804,0.0
25.8466,6.49617,11.6143,-0.996398,-0.084804,0.0
25.7848,7.22141,11.6143,-0.996398,-0.084804,0.0
0.000102445,9.05522,0.000103078,-0.996917,0.0784588,0.0
0.000102445,9.05522,11.6143,-0.996917,0.0784588,0.0
0.055844,9.76349,0.000103078,-0.996917,0.0784588,0.0
0.055844,9.76349,0.000103078,-0.996917,0.0784588,0.0
0.000102445,9.05522,11.6143,-0.996917,0.0784588,0.0
0.055844,9.76349,11.6143,-0.996917,0.0784588,0.0
0.055844,9.76349,0.000103078,-0.97237,0.233447,0.0
0.055844,9.76349,11.6143,-0.97237,0.233447,0.0
0.221698,10.4543,0.000103078,-0.97237,0.233447,0.0
0.221698,10.4543,0.000103078,-0.97237,0.233447,0.0
0.055844,9.76349,11.6143,-0.97237,0.233447,0.0
0.221698,10.4543,11.6143,-0.97237,0.233447,0.0
0.221698,10.4543,0.000103078,-0.92388,0.382683,0.0
0.221698,10.4543,11.6143,-0.92388,0.382683,0.0
0.493577,11.1107,0.000103078,-0.92388,0.382683,0.0
0.493577,11.1107,0.000103078,-0.92388,0.382683,0.0
0.221698,10.4543,11.6143,-0.92388,0.382683,0.0
0.493577,11.1107,11.6143,-0.92388,0.382683,0.0
0.493577,11.1107,0.000103078,-0.852641,0.522498,0.0
0.493577,11.1107,11.6143,-0.852641,0.522498,0.0
0.864789,11.7165,0.000103078,-0.852641,0.522498,0.0
0.864789,11.7165,0.000103078,-0.852641,0.522498,0.0
0.493577,11.1107,11.6143,-0.852641,0.522498,0.0
0.864789,11.7165,11.6143,-0.852641,0.522498,0.0
0.864789,11.7165,0.000103078,-0.760405,0.649449,0.0
0.864789,11.7165,11.6143,-0.760405,0.649449,0.0
1.32619,12.2567,0.000103078,-0.760405,0.649449,0.0
1.32619,12.2567,0.000103078,-0.760405,0.649449,0.0
0.864789,11.7165,11.6143,-0.760405,0.649449,0.0
1.32619,12.2567,11.6143,-0.760405,0.649449,0.0
1.32619,12.2567,0.000103078,-0.649448,0.760406,0.0
1.32619,12.2567,11.6143,-0.649448,0.760406,0.0
1.86643,12.7181,0.000103078,-0.649448,0.760406,0.0
1.86643,12.7181,0.000103078,-0.649448,0.760406,0.0
1.32619,12.2567,11.6143,-0.649448,0.760406,0.0
1.86643,12.7181,11.6143,-0.649448,0.760406,0.0
1.86643,12.7181,0.000103078,-0.522498,0.852641,0.0
1.86643,12.7181,11.6143,-0.522498,0.852641,0.0
2.47219,13.0893,0.000103078,-0.522498,0.852641,0.0
2.47219,13.0893,0.000103078,-0.522498,0.852641,0.0
1.86643,12.7181,11.6143,-0.522498,0.852641,0.0
2.47219,13.0893,11.6143,-0.522498,0.852641,0.0
2.47219,13.0893,0.000103078,-0.382684,0.923879,0.0
2.47219,13.0893,11.6143,-0.382684,0.923879,0.0
3.12857,13.3612,0.000103078,-0.382684,0.923879,0.0
3.12857,13.3612,0.000103078,-0.382684,0.923879,0.0
2.47219,13.0893,11.6143,-0.382684,0.923879,0.0
3.12857,13.3612,11.6143,-0.382684,0.923879,0.0
3.12857,13.3612,0.000103078,-0.233445,0.97237,0.0
3.12857,13.3612,11.6143,-0.233445,0.97237,0.0
3.81939,13.527,0.000103078,-0.233445,0.97237,0.0
3.81939,13.527,0.000103078,-0.233445,0.97237,0.0
3.12857,13.3612,11.6143,-0.233445,0.97237,0.0
3.81939,13.527,11.6143,-0.233445,0.97237,0.0
3.81939,13.527,0.000103078,-0.0784597,0.996917,0.0
3.81939,13.527,11.6143,-0.0784597,0.996917,0.0
4.52766,13.5828,0.000103078,-0.0784597,0.996917,0.0
4.52766,13.5828,0.000103078,-0.0784597,0.996917,0.0
3.81939,13.527,11.6143,-0.0784597,0.996917,0.0
4.52766,13.5828,11.6143,-0.0784597,0.996917,0.0
9.7442,13.5828,0.000103078,0.0,1.0,0.0
4.52766,13.5828,0.000103078,0.0,1.0,0.0
9.7442,13.5828,9.41349,0.0,1.0,0.0
9.7442,13.5828,9.41349,0.0,1.0,0.0
4.52766,13.5828,0.000103078,0.0,1.0,0.0
4.52766,13.5828,11.6143,0.0,1.0,0.0
9.7442,13.5828,9.41349,0.0,1.0,0.0
4.52766,13.5828,11.6143,0.0,1.0,0.0
17.6182,13.5828,9.41349,0.0,1.0,0.0
17.6182,13.5828,9.41349,0.0,1.0,0.0
4.52766,13.5828,11.6143,0.0,1.0,0.0
22.8347,13.5828,11.6143,0.0,1.0,0.0
17.6182,13.5828,9.41349,0.0,1.0,0.0
22.8347,13.5828,11.6143,0.0,1.0,0.0
17.6182,13.5828,0.000103078,0.0,1.0,0.0
17.6182,13.5828,0.000103078,0.0,1.0,0.0
22.8347,13.5828,11.6143,0.0,1.0,0.0
22.8347,13.5828,0.000103078,0.0,1.0,0.0
22.8347,13.5828,0.000103078,0.0784597,0.996917,0.0
22.8347,13.5828,11.6143,0.0784597,0.996917,0.0
23.543,13.527,0.000103078,0.0784597,0.996917,0.0
23.543,13.527,0.000103078,0.0784597,0.996917,0.0
22.8347,13.5828,11.6143,0.0784597,0.996917,0.0
23.543,13.527,11.6143,0.0784597,0.996917,0.0
23.543,13.527,0.000103078,0.233445,0.97237,0.0
23.543,13.527,11.6143,0.233445,0.97237,0.0
24.2338,13.3612,0.000103078,0.233445,0.97237,0.0
24.2338,13.3612,0.000103078,0.233445,0.97237,0.0
23.543,13.527,11.6143,0.233445,0.97237,0.0
24.2338,13.3612,11.6143,0.233445,0.97237,0.0
24.2338,13.3612,0.000103078,0.382683,0.92388,0.0
24.2338,13.3612,11.6143,0.382683,0.92388,0.0
24.8902,13.0893,0.000103078,0.382683,0.92388,0.0
24.8902,13.0893,0.000103078,0.382683,0.92388,0.0
24.2338,13.3612,11.6143,0.382683,0.92388,0.0
24.8902,13.0893,11.6143,0.382683,0.92388,0.0
24.8902,13.0893,0.000103078,0.5225,0.852639,0.0
24.8902,13.0893,11.6143,0.5225,0.852639,0.0
25.496,12.7181,0.000103078,0.5225,0.852639,0.0
25.496,12.7181,0.000103078,0.5225,0.852639,0.0
24.8902,13.0893,11.6143,0.5225,0.852639,0.0
25.496,12.7181,11.6143,0.5225,0.852639,0.0
25.496,12.7181,0.000103078,0.649447,0.760407,0.0
25.496,12.7181,11.6143,0.649447,0.760407,0.0
26.0362,12.2567,0.000103078,0.649447,0.760407,0.0
26.0362,12.2567,0.000103078,0.649447,0.760407,0.0
25.496,12.7181,11.6143,0.649447,0.760407,0.0
26.0362,12.2567,11.6143,0.649447,0.760407,0.0
26.0362,12.2567,0.000103078,0.760405,0.649449,0.0
26.0362,12.2567,11.6143,0.760405,0.649449,0.0
26.4976,11.7165,0.000103078,0.760405,0.649449,0.0
26.4976,11.7165,0.000103078,0.760405,0.649449,0.0
26.0362,12.2567,11.6143,0.760405,0.649449,0.0
26.4976,11.7165,11.6143,0.760405,0.649449,0.0
26.4976,11.7165,0.000103078,0.852641,0.522498,0.0
26.4976,11.7165,11.6143,0.852641,0.522498,0.0
26.8688,11.1107,0.000103078,0.852641,0.522498,0.0
26.8688,11.1107,0.000103078,0.852641,0.522498,0.0
26.4976,11.7165,11.6143,0.852641,0.522498,0.0
26.8688,11.1107,11.6143,0.852641,0.522498,0.0
26.8688,11.1107,0.000103078,0.92388,0.382683,0.0
26.8688,11.1107,11.6143,0.92388,0.382683,0.0
27.1407,10.4543,0.000103078,0.92388,0.382683,0.0
27.1407,10.4543,0.000103078,0.92388,0.382683,0.0
26.8688,11.1107,11.6143,0.92388,0.382683,0.0
27.1407,10.4543,11.6143,0.92388,0.382683,0.0
27.1407,10.4543,0.000103078,0.97237,0.233446,0.0
27.1407,10.4543,11.6143,0.97237,0.233446,0.0
27.3066,9.76349,0.000103078,0.97237,0.233446,0.0
27.3066,9.76349,0.000103078,0.97237,0.233446,0.0
27.1407,10.4543,11.6143,0.97237,0.233446,0.0
27.3066,9.76349,11.6143,0.97237,0.233446,0.0
27.3066,9.76349,0.000103078,0.996917,0.0784571,0.0
27.3066,9.76349,11.6143,0.996917,0.0784571,0.0
27.3623,9.05522,0.000103078,0.996917,0.0784571,0.0
27.3623,9.05522,0.000103078,0.996917,0.0784571,0.0
27.3066,9.76349,11.6143,0.996917,0.0784571,0.0
27.3623,9.05522,11.6143,0.996917,0.0784571,0.0
0.000102445,9.05522,11.6143,-1.0,0.0,0.0
0.000102445,9.05522,0.000103078,-1.0,0.0,0.0
0.000102445,0.000103078,11.6143,-1.0,0.0,0.0
0.000102445,0.000103078,11.6143,-1.0,0.0,0.0
0.000102445,9.05522,0.000103078,-1.0,0.0,0.0
0.000102445,0.000103078,0.000103078,-1.0,0.0,0.0
23.7454,8.26458,0.000103078,0.0,0.0,-1.0
23.415,8.60928,0.000103078,0.0,0.0,-1.0
26.4976,11.7165,0.000103078,0.0,0.0,-1.0
8.58166,6.02044,0.000103078,0.0,0.0,-1.0
18.7504,6.25744,0.000103078,0.0,0.0,-1.0
18.8311,5.78686,0.000103078,0.0,0.0,-1.0
7.66696,8.60928,0.000103078,0.0,0.0,-1.0
7.28309,8.89319,0.000103078,0.0,0.0,-1.0
9.7442,13.5828,0.000103078,0.0,0.0,-1.0
3.47497,4.91986,0.000103078,0.0,0.0,-1.0
3.77491,4.54839,0.000103078,0.0,0.0,-1.0
0.000102445,0.000103078,0.000103078,0.0,0.0,-1.0
8.62215,6.49617,0.000103078,0.0,0.0,-1.0
8.58166,6.9719,0.000103078,0.0,0.0,-1.0
11.5279,7.53094,0.000103078,0.0,0.0,-1.0
23.0311,4.09914,0.000103078,0.0,0.0,-1.0
23.415,4.38305,0.000103078,0.0,0.0,-1.0
27.3623,0.000103078,0.000103078,0.0,0.0,-1.0
27.3623,0.000103078,0.000103078,0.0,0.0,-1.0
23.415,4.38305,0.000103078,0.0,0.0,-1.0
23.7454,4.72775,0.000103078,0.0,0.0,-1.0
27.3623,0.000103078,0.000103078,0.0,0.0,-1.0
23.7454,4.72775,0.000103078,0.0,0.0,-1.0
24.0127,5.12332,0.000103078,0.0,0.0,-1.0
24.3702,6.49617,0.000103078,0.0,0.0,-1.0
27.3623,9.05522,0.000103078,0.0,0.0,-1.0
24.3297,6.02044,0.000103078,0.0,0.0,-1.0
24.3297,6.02044,0.000103078,0.0,0.0,-1.0
27.3623,9.05522,0.000103078,0.0,0.0,-1.0
27.3623,0.000103078,0.000103078,0.0,0.0,-1.0
24.3297,6.02044,0.000103078,0.0,0.0,-1.0
27.3623,0.000103078,0.000103078,0.0,0.0,-1.0
24.2094,5.55839,0.000103078,0.0,0.0,-1.0
24.2094,5.55839,0.000103078,0.0,0.0,-1.0
27.3623,0.000103078,0.000103078,0.0,0.0,-1.0
24.0127,5.12332,0.000103078,0.0,0.0,-1.0
26.4976,11.7165,0.000103078,0.0,0.0,-1.0
23.415,8.60928,0.000103078,0.0,0.0,-1.0
26.0362,12.2567,0.000103078,0.0,0.0,-1.0
26.0362,12.2567,0.000103078,0.0,0.0,-1.0
23.415,8.60928,0.000103078,0.0,0.0,-1.0
23.0311,8.89319,0.000103078,0.0,0.0,-1.0
26.0362,12.2567,0.000103078,0.0,0.0,-1.0
23.0311,8.89319,0.000103078,0.0,0.0,-1.0
25.496,12.7181,0.000103078,0.0,0.0,-1.0
3.47497,4.91986,0.000103078,0.0,0.0,-1.0
0.000102445,0.000103078,0.000103078,0.0,0.0,-1.0
3.24212,5.33668,0.000103078,0.0,0.0,-1.0
18.8311,5.78686,0.000103078,0.0,0.0,-1.0
18.9901,5.33668,0.000103078,0.0,0.0,-1.0
8.58166,6.02044,0.000103078,0.0,0.0,-1.0
8.58166,6.02044,0.000103078,0.0,0.0,-1.0
18.9901,5.33668,0.000103078,0.0,0.0,-1.0
19.223,4.91986,0.000103078,0.0,0.0,-1.0
8.58166,6.02044,0.000103078,0.0,0.0,-1.0
19.223,4.91986,0.000103078,0.0,0.0,-1.0
19.5229,4.54839,0.000103078,0.0,0.0,-1.0
1.86643,12.7181,0.000103078,0.0,0.0,-1.0
4.53988,9.00972,0.000103078,0.0,0.0,-1.0
4.13332,8.75939,0.000103078,0.0,0.0,-1.0
3.47497,8.07247,0.000103078,0.0,0.0,-1.0
0.493577,11.1107,0.000103078,0.0,0.0,-1.0
3.77491,8.44395,0.000103078,0.0,0.0,-1.0
3.77491,8.44395,0.000103078,0.0,0.0,-1.0
0.493577,11.1107,0.000103078,0.0,0.0,-1.0
0.864789,11.7165,0.000103078,0.0,0.0,-1.0
3.77491,8.44395,0.000103078,0.0,0.0,-1.0
0.864789,11.7165,0.000103078,0.0,0.0,-1.0
4.13332,8.75939,0.000103078,0.0,0.0,-1.0
4.13332,8.75939,0.000103078,0.0,0.0,-1.0
0.864789,11.7165,0.000103078,0.0,0.0,-1.0
1.32619,12.2567,0.000103078,0.0,0.0,-1.0
4.13332,8.75939,0.000103078,0.0,0.0,-1.0
1.32619,12.2567,0.000103078,0.0,0.0,-1.0
1.86643,12.7181,0.000103078,0.0,0.0,-1.0
17.6182,13.5828,0.000103078,0.0,0.0,-1.0
20.2879,9.00972,0.000103078,0.0,0.0,-1.0
17.6182,10.8269,0.000103078,0.0,0.0,-1.0
17.6182,10.8269,0.000103078,0.0,0.0,-1.0
20.2879,9.00972,0.000103078,0.0,0.0,-1.0
19.8814,8.75939,0.000103078,0.0,0.0,-1.0
17.6182,10.8269,0.000103078,0.0,0.0,-1.0
19.8814,8.75939,0.000103078,0.0,0.0,-1.0
17.5645,10.1789,0.000103078,0.0,0.0,-1.0
17.5645,10.1789,0.000103078,0.0,0.0,-1.0
19.8814,8.75939,0.000103078,0.0,0.0,-1.0
19.5229,8.44395,0.000103078,0.0,0.0,-1.0
17.5645,10.1789,0.000103078,0.0,0.0,-1.0
19.5229,8.44395,0.000103078,0.0,0.0,-1.0
17.4049,9.54853,0.000103078,0.0,0.0,-1.0
17.4049,9.54853,0.000103078,0.0,0.0,-1.0
19.5229,8.44395,0.000103078,0.0,0.0,-1.0
19.223,8.07247,0.000103078,0.0,0.0,-1.0
6.85677,3.8842,0.000103078,0.0,0.0,-1.0
7.28309,4.09914,0.000103078,0.0,0.0,-1.0
19.5229,4.54839,0.000103078,0.0,0.0,-1.0
19.5229,4.54839,0.000103078,0.0,0.0,-1.0
7.28309,4.09914,0.000103078,0.0,0.0,-1.0
7.66696,4.38305,0.000103078,0.0,0.0,-1.0
19.5229,4.54839,0.000103078,0.0,0.0,-1.0
7.66696,4.38305,0.000103078,0.0,0.0,-1.0
7.99733,4.72775,0.000103078,0.0,0.0,-1.0
11.5279,7.53094,0.000103078,0.0,0.0,-1.0
12.0997,7.22147,0.000103078,0.0,0.0,-1.0
8.62215,6.49617,0.000103078,0.0,0.0,-1.0
8.62215,6.49617,0.000103078,0.0,0.0,-1.0
12.0997,7.22147,0.000103078,0.0,0.0,-1.0
12.7147,7.01034,0.000103078,0.0,0.0,-1.0
8.62215,6.49617,0.000103078,0.0,0.0,-1.0
12.7147,7.01034,0.000103078,0.0,0.0,-1.0
13.3561,6.90331,0.000103078,0.0,0.0,-1.0
3.08306,7.20547,0.000103078,0.0,0.0,-1.0
0.000102445,9.05522,0.000103078,0.0,0.0,-1.0
3.24212,7.65565,0.000103078,0.0,0.0,-1.0
3.24212,7.65565,0.000103078,0.0,0.0,-1.0
0.000102445,9.05522,0.000103078,0.0,0.0,-1.0
0.055844,9.76349,0.000103078,0.0,0.0,-1.0
3.24212,7.65565,0.000103078,0.0,0.0,-1.0
0.055844,9.76349,0.000103078,0.0,0.0,-1.0
3.47497,8.07247,0.000103078,0.0,0.0,-1.0
3.47497,8.07247,0.000103078,0.0,0.0,-1.0
0.055844,9.76349,0.000103078,0.0,0.0,-1.0
0.221698,10.4543,0.000103078,0.0,0.0,-1.0
3.47497,8.07247,0.000103078,0.0,0.0,-1.0
0.221698,10.4543,0.000103078,0.0,0.0,-1.0
0.493577,11.1107,0.000103078,0.0,0.0,-1.0
21.6747,3.68374,0.000103078,0.0,0.0,-1.0
22.1483,3.74439,0.000103078,0.0,0.0,-1.0
27.3623,0.000103078,0.000103078,0.0,0.0,-1.0
27.3623,0.000103078,0.000103078,0.0,0.0,-1.0
22.1483,3.74439,0.000103078,0.0,0.0,-1.0
22.6048,3.8842,0.000103078,0.0,0.0,-1.0
27.3623,0.000103078,0.000103078,0.0,0.0,-1.0
22.6048,3.8842,0.000103078,0.0,0.0,-1.0
23.0311,4.09914,0.000103078,0.0,0.0,-1.0
24.3702,6.49617,0.000103078,0.0,0.0,-1.0
24.3297,6.9719,0.000103078,0.0,0.0,-1.0
27.3623,9.05522,0.000103078,0.0,0.0,-1.0
27.3623,9.05522,0.000103078,0.0,0.0,-1.0
24.3297,6.9719,0.000103078,0.0,0.0,-1.0
24.2094,7.43394,0.000103078,0.0,0.0,-1.0
27.3623,9.05522,0.000103078,0.0,0.0,-1.0
24.2094,7.43394,0.000103078,0.0,0.0,-1.0
27.3066,9.76349,0.000103078,0.0,0.0,-1.0
27.3066,9.76349,0.000103078,0.0,0.0,-1.0
24.2094,7.43394,0.000103078,0.0,0.0,-1.0
24.0127,7.86901,0.000103078,0.0,0.0,-1.0
27.3066,9.76349,0.000103078,0.0,0.0,-1.0
24.0127,7.86901,0.000103078,0.0,0.0,-1.0
27.1407,10.4543,0.000103078,0.0,0.0,-1.0
27.1407,10.4543,0.000103078,0.0,0.0,-1.0
24.0127,7.86901,0.000103078,0.0,0.0,-1.0
23.7454,8.26458,0.000103078,0.0,0.0,-1.0
27.1407,10.4543,0.000103078,0.0,0.0,-1.0
23.7454,8.26458,0.000103078,0.0,0.0,-1.0
26.8688,11.1107,0.000103078,0.0,0.0,-1.0
26.8688,11.1107,0.000103078,0.0,0.0,-1.0
23.7454,8.26458,0.000103078,0.0,0.0,-1.0
26.4976,11.7165,0.000103078,0.0,0.0,-1.0
22.8347,13.5828,0.000103078,0.0,0.0,-1.0
21.1977,9.28833,0.000103078,0.0,0.0,-1.0
17.6182,13.5828,0.000103078,0.0,0.0,-1.0
17.6182,13.5828,0.000103078,0.0,0.0,-1.0
21.1977,9.28833,0.000103078,0.0,0.0,-1.0
20.7309,9.18774,0.000103078,0.0,0.0,-1.0
17.6182,13.5828,0.000103078,0.0,0.0,-1.0
20.7309,9.18774,0.000103078,0.0,0.0,-1.0
20.2879,9.00972,0.000103078,0.0,0.0,-1.0
3.08306,7.20547,0.000103078,0.0,0.0,-1.0
3.00237,6.73489,0.000103078,0.0,0.0,-1.0
0.000102445,9.05522,0.000103078,0.0,0.0,-1.0
0.000102445,9.05522,0.000103078,0.0,0.0,-1.0
3.00237,6.73489,0.000103078,0.0,0.0,-1.0
3.00237,6.25744,0.000103078,0.0,0.0,-1.0
0.000102445,9.05522,0.000103078,0.0,0.0,-1.0
3.00237,6.25744,0.000103078,0.0,0.0,-1.0
0.000102445,0.000103078,0.000103078,0.0,0.0,-1.0
0.000102445,0.000103078,0.000103078,0.0,0.0,-1.0
3.00237,6.25744,0.000103078,0.0,0.0,-1.0
3.08306,5.78686,0.000103078,0.0,0.0,-1.0
0.000102445,0.000103078,0.000103078,0.0,0.0,-1.0
3.08306,5.78686,0.000103078,0.0,0.0,-1.0
3.24212,5.33668,0.000103078,0.0,0.0,-1.0
7.99733,4.72775,0.000103078,0.0,0.0,-1.0
8.26469,5.12332,0.000103078,0.0,0.0,-1.0
19.5229,4.54839,0.000103078,0.0,0.0,-1.0
19.5229,4.54839,0.000103078,0.0,0.0,-1.0
8.26469,5.12332,0.000103078,0.0,0.0,-1.0
8.46135,5.55839,0.000103078,0.0,0.0,-1.0
19.5229,4.54839,0.000103078,0.0,0.0,-1.0
8.46135,5.55839,0.000103078,0.0,0.0,-1.0
8.58166,6.02044,0.000103078,0.0,0.0,-1.0
9.7442,13.5828,0.000103078,0.0,0.0,-1.0
9.7442,10.8269,0.000103078,0.0,0.0,-1.0
7.66696,8.60928,0.000103078,0.0,0.0,-1.0
7.66696,8.60928,0.000103078,0.0,0.0,-1.0
9.7442,10.8269,0.000103078,0.0,0.0,-1.0
9.79789,10.1789,0.000103078,0.0,0.0,-1.0
7.66696,8.60928,0.000103078,0.0,0.0,-1.0
9.79789,10.1789,0.000103078,0.0,0.0,-1.0
7.99733,8.26458,0.000103078,0.0,0.0,-1.0
7.99733,8.26458,0.000103078,0.0,0.0,-1.0
9.79789,10.1789,0.000103078,0.0,0.0,-1.0
9.95751,9.54853,0.000103078,0.0,0.0,-1.0
7.99733,8.26458,0.000103078,0.0,0.0,-1.0
9.95751,9.54853,0.000103078,0.0,0.0,-1.0
8.26469,7.86901,0.000103078,0.0,0.0,-1.0
8.26469,7.86901,0.000103078,0.0,0.0,-1.0
9.95751,9.54853,0.000103078,0.0,0.0,-1.0
10.2187,8.95307,0.000103078,0.0,0.0,-1.0
8.26469,7.86901,0.000103078,0.0,0.0,-1.0
10.2187,8.95307,0.000103078,0.0,0.0,-1.0
8.46135,7.43394,0.000103078,0.0,0.0,-1.0
8.46135,7.43394,0.000103078,0.0,0.0,-1.0
10.2187,8.95307,0.000103078,0.0,0.0,-1.0
10.5744,8.40872,0.000103078,0.0,0.0,-1.0
8.46135,7.43394,0.000103078,0.0,0.0,-1.0
10.5744,8.40872,0.000103078,0.0,0.0,-1.0
8.58166,6.9719,0.000103078,0.0,0.0,-1.0
8.58166,6.9719,0.000103078,0.0,0.0,-1.0
10.5744,8.40872,0.000103078,0.0,0.0,-1.0
11.0147,7.93032,0.000103078,0.0,0.0,-1.0
8.58166,6.9719,0.000103078,0.0,0.0,-1.0
11.0147,7.93032,0.000103078,0.0,0.0,-1.0
11.5279,7.53094,0.000103078,0.0,0.0,-1.0
7.28309,8.89319,0.000103078,0.0,0.0,-1.0
6.85677,9.10814,0.000103078,0.0,0.0,-1.0
9.7442,13.5828,0.000103078,0.0,0.0,-1.0
9.7442,13.5828,0.000103078,0.0,0.0,-1.0
6.85677,9.10814,0.000103078,0.0,0.0,-1.0
6.40024,9.24795,0.000103078,0.0,0.0,-1.0
9.7442,13.5828,0.000103078,0.0,0.0,-1.0
6.40024,9.24795,0.000103078,0.0,0.0,-1.0
4.52766,13.5828,0.000103078,0.0,0.0,-1.0
19.8814,4.23295,0.000103078,0.0,0.0,-1.0
20.2879,3.98261,0.000103078,0.0,0.0,-1.0
0.000102445,0.000103078,0.000103078,0.0,0.0,-1.0
0.000102445,0.000103078,0.000103078,0.0,0.0,-1.0
20.2879,3.98261,0.000103078,0.0,0.0,-1.0
20.7309,3.80459,0.000103078,0.0,0.0,-1.0
0.000102445,0.000103078,0.000103078,0.0,0.0,-1.0
20.7309,3.80459,0.000103078,0.0,0.0,-1.0
27.3623,0.000103078,0.000103078,0.0,0.0,-1.0
27.3623,0.000103078,0.000103078,0.0,0.0,-1.0
20.7309,3.80459,0.000103078,0.0,0.0,-1.0
21.1977,3.70401,0.000103078,0.0,0.0,-1.0
27.3623,0.000103078,0.000103078,0.0,0.0,-1.0
21.1977,3.70401,0.000103078,0.0,0.0,-1.0
21.6747,3.68374,0.000103078,0.0,0.0,-1.0
25.496,12.7181,0.000103078,0.0,0.0,-1.0
23.0311,8.89319,0.000103078,0.0,0.0,-1.0
24.8902,13.0893,0.000103078,0.0,0.0,-1.0
24.8902,13.0893,0.000103078,0.0,0.0,-1.0
23.0311,8.89319,0.000103078,0.0,0.0,-1.0
22.6048,9.10814,0.000103078,0.0,0.0,-1.0
24.8902,13.0893,0.000103078,0.0,0.0,-1.0
22.6048,9.10814,0.000103078,0.0,0.0,-1.0
24.2338,13.3612,0.000103078,0.0,0.0,-1.0
24.2338,13.3612,0.000103078,0.0,0.0,-1.0
22.6048,9.10814,0.000103078,0.0,0.0,-1.0
23.543,13.527,0.000103078,0.0,0.0,-1.0
23.543,13.527,0.000103078,0.0,0.0,-1.0
22.6048,9.10814,0.000103078,0.0,0.0,-1.0
22.1483,9.24795,0.000103078,0.0,0.0,-1.0
23.543,13.527,0.000103078,0.0,0.0,-1.0
22.1483,9.24795,0.000103078,0.0,0.0,-1.0
22.8347,13.5828,0.000103078,0.0,0.0,-1.0
22.8347,13.5828,0.000103078,0.0,0.0,-1.0
22.1483,9.24795,0.000103078,0.0,0.0,-1.0
21.6747,9.30859,0.000103078,0.0,0.0,-1.0
22.8347,13.5828,0.000103078,0.0,0.0,-1.0
21.6747,9.30859,0.000103078,0.0,0.0,-1.0
21.1977,9.28833,0.000103078,0.0,0.0,-1.0
3.77491,4.54839,0.000103078,0.0,0.0,-1.0
4.13332,4.23295,0.000103078,0.0,0.0,-1.0
0.000102445,0.000103078,0.000103078,0.0,0.0,-1.0
0.000102445,0.000103078,0.000103078,0.0,0.0,-1.0
4.13332,4.23295,0.000103078,0.0,0.0,-1.0
4.53988,3.98261,0.000103078,0.0,0.0,-1.0
0.000102445,0.000103078,0.000103078,0.0,0.0,-1.0
4.53988,3.98261,0.000103078,0.0,0.0,-1.0
4.98291,3.80459,0.000103078,0.0,0.0,-1.0
19.8814,4.23295,0.000103078,0.0,0.0,-1.0
0.000102445,0.000103078,0.000103078,0.0,0.0,-1.0
19.5229,4.54839,0.000103078,0.0,0.0,-1.0
19.5229,4.54839,0.000103078,0.0,0.0,-1.0
0.000102445,0.000103078,0.000103078,0.0,0.0,-1.0
6.40024,3.74439,0.000103078,0.0,0.0,-1.0
19.5229,4.54839,0.000103078,0.0,0.0,-1.0
6.40024,3.74439,0.000103078,0.0,0.0,-1.0
6.85677,3.8842,0.000103078,0.0,0.0,-1.0
6.40024,9.24795,0.000103078,0.0,0.0,-1.0
5.92666,9.30859,0.000103078,0.0,0.0,-1.0
4.52766,13.5828,0.000103078,0.0,0.0,-1.0
4.52766,13.5828,0.000103078,0.0,0.0,-1.0
5.92666,9.30859,0.000103078,0.0,0.0,-1.0
5.44964,9.28833,0.000103078,0.0,0.0,-1.0
4.52766,13.5828,0.000103078,0.0,0.0,-1.0
5.44964,9.28833,0.000103078,0.0,0.0,-1.0
3.81939,13.527,0.000103078,0.0,0.0,-1.0
3.81939,13.527,0.000103078,0.0,0.0,-1.0
5.44964,9.28833,0.000103078,0.0,0.0,-1.0
4.98291,9.18774,0.000103078,0.0,0.0,-1.0
3.81939,13.527,0.000103078,0.0,0.0,-1.0
4.98291,9.18774,0.000103078,0.0,0.0,-1.0
3.12857,13.3612,0.000103078,0.0,0.0,-1.0
3.12857,13.3612,0.000103078,0.0,0.0,-1.0
4.98291,9.18774,0.000103078,0.0,0.0,-1.0
4.53988,9.00972,0.000103078,0.0,0.0,-1.0
3.12857,13.3612,0.000103078,0.0,0.0,-1.0
4.53988,9.00972,0.000103078,0.0,0.0,-1.0
2.47219,13.0893,0.000103078,0.0,0.0,-1.0
2.47219,13.0893,0.000103078,0.0,0.0,-1.0
4.53988,9.00972,0.000103078,0.0,0.0,-1.0
1.86643,12.7181,0.000103078,0.0,0.0,-1.0
8.58166,6.02044,0.000103078,0.0,0.0,-1.0
8.62215,6.49617,0.000103078,0.0,0.0,-1.0
18.7504,6.25744,0.000103078,0.0,0.0,-1.0
18.7504,6.25744,0.000103078,0.0,0.0,-1.0
8.62215,6.49617,0.000103078,0.0,0.0,-1.0
13.3561,6.90331,0.000103078,0.0,0.0,-1.0
18.7504,6.25744,0.000103078,0.0,0.0,-1.0
13.3561,6.90331,0.000103078,0.0,0.0,-1.0
18.7504,6.73489,0.000103078,0.0,0.0,-1.0
18.7504,6.73489,0.000103078,0.0,0.0,-1.0
13.3561,6.90331,0.000103078,0.0,0.0,-1.0
14.0063,6.90331,0.000103078,0.0,0.0,-1.0
18.7504,6.73489,0.000103078,0.0,0.0,-1.0
14.0063,6.90331,0.000103078,0.0,0.0,-1.0
14.6477,7.01034,0.000103078,0.0,0.0,-1.0
4.98291,3.80459,0.000103078,0.0,0.0,-1.0
5.44964,3.70401,0.000103078,0.0,0.0,-1.0
0.000102445,0.000103078,0.000103078,0.0,0.0,-1.0
0.000102445,0.000103078,0.000103078,0.0,0.0,-1.0
5.44964,3.70401,0.000103078,0.0,0.0,-1.0
5.92666,3.68374,0.000103078,0.0,0.0,-1.0
0.000102445,0.000103078,0.000103078,0.0,0.0,-1.0
5.92666,3.68374,0.000103078,0.0,0.0,-1.0
6.40024,3.74439,0.000103078,0.0,0.0,-1.0
14.6477,7.01034,0.000103078,0.0,0.0,-1.0
15.2627,7.22147,0.000103078,0.0,0.0,-1.0
18.7504,6.73489,0.000103078,0.0,0.0,-1.0
18.7504,6.73489,0.000103078,0.0,0.0,-1.0
15.2627,7.22147,0.000103078,0.0,0.0,-1.0
15.8345,7.53094,0.000103078,0.0,0.0,-1.0
18.7504,6.73489,0.000103078,0.0,0.0,-1.0
15.8345,7.53094,0.000103078,0.0,0.0,-1.0
18.8311,7.20547,0.000103078,0.0,0.0,-1.0
18.8311,7.20547,0.000103078,0.0,0.0,-1.0
15.8345,7.53094,0.000103078,0.0,0.0,-1.0
16.3477,7.93032,0.000103078,0.0,0.0,-1.0
18.8311,7.20547,0.000103078,0.0,0.0,-1.0
16.3477,7.93032,0.000103078,0.0,0.0,-1.0
18.9901,7.65565,0.000103078,0.0,0.0,-1.0
18.9901,7.65565,0.000103078,0.0,0.0,-1.0
16.3477,7.93032,0.000103078,0.0,0.0,-1.0
16.7881,8.40872,0.000103078,0.0,0.0,-1.0
18.9901,7.65565,0.000103078,0.0,0.0,-1.0
16.7881,8.40872,0.000103078,0.0,0.0,-1.0
19.223,8.07247,0.000103078,0.0,0.0,-1.0
19.223,8.07247,0.000103078,0.0,0.0,-1.0
16.7881,8.40872,0.000103078,0.0,0.0,-1.0
17.1437,8.95307,0.000103078,0.0,0.0,-1.0
19.223,8.07247,0.000103078,0.0,0.0,-1.0
17.1437,8.95307,0.000103078,0.0,0.0,-1.0
17.4049,9.54853,0.000103078,0.0,0.0,-1.0
27.3623,0.000103078,11.6143,1.0,0.0,0.0
27.3623,0.000103078,0.000103078,1.0,0.0,0.0
27.3623,9.05522,11.6143,1.0,0.0,0.0
27.3623,9.05522,11.6143,1.0,0.0,0.0
27.3623,0.000103078,0.000103078,1.0,0.0,0.0
27.3623,9.05522,0.000103078,1.0,0.0,0.0
17.4024,7.57749,11.6143,0.0,0.0,1.0
17.6448,8.26377,11.6143,0.0,0.0,1.0
10.0368,7.22141,11.6143,0.0,0.0,1.0
25.6014,5.06655,11.6143,0.0,0.0,1.0
25.3016,4.4033,11.6143,0.0,0.0,1.0
27.3623,0.000103078,11.6143,0.0,0.0,1.0
27.3623,0.000103078,11.6143,0.0,0.0,1.0
25.3016,4.4033,11.6143,0.0,0.0,1.0
24.894,3.80026,11.6143,0.0,0.0,1.0
27.3623,0.000103078,11.6143,0.0,0.0,1.0
24.894,3.80026,11.6143,0.0,0.0,1.0
24.3904,3.27478,11.6143,0.0,0.0,1.0
5.26211,2.23959,11.6143,0.0,0.0,1.0
4.55059,2.39293,11.6143,0.0,0.0,1.0
0.000102445,0.000103078,11.6143,0.0,0.0,1.0
0.000102445,0.000103078,11.6143,0.0,0.0,1.0
4.55059,2.39293,11.6143,0.0,0.0,1.0
3.87521,2.66432,11.6143,0.0,0.0,1.0
24.3904,3.27478,11.6143,0.0,0.0,1.0
23.8052,2.84197,11.6143,0.0,0.0,1.0
27.3623,0.000103078,11.6143,0.0,0.0,1.0
27.3623,0.000103078,11.6143,0.0,0.0,1.0
23.8052,2.84197,11.6143,0.0,0.0,1.0
23.1553,2.51428,11.6143,0.0,0.0,1.0
27.3623,0.000103078,11.6143,0.0,0.0,1.0
23.1553,2.51428,11.6143,0.0,0.0,1.0
22.4593,2.30115,11.6143,0.0,0.0,1.0
9.55359,4.4033,11.6143,0.0,0.0,1.0
9.146,3.80026,11.6143,0.0,0.0,1.0
27.3623,0.000103078,11.6143,0.0,0.0,1.0
27.3623,0.000103078,11.6143,0.0,0.0,1.0
9.146,3.80026,11.6143,0.0,0.0,1.0
8.64237,3.27478,11.6143,0.0,0.0,1.0
27.3623,0.000103078,11.6143,0.0,0.0,1.0
8.64237,3.27478,11.6143,0.0,0.0,1.0
8.05717,2.84197,11.6143,0.0,0.0,1.0
3.87521,2.66432,11.6143,0.0,0.0,1.0
3.25542,3.04594,11.6143,0.0,0.0,1.0
0.000102445,0.000103078,11.6143,0.0,0.0,1.0
0.000102445,0.000103078,11.6143,0.0,0.0,1.0
3.25542,3.04594,11.6143,0.0,0.0,1.0
2.70903,3.52682,11.6143,0.0,0.0,1.0
0.000102445,0.000103078,11.6143,0.0,0.0,1.0
2.70903,3.52682,11.6143,0.0,0.0,1.0
2.25177,4.09312,11.6143,0.0,0.0,1.0
8.05717,2.84197,11.6143,0.0,0.0,1.0
7.40724,2.51428,11.6143,0.0,0.0,1.0
27.3623,0.000103078,11.6143,0.0,0.0,1.0
27.3623,0.000103078,11.6143,0.0,0.0,1.0
7.40724,2.51428,11.6143,0.0,0.0,1.0
6.71129,2.30115,11.6143,0.0,0.0,1.0
27.3623,0.000103078,11.6143,0.0,0.0,1.0
6.71129,2.30115,11.6143,0.0,0.0,1.0
0.000102445,0.000103078,11.6143,0.0,0.0,1.0
0.000102445,0.000103078,11.6143,0.0,0.0,1.0
6.71129,2.30115,11.6143,0.0,0.0,1.0
5.98932,2.20869,11.6143,0.0,0.0,1.0
0.000102445,0.000103078,11.6143,0.0,0.0,1.0
5.98932,2.20869,11.6143,0.0,0.0,1.0
5.26211,2.23959,11.6143,0.0,0.0,1.0
3.81939,13.527,11.6143,0.0,0.0,1.0
3.12857,13.3612,11.6143,0.0,0.0,1.0
4.55059,10.5994,11.6143,0.0,0.0,1.0
4.55059,10.5994,11.6143,0.0,0.0,1.0
3.12857,13.3612,11.6143,0.0,0.0,1.0
3.87521,10.328,11.6143,0.0,0.0,1.0
5.98932,10.7836,11.6143,0.0,0.0,1.0
6.71129,10.6912,11.6143,0.0,0.0,1.0
4.52766,13.5828,11.6143,0.0,0.0,1.0
22.8347,13.5828,11.6143,0.0,0.0,1.0
8.05717,10.1504,11.6143,0.0,0.0,1.0
8.64237,9.71756,11.6143,0.0,0.0,1.0
10.0368,7.22141,11.6143,0.0,0.0,1.0
17.6448,8.26377,11.6143,0.0,0.0,1.0
9.8534,7.92578,11.6143,0.0,0.0,1.0
9.8534,7.92578,11.6143,0.0,0.0,1.0
17.6448,8.26377,11.6143,0.0,0.0,1.0
17.9998,8.89921,11.6143,0.0,0.0,1.0
9.8534,7.92578,11.6143,0.0,0.0,1.0
17.9998,8.89921,11.6143,0.0,0.0,1.0
18.4571,9.46551,11.6143,0.0,0.0,1.0
22.4593,2.30115,11.6143,0.0,0.0,1.0
21.7374,2.20869,11.6143,0.0,0.0,1.0
27.3623,0.000103078,11.6143,0.0,0.0,1.0
27.3623,0.000103078,11.6143,0.0,0.0,1.0
21.7374,2.20869,11.6143,0.0,0.0,1.0
21.0101,2.23959,11.6143,0.0,0.0,1.0
27.3623,0.000103078,11.6143,0.0,0.0,1.0
21.0101,2.23959,11.6143,0.0,0.0,1.0
20.2986,2.39293,11.6143,0.0,0.0,1.0
3.12857,13.3612,11.6143,0.0,0.0,1.0
2.47219,13.0893,11.6143,0.0,0.0,1.0
3.87521,10.328,11.6143,0.0,0.0,1.0
3.87521,10.328,11.6143,0.0,0.0,1.0
2.47219,13.0893,11.6143,0.0,0.0,1.0
1.86643,12.7181,11.6143,0.0,0.0,1.0
3.87521,10.328,11.6143,0.0,0.0,1.0
1.86643,12.7181,11.6143,0.0,0.0,1.0
3.25542,9.94639,11.6143,0.0,0.0,1.0
3.25542,9.94639,11.6143,0.0,0.0,1.0
1.86643,12.7181,11.6143,0.0,0.0,1.0
1.32619,12.2567,11.6143,0.0,0.0,1.0
3.25542,9.94639,11.6143,0.0,0.0,1.0
1.32619,12.2567,11.6143,0.0,0.0,1.0
2.70903,9.46551,11.6143,0.0,0.0,1.0
18.4571,3.52682,11.6143,0.0,0.0,1.0
17.9998,4.09312,11.6143,0.0,0.0,1.0
10.0985,6.49617,11.6143,0.0,0.0,1.0
10.0985,6.49617,11.6143,0.0,0.0,1.0
17.9998,4.09312,11.6143,0.0,0.0,1.0
17.6448,4.72856,11.6143,0.0,0.0,1.0
9.55359,4.4033,11.6143,0.0,0.0,1.0
27.3623,0.000103078,11.6143,0.0,0.0,1.0
9.8534,5.06655,11.6143,0.0,0.0,1.0
9.8534,5.06655,11.6143,0.0,0.0,1.0
27.3623,0.000103078,11.6143,0.0,0.0,1.0
20.2986,2.39293,11.6143,0.0,0.0,1.0
9.8534,5.06655,11.6143,0.0,0.0,1.0
20.2986,2.39293,11.6143,0.0,0.0,1.0
10.0368,5.77093,11.6143,0.0,0.0,1.0
10.0368,5.77093,11.6143,0.0,0.0,1.0
20.2986,2.39293,11.6143,0.0,0.0,1.0
19.6232,2.66432,11.6143,0.0,0.0,1.0
10.0368,5.77093,11.6143,0.0,0.0,1.0
19.6232,2.66432,11.6143,0.0,0.0,1.0
10.0985,6.49617,11.6143,0.0,0.0,1.0
10.0985,6.49617,11.6143,0.0,0.0,1.0
19.6232,2.66432,11.6143,0.0,0.0,1.0
19.0034,3.04594,11.6143,0.0,0.0,1.0
10.0985,6.49617,11.6143,0.0,0.0,1.0
19.0034,3.04594,11.6143,0.0,0.0,1.0
18.4571,3.52682,11.6143,0.0,0.0,1.0
4.52766,13.5828,11.6143,0.0,0.0,1.0
6.71129,10.6912,11.6143,0.0,0.0,1.0
22.8347,13.5828,11.6143,0.0,0.0,1.0
22.8347,13.5828,11.6143,0.0,0.0,1.0
6.71129,10.6912,11.6143,0.0,0.0,1.0
7.40724,10.4781,11.6143,0.0,0.0,1.0
22.8347,13.5828,11.6143,0.0,0.0,1.0
7.40724,10.4781,11.6143,0.0,0.0,1.0
8.05717,10.1504,11.6143,0.0,0.0,1.0
18.4571,9.46551,11.6143,0.0,0.0,1.0
19.0034,9.94639,11.6143,0.0,0.0,1.0
9.8534,7.92578,11.6143,0.0,0.0,1.0
9.8534,7.92578,11.6143,0.0,0.0,1.0
19.0034,9.94639,11.6143,0.0,0.0,1.0
19.6232,10.328,11.6143,0.0,0.0,1.0
9.8534,7.92578,11.6143,0.0,0.0,1.0
19.6232,10.328,11.6143,0.0,0.0,1.0
24.8902,13.0893,11.6143,0.0,0.0,1.0
2.25177,4.09312,11.6143,0.0,0.0,1.0
1.8968,4.72856,11.6143,0.0,0.0,1.0
0.000102445,0.000103078,11.6143,0.0,0.0,1.0
0.000102445,0.000103078,11.6143,0.0,0.0,1.0
1.8968,4.72856,11.6143,0.0,0.0,1.0
1.65432,5.41484,11.6143,0.0,0.0,1.0
0.000102445,0.000103078,11.6143,0.0,0.0,1.0
1.65432,5.41484,11.6143,0.0,0.0,1.0
0.000102445,9.05522,11.6143,0.0,0.0,1.0
0.000102445,9.05522,11.6143,0.0,0.0,1.0
1.65432,5.41484,11.6143,0.0,0.0,1.0
1.53131,6.13224,11.6143,0.0,0.0,1.0
0.000102445,9.05522,11.6143,0.0,0.0,1.0
1.53131,6.13224,11.6143,0.0,0.0,1.0
1.53131,6.8601,11.6143,0.0,0.0,1.0
1.32619,12.2567,11.6143,0.0,0.0,1.0
0.864789,11.7165,11.6143,0.0,0.0,1.0
2.70903,9.46551,11.6143,0.0,0.0,1.0
2.70903,9.46551,11.6143,0.0,0.0,1.0
0.864789,11.7165,11.6143,0.0,0.0,1.0
0.493577,11.1107,11.6143,0.0,0.0,1.0
2.70903,9.46551,11.6143,0.0,0.0,1.0
0.493577,11.1107,11.6143,0.0,0.0,1.0
2.25177,8.89921,11.6143,0.0,0.0,1.0
3.81939,13.527,11.6143,0.0,0.0,1.0
4.55059,10.5994,11.6143,0.0,0.0,1.0
4.52766,13.5828,11.6143,0.0,0.0,1.0
4.52766,13.5828,11.6143,0.0,0.0,1.0
4.55059,10.5994,11.6143,0.0,0.0,1.0
5.26211,10.7527,11.6143,0.0,0.0,1.0
4.52766,13.5828,11.6143,0.0,0.0,1.0
5.26211,10.7527,11.6143,0.0,0.0,1.0
5.98932,10.7836,11.6143,0.0,0.0,1.0
19.6232,10.328,11.6143,0.0,0.0,1.0
20.2986,10.5994,11.6143,0.0,0.0,1.0
24.8902,13.0893,11.6143,0.0,0.0,1.0
24.8902,13.0893,11.6143,0.0,0.0,1.0
20.2986,10.5994,11.6143,0.0,0.0,1.0
21.0101,10.7527,11.6143,0.0,0.0,1.0
24.8902,13.0893,11.6143,0.0,0.0,1.0
21.0101,10.7527,11.6143,0.0,0.0,1.0
21.7374,10.7836,11.6143,0.0,0.0,1.0
25.3016,8.58903,11.6143,0.0,0.0,1.0
27.1407,10.4543,11.6143,0.0,0.0,1.0
24.894,9.19207,11.6143,0.0,0.0,1.0
24.894,9.19207,11.6143,0.0,0.0,1.0
27.1407,10.4543,11.6143,0.0,0.0,1.0
26.8688,11.1107,11.6143,0.0,0.0,1.0
24.894,9.19207,11.6143,0.0,0.0,1.0
26.8688,11.1107,11.6143,0.0,0.0,1.0
24.3904,9.71756,11.6143,0.0,0.0,1.0
25.6014,7.92578,11.6143,0.0,0.0,1.0
27.3623,9.05522,11.6143,0.0,0.0,1.0
25.3016,8.58903,11.6143,0.0,0.0,1.0
25.3016,8.58903,11.6143,0.0,0.0,1.0
27.3623,9.05522,11.6143,0.0,0.0,1.0
27.3066,9.76349,11.6143,0.0,0.0,1.0
25.3016,8.58903,11.6143,0.0,0.0,1.0
27.3066,9.76349,11.6143,0.0,0.0,1.0
27.1407,10.4543,11.6143,0.0,0.0,1.0
25.6014,7.92578,11.6143,0.0,0.0,1.0
25.7848,7.22141,11.6143,0.0,0.0,1.0
27.3623,9.05522,11.6143,0.0,0.0,1.0
27.3623,9.05522,11.6143,0.0,0.0,1.0
25.7848,7.22141,11.6143,0.0,0.0,1.0
25.8466,6.49617,11.6143,0.0,0.0,1.0
27.3623,9.05522,11.6143,0.0,0.0,1.0
25.8466,6.49617,11.6143,0.0,0.0,1.0
27.3623,0.000103078,11.6143,0.0,0.0,1.0
27.3623,0.000103078,11.6143,0.0,0.0,1.0
25.8466,6.49617,11.6143,0.0,0.0,1.0
25.7848,5.77093,11.6143,0.0,0.0,1.0
27.3623,0.000103078,11.6143,0.0,0.0,1.0
25.7848,5.77093,11.6143,0.0,0.0,1.0
25.6014,5.06655,11.6143,0.0,0.0,1.0
17.6448,4.72856,11.6143,0.0,0.0,1.0
17.4024,5.41484,11.6143,0.0,0.0,1.0
10.0985,6.49617,11.6143,0.0,0.0,1.0
10.0985,6.49617,11.6143,0.0,0.0,1.0
17.4024,5.41484,11.6143,0.0,0.0,1.0
17.2793,6.13224,11.6143,0.0,0.0,1.0
10.0985,6.49617,11.6143,0.0,0.0,1.0
17.2793,6.13224,11.6143,0.0,0.0,1.0
10.0368,7.22141,11.6143,0.0,0.0,1.0
10.0368,7.22141,11.6143,0.0,0.0,1.0
17.2793,6.13224,11.6143,0.0,0.0,1.0
17.2793,6.8601,11.6143,0.0,0.0,1.0
10.0368,7.22141,11.6143,0.0,0.0,1.0
17.2793,6.8601,11.6143,0.0,0.0,1.0
17.4024,7.57749,11.6143,0.0,0.0,1.0
1.53131,6.8601,11.6143,0.0,0.0,1.0
1.65432,7.57749,11.6143,0.0,0.0,1.0
0.000102445,9.05522,11.6143,0.0,0.0,1.0
0.000102445,9.05522,11.6143,0.0,0.0,1.0
1.65432,7.57749,11.6143,0.0,0.0,1.0
1.8968,8.26377,11.6143,0.0,0.0,1.0
0.000102445,9.05522,11.6143,0.0,0.0,1.0
1.8968,8.26377,11.6143,0.0,0.0,1.0
0.055844,9.76349,11.6143,0.0,0.0,1.0
0.055844,9.76349,11.6143,0.0,0.0,1.0
1.8968,8.26377,11.6143,0.0,0.0,1.0
2.25177,8.89921,11.6143,0.0,0.0,1.0
0.055844,9.76349,11.6143,0.0,0.0,1.0
2.25177,8.89921,11.6143,0.0,0.0,1.0
0.221698,10.4543,11.6143,0.0,0.0,1.0
0.221698,10.4543,11.6143,0.0,0.0,1.0
2.25177,8.89921,11.6143,0.0,0.0,1.0
0.493577,11.1107,11.6143,0.0,0.0,1.0
8.64237,9.71756,11.6143,0.0,0.0,1.0
9.146,9.19207,11.6143,0.0,0.0,1.0
22.8347,13.5828,11.6143,0.0,0.0,1.0
22.8347,13.5828,11.6143,0.0,0.0,1.0
9.146,9.19207,11.6143,0.0,0.0,1.0
9.55359,8.58903,11.6143,0.0,0.0,1.0
22.8347,13.5828,11.6143,0.0,0.0,1.0
9.55359,8.58903,11.6143,0.0,0.0,1.0
23.543,13.527,11.6143,0.0,0.0,1.0
23.543,13.527,11.6143,0.0,0.0,1.0
9.55359,8.58903,11.6143,0.0,0.0,1.0
9.8534,7.92578,11.6143,0.0,0.0,1.0
23.543,13.527,11.6143,0.0,0.0,1.0
9.8534,7.92578,11.6143,0.0,0.0,1.0
24.2338,13.3612,11.6143,0.0,0.0,1.0
24.2338,13.3612,11.6143,0.0,0.0,1.0
9.8534,7.92578,11.6143,0.0,0.0,1.0
24.8902,13.0893,11.6143,0.0,0.0,1.0
21.7374,10.7836,11.6143,0.0,0.0,1.0
22.4593,10.6912,11.6143,0.0,0.0,1.0
24.8902,13.0893,11.6143,0.0,0.0,1.0
24.8902,13.0893,11.6143,0.0,0.0,1.0
22.4593,10.6912,11.6143,0.0,0.0,1.0
23.1553,10.4781,11.6143,0.0,0.0,1.0
24.8902,13.0893,11.6143,0.0,0.0,1.0
23.1553,10.4781,11.6143,0.0,0.0,1.0
25.496,12.7181,11.6143,0.0,0.0,1.0
25.496,12.7181,11.6143,0.0,0.0,1.0
23.1553,10.4781,11.6143,0.0,0.0,1.0
23.8052,10.1504,11.6143,0.0,0.0,1.0
25.496,12.7181,11.6143,0.0,0.0,1.0
23.8052,10.1504,11.6143,0.0,0.0,1.0
26.0362,12.2567,11.6143,0.0,0.0,1.0
26.0362,12.2567,11.6143,0.0,0.0,1.0
23.8052,10.1504,11.6143,0.0,0.0,1.0
24.3904,9.71756,11.6143,0.0,0.0,1.0
26.0362,12.2567,11.6143,0.0,0.0,1.0
24.3904,9.71756,11.6143,0.0,0.0,1.0
26.4976,11.7165,11.6143,0.0,0.0,1.0
26.4976,11.7165,11.6143,0.0,0.0,1.0
24.3904,9.71756,11.6143,0.0,0.0,1.0
26.8688,11.1107,11.6143,0.0,0.0,1.0
0.000102445,0.000103078,11.6143,0.0,-1.0,0.0
0.000102445,0.000103078,0.000103078,0.0,-1.0,0.0
27.3623,0.000103078,11.6143,0.0,-1.0,0.0
27.3623,0.000103078,11.6143,0.0,-1.0,0.0
0.000102445,0.000103078,0.000103078,0.0,-1.0,0.0
27.3623,0.000103078,0.000103078,0.0,-1.0,0.0
